истечь 0,013423 0,000020
личный 2,177422 0,003188
лента 0,006689 0,000020
законный 0,013423 0,000020
новый 0,006689 0,000020
найти 0,013423 0,000020
письмо 0,013423 0,000039
сфера 0,013423 0,000020
электронный 0,013423 0,000020
спасибо 0,013423 0,000020
санкция 2,931194 0,004292
спорт 0,190354 0,000279
расширить 0,006689 0,000010
обзор 2,371578 0,003472
месяц 1,003302 0,001469
литва 5,010635 0,007336
свидетельство 0,013423 0,000020
согласие 0,013423 0,000039
центр 0,166448 0,000244
комментирование 0,013423 0,000039
доступ 0,013423 0,000039
блокироваться 0,013423 0,000020
миа 0,013423 0,000039
задать 0,013423 0,000020
связаться 0,013423 0,000118
декабрь 0,985284 0,008655
правило 0,013423 0,000098
сохранить 0,013423 0,000020
украинец 2,302585 0,003371
г 0,013423 0,000039
реклама 0,013423 0,000039
тяжёлый 2,525729 0,003698
фото 0,013423 0,000020
политика 0,013423 0,000098
связь 0,006689 0,000078
дружба 3,912023 0,005728
применение 0,013423 0,000020
взаимодействие 0,013423 0,000039
о 0,013423 0,000020
венесуэла 3,218876 0,009426
дать 0,013423 0,000039
пресс 0,013423 0,000039
согласный 0,013423 0,000059
персональный 0,013423 0,000157
богатство 3,912023 0,005728
перетянуть 0,013423 0,000020
течение 0,013423 0,000020
счастие 3,401197 0,004980
китай 1,714798 0,010043
век 2,813411 0,004119
смочь 0,006689 0,000010
использоваться 0,006689 0,000010
готовый 0,006689 0,000029
лобби 5,010635 0,007336
дата 0,006689 0,000029
мир 0,223144 0,000327
пройти 0,006689 0,000010
обмануть 3,912023 0,005728
заголовок 0,013423 0,000039
очередь 2,120264 0,003104
одноклассник 0,013423 0,000039
недопустимый 0,013423 0,000020
информационный 0,013423 0,000079
вы 0,013423 0,000020
фио 0,013423 0,000020
восстановить 0,013423 0,000020
пожалуйста 0,013423 0,000020
российский 0,883501 0,001294
окончательно 2,813411 0,004119
рассмотреть 0,013423 0,000020
расположить 0,013423 0,000039
просто 1,714798 0,002511
душить 3,912023 0,005728
версия 0,013423 0,000020
время 0,013423 0,000039
ниже 0,013423 0,000059
кнопка 0,013423 0,000020
россия 0,006689 0,000137
тег 0,190354 0,000279
свой 0,867501 0,001270
зарегистрировать 0,013423 0,000020
готовить 1,966113 0,002879
ранее 0,013423 0,000020
главный 0,013423 0,000039
подкаст 0,292136 0,000428
проблема 0,013423 0,000020
данные 0,013423 0,000157
предрешить 5,010635 0,007336
потребовать 3,064725 0,004487
январь 1,040343 0,012186
получиться 2,177422 0,003188
нефтяной 3,912023 0,005728
сергей 1,544899 0,004524
зомби 5,010635 0,007336
украина 1,160488 0,003398
город 0,013423 0,000020
разблокировать 0,013423 0,000059
публикация 2,177422 0,003188
ложь 4,317488 0,006321
фотография 0,013423 0,000020
сайт 0,013423 0,000059
поле 0,013423 0,000157
час 0,013423 0,000039
чат 0,013423 0,000039
полезный 0,143101 0,000210
новостеймолния 0,013423 0,000020
написать 0,013423 0,000020
галочка 0,013423 0,000020
штат 2,014903 0,002950
заблокировать 0,013423 0,000039
перетащить 0,013423 0,000059
снова 2,612740 0,003825
соглашаться 0,013423 0,000020
туризм 0,283247 0,000415
сначала 0,013423 0,000020
поддерживаетсяполучить 0,013423 0,000020
адрес 0,013423 0,000098
другой 0,013423 0,000059
соответствие 0,013423 0,000039
требовать 2,120264 0,003104
унитарный 0,013423 0,000059
популярность 2,612740 0,003825
европа 1,455287 0,002131
давать 0,013423 0,000039
показать 0,013423 0,000020
отправка 0,013423 0,000020
загрузить 0,013423 0,000039
направление 0,013423 0,000020
телефон 0,013423 0,000020
пароль 0,013423 0,000216
редакция 0,013423 0,000059
дешёвый 3,218876 0,004713
удалить 0,013423 0,000079
период 1,118815 0,001638
вход 0,013423 0,000039
должный 0,013423 0,000020
савчук 3,218876 0,009426
описать 0,013423 0,000020
размещение 0,013423 0,000020
сколько 0,006689 0,000010
автор 0,013423 0,000039
старый 0,013423 0,000020
сообщение 0,013423 0,000275
происшествие 0,292136 0,000428
подтвердить 0,013423 0,000020
плата 3,401197 0,004980
подтверждать 0,013423 0,000020
бизнес 2,708050 0,003965
гаврилов 0,013423 0,000020
раздор 5,010635 0,007336
учредитель 0,013423 0,000020
жёстко 5,010635 0,007336
война 2,238047 0,003277
авторизация 0,013423 0,000020
религия 0,283247 0,000415
рейтинг 0,006689 0,000010
форма 0,013423 0,000236
последний 0,899761 0,001317
ссылка 0,013423 0,000079
коммуникация 0,013423 0,000020
мой 0,013423 0,000098
пропасть 3,401197 0,004980
культура 0,292136 0,000428
иран 2,445686 0,007162
обмен 3,218876 0,004713
помочь 0,013423 0,000059
архив 0,190354 0,000279
британия 3,401197 0,004980
толкать 5,010635 0,007336
статья 0,013423 0,000020
евросоюз 2,238047 0,003277
сша 1,118815 0,008190
описание 0,013423 0,000020
грозить 2,612740 0,003825
процесс 0,013423 0,000020
помиловать 3,218876 0,004713
недвижимость 0,292136 0,000428
роскомнадзор 0,013423 0,000020
технология 0,013423 0,000039
редактор 0,013423 0,000020
контакт 0,013423 0,000020
москва 0,006689 0,000020
надежда 2,302585 0,003371
воспользоваться 0,013423 0,000079
тема 0,013423 0,000059
сервис 0,174353 0,000255
государственный 0,013423 0,000059
запорожский 3,912023 0,005728
дискуссия 0,013423 0,000039
атомный 2,525729 0,003698
связанный 0,013423 0,000039
служба 0,006689 0,000010
риа 0,006689 0,000020
заметить 0,013423 0,000020
разоблачить 5,010635 0,007336
закрытый 0,013423 0,000020
зелёный 2,708050 0,003965
обращать 0,013423 0,000020
рекомендательный 0,013423 0,000020
далее 0,013423 0,000039
год 0,006689 0,000029
хотеть 0,006689 0,000020
спасти 2,238047 0,003277
открывать 0,013423 0,000039
перейти 0,013423 0,000020
распродажа 3,912023 0,005728
международный 0,013423 0,000059
нефть 3,218876 0,004713
бить 2,612740 0,003825
террорист 3,401197 0,004980
трамп 1,544899 0,006786
станция 3,401197 0,004980
вчера 1,576648 0,002308
обращение 0,013423 0,000059
агентство 0,013423 0,000079
спецпроект 0,190354 0,000279
массовый 0,013423 0,000020
обработка 0,013423 0,000098
это 0,013423 0,000020
катар 5,010635 0,007336
авторизоваться 0,013423 0,000039
два 1,514128 0,002217
выбрать 0,013423 0,000059
процент 2,612740 0,003825
сегодня 0,013423 0,000098
страна 1,139434 0,001668
новость 0,006689 0,000029
газ 2,612740 0,003825
вашингтон 2,120264 0,003104
просить 0,013423 0,000020
сразу 1,832581 0,002683
наслать 2,445686 0,003581
новыесначала 0,013423 0,000020
зарегистрироваться 0,013423 0,000098
пожаловаться 0,006689 0,000010
ссора 3,624341 0,005307
войти 0,006689 0,000039
свет 2,708050 0,003965
шапка 0,013423 0,000020
отправить 0,013423 0,000275
продолжить 0,006689 0,000010
решение 0,006689 0,000010
ознакомить 0,013423 0,000020
судьба 3,218876 0,004713
вакансия 0,013423 0,000020
эл 0,013423 0,000020
мы 0,013423 0,000138
проставлять 0,013423 0,000020
радио 0,274437 0,000402
участие 0,006689 0,000010
аккаунт 0,013423 0,000098
экономика 0,292136 0,001283
защита 0,013423 0,000079
регистрация 0,013423 0,000098
обсуждение 0,013423 0,000039
выключить 3,624341 0,005307
опечатка 0,013423 0,000020
использовать 0,013423 0,000020
почему 0,013423 0,000020
восстановление 0,013423 0,000079
охотиться 3,912023 0,005728
онлайн 0,013423 0,000020
германия 2,525729 0,003698
почта 0,013423 0,000138
блокировка 0,013423 0,000079
осуществляться 0,013423 0,000020
киев 1,832581 0,002683
апрель 0,013423 0,000020
вконтакте 0,013423 0,000039
ждать 1,919593 0,002811
фамилия 0,013423 0,000020
логин 0,013423 0,000020
конфиденциальность 0,013423 0,000079
нарушение 0,013423 0,000059
навсегда 0,013423 0,000020
яндекс 0,013423 0,000039
действие 0,013423 0,000020
либо 0,013423 0,000020
федеральный 0,013423 0,000079
релиз 0,013423 0,000020
нажимать 0,013423 0,000020
назад 0,013423 0,000098
список 0,013423 0,000020
поиск 0,013423 0,000020
тотальный 4,317488 0,006321
обязательный 0,013423 0,000138
февраль 0,567984 0,004158
ошибка 0,013423 0,000059
вопрос 0,006689 0,000039
зубовский 0,013423 0,000039
попробовать 0,013423 0,000020
заполнение 0,013423 0,000138
заполнить 0,013423 0,000138
аэс 3,624341 0,005307
внимание 0,013423 0,000020
принимать 0,013423 0,000020
заэс 5,010635 0,007336
ваш 0,013423 0,000314
объявить 2,525729 0,003698
общество 0,257045 0,000376
имя 0,013423 0,000098
заплатить 3,912023 0,005728
выпуск 0,013423 0,000020
срок 0,013423 0,000039
добить 4,317488 0,006321
основание 0,013423 0,000020
стоимость 2,525729 0,003698
издание 0,013423 0,000020
бульвар 0,013423 0,000039
сетевой 0,013423 0,000020
событие 1,544899 0,002262
надзор 0,013423 0,000020
использование 0,013423 0,000020
вновь 0,013423 0,000020
неделя 1,181994 0,001731
сменить 0,013423 0,000020
способ 0,013423 0,000059
миллион 2,445686 0,003581
предприятие 0,013423 0,000059
материал 0,013423 0,000197
наука 0,283247 0,000415
участвовать 0,013423 0,000039
сообщить 0,013423 0,000020
обратный 0,013423 0,000138
продукт 0,135438 0,000198
произойти 0,013423 0,000020
быть 0,013423 0,000039
успешно 0,013423 0,000020
перехватить 5,010635 0,007336
скриншот 0,013423 0,000059
