истечь 0,013423 0,000016
лента 0,006689 0,000016
законный 0,013423 0,000016
архивный 1,347074 0,001627
новый 0,006689 0,000016
ак 2,612740 0,003155
хачан 2,612740 0,003155
рпл 2,371578 0,002864
найти 0,013423 0,000016
зимний 1,919593 0,006955
письмо 0,013423 0,000032
сфера 0,013423 0,000016
электронный 0,013423 0,000016
спасибо 0,013423 0,000016
спорт 0,190354 0,002529
теннис 2,525729 0,006101
расширить 0,006689 0,000008
перерыв 2,371578 0,002864
апл 2,612740 0,003155
свидетельство 0,013423 0,000016
согласие 0,013423 0,000032
центр 0,166448 0,001005
комментирование 0,013423 0,000032
сказать 2,371578 0,002864
сборная 3,624341 0,013132
доступ 0,013423 0,000032
блокироваться 0,013423 0,000016
миа 0,013423 0,000113
задать 0,013423 0,000016
александр 1,373049 0,019899
связаться 0,013423 0,000097
вообще 2,931194 0,003540
правило 0,013423 0,000081
сохранить 0,013423 0,000016
г 0,013423 0,000032
реклама 0,013423 0,000032
фото 0,013423 0,000032
политика 0,013423 0,000065
связь 0,006689 0,000065
й 2,014903 0,002433
к 2,177422 0,002630
применение 0,013423 0,000016
взаимодействие 0,013423 0,000032
о 0,013423 0,000016
зож 2,302585 0,002781
дать 0,013423 0,000032
кхл 2,525729 0,006101
пресс 0,013423 0,000032
согласный 0,013423 0,000049
персональный 0,013423 0,000130
перетянуть 0,013423 0,000016
течение 0,013423 0,000016
смочь 0,006689 0,000008
использоваться 0,006689 0,000008
неинтересный 3,401197 0,041077
авто 2,238047 0,002703
готовый 0,006689 0,000016
сочи 2,238047 0,002703
футбол 2,238047 0,013515
дата 0,006689 0,000008
весь 1,021651 0,001234
пройти 0,006689 0,000016
заголовок 0,013423 0,000032
одноклассник 0,013423 0,000032
недопустимый 0,013423 0,000016
информационный 0,013423 0,000065
вы 0,013423 0,000016
фио 0,013423 0,000016
восстановить 0,013423 0,000016
пожалуйста 0,013423 0,000016
российский 0,883501 0,007469
жеребцовый 5,010635 0,006051
рассмотреть 0,013423 0,000016
црвена 2,612740 0,003155
расположить 0,013423 0,000032
версия 0,013423 0,000016
время 0,013423 0,000016
ниже 0,013423 0,000049
кнопка 0,013423 0,000016
россия 0,006689 0,000121
смотреть 1,966113 0,026120
тег 0,190354 0,000230
зарегистрировать 0,013423 0,000016
ранее 0,013423 0,000032
главный 0,013423 0,000016
проблема 0,013423 0,000016
данные 0,013423 0,000130
город 0,013423 0,000016
разблокировать 0,013423 0,000049
кожевниковалександр 5,010635 0,006051
италия 2,014903 0,004867
фотография 0,013423 0,000016
сайт 0,013423 0,000049
поле 0,013423 0,000130
час 0,013423 0,000032
чат 0,013423 0,000032
полезный 0,143101 0,000173
новостеймолния 0,013423 0,000016
написать 0,013423 0,000016
галочка 0,013423 0,000016
единоборство 2,371578 0,002864
заблокировать 0,013423 0,000032
перетащить 0,013423 0,000049
соглашаться 0,013423 0,000016
сначала 0,013423 0,000016
поддерживаетсяполучить 0,013423 0,000016
адрес 0,013423 0,000081
другой 0,013423 0,000049
соответствие 0,013423 0,000032
унитарный 0,013423 0,000049
европа 1,455287 0,001758
давать 0,013423 0,000032
показать 0,013423 0,000016
отправка 0,013423 0,000016
эмоция 3,401197 0,004108
загрузить 0,013423 0,000032
отсутствие 2,014903 0,004867
направление 0,013423 0,000016
телефон 0,013423 0,000016
пароль 0,013423 0,000178
редакция 0,013423 0,000049
удалить 0,013423 0,000065
олимпийский 2,708050 0,022894
вероника 5,010635 0,006051
вход 0,013423 0,000032
должный 0,013423 0,000016
читать 0,791128 0,000955
описать 0,013423 0,000016
размещение 0,013423 0,000016
сколько 0,006689 0,000008
автор 0,013423 0,000016
старый 0,013423 0,000016
сообщение 0,013423 0,000227
сенсация 3,624341 0,004377
сет 2,612740 0,003155
мото 2,525729 0,003050
евролига 2,612740 0,003155
подтвердить 0,013423 0,000016
овечкинвашингтон 4,317488 0,005214
биатлон 2,525729 0,003050
натрускин 5,010635 0,012103
отдавать 4,317488 0,005214
подтверждать 0,013423 0,000016
гаврилов 0,013423 0,000016
фенербахча 2,612740 0,003155
учредитель 0,013423 0,000016
авторизация 0,013423 0,000016
медиабанкалександр 4,317488 0,005214
рейтинг 0,006689 0,000008
форма 0,013423 0,000195
завершить 2,445686 0,002954
ссылка 0,013423 0,000065
коммуникация 0,013423 0,000016
мой 0,013423 0,000081
сыграть 3,912023 0,004725
архив 0,190354 0,000230
помочь 0,013423 0,000016
статья 0,013423 0,000016
ноттингем 2,612740 0,003155
заявить 1,272966 0,013837
некого 5,010635 0,006051
сша 1,118815 0,001351
описание 0,013423 0,000016
процесс 0,013423 0,000016
роскомнадзор 0,013423 0,000016
наш 1,919593 0,002318
технология 0,013423 0,000032
редактор 0,013423 0,000016
фгуп 0,499776 0,003018
нба 2,612740 0,003155
кэпиталзти 5,010635 0,030257
хоккейный 3,624341 0,004377
контакт 0,013423 0,000032
финн 5,010635 0,006051
москва 0,006689 0,000032
воспользоваться 0,013423 0,000065
тема 0,013423 0,000049
хоккей 2,238047 0,013515
сервис 0,174353 0,000211
государственный 0,013423 0,000049
следить 2,612740 0,003155
дискуссия 0,013423 0,000032
кожевник 3,218876 0,058313
результат 1,714798 0,004142
связанный 0,013423 0,000032
служба 0,006689 0,000008
риа 0,006689 0,000113
заметить 0,013423 0,000016
команда 2,708050 0,003271
закрытый 0,013423 0,000016
обращать 0,013423 0,000016
рекомендательный 0,013423 0,000016
далее 0,013423 0,000032
селтик 2,612740 0,003155
серия 2,302585 0,002781
овечкин 4,317488 0,020857
нападать 4,317488 0,005214
год 0,006689 0,000008
пака 2,612740 0,003155
медиабанк 1,321756 0,001596
хотеть 0,006689 0,000008
открывать 0,013423 0,000032
перейти 0,013423 0,000065
международный 0,013423 0,000049
матч 2,066196 0,012477
определиться 3,401197 0,004108
двукратный 4,317488 0,010429
обращение 0,013423 0,000049
агентство 0,013423 0,000081
ла 2,612740 0,003155
динамо 2,238047 0,002703
спецпроект 0,190354 0,000230
массовый 0,013423 0,000016
форресть 2,612740 0,003155
обработка 0,013423 0,000081
это 0,013423 0,000016
авторизоваться 0,013423 0,000032
выбрать 0,013423 0,000049
сегодня 0,013423 0,000162
сразиться 3,401197 0,004108
новость 0,006689 0,000129
вашингтон 2,120264 0,010243
просить 0,013423 0,000016
лада 2,612740 0,003155
америка 2,708050 0,003271
штутгарт 2,612740 0,003155
новыесначала 0,013423 0,000016
зарегистрироваться 0,013423 0,000081
пожаловаться 0,006689 0,000008
войти 0,006689 0,000032
шапка 0,013423 0,000016
отправить 0,013423 0,000227
финалист 4,317488 0,005214
нхл 2,525729 0,003050
продолжить 0,006689 0,000008
решение 0,006689 0,000008
лига 1,966113 0,009498
ознакомить 0,013423 0,000016
турнир 2,813411 0,006796
вакансия 0,013423 0,000016
допустить 3,401197 0,004108
эл 0,013423 0,000016
мы 0,013423 0,000113
проставлять 0,013423 0,000016
участие 0,006689 0,000008
дзен 0,851752 0,001029
аккаунт 0,013423 0,000081
совершенно 3,624341 0,008754
защита 0,013423 0,000065
олимпиада 2,445686 0,014769
регистрация 0,013423 0,000081
обсуждение 0,013423 0,000032
барс 2,612740 0,003155
опечатка 0,013423 0,000016
использовать 0,013423 0,000016
почему 0,013423 0,000016
восстановление 0,013423 0,000065
онлайн 0,013423 0,000016
почта 0,013423 0,000113
блокировка 0,013423 0,000065
осуществляться 0,013423 0,000016
апрель 0,013423 0,000016
вконтакте 0,013423 0,000032
фигурный 2,302585 0,002781
звезда 2,371578 0,005728
фамилия 0,013423 0,000016
логин 0,013423 0,000016
конфиденциальность 0,013423 0,000065
нарушение 0,013423 0,000049
навсегда 0,013423 0,000016
яндекс 0,013423 0,000032
сельт 2,612740 0,003155
действие 0,013423 0,000016
либо 0,013423 0,000016
федеральный 0,013423 0,000065
релиз 0,013423 0,000016
нажимать 0,013423 0,000016
назад 0,013423 0,000081
первый 0,883501 0,001067
список 0,013423 0,000016
поиск 0,013423 0,000016
чемпион 2,612740 0,009466
итог 2,302585 0,002781
обязательный 0,013423 0,000113
февраль 0,567984 0,001372
ошибка 0,013423 0,000049
вопрос 0,006689 0,000032
продлиться 2,813411 0,003398
словакия 4,317488 0,005214
зубовский 0,013423 0,000032
катание 2,302585 0,002781
игра 1,609438 0,025269
попробовать 0,013423 0,000016
заполнение 0,013423 0,000113
заполнить 0,013423 0,000113
внимание 0,013423 0,000016
принимать 0,013423 0,000016
алькарас 2,612740 0,003155
против 1,966113 0,002375
ваш 0,013423 0,000259
имя 0,013423 0,000081
главное 1,609438 0,001944
встреча 1,832581 0,002213
выпуск 0,013423 0,000016
срок 0,013423 0,000032
хоккеист 3,401197 0,028754
основание 0,013423 0,000016
издание 0,013423 0,000016
бульвар 0,013423 0,000032
сетевой 0,013423 0,000016
бундеслига 2,612740 0,003155
полуфинальный 3,912023 0,004725
надзор 0,013423 0,000016
канадец 5,010635 0,006051
использование 0,013423 0,000016
фев 1,399717 0,001690
вновь 0,013423 0,000016
сменить 0,013423 0,000016
спортзимний 5,010635 0,006051
предприятие 0,013423 0,000049
способ 0,013423 0,000032
материал 0,013423 0,000130
лилль 2,612740 0,003155
участвовать 0,013423 0,000032
сообщить 0,013423 0,000016
обратный 0,013423 0,000113
продукт 0,135438 0,000164
произойти 0,013423 0,000016
быть 0,013423 0,000016
успешно 0,013423 0,000016
скриншот 0,013423 0,000049
