финансывыплата 5,010635 0,007241
истечь 0,013423 0,000019
личный 2,177422 0,006293
блинчик 3,401197 0,014745
лента 0,006689 0,000019
законный 0,013423 0,000019
новый 0,006689 0,000029
день 0,591795 0,002566
зодиак 5,010635 0,014482
найти 0,013423 0,000019
письмо 0,013423 0,000039
сфера 0,013423 0,000019
электронный 0,013423 0,000019
жкх 2,708050 0,003913
спасибо 0,013423 0,000019
спорт 0,190354 0,000275
расширить 0,006689 0,000010
вуз 3,912023 0,005653
здоровьемедицин 5,010635 0,007241
близнец 5,010635 0,014482
свидетельство 0,013423 0,000019
согласие 0,013423 0,000039
центр 0,166448 0,000241
открытка 3,624341 0,005237
комментирование 0,013423 0,000039
важный 1,297063 0,001874
доступ 0,013423 0,000039
блокироваться 0,013423 0,000019
миа 0,013423 0,000039
полный 1,678431 0,012127
задать 0,013423 0,000019
помощь 1,321756 0,001910
связаться 0,013423 0,000116
заварной 3,912023 0,005653
женский 3,218876 0,004652
правило 0,013423 0,000097
сохранить 0,013423 0,000019
г 0,013423 0,000039
реклама 0,013423 0,000039
фото 0,013423 0,000019
козерог 5,010635 0,007241
политика 0,013423 0,000097
связь 0,006689 0,000077
применение 0,013423 0,000019
взаимодействие 0,013423 0,000039
о 0,013423 0,000019
дать 0,013423 0,000039
пресс 0,013423 0,000039
согласный 0,013423 0,000058
персональный 0,013423 0,000155
перетянуть 0,013423 0,000019
течение 0,013423 0,000019
смочь 0,006689 0,000010
использоваться 0,006689 0,000010
авто 2,238047 0,003234
готовый 0,006689 0,000019
дата 0,006689 0,000010
мир 0,223144 0,000322
весы 5,010635 0,007241
пройти 0,006689 0,000010
заголовок 0,013423 0,000039
одноклассник 0,013423 0,000039
недопустимый 0,013423 0,000019
информационный 0,013423 0,000078
вы 0,013423 0,000019
фио 0,013423 0,000019
восстановить 0,013423 0,000019
пожалуйста 0,013423 0,000019
образование 2,708050 0,003913
льгота 2,813411 0,004066
китайский 2,238047 0,003234
рассмотреть 0,013423 0,000019
расположить 0,013423 0,000039
классический 1,752539 0,002533
версия 0,013423 0,000019
время 0,013423 0,000019
ниже 0,013423 0,000058
кнопка 0,013423 0,000019
россия 0,006689 0,000068
социальный 1,678431 0,002425
тег 0,190354 0,000275
скорпион 5,010635 0,028963
зарегистрировать 0,013423 0,000019
ранее 0,013423 0,000019
главный 0,013423 0,000039
подкаст 0,292136 0,000422
проблема 0,013423 0,000019
данные 0,013423 0,000155
город 0,013423 0,000019
разблокировать 0,013423 0,000058
фотография 0,013423 0,000019
сайт 0,013423 0,000058
поле 0,013423 0,000155
час 0,013423 0,000039
чат 0,013423 0,000039
легко 1,791759 0,002589
знак 3,218876 0,009303
полезный 0,143101 0,000414
новостеймолния 0,013423 0,000019
написать 0,013423 0,000019
галочка 0,013423 0,000019
заблокировать 0,013423 0,000039
перетащить 0,013423 0,000058
соглашаться 0,013423 0,000019
туризм 0,283247 0,000819
сначала 0,013423 0,000019
поддерживаетсяполучить 0,013423 0,000019
адрес 0,013423 0,000097
другой 0,013423 0,000078
соответствие 0,013423 0,000039
работа 1,427116 0,002062
унитарный 0,013423 0,000058
характеристика 3,624341 0,010475
давать 0,013423 0,000039
показать 0,013423 0,000019
отправка 0,013423 0,000019
загрузить 0,013423 0,000039
овен 5,010635 0,007241
кино 3,401197 0,004915
направление 0,013423 0,000019
телефон 0,013423 0,000019
пароль 0,013423 0,000213
редакция 0,013423 0,000058
удалить 0,013423 0,000078
праздник 1,427116 0,002062
вход 0,013423 0,000039
должный 0,013423 0,000019
совместимость 5,010635 0,021722
описать 0,013423 0,000019
размещение 0,013423 0,000019
сколько 0,006689 0,000010
автор 0,013423 0,000019
старый 0,013423 0,000019
сообщение 0,013423 0,000272
происшествие 0,292136 0,000422
поддержка 2,445686 0,003534
подтвердить 0,013423 0,000019
совет 1,226446 0,001772
мера 1,875141 0,002710
льготыдести 5,010635 0,007241
пасха 2,525729 0,003650
подтверждать 0,013423 0,000019
гаврилов 0,013423 0,000019
учредитель 0,013423 0,000019
авторизация 0,013423 0,000019
религия 0,283247 0,000409
рейтинг 0,006689 0,000010
форма 0,013423 0,000233
ссылка 0,013423 0,000078
коммуникация 0,013423 0,000019
минута 1,226446 0,001772
инструкция 1,966113 0,005682
мой 0,013423 0,000097
культура 0,292136 0,000422
архив 0,190354 0,000275
помочь 0,013423 0,000019
образованиешкола 5,010635 0,007241
статья 0,013423 0,000019
кипяток 2,813411 0,004066
описание 0,013423 0,000019
процесс 0,013423 0,000019
отношение 1,791759 0,007768
недвижимость 0,292136 0,000422
роскомнадзор 0,013423 0,000019
дрожжи 3,401197 0,004915
технология 0,013423 0,000039
редактор 0,013423 0,000019
налог 3,401197 0,009830
контакт 0,013423 0,000019
москва 0,006689 0,000019
воспользоваться 0,013423 0,000078
тема 0,013423 0,000078
сервис 0,174353 0,000756
государственный 0,013423 0,000078
экзамен 4,317488 0,006239
врач 2,014903 0,002912
дискуссия 0,013423 0,000039
сделать 1,226446 0,001772
ажурный 3,218876 0,004652
связанный 0,013423 0,000039
служба 0,006689 0,000010
риа 0,006689 0,000019
деньга 2,066196 0,002986
заметить 0,013423 0,000019
здоровье 1,832581 0,002648
закрытый 0,013423 0,000019
обращать 0,013423 0,000019
святой 2,708050 0,003913
рекомендательный 0,013423 0,000019
далее 0,013423 0,000039
право 2,066196 0,011943
астрология 4,317488 0,006239
год 0,006689 0,000039
хотеть 0,006689 0,000010
открывать 0,013423 0,000039
перейти 0,013423 0,000019
международный 0,013423 0,000078
обучение 3,401197 0,004915
надёжность 4,317488 0,006239
вчера 1,576648 0,015949
обращение 0,013423 0,000058
агентство 0,013423 0,000078
психология 5,010635 0,007241
отечество 3,401197 0,004915
блин 2,014903 0,011647
приготовление 1,484275 0,002145
спецпроект 0,190354 0,000275
массовый 0,013423 0,000019
обработка 0,013423 0,000097
это 0,013423 0,000019
законзакон 5,010635 0,007241
перспектива 2,708050 0,003913
семь 2,708050 0,003913
гороскоп 5,010635 0,043445
авторизоваться 0,013423 0,000039
учиться 3,218876 0,004652
валентина 3,624341 0,005237
выбрать 0,013423 0,000058
сегодня 0,013423 0,000097
вместо 2,813411 0,004066
новость 0,006689 0,000029
просить 0,013423 0,000019
практичный 5,010635 0,007241
жизнь 1,714798 0,007434
новыесначала 0,013423 0,000019
зарегистрироваться 0,013423 0,000097
пожаловаться 0,006689 0,000010
войти 0,006689 0,000039
шапка 0,013423 0,000019
отправить 0,013423 0,000272
продолжить 0,006689 0,000010
решение 0,006689 0,000010
пособие 3,401197 0,004915
ознакомить 0,013423 0,000019
пышный 3,218876 0,004652
март 1,514128 0,006564
вакансия 0,013423 0,000019
эл 0,013423 0,000019
мы 0,013423 0,000136
проставлять 0,013423 0,000019
радио 0,274437 0,000397
участие 0,006689 0,000010
аккаунт 0,013423 0,000097
экономика 0,292136 0,000422
защита 0,013423 0,000078
регистрация 0,013423 0,000097
обсуждение 0,013423 0,000039
опечатка 0,013423 0,000019
использовать 0,013423 0,000019
почему 0,013423 0,000019
гражданин 2,066196 0,002986
восстановление 0,013423 0,000078
быстрый 1,714798 0,002478
онлайн 0,013423 0,000019
хороший 1,059392 0,003062
почта 0,013423 0,000136
блокировка 0,013423 0,000078
рецепт 1,118815 0,008084
осуществляться 0,013423 0,000019
раздел 2,525729 0,003650
баланс 3,912023 0,005653
вкусный 1,752539 0,005065
апрель 0,013423 0,000019
вконтакте 0,013423 0,000039
фамилия 0,013423 0,000019
логин 0,013423 0,000019
конфиденциальность 0,013423 0,000078
нарушение 0,013423 0,000058
навсегда 0,013423 0,000019
яндекс 0,013423 0,000039
защитник 3,218876 0,004652
действие 0,013423 0,000019
либо 0,013423 0,000019
федеральный 0,013423 0,000078
релиз 0,013423 0,000019
нажимать 0,013423 0,000019
назад 0,013423 0,000097
список 0,013423 0,000019
семья 2,014903 0,002912
поиск 0,013423 0,000019
обязательный 0,013423 0,000136
февраль 0,567984 0,002462
ошибка 0,013423 0,000058
вопрос 0,006689 0,000048
бюджет 3,401197 0,004915
зубовский 0,013423 0,000039
попробовать 0,013423 0,000019
заполнение 0,013423 0,000136
заполнить 0,013423 0,000136
стрелец 5,010635 0,007241
внимание 0,013423 0,000019
принимать 0,013423 0,000019
ваш 0,013423 0,000310
тельце 5,010635 0,007241
общество 0,257045 0,000371
имя 0,013423 0,000097
главное 1,609438 0,002326
гайда 5,010635 0,007241
профессиональный 2,612740 0,003776
молоко 2,445686 0,003534
выпуск 0,013423 0,000019
срок 0,013423 0,000039
основание 0,013423 0,000019
издание 0,013423 0,000019
бульвар 0,013423 0,000039
сетевой 0,013423 0,000019
надзор 0,013423 0,000019
риск 2,813411 0,004066
использование 0,013423 0,000019
вновь 0,013423 0,000019
самый 0,967584 0,002796
сменить 0,013423 0,000019
предприятие 0,013423 0,000058
способ 0,013423 0,000039
материал 0,013423 0,000194
наука 0,283247 0,000409
участвовать 0,013423 0,000039
сообщить 0,013423 0,000019
обратный 0,013423 0,000136
продукт 0,135438 0,000196
произойти 0,013423 0,000019
быть 0,013423 0,000019
пошаговый 1,455287 0,002103
успешно 0,013423 0,000019
скриншот 0,013423 0,000058
