лицевой 4,317488 0,002136
стандартный 3,218876 0,003185
рф 1,181994 0,002339
личный 2,177422 0,001077
формула 3,401197 0,001683
законный 0,013423 0,000007
новый 0,006689 0,000020
увольняться 5,010635 0,002479
день 0,591795 0,000293
доплата 5,010635 0,024793
образ 2,066196 0,004089
детство 2,931194 0,001450
найти 0,013423 0,000007
письмо 0,013423 0,000013
происходить 2,177422 0,001077
спасибо 0,013423 0,000007
повлиять 3,401197 0,001683
расширить 0,006689 0,000003
индексация 3,912023 0,058071
стаж 3,912023 0,009678
обзор 2,371578 0,003520
местный 2,708050 0,001340
население 2,813411 0,001392
согласие 0,013423 0,000013
центр 0,166448 0,000082
менее 2,177422 0,002155
важный 1,297063 0,000642
север 3,064725 0,001516
доступ 0,013423 0,000013
миа 0,013423 0,000033
полный 1,678431 0,000830
автоматически 2,931194 0,001450
задать 0,013423 0,000007
очный 3,912023 0,003871
александр 1,373049 0,001359
связаться 0,013423 0,000040
декабрь 0,985284 0,000488
человек 1,118815 0,000554
г 0,013423 0,000033
соответствовать 2,612740 0,001293
подробный 2,813411 0,001392
заведение 4,317488 0,002136
реклама 0,013423 0,000013
фото 0,013423 0,000046
политика 0,013423 0,000033
связь 0,006689 0,000026
к 2,177422 0,001077
м 2,302585 0,001139
о 0,013423 0,000007
коэффициент 3,912023 0,003871
средство 2,120264 0,001049
применять 3,401197 0,001683
течение 0,013423 0,000007
балл 2,931194 0,008702
дополнительный 2,066196 0,003067
совпасть 4,317488 0,002136
мир 0,223144 0,000110
весь 1,021651 0,001011
итоговый 3,912023 0,001936
пройти 0,006689 0,000007
заголовок 0,013423 0,000013
информационный 0,013423 0,000027
перерасчёт 4,317488 0,008545
необходимый 2,238047 0,001107
входить 2,813411 0,001392
рассмотреть 0,013423 0,000007
расположить 0,013423 0,000013
бывший 2,302585 0,001139
время 0,013423 0,000013
конец 1,643339 0,000813
ноженко 4,317488 0,006409
кнопка 0,013423 0,000007
денежный 3,064725 0,003033
социальный 1,678431 0,015779
сфр 4,317488 0,006409
несовершеннолетний 2,931194 0,002901
фз 3,064725 0,003033
ранее 0,013423 0,000013
главный 0,013423 0,000013
автоматический 3,401197 0,001683
ситуация 1,643339 0,001626
подкаст 0,292136 0,000145
проблема 0,013423 0,000007
данные 0,013423 0,000060
соответствующий 2,931194 0,001450
составлять 2,238047 0,003322
иной 2,238047 0,001107
госуслуга 2,708050 0,001340
также 1,139434 0,005074
член 2,238047 0,002215
индивидуальный 3,218876 0,003185
нетрудоустроенный 5,010635 0,002479
получение 2,302585 0,001139
город 0,013423 0,000007
разблокировать 0,013423 0,000020
фотография 0,013423 0,000007
дмитрий 1,576648 0,003901
следовать 2,014903 0,000997
час 0,013423 0,000013
вправе 3,218876 0,001593
чат 0,013423 0,000013
региональный 3,064725 0,004549
новостеймолния 0,013423 0,000007
написать 0,013423 0,000007
вырасти 2,931194 0,008702
научный 2,302585 0,001139
зависимость 1,966113 0,000973
соглашаться 0,013423 0,000007
надбавка 4,317488 0,006409
сначала 0,013423 0,000007
отработать 5,010635 0,002479
изменение 2,525729 0,002499
недееспособность 5,010635 0,002479
требовать 2,120264 0,001049
силовой 4,317488 0,002136
показать 0,013423 0,000007
руб 3,912023 0,001936
устанавливаться 3,218876 0,003185
накапливаться 5,010635 0,002479
обеспечивать 2,813411 0,001392
ключевой 2,445686 0,001210
основный 1,791759 0,002660
пароль 0,013423 0,000073
однако 1,966113 0,001946
удалить 0,013423 0,000027
порядок 1,832581 0,000907
себя 2,445686 0,001210
устанавливать 3,912023 0,003871
предназначить 2,813411 0,002784
вход 0,013423 0,000013
тверской 5,010635 0,004959
читать 0,791128 0,000391
система 1,919593 0,001900
равняться 5,010635 0,002479
описать 0,013423 0,000007
заказать 3,912023 0,001936
размещение 0,013423 0,000007
иждивение 4,317488 0,004273
сколько 0,006689 0,000050
сумма 2,302585 0,009115
база 2,302585 0,003418
трудоустройство 3,218876 0,001593
поддержка 2,445686 0,002420
один 1,098612 0,002718
расчётный 3,912023 0,001936
иметь 1,544899 0,003822
мера 1,875141 0,000928
подтверждать 0,013423 0,000013
заявка 2,708050 0,001340
гаврилов 0,013423 0,000007
учредитель 0,013423 0,000007
часть 1,373049 0,001359
лишь 2,371578 0,002347
выход 3,218876 0,001593
ссылка 0,013423 0,000027
коммуникация 0,013423 0,000007
мой 0,013423 0,000033
некоторый 2,014903 0,000997
момент 2,014903 0,000997
старость 3,912023 0,013550
рассчитывать 2,931194 0,001450
архив 0,190354 0,000094
помочь 0,013423 0,000007
заслуживать 5,010635 0,002479
описание 0,013423 0,000007
процесс 0,013423 0,000013
выше 3,064725 0,003033
роскомнадзор 0,013423 0,000007
селиверстов 3,218876 0,003185
технология 0,013423 0,000013
совпадать 3,624341 0,001793
накопительный 3,912023 0,001936
москва 0,006689 0,000010
выписка 3,624341 0,003587
воспользоваться 0,013423 0,000027
предоставлять 2,813411 0,001392
вследствие 3,912023 0,001936
взрослый 2,931194 0,001450
оформление 2,813411 0,004176
официально 3,624341 0,001793
довольствие 4,317488 0,006409
отдельный 2,525729 0,002499
ноябрь 1,514128 0,001498
выглядеть 2,445686 0,001210
екатерина 2,445686 0,002420
лицо 1,714798 0,003394
павел 2,238047 0,002215
назначить 3,624341 0,003587
обсуждаться 3,624341 0,001793
увеличиен 5,010635 0,002479
астапкович 4,317488 0,004273
далее 0,013423 0,000020
изначально 3,401197 0,001683
являться 1,875141 0,000928
нетрудоспособный 5,010635 0,002479
получать 2,238047 0,005537
проводиться 3,401197 0,003366
документ 2,371578 0,003520
коснуться 4,317488 0,004273
последующий 3,218876 0,001593
чей 2,931194 0,001450
расчёт 2,708050 0,006700
хотеть 0,006689 0,000003
открывать 0,013423 0,000013
перейти 0,013423 0,000073
взнос 3,912023 0,001936
пенсионер 3,401197 0,026927
повторный 3,064725 0,001516
стать 0,851752 0,000843
счёт 2,014903 0,000997
работать 1,966113 0,007783
обучение 3,401197 0,001683
установленный 2,931194 0,002901
оглавление 1,791759 0,000887
предположим 5,010635 0,002479
обращение 0,013423 0,000020
группа 2,302585 0,007975
провести 1,919593 0,002849
это 0,013423 0,000040
спецпроект 0,190354 0,000094
массовый 0,013423 0,000007
обработка 0,013423 0,000033
закон 2,445686 0,006051
слово 1,514128 0,001498
два 1,514128 0,000749
разница 3,912023 0,001936
процент 2,612740 0,009050
новость 0,006689 0,000070
остальной 2,177422 0,001077
двойной 3,624341 0,008967
зарегистрироваться 0,013423 0,000033
законодательный 3,912023 0,005807
пожаловаться 0,006689 0,000003
средний 1,832581 0,003627
войти 0,006689 0,000013
улица 2,612740 0,002586
измениться 2,813411 0,009745
трое 3,912023 0,001936
возраст 2,177422 0,004310
относиться 2,371578 0,002347
эл 0,013423 0,000007
радио 0,274437 0,000136
дзен 0,851752 0,000421
пригласить 2,708050 0,002680
защита 0,013423 0,000033
регистрация 0,013423 0,000033
включить 3,624341 0,001793
минимум 2,371578 0,010561
почему 0,013423 0,000007
особый 1,752539 0,002601
рубль 2,302585 0,029623
ежегодно 3,218876 0,003185
индивидуально 5,010635 0,002479
восстановление 0,013423 0,000027
основываться 4,317488 0,004273
плюшевый 5,010635 0,004959
инфляция 3,624341 0,003587
рассчитать 3,912023 0,003871
удостоверение 3,912023 0,007743
значит 2,612740 0,001293
вконтакте 0,013423 0,000013
затем 1,791759 0,000887
власть 2,371578 0,003520
мфц 3,218876 0,004778
логин 0,013423 0,000007
нововведение 4,317488 0,002136
конфиденциальность 0,013423 0,000027
нарушение 0,013423 0,000020
навсегда 0,013423 0,000007
путин 1,373049 0,000679
действие 0,013423 0,000007
детский 2,612740 0,002586
лисицын 3,218876 0,003185
релиз 0,013423 0,000007
назад 0,013423 0,000033
предыдущий 3,401197 0,001683
отмена 2,931194 0,004351
первый 0,883501 0,000874
список 0,013423 0,000007
кабинет 2,813411 0,001392
прибавка 5,010635 0,014876
состояние 1,919593 0,000950
заработный 5,010635 0,002479
малочисленный 5,010635 0,002479
обязательный 0,013423 0,000046
февраль 0,567984 0,000281
ошибка 0,013423 0,000020
значение 2,238047 0,002215
планироваться 3,624341 0,001793
вопрос 0,006689 0,000017
зубовский 0,013423 0,000013
юрист 2,371578 0,003520
величина 4,317488 0,006409
деятельность 2,612740 0,001293
уточнить 2,931194 0,001450
поскольку 2,612740 0,001293
трудовой 4,317488 0,004273
заполнить 0,013423 0,000046
статус 2,813411 0,002784
размер 2,014903 0,033897
именно 2,066196 0,002045
ваш 0,013423 0,000106
общество 0,257045 0,000509
имя 0,013423 0,000033
профессиональный 2,612740 0,001293
так 2,525729 0,001250
уволиться 5,010635 0,002479
срок 0,013423 0,000013
основание 0,013423 0,000013
кто 2,014903 0,010967
повысить 3,624341 0,016140
издание 0,013423 0,000007
бульвар 0,013423 0,000013
сетевой 0,013423 0,000007
дальнейший 2,813411 0,001392
накопить 5,010635 0,017355
использование 0,013423 0,000007
вновь 0,013423 0,000007
самый 0,967584 0,000479
сменить 0,013423 0,000007
увольнение 3,912023 0,003871
материал 0,013423 0,000073
трудящийся 5,010635 0,002479
участвовать 0,013423 0,000013
сообщить 0,013423 0,000007
быть 0,013423 0,000027
нынешний 3,624341 0,001793
успешно 0,013423 0,000007
скриншот 0,013423 0,000020
определение 3,218876 0,001593
истечь 0,013423 0,000007
продолжение 3,624341 0,003587
ипк 5,010635 0,014876
отмечать 1,399717 0,000693
лента 0,006689 0,000007
архивный 1,347074 0,003999
исходить 3,401197 0,003366
росгвардия 3,912023 0,001936
достаточный 4,317488 0,004273
назначение 3,064725 0,001516
реалия 5,010635 0,002479
намерить 4,317488 0,002136
представлять 3,064725 0,001516
линия 2,813411 0,001392
сфера 0,013423 0,000007
электронный 0,013423 0,000007
установить 2,302585 0,001139
спорт 0,190354 0,000094
суть 3,624341 0,001793
мочь 1,399717 0,002078
обозначить 3,912023 0,001936
этот 1,514128 0,001498
свидетельство 0,013423 0,000013
четыре 2,302585 0,001139
комментирование 0,013423 0,000013
рассчитываться 3,624341 0,003587
отражать 3,912023 0,003871
блокироваться 0,013423 0,000007
увеличиться 5,010635 0,009917
отметить 2,014903 0,000997
правило 0,013423 0,000040
сохранить 0,013423 0,000013
основной 2,371578 0,002347
народ 2,238047 0,001107
удаться 2,708050 0,001340
фиксировать 3,624341 0,016140
занятой 4,317488 0,002136
применение 0,013423 0,000007
взаимодействие 0,013423 0,000013
дать 0,013423 0,000033
пресс 0,013423 0,000013
согласный 0,013423 0,000020
персональный 0,013423 0,000053
возможный 1,576648 0,001560
перетянуть 0,013423 0,000007
минимальный 2,708050 0,006700
смочь 0,006689 0,000003
использоваться 0,006689 0,000007
начисление 4,317488 0,004273
зарплата 4,317488 0,002136
женщина 1,832581 0,000907
оказываться 3,401197 0,001683
инвалид 3,218876 0,014334
готовый 0,006689 0,000007
важно 2,120264 0,001049
медиабанкженщина 3,624341 0,001793
дата 0,006689 0,000010
проиндексировать 3,912023 0,001936
одноклассник 0,013423 0,000013
недопустимый 0,013423 0,000007
вы 0,013423 0,000007
ежемесячный 3,912023 0,001936
фио 0,013423 0,000007
восстановить 0,013423 0,000007
пожалуйста 0,013423 0,000007
пенсионный 3,912023 0,036778
российский 0,883501 0,000437
проводить 2,445686 0,001210
ограниченный 4,317488 0,002136
необходимо 1,791759 0,000887
порог 3,912023 0,001936
экономический 2,302585 0,002279
ниже 0,013423 0,000027
версия 0,013423 0,000007
россия 0,006689 0,000086
адаптировать 5,010635 0,002479
го 2,177422 0,001077
горячий 1,966113 0,000973
занятость 5,010635 0,002479
тег 0,190354 0,000094
свой 0,867501 0,001288
зарегистрировать 0,013423 0,000007
вслед 5,010635 0,002479
финансы 4,317488 0,002136
требование 1,832581 0,000907
отображаться 3,912023 0,001936
январь 1,040343 0,004118
прошедший 5,010635 0,002479
следовательно 3,912023 0,001936
компенсировать 3,218876 0,001593
объём 2,445686 0,002420
цена 1,966113 0,000973
гарантировать 3,624341 0,001793
сайт 0,013423 0,000027
поле 0,013423 0,000053
рождение 2,931194 0,001450
полезный 0,143101 0,000071
галочка 0,013423 0,000007
увеличить 3,218876 0,009556
прекращение 3,624341 0,001793
заблокировать 0,013423 0,000013
перетащить 0,013423 0,000020
положить 1,966113 0,005837
представитель 2,302585 0,001139
туризм 0,283247 0,000140
сотрудник 1,791759 0,001773
поддерживаетсяполучить 0,013423 0,000007
адрес 0,013423 0,000033
морковкин 3,912023 0,011614
другой 0,013423 0,000020
компьютер 3,064725 0,003033
соответствие 0,013423 0,000013
работа 1,427116 0,002825
унитарный 0,013423 0,000020
прийти 2,445686 0,001210
недоиндексация 5,010635 0,002479
оставаться 2,238047 0,001107
прошедшее 3,624341 0,001793
давать 0,013423 0,000020
отправка 0,013423 0,000007
загрузить 0,013423 0,000013
направление 0,013423 0,000007
собственный 2,445686 0,002420
телефон 0,013423 0,000013
редакция 0,013423 0,000020
индекс 3,912023 0,001936
период 1,118815 0,001107
должный 0,013423 0,000013
учебный 4,317488 0,002136
число 1,643339 0,001626
факт 2,302585 0,001139
параметр 3,401197 0,005049
военнослужащий 3,401197 0,001683
экономист 3,912023 0,001936
автор 0,013423 0,000007
старый 0,013423 0,000007
сообщение 0,013423 0,000093
пенсия 3,064725 0,125865
вид 1,399717 0,001385
производиться 4,317488 0,002136
кроме 1,919593 0,000950
кондратюк 3,912023 0,003871
трудоустроить 5,010635 0,004959
ребёнок 1,514128 0,005994
происшествие 0,292136 0,000145
возрастать 4,317488 0,004273
подтвердить 0,013423 0,000007
правительство 1,875141 0,006495
оба 2,612740 0,002586
страховой 3,401197 0,042073
трудоспособный 5,010635 0,002479
плата 3,401197 0,001683
обновить 0,985284 0,000488
превышение 4,317488 0,004273
эксперт 1,373049 0,001359
недоставать 4,317488 0,002136
будущий 4,317488 0,002136
авторизация 0,013423 0,000007
религия 0,283247 0,000140
рейтинг 0,006689 0,000003
форма 0,013423 0,000093
показатель 2,931194 0,005801
включая 2,525729 0,003749
культура 0,292136 0,000145
нормативный 3,624341 0,003587
зависеть 2,066196 0,003067
накопление 3,912023 0,003871
применяться 2,931194 0,002901
существовать 2,302585 0,001139
статья 0,013423 0,000007
единовременно 5,010635 0,002479
сирота 4,317488 0,006409
недвижимость 0,292136 0,000145
неизвестный 3,624341 0,001793
редактор 0,013423 0,000007
фгуп 0,499776 0,000742
получатель 3,064725 0,009099
получить 0,985284 0,003900
прибавляться 4,317488 0,002136
медиабанкроссийский 5,010635 0,002479
контакт 0,013423 0,000007
повышение 3,401197 0,011780
календарный 3,624341 0,001793
тема 0,013423 0,000020
государственный 0,013423 0,000033
сервис 0,174353 0,000086
дискуссия 0,013423 0,000013
теоретически 3,624341 0,001793
связанный 0,013423 0,000013
служба 0,006689 0,000003
риа 0,006689 0,000063
заметить 0,013423 0,000007
здоровье 1,832581 0,000907
закрытый 0,013423 0,000007
точный 3,624341 0,003587
обращать 0,013423 0,000007
рекомендательный 0,013423 0,000007
право 2,066196 0,002045
затронуть 4,317488 0,002136
финансыобществороссия 5,010635 0,002479
год 0,006689 0,000255
медиабанк 1,321756 0,003270
максим 2,525729 0,002499
увеличение 3,064725 0,006066
обратиться 2,302585 0,001139
медиабанкработа 3,401197 0,001683
международный 0,013423 0,000020
октябрь 1,714798 0,005939
фсб 5,010635 0,002479
учитываться 3,624341 0,001793
потеря 2,066196 0,004089
ведущий 2,120264 0,001049
утрата 3,912023 0,001936
решить 1,919593 0,000950
двое 3,218876 0,001593
который 0,603916 0,001793
наталья 2,525729 0,002499
краткий 3,912023 0,005807
прожиточный 4,317488 0,019227
например 1,714798 0,000848
агентство 0,013423 0,000027
блин 2,014903 0,001994
следующий 1,427116 0,002118
регламентировать 4,317488 0,002136
выплата 2,931194 0,033358
авторизоваться 0,013423 0,000013
учиться 3,218876 0,003185
поступление 3,624341 0,001793
выбрать 0,013423 0,000020
сегодня 0,013423 0,000053
акт 3,218876 0,003185
медиабанкпенсионный 5,010635 0,004959
страна 1,139434 0,000564
повышенный 2,931194 0,004351
президент 1,643339 0,001626
иждивенец 5,010635 0,009917
приниматься 3,624341 0,001793
просить 0,013423 0,000007
случай 1,643339 0,002439
мвд 3,401197 0,001683
такой 1,098612 0,003262
вместе 2,302585 0,001139
учёт 2,813411 0,002784
новыесначала 0,013423 0,000007
предоставить 2,066196 0,001022
начало 1,643339 0,003253
шапка 0,013423 0,000007
отправить 0,013423 0,000093
продолжить 0,006689 0,000007
регион 1,919593 0,002849
решение 0,006689 0,000020
проходить 2,177422 0,002155
собираться 2,813411 0,001392
ознакомить 0,013423 0,000007
ведомство 3,218876 0,001593
задолженность 3,912023 0,001936
военный 1,514128 0,007492
вакансия 0,013423 0,000007
мы 0,013423 0,000046
проставлять 0,013423 0,000007
фонд 3,064725 0,003033
участие 0,006689 0,000003
кормилец 3,912023 0,009678
аккаунт 0,013423 0,000033
экономика 0,292136 0,000145
достигнуть 2,612740 0,002586
тот 1,576648 0,001560
обсуждение 0,013423 0,000013
опечатка 0,013423 0,000007
использовать 0,013423 0,000007
каждый 1,399717 0,004156
гражданин 2,066196 0,009201
онлайн 0,013423 0,000007
медведь 4,317488 0,004273
маленький 2,371578 0,001173
почта 0,013423 0,000046
блокировка 0,013423 0,000027
советовать 3,064725 0,001516
осуществляться 0,013423 0,000007
обеспечение 2,612740 0,003878
раздел 2,525729 0,001250
апрель 0,013423 0,000053
три 2,120264 0,001049
категория 1,576648 0,007021
фамилия 0,013423 0,000007
начинать 2,445686 0,004841
независимо 3,624341 0,001793
количество 1,919593 0,002849
подписать 2,612740 0,002586
содержаться 3,218876 0,001593
яндекс 0,013423 0,000013
университет 1,919593 0,001900
уровень 2,014903 0,000997
увеличиваться 3,624341 0,001793
финансовый 1,714798 0,001697
владимир 1,373049 0,002038
составить 2,931194 0,007252
механизм 3,624341 0,001793
либо 0,013423 0,000020
федеральный 0,013423 0,000093
приблизительно 4,317488 0,002136
нажимать 0,013423 0,000007
согласно 2,371578 0,002347
уточнять 2,445686 0,001210
обновление 3,912023 0,001936
справка 1,791759 0,000887
реальный 3,401197 0,003366
треть 3,064725 0,001516
семья 2,014903 0,002991
мужчина 2,612740 0,002586
тысяча 1,919593 0,001900
завершение 2,708050 0,001340
отталкиваться 5,010635 0,002479
поиск 0,013423 0,000007
запланировать 3,624341 0,001793
аналогичный 3,218876 0,001593
возрасти 3,912023 0,001936
официальный 2,177422 0,006464
попробовать 0,013423 0,000007
заполнение 0,013423 0,000046
внимание 0,013423 0,000020
принимать 0,013423 0,000020
инвалидность 3,218876 0,012742
условие 1,321756 0,001308
родитель 2,931194 0,002901
сведение 2,931194 0,001450
значительно 3,218876 0,001593
возможность 1,752539 0,001734
выпуск 0,013423 0,000007
стоимость 2,525729 0,003749
информация 2,066196 0,002045
достижение 2,708050 0,001340
ежегодный 3,912023 0,001936
принять 1,791759 0,000887
выплачиваться 4,317488 0,008545
надзор 0,013423 0,000007
повыситься 5,010635 0,002479
предприятие 0,013423 0,000020
способ 0,013423 0,000013
наука 0,283247 0,000140
какой 1,399717 0,001385
доцент 2,708050 0,001340
наличие 3,064725 0,003033
обратный 0,013423 0,000046
продукт 0,135438 0,000067
произойти 0,013423 0,000007
проверить 2,302585 0,003418
второй 1,427116 0,002825
источник 1,966113 0,002919
