метро 3,912023 0,003660
законный 0,013423 0,000006
оснащение 4,317488 0,002019
день 0,591795 0,001661
найти 0,013423 0,000006
письмо 0,013423 0,000013
прогулка 4,317488 0,004039
спасибо 0,013423 0,000006
таять 3,624341 0,001695
расширить 0,006689 0,000003
физический 2,813411 0,002632
водоём 4,317488 0,002019
вокруг 3,064725 0,001433
согласие 0,013423 0,000013
центр 0,166448 0,000156
связаться 0,013423 0,000038
декабрь 0,985284 0,000461
тёплый 2,708050 0,002533
стр 3,912023 0,003660
человек 1,118815 0,001570
вода 1,576648 0,001475
концентрация 5,010635 0,002344
реклама 0,013423 0,000013
фото 0,013423 0,000006
пункт 2,238047 0,004187
поделить 3,912023 0,001830
связь 0,006689 0,000025
культурный 3,401197 0,003182
медиабанкчеловек 5,010635 0,004687
вероятность 3,912023 0,001830
нога 3,218876 0,001506
серебряный 4,317488 0,010097
тц 4,317488 0,004039
горький 4,317488 0,008078
вставать 4,317488 0,002019
подсветка 5,010635 0,002344
весь 1,021651 0,000478
пройти 0,006689 0,000003
заголовок 0,013423 0,000013
ул 5,010635 0,011718
информационный 0,013423 0,000025
люблино 5,010635 0,004687
необходимый 2,238047 0,001047
житель 2,612740 0,003666
преимущественно 3,912023 0,001830
рассмотреть 0,013423 0,000006
расположить 0,013423 0,000031
проект 2,014903 0,001885
быстро 2,177422 0,001018
создавать 2,371578 0,002219
главный 0,013423 0,000013
проблема 0,013423 0,000013
подкаст 0,292136 0,000137
режим 2,066196 0,002899
данные 0,013423 0,000050
раствор 4,317488 0,002019
также 1,139434 0,000533
поддержание 4,317488 0,002019
фотография 0,013423 0,000006
легко 1,791759 0,000838
выпить 5,010635 0,002344
надевать 4,317488 0,004039
соглашаться 0,013423 0,000006
сначала 0,013423 0,000006
территория 2,302585 0,001077
развлечение 3,912023 0,001830
начать 1,966113 0,000920
сидеть 3,624341 0,003390
приходить 3,401197 0,001591
климатический 4,317488 0,002019
кремль 2,177422 0,001018
повышать 3,912023 0,001830
удалить 0,013423 0,000025
мышца 3,912023 0,003660
себя 2,445686 0,001144
серьёзный 2,525729 0,001181
часы 3,912023 0,005489
предназначить 2,813411 0,001316
размещение 0,013423 0,000013
сколько 0,006689 0,000003
андропов 5,010635 0,002344
падение 4,317488 0,002019
открываться 3,912023 0,009149
доступно 5,010635 0,004687
один 1,098612 0,001542
повреждение 3,401197 0,001591
иметь 1,544899 0,000723
конёк 3,912023 0,021957
чт 5,010635 0,002344
часть 1,373049 0,000642
выход 3,218876 0,001506
некоторый 2,014903 0,000942
архив 0,190354 0,000089
замерзание 5,010635 0,002344
труд 2,931194 0,001371
богодвид 3,218876 0,003011
обувь 3,912023 0,001830
плюсовой 5,010635 0,002344
специально 3,624341 0,001695
природный 2,931194 0,001371
описание 0,013423 0,000006
процесс 0,013423 0,000019
южный 2,931194 0,002742
майшева 4,317488 0,008078
способный 3,064725 0,001433
одновременно 3,401197 0,001591
линейный 5,010635 0,002344
качество 2,177422 0,005092
вечер 2,931194 0,001371
взрослый 2,931194 0,017823
соблюдение 3,624341 0,001695
ноябрь 1,514128 0,002833
протяжённость 5,010635 0,002344
новичок 5,010635 0,002344
времяпровождение 5,010635 0,002344
праздничный 2,238047 0,005234
являться 1,875141 0,001754
получать 2,238047 0,001047
новогодний 2,120264 0,001983
стопа 4,317488 0,002019
зона 2,371578 0,003328
перейти 0,013423 0,000144
подготовка 2,177422 0,001018
обладать 3,064725 0,001433
квадратный 4,317488 0,004039
крымский 5,010635 0,002344
оглавление 1,791759 0,000838
желать 2,612740 0,002444
парковый 5,010635 0,002344
голень 3,912023 0,001830
спецпроект 0,190354 0,000089
ситдиков 4,317488 0,004039
крокус 5,010635 0,002344
медиабанкгорожанин 5,010635 0,002344
удобство 3,218876 0,003011
прочность 4,317488 0,002019
спортсмен 3,218876 0,001506
крытый 5,010635 0,016405
привлекать 3,624341 0,003390
иметься 3,401197 0,003182
красивый 2,445686 0,001144
создаваться 4,317488 0,002019
инструкцияизраиль 5,010635 0,002344
будний 5,010635 0,002344
начинающий 3,912023 0,001830
улица 2,612740 0,002444
эл 0,013423 0,000006
идеально 2,612740 0,002444
устойчивость 3,624341 0,001695
функционировать 4,317488 0,008078
дзен 0,851752 0,000398
энтузиаст 5,010635 0,002344
охлаждение 3,401197 0,004772
полимерный 5,010635 0,002344
почему 0,013423 0,000006
ежегодно 3,218876 0,001506
быстрый 1,714798 0,000802
хороший 1,059392 0,003469
тренировка 3,624341 0,001695
красный 1,966113 0,005518
значит 2,612740 0,001222
билет 3,624341 0,005086
вконтакте 0,013423 0,000013
логин 0,013423 0,000006
конфиденциальность 0,013423 0,000025
нарушение 0,013423 0,000019
навсегда 0,013423 0,000006
детский 2,612740 0,008554
спасский 5,010635 0,002344
назад 0,013423 0,000031
проспект 5,010635 0,007031
список 0,013423 0,000006
отдохнуть 3,912023 0,001830
состояние 1,919593 0,001796
коньковый 5,010635 0,016405
открыть 2,302585 0,002154
зубовский 0,013423 0,000013
сокольнический 5,010635 0,002344
заполнить 0,013423 0,000044
локация 4,317488 0,004039
именно 2,066196 0,000966
общество 0,257045 0,000481
профессиональный 2,612740 0,002444
любительский 5,010635 0,002344
основание 0,013423 0,000006
издание 0,013423 0,000006
бульвар 0,013423 0,000025
активный 2,813411 0,009211
сетевой 0,013423 0,000006
столичный 3,401197 0,001591
сходитькуда 5,010635 0,002344
позволять 2,238047 0,004187
вновь 0,013423 0,000006
сменить 0,013423 0,000006
символ 2,813411 0,001316
добавка 3,401197 0,001591
участвовать 0,013423 0,000013
сообщить 0,013423 0,000006
быть 0,013423 0,000013
пошаговый 1,455287 0,000681
скриншот 0,013423 0,000019
истечь 0,013423 0,000006
назначение 3,064725 0,001433
лефортово 5,010635 0,002344
электронный 0,013423 0,000006
спорт 0,190354 0,000356
ледовый 5,010635 0,007031
атмосфера 3,624341 0,005086
перерыв 2,371578 0,003328
веселие 4,317488 0,002019
друг 2,612740 0,001222
универмаг 5,010635 0,002344
широта 5,010635 0,002344
изготовить 3,912023 0,001830
сохранить 0,013423 0,000006
воздух 3,218876 0,001506
взаимодействие 0,013423 0,000013
согласный 0,013423 0,000019
перетянуть 0,013423 0,000006
рамиль 3,912023 0,003660
использоваться 0,006689 0,000003
опьянение 5,010635 0,002344
спортивный 3,064725 0,002867
важно 2,120264 0,001983
открытие 3,624341 0,005086
гардероб 5,010635 0,002344
фио 0,013423 0,000006
пожалуйста 0,013423 0,000006
тихонов 5,010635 0,004687
скольжение 5,010635 0,002344
растяжение 5,010635 0,002344
октябрьский 3,912023 0,001830
дерево 3,401197 0,001591
чудо 3,624341 0,001695
соблюдать 3,064725 0,001433
версия 0,013423 0,000006
ниже 0,013423 0,000019
регулярный 3,912023 0,001830
ощутить 5,010635 0,002344
шесть 2,371578 0,001109
тег 0,190354 0,000089
выделить 2,931194 0,001371
зарегистрировать 0,013423 0,000006
убедиться 3,401197 0,001591
биржа 3,912023 0,001830
популярный 1,752539 0,000820
бедняк 3,912023 0,003660
подкрепиться 5,010635 0,002344
цена 1,966113 0,013794
поле 0,013423 0,000063
сложный 1,966113 0,000920
перетащить 0,013423 0,000019
селиванов 4,317488 0,002019
особенность 2,120264 0,001983
туризм 0,283247 0,000132
адрес 0,013423 0,000151
чистка 4,317488 0,002019
соответствие 0,013423 0,000013
ориентировать 4,317488 0,002019
работа 1,427116 0,005340
оставаться 2,238047 0,001047
загрузить 0,013423 0,000013
направление 0,013423 0,000006
телефон 0,013423 0,000006
редакция 0,013423 0,000019
сочетание 2,708050 0,001267
сеанс 5,010635 0,007031
перекус 3,064725 0,001433
запрещаться 5,010635 0,002344
крылатский 5,010635 0,002344
должный 0,013423 0,000013
неожиданно 5,010635 0,002344
центральный 3,401197 0,003182
автор 0,013423 0,000006
старый 0,013423 0,000006
сообщение 0,013423 0,000088
палестина 2,813411 0,001316
кроме 1,919593 0,000898
мария 2,813411 0,002632
происшествие 0,292136 0,000137
подтвердить 0,013423 0,000006
перекусить 5,010635 0,002344
километр 3,401197 0,001591
погодный 3,912023 0,001830
тип 3,064725 0,005734
поверхность 2,813411 0,006580
последствиякак 5,010635 0,002344
культура 0,292136 0,000410
измайловский 5,010635 0,011718
прокат 3,912023 0,020127
пространство 4,317488 0,004039
существовать 2,302585 0,001077
статья 0,013423 0,000006
современный 2,813411 0,006580
соответственно 3,401197 0,001591
вторник 3,401197 0,004772
дубка 5,010635 0,004687
кузьминка 5,010635 0,004687
редактор 0,013423 0,000006
фгуп 0,499776 0,001169
контакт 0,013423 0,000006
пятница 3,624341 0,006781
зимой 2,813411 0,002632
государственный 0,013423 0,000019
медиабанкначало 5,010635 0,002344
медиабанкдевушка 3,912023 0,001830
связанный 0,013423 0,000013
риа 0,006689 0,000100
гость 3,218876 0,003011
закрытый 0,013423 0,000038
зелёный 2,708050 0,001267
обращать 0,013423 0,000006
разный 1,484275 0,001388
трещина 3,912023 0,001830
год 0,006689 0,000044
максим 2,525729 0,002363
международный 0,013423 0,000019
юность 5,010635 0,002344
сокольник 5,010635 0,009374
крупный 2,120264 0,002975
приезжать 3,624341 0,001695
агентство 0,013423 0,000025
семь 2,708050 0,001267
подобрать 3,218876 0,001506
экспресс 5,010635 0,002344
сегодня 0,013423 0,000082
повышенный 2,931194 0,001371
просить 0,013423 0,000006
лёд 3,218876 0,076783
создать 1,875141 0,001754
температура 2,445686 0,002288
ощущение 4,317488 0,002019
эрмитаж 4,317488 0,008078
неуверенно 5,010635 0,002344
шапка 0,013423 0,000006
отправить 0,013423 0,000088
продолжить 0,006689 0,000003
фуд 5,010635 0,002344
решение 0,006689 0,000003
рука 1,791759 0,000838
ознакомить 0,013423 0,000006
благодаря 2,302585 0,004308
проставлять 0,013423 0,000006
аккаунт 0,013423 0,000031
топ 2,708050 0,010133
экономика 0,292136 0,000137
имитировать 5,010635 0,002344
обсуждение 0,013423 0,000013
наиболее 2,813411 0,001316
декорация 5,010635 0,002344
содержать 2,931194 0,001371
воскресение 2,612740 0,003666
почта 0,013423 0,000044
блокировка 0,013423 0,000025
история 1,139434 0,000533
фамилия 0,013423 0,000006
медиабанкпункт 5,010635 0,002344
воронцовский 5,010635 0,002344
площадь 3,912023 0,014638
яндекс 0,013423 0,000013
обратить 2,813411 0,001316
либо 0,013423 0,000006
нажимать 0,013423 0,000006
семья 2,014903 0,001885
тысяча 1,919593 0,001796
предлагать 2,445686 0,003432
поиск 0,013423 0,000006
площадка 3,064725 0,010034
авиапарк 5,010635 0,002344
кунцево 5,010635 0,002344
парка 3,912023 0,047574
исторический 2,612740 0,001222
катание 2,302585 0,014001
усталость 5,010635 0,002344
турист 3,218876 0,003011
алексей 1,966113 0,009196
условие 1,321756 0,002473
кафе 3,912023 0,003660
гум 5,010635 0,011718
встреча 1,832581 0,000857
расписание 2,525729 0,004725
зотин 5,010635 0,004687
стоимость 2,525729 0,005907
подготовить 2,120264 0,000992
оборудование 3,401197 0,003182
лужники 5,010635 0,011718
зима 1,919593 0,002694
риск 2,813411 0,001316
способ 0,013423 0,000013
высокий 2,238047 0,002094
продукт 0,135438 0,000063
яркий 2,302585 0,001077
активно 3,064725 0,001433
заранее 2,708050 0,001267
семейный 2,525729 0,001181
пелагия 5,010635 0,004687
вековой 5,010635 0,002344
специальный 1,514128 0,001416
определённый 2,813411 0,001316
новый 0,006689 0,000016
образ 2,066196 0,000966
фигура 3,912023 0,001830
ещё 3,218876 0,001506
бесплатный 3,218876 0,003011
доступ 0,013423 0,000013
миа 0,013423 0,000044
боковой 5,010635 0,002344
открытый 3,401197 0,031817
полный 1,678431 0,000785
задать 0,013423 0,000006
конфликт 2,371578 0,001109
алкогольный 3,912023 0,001830
г 0,013423 0,000013
качественный 3,218876 0,001506
политика 0,013423 0,000031
четверг 3,401197 0,001591
й 2,014903 0,001885
м 2,302585 0,001077
подходить 2,445686 0,001144
о 0,013423 0,000006
течение 0,013423 0,000006
удивительный 3,912023 0,001830
оно 2,302585 0,001077
уделять 4,317488 0,002019
утомление 5,010635 0,002344
мир 0,223144 0,000209
русский 1,118815 0,000523
коломенский 5,010635 0,002344
небольшой 2,014903 0,000942
конец 1,643339 0,000769
время 0,013423 0,000038
кнопка 0,013423 0,000006
куденко 3,912023 0,003660
ранее 0,013423 0,000006
составлять 2,238047 0,001047
чай 3,912023 0,001830
предосторожность 3,912023 0,001830
город 0,013423 0,000013
разблокировать 0,013423 0,000019
москвакаткиобществокуда 5,010635 0,002344
следовать 2,014903 0,000942
час 0,013423 0,000019
чат 0,013423 0,000013
метр 3,401197 0,004772
новостеймолния 0,013423 0,000006
написать 0,013423 0,000006
сиять 5,010635 0,002344
зависимость 1,966113 0,000920
внимательный 3,912023 0,001830
вднх 4,317488 0,016155
незабываемый 3,912023 0,001830
василий 3,624341 0,001695
комфортно 5,010635 0,002344
требовать 2,120264 0,001983
показать 0,013423 0,000006
руб 3,912023 0,020127
обеспечивать 2,813411 0,002632
дискомфорт 5,010635 0,002344
основный 1,791759 0,000838
пароль 0,013423 0,000069
задача 2,177422 0,002037
последствие 1,544899 0,000723
порядок 1,832581 0,000857
вход 0,013423 0,000025
девочка 2,612740 0,001222
рекомендоваться 3,218876 0,003011
читать 0,791128 0,000370
описать 0,013423 0,000006
городской 2,302585 0,001077
сказка 3,912023 0,001830
предъявление 4,317488 0,002019
приятный 3,218876 0,001506
ёлка 3,401197 0,001591
сковывать 5,010635 0,002344
обязательно 2,931194 0,001371
раздевалка 5,010635 0,002344
снизить 2,931194 0,001371
лужайка 5,010635 0,002344
сильно 2,708050 0,001267
мера 1,875141 0,000877
подтверждать 0,013423 0,000006
пользоваться 2,931194 0,002742
гаврилов 0,013423 0,000006
учредитель 0,013423 0,000006
московский 1,678431 0,000785
ссылка 0,013423 0,000025
коммуникация 0,013423 0,000006
мой 0,013423 0,000031
наслаждаться 4,317488 0,002019
помочь 0,013423 0,000006
указанный 2,931194 0,001371
любимый 2,813411 0,002632
помимо 2,708050 0,002533
делать 1,427116 0,000668
роскомнадзор 0,013423 0,000006
технология 0,013423 0,000019
тыс 3,624341 0,001695
среди 2,813411 0,003948
каток 2,612740 0,123427
девушка 2,931194 0,004113
комфортный 3,218876 0,004517
преимущество 3,064725 0,001433
москва 0,006689 0,000122
масштабный 3,624341 0,001695
воспользоваться 0,013423 0,000025
гладкий 3,912023 0,007319
медиабанкоткрытие 5,010635 0,002344
травмирование 5,010635 0,002344
особенно 2,612740 0,002444
лицо 1,714798 0,000802
большой 1,832581 0,001714
павел 2,238047 0,002094
далее 0,013423 0,000031
уличный 3,218876 0,001506
усадьба 4,317488 0,004039
утром 3,218876 0,003011
документ 2,371578 0,001109
хотеть 0,006689 0,000003
открывать 0,013423 0,000013
каретный 5,010635 0,002344
стать 0,851752 0,001195
работать 1,966113 0,006437
комфортность 5,010635 0,002344
отличный 3,401197 0,004772
установленный 2,931194 0,001371
обращение 0,013423 0,000019
провести 1,919593 0,000898
массовый 0,013423 0,000013
это 0,013423 0,000013
обработка 0,013423 0,000031
большинство 2,612740 0,001222
поддерживать 2,371578 0,001109
встать 3,624341 0,001695
заповедник 3,218876 0,001506
покрытие 5,010635 0,011718
новость 0,006689 0,000106
рядом 3,912023 0,001830
горожанин 5,010635 0,004687
остальной 2,177422 0,002037
зарегистрироваться 0,013423 0,000031
пожаловаться 0,006689 0,000003
войти 0,006689 0,000013
кормилицын 5,010635 0,004687
медиабанккаток 5,010635 0,004687
радио 0,274437 0,000128
нина 4,317488 0,004039
защита 0,013423 0,000025
ходынский 5,010635 0,009374
регистрация 0,013423 0,000031
уход 3,624341 0,003390
особый 1,752539 0,002459
рубль 2,302585 0,012924
восстановление 0,013423 0,000025
музей 2,612740 0,001222
объект 2,708050 0,001267
учитывать 2,813411 0,001316
фигурный 2,302585 0,002154
вал 5,010635 0,004687
медиабанкдевочка 5,010635 0,002344
действие 0,013423 0,000006
релиз 0,013423 0,000006
просторный 5,010635 0,002344
настроение 3,624341 0,003390
техника 2,708050 0,001267
обязательный 0,013423 0,000044
ошибка 0,013423 0,000019
суббота 2,931194 0,001371
вопрос 0,006689 0,000013
искусственный 3,218876 0,024089
поскольку 2,612740 0,001222
компания 1,919593 0,000898
отдыхать 3,912023 0,001830
уютный 5,010635 0,004687
размер 2,014903 0,000942
ваш 0,013423 0,000107
имя 0,013423 0,000031
рекомендация 2,708050 0,001267
срок 0,013423 0,000013
медиабанкпосетитель 4,317488 0,002019
считаться 2,525729 0,001181
предпочтение 2,708050 0,001267
использование 0,013423 0,000013
самый 0,967584 0,001358
поехатьновый 5,010635 0,002344
материал 0,013423 0,000063
выбирать 2,014903 0,000942
успешно 0,013423 0,000006
гирлянда 5,010635 0,002344
снижаться 4,317488 0,002019
мышечный 5,010635 0,002344
лента 0,006689 0,000006
входной 5,010635 0,004687
расположение 4,317488 0,004039
нагрузка 3,912023 0,001830
приятно 5,010635 0,002344
зимний 1,919593 0,002694
представлять 3,064725 0,001433
сфера 0,013423 0,000006
сад 3,218876 0,006022
ряд 2,612740 0,003666
мочь 1,399717 0,000655
оборудовать 4,317488 0,002019
павильон 5,010635 0,007031
свидетельство 0,013423 0,000006
комментирование 0,013423 0,000013
блокироваться 0,013423 0,000006
сияние 3,624341 0,006781
гончаровский 5,010635 0,002344
дорожка 5,010635 0,004687
правило 0,013423 0,000063
каткий 5,010635 0,002344
платный 3,624341 0,001695
сэкономить 3,912023 0,001830
применение 0,013423 0,000006
дать 0,013423 0,000013
пресс 0,013423 0,000013
персональный 0,013423 0,000050
покататься 3,401197 0,004772
возможный 1,576648 0,000737
сцепление 5,010635 0,002344
выходной 3,218876 0,013550
смочь 0,006689 0,000003
будни 5,010635 0,009374
готовый 0,006689 0,000006
вс 3,218876 0,003011
дата 0,006689 0,000003
традиционный 1,919593 0,000898
соблюдаться 4,317488 0,002019
одноклассник 0,013423 0,000013
недопустимый 0,013423 0,000006
вы 0,013423 0,000006
восстановить 0,013423 0,000006
проводить 2,445686 0,001144
неровность 5,010635 0,002344
россия 0,006689 0,000038
химический 5,010635 0,002344
простой 1,272966 0,000595
свой 0,867501 0,002029
башня 4,317488 0,002019
парк 3,624341 0,011866
таганский 5,010635 0,011718
живописный 3,912023 0,003660
пресня 5,010635 0,004687
пара 2,177422 0,001018
услуга 2,445686 0,001144
сайт 0,013423 0,000082
полезный 0,143101 0,000067
галочка 0,013423 0,000006
заблокировать 0,013423 0,000013
помнить 3,624341 0,001695
кристина 5,010635 0,004687
поддерживаетсяполучить 0,013423 0,000006
другой 0,013423 0,000025
категорически 3,912023 0,001830
сюда 3,624341 0,001695
ледо 5,010635 0,002344
унитарный 0,013423 0,000019
популярность 2,612740 0,002444
давать 0,013423 0,000013
отправка 0,013423 0,000006
филипп 2,445686 0,004576
разминка 5,010635 0,002344
праздник 1,427116 0,002670
аллея 5,010635 0,004687
темебанкротство 4,317488 0,002019
причина 2,066196 0,000966
окружающие 5,010635 0,002344
окружающий 3,912023 0,003660
вид 1,399717 0,002619
путём 3,401197 0,001591
ребёнок 1,514128 0,006374
свойство 3,912023 0,001830
горячее 5,010635 0,002344
обновить 0,985284 0,000461
отдавать 4,317488 0,002019
удовольствие 3,912023 0,001830
фонтан 5,010635 0,002344
авторизация 0,013423 0,000006
религия 0,283247 0,000132
рейтинг 0,006689 0,000003
форма 0,013423 0,000075
дом 1,514128 0,001416
ожидать 2,612740 0,001222
мероприятие 2,931194 0,001371
бесплатно 2,931194 0,005484
зависеть 2,066196 0,000966
несмотря 2,708050 0,001267
останкино 5,010635 0,009374
традиционно 2,612740 0,002444
отличаться 2,708050 0,001267
недвижимость 0,292136 0,000137
ил 4,317488 0,002019
некачественно 5,010635 0,002344
красота 3,401197 0,001591
естественный 4,317488 0,004039
кататься 3,912023 0,010979
удобный 2,931194 0,002742
школьник 3,218876 0,001506
настоящий 2,302585 0,003231
посредством 4,317488 0,002019
тема 0,013423 0,000019
сервис 0,174353 0,000082
дискуссия 0,013423 0,000013
посетитель 4,317488 0,012116
селивановакатка 5,010635 0,002344
иллюминация 5,010635 0,004687
служба 0,006689 0,000006
заметить 0,013423 0,000006
заниматься 3,218876 0,003011
тело 2,612740 0,001222
технический 2,612740 0,003666
сходить 2,931194 0,004113
рекомендательный 0,013423 0,000006
разогнаться 5,010635 0,002344
механический 3,912023 0,001830
эксплуатация 3,401197 0,001591
охотный 5,010635 0,002344
стоять 3,401197 0,001591
ежедневно 5,010635 0,007031
кв 5,010635 0,002344
окружить 4,317488 0,002019
движение 2,813411 0,001316
медиабанк 1,321756 0,006800
полюс 5,010635 0,004687
воронцовый 5,010635 0,004687
км 5,010635 0,004687
поехать 3,218876 0,004517
круглый 3,624341 0,003390
завоевать 3,064725 0,001433
безопасность 1,919593 0,004489
который 0,603916 0,001130
понедельник 4,317488 0,010097
вне 3,401197 0,001591
привести 2,371578 0,001109
авторизоваться 0,013423 0,000013
выбрать 0,013423 0,000019
уступать 3,912023 0,001830
сити 5,010635 0,002344
новыесначала 0,013423 0,000006
арена 4,317488 0,002019
создание 2,302585 0,001077
инфраструктура 3,064725 0,001433
несколько 1,544899 0,000723
предоставить 2,066196 0,000966
место 1,272966 0,003572
свет 2,708050 0,001267
начало 1,643339 0,000769
синтетический 4,317488 0,012116
дух 3,218876 0,001506
строение 4,317488 0,006058
натуральный 3,064725 0,010034
отдых 3,218876 0,009033
вакансия 0,013423 0,000006
ровный 4,317488 0,004039
мы 0,013423 0,000044
прекрасный 3,218876 0,001506
участие 0,006689 0,000003
комплекс 2,708050 0,001267
выбор 2,066196 0,004832
использовать 0,013423 0,000013
опечатка 0,013423 0,000006
собор 3,912023 0,001830
образоваться 3,218876 0,001506
каждый 1,399717 0,002619
онлайн 0,013423 0,000006
любитель 3,624341 0,005086
осуществляться 0,013423 0,000006
боль 3,912023 0,001830
блаженный 4,317488 0,002019
идеальный 2,445686 0,001144
апрель 0,013423 0,000006
столица 3,064725 0,008601
начинать 2,445686 0,003432
независимо 3,624341 0,001695
количество 1,919593 0,001796
уровень 2,014903 0,001885
останкинский 5,010635 0,002344
федеральный 0,013423 0,000025
уточнять 2,445686 0,001144
корт 3,912023 0,001830
формат 2,120264 0,000992
разогреть 2,931194 0,001371
подходящий 3,064725 0,002867
нарядный 5,010635 0,002344
открыться 2,708050 0,003800
способствовать 2,813411 0,001316
попробовать 0,013423 0,000006
заполнение 0,013423 0,000044
внимание 0,013423 0,000025
принимать 0,013423 0,000006
значительно 3,218876 0,001506
возможность 1,752539 0,000820
пн 5,010635 0,002344
пт 5,010635 0,004687
выпуск 0,013423 0,000006
безопасный 3,064725 0,002867
огромный 2,302585 0,003231
информация 2,066196 0,000966
уникальный 2,014903 0,002827
травма 2,708050 0,001267
надзор 0,013423 0,000006
одежда 2,813411 0,001316
руставели 5,010635 0,002344
предприятие 0,013423 0,000019
наука 0,283247 0,000132
упростить 3,401197 0,001591
обратный 0,013423 0,000044
занятие 3,401197 0,001591
произойти 0,013423 0,000006
мкад 4,317488 0,004039
