нотка 3,218876 0,003675
истечь 0,013423 0,000015
лента 0,006689 0,000015
законный 0,013423 0,000015
новый 0,006689 0,000015
найти 0,013423 0,000015
нашинковать 3,624341 0,008275
письмо 0,013423 0,000031
сфера 0,013423 0,000015
электронный 0,013423 0,000015
спасибо 0,013423 0,000015
расширить 0,006689 0,000008
пена 3,912023 0,008932
корочка 3,401197 0,007765
свидетельство 0,013423 0,000015
согласие 0,013423 0,000031
соломка 3,624341 0,016550
комментирование 0,013423 0,000031
сковородка 5,010635 0,022880
доступ 0,013423 0,000031
блокироваться 0,013423 0,000015
миа 0,013423 0,000046
задать 0,013423 0,000015
связаться 0,013423 0,000092
правило 0,013423 0,000077
сохранить 0,013423 0,000015
г 0,013423 0,000138
реклама 0,013423 0,000015
фото 0,013423 0,000015
политика 0,013423 0,000061
связь 0,006689 0,000061
применение 0,013423 0,000015
взаимодействие 0,013423 0,000031
о 0,013423 0,000015
дать 0,013423 0,000031
пресс 0,013423 0,000015
согласный 0,013423 0,000046
персональный 0,013423 0,000123
сочетать 2,813411 0,009635
перетянуть 0,013423 0,000015
немецкий 2,708050 0,006183
репчатый 3,064725 0,006997
течение 0,013423 0,000015
ч 2,612740 0,002983
смочь 0,006689 0,000008
использоваться 0,006689 0,000015
насыщать 4,317488 0,004929
пищевой 2,120264 0,002420
готовый 0,006689 0,000015
вариант 1,966113 0,004489
углевод 2,445686 0,002792
ценность 2,120264 0,002420
дата 0,006689 0,000008
готовка 1,919593 0,002191
пройти 0,006689 0,000008
заголовок 0,013423 0,000031
цвет 2,238047 0,005110
одноклассник 0,013423 0,000031
недопустимый 0,013423 0,000015
информационный 0,013423 0,000061
вы 0,013423 0,000015
фио 0,013423 0,000015
шаг 1,791759 0,018408
восстановить 0,013423 0,000015
пожалуйста 0,013423 0,000015
обжаривать 3,624341 0,008275
рассмотреть 0,013423 0,000015
капуста 2,708050 0,043279
расположить 0,013423 0,000031
конец 1,643339 0,007504
время 0,013423 0,000031
версия 0,013423 0,000015
ниже 0,013423 0,000046
кнопка 0,013423 0,000015
россия 0,006689 0,000061
простой 1,272966 0,001453
простота 3,624341 0,004137
зарегистрировать 0,013423 0,000015
сильный 1,919593 0,004383
готовить 1,966113 0,004489
ранее 0,013423 0,000015
главный 0,013423 0,000015
проблема 0,013423 0,000015
данные 0,013423 0,000123
коричневый 3,912023 0,008932
город 0,013423 0,000015
разблокировать 0,013423 0,000046
влить 3,064725 0,006997
кубик 2,525729 0,005767
фотография 0,013423 0,000015
необходимость 2,177422 0,004971
сайт 0,013423 0,000046
поле 0,013423 0,000123
час 0,013423 0,000031
чат 0,013423 0,000031
слегка 2,708050 0,006183
новостеймолния 0,013423 0,000015
написать 0,013423 0,000015
галочка 0,013423 0,000015
заблокировать 0,013423 0,000031
перетащить 0,013423 0,000046
соглашаться 0,013423 0,000015
положить 1,966113 0,008978
сначала 0,013423 0,000015
поддерживаетсяполучить 0,013423 0,000015
перец 2,445686 0,011168
адрес 0,013423 0,000077
другой 0,013423 0,000046
соответствие 0,013423 0,000031
начать 1,966113 0,004489
ужин 3,401197 0,003883
унитарный 0,013423 0,000046
давать 0,013423 0,000031
показать 0,013423 0,000015
отправка 0,013423 0,000015
загрузить 0,013423 0,000031
лавровый 3,401197 0,015531
направление 0,013423 0,000015
основный 1,791759 0,008182
телефон 0,013423 0,000015
пароль 0,013423 0,000169
редакция 0,013423 0,000046
чёрный 2,238047 0,010219
удалить 0,013423 0,000061
пока 1,919593 0,004383
калорийность 2,120264 0,002420
вход 0,013423 0,000031
должный 0,013423 0,000015
свинина 3,624341 0,020687
описать 0,013423 0,000015
размещение 0,013423 0,000015
ккал 2,302585 0,002629
сколько 0,006689 0,000008
автор 0,013423 0,000015
старый 0,013423 0,000015
сообщение 0,013423 0,000215
специя 2,813411 0,003212
один 1,098612 0,002508
ингредиент 1,919593 0,004383
подтвердить 0,013423 0,000015
оттенок 2,612740 0,005965
полностью 2,014903 0,002300
дополнять 3,624341 0,004137
снять 2,371578 0,005415
масло 2,238047 0,010219
подтверждать 0,013423 0,000015
плита 3,064725 0,006997
гаврилов 0,013423 0,000015
учредитель 0,013423 0,000015
поджариваться 5,010635 0,011440
авторизация 0,013423 0,000015
рейтинг 0,006689 0,000008
форма 0,013423 0,000184
нарезать 2,120264 0,019363
ссылка 0,013423 0,000061
зелень 2,371578 0,010829
коммуникация 0,013423 0,000015
минута 1,226446 0,011200
мой 0,013423 0,000077
тушить 3,624341 0,053786
ароматный 2,302585 0,005257
помочь 0,013423 0,000015
статья 0,013423 0,000015
кипяток 2,813411 0,012847
золотистый 2,931194 0,013384
описание 0,013423 0,000015
процесс 0,013423 0,000015
мелко 2,525729 0,011533
роскомнадзор 0,013423 0,000015
технология 0,013423 0,000031
белка 2,371578 0,002707
редактор 0,013423 0,000015
фгуп 0,499776 0,000571
мясо 2,445686 0,053046
контакт 0,013423 0,000015
качество 2,177422 0,002486
москва 0,006689 0,000023
воспользоваться 0,013423 0,000061
тема 0,013423 0,000046
государственный 0,013423 0,000046
дискуссия 0,013423 0,000031
около 2,177422 0,009943
спасть 4,317488 0,009857
отдельный 2,525729 0,005767
связанный 0,013423 0,000031
молотый 3,064725 0,013994
служба 0,006689 0,000008
риа 0,006689 0,000038
заметить 0,013423 0,000015
большой 1,832581 0,004184
штука 3,624341 0,024824
закрытый 0,013423 0,000015
обращать 0,013423 0,000015
рекомендательный 0,013423 0,000015
далее 0,013423 0,000031
разный 1,484275 0,003389
сковорода 2,525729 0,011533
кг 3,064725 0,006997
год 0,006689 0,000008
хотеть 0,006689 0,000008
открывать 0,013423 0,000031
кухня 1,576648 0,005399
томатный 3,401197 0,019413
перейти 0,013423 0,000015
международный 0,013423 0,000046
отличный 3,401197 0,003883
нежный 2,177422 0,004971
обращение 0,013423 0,000046
агентство 0,013423 0,000061
порция 2,238047 0,002555
приготовление 1,484275 0,003389
огонь 1,966113 0,013467
это 0,013423 0,000046
массовый 0,013423 0,000015
обработка 0,013423 0,000077
вкус 1,752539 0,016005
авторизоваться 0,013423 0,000031
выбрать 0,013423 0,000046
сегодня 0,013423 0,000092
новость 0,006689 0,000046
просить 0,013423 0,000015
морковь 3,401197 0,015531
паста 3,624341 0,020687
чеснок 2,612740 0,011930
жарить 3,401197 0,007765
новыесначала 0,013423 0,000015
зарегистрироваться 0,013423 0,000077
пожаловаться 0,006689 0,000008
вкусовой 2,813411 0,003212
войти 0,006689 0,000031
шапка 0,013423 0,000015
отправить 0,013423 0,000215
овощ 2,120264 0,004841
продолжить 0,006689 0,000008
решение 0,006689 0,000008
ознакомить 0,013423 0,000015
насыщенность 3,401197 0,003883
вакансия 0,013423 0,000015
эл 0,013423 0,000015
мы 0,013423 0,000107
проставлять 0,013423 0,000015
идеально 2,612740 0,002983
прекрасный 3,218876 0,007349
участие 0,006689 0,000008
аккаунт 0,013423 0,000077
защита 0,013423 0,000061
регистрация 0,013423 0,000077
обсуждение 0,013423 0,000031
выбор 2,066196 0,002359
опечатка 0,013423 0,000015
использовать 0,013423 0,000015
мара 2,931194 0,003346
почему 0,013423 0,000015
каждый 1,399717 0,001598
восстановление 0,013423 0,000061
онлайн 0,013423 0,000015
подсолнечный 3,912023 0,017863
маленький 2,371578 0,005415
почта 0,013423 0,000107
добавить 1,514128 0,020741
блокировка 0,013423 0,000061
рецепт 1,118815 0,007663
осуществляться 0,013423 0,000015
апрель 0,013423 0,000015
вконтакте 0,013423 0,000031
обжарить 3,064725 0,006997
затем 1,791759 0,004091
категория 1,576648 0,001800
фамилия 0,013423 0,000015
белокочанный 4,317488 0,009857
жир 2,238047 0,002555
логин 0,013423 0,000015
конфиденциальность 0,013423 0,000061
нарушение 0,013423 0,000046
навсегда 0,013423 0,000015
соль 2,066196 0,009435
яндекс 0,013423 0,000031
пикантный 3,401197 0,003883
действие 0,013423 0,000015
либо 0,013423 0,000015
федеральный 0,013423 0,000061
релиз 0,013423 0,000015
нажимать 0,013423 0,000015
назад 0,013423 0,000077
разогреть 2,931194 0,006692
список 0,013423 0,000015
поиск 0,013423 0,000015
лист 2,708050 0,012366
лук 2,302585 0,015771
обязательный 0,013423 0,000107
ошибка 0,013423 0,000046
приобрести 2,302585 0,005257
слабый 2,708050 0,006183
вопрос 0,006689 0,000031
рецептыпростой 2,813411 0,003212
зубовский 0,013423 0,000031
попробовать 0,013423 0,000015
заполнение 0,013423 0,000107
заполнить 0,013423 0,000107
внимание 0,013423 0,000015
принимать 0,013423 0,000015
ваш 0,013423 0,000245
имя 0,013423 0,000077
смешать 2,813411 0,006423
блюдо 1,609438 0,009186
выпуск 0,013423 0,000015
срок 0,013423 0,000031
основание 0,013423 0,000015
издание 0,013423 0,000015
бульвар 0,013423 0,000031
сетевой 0,013423 0,000015
подсолить 3,624341 0,008275
раскрыть 2,612740 0,002983
надзор 0,013423 0,000015
позволять 2,238047 0,005110
использование 0,013423 0,000015
вновь 0,013423 0,000015
сменить 0,013423 0,000015
предприятие 0,013423 0,000046
способ 0,013423 0,000031
материал 0,013423 0,000123
участвовать 0,013423 0,000031
сообщить 0,013423 0,000015
обратный 0,013423 0,000107
произойти 0,013423 0,000015
быть 0,013423 0,000015
успешно 0,013423 0,000015
семейный 2,525729 0,002883
скриншот 0,013423 0,000046
