районный 3,218876 0,003654
истечь 0,013423 0,000015
рф 1,181994 0,010733
лента 0,006689 0,000015
законный 0,013423 0,000015
архивный 1,347074 0,001529
новый 0,006689 0,000023
оборона 2,066196 0,023453
ответчик 4,317488 0,004901
найти 0,013423 0,000015
служить 3,401197 0,003861
газета 3,218876 0,007307
письмо 0,013423 0,000030
сфера 0,013423 0,000015
электронный 0,013423 0,000015
взятка 3,624341 0,008228
спасибо 0,013423 0,000015
спорт 0,190354 0,000216
расширить 0,006689 0,000008
попросить 3,401197 0,003861
месяц 1,003302 0,001139
свидетельство 0,013423 0,000015
согласие 0,013423 0,000030
центр 0,166448 0,000189
комментирование 0,013423 0,000030
доступ 0,013423 0,000030
блокироваться 0,013423 0,000015
миа 0,013423 0,000107
заявление 2,066196 0,004691
задать 0,013423 0,000015
мосгорсуд 5,010635 0,005687
связаться 0,013423 0,000091
декабрь 0,985284 0,001118
готовность 2,238047 0,002540
глава 1,919593 0,004358
правило 0,013423 0,000076
сохранить 0,013423 0,000015
министерство 1,966113 0,006695
соответствовать 2,612740 0,002966
бездействие 5,010635 0,005687
г 0,013423 0,000030
реклама 0,013423 0,000030
фото 0,013423 0,000030
пункт 2,238047 0,002540
политика 0,013423 0,000076
связь 0,006689 0,000068
добиться 2,302585 0,005227
применение 0,013423 0,000015
взаимодействие 0,013423 0,000030
о 0,013423 0,000015
дать 0,013423 0,000030
пресс 0,013423 0,000030
согласный 0,013423 0,000046
персональный 0,013423 0,000122
иск 2,612740 0,026691
контрактный 5,010635 0,005687
оружие 2,445686 0,002776
суд 1,791759 0,010169
перетянуть 0,013423 0,000015
коммерсантъ 5,010635 0,011375
течение 0,013423 0,000030
смочь 0,006689 0,000008
игнорирование 5,010635 0,005687
использоваться 0,006689 0,000008
ъ 5,010635 0,005687
ивановаминистерство 5,010635 0,005687
готовый 0,006689 0,000015
признать 1,966113 0,004463
хранение 3,064725 0,003479
дата 0,006689 0,000008
мир 0,223144 0,000253
обвинять 3,624341 0,004114
запад 1,966113 0,002232
пройти 0,006689 0,000008
заголовок 0,013423 0,000030
тимур 3,218876 0,069420
одноклассник 0,013423 0,000030
недопустимый 0,013423 0,000015
информационный 0,013423 0,000061
вы 0,013423 0,000015
фио 0,013423 0,000015
восстановить 0,013423 0,000015
пожалуйста 0,013423 0,000015
дело 1,249435 0,005673
сво 1,919593 0,006537
рассмотреть 0,013423 0,000015
расположить 0,013423 0,000030
майор 5,010635 0,005687
бывший 2,302585 0,010454
версия 0,013423 0,000015
время 0,013423 0,000015
ниже 0,013423 0,000046
кнопка 0,013423 0,000015
россия 0,006689 0,000106
го 2,177422 0,004943
сутки 2,371578 0,002692
ивановдеть 5,010635 0,005687
обвинение 3,624341 0,008228
сысоев 3,624341 0,008228
тег 0,190354 0,000216
иванов 3,218876 0,087688
зарегистрировать 0,013423 0,000015
ранее 0,013423 0,000015
подкаст 0,292136 0,000332
главный 0,013423 0,000015
проблема 0,013423 0,000015
требование 1,832581 0,002080
данные 0,013423 0,000122
фронт 3,064725 0,006957
также 1,139434 0,002587
подать 2,238047 0,020323
получение 2,302585 0,005227
город 0,013423 0,000015
разблокировать 0,013423 0,000046
фотография 0,013423 0,000015
сайт 0,013423 0,000046
поле 0,013423 0,000122
час 0,013423 0,000030
чат 0,013423 0,000030
переправа 5,010635 0,005687
полезный 0,143101 0,000162
новостеймолния 0,013423 0,000015
написать 0,013423 0,000015
галочка 0,013423 0,000015
заблокировать 0,013423 0,000030
перетащить 0,013423 0,000046
соглашаться 0,013423 0,000015
туризм 0,283247 0,000322
сначала 0,013423 0,000015
поддерживаетсяполучить 0,013423 0,000015
адрес 0,013423 0,000076
представить 2,014903 0,002287
другой 0,013423 0,000046
соответствие 0,013423 0,000030
унитарный 0,013423 0,000046
незаконный 3,218876 0,007307
давать 0,013423 0,000030
показать 0,013423 0,000015
отправка 0,013423 0,000076
загрузить 0,013423 0,000030
воинский 3,624341 0,012342
направление 0,013423 0,000015
миллиард 3,064725 0,003479
телефон 0,013423 0,000015
пароль 0,013423 0,000168
хотя 2,371578 0,002692
редакция 0,013423 0,000046
отбор 3,912023 0,008881
удалить 0,013423 0,000061
выражать 3,401197 0,003861
должный 0,013423 0,000030
вход 0,013423 0,000030
читать 0,791128 0,000898
описать 0,013423 0,000015
минобороны 2,525729 0,045870
размещение 0,013423 0,000015
сколько 0,006689 0,000008
говориться 2,371578 0,005384
автор 0,013423 0,000015
отказ 2,302585 0,005227
старый 0,013423 0,000015
сообщение 0,013423 0,000213
сумма 2,302585 0,002614
кроме 1,919593 0,004358
происшествие 0,292136 0,001658
специальность 3,401197 0,003861
подтвердить 0,013423 0,000015
растрата 5,010635 0,017062
комиссариат 4,317488 0,004901
обновить 0,985284 0,001118
подтверждать 0,013423 0,000015
гаврилов 0,013423 0,000015
учредитель 0,013423 0,000015
должность 3,064725 0,010436
авторизация 0,013423 0,000015
религия 0,283247 0,000322
рейтинг 0,006689 0,000008
форма 0,013423 0,000183
ссылка 0,013423 0,000061
коммуникация 0,013423 0,000015
мой 0,013423 0,000076
культура 0,292136 0,000332
колония 5,010635 0,005687
особняк 5,010635 0,005687
архив 0,190354 0,000216
помочь 0,013423 0,000015
статья 0,013423 0,000030
описание 0,013423 0,000015
любой 1,576648 0,003579
процесс 0,013423 0,000015
июль 1,609438 0,003654
недвижимость 0,292136 0,000332
роскомнадзор 0,013423 0,000015
замминистра 3,912023 0,022202
технология 0,013423 0,000030
редактор 0,013423 0,000015
среди 2,813411 0,003193
фгуп 0,499776 0,002836
получить 0,985284 0,002237
контакт 0,013423 0,000015
направить 2,371578 0,002692
подрядчик 5,010635 0,005687
москва 0,006689 0,000068
сталинский 5,010635 0,005687
воспользоваться 0,013423 0,000061
тема 0,013423 0,000046
покупка 2,931194 0,003327
сервис 0,174353 0,000198
государственный 0,013423 0,000046
легализация 5,010635 0,005687
дискуссия 0,013423 0,000030
предъявить 3,624341 0,004114
около 2,177422 0,002472
керченский 5,010635 0,005687
связанный 0,013423 0,000030
служба 0,006689 0,000023
риа 0,006689 0,000091
ноябрь 1,514128 0,001719
деньга 2,066196 0,004691
заметить 0,013423 0,000015
медиабанкбывший 4,317488 0,004901
закрытый 0,013423 0,000015
обращать 0,013423 0,000015
рекомендательный 0,013423 0,000015
далее 0,013423 0,000030
заместитель 3,912023 0,017762
значиться 5,010635 0,005687
год 0,006689 0,000023
медиабанк 1,321756 0,001500
единый 2,177422 0,002472
хотеть 0,006689 0,000008
открывать 0,013423 0,000030
паром 5,010635 0,005687
министр 2,525729 0,005734
контракт 3,624341 0,004114
перейти 0,013423 0,000046
международный 0,013423 0,000046
решить 1,919593 0,004358
григорий 3,624341 0,008228
который 0,603916 0,002056
штраф 3,064725 0,003479
крупный 2,120264 0,002407
обращение 0,013423 0,000061
задержать 3,064725 0,003479
агентство 0,013423 0,000061
это 0,013423 0,000030
спецпроект 0,190354 0,000216
массовый 0,013423 0,000015
обработка 0,013423 0,000076
москватимур 5,010635 0,005687
авторизоваться 0,013423 0,000030
выбрать 0,013423 0,000046
сегодня 0,013423 0,000152
новость 0,006689 0,000106
просить 0,013423 0,000030
звание 3,624341 0,008228
новыесначала 0,013423 0,000015
зарегистрироваться 0,013423 0,000076
пожаловаться 0,006689 0,000008
войти 0,006689 0,000030
шапка 0,013423 0,000015
отправить 0,013423 0,000244
продолжить 0,006689 0,000008
решение 0,006689 0,000008
никакой 2,708050 0,003074
ознакомить 0,013423 0,000015
военный 1,514128 0,003437
вакансия 0,013423 0,000015
эл 0,013423 0,000015
особо 3,912023 0,004440
мы 0,013423 0,000107
проставлять 0,013423 0,000015
радио 0,274437 0,000312
участие 0,006689 0,000008
дзен 0,851752 0,000967
приговорить 3,912023 0,004440
аккаунт 0,013423 0,000076
экономика 0,292136 0,000332
изъять 5,010635 0,005687
защита 0,013423 0,000061
регистрация 0,013423 0,000076
подозрение 3,624341 0,004114
обсуждение 0,013423 0,000030
опечатка 0,013423 0,000015
использовать 0,013423 0,000015
почему 0,013423 0,000015
рубль 2,302585 0,005227
восстановление 0,013423 0,000061
онлайн 0,013423 0,000015
вина 2,371578 0,002692
почта 0,013423 0,000107
блокировка 0,013423 0,000061
писать 1,752539 0,003979
осуществляться 0,013423 0,000015
осудить 3,401197 0,007721
три 2,120264 0,002407
апрель 0,013423 0,000015
вконтакте 0,013423 0,000030
совершить 3,401197 0,003861
фамилия 0,013423 0,000015
логин 0,013423 0,000015
конфиденциальность 0,013423 0,000061
нарушение 0,013423 0,000046
навсегда 0,013423 0,000015
яндекс 0,013423 0,000030
заключение 3,064725 0,003479
действие 0,013423 0,000030
либо 0,013423 0,000015
федеральный 0,013423 0,000061
релиз 0,013423 0,000015
нажимать 0,013423 0,000015
назад 0,013423 0,000076
список 0,013423 0,000015
обязать 2,813411 0,003193
поиск 0,013423 0,000015
лимузин 5,010635 0,005687
обязательный 0,013423 0,000107
февраль 0,567984 0,000645
ошибка 0,013423 0,000046
вопрос 0,006689 0,000030
драгоценность 5,010635 0,005687
зубовский 0,013423 0,000030
попробовать 0,013423 0,000015
заполнение 0,013423 0,000107
заполнить 0,013423 0,000107
размер 2,014903 0,002287
внимание 0,013423 0,000015
принимать 0,013423 0,000015
ваш 0,013423 0,000244
общество 0,257045 0,000292
имя 0,013423 0,000076
ответ 1,791759 0,002034
военкомат 4,317488 0,004901
выпуск 0,013423 0,000015
срок 0,013423 0,000030
основание 0,013423 0,000015
информация 2,066196 0,002345
издание 0,013423 0,000030
бульвар 0,013423 0,000030
сетевой 0,013423 0,000015
надзор 0,013423 0,000015
группировка 3,912023 0,004440
использование 0,013423 0,000015
фев 1,399717 0,001589
вновь 0,013423 0,000015
сменить 0,013423 0,000015
миллион 2,445686 0,002776
предприятие 0,013423 0,000046
способ 0,013423 0,000030
материал 0,013423 0,000122
наука 0,283247 0,000322
участвовать 0,013423 0,000030
мещанский 5,010635 0,005687
сообщить 0,013423 0,000015
обратный 0,013423 0,000107
продукт 0,135438 0,000154
произойти 0,013423 0,000015
быть 0,013423 0,000015
успешно 0,013423 0,000015
скриншот 0,013423 0,000046
