懈褋褌械褔褜 0,013423 0,000021
褉褎 1,181994 0,001844
谢械薪褌邪 0,006689 0,000021
蟹邪泻芯薪薪褘泄 0,013423 0,000021
褋锌芯褉褌邪泻芯褉褌懈薪邪 5,010635 0,007817
薪芯胁褘泄 0,006689 0,000021
薪邪泄褌懈 0,013423 0,000021
褏邪薪懈褟芯斜芯褋褌褉械薪懈械 5,010635 0,007817
锌懈褋褜屑芯 0,013423 0,000042
褋褎械褉邪 0,013423 0,000021
褝谢械泻褌褉芯薪薪褘泄 0,013423 0,000021
褋锌邪褋懈斜芯 0,013423 0,000021
褋锌芯褉褌 0,190354 0,000297
褉邪褋褕懈褉懈褌褜 0,006689 0,000010
锌褍褌懈薪谐芯褋褍写邪褉褋褌胁械薪薪褘泄 4,317488 0,006736
褋胁懈写械褌械谢褜褋褌胁芯 0,013423 0,000021
褋芯谐谢邪褋懈械 0,013423 0,000042
褑械薪褌褉 0,166448 0,000519
泻芯屑屑械薪褌懈褉芯胁邪薪懈械 0,013423 0,000042
锌械褌械褉斜褍褉谐 2,302585 0,003592
谢邪胁褉芯胁褏邪屑邪褋胁芯泻褉褍谐 5,010635 0,007817
写芯褋褌褍锌 0,013423 0,000042
斜谢芯泻懈褉芯胁邪褌褜褋褟 0,013423 0,000021
屑懈邪 0,013423 0,000042
蟹邪写邪褌褜 0,013423 0,000021
屑懈写 3,064725 0,004781
泻芯薪褎谢懈泻褌 2,371578 0,003700
褋胁褟蟹邪褌褜褋褟 0,013423 0,000126
锌褉邪胁懈谢芯 0,013423 0,000105
褋芯褏褉邪薪懈褌褜 0,013423 0,000021
谐 0,013423 0,000063
褉械泻谢邪屑邪 0,013423 0,000042
褎芯褌芯 0,013423 0,000021
屑邪褌褔械泄泻邪芯褉邪褌褜 5,010635 0,007817
锌芯谢懈褌懈泻邪 0,013423 0,000105
褋胁褟蟹褜 0,006689 0,000083
锌褉懈屑械薪械薪懈械 0,013423 0,000021
胁蟹邪懈屑芯写械泄褋褌胁懈械 0,013423 0,000042
懈薪芯褋褌褉邪薪薪褘泄 2,177422 0,003397
薪械褌邪薪褜褟褏褍懈褉邪薪斜械蟹褉邪斜芯褌懈褑邪锌芯褋芯斜懈械 5,010635 0,007817
芯 0,013423 0,000021
褋邪薪泻褌 2,525729 0,003940
写邪褌褜 0,013423 0,000042
锌褉械褋褋 0,013423 0,000042
褋芯谐谢邪褋薪褘泄 0,013423 0,000063
锌械褉褋芯薪邪谢褜薪褘泄 0,013423 0,000168
褔邪泄泻芯胁褋泻懈泄褋芯褔懈褞褉懈泄 5,010635 0,007817
锌械褉械褌褟薪褍褌褜 0,013423 0,000021
褌械褔械薪懈械 0,013423 0,000021
褋屑芯褔褜 0,006689 0,000010
懈褋锌芯谢褜蟹芯胁邪褌褜褋褟 0,006689 0,000010
谐芯褌芯胁褘泄 0,006689 0,000021
斜懈芯谐褉邪褎懈懈褉械褑械锌褌 5,010635 0,007817
褎褍褌斜芯谢 2,238047 0,003491
写邪褌邪 0,006689 0,000010
屑懈褉 0,223144 0,000696
锌褉芯泄褌懈 0,006689 0,000010
邪屑锌械褑褑芯屑械卸写褍薪邪褉芯写薪褘泄 5,010635 0,007817
蟹邪谐芯谢芯胁芯泻 0,013423 0,000042
褔械屑锌懈芯薪邪褌 2,708050 0,004225
芯写薪芯泻谢邪褋褋薪懈泻 0,013423 0,000042
薪械写芯锌褍褋褌懈屑褘泄 0,013423 0,000021
懈薪褎芯褉屑邪褑懈芯薪薪褘泄 0,013423 0,000084
胁褘 0,013423 0,000021
褎懈芯 0,013423 0,000021
胁芯褋褋褌邪薪芯胁懈褌褜 0,013423 0,000021
锌芯卸邪谢褍泄褋褌邪 0,013423 0,000021
泻邪蟹邪褏褋褌邪薪泻邪褋褘屑 5,010635 0,007817
褉褍褋褋泻懈泄 1,118815 0,001745
写械谢芯 1,249435 0,001949
褉芯褋褋懈泄褋泻懈泄 0,883501 0,001378
邪谢褜锌械褉褌屑褍蟹械泄 5,010635 0,007817
褉邪褋褋屑芯褌褉械褌褜 0,013423 0,000021
褉邪褋锌芯谢芯卸懈褌褜 0,013423 0,000042
褋胁懈褌芯谢懈薪邪械胁谐械薪懈泄 5,010635 0,007817
胁械褉褋懈褟 0,013423 0,000021
胁褉械屑褟 0,013423 0,000021
薪懈卸械 0,013423 0,000063
泻薪芯锌泻邪 0,013423 0,000021
褉芯褋褋懈褟 0,006689 0,000083
褌械谐 0,190354 0,000594
卸芯屑邪褉褌 3,401197 0,005306
蟹邪褉械谐懈褋褌褉懈褉芯胁邪褌褜 0,013423 0,000021
褉邪薪械械 0,013423 0,000021
锌芯写泻邪褋褌 0,292136 0,000456
谐谢邪胁薪褘泄 0,013423 0,000021
锌褉芯斜谢械屑邪 0,013423 0,000021
写邪薪薪褘械 0,013423 0,000168
屑芯褋泻胁邪懈薪褋褌懈褌褍褌芯泻褉褘谢芯 5,010635 0,007817
胁褌斜蟹械薪懈褌 5,010635 0,007817
谐芯褉芯写 0,013423 0,000021
褉邪蟹斜谢芯泻懈褉芯胁邪褌褜 0,013423 0,000063
斜械蟹褉邪斜芯褌懈褑械褉邪斜芯褌邪褌褉褍写芯褍褋褌褉芯泄褋褌胁芯卸械薪褋泻懈泄 5,010635 0,007817
褎芯褌芯谐褉邪褎懈褟 0,013423 0,000021
褋邪泄褌 0,013423 0,000063
锌芯谢械 0,013423 0,000168
褔邪褋 0,013423 0,000042
褔邪褌 0,013423 0,000042
锌芯谢械蟹薪褘泄 0,143101 0,000223
薪芯胁芯褋褌械泄屑芯谢薪懈褟 0,013423 0,000021
薪邪锌懈褋邪褌褜 0,013423 0,000021
谐邪谢芯褔泻邪 0,013423 0,000021
褕褌邪褌 2,014903 0,003143
蟹邪斜谢芯泻懈褉芯胁邪褌褜 0,013423 0,000042
锌械褉械褌邪褖懈褌褜 0,013423 0,000063
褋芯谐谢邪褕邪褌褜褋褟 0,013423 0,000021
褌褍褉懈蟹屑 0,283247 0,000442
褋薪邪褔邪谢邪 0,013423 0,000021
锌芯写写械褉卸懈胁邪械褌褋褟锌芯谢褍褔懈褌褜 0,013423 0,000021
邪写褉械褋 0,013423 0,000105
写褉褍谐芯泄 0,013423 0,000063
褋芯芯褌胁械褌褋褌胁懈械 0,013423 0,000042
懈薪褋褌懈褌褍褌锌邪褉屑邪褍褉邪谢屑邪褕写懈薪邪屑芯 5,010635 0,007817
褍薪懈褌邪褉薪褘泄 0,013423 0,000063
写邪胁邪褌褜 0,013423 0,000042
锌芯泻邪蟹邪褌褜 0,013423 0,000021
芯褌锌褉邪胁泻邪 0,013423 0,000021
褋芯斜褟薪懈薪 3,624341 0,005654
蟹邪谐褉褍蟹懈褌褜 0,013423 0,000042
薪邪锌褉邪胁谢械薪懈械 0,013423 0,000021
褌械谢械褎芯薪 0,013423 0,000021
锌邪褉芯谢褜 0,013423 0,000230
褉械写邪泻褑懈褟 0,013423 0,000063
谐褍屑械薪薪懈泻屑褌褋褉芯褋褋懈泄褋泻懈泄 5,010635 0,007817
褍写邪谢懈褌褜 0,013423 0,000084
芯谢懈屑锌懈泄褋泻懈泄 2,708050 0,008449
胁褏芯写 0,013423 0,000042
写芯谢卸薪褘泄 0,013423 0,000021
褏芯蟹褟泄褋褌胁芯 2,612740 0,004076
芯锌懈褋邪褌褜 0,013423 0,000021
褉邪蟹屑械褖械薪懈械 0,013423 0,000021
邪褋褋芯褑懈邪褑懈褟 3,912023 0,006103
褋泻芯谢褜泻芯 0,006689 0,000010
邪胁褌芯褉 0,013423 0,000021
褋褌邪褉褘泄 0,013423 0,000021
褋芯芯斜褖械薪懈械 0,013423 0,000293
褍锌褉邪胁谢械薪懈褟懈蟹褉邪懈谢褜懈褋屑邪懈谢 5,010635 0,007817
锌褉芯懈褋褕械褋褌胁懈械 0,292136 0,000456
锌芯写褌胁械褉写懈褌褜 0,013423 0,000021
锌褍褌褜 2,120264 0,003308
锌芯写褌胁械褉卸写邪褌褜 0,013423 0,000021
谐邪胁褉懈谢芯胁 0,013423 0,000021
褍褔褉械写懈褌械谢褜 0,013423 0,000021
邪胁褌芯褉懈蟹邪褑懈褟 0,013423 0,000021
褉械谢懈谐懈褟 0,283247 0,000442
褉械泄褌懈薪谐 0,006689 0,000010
褎芯褉屑邪 0,013423 0,000251
懈谐褉褘褉芯褋褋懈褟锌褉芯懈褋褕械褋褌胁懈褟邪褉泻褌懈泻邪斜械褉懈薪谐 5,010635 0,007817
褌褉邪薪褋谢褟褑懈褟 3,912023 0,006103
锌芯斜械写械芯褌褉邪卸械薪懈械褋芯胁懈薪褎芯褉屑斜褞褉芯褋芯褑懈邪谢褜薪褘泄 5,010635 0,007817
屑芯褋泻芯胁褋泻懈泄 1,678431 0,002618
褋褋褘谢泻邪 0,013423 0,000084
泻芯屑屑褍薪懈泻邪褑懈褟 0,013423 0,000021
屑芯泄 0,013423 0,000105
锌械褌褉芯褋褟薪蟹懈屑薪懈泄 4,317488 0,006736
泻褍谢褜褌褍褉邪 0,292136 0,000456
邪褉褏懈胁 0,190354 0,000297
锌芯屑芯褔褜 0,013423 0,000021
褋褌邪褌褜褟 0,013423 0,000021
屑芯泻薪褍褌褜 4,317488 0,006736
褋褕邪 1,118815 0,001745
芯锌懈褋邪薪懈械 0,013423 0,000021
褏邪谢写械泄谢械薪懈薪谐褉邪写谢褍谐邪薪褋泻屑邪泻褋 5,010635 0,007817
锌褉芯褑械褋褋 0,013423 0,000021
芯斜谢邪褋褌褜屑芯褋泻胁邪褋械胁械褉薪褘泄 5,010635 0,007817
薪邪胁懈谐邪褌芯褉锌褉芯褋褌褘泄 5,010635 0,007817
薪械写胁懈卸懈屑芯褋褌褜 0,292136 0,000456
邪胁懈邪褑懈芯薪薪褘泄 4,317488 0,006736
芯褋胁芯斜芯卸写械薪懈械 2,708050 0,004225
褉芯褋泻芯屑薪邪写蟹芯褉 0,013423 0,000021
谐邪褍褎褎褝谢懈薪邪 5,010635 0,007817
褌械褏薪芯谢芯谐懈褟 0,013423 0,000042
褌械薪薪懈褋薪褘泄 4,317488 0,006736
褉械写邪泻褌芯褉 0,013423 0,000021
屑芯褋泻胁褘卸泻褏锌械褌褉邪 5,010635 0,007817
泻芯薪褌邪泻褌 0,013423 0,000021
屑芯褋泻胁邪 0,006689 0,000021
褝泻褋锌芯褉褌薪褘泄 3,218876 0,005022
胁芯褋锌芯谢褜蟹芯胁邪褌褜褋褟 0,013423 0,000084
锌谢邪薪 1,678431 0,002618
胁芯泻蟹邪谢邪谢械泻褋邪薪写褉 5,010635 0,007817
褌褉邪薪褋褎械褉 4,317488 0,006736
褌械屑邪 0,013423 0,000063
褋械褉胁懈褋 0,174353 0,000272
谐芯褋褍写邪褉褋褌胁械薪薪褘泄 0,013423 0,000063
写懈褋泻褍褋褋懈褟 0,013423 0,000042
褋胁褟蟹邪薪薪褘泄 0,013423 0,000042
褋谢褍卸斜邪 0,006689 0,000010
褉懈邪 0,006689 0,000021
蟹邪屑械褌懈褌褜 0,013423 0,000021
蟹邪泻褉褘褌褘泄 0,013423 0,000021
芯斜褉邪褖邪褌褜 0,013423 0,000021
写邪谢械械 0,013423 0,000063
褉械泻芯屑械薪写邪褌械谢褜薪褘泄 0,013423 0,000021
褌褉邪屑锌褉褝褍 3,912023 0,006103
褉械褑械锌褌褘褉械褑械锌褌 1,875141 0,002925
谐芯写 0,006689 0,000010
褋邪泻邪屑芯褌芯锌褢褌褉 5,010635 0,007817
褏芯褌械褌褜 0,006689 0,000010
芯褌泻褉褘胁邪褌褜 0,013423 0,000042
锌械褉械泄褌懈 0,013423 0,000021
屑械卸写褍薪邪褉芯写薪褘泄 0,013423 0,000063
泻芯屑懈褌械褌 2,708050 0,004225
锌邪谢械褋褌懈薪芯 3,624341 0,011308
褋褌邪谢懈薪谐褉邪写褋泻懈泄 3,624341 0,005654
褔邪褋邪褉械褑械锌褌 2,813411 0,004389
芯斜褉邪褖械薪懈械 0,013423 0,000063
邪谐械薪褌褋褌胁芯 0,013423 0,000084
锌褉懈谐芯褌芯胁谢械薪懈械 1,484275 0,002316
褌褝谐 5,010635 0,007817
褋锌械褑锌褉芯械泻褌 0,190354 0,000297
屑邪褋褋芯胁褘泄 0,013423 0,000021
芯斜褉邪斜芯褌泻邪 0,013423 0,000105
褝褌芯 0,013423 0,000021
邪胁褌芯褉懈蟹芯胁邪褌褜褋褟 0,013423 0,000042
屑懈褉械写芯薪邪谢褜写 5,010635 0,007817
胁褘斜褉邪褌褜 0,013423 0,000063
泻邪谢谢邪褋锌邪胁械褌褜 3,624341 0,005654
褉械褔薪芯泄 2,612740 0,004076
褋械谐芯写薪褟 0,013423 0,000105
薪芯胁芯褋褌褜 0,006689 0,000031
褌芯泻邪械胁褟锌芯薪懈褟胁谢邪写懈屑懈褉 5,010635 0,007817
锌褉芯褋懈褌褜 0,013423 0,000021
斜懈褌胁邪 2,708050 0,004225
锌褉芯谢懈胁胁邪 5,010635 0,007817
薪芯胁褘械褋薪邪褔邪谢邪 0,013423 0,000021
蟹邪褉械谐懈褋褌褉懈褉芯胁邪褌褜褋褟 0,013423 0,000105
锌芯卸邪谢芯胁邪褌褜褋褟 0,006689 0,000010
胁芯泄褌懈 0,006689 0,000042
褕邪锌泻邪 0,013423 0,000021
芯褌锌褉邪胁懈褌褜 0,013423 0,000293
蟹邪褏邪褉芯胁邪屑懈谢邪薪屑懈薪懈褋褌械褉褋褌胁芯 5,010635 0,007817
锌褉芯写芯谢卸懈褌褜 0,006689 0,000010
褉械褕械薪懈械 0,006689 0,000010
谢懈谐邪 1,966113 0,003067
蟹邪褉褍斜懈薪褋褌褉邪薪邪 5,010635 0,007817
芯蟹薪邪泻芯屑懈褌褜 0,013423 0,000021
胁邪泻邪薪褋懈褟 0,013423 0,000021
褝谢 0,013423 0,000021
屑褘 0,013423 0,000147
锌褉芯褋褌邪胁谢褟褌褜 0,013423 0,000021
褉邪写懈芯 0,274437 0,000428
褍褔邪褋褌懈械 0,006689 0,000010
邪泻泻邪褍薪褌 0,013423 0,000105
谐芯写褍芯芯薪锌邪谢械褋褌懈薪邪褋械褉谐械泄 5,010635 0,007817
褝泻芯薪芯屑懈泻邪 0,292136 0,000456
蟹邪褖懈褌邪 0,013423 0,000084
褉械谐懈褋褌褉邪褑懈褟 0,013423 0,000105
芯斜褋褍卸写械薪懈械 0,013423 0,000042
褋薪械谐芯锌邪写 2,177422 0,003397
芯锌械褔邪褌泻邪 0,013423 0,000021
懈褋锌芯谢褜蟹芯胁邪褌褜 0,013423 0,000021
锌芯褔械屑褍 0,013423 0,000021
屑芯褋泻胁械邪胁褋褌褉邪谢懈褟胁邪褕懈薪谐褌芯薪 5,010635 0,007817
胁芯褋褋褌邪薪芯胁谢械薪懈械 0,013423 0,000084
芯薪谢邪泄薪 0,013423 0,000021
锌械褋泻芯胁械胁褉芯褋芯褞蟹泻邪泄褟 5,010635 0,007817
锌芯褔褌邪 0,013423 0,000147
斜谢芯泻懈褉芯胁泻邪 0,013423 0,000084
芯褋褍褖械褋褌胁谢褟褌褜褋褟 0,013423 0,000021
邪锌褉械谢褜 0,013423 0,000021
胁泻芯薪褌邪泻褌械 0,013423 0,000042
泻芯褉褜 5,010635 0,007817
褎邪屑懈谢懈褟 0,013423 0,000021
谢芯谐懈薪 0,013423 0,000021
泻芯薪褎懈写械薪褑懈邪谢褜薪芯褋褌褜 0,013423 0,000084
薪邪褉褍褕械薪懈械 0,013423 0,000063
薪邪胁褋械谐写邪 0,013423 0,000021
褌邪褟薪懈懈褌邪谢懈褟屑邪褉懈褟 5,010635 0,007817
褟薪写械泻褋 0,013423 0,000042
褍薪懈胁械褉褋懈褌械褌 1,919593 0,002995
写械泄褋褌胁懈械 0,013423 0,000021
谢懈斜芯 0,013423 0,000021
褍泻褉邪懈薪械褍泻褉邪懈薪邪胁邪泄谢写斜械褉褉懈蟹 5,010635 0,007817
褎械写械褉邪谢褜薪褘泄 0,013423 0,000084
褉械谢懈蟹 0,013423 0,000021
薪邪卸懈屑邪褌褜 0,013423 0,000021
薪邪蟹邪写 0,013423 0,000105
泻芯薪褎谢懈泻褌邪芯斜芯褋褌褉械薪懈械 5,010635 0,007817
褋锌懈褋芯泻 0,013423 0,000042
锌芯懈褋泻 0,013423 0,000021
锌邪褉邪谢懈屑锌懈泄褋泻懈泄 3,624341 0,005654
斜械谢芯褉褍褋褋懈褟械写懈薪褘泄 5,010635 0,007817
芯斜褟蟹邪褌械谢褜薪褘泄 0,013423 0,000147
褋芯胁械褌芯胁褉锌谢 5,010635 0,007817
芯褕懈斜泻邪 0,013423 0,000063
褉褝褑 3,401197 0,005306
邪薪褌芯薪懈芯 3,912023 0,006103
胁芯锌褉芯褋 0,006689 0,000042
蟹褍斜芯胁褋泻懈泄 0,013423 0,000042
薪邪褉芯写邪屑芯褋胁芯斜芯卸写械薪懈械 5,010635 0,007817
懈谐褉邪 1,609438 0,002511
锌芯锌褉芯斜芯胁邪褌褜 0,013423 0,000021
蟹邪锌芯谢薪械薪懈械 0,013423 0,000147
蟹邪锌芯谢薪懈褌褜 0,013423 0,000147
胁薪懈屑邪薪懈械 0,013423 0,000021
锌褉懈薪懈屑邪褌褜 0,013423 0,000021
胁邪褕 0,013423 0,000335
懈屑褟 0,013423 0,000126
芯斜褖械褋褌胁芯 0,257045 0,000401
褎械写械褉邪褑懈褟 2,066196 0,003223
斜懈褉褞泻芯胁锌芯谐芯写邪褋械褉谐械泄 5,010635 0,007817
胁褘锌褍褋泻 0,013423 0,000021
褋褉芯泻 0,013423 0,000042
褉锌谢写屑懈褌褉懈泄 5,010635 0,007817
芯褋薪芯胁邪薪懈械 0,013423 0,000021
懈蟹写邪薪懈械 0,013423 0,000021
锌谢械褏邪薪芯胁邪褋褕邪屑懈薪褋泻懈泄 5,010635 0,007817
斜褍谢褜胁邪褉 0,013423 0,000042
斜邪褕屑械褌邪写械谢懈械 5,010635 0,007817
褋械褌械胁芯泄 0,013423 0,000021
褉芯褋褝泻褋懈屑斜邪薪泻褝泻芯薪芯屑懈泻邪芯斜褖械褋褌胁芯芯褌薪芯褕械薪懈褟泻懈械胁屑胁褎屑懈褉薪褘泄 5,010635 0,007817
薪邪写蟹芯褉 0,013423 0,000021
泻褍褏薪懈褉械褑械锌褌 2,612740 0,004076
懈褋锌芯谢褜蟹芯胁邪薪懈械 0,013423 0,000021
胁薪芯胁褜 0,013423 0,000021
褋屑械薪懈褌褜 0,013423 0,000021
锌褉械写锌褉懈褟褌懈械 0,013423 0,000063
褋锌芯褋芯斜 0,013423 0,000042
屑邪褌械褉懈邪谢 0,013423 0,000168
薪邪褍泻邪 0,283247 0,000442
褍褔邪褋褌胁芯胁邪褌褜 0,013423 0,000042
褋芯芯斜褖懈褌褜 0,013423 0,000021
芯斜褉邪褌薪褘泄 0,013423 0,000147
锌褉芯写褍泻褌 0,135438 0,000211
锌褉芯懈蟹芯泄褌懈 0,013423 0,000021
懈蟹褉邪懈谢褜褋泻懈泄 3,401197 0,010612
褋褍锌芯胁谐芯褉芯写褋泻芯泄 5,010635 0,007817
斜褘褌褜 0,013423 0,000021
褍褋锌械褕薪芯 0,013423 0,000021
褋泻褉懈薪褕芯褌 0,013423 0,000063
