специальный 1,514128 0,001221
личный 2,177422 0,001756
законный 0,013423 0,000011
новый 0,006689 0,000011
день 0,591795 0,000955
найти 0,013423 0,000011
письмо 0,013423 0,000022
вызов 3,218876 0,051917
спасибо 0,013423 0,000011
расширить 0,006689 0,000005
согласие 0,013423 0,000022
центр 0,166448 0,000671
доступ 0,013423 0,000022
миа 0,013423 0,000076
задать 0,013423 0,000011
конфликт 2,371578 0,001913
помощь 1,321756 0,009593
мысль 3,912023 0,003155
связаться 0,013423 0,000065
заболевание 3,912023 0,009465
алкогольный 3,912023 0,003155
г 0,013423 0,000022
реклама 0,013423 0,000022
фото 0,013423 0,000022
пункт 2,238047 0,001805
политика 0,013423 0,000054
связь 0,006689 0,000043
учётный 3,218876 0,002596
о 0,013423 0,000011
ухудшение 5,010635 0,004041
подытожить 5,010635 0,004041
течение 0,013423 0,000011
капельница 5,010635 0,004041
собрать 3,218876 0,002596
обращаться 2,371578 0,011475
сухоруковврач 5,010635 0,004041
омс 4,317488 0,003482
мир 0,223144 0,000180
пройти 0,006689 0,000005
гамов 5,010635 0,008082
заголовок 0,013423 0,000022
срыв 5,010635 0,004041
информационный 0,013423 0,000043
слабость 5,010635 0,012123
рассмотреть 0,013423 0,000011
расположить 0,013423 0,000022
быстро 2,177422 0,005268
время 0,013423 0,000011
просмотреть 5,010635 0,004041
кнопка 0,013423 0,000022
забыть 3,218876 0,002596
обед 3,912023 0,003155
сознание 3,624341 0,002923
горло 4,317488 0,003482
сильный 1,919593 0,001548
орви 5,010635 0,004041
ранее 0,013423 0,000011
главный 0,013423 0,000032
плановый 4,317488 0,003482
ситуация 1,643339 0,002651
подкаст 0,292136 0,000236
проблема 0,013423 0,000011
терапевт 5,010635 0,004041
данные 0,013423 0,000087
госуслуга 2,708050 0,008736
иной 2,238047 0,001805
также 1,139434 0,002757
участковый 5,010635 0,008082
появиться 2,120264 0,001710
паника 3,912023 0,003155
город 0,013423 0,000011
разблокировать 0,013423 0,000032
честно 3,624341 0,002923
фотография 0,013423 0,000011
час 0,013423 0,000022
чат 0,013423 0,000032
удобно 3,401197 0,002743
новостеймолния 0,013423 0,000011
написать 0,013423 0,000011
повторяться 3,912023 0,003155
саратовский 5,010635 0,004041
зависимость 1,966113 0,001586
соглашаться 0,013423 0,000011
сначала 0,013423 0,000011
симптом 3,624341 0,011691
увидеть 3,218876 0,002596
перевязка 5,010635 0,004041
показать 0,013423 0,000011
слот 5,010635 0,004041
реанимация 5,010635 0,004041
орз 5,010635 0,004041
пароль 0,013423 0,000119
требоваться 2,708050 0,002184
подмосковье 2,238047 0,001805
удалить 0,013423 0,000043
последствие 1,544899 0,001246
оформить 3,064725 0,009886
вход 0,013423 0,000022
читать 0,791128 0,000638
система 1,919593 0,001548
звонить 3,912023 0,003155
описать 0,013423 0,000032
размещение 0,013423 0,000011
сколько 0,006689 0,000038
отказ 2,302585 0,009285
падение 4,317488 0,003482
июнь 1,875141 0,001512
один 1,098612 0,000886
иметь 1,544899 0,001246
посетить 3,218876 0,002596
перенести 3,624341 0,002923
подтверждать 0,013423 0,000011
заявка 2,708050 0,004368
гаврилов 0,013423 0,000011
учредитель 0,013423 0,000011
ссылка 0,013423 0,000043
коммуникация 0,013423 0,000011
инструкция 1,966113 0,009513
мой 0,013423 0,000054
некоторый 2,014903 0,001625
архив 0,190354 0,000154
помочь 0,013423 0,000011
москваздоровие 5,010635 0,004041
судорога 5,010635 0,004041
помимо 2,708050 0,004368
инфекция 5,010635 0,004041
описание 0,013423 0,000011
процесс 0,013423 0,000043
избежать 2,525729 0,002037
выше 3,064725 0,002472
роскомнадзор 0,013423 0,000011
пульсировать 5,010635 0,004041
технология 0,013423 0,000022
среди 2,813411 0,002269
градус 2,931194 0,002364
самочувствие 5,010635 0,004041
сопровождаться 4,317488 0,006964
номер 2,708050 0,002184
москва 0,006689 0,000054
воспользоваться 0,013423 0,000054
предоставлять 2,813411 0,002269
взрослый 2,931194 0,011819
врач 2,014903 0,063372
мобильный 2,708050 0,004368
особенно 2,612740 0,002107
проживание 4,317488 0,003482
далее 0,013423 0,000022
кардиолог 5,010635 0,004041
приезд 5,010635 0,004041
единый 2,177422 0,001756
жидкий 3,218876 0,002596
хотеть 0,006689 0,000011
открывать 0,013423 0,000022
перейти 0,013423 0,000011
угроза 2,238047 0,001805
половина 2,813411 0,002269
портал 2,931194 0,002364
нужно 1,455287 0,003521
стать 0,851752 0,000687
достаточно 2,445686 0,001972
медицинский 3,064725 0,019772
фельдшер 4,317488 0,003482
оглавление 1,791759 0,001445
обращение 0,013423 0,000054
вызывать 3,624341 0,002923
операция 1,752539 0,001413
это 0,013423 0,000032
обработка 0,013423 0,000065
спецпроект 0,190354 0,000154
массовый 0,013423 0,000011
большинство 2,612740 0,002107
депрессия 5,010635 0,004041
код 3,218876 0,002596
новость 0,006689 0,000065
консультация 3,624341 0,005846
стоить 1,678431 0,001354
остановка 3,218876 0,002596
доступный 2,302585 0,007428
кодирование 5,010635 0,004041
симптоматический 5,010635 0,004041
жизнь 1,714798 0,001383
зарегистрироваться 0,013423 0,000054
пожаловаться 0,006689 0,000005
домофон 5,010635 0,004041
войти 0,006689 0,000022
функция 3,624341 0,002923
эл 0,013423 0,000011
невролог 5,010635 0,004041
радио 0,274437 0,000221
дзен 0,851752 0,000687
подсказать 5,010635 0,004041
защита 0,013423 0,000043
избежание 4,317488 0,003482
регистрация 0,013423 0,000054
полис 4,317488 0,003482
уход 3,624341 0,002923
почему 0,013423 0,000011
восстановление 0,013423 0,000043
грипп 5,010635 0,004041
вконтакте 0,013423 0,000022
ждать 1,919593 0,009288
логин 0,013423 0,000011
нарушение 0,013423 0,000043
конфиденциальность 0,013423 0,000043
навсегда 0,013423 0,000011
психиатр 5,010635 0,008082
привязать 3,624341 0,002923
действие 0,013423 0,000011
общий 2,014903 0,001625
релиз 0,013423 0,000011
назад 0,013423 0,000054
первый 0,883501 0,002138
список 0,013423 0,000022
эндокринолог 5,010635 0,004041
состояние 1,919593 0,009288
работник 3,401197 0,002743
стул 5,010635 0,004041
обязательный 0,013423 0,000076
ошибка 0,013423 0,000032
идти 1,919593 0,001548
лаборатория 4,317488 0,003482
взятие 4,317488 0,003482
вопрос 0,006689 0,000027
зубовский 0,013423 0,000022
уточнить 2,931194 0,002364
заполнить 0,013423 0,000076
паралич 5,010635 0,004041
минь 3,624341 0,002923
ваш 0,013423 0,000206
именно 2,066196 0,001666
общество 0,257045 0,000829
имя 0,013423 0,000054
ответ 1,791759 0,001445
главное 1,609438 0,001298
мнение 2,238047 0,005415
риска 3,912023 0,003155
рекомендация 2,708050 0,002184
срок 0,013423 0,000022
основание 0,013423 0,000011
издание 0,013423 0,000011
бульвар 0,013423 0,000022
сетевой 0,013423 0,000011
зайти 3,624341 0,002923
потребоваться 2,525729 0,002037
позволять 2,238047 0,001805
узкий 4,317488 0,003482
использование 0,013423 0,000011
вновь 0,013423 0,000011
самый 0,967584 0,000780
сменить 0,013423 0,000011
материал 0,013423 0,000097
участвовать 0,013423 0,000022
сообщить 0,013423 0,000032
быть 0,013423 0,000011
успешно 0,013423 0,000011
скриншот 0,013423 0,000032
районный 3,218876 0,002596
бригада 3,218876 0,010383
истечь 0,013423 0,000011
поликлиника 4,317488 0,038300
лента 0,006689 0,000011
архивный 1,347074 0,001086
назначение 3,064725 0,002472
линия 2,813411 0,002269
сфера 0,013423 0,000011
электронный 0,013423 0,000011
спорт 0,190354 0,000154
район 2,525729 0,004074
разработать 3,401197 0,002743
неотложный 5,010635 0,004041
мочь 1,399717 0,003386
заболеть 4,317488 0,003482
свидетельство 0,013423 0,000011
комментирование 0,013423 0,000022
запись 2,931194 0,011819
приложение 3,064725 0,007415
психический 4,317488 0,003482
блокироваться 0,013423 0,000011
плохо 3,401197 0,002743
правило 0,013423 0,000076
сохранить 0,013423 0,000011
кашель 5,010635 0,004041
тяжёлый 2,525729 0,002037
жительство 3,401197 0,008229
стресс 4,317488 0,003482
применение 0,013423 0,000011
взаимодействие 0,013423 0,000022
давление 3,218876 0,005192
дать 0,013423 0,000032
пресс 0,013423 0,000022
согласный 0,013423 0,000032
персональный 0,013423 0,000087
перетянуть 0,013423 0,000011
смочь 0,006689 0,000011
использоваться 0,006689 0,000005
готовый 0,006689 0,000016
дата 0,006689 0,000011
вакцинация 4,317488 0,003482
полостной 5,010635 0,004041
одноклассник 0,013423 0,000022
недопустимый 0,013423 0,000011
вы 0,013423 0,000011
оставить 1,966113 0,001586
фио 0,013423 0,000011
головной 3,912023 0,006310
варьироваться 3,401197 0,002743
восстановить 0,013423 0,000011
пожалуйста 0,013423 0,000011
ран 2,931194 0,002364
гастроэнтеролог 3,912023 0,003155
необходимо 1,791759 0,001445
пациент 3,064725 0,007415
эмоциональный 4,317488 0,003482
специалист 2,371578 0,011475
речь 2,813411 0,002269
просто 1,714798 0,001383
приехать 2,931194 0,004728
рвота 5,010635 0,004041
чувствовать 4,317488 0,003482
версия 0,013423 0,000011
ниже 0,013423 0,000032
дыхание 4,317488 0,003482
россия 0,006689 0,000065
простой 1,272966 0,002053
тег 0,190354 0,000154
зарегистрировать 0,013423 0,000011
тревожный 3,912023 0,003155
популярный 1,752539 0,001413
назвать 1,347074 0,001086
проведение 2,177422 0,001756
услуга 2,445686 0,005917
необходимость 2,177422 0,001756
сайт 0,013423 0,000043
поле 0,013423 0,000087
выполнение 2,612740 0,002107
рождение 2,931194 0,002364
желудочный 5,010635 0,004041
полезный 0,143101 0,000115
галочка 0,013423 0,000011
многочисленный 3,401197 0,002743
заблокировать 0,013423 0,000022
перетащить 0,013423 0,000032
особенность 2,120264 0,001710
туризм 0,283247 0,000228
поддерживаетсяполучить 0,013423 0,000011
адрес 0,013423 0,000087
другой 0,013423 0,000076
соответствие 0,013423 0,000022
работа 1,427116 0,001151
инфузионный 4,317488 0,003482
унитарный 0,013423 0,000032
прийти 2,445686 0,001972
оставаться 2,238047 0,001805
давать 0,013423 0,000032
осмотр 4,317488 0,003482
отправка 0,013423 0,000011
ожидание 3,401197 0,002743
загрузить 0,013423 0,000022
направление 0,013423 0,000011
терапия 4,317488 0,006964
телефон 0,013423 0,000022
обществоскорый 5,010635 0,004041
редакция 0,013423 0,000032
должный 0,013423 0,000011
кризис 3,401197 0,002743
знать 2,238047 0,001805
контроль 2,371578 0,001913
психолог 3,624341 0,002923
психоз 5,010635 0,004041
автор 0,013423 0,000011
учёный 3,064725 0,002472
старый 0,013423 0,000011
сообщение 0,013423 0,000152
происшествие 0,292136 0,000236
подтвердить 0,013423 0,000022
узкопрофильный 5,010635 0,004041
реаниматолог 5,010635 0,004041
эксперт 1,373049 0,003322
медсестра 5,010635 0,004041
авторизация 0,013423 0,000011
религия 0,283247 0,000228
рейтинг 0,006689 0,000005
форма 0,013423 0,000130
дом 1,514128 0,030527
показатель 2,931194 0,002364
включая 2,525729 0,004074
культура 0,292136 0,000236
статья 0,013423 0,000011
любой 1,576648 0,001271
сухоруков 4,317488 0,003482
инъекция 5,010635 0,004041
подъезд 4,317488 0,003482
оператор 3,401197 0,005486
временной 3,064725 0,002472
недвижимость 0,292136 0,000236
позвонить 3,624341 0,005846
редактор 0,013423 0,000011
физически 5,010635 0,004041
фгуп 0,499776 0,002015
получить 0,985284 0,003178
контакт 0,013423 0,000011
направить 2,371578 0,003825
профиль 3,401197 0,002743
тема 0,013423 0,000032
сервис 0,174353 0,000422
государственный 0,013423 0,000065
инсульт 5,010635 0,008082
дискуссия 0,013423 0,000022
различный 2,525729 0,002037
связанный 0,013423 0,000022
служба 0,006689 0,000022
риа 0,006689 0,000054
аир 5,010635 0,004041
заметить 0,013423 0,000011
здоровье 1,832581 0,007389
тело 2,612740 0,002107
анализ 2,708050 0,002184
закрытый 0,013423 0,000011
точный 3,624341 0,002923
обращать 0,013423 0,000011
рекомендательный 0,013423 0,000011
онемение 5,010635 0,004041
медбрат 5,010635 0,004041
год 0,006689 0,000016
обратиться 2,302585 0,001857
лечение 3,064725 0,002472
международный 0,013423 0,000032
мессенджер 3,624341 0,002923
ресет 5,010635 0,004041
резкий 3,624341 0,002923
абстиненция 5,010635 0,004041
потеря 2,066196 0,001666
который 0,603916 0,001461
поэтому 2,014903 0,003250
звонок 5,010635 0,004041
хронический 5,010635 0,008082
агентство 0,013423 0,000043
следующий 1,427116 0,002302
регистратура 5,010635 0,024245
авторизоваться 0,013423 0,000022
выбрать 0,013423 0,000054
частный 2,525729 0,008148
рассказать 0,933098 0,000752
сегодня 0,013423 0,000130
улучшить 3,912023 0,003155
повышенный 2,931194 0,002364
приниматься 3,624341 0,002923
просить 0,013423 0,000011
случай 1,643339 0,006626
острый 2,813411 0,004538
температура 2,445686 0,003945
инфаркт 5,010635 0,004041
отравление 3,624341 0,002923
новыесначала 0,013423 0,000011
нужный 1,643339 0,002651
место 1,272966 0,003080
предварительный 3,218876 0,002596
шапка 0,013423 0,000011
отправить 0,013423 0,000152
прозрачный 3,912023 0,003155
регион 1,919593 0,001548
продолжить 0,006689 0,000005
решение 0,006689 0,000005
суицидальный 5,010635 0,004041
коррекция 5,010635 0,004041
ознакомить 0,013423 0,000011
расширение 4,317488 0,003482
благодаря 2,302585 0,001857
вакансия 0,013423 0,000011
недомогание 5,010635 0,004041
мы 0,013423 0,000076
проставлять 0,013423 0,000011
чётко 3,624341 0,002923
участие 0,006689 0,000005
аккаунт 0,013423 0,000054
психотерапевт 5,010635 0,004041
экономика 0,292136 0,000236
смп 5,010635 0,004041
обсуждение 0,013423 0,000022
опечатка 0,013423 0,000011
использовать 0,013423 0,000011
самостоятельно 2,708050 0,004368
каждый 1,399717 0,001129
организация 2,066196 0,001666
указать 2,708050 0,002184
онлайн 0,013423 0,000032
запой 5,010635 0,004041
головокружение 5,010635 0,004041
почта 0,013423 0,000076
блокировка 0,013423 0,000043
бот 5,010635 0,004041
осуществляться 0,013423 0,000011
вызвать 2,371578 0,040164
раздел 2,525729 0,002037
боль 3,912023 0,012619
история 1,139434 0,000919
апрель 0,013423 0,000032
наркотический 5,010635 0,004041
фамилия 0,013423 0,000011
светлана 2,813411 0,004538
яндекс 0,013423 0,000022
либо 0,013423 0,000011
федеральный 0,013423 0,000043
нажимать 0,013423 0,000011
подраздел 5,010635 0,004041
подходящий 3,064725 0,002472
предлагать 2,445686 0,001972
поиск 0,013423 0,000011
показание 3,912023 0,003155
тревога 4,317488 0,006964
целесообразно 4,317488 0,003482
планшет 3,912023 0,003155
сон 3,624341 0,002923
попробовать 0,013423 0,000011
заполнение 0,013423 0,000076
внимание 0,013423 0,000011
принимать 0,013423 0,000011
инвалидность 3,218876 0,002596
алексей 1,966113 0,003171
возможность 1,752539 0,001413
выпуск 0,013423 0,000011
информация 2,066196 0,001666
нарколог 5,010635 0,004041
интоксикация 5,010635 0,008082
подготовить 2,120264 0,001710
артериальный 5,010635 0,004041
доврачебный 5,010635 0,004041
надзор 0,013423 0,000011
скорый 2,931194 0,018911
способ 0,013423 0,000043
предприятие 0,013423 0,000032
высокий 2,238047 0,001805
оказание 4,317488 0,003482
наука 0,283247 0,000228
какой 1,399717 0,007902
обострение 3,912023 0,006310
агрессия 4,317488 0,006964
наличие 3,064725 0,002472
обратный 0,013423 0,000076
учреждение 3,401197 0,005486
продукт 0,135438 0,000109
произойти 0,013423 0,000011
семейный 2,525729 0,002037
