состояться 2,708050 0,001061
состоять 3,218876 0,001261
банк 1,966113 0,024644
рф 1,181994 0,010649
личный 2,177422 0,000853
законный 0,013423 0,000005
день 0,591795 0,000232
найти 0,013423 0,000005
письмо 0,013423 0,000011
целое 3,218876 0,003782
спасибо 0,013423 0,000005
повлиять 3,401197 0,001332
расширить 0,006689 0,000003
мама 3,912023 0,001532
эффективный 3,401197 0,001332
зампред 5,010635 0,001963
согласие 0,013423 0,000011
частность 3,064725 0,001200
центр 0,166448 0,000065
заявление 2,066196 0,000809
опускать 3,912023 0,001532
множество 2,931194 0,001148
стабильный 3,624341 0,001420
связаться 0,013423 0,000032
декабрь 0,985284 0,004245
человек 1,118815 0,000876
реклама 0,013423 0,000011
фото 0,013423 0,000005
пункт 2,238047 0,003507
явление 3,912023 0,001532
депозит 5,010635 0,005888
связь 0,006689 0,000024
обязательство 2,931194 0,001148
иностранный 2,177422 0,000853
положительный 3,912023 0,001532
домино 5,010635 0,001963
график 3,912023 0,006129
очевидный 3,401197 0,002664
здание 3,624341 0,001420
деловой 3,064725 0,001200
весь 1,021651 0,000800
пройти 0,006689 0,000003
заголовок 0,013423 0,000011
информационный 0,013423 0,000021
резервный 3,912023 0,001532
необходимый 2,238047 0,002630
взаимосвязь 5,010635 0,001963
рассмотреть 0,013423 0,000005
расположить 0,013423 0,000011
проект 2,014903 0,000789
слишком 2,708050 0,002121
оплачивать 3,401197 0,002664
быстро 2,177422 0,000853
ситуация 1,643339 0,003862
главный 0,013423 0,000011
подкаст 0,292136 0,000114
проблема 0,013423 0,000005
данные 0,013423 0,000058
также 1,139434 0,001785
член 2,238047 0,002630
обесцениваться 5,010635 0,001963
появиться 2,120264 0,000830
индивидуальный 3,218876 0,001261
замедлить 4,317488 0,001691
снизиться 3,624341 0,004259
фотография 0,013423 0,000005
андриан 5,010635 0,001963
долговой 5,010635 0,003925
снова 2,612740 0,002047
соглашаться 0,013423 0,000005
сначала 0,013423 0,000005
находиться 2,177422 0,001706
изменение 2,525729 0,010882
начать 1,966113 0,000770
малое 3,912023 0,001532
устанавливаться 3,218876 0,001261
отследить 4,317488 0,001691
размещать 5,010635 0,001963
повышать 3,912023 0,003065
однако 1,966113 0,000770
удалить 0,013423 0,000021
цб 2,931194 0,029852
себя 2,445686 0,000958
серьёзный 2,525729 0,000989
коммерческий 3,401197 0,002664
система 1,919593 0,000752
производственный 3,624341 0,002839
размещение 0,013423 0,000016
сколько 0,006689 0,000003
июнь 1,875141 0,005141
стабилизация 4,317488 0,003382
тишина 3,912023 0,001532
постепенно 2,931194 0,003444
нормальный 4,317488 0,001691
один 1,098612 0,000430
иметь 1,544899 0,000605
председатель 3,064725 0,001200
различие 5,010635 0,001963
совет 1,226446 0,004324
значительный 2,931194 0,002296
контролировать 3,064725 0,001200
должность 3,064725 0,001200
последний 0,899761 0,000705
стимулирование 5,010635 0,003925
дорогой 3,064725 0,001200
формирование 2,931194 0,001148
архив 0,190354 0,000075
труд 2,931194 0,003444
курс 3,401197 0,001332
фондовый 5,010635 0,003925
привлекательный 5,010635 0,001963
арсенал 4,317488 0,001691
ресурс 2,612740 0,001023
сша 1,118815 0,000438
описание 0,013423 0,000005
процесс 0,013423 0,000016
июль 1,609438 0,003782
отток 5,010635 0,001963
способность 4,317488 0,001691
говорить 1,714798 0,004030
негативный 3,624341 0,001420
положительно 4,317488 0,001691
следствие 3,624341 0,001420
артур 5,010635 0,007851
подряд 3,401197 0,001332
становиться 2,177422 0,002559
меняться 3,218876 0,001261
климат 4,317488 0,003382
перекладываться 5,010635 0,001963
влиять 2,445686 0,009580
ноябрь 1,514128 0,000593
вклад 3,401197 0,003997
центробанк 4,317488 0,015220
являться 1,875141 0,002203
сигнал 2,931194 0,001148
проводиться 3,401197 0,001332
усилие 3,218876 0,001261
наоборот 3,401197 0,001332
увеличивать 3,912023 0,006129
перейти 0,013423 0,000063
удержать 5,010635 0,001963
алёна 3,624341 0,004259
счёт 2,014903 0,001578
нужно 1,455287 0,000570
траектория 3,624341 0,002839
оглавление 1,791759 0,000702
наращивать 3,912023 0,001532
картина 3,218876 0,001261
группа 2,302585 0,000902
огонь 1,966113 0,000770
спецпроект 0,190354 0,000075
экспертный 4,317488 0,001691
слово 1,514128 0,003558
рост 2,708050 0,028640
петров 3,401197 0,005329
процент 2,612740 0,004094
плод 3,401197 0,001332
стоить 1,678431 0,000657
эффект 3,401197 0,001332
менять 2,525729 0,000989
функция 3,624341 0,001420
разнообразие 4,317488 0,001691
периодический 4,317488 0,001691
отслеживать 3,912023 0,001532
затрата 3,912023 0,001532
понижать 5,010635 0,001963
эл 0,013423 0,000005
уменьшиться 4,317488 0,001691
устойчивость 3,624341 0,001420
функционировать 4,317488 0,001691
аверин 4,317488 0,003382
дзен 0,851752 0,000334
переменный 5,010635 0,001963
почему 0,013423 0,000005
директор 2,612740 0,009211
быстрый 1,714798 0,000672
хороший 1,059392 0,000415
банкомат 3,912023 0,003065
обслуживание 3,912023 0,001532
рассчитать 3,912023 0,001532
вконтакте 0,013423 0,000011
ускорение 4,317488 0,001691
логин 0,013423 0,000005
конфиденциальность 0,013423 0,000021
нарушение 0,013423 0,000016
навсегда 0,013423 0,000005
привязать 3,624341 0,001420
сокращение 3,624341 0,002839
назад 0,013423 0,000026
продолжать 2,371578 0,003716
список 0,013423 0,000005
кадр 3,624341 0,001420
масса 2,813411 0,001102
состояние 1,919593 0,003008
толгский 5,010635 0,003925
норма 2,525729 0,000989
зубовский 0,013423 0,000011
суверенитет 3,912023 0,001532
заполнить 0,013423 0,000037
общество 0,257045 0,000101
федерация 2,066196 0,000809
возникнуть 2,931194 0,001148
основание 0,013423 0,000005
повысить 3,624341 0,002839
издание 0,013423 0,000005
бульвар 0,013423 0,000021
активный 2,813411 0,002204
сетевой 0,013423 0,000005
глобальный 3,218876 0,001261
капитал 2,931194 0,001148
позволять 2,238047 0,000877
зафиксировать 3,912023 0,001532
вновь 0,013423 0,000005
сменить 0,013423 0,000005
толстик 5,010635 0,005888
участвовать 0,013423 0,000011
товар 3,064725 0,006002
сообщить 0,013423 0,000005
быть 0,013423 0,000016
европейский 1,791759 0,000702
нынешний 3,624341 0,001420
аналитик 3,064725 0,001200
скриншот 0,013423 0,000016
ценный 3,912023 0,001532
определение 3,218876 0,001261
истечь 0,013423 0,000005
отмечать 1,399717 0,001645
электронный 0,013423 0,000005
установить 2,302585 0,000902
спорт 0,190354 0,000075
шок 5,010635 0,001963
кредит 2,302585 0,012627
выполнять 3,218876 0,001261
этот 1,514128 0,000593
рассчитываться 3,624341 0,001420
отражать 3,912023 0,001532
консультативный 5,010635 0,001963
вадим 4,317488 0,006765
сбор 2,708050 0,001061
глава 1,919593 0,000752
сохранить 0,013423 0,000011
основной 2,371578 0,001858
взаимодействие 0,013423 0,000011
илья 3,218876 0,002522
неопределённость 3,912023 0,001532
базисный 5,010635 0,001963
альтернативный 3,624341 0,001420
согласный 0,013423 0,000016
перетянуть 0,013423 0,000005
позволить 2,708050 0,002121
использоваться 0,006689 0,000005
питалевый 5,010635 0,003925
опережать 5,010635 0,003925
стремиться 3,912023 0,001532
впервые 2,238047 0,000877
базовый 3,624341 0,004259
раз 3,064725 0,001200
магазин 3,064725 0,002401
адаптивность 5,010635 0,001963
оставить 1,966113 0,001540
фио 0,013423 0,000005
варьироваться 3,401197 0,001332
пожалуйста 0,013423 0,000005
вкладывать 5,010635 0,003925
российский 0,883501 0,001730
цель 1,966113 0,003851
необходимо 1,791759 0,000702
экономический 2,302585 0,018940
версия 0,013423 0,000005
ниже 0,013423 0,000016
комментировать 3,064725 0,002401
инвестиционный 3,624341 0,001420
оправдать 4,317488 0,001691
тег 0,190354 0,000075
обычно 2,813411 0,002204
зарегистрировать 0,013423 0,000005
финансы 4,317488 0,006765
назвать 1,347074 0,000528
цена 1,966113 0,006931
росдорбанк 4,317488 0,001691
доля 3,401197 0,001332
поле 0,013423 0,000042
связать 2,445686 0,000958
выполнение 2,612740 0,001023
инфляционный 5,010635 0,007851
увеличить 3,218876 0,001261
перетащить 0,013423 0,000016
туризм 0,283247 0,000111
руководство 2,931194 0,001148
адрес 0,013423 0,000026
соответствие 0,013423 0,000011
работа 1,427116 0,000559
долг 2,445686 0,000958
оставаться 2,238047 0,001753
вынудить 3,624341 0,001420
блок 3,912023 0,001532
трата 4,317488 0,001691
ожидание 3,401197 0,003997
загрузить 0,013423 0,000011
направление 0,013423 0,000011
кандидат 3,218876 0,001261
отрегулировать 4,317488 0,001691
телефон 0,013423 0,000005
редакция 0,013423 0,000016
закладываться 5,010635 0,001963
период 1,118815 0,001315
должный 0,013423 0,000011
заседание 3,401197 0,021316
параметр 3,401197 0,002664
центральный 3,401197 0,014655
экономист 3,912023 0,001532
автор 0,013423 0,000005
понижение 5,010635 0,007851
старый 0,013423 0,000005
сообщение 0,013423 0,000074
неконтролируемый 5,010635 0,001963
возвращаться 2,931194 0,002296
превратиться 3,624341 0,001420
кроме 1,919593 0,001504
происшествие 0,292136 0,000114
подход 2,708050 0,001061
постепенный 5,010635 0,003925
возрастать 4,317488 0,003382
подтвердить 0,013423 0,000005
высоко 5,010635 0,001963
напряжённость 5,010635 0,001963
правительство 1,875141 0,000734
дополнять 3,624341 0,001420
эксперт 1,373049 0,005916
спрос 3,401197 0,002664
бизнес 2,708050 0,013790
колумнист 5,010635 0,001963
указывать 2,708050 0,001061
брать 2,445686 0,002874
публиковаться 3,401197 0,001332
максимальный 2,371578 0,000929
включая 2,525729 0,001979
культура 0,292136 0,000114
сооснователь 5,010635 0,001963
накопление 3,912023 0,003065
применяться 2,931194 0,002296
привлечение 3,624341 0,002839
статья 0,013423 0,000005
эльвира 5,010635 0,007851
оговорить 5,010635 0,001963
отношение 1,791759 0,001404
посвятить 3,218876 0,001261
широко 3,401197 0,001332
мировой 2,371578 0,000929
бумага 3,912023 0,001532
редактор 0,013423 0,000005
потребитель 3,401197 0,002664
эдуард 5,010635 0,001963
фгуп 0,499776 0,000587
внеплановый 5,010635 0,001963
близкий 2,066196 0,000809
контакт 0,013423 0,000005
покупка 2,931194 0,002296
государственный 0,013423 0,000021
фактор 3,624341 0,002839
уменьшение 5,010635 0,001963
следить 2,612740 0,001023
инвестиция 3,218876 0,007565
оказывать 3,401197 0,001332
сделать 1,226446 0,000480
медиабанкдевушка 3,912023 0,001532
связанный 0,013423 0,000011
риа 0,006689 0,000042
закрытый 0,013423 0,000005
обращать 0,013423 0,000005
испытывать 4,317488 0,001691
разный 1,484275 0,000581
год 0,006689 0,000123
аналитический 4,317488 0,001691
максим 2,525729 0,001979
увеличение 3,064725 0,003601
приходиться 3,912023 0,003065
международный 0,013423 0,000016
комитет 2,708050 0,001061
сбер 4,317488 0,003382
учитываться 3,624341 0,001420
безработица 3,912023 0,001532
делегация 2,708050 0,001061
заставлять 3,912023 0,001532
финтех 5,010635 0,001963
май 1,643339 0,000644
фрс 5,010635 0,001963
агентство 0,013423 0,000021
блин 2,014903 0,001578
заёмный 4,317488 0,001691
рамка 2,708050 0,001061
выплата 2,931194 0,001148
текущий 3,218876 0,007565
сегодня 0,013423 0,000047
страна 1,139434 0,004017
вместо 2,813411 0,001102
повышенный 2,931194 0,001148
приниматься 3,624341 0,005679
просить 0,013423 0,000005
инструмент 3,218876 0,007565
акция 2,931194 0,003444
сразу 1,832581 0,000718
продолжительный 4,317488 0,005073
покупатель 3,218876 0,001261
такой 1,098612 0,003012
руководитель 2,445686 0,001916
вместе 2,302585 0,000902
учёт 2,813411 0,001102
малый 2,612740 0,001023
рассказывать 2,014903 0,000789
обесценивание 4,317488 0,001691
динамика 3,624341 0,001420
медиабанкп 5,010635 0,001963
шапка 0,013423 0,000005
отправить 0,013423 0,000074
сохраняться 3,401197 0,001332
продолжить 0,006689 0,000003
коллегиальный 5,010635 0,001963
решение 0,006689 0,000037
проходить 2,177422 0,000853
ознакомить 0,013423 0,000005
генеральный 3,401197 0,001332
расширение 4,317488 0,001691
март 1,514128 0,005338
санкционный 3,912023 0,001532
включать 2,813411 0,002204
проставлять 0,013423 0,000005
аккаунт 0,013423 0,000026
экономика 0,292136 0,002174
обсуждение 0,013423 0,000021
тот 1,576648 0,000618
наиболее 2,813411 0,001102
организация 2,066196 0,000809
госдума 2,708050 0,002121
гражданин 2,066196 0,002428
премия 3,624341 0,001420
почта 0,013423 0,000037
блокировка 0,013423 0,000021
история 1,139434 0,000893
нестабильный 5,010635 0,001963
валюта 5,010635 0,001963
конечный 3,912023 0,003065
фамилия 0,013423 0,000005
ецб 5,010635 0,001963
волатильность 5,010635 0,001963
яндекс 0,013423 0,000011
увеличиваться 3,624341 0,001420
принести 2,371578 0,000929
либо 0,013423 0,000016
мощность 3,064725 0,001200
привязка 5,010635 0,001963
нажимать 0,013423 0,000005
поиск 0,013423 0,000005
гуу 5,010635 0,001963
запланировать 3,624341 0,001420
аналогичный 3,218876 0,001261
исторический 2,612740 0,002047
возрасти 3,912023 0,003065
ставкафинансыинфляцияэкономикакредитыденежный 5,010635 0,001963
участник 1,752539 0,000686
низкий 3,401197 0,005329
алексей 1,966113 0,003080
условие 1,321756 0,004142
индикатор 4,317488 0,003382
встреча 1,832581 0,000718
устойчивый 3,624341 0,002839
выпускать 4,317488 0,001691
стоимость 2,525729 0,001979
достижение 2,708050 0,001061
соотношение 3,624341 0,001420
принять 1,791759 0,002105
постоянно 2,371578 0,001858
немой 2,612740 0,001023
мейнхард 5,010635 0,007851
норвика 5,010635 0,001963
риск 2,813411 0,002204
упасть 3,624341 0,001420
жёсткий 2,931194 0,002296
способ 0,013423 0,000016
высокий 2,238047 0,009643
доцент 2,708050 0,001061
продукт 0,135438 0,000053
обороток 5,010635 0,001963
второй 1,427116 0,000559
затягивать 4,317488 0,001691
реагирование 3,912023 0,001532
приводить 3,912023 0,001532
еврозона 5,010635 0,001963
новый 0,006689 0,000021
образ 2,066196 0,001619
происходить 2,177422 0,001706
полугодие 5,010635 0,001963
индексация 3,912023 0,001532
население 2,813411 0,002204
ставка 2,813411 0,126730
удар 2,120264 0,000830
важный 1,297063 0,001524
доступ 0,013423 0,000011
критиковать 5,010635 0,001963
рефинансирование 5,010635 0,001963
миа 0,013423 0,000026
баранов 5,010635 0,001963
предел 2,931194 0,004593
задать 0,013423 0,000005
годовой 5,010635 0,003925
помощь 1,321756 0,000518
пава 3,912023 0,004597
макроэкономический 5,010635 0,003925
г 0,013423 0,000011
политика 0,013423 0,000074
формироваться 3,912023 0,001532
добиться 2,302585 0,000902
показывать 3,218876 0,002522
о 0,013423 0,000005
п 3,218876 0,001261
средство 2,120264 0,004983
течение 0,013423 0,000016
оно 2,302585 0,000902
тратить 3,401197 0,001332
мир 0,223144 0,000262
итоговый 3,912023 0,001532
статистический 3,912023 0,001532
входить 2,813411 0,001102
цветной 3,064725 0,002401
христиан 5,010635 0,001963
планировать 2,612740 0,003070
небольшой 2,014903 0,000789
конец 1,643339 0,001287
время 0,013423 0,000016
негатив 5,010635 0,001963
кнопка 0,013423 0,000005
денежный 3,064725 0,013205
активизировать 5,010635 0,001963
внутренний 3,218876 0,001261
ранее 0,013423 0,000005
плановый 4,317488 0,001691
составлять 2,238047 0,003507
сергей 1,544899 0,002421
флоатер 5,010635 0,001963
город 0,013423 0,000005
разблокировать 0,013423 0,000016
реализовать 3,064725 0,001200
час 0,013423 0,000011
чат 0,013423 0,000011
опора 3,624341 0,001420
восемь 3,218876 0,001261
сектор 3,064725 0,001200
актив 2,931194 0,001148
новостеймолния 0,013423 0,000005
написать 0,013423 0,000005
прийтись 2,708050 0,001061
вырасти 2,931194 0,001148
зависимость 1,966113 0,001540
начаться 2,813411 0,002204
периодичность 5,010635 0,001963
показать 0,013423 0,000005
впоследствии 3,912023 0,001532
отсутствие 2,014903 0,000789
ключевой 2,445686 0,091965
основный 1,791759 0,000702
пароль 0,013423 0,000058
подливать 5,010635 0,001963
последствие 1,544899 0,004236
порядок 1,832581 0,000718
платформа 3,218876 0,001261
офис 2,931194 0,002296
вход 0,013423 0,000011
перезанимать 5,010635 0,001963
читать 0,791128 0,000310
описать 0,013423 0,000005
воздержаться 3,912023 0,001532
импортозамещение 5,010635 0,001963
оценка 2,931194 0,001148
снизить 2,931194 0,006889
департамент 3,218876 0,001261
удорожать 5,010635 0,001963
мера 1,875141 0,000734
существенный 3,912023 0,003065
подтверждать 0,013423 0,000005
гаврилов 0,013423 0,000005
учредитель 0,013423 0,000005
лишь 2,371578 0,002787
япония 3,218876 0,001261
ссылка 0,013423 0,000021
коммуникация 0,013423 0,000005
активность 3,218876 0,008826
кстати 4,317488 0,001691
мой 0,013423 0,000026
момент 2,014903 0,001578
графика 4,317488 0,001691
домохозяйство 5,010635 0,001963
помочь 0,013423 0,000005
академик 3,912023 0,001532
константин 3,064725 0,001200
основа 2,120264 0,000830
выше 3,064725 0,002401
карта 2,612740 0,001023
пояснять 2,371578 0,003716
делать 1,427116 0,001118
роскомнадзор 0,013423 0,000005
технология 0,013423 0,000011
остаться 1,919593 0,000752
девушка 2,931194 0,001148
комфортный 3,218876 0,001261
накопительный 3,912023 0,001532
москва 0,006689 0,000018
воспользоваться 0,013423 0,000021
уменьшаться 3,912023 0,001532
офз 5,010635 0,001963
выгодный 3,218876 0,001261
финансист 3,912023 0,001532
поднимать 4,317488 0,003382
деньга 2,066196 0,003237
рынок 2,708050 0,008486
далее 0,013423 0,000021
возвращение 5,010635 0,001963
сравнение 3,624341 0,002839
расчёт 2,708050 0,001061
хотеть 0,006689 0,000003
облигация 5,010635 0,003925
открывать 0,013423 0,000011
нормально 4,317488 0,001691
процентный 5,010635 0,009813
урегулировать 3,401197 0,001332
стать 0,851752 0,001001
достаточно 2,445686 0,000958
раить 5,010635 0,001963
мсп 5,010635 0,001963
обращение 0,013423 0,000016
десятка 2,525729 0,001979
это 0,013423 0,000095
массовый 0,013423 0,000011
обработка 0,013423 0,000026
равный 3,624341 0,001420
большинство 2,612740 0,002047
поддерживать 2,371578 0,000929
минфин 4,317488 0,001691
два 1,514128 0,000593
опрос 2,931194 0,001148
дефицит 3,064725 0,001200
новость 0,006689 0,000047
сентябрь 1,427116 0,004472
доступный 2,302585 0,001804
покупать 2,612740 0,001023
зарегистрироваться 0,013423 0,000026
пожаловаться 0,006689 0,000003
войти 0,006689 0,000010
держать 2,931194 0,001148
сдерживать 4,317488 0,001691
осуществление 3,624341 0,001420
шестой 3,912023 0,001532
радио 0,274437 0,000107
защита 0,013423 0,000021
считать 2,014903 0,000789
регистрация 0,013423 0,000026
институциональный 5,010635 0,001963
минимум 2,371578 0,001858
сокращаться 4,317488 0,001691
рубль 2,302585 0,000902
восстановление 0,013423 0,000021
спокойный 5,010635 0,001963
просчитывать 5,010635 0,001963
регулировать 3,218876 0,001261
основываться 4,317488 0,001691
предполагать 5,010635 0,001963
инфляция 3,624341 0,044009
учитывать 2,813411 0,001102
ждать 1,919593 0,000752
обычный 2,813411 0,001102
возобновиться 4,317488 0,001691
путин 1,373049 0,001076
стимул 5,010635 0,003925
действие 0,013423 0,000005
релиз 0,013423 0,000016
межсессионный 5,010635 0,001963
первый 0,883501 0,001730
означать 3,401197 0,001332
пять 1,966113 0,000770
итог 2,302585 0,003608
самоподдерживающийся 5,010635 0,001963
обязательный 0,013423 0,000037
февраль 0,567984 0,002002
практически 2,445686 0,000958
ошибка 0,013423 0,000016
значение 2,238047 0,005260
планироваться 3,624341 0,001420
вопрос 0,006689 0,000010
целевой 3,912023 0,004597
стимулировать 5,010635 0,003925
поскольку 2,612740 0,001023
компания 1,919593 0,005263
размер 2,014903 0,002368
доступность 4,317488 0,001691
кредитный 3,624341 0,026973
купон 5,010635 0,003925
ваш 0,013423 0,000084
имя 0,013423 0,000026
ответ 1,791759 0,000702
мнение 2,238047 0,004383
срок 0,013423 0,000016
больший 2,014903 0,000789
считаться 2,525729 0,000989
благоприятный 5,010635 0,001963
дальнейший 2,813411 0,002204
драйвер 5,010635 0,001963
использование 0,013423 0,000005
август 1,752539 0,000686
самый 0,967584 0,000758
низко 5,010635 0,001963
материал 0,013423 0,000047
поспевать 5,010635 0,001963
технологический 2,813411 0,001102
выбирать 2,014903 0,000789
успешно 0,013423 0,000005
точнее 3,912023 0,001532
снижаться 4,317488 0,003382
укладываться 3,912023 0,001532
лента 0,006689 0,000005
политикаэльвира 5,010635 0,001963
нейтральный 3,624341 0,001420
представлять 3,064725 0,001200
сфера 0,013423 0,000005
монетарный 5,010635 0,003925
месяц 1,003302 0,000393
среднесрочный 4,317488 0,001691
свидетельство 0,013423 0,000005
остановить 3,401197 0,001332
комментирование 0,013423 0,000011
блокироваться 0,013423 0,000005
эмиссия 5,010635 0,001963
эффстеп 5,010635 0,001963
женский 3,218876 0,001261
правило 0,013423 0,000032
сохранение 3,218876 0,001261
применение 0,013423 0,000005
давление 3,218876 0,001261
дать 0,013423 0,000021
призвать 2,525729 0,000989
пресс 0,013423 0,000037
персональный 0,013423 0,000042
возможный 1,576648 0,000618
смочь 0,006689 0,000005
производитель 3,218876 0,001261
прогнозировать 3,912023 0,001532
зарплата 4,317488 0,005073
третий 1,919593 0,000752
готовый 0,006689 0,000005
прогноз 3,064725 0,014405
доходность 5,010635 0,001963
дата 0,006689 0,000010
снижение 3,624341 0,017036
вернуться 2,445686 0,000958
инфографик 2,177422 0,000853
публиковать 3,912023 0,003065
очередь 2,120264 0,002491
одноклассник 0,013423 0,000011
недопустимый 0,013423 0,000005
оборотный 5,010635 0,001963
купонный 5,010635 0,003925
вы 0,013423 0,000005
восстановить 0,013423 0,000005
инфографикаключевой 5,010635 0,001963
суханов 5,010635 0,001963
проводить 2,445686 0,000958
производительность 5,010635 0,001963
предпринимательство 4,317488 0,003382
узнать 2,014903 0,002368
потребление 3,912023 0,004597
россия 0,006689 0,000089
простой 1,272966 0,001994
скорость 3,912023 0,001532
свой 0,867501 0,000680
компенсировать 3,218876 0,001261
проведение 2,177422 0,000853
объём 2,445686 0,001916
необходимость 2,177422 0,000853
услуга 2,445686 0,000958
сайт 0,013423 0,000021
полезный 0,143101 0,000056
галочка 0,013423 0,000005
заблокировать 0,013423 0,000011
предприниматель 3,912023 0,003065
поддерживаетсяполучить 0,013423 0,000005
другой 0,013423 0,000037
сюда 3,624341 0,001420
унитарный 0,013423 0,000016
пао 3,912023 0,001532
давать 0,013423 0,000016
побуждать 5,010635 0,001963
рабочий 2,708050 0,001061
отправка 0,013423 0,000005
набиуллин 5,010635 0,011776
мониторит 5,010635 0,001963
отрасль 3,624341 0,002839
ипотека 3,624341 0,002839
причина 2,066196 0,006475
контроль 2,371578 0,000929
сбербанк 3,624341 0,002839
вид 1,399717 0,000548
регулятор 5,010635 0,009813
мастер 3,064725 0,001200
сбалансированный 3,912023 0,003065
гунеев 4,317488 0,003382
подчёркивать 2,813411 0,002204
издержка 4,317488 0,005073
масло 2,238047 0,000877
замедление 5,010635 0,005888
поощрять 5,010635 0,001963
авторизация 0,013423 0,000005
религия 0,283247 0,000111
рейтинг 0,006689 0,000003
форма 0,013423 0,000063
отрицательный 5,010635 0,003925
среднее 2,445686 0,000958
показатель 2,931194 0,011481
зависеть 2,066196 0,000809
регулирование 3,218876 0,003782
евросоюз 2,238047 0,000877
нулевой 4,317488 0,001691
любой 1,576648 0,000618
промышленность 2,813411 0,001102
недвижимость 0,292136 0,000114
ик 5,010635 0,001963
кардинальный 5,010635 0,001963
темп 5,010635 0,001963
понизить 5,010635 0,001963
повышение 3,401197 0,011990
комментарий 3,624341 0,001420
медиабанкпервый 5,010635 0,001963
тема 0,013423 0,000016
сервис 0,174353 0,000068
сберегать 5,010635 0,001963
таргетировать 5,010635 0,001963
дискуссия 0,013423 0,000011
предложение 2,612740 0,001023
служба 0,006689 0,000010
заметить 0,013423 0,000005
здоровье 1,832581 0,000718
рекомендательный 0,013423 0,000005
актуальный 3,401197 0,001332
медиабанкздание 4,317488 0,001691
выдавать 3,624341 0,001420
медиабанк 1,321756 0,002589
октябрь 1,714798 0,004702
покупательный 5,010635 0,001963
закрываться 5,010635 0,001963
управление 2,371578 0,002787
решить 1,919593 0,000752
который 0,603916 0,002602
постоянный 3,401197 0,001332
турция 3,624341 0,001420
например 1,714798 0,000672
следующий 1,427116 0,001118
потребительский 3,624341 0,001420
спад 5,010635 0,001963
привести 2,371578 0,000929
заём 3,624341 0,001420
авторизоваться 0,013423 0,000011
сказываться 4,317488 0,001691
выбрать 0,013423 0,000016
рассказать 0,933098 0,000731
частный 2,525729 0,000989
президент 1,643339 0,000644
сбережение 5,010635 0,001963
новыесначала 0,013423 0,000005
нужный 1,643339 0,004506
медиабанкпокупатель 5,010635 0,001963
создание 2,302585 0,000902
несколько 1,544899 0,000605
разгоняться 5,010635 0,003925
успешный 3,912023 0,001532
вакансия 0,013423 0,000005
мы 0,013423 0,000037
крайне 3,218876 0,001261
участие 0,006689 0,000003
утверждать 2,302585 0,000902
отчёт 3,912023 0,001532
достигнуть 2,612740 0,002047
анна 2,931194 0,001148
выбор 2,066196 0,000809
опечатка 0,013423 0,000005
использовать 0,013423 0,000005
каждый 1,399717 0,000548
расти 3,624341 0,002839
онлайн 0,013423 0,000005
маленький 2,371578 0,000929
внешнеторговый 5,010635 0,001963
осуществляться 0,013423 0,000005
баланс 3,912023 0,001532
обеспечение 2,612740 0,002047
раздел 2,525729 0,000989
апрель 0,013423 0,000032
развивающийся 5,010635 0,001963
основатель 3,912023 0,001532
промышленник 5,010635 0,001963
уровень 2,014903 0,011838
финансовый 1,714798 0,004030
составить 2,931194 0,001148
владимир 1,373049 0,001076
влияние 3,064725 0,004802
орган 2,708050 0,002121
федеральный 0,013423 0,000032
уточнять 2,445686 0,000958
формат 2,120264 0,001661
обязать 2,813411 0,001102
развитие 2,066196 0,003237
он 3,064725 0,001200
браться 3,624341 0,001420
открыться 2,708050 0,002121
рентабельность 5,010635 0,001963
поручение 5,010635 0,001963
умеренный 3,912023 0,004597
официальный 2,177422 0,001706
способствовать 2,813411 0,001102
попробовать 0,013423 0,000005
заполнение 0,013423 0,000037
внимание 0,013423 0,000011
принимать 0,013423 0,000011
жёсткость 4,317488 0,001691
ориентир 4,317488 0,001691
возможность 1,752539 0,001373
завершиться 2,931194 0,001148
плохой 2,708050 0,001061
занимать 2,525729 0,001979
выпуск 0,013423 0,000021
информация 2,066196 0,001619
огромный 2,302585 0,000902
кафедра 4,317488 0,001691
надзор 0,013423 0,000005
сообщать 3,218876 0,001261
очень 1,678431 0,001315
всё 3,912023 0,001532
предприятие 0,013423 0,000026
отражаться 5,010635 0,001963
наука 0,283247 0,000222
резюме 5,010635 0,003925
обратный 0,013423 0,000037
произойти 0,013423 0,000005
