рф 1,181994 0,003708
законный 0,013423 0,000011
девять 3,624341 0,002843
новый 0,006689 0,000010
день 0,591795 0,001392
поведение 3,064725 0,002404
закричать 5,010635 0,003930
найти 0,013423 0,000011
письмо 0,013423 0,000021
вызов 3,218876 0,002525
вынести 2,813411 0,002207
спасибо 0,013423 0,000011
выйти 2,371578 0,001860
рот 3,401197 0,002668
расширить 0,006689 0,000005
угрожать 3,624341 0,002843
вынесение 3,912023 0,006137
ск 2,931194 0,013794
попросить 3,401197 0,005335
согласие 0,013423 0,000021
ушиб 5,010635 0,003930
центр 0,166448 0,000261
доступ 0,013423 0,000021
пойти 2,708050 0,004248
миа 0,013423 0,000053
задать 0,013423 0,000011
помощь 1,321756 0,001037
александр 1,373049 0,002154
связаться 0,013423 0,000063
декабрь 0,985284 0,000773
исполнение 3,218876 0,002525
отговаривать 5,010635 0,003930
лично 3,401197 0,002668
г 0,013423 0,000021
реклама 0,013423 0,000021
фото 0,013423 0,000053
полгода 3,401197 0,002668
политика 0,013423 0,000053
связь 0,006689 0,000042
к 2,177422 0,001708
расследовать 4,317488 0,003386
м 2,302585 0,001806
вплоть 5,010635 0,003930
о 0,013423 0,000011
продолжаться 3,401197 0,002668
суд 1,791759 0,011242
течение 0,013423 0,000011
знакомый 3,064725 0,007211
похороны 5,010635 0,003930
накормить 5,010635 0,003930
мальчик 4,317488 0,020318
задержка 3,401197 0,002668
мир 0,223144 0,000175
обвинять 3,624341 0,008528
весь 1,021651 0,000801
пройти 0,006689 0,000005
заголовок 0,013423 0,000021
информационный 0,013423 0,000042
дело 1,249435 0,010779
бояться 3,624341 0,002843
екатеринбург 2,813411 0,006620
рассмотреть 0,013423 0,000011
расположить 0,013423 0,000021
небольшой 2,014903 0,001580
быстро 2,177422 0,001708
время 0,013423 0,000011
единственный 2,525729 0,001981
кнопка 0,013423 0,000011
несовершеннолетний 2,931194 0,002299
собраться 5,010635 0,003930
убийство 3,064725 0,031248
соцсеть 3,912023 0,003068
шоковый 4,317488 0,003386
обвинение 3,624341 0,002843
уверять 5,010635 0,011790
обжалование 5,010635 0,003930
ранее 0,013423 0,000021
проблема 0,013423 0,000021
подкаст 0,292136 0,000229
главный 0,013423 0,000011
констатировать 4,317488 0,003386
данные 0,013423 0,000095
причинить 5,010635 0,003930
также 1,139434 0,000894
избить 5,010635 0,007860
город 0,013423 0,000011
разблокировать 0,013423 0,000032
фотография 0,013423 0,000011
сиреневый 4,317488 0,003386
час 0,013423 0,000021
чат 0,013423 0,000021
званец 5,010635 0,003930
новостеймолния 0,013423 0,000011
написать 0,013423 0,000011
единоборство 2,371578 0,001860
соглашаться 0,013423 0,000011
зал 3,624341 0,008528
сначала 0,013423 0,000011
находиться 2,177422 0,003416
вред 2,445686 0,003836
родить 3,218876 0,002525
удариться 5,010635 0,011790
показать 0,013423 0,000021
приходить 3,401197 0,002668
кричать 4,317488 0,003386
трубка 4,317488 0,003386
нож 3,064725 0,002404
судить 3,912023 0,003068
пароль 0,013423 0,000116
приговор 3,064725 0,002404
однако 1,966113 0,004626
удалить 0,013423 0,000042
настаивать 4,317488 0,003386
вход 0,013423 0,000021
читать 0,791128 0,000620
звонить 3,912023 0,006137
описать 0,013423 0,000011
размещение 0,013423 0,000011
сколько 0,006689 0,000005
изменить 2,931194 0,002299
приятный 3,218876 0,002525
саша 5,010635 0,015720
причинение 5,010635 0,003930
мера 1,875141 0,001471
сильно 2,708050 0,002124
подтверждать 0,013423 0,000011
гаврилов 0,013423 0,000011
учредитель 0,013423 0,000011
лишь 2,371578 0,003720
приятель 5,010635 0,003930
закатиться 5,010635 0,003930
свобода 3,064725 0,004807
ссылка 0,013423 0,000042
коммуникация 0,013423 0,000011
минута 1,226446 0,001924
мой 0,013423 0,000053
момент 2,014903 0,003161
архив 0,190354 0,000149
помочь 0,013423 0,000011
выписать 4,317488 0,003386
подросток 4,317488 0,006773
заявить 1,272966 0,001997
описание 0,013423 0,000011
грозить 2,612740 0,002049
процесс 0,013423 0,000011
делать 1,427116 0,001119
говорить 1,714798 0,001345
роскомнадзор 0,013423 0,000011
селиверстов 3,218876 0,005049
технология 0,013423 0,000021
москва 0,006689 0,000016
воспользоваться 0,013423 0,000042
вечер 2,931194 0,004598
врач 2,014903 0,003161
смерть 2,612740 0,004098
жестокость 5,010635 0,019650
добавлять 1,919593 0,003011
урал 3,064725 0,024037
далее 0,013423 0,000021
утром 3,218876 0,002525
вердикт 5,010635 0,015720
хотеть 0,006689 0,000010
открывать 0,013423 0,000021
возить 4,317488 0,003386
перейти 0,013423 0,000032
освободить 2,708050 0,002124
сын 3,624341 0,028426
прямо 2,931194 0,002299
половина 2,813411 0,002207
повторный 3,064725 0,002404
стать 0,851752 0,000668
никуда 3,624341 0,002843
всячески 5,010635 0,003930
обращение 0,013423 0,000032
силовик 4,317488 0,006773
вызывать 3,624341 0,002843
туманный 5,010635 0,007860
это 0,013423 0,000063
спецпроект 0,190354 0,000149
массовый 0,013423 0,000011
обработка 0,013423 0,000053
слово 1,514128 0,002375
присяжный 5,010635 0,015720
оправдательный 5,010635 0,011790
новость 0,006689 0,000073
взять 1,832581 0,001437
законодательство 2,813411 0,002207
сентябрь 1,427116 0,001119
убить 5,010635 0,003930
михаил 2,525729 0,005943
янгиев 5,010635 0,007860
губа 4,317488 0,003386
менять 2,525729 0,001981
зарегистрироваться 0,013423 0,000053
привлечь 2,525729 0,001981
пожаловаться 0,006689 0,000005
средний 1,832581 0,001437
войти 0,006689 0,000021
укладывать 4,317488 0,003386
возраст 2,177422 0,001708
отвезти 5,010635 0,003930
судьба 3,218876 0,002525
диван 5,010635 0,003930
лишение 3,218876 0,002525
эл 0,013423 0,000011
ясный 5,010635 0,003930
радио 0,274437 0,000215
дзен 0,851752 0,000668
пресечение 5,010635 0,003930
защита 0,013423 0,000042
регистрация 0,013423 0,000053
почему 0,013423 0,000053
трагедия 4,317488 0,003386
особый 1,752539 0,006873
вмешательство 3,218876 0,002525
восстановление 0,013423 0,000042
жестоко 5,010635 0,007860
вина 2,371578 0,001860
сизый 4,317488 0,003386
следственный 3,401197 0,010670
совершать 3,912023 0,003068
светиться 5,010635 0,003930
значит 2,612740 0,004098
вконтакте 0,013423 0,000021
перезвонить 5,010635 0,003930
логин 0,013423 0,000011
конфиденциальность 0,013423 0,000042
нарушение 0,013423 0,000032
навсегда 0,013423 0,000011
непричастность 5,010635 0,003930
защитник 3,218876 0,002525
действие 0,013423 0,000011
медик 3,624341 0,005685
релиз 0,013423 0,000011
назад 0,013423 0,000053
продолжать 2,371578 0,003720
первый 0,883501 0,000693
список 0,013423 0,000011
седьмой 3,912023 0,003068
кабинет 2,813411 0,002207
состояние 1,919593 0,001506
обязательный 0,013423 0,000074
февраль 0,567984 0,000891
ошибка 0,013423 0,000032
жестокий 3,912023 0,003068
вопрос 0,006689 0,000026
следователь 3,912023 0,006137
зубовский 0,013423 0,000021
кевхий 5,010635 0,011790
произвести 3,624341 0,002843
заполнить 0,013423 0,000074
расследование 3,218876 0,002525
избрать 5,010635 0,003930
ваш 0,013423 0,000168
имя 0,013423 0,000063
общество 0,257045 0,000202
ставить 3,218876 0,002525
голова 2,612740 0,012295
впечатление 3,218876 0,002525
прокуратура 2,931194 0,002299
срок 0,013423 0,000021
личность 2,931194 0,002299
основание 0,013423 0,000011
срочно 3,912023 0,003068
издание 0,013423 0,000011
бульвар 0,013423 0,000032
сетевой 0,013423 0,000011
возбудить 3,218876 0,002525
событие 1,544899 0,001212
использование 0,013423 0,000011
фев 1,399717 0,001098
неделя 1,181994 0,000927
вновь 0,013423 0,000021
пора 2,525729 0,001981
банда 2,525729 0,001981
сменить 0,013423 0,000011
полиграф 5,010635 0,003930
вечером 5,010635 0,007860
материал 0,013423 0,000105
происшествияуралследственный 5,010635 0,003930
участвовать 0,013423 0,000021
сообщить 0,013423 0,000042
областной 3,401197 0,010670
быть 0,013423 0,000011
успешно 0,013423 0,000011
точка 2,813411 0,002207
скриншот 0,013423 0,000032
допросить 5,010635 0,003930
районный 3,218876 0,002525
истечь 0,013423 0,000011
расправа 5,010635 0,003930
лента 0,006689 0,000010
стража 3,624341 0,002843
сфера 0,013423 0,000011
электронный 0,013423 0,000011
спорт 0,190354 0,000149
таки 3,912023 0,003068
лишний 2,931194 0,004598
мочь 1,399717 0,004391
месяц 1,003302 0,000787
набрать 3,624341 0,002843
сам 1,875141 0,002941
неизвестно 3,912023 0,003068
свидетельство 0,013423 0,000011
прошлое 2,813411 0,002207
четыре 2,302585 0,001806
комментирование 0,013423 0,000021
сказать 2,371578 0,001860
блокироваться 0,013423 0,000011
правило 0,013423 0,000053
сохранить 0,013423 0,000011
платный 3,624341 0,002843
обязанность 3,218876 0,002525
применение 0,013423 0,000011
взаимодействие 0,013423 0,000021
дать 0,013423 0,000021
пресс 0,013423 0,000063
малолетний 5,010635 0,007860
согласный 0,013423 0,000032
персональный 0,013423 0,000084
развести 3,401197 0,002668
перетянуть 0,013423 0,000011
смочь 0,006689 0,000010
перелом 4,317488 0,003386
использоваться 0,006689 0,000005
третий 1,919593 0,001506
женщина 1,832581 0,004312
готовый 0,006689 0,000010
отдел 4,317488 0,003386
мотив 4,317488 0,010159
дата 0,006689 0,000005
раз 3,064725 0,004807
одноклассник 0,013423 0,000021
недопустимый 0,013423 0,000011
магазин 3,064725 0,002404
вы 0,013423 0,000011
фио 0,013423 0,000011
доказать 3,624341 0,002843
восстановить 0,013423 0,000011
пожалуйста 0,013423 0,000011
опухнуть 5,010635 0,003930
речь 2,813411 0,002207
просто 1,714798 0,001345
приехать 2,931194 0,004598
версия 0,013423 0,000053
ниже 0,013423 0,000032
узнать 2,014903 0,001580
россия 0,006689 0,000079
спустя 2,813411 0,004413
го 2,177422 0,001708
оправдать 4,317488 0,013545
спать 4,317488 0,003386
рано 3,624341 0,002843
шесть 2,371578 0,001860
тег 0,190354 0,000149
свой 0,867501 0,000680
виктор 3,624341 0,002843
воспитание 5,010635 0,003930
зарегистрировать 0,013423 0,000011
шамсулло 5,010635 0,023579
сайт 0,013423 0,000032
поле 0,013423 0,000084
полезный 0,143101 0,000112
галочка 0,013423 0,000011
многочисленный 3,401197 0,002668
заблокировать 0,013423 0,000021
перетащить 0,013423 0,000032
положить 1,966113 0,001542
туризм 0,283247 0,000222
сотрудник 1,791759 0,001405
посинеть 5,010635 0,003930
поддерживаетсяполучить 0,013423 0,000011
адрес 0,013423 0,000053
другой 0,013423 0,000042
соответствие 0,013423 0,000021
желанный 4,317488 0,003386
пожизненный 5,010635 0,003930
унитарный 0,013423 0,000032
прийти 2,445686 0,003836
давать 0,013423 0,000021
уголовный 3,401197 0,005335
отправка 0,013423 0,000011
направиться 5,010635 0,003930
загрузить 0,013423 0,000021
направление 0,013423 0,000011
телефон 0,013423 0,000011
обжаловать 3,624341 0,005685
редакция 0,013423 0,000032
поволжье 4,317488 0,003386
иначе 2,931194 0,002299
пока 1,919593 0,003011
наказание 3,218876 0,002525
должный 0,013423 0,000021
факт 2,302585 0,001806
сей 2,931194 0,002299
причина 2,066196 0,001621
автор 0,013423 0,000011
старый 0,013423 0,000011
сообщение 0,013423 0,000147
отрицательно 5,010635 0,003930
заподозрить 5,010635 0,003930
ребёнок 1,514128 0,016626
происшествие 0,292136 0,000917
козлов 4,317488 0,006773
этапировать 5,010635 0,003930
подтвердить 0,013423 0,000011
попасть 2,708050 0,004248
доставить 3,401197 0,002668
избиение 5,010635 0,003930
оба 2,612740 0,002049
путь 2,120264 0,001663
обновить 0,985284 0,000773
депутат 3,218876 0,002525
указывать 2,708050 0,002124
гостить 5,010635 0,003930
авторизация 0,013423 0,000011
религия 0,283247 0,000222
рейтинг 0,006689 0,000005
видеться 5,010635 0,003930
свердловский 3,912023 0,012273
форма 0,013423 0,000126
дом 1,514128 0,002375
шамсуть 5,010635 0,003930
максимальный 2,371578 0,001860
гематома 5,010635 0,003930
культура 0,292136 0,000229
статья 0,013423 0,000032
больница 2,931194 0,006897
сконцентрироваться 5,010635 0,003930
верить 3,624341 0,002843
трёхлетний 4,317488 0,006773
из 5,010635 0,003930
странный 3,912023 0,003068
недвижимость 0,292136 0,000229
гусев 3,624341 0,039797
позвонить 3,624341 0,002843
полицейский 4,317488 0,003386
ответить 2,238047 0,001755
наш 1,919593 0,001506
редактор 0,013423 0,000011
фгуп 0,499776 0,001176
суданаталья 5,010635 0,003930
зверский 3,401197 0,016006
получить 0,985284 0,000773
контакт 0,013423 0,000011
одетый 5,010635 0,003930
пострадать 2,708050 0,002124
домой 4,317488 0,003386
тема 0,013423 0,000032
объяснить 2,612740 0,002049
сервис 0,174353 0,000137
государственный 0,013423 0,000032
передать 2,612740 0,002049
дискуссия 0,013423 0,000021
ненадлежащий 3,912023 0,003068
предъявить 3,624341 0,002843
около 2,177422 0,005123
сделать 1,226446 0,000962
квартира 2,612740 0,006148
различный 2,525729 0,001981
связанный 0,013423 0,000021
служба 0,006689 0,000026
риа 0,006689 0,000063
заметить 0,013423 0,000032
тело 2,612740 0,002049
заниматься 3,218876 0,005049
здоровье 1,832581 0,001437
гость 3,218876 0,002525
нанести 2,813411 0,004413
закрытый 0,013423 0,000011
сходить 2,931194 0,002299
обращать 0,013423 0,000011
рекомендательный 0,013423 0,000011
адвокат 3,401197 0,010670
разный 1,484275 0,003492
тяжесть 3,912023 0,003068
судагусев 5,010635 0,003930
год 0,006689 0,000016
медиабанк 1,321756 0,001037
янгиева 5,010635 0,011790
четвёртый 3,624341 0,002843
спасти 2,238047 0,003511
обратиться 2,302585 0,001806
кухня 1,576648 0,001237
лечение 3,064725 0,002404
международный 0,013423 0,000032
комитет 2,708050 0,010620
мать 3,401197 0,013338
решить 1,919593 0,001506
мигрант 4,317488 0,006773
умышленный 5,010635 0,003930
ухаживать 5,010635 0,003930
убрать 2,302585 0,001806
наталья 2,525729 0,027733
янгий 5,010635 0,011790
агентство 0,013423 0,000042
авторизоваться 0,013423 0,000021
выбрать 0,013423 0,000032
рассказать 0,933098 0,000732
сегодня 0,013423 0,000084
просить 0,013423 0,000032
сразу 1,832581 0,005749
такой 1,098612 0,000862
рассказывать 2,014903 0,003161
замешать 4,317488 0,003386
новыесначала 0,013423 0,000011
нужный 1,643339 0,001289
несколько 1,544899 0,001212
пенсионерка 4,317488 0,003386
предоставить 2,066196 0,006482
ушибить 5,010635 0,003930
место 1,272966 0,001997
начало 1,643339 0,002578
шапка 0,013423 0,000011
отправить 0,013423 0,000147
продолжить 0,006689 0,000005
бедро 4,317488 0,006773
решение 0,006689 0,000016
рука 1,791759 0,008432
закончить 3,912023 0,003068
ознакомить 0,013423 0,000011
яндиева 5,010635 0,003930
преступление 3,912023 0,003068
вакансия 0,013423 0,000011
летний 1,919593 0,004517
мы 0,013423 0,000074
проставлять 0,013423 0,000011
участие 0,006689 0,000005
действительно 3,624341 0,002843
аккаунт 0,013423 0,000053
экономика 0,292136 0,000229
глаз 2,931194 0,002299
тот 1,576648 0,002473
обсуждение 0,013423 0,000021
свидетель 3,912023 0,006137
комната 3,912023 0,003068
опечатка 0,013423 0,000011
использовать 0,013423 0,000011
кровь 3,218876 0,002525
госдума 2,708050 0,002124
онлайн 0,013423 0,000011
десять 2,445686 0,003836
почта 0,013423 0,000074
блокировка 0,013423 0,000042
осуществляться 0,013423 0,000011
вызвать 2,371578 0,005580
история 1,139434 0,001787
апрель 0,013423 0,000042
три 2,120264 0,004989
фамилия 0,013423 0,000021
гибель 3,624341 0,002843
кровать 4,317488 0,003386
дважды 3,912023 0,003068
довольно 3,401197 0,002668
содержаться 3,218876 0,002525
яндекс 0,013423 0,000021
заключение 3,064725 0,004807
либо 0,013423 0,000011
федеральный 0,013423 0,000042
нажимать 0,013423 0,000011
непонятно 5,010635 0,003930
миграционный 5,010635 0,007860
развитие 2,066196 0,001621
умереть 2,445686 0,011509
мужчина 2,612740 0,004098
поиск 0,013423 0,000011
зрелый 5,010635 0,003930
повесить 5,010635 0,003930
причастность 5,010635 0,003930
попробовать 0,013423 0,000011
заполнение 0,013423 0,000074
вернуть 2,120264 0,001663
познакомиться 4,317488 0,003386
внимание 0,013423 0,000011
принимать 0,013423 0,000011
медиабанкавтомобиль 5,010635 0,003930
выпуск 0,013423 0,000011
травма 2,708050 0,008496
надзор 0,013423 0,000011
очень 1,678431 0,002633
скорый 2,931194 0,009196
упасть 3,624341 0,002843
предприятие 0,013423 0,000032
способ 0,013423 0,000021
наука 0,283247 0,000222
какой 1,399717 0,001098
обратный 0,013423 0,000074
продукт 0,135438 0,000212
произойти 0,013423 0,000021
проверить 2,302585 0,001806
якобы 3,624341 0,002843
