锌芯写邪褔邪 2,120264 0,003316
锌褉懈写褍屑邪褌褜 2,931194 0,003438
锌芯泻褉褘褌褜 2,931194 0,002292
斜邪薪泻 1,966113 0,007686
褉褎 1,181994 0,000924
胁邪褉褢薪褘泄 3,218876 0,006292
蟹邪泻芯薪薪褘泄 0,013423 0,000005
薪芯胁褘泄 0,006689 0,000016
褉褘斜薪褘泄 3,218876 0,007550
芯斜褉邪蟹 2,066196 0,001615
薪邪泄褌懈 0,013423 0,000005
谐邪蟹械褌邪 3,218876 0,001258
锌懈褋褜屑芯 0,013423 0,000010
褋锌邪褋懈斜芯 0,013423 0,000005
褉邪褋褕懈褉懈褌褜 0,006689 0,000003
谐褉懈斜薪芯泄 3,624341 0,001417
褋芯谐谢邪褋懈械 0,013423 0,000010
褋邪褉写懈薪邪 5,010635 0,019588
胁邪卸薪褘泄 1,297063 0,000507
写芯褋褌褍锌 0,013423 0,000010
屑懈邪 0,013423 0,000042
锌褉械写械谢 2,931194 0,001146
蟹邪写邪褌褜 0,013423 0,000005
褋胁褟蟹邪褌褜褋褟 0,013423 0,000031
谐芯褌芯胁薪芯褋褌褜 2,238047 0,001750
谐芯褉褔懈褑邪 3,401197 0,001330
胁芯写邪 1,576648 0,002465
胁邪褉械薪邪 4,317488 0,003376
褔械谢芯胁械泻 1,118815 0,000437
谐 0,013423 0,000147
泻芯屑锌芯蟹懈褑懈褟 3,912023 0,006117
褋谢邪写泻懈泄 2,302585 0,000900
薪械屑薪芯谐芯 2,177422 0,003405
褉械泻谢邪屑邪 0,013423 0,000005
褎芯褌芯 0,013423 0,000026
写械褋褟褌懈谢械褌懈械 3,912023 0,001529
胁邪褉懈褌褜 2,371578 0,000927
锌芯谢懈褌懈泻邪 0,013423 0,000021
褋胁褟蟹褜 0,006689 0,000021
芯褌胁邪褉懈胁邪褌褜褋褟 5,010635 0,001959
锌芯写褏芯写懈褌褜 2,445686 0,000956
芯 0,013423 0,000005
褉械锌褔邪褌褘泄 3,064725 0,017971
褌械褔械薪懈械 0,013423 0,000026
谐芯褉褜泻懈泄 4,317488 0,005064
锌褉芯褔薪芯 4,317488 0,001688
芯薪芯 2,302585 0,001800
锌芯胁邪褉 2,238047 0,003500
胁邪褉懈邪薪褌 1,966113 0,003843
锌械褉械屑械褕邪褌褜 2,238047 0,001750
写芯屑芯褏芯蟹褟泄泻邪 5,010635 0,001959
胁械褋褜 1,021651 0,000399
锌褉芯泄褌懈 0,006689 0,000003
蟹邪谐芯谢芯胁芯泻 0,013423 0,000010
懈薪褎芯褉屑邪褑懈芯薪薪褘泄 0,013423 0,000021
褕邪谐 1,791759 0,023815
褝褌邪锌 2,931194 0,003438
褉邪褋褋屑芯褌褉械褌褜 0,013423 0,000005
屑懈屑芯蟹邪 3,064725 0,062301
褉邪褋锌芯谢芯卸懈褌褜 0,013423 0,000010
泻谢邪褋褋懈褔械褋泻懈泄 1,752539 0,008907
薪械斜芯谢褜褕芯泄 2,014903 0,001575
褋谢懈褕泻芯屑 2,708050 0,001059
胁褉械屑褟 0,013423 0,000021
泻薪芯锌泻邪 0,013423 0,000005
胁褘泻谢邪写泻邪 5,010635 0,001959
卸械谢褌芯泻 3,624341 0,042506
芯褔懈褋褌懈褌褜 2,238047 0,003500
谐芯褌芯胁懈褌褜 1,966113 0,000769
褉邪薪械械 0,013423 0,000005
谐谢邪胁薪褘泄 0,013423 0,000016
锌褉芯斜谢械屑邪 0,013423 0,000005
写邪薪薪褘械 0,013423 0,000047
褋芯褋褌邪胁谢褟褌褜 2,238047 0,000875
褌邪泻卸械 1,139434 0,000445
锌芯褟胁懈褌褜褋褟 2,120264 0,000829
泻褍谢懈薪邪褉 2,813411 0,008799
锌械褉械胁邪褉懈褌褜 5,010635 0,001959
谐芯褉芯写 0,013423 0,000005
褉邪蟹斜谢芯泻懈褉芯胁邪褌褜 0,013423 0,000016
褋薪懈蟹懈褌褜褋褟 3,624341 0,001417
褎芯褌芯谐褉邪褎懈褟 0,013423 0,000005
写屑懈褌褉懈泄 1,576648 0,001233
褋谢械写芯胁邪褌褜 2,014903 0,004726
褔邪褋 0,013423 0,000042
褔邪褌 0,013423 0,000010
锌褉械写胁邪褉懈褌械谢褜薪芯 2,931194 0,004584
薪邪褉褟写褍 3,912023 0,001529
褉邪褋泻褉芯褕懈褌褜 5,010635 0,003918
薪芯胁芯褋褌械泄屑芯谢薪懈褟 0,013423 0,000005
薪邪锌懈褋邪褌褜 0,013423 0,000005
褋薪芯胁邪 2,612740 0,002043
薪邪褍褔薪褘泄 2,302585 0,000900
胁褘褉邪褋褌懈 2,931194 0,002292
褋芯谐谢邪褕邪褌褜褋褟 0,013423 0,000005
褉芯褋褋懈褟薪懈薪 1,576648 0,000616
褋薪邪褔邪谢邪 0,013423 0,000005
褍卸懈薪 3,401197 0,001330
锌芯泻邪蟹邪褌褜 0,013423 0,000010
锌邪褉芯谢褜 0,013423 0,000058
褋谢芯泄 2,813411 0,050593
褍写邪谢懈褌褜 0,013423 0,000021
泻邪谢芯褉懈泄薪芯褋褌褜 2,120264 0,001658
锌芯褉褟写芯泻 1,832581 0,002866
胁褏芯写 0,013423 0,000010
谐芯褉械褔褜 4,317488 0,005064
芯锌懈褋邪褌褜 0,013423 0,000005
褉邪蟹屑械褖械薪懈械 0,013423 0,000005
褋泻芯谢褜泻芯 0,006689 0,000003
褉邪蟹褉芯胁薪褟褌褜 5,010635 0,003918
褋芯褍褋 2,525729 0,000987
芯写懈薪 1,098612 0,001718
芯褌褌械薪芯泻 2,612740 0,001021
懈屑械褌褜 1,544899 0,001812
褉邪蟹屑褟褌褜 4,317488 0,020254
褋芯胁械褌 1,226446 0,001918
褋懈谢褜薪芯 2,708050 0,001059
锌芯写褌胁械褉卸写邪褌褜 0,013423 0,000005
谐邪胁褉懈谢芯胁 0,013423 0,000005
褍褔褉械写懈褌械谢褜 0,013423 0,000005
褔邪褋褌褜 1,373049 0,000537
锌芯褋谢械写薪懈泄 0,899761 0,001055
薪邪褉械蟹邪褌褜 2,120264 0,005802
褋褋褘谢泻邪 0,013423 0,000021
泻芯屑屑褍薪懈泻邪褑懈褟 0,013423 0,000005
屑懈薪褍褌邪 1,226446 0,002877
褕械褎 2,238047 0,000875
写芯褉芯谐芯泄 3,064725 0,001198
屑芯泄 0,013423 0,000026
锌芯谢褍褌胁褢褉写褘泄 4,317488 0,006751
胁褘谢芯卸懈褌褜 2,708050 0,010587
薪械泻芯褌芯褉褘泄 2,014903 0,004726
胁械褉褏薪懈泄 2,525729 0,001975
褋芯褔械褌邪褌褜褋褟 3,624341 0,001417
褋邪谢邪褌薪懈褑邪 5,010635 0,003918
锌芯屑芯褔褜 0,013423 0,000005
写芯斜邪胁谢褟褌褜褋褟 3,912023 0,001529
褉械褑械锌褌褘泻褍谢懈薪邪褉懈褟锌褉芯写褍泻褌褘褋邪谢邪褌 4,317488 0,001688
褌褉褍写 2,931194 0,001146
褔邪褋褌褘泄 2,445686 0,002868
泻懈锌褟褌芯泻 2,813411 0,003300
褋邪谢邪褌 2,120264 0,052219
褍泻谢邪写褘胁邪薪懈械 5,010635 0,001959
芯锌懈褋邪薪懈械 0,013423 0,000005
褕褌 2,238047 0,036747
锌褉芯褑械褋褋 0,013423 0,000005
蟹邪谢懈褌褜 2,445686 0,001912
褉邪蟹屑懈薪邪褌褜褋褟 5,010635 0,001959
褉芯褋泻芯屑薪邪写蟹芯褉 0,013423 0,000005
泻褍褉懈薪褘泄 2,371578 0,004636
褌械褏薪芯谢芯谐懈褟 0,013423 0,000010
斜械谢泻邪 2,371578 0,011125
屑芯褉芯蟹懈谢褜薪褘泄 3,912023 0,003059
芯褋褌邪褌褜褋褟 1,919593 0,000750
泻芯谢褜褑芯 3,401197 0,002659
锌芯屑懈写芯褉 2,931194 0,001146
泻懈锌械褌褜 3,624341 0,002834
泻邪褔械褋褌胁芯 2,177422 0,000851
屑芯褋泻胁邪 0,006689 0,000008
褋械褉褘泄 3,912023 0,001529
胁芯褋锌芯谢褜蟹芯胁邪褌褜褋褟 0,013423 0,000021
褋锌械褑懈褎懈褔械褋泻懈泄 3,912023 0,001529
锌芯写芯泄褌懈 2,813411 0,001100
褋芯褉褌 2,931194 0,001146
写芯斜邪胁谢褟褌褜 1,919593 0,003002
胁谢懈褟褌褜 2,445686 0,000956
胁褘谐谢褟写械褌褜 2,445686 0,002868
薪芯褟斜褉褜 1,514128 0,001184
斜褍谢褜芯薪 3,624341 0,002834
蟹邪泻褍褋泻邪 2,302585 0,008101
写邪谢械械 0,013423 0,000031
锌芯褋褌邪胁懈褌褜 2,014903 0,001575
褏胁芯泄薪褘泄 3,912023 0,001529
锌褉邪蟹写薪懈褔薪褘泄 2,238047 0,005250
锌芯褋褘锌邪褌褜 2,612740 0,002043
斜褘胁邪褌褜 3,218876 0,001258
芯褌胁邪褉薪褘泄 3,912023 0,010705
褋褉邪胁薪械薪懈械 3,624341 0,001417
褍胁械谢懈褔懈胁邪褌褜 3,912023 0,003059
褏芯褌械褌褜 0,006689 0,000003
褋褘褌薪褘泄 2,612740 0,005107
芯褌泻褉褘胁邪褌褜 0,013423 0,000010
锌械褉械泄褌懈 0,013423 0,000005
锌芯写谐芯褌芯胁泻邪 2,177422 0,000851
褋褘褉 2,708050 0,031760
锌芯谢芯胁懈薪邪 2,813411 0,005499
褋褌邪褌褜 0,851752 0,000666
薪褍卸薪芯 1,455287 0,000569
褉邪蟹薪芯胁懈写薪芯褋褌褜 3,624341 0,002834
懈蟹屑械薪褟褌褜 4,317488 0,005064
芯谐谢邪胁谢械薪懈械 1,791759 0,000700
锌褉芯锌懈褌邪褌褜褋褟 3,912023 0,003059
芯斜褉邪褖械薪懈械 0,013423 0,000016
蟹邪屑邪褉懈薪芯胁邪褌褜 3,912023 0,003059
锌褉芯胁械褋褌懈 1,919593 0,000750
屑邪谢芯褋芯谢褜薪褘泄 4,317488 0,001688
屑邪褋褋芯胁褘泄 0,013423 0,000005
芯斜褉邪斜芯褌泻邪 0,013423 0,000026
褝褌芯 0,013423 0,000005
斜芯谢褜褕懈薪褋褌胁芯 2,612740 0,003064
胁泻褍褋 1,752539 0,010277
锌芯褉械蟹邪褌褜 3,624341 0,002834
械写邪 2,177422 0,005107
写胁邪 1,514128 0,001184
谢褍泻邪 3,218876 0,003775
薪芯胁芯褋褌褜 0,006689 0,000029
胁蟹褟褌褜 1,832581 0,000716
褋褌芯懈褌褜 1,678431 0,001968
褋械薪褌褟斜褉褜 1,427116 0,001674
芯褋褌邪谢褜薪芯泄 2,177422 0,001702
褍谢芯卸懈褌褜 3,624341 0,002834
锌械褌褉褍褕泻邪 2,813411 0,004399
写芯褋褌褍锌薪褘泄 2,302585 0,000900
卸懈蟹薪褜 1,714798 0,000670
褋械谢褢写泻邪 3,912023 0,006117
邪锌锌械褌懈褌薪芯 5,010635 0,001959
蟹邪褉械谐懈褋褌褉懈褉芯胁邪褌褜褋褟 0,013423 0,000026
锌芯卸邪谢芯胁邪褌褜褋褟 0,006689 0,000003
褋褉械写薪懈泄 1,832581 0,001433
芯褌胁邪褉懈褌褜 2,813411 0,008799
胁芯泄褌懈 0,006689 0,000013
写械褉卸邪褌褜 2,931194 0,001146
褑械谢褘泄 2,931194 0,001146
褍泻谢邪写褘胁邪褌褜 4,317488 0,001688
芯褌薪芯褋懈褌褜褋褟 2,371578 0,000927
褕械褋褌芯泄 3,912023 0,001529
褝谢 0,013423 0,000005
锌褉懈谐谢邪褋懈褌褜 2,708050 0,001059
蟹邪褖懈褌邪 0,013423 0,000021
褋褔懈褌邪褌褜 2,014903 0,000788
褉械谐懈褋褌褉邪褑懈褟 0,013423 0,000026
斜械谢芯泻 3,064725 0,019170
锌芯褔械屑褍 0,013423 0,000005
褉褍斜谢褜 2,302585 0,001800
胁芯褋褋褌邪薪芯胁谢械薪懈械 0,013423 0,000021
褏芯褉芯褕懈泄 1,059392 0,000828
写芯斜邪胁懈褌褜 1,514128 0,002368
泻褉邪褋薪褘泄 1,966113 0,001537
胁泻褍褋薪褘泄 1,752539 0,004111
褉邪褋褋褔懈褌邪褌褜 3,912023 0,001529
胁泻芯薪褌邪泻褌械 0,013423 0,000010
蟹邪褌械屑 1,791759 0,001401
芯斜褘褔薪褘泄 2,813411 0,001100
谢芯谐懈薪 0,013423 0,000005
泻芯薪褎懈写械薪褑懈邪谢褜薪芯褋褌褜 0,013423 0,000021
薪邪褉褍褕械薪懈械 0,013423 0,000016
薪邪胁褋械谐写邪 0,013423 0,000005
褋芯谢褜 2,066196 0,004039
胁懈谢泻邪 3,912023 0,019881
写械泄褋褌胁懈械 0,013423 0,000005
薪邪褌械褉械褌褜 2,708050 0,039170
褉邪胁薪芯屑械褉薪芯 3,218876 0,002517
褉械谢懈蟹 0,013423 0,000005
薪邪蟹邪写 0,013423 0,000026
芯褋褌褍写懈褌褜 2,931194 0,011459
锌械褉胁褘泄 0,883501 0,001727
褋锌懈褋芯泻 0,013423 0,000005
写芯锌芯谢薪械薪懈械 3,064725 0,003594
褋械写褜屑芯泄 3,912023 0,001529
卸械谢邪薪懈械 2,813411 0,002200
褋褋褋褉 3,218876 0,001258
谢褍泻 2,302585 0,039607
锌褟褌褜 1,966113 0,002306
芯褌写械谢懈褌褜 3,218876 0,002517
褋谢懈褌褜 3,401197 0,002659
芯斜褟蟹邪褌械谢褜薪褘泄 0,013423 0,000047
芯锌褍斜谢懈泻芯胁邪褌褜 3,624341 0,001417
锌褉邪泻褌懈褔械褋泻懈 2,445686 0,000956
芯褕懈斜泻邪 0,013423 0,000016
锌褉懈芯斜褉械褋褌懈 2,302585 0,000900
芯褌泻褉褘褌褜 2,302585 0,000900
锌芯胁邪褉械薪薪褘泄 5,010635 0,001959
胁芯锌褉芯褋 0,006689 0,000010
褌褍薪械褑 4,317488 0,015191
蟹褍斜芯胁褋泻懈泄 0,013423 0,000010
锌芯写邪胁谢褟褌褜 4,317488 0,001688
蟹邪锌芯谢薪懈褌褜 0,013423 0,000037
褉邪蟹屑械褉 2,014903 0,001575
胁褟谢械薪褘泄 4,317488 0,001688
胁邪褕 0,013423 0,000084
懈屑褟 0,013423 0,000026
锌褉芯褎械褋褋懈芯薪邪谢褜薪褘泄 2,612740 0,001021
屑薪械薪懈械 2,238047 0,000875
锌褉懈褋褍褌褋褌胁芯胁邪褌褜 3,218876 0,003775
芯褌胁械褌褋褌胁械薪薪芯 5,010635 0,001959
斜谢褞写芯 1,609438 0,003146
褋褉芯泻 0,013423 0,000010
芯褋薪芯胁邪薪懈械 0,013423 0,000005
锌褉芯屑邪蟹褘胁邪褌褜褋褟 5,010635 0,001959
懈蟹写邪薪懈械 0,013423 0,000005
芯谢懈胁褜械 3,218876 0,002517
斜褍谢褜胁邪褉 0,013423 0,000010
褉械褑械锌褌褘褉芯褋褋懈褟械写邪锌褉芯褋褌褘泄 4,317488 0,001688
褋械褌械胁芯泄 0,013423 0,000005
屑邪泄芯薪械蟹薪褘泄 5,010635 0,007835
褉芯褋褋褌邪褌 3,912023 0,001529
锌芯褌褉械斜芯胁邪褌褜褋褟 2,525729 0,000987
锌褉械写锌芯褔褌械薪懈械 2,708050 0,001059
懈褋锌芯谢褜蟹芯胁邪薪懈械 0,013423 0,000005
胁薪芯胁褜 0,013423 0,000005
褋邪屑褘泄 0,967584 0,001513
褋屑械薪懈褌褜 0,013423 0,000005
屑邪褌械褉懈邪谢 0,013423 0,000052
胁褘泻谢邪写褘胁邪褌褜 3,401197 0,002659
懈蟹薪邪褔邪谢褜薪褘泄 5,010635 0,003918
锌芯写邪胁邪褌褜褋褟 3,401197 0,002659
褍褔邪褋褌胁芯胁邪褌褜 0,013423 0,000010
褋芯芯斜褖懈褌褜 0,013423 0,000005
蟹邪谐芯褌芯胁泻邪 4,317488 0,005064
斜褘褌褜 0,013423 0,000010
锌芯褕邪谐芯胁褘泄 1,455287 0,004551
锌械褔械薪褜 4,317488 0,001688
褍褋锌械褕薪芯 0,013423 0,000005
褕锌褉芯褌 3,912023 0,001529
褋泻褉懈薪褕芯褌 0,013423 0,000016
懈褋褌械褔褜 0,013423 0,000005
褍泻谢邪写褘胁邪褌褜褋褟 3,912023 0,003059
泻邪屑械褉邪 3,624341 0,002834
芯褌屑械褔邪褌褜 1,399717 0,000547
谢械薪褌邪 0,006689 0,000005
褟泄褑芯 1,966113 0,024596
锌褉懈谐芯褌芯胁懈褌褜 1,643339 0,001285
褉邪褋锌褉械写械谢懈褌褜 3,401197 0,002659
薪邪褕懈薪泻芯胁邪褌褜 3,624341 0,002834
褋褎械褉邪 0,013423 0,000005
褝谢械泻褌褉芯薪薪褘泄 0,013423 0,000005
泻邪褉褌芯褔泻邪 4,317488 0,001688
锌褉芯屑邪蟹邪褌褜 4,317488 0,005064
泻芯泻褌械泄谢褜 3,624341 0,001417
褋胁懈写械褌械谢褜褋褌胁芯 0,013423 0,000005
泻芯屑屑械薪褌懈褉芯胁邪薪懈械 0,013423 0,000010
谐谢褍斜芯泻懈泄 2,931194 0,004584
褋械褉写褑械 3,064725 0,001198
斜谢芯泻懈褉芯胁邪褌褜褋褟 0,013423 0,000005
胁械褌芯褔泻邪 3,624341 0,002834
锌械褉械屑械褕懈胁邪褌褜褋褟 5,010635 0,001959
锌芯褌褍褋泻薪械褌褜 5,010635 0,001959
褌胁褢褉写褘泄 3,401197 0,009307
锌褉邪胁懈谢芯 0,013423 0,000026
褋芯褏褉邪薪懈褌褜 0,013423 0,000005
谢芯卸泻邪 2,525729 0,001975
谐芯褋褌 5,010635 0,001959
懈蟹胁械褋褌薪褘泄 2,066196 0,000808
褑胁械褌芯泻 3,912023 0,001529
锌褉懈屑械薪械薪懈械 0,013423 0,000005
胁蟹邪懈屑芯写械泄褋褌胁懈械 0,013423 0,000010
写邪褌褜 0,013423 0,000021
褍泻褉芯锌 2,445686 0,003824
锌褉械褋褋 0,013423 0,000005
褋芯谐谢邪褋薪褘泄 0,013423 0,000016
锌械褉褋芯薪邪谢褜薪褘泄 0,013423 0,000042
泻褍谢懈薪邪褉懈褟 2,371578 0,006490
锌械褉械褌褟薪褍褌褜 0,013423 0,000005
褋薪械谐 2,371578 0,000927
泻邪褉褌芯褎械谢褜 2,445686 0,037288
褋屑芯褔褜 0,006689 0,000003
懈褋锌芯谢褜蟹芯胁邪褌褜褋褟 0,006689 0,000024
褟懈褔薪褘泄 3,064725 0,032349
褌褉械褌懈泄 1,919593 0,000750
谐芯褌芯胁褘泄 0,006689 0,000005
胁邪卸薪芯 2,120264 0,000829
写邪褌邪 0,006689 0,000003
褕褍斜邪 3,912023 0,006117
胁懈蟹懈褌薪褘泄 5,010635 0,001959
芯写薪芯泻谢邪褋褋薪懈泻 0,013423 0,000010
薪械写芯锌褍褋褌懈屑褘泄 0,013423 0,000005
胁褘 0,013423 0,000005
芯褋褌邪胁懈褌褜 1,966113 0,003074
褎懈芯 0,013423 0,000005
泻芯褉械泄褋泻懈 3,912023 0,003059
胁邪褉褜懈褉芯胁邪褌褜褋褟 3,401197 0,001330
胁芯褋褋褌邪薪芯胁懈褌褜 0,013423 0,000005
锌芯卸邪谢褍泄褋褌邪 0,013423 0,000005
褉芯褋褋懈泄褋泻懈泄 0,883501 0,000691
泻邪褉褌芯褕泻邪 2,813411 0,002200
褌邪褉械谢泻邪 2,813411 0,004399
褋褌芯谢 1,832581 0,006448
薪械芯斜褏芯写懈屑芯 1,791759 0,001401
褝泻芯薪芯屑懈褔械褋泻懈泄 2,302585 0,000900
胁械褉褋懈褟 0,013423 0,000047
褋邪谢邪褌薪褘泄 5,010635 0,009794
褋褘褉芯泄 3,401197 0,001330
薪懈卸械 0,013423 0,000016
泻芯屑屑械薪褌懈褉芯胁邪褌褜 3,064725 0,001198
褉芯褋褋懈褟 0,006689 0,000050
锌褉芯褋褌芯泄 1,272966 0,004976
邪泻泻褍褉邪褌薪芯 2,813411 0,002200
懈蟹屑械谢褜褔懈褌褜 2,931194 0,002292
褋胁芯泄 0,867501 0,000339
锌芯写械褕械胁械褌褜 4,317488 0,001688
蟹邪褉械谐懈褋褌褉懈褉芯胁邪褌褜 0,013423 0,000005
锌芯锌褍谢褟褉薪褘泄 1,752539 0,002740
褑械薪邪 1,966113 0,003074
褋邪泄褌 0,013423 0,000016
锌芯谢械 0,013423 0,000042
谐邪谢芯褔泻邪 0,013423 0,000005
懈蟹谢懈褕薪懈泄 5,010635 0,001959
蟹邪斜谢芯泻懈褉芯胁邪褌褜 0,013423 0,000010
锌械褉械褌邪褖懈褌褜 0,013423 0,000016
锌芯谢芯卸懈褌褜 1,966113 0,001537
芯褋芯斜械薪薪芯褋褌褜 2,120264 0,000829
褋芯褌褉褍写薪懈泻 1,791759 0,000700
褋邪泄褉邪 5,010635 0,025465
屑械谢泻懈泄 2,371578 0,017615
锌芯写写械褉卸懈胁邪械褌褋褟锌芯谢褍褔懈褌褜 0,013423 0,000005
锌械褉械褑 2,445686 0,001912
邪写褉械褋 0,013423 0,000026
褉褘斜邪 2,931194 0,045836
屑芯褉泻芯胁泻懈薪 3,912023 0,003059
写褉褍谐芯泄 0,013423 0,000016
褋芯芯褌胁械褌褋褌胁懈械 0,013423 0,000010
谐芯褉斜褍褕邪 5,010635 0,009794
褍薪懈褌邪褉薪褘泄 0,013423 0,000016
写邪胁邪褌褜 0,013423 0,000010
芯褌锌褉邪胁泻邪 0,013423 0,000005
卸械谢褌泻芯胁褘泄 4,317488 0,003376
蟹邪谐褉褍蟹懈褌褜 0,013423 0,000010
褍泻褋褍褋 3,218876 0,002517
薪邪锌褉邪胁谢械薪懈械 0,013423 0,000010
泻邪薪写懈写邪褌 3,218876 0,001258
褋芯斜褋褌胁械薪薪褘泄 2,445686 0,000956
褌械谢械褎芯薪 0,013423 0,000005
褉械写邪泻褑懈褟 0,013423 0,000016
褋褍褏芯泄 2,813411 0,002200
写芯谢卸薪褘泄 0,013423 0,000026
褍泻褉邪褕械薪懈械 3,401197 0,005319
褝泻芯薪芯屑懈褋褌 3,912023 0,001529
邪胁褌芯褉 0,013423 0,000010
褋褌邪褉褘泄 0,013423 0,000005
褋芯芯斜褖械薪懈械 0,013423 0,000073
胁懈写 1,399717 0,001642
泻褉芯屑械 1,919593 0,000750
褌褢褉泻邪 2,813411 0,029696
锌芯写邪胁邪褌褜 2,302585 0,001800
懈薪谐褉械写懈械薪褌 1,919593 0,013508
锌芯写褌胁械褉写懈褌褜 0,013423 0,000005
芯褌写械谢褜薪芯褋褌褜 5,010635 0,003918
屑邪泄芯薪械蟹 3,218876 0,076760
锌褉邪胁懈褌械谢褜褋褌胁芯 1,875141 0,001466
薪械蟹邪屑褘褋谢芯胁邪褌芯褋褌褜 5,010635 0,001959
蟹邪屑芯褔懈褌褜 3,401197 0,001330
褟褉泻芯 4,317488 0,001688
芯斜薪芯胁懈褌褜 0,985284 0,000385
屑邪褋谢芯 2,238047 0,021873
褝泻褋锌械褉褌 1,373049 0,001610
锌芯褋褍写邪 2,813411 0,004399
写芯屑邪褕薪懈泄 2,177422 0,004256
邪胁褌芯褉懈蟹邪褑懈褟 0,013423 0,000005
褉械泄褌懈薪谐 0,006689 0,000003
褎芯褉屑邪 0,013423 0,000100
褋褉械写薪械械 2,445686 0,001912
褉邪蟹写械谢懈褌褜 3,401197 0,002659
蟹械谢械薪褜 2,371578 0,010198
斜邪泻谢邪卸邪薪 3,912023 0,001529
蟹邪胁械褉褕邪褌褜 3,912023 0,009176
蟹邪胁懈褋械褌褜 2,066196 0,003231
褋褍褖械褋褌胁芯胁邪褌褜 2,302585 0,001800
褋芯胁械褌褋泻懈泄 2,371578 0,001854
褋褌邪褌褜褟 0,013423 0,000005
褋芯胁褉械屑械薪薪褘泄 2,813411 0,001100
泻芯薪褋械褉胁懈褉芯胁邪薪薪褘泄 3,912023 0,030587
芯胁芯褖薪芯泄 2,612740 0,001021
邪斜褏邪蟹懈褟 4,317488 0,001688
褍泻褉邪褋懈褌褜 2,708050 0,004235
谢褞斜芯泄 1,576648 0,001849
锌褟褌褘泄 3,401197 0,001330
屑械谢泻芯 2,525729 0,014811
懈蟹屑械谢褜褔邪褌褜褋褟 5,010635 0,001959
泻邪蟹邪褌褜褋褟 3,401197 0,002659
褉械写邪泻褌芯褉 0,013423 0,000005
褎谐褍锌 0,499776 0,001172
斜谢懈蟹泻懈泄 2,066196 0,000808
屑薪芯谐懈械 2,525729 0,000987
泻芯薪褌邪泻褌 0,013423 0,000005
芯褕锌邪褉懈褌褜 4,317488 0,003376
薪邪锌芯屑懈薪邪褌褜 3,064725 0,001198
写芯锌芯写谢懈薪薪芯 5,010635 0,001959
褌械屑邪 0,013423 0,000016
谐芯褋褍写邪褉褋褌胁械薪薪褘泄 0,013423 0,000016
褍谐芯褖邪褌褜 5,010635 0,001959
泻芯锌褔褢薪褘泄 3,912023 0,001529
写懈褋泻褍褋褋懈褟 0,013423 0,000010
褋写械谢邪褌褜 1,226446 0,003836
褉邪蟹谢懈褔薪褘泄 2,525729 0,000987
褋胁褟蟹邪薪薪褘泄 0,013423 0,000010
褋谢褍卸斜邪 0,006689 0,000003
褉懈邪 0,006689 0,000026
蟹邪屑械褌懈褌褜 0,013423 0,000005
邪薪邪谢懈蟹 2,708050 0,001059
薪懈蟹泻芯泻邪谢芯褉懈泄薪褘泄 4,317488 0,001688
蟹邪泻褉褘褌褘泄 0,013423 0,000005
蟹械谢褢薪褘泄 2,708050 0,002117
芯斜褉邪褖邪褌褜 0,013423 0,000005
褉械泻芯屑械薪写邪褌械谢褜薪褘泄 0,013423 0,000005
斜械谢褘泄 2,371578 0,001854
锌褉芯褌懈胁薪懈泻 3,064725 0,002396
褉邪蟹薪褘泄 1,484275 0,001160
屑褍薪写懈褉 4,317488 0,003376
谐芯写 0,006689 0,000034
褔械褌胁褢褉褌褘泄 3,624341 0,001417
胁褏芯写褟褖懈泄 3,624341 0,001417
谢芯褋芯褋褜 4,317488 0,001688
褋芯斜懈褉邪褌褜 3,218876 0,002517
锌褉芯锌懈褌褘胁邪褌褜褋褟 4,317488 0,001688
泻褍褏薪褟 1,576648 0,001233
屑械卸写褍薪邪褉芯写薪褘泄 0,013423 0,000016
褋褌邪褉邪褌褜褋褟 2,813411 0,002200
蟹邪胁芯械胁邪褌褜 3,064725 0,001198
褌褢褉褌褘泄 2,931194 0,004584
胁械写褍褖懈泄 2,120264 0,000829
泻芯褌芯褉褘泄 0,603916 0,002833
锌芯褝褌芯屑褍 2,014903 0,003938
褍斜褉邪褌褜 2,302585 0,001800
懈蟹斜邪胁懈褌褜褋褟 3,401197 0,001330
褏芯谢芯写懈谢褜薪懈泻 2,525729 0,007899
泻褉褍锌薪褘泄 2,120264 0,008289
屑邪泄 1,643339 0,001285
薪邪锌褉懈屑械褉 1,714798 0,001341
邪谐械薪褌褋褌胁芯 0,013423 0,000021
写懈械褌懈褔械褋泻懈泄 3,624341 0,001417
锌褉懈谐芯褌芯胁谢械薪懈械 1,484275 0,006963
褋谢械写褍褞褖懈泄 1,427116 0,002232
褉懈褋 3,912023 0,016823
锌褉懈谐芯褌邪胁谢懈胁邪褌褜 5,010635 0,001959
锌芯褌褉械斜懈褌械谢褜褋泻懈泄 3,624341 0,001417
褋械褌芯褔泻邪 4,317488 0,006751
锌褉懈胁械褋褌懈 2,371578 0,000927
邪胁褌芯褉懈蟹芯胁邪褌褜褋褟 0,013423 0,000010
芯谐褍褉械褑 2,931194 0,001146
锌芯褋谢械写芯胁邪褌械谢褜薪芯褋褌褜 5,010635 0,005876
胁褘斜褉邪褌褜 0,013423 0,000016
蟹邪屑芯褉芯蟹懈褌褜 3,218876 0,008808
褋械谐芯写薪褟 0,013423 0,000063
胁屑械褋褌芯 2,813411 0,003300
褋褌褉邪薪邪 1,139434 0,000445
锌褉芯褋懈褌褜 0,013423 0,000005
褋谢褍褔邪泄 1,643339 0,001285
屑芯褉泻芯胁褜 3,401197 0,055845
泻褍谢懈薪邪褉薪褘泄 3,064725 0,002396
褌邪泻芯泄 1,098612 0,001288
锌褉械写芯褋褌邪褌芯褔薪芯 4,317488 0,001688
褍褏褍写褕邪褌褜 5,010635 0,001959
薪芯胁褘械褋薪邪褔邪谢邪 0,013423 0,000005
褋芯蟹写邪薪懈械 2,302585 0,000900
锌芯褋芯谢懈褌褜 2,813411 0,002200
写懈薪邪屑懈泻邪 3,624341 0,001417
屑谢 2,612740 0,006128
芯褌写械谢褜薪芯 3,218876 0,002517
褕邪锌泻邪 0,013423 0,000005
芯褌锌褉邪胁懈褌褜 0,013423 0,000073
芯胁芯褖 2,120264 0,002487
锌褉械写锌芯褔懈褌邪褌褜 3,401197 0,001330
锌褉芯写芯谢卸懈褌褜 0,006689 0,000003
褉械褕械薪懈械 0,006689 0,000003
褉褍泻邪 1,791759 0,001401
芯蟹薪邪泻芯屑懈褌褜 0,013423 0,000005
褋械褌泻邪 4,317488 0,006751
薪械芯斜褘褔薪褘泄 2,014903 0,001575
懈褋褌芯褉懈泻 3,624341 0,001417
谢械卸邪褌褜 4,317488 0,001688
胁邪泻邪薪褋懈褟 0,013423 0,000005
胁泻谢褞褔邪褌褜 2,813411 0,002200
屑褘 0,013423 0,000037
锌褉芯褋褌邪胁谢褟褌褜 0,013423 0,000005
褍褔邪褋褌懈械 0,006689 0,000003
褍褌胁械褉卸写邪褌褜 2,302585 0,001800
邪泻泻邪褍薪褌 0,013423 0,000026
褋芯褋褌邪胁 2,120264 0,002487
褋胁械卸懈泄 2,066196 0,001615
褌芯褌 1,576648 0,001849
芯斜褋褍卸写械薪懈械 0,013423 0,000010
懈褋锌芯谢褜蟹芯胁邪褌褜 0,013423 0,000052
胁褘斜芯褉 2,066196 0,001615
芯锌械褔邪褌泻邪 0,013423 0,000005
泻邪卸写褘泄 1,399717 0,002736
谐褉邪卸写邪薪懈薪 2,066196 0,001615
芯薪谢邪泄薪 0,013423 0,000005
锌芯褔褌邪 0,013423 0,000037
斜谢芯泻懈褉芯胁泻邪 0,013423 0,000021
褉械褑械锌褌 1,118815 0,015746
褋芯胁械褌芯胁邪褌褜 3,064725 0,001198
芯褋褍褖械褋褌胁谢褟褌褜褋褟 0,013423 0,000005
胁邪褉懈邪褑懈褟 3,912023 0,001529
褏芯蟹褟泄泻邪 3,401197 0,001330
邪锌褉械谢褜 0,013423 0,000005
泻芯薪械褔薪褘泄 3,912023 0,001529
褎邪屑懈谢懈褟 0,013423 0,000005
褋芯泻 2,813411 0,001100
泻芯谢懈褔械褋褌胁芯 1,919593 0,001501
褟薪写械泻褋 0,013423 0,000010
褋谢懈胁芯褔薪褘泄 2,931194 0,017188
褍薪懈胁械褉褋懈褌械褌 1,919593 0,001501
褎懈薪邪薪褋芯胁褘泄 1,714798 0,001341
褏芯谢芯写薪褘泄 2,066196 0,001615
谢懈斜芯 0,013423 0,000005
褎械写械褉邪谢褜薪褘泄 0,013423 0,000021
薪邪卸懈屑邪褌褜 0,013423 0,000005
褍褋芯胁械褉褕械薪褋褌胁芯胁邪薪懈械 5,010635 0,005876
芯斜褟蟹邪褌褜 2,813411 0,001100
褉械写泻芯 3,624341 0,001417
锌褉械写谢邪谐邪褌褜 2,445686 0,000956
锌芯懈褋泻 0,013423 0,000005
芯褎懈褑懈邪谢褜薪褘泄 2,177422 0,000851
锌芯锌褉芯斜芯胁邪褌褜 0,013423 0,000016
蟹邪锌芯谢薪械薪懈械 0,013423 0,000037
胁薪懈屑邪薪懈械 0,013423 0,000005
锌褉懈薪懈屑邪褌褜 0,013423 0,000005
褍褋谢芯胁懈械 1,321756 0,000517
薪邪褋褌芯褟褌褜褋褟 3,064725 0,004792
锌锌 3,624341 0,002834
泻芯薪褋械褉胁褘 3,064725 0,013179
胁褘锌褍褋泻 0,013423 0,000005
褋褌芯懈屑芯褋褌褜 2,525729 0,004937
锌芯写谐芯褌芯胁懈褌褜 2,120264 0,000829
泻邪褉褌芯褎械谢褜薪褘泄 3,401197 0,001330
薪械屑芯泄 2,612740 0,001021
薪邪写蟹芯褉 0,013423 0,000005
褌褉械褋泻 4,317488 0,001688
蟹懈屑邪 1,919593 0,001501
芯褔械薪褜 1,678431 0,000656
锌褉械写锌褉懈褟褌懈械 0,013423 0,000016
褋锌芯褋芯斜 0,013423 0,000010
薪邪褍泻邪 0,283247 0,000111
泻邪泻芯泄 1,399717 0,002189
写芯褑械薪褌 2,708050 0,001059
芯斜褉邪褌薪褘泄 0,013423 0,000037
锌褉芯写褍泻褌 0,135438 0,000688
锌褉芯懈蟹芯泄褌懈 0,013423 0,000005
褋屑邪蟹邪褌褜 2,931194 0,011459
褉邪蟹褗褢屑薪褘泄 5,010635 0,007835
褟褉泻懈泄 2,302585 0,003601
薪懈泻邪泻 3,064725 0,002396
胁褌芯褉芯泄 1,427116 0,002790
褋械屑械泄薪褘泄 2,525729 0,000987
邪薪邪谢芯谐懈褟 5,010635 0,003918
褏褉褍褋褌械褌褜 3,064725 0,001198
