специальный 1,514128 0,001407
банк 1,966113 0,001827
подсанкционный 5,010635 0,009313
законный 0,013423 0,000025
лев 5,010635 0,009313
новый 0,006689 0,000012
день 0,591795 0,000550
оборона 2,066196 0,001920
образ 2,066196 0,001920
найти 0,013423 0,000012
служить 3,401197 0,003161
письмо 0,013423 0,000025
инвестор 5,010635 0,009313
лишиться 3,912023 0,003636
советник 3,401197 0,003161
целое 3,218876 0,002992
спасибо 0,013423 0,000012
расширить 0,006689 0,000006
собственник 4,317488 0,004013
финский 3,912023 0,007271
согласие 0,013423 0,000025
центр 0,166448 0,000155
менее 2,177422 0,002024
доступ 0,013423 0,000037
пойти 2,708050 0,005034
миа 0,013423 0,000087
полный 1,678431 0,001560
задать 0,013423 0,000012
юридический 2,813411 0,002615
оспаривание 5,010635 0,004657
александр 1,373049 0,002552
связаться 0,013423 0,000075
человек 1,118815 0,004159
г 0,013423 0,000025
реклама 0,013423 0,000025
десятилетие 3,912023 0,003636
фото 0,013423 0,000012
аномально 3,912023 0,003636
политика 0,013423 0,000062
связь 0,006689 0,000050
реализовывать 5,010635 0,004657
о 0,013423 0,000012
выкуп 5,010635 0,004657
вероятность 3,912023 0,003636
побороться 3,912023 0,003636
суд 1,791759 0,008326
течение 0,013423 0,000012
владелец 3,064725 0,002848
мир 0,223144 0,000830
саммит 3,401197 0,006322
титульный 5,010635 0,004657
конкретный 3,218876 0,005983
пройти 0,006689 0,000006
заголовок 0,013423 0,000025
структура 3,624341 0,003368
разрешительный 5,010635 0,004657
информационный 0,013423 0,000050
шаг 1,791759 0,003330
сложность 2,371578 0,002204
окончательно 2,813411 0,002615
рассмотреть 0,013423 0,000012
расположить 0,013423 0,000025
обосновать 5,010635 0,004657
практика 2,612740 0,002428
беспрецедентный 4,317488 0,008025
время 0,013423 0,000012
называть 2,120264 0,001971
комплаенс 5,010635 0,004657
кнопка 0,013423 0,000012
создавать 2,371578 0,002204
сарапин 5,010635 0,004657
жила 5,010635 0,004657
еэз 5,010635 0,004657
ранее 0,013423 0,000025
ситуация 1,643339 0,001527
подкаст 0,292136 0,000272
главный 0,013423 0,000012
проблема 0,013423 0,000012
соответствующий 2,931194 0,002724
режим 2,066196 0,001920
данные 0,013423 0,000100
потребовать 3,064725 0,002848
также 1,139434 0,001059
репутационный 5,010635 0,004657
паника 3,912023 0,003636
город 0,013423 0,000012
разблокировать 0,013423 0,000037
прежде 3,218876 0,002992
реестр 4,317488 0,004013
фотография 0,013423 0,000012
час 0,013423 0,000025
вправе 3,218876 0,002992
чат 0,013423 0,000025
неприкосновенность 5,010635 0,004657
допускать 3,401197 0,003161
актив 2,931194 0,005448
новостеймолния 0,013423 0,000012
написать 0,013423 0,000012
прийтись 2,708050 0,005034
соглашаться 0,013423 0,000025
россиянин 1,576648 0,013188
сначала 0,013423 0,000012
правовой 3,218876 0,002992
зарубежный 3,912023 0,003636
фотографировать 4,317488 0,008025
требовать 2,120264 0,001971
показать 0,013423 0,000012
рисковать 4,317488 0,004013
основный 1,791759 0,001665
пароль 0,013423 0,000137
формально 3,624341 0,003368
однако 1,966113 0,001827
удалить 0,013423 0,000050
последствие 1,544899 0,002872
цб 2,931194 0,002724
порядок 1,832581 0,001703
нелегитимный 5,010635 0,004657
вход 0,013423 0,000025
подорвать 3,912023 0,003636
оттолкнуть 5,010635 0,004657
читать 0,791128 0,000735
описать 0,013423 0,000012
размещение 0,013423 0,000012
сколько 0,006689 0,000006
оборонный 5,010635 0,004657
база 2,302585 0,002140
признавать 4,317488 0,004013
оценка 2,931194 0,002724
прецедент 5,010635 0,004657
иметь 1,544899 0,001436
мера 1,875141 0,003485
подтверждать 0,013423 0,000012
фирма 5,010635 0,004657
гаврилов 0,013423 0,000012
учредитель 0,013423 0,000012
последний 0,899761 0,000836
ссылка 0,013423 0,000062
сторона 1,609438 0,001496
коммуникация 0,013423 0,000012
мой 0,013423 0,000062
архив 0,190354 0,000177
помочь 0,013423 0,000012
ликвидность 5,010635 0,004657
описание 0,013423 0,000012
заморозка 5,010635 0,004657
процесс 0,013423 0,000012
июль 1,609438 0,001496
опасаться 3,912023 0,003636
говорить 1,714798 0,003187
роскомнадзор 0,013423 0,000012
технология 0,013423 0,000025
собственность 2,813411 0,031376
подобный 3,624341 0,003368
нарушить 3,912023 0,007271
частник 5,010635 0,004657
довершение 5,010635 0,004657
москва 0,006689 0,000019
надежда 2,302585 0,002140
воспользоваться 0,013423 0,000050
компенсация 3,218876 0,005983
добавлять 1,919593 0,001784
соблюдение 3,624341 0,003368
лицо 1,714798 0,003187
павел 2,238047 0,004160
большой 1,832581 0,001703
далее 0,013423 0,000025
рыночный 5,010635 0,004657
публичный 5,010635 0,004657
исключить 3,064725 0,002848
хотеть 0,006689 0,000012
открывать 0,013423 0,000025
зона 2,371578 0,002204
перейти 0,013423 0,000037
угроза 2,238047 0,008320
изъятие 5,010635 0,004657
привлекательность 4,317488 0,004013
интерес 2,525729 0,004695
выкупать 5,010635 0,004657
обращение 0,013423 0,000037
это 0,013423 0,000062
спецпроект 0,190354 0,000177
массовый 0,013423 0,000012
обработка 0,013423 0,000062
закон 2,445686 0,006819
негражданин 5,010635 0,004657
новость 0,006689 0,000093
сделка 3,064725 0,011393
стоить 1,678431 0,001560
зарегистрироваться 0,013423 0,000062
пожаловаться 0,006689 0,000006
войти 0,006689 0,000025
предлог 3,912023 0,007271
финляндия 2,931194 0,046311
обещать 3,624341 0,003368
лишать 5,010635 0,004657
мирефинляндияроссиябелоруссияевросоюзевропейский 5,010635 0,004657
эл 0,013423 0,000012
радио 0,274437 0,000255
дзен 0,851752 0,000792
защита 0,013423 0,000050
регистрация 0,013423 0,000062
почему 0,013423 0,000025
вмешательство 3,218876 0,002992
восстановление 0,013423 0,000050
невысокий 4,317488 0,004013
объект 2,708050 0,010067
белоруссия 3,218876 0,011966
вконтакте 0,013423 0,000025
логин 0,013423 0,000012
гражданство 3,624341 0,003368
конфиденциальность 0,013423 0,000050
нарушение 0,013423 0,000037
навсегда 0,013423 0,000012
действие 0,013423 0,000037
релиз 0,013423 0,000012
назад 0,013423 0,000062
обоснование 5,010635 0,004657
список 0,013423 0,000012
обвинить 3,624341 0,003368
предусматривать 4,317488 0,004013
обязательный 0,013423 0,000087
февраль 0,567984 0,001056
ошибка 0,013423 0,000037
идти 1,919593 0,001784
приобрести 2,302585 0,002140
слабый 2,708050 0,002517
вопрос 0,006689 0,000031
частное 4,317488 0,004013
зубовский 0,013423 0,000025
заполнить 0,013423 0,000087
размер 2,014903 0,001873
ваш 0,013423 0,000200
общество 0,257045 0,000239
имя 0,013423 0,000062
старший 2,612740 0,002428
возникнуть 2,931194 0,002724
срок 0,013423 0,000025
основание 0,013423 0,000025
издание 0,013423 0,000012
бульвар 0,013423 0,000025
массово 4,317488 0,004013
сетевой 0,013423 0,000012
глобальный 3,218876 0,002992
капитал 2,931194 0,002724
позволять 2,238047 0,002080
использование 0,013423 0,000012
фев 1,399717 0,001301
пора 2,525729 0,002347
вновь 0,013423 0,000012
сменить 0,013423 0,000012
материал 0,013423 0,000112
участвовать 0,013423 0,000025
сообщить 0,013423 0,000025
европейский 1,791759 0,008326
быть 0,013423 0,000012
успешно 0,013423 0,000012
скриншот 0,013423 0,000037
истечь 0,013423 0,000012
отмечать 1,399717 0,001301
лента 0,006689 0,000012
арест 2,445686 0,002273
исключение 2,813411 0,002615
перераспределение 3,912023 0,003636
сфера 0,013423 0,000012
электронный 0,013423 0,000012
спорт 0,190354 0,000177
защититься 5,010635 0,004657
ряд 2,612740 0,002428
национальный 2,302585 0,010700
сам 1,875141 0,003485
свидетельство 0,013423 0,000012
хельсинки 5,010635 0,013970
комментирование 0,013423 0,000025
уверить 3,218876 0,002992
блокироваться 0,013423 0,000012
глава 1,919593 0,001784
правило 0,013423 0,000062
сохранить 0,013423 0,000012
тяжёлый 2,525729 0,002347
применение 0,013423 0,000012
взаимодействие 0,013423 0,000025
существующий 3,401197 0,003161
дать 0,013423 0,000025
пресс 0,013423 0,000025
согласный 0,013423 0,000037
персональный 0,013423 0,000100
иск 2,612740 0,002428
возможный 1,576648 0,001465
перетянуть 0,013423 0,000012
адвокатский 5,010635 0,004657
смочь 0,006689 0,000006
использоваться 0,006689 0,000006
готовый 0,006689 0,000025
муниципалитет 4,317488 0,004013
пропорциональность 5,010635 0,004657
отбирать 3,218876 0,017949
дата 0,006689 0,000006
еспча 5,010635 0,027940
соблюдаться 4,317488 0,004013
очередь 2,120264 0,001971
одноклассник 0,013423 0,000025
недопустимый 0,013423 0,000012
вы 0,013423 0,000012
фио 0,013423 0,000012
доказать 3,624341 0,003368
восстановить 0,013423 0,000012
пожалуйста 0,013423 0,000012
партнёр 2,302585 0,002140
паспорт 2,525729 0,002347
проводить 2,445686 0,002273
цель 1,966113 0,001827
экспроприация 5,010635 0,009313
речь 2,813411 0,002615
обойтись 3,064725 0,002848
экономический 2,302585 0,002140
версия 0,013423 0,000012
ниже 0,013423 0,000037
россия 0,006689 0,000124
инвестиционный 3,624341 0,003368
го 2,177422 0,002024
простой 1,272966 0,002366
отнять 4,317488 0,004013
судебный 2,612740 0,002428
тег 0,190354 0,000177
нацбезопасность 4,317488 0,008025
зарегистрировать 0,013423 0,000012
получиться 2,177422 0,002024
обескровить 5,010635 0,004657
принудительный 4,317488 0,004013
сайт 0,013423 0,000037
поле 0,013423 0,000100
выполнение 2,612740 0,002428
связать 2,445686 0,002273
полезный 0,143101 0,000133
галочка 0,013423 0,000012
заблокировать 0,013423 0,000025
перетащить 0,013423 0,000037
туризм 0,283247 0,000263
поддерживаетсяполучить 0,013423 0,000012
адрес 0,013423 0,000062
другой 0,013423 0,000037
соответствие 0,013423 0,000025
унитарный 0,013423 0,000037
оставаться 2,238047 0,002080
давать 0,013423 0,000025
отправка 0,013423 0,000012
загрузить 0,013423 0,000025
евро 4,317488 0,004013
критерий 3,624341 0,003368
направление 0,013423 0,000012
телефон 0,013423 0,000012
обжаловать 3,624341 0,003368
редакция 0,013423 0,000037
запретить 2,708050 0,002517
пока 1,919593 0,001784
ес 2,445686 0,013638
должный 0,013423 0,000025
объяснять 2,813411 0,002615
сей 2,931194 0,002724
автор 0,013423 0,000012
флаг 3,218876 0,005983
старый 0,013423 0,000012
сообщение 0,013423 0,000175
вид 1,399717 0,001301
польза 2,302585 0,002140
происшествие 0,292136 0,000272
стубба 5,010635 0,009313
подтвердить 0,013423 0,000012
поднять 4,317488 0,004013
конституция 5,010635 0,009313
подчёркивать 2,813411 0,005229
обновить 0,985284 0,000916
эксперт 1,373049 0,002552
структурирование 5,010635 0,004657
белорус 3,912023 0,003636
выполнимый 5,010635 0,004657
указывать 2,708050 0,002517
авторизация 0,013423 0,000012
религия 0,283247 0,000263
рейтинг 0,006689 0,000006
форма 0,013423 0,000150
дом 1,514128 0,002814
достаточность 5,010635 0,004657
конфискация 5,010635 0,013970
включая 2,525729 0,002347
культура 0,292136 0,000272
медиабанкдеревянный 5,010635 0,004657
нато 2,612740 0,009713
процедура 2,813411 0,002615
статья 0,013423 0,000012
ясно 4,317488 0,004013
евросоюз 2,238047 0,008320
принцип 3,218876 0,005983
любой 1,576648 0,001465
недвижимость 0,292136 0,001901
бюро 3,624341 0,003368
гусев 3,624341 0,013473
редактор 0,013423 0,000012
фгуп 0,499776 0,002322
контакт 0,013423 0,000012
пострадать 2,708050 0,002517
хяккянный 5,010635 0,004657
план 1,678431 0,003120
деревянный 3,064725 0,002848
хаминский 5,010635 0,009313
тема 0,013423 0,000037
предпринять 3,912023 0,003636
сервис 0,174353 0,000162
государственный 0,013423 0,000037
оказаться 2,525729 0,002347
дискуссия 0,013423 0,000025
справедливость 4,317488 0,004013
связанный 0,013423 0,000025
служба 0,006689 0,000006
риа 0,006689 0,000081
заметить 0,013423 0,000012
закрытый 0,013423 0,000012
обращать 0,013423 0,000012
рекомендательный 0,013423 0,000012
право 2,066196 0,013442
оспаривать 4,317488 0,004013
год 0,006689 0,000006
медиабанк 1,321756 0,001228
защитить 2,445686 0,002273
входящий 3,624341 0,003368
эстония 5,010635 0,004657
нюанс 3,401197 0,006322
обратиться 2,302585 0,002140
министр 2,525729 0,002347
кузнецов 3,401197 0,006322
международный 0,013423 0,000037
андрей 2,302585 0,002140
октябрь 1,714798 0,001594
безопасность 1,919593 0,008920
утрата 3,912023 0,003636
хяккянить 5,010635 0,004657
токсичный 5,010635 0,004657
непростой 3,912023 0,003636
например 1,714798 0,001594
агентство 0,013423 0,000050
авторизоваться 0,013423 0,000025
крайний 3,218876 0,002992
выбрать 0,013423 0,000037
частный 2,525729 0,007042
политический 2,813411 0,002615
сегодня 0,013423 0,000125
страна 1,139434 0,002118
президент 1,643339 0,001527
роман 3,064725 0,002848
просить 0,013423 0,000012
случай 1,643339 0,001527
сми 2,177422 0,002024
тяжба 5,010635 0,004657
покупатель 3,218876 0,008975
такой 1,098612 0,002042
плюс 3,218876 0,002992
новыесначала 0,013423 0,000012
нужный 1,643339 0,001527
пересмотреть 4,317488 0,004013
юлия 3,912023 0,003636
шапка 0,013423 0,000012
отправить 0,013423 0,000175
государство 2,177422 0,006071
продолжить 0,006689 0,000006
поискать 5,010635 0,004657
решение 0,006689 0,000019
хартия 5,010635 0,004657
собираться 2,813411 0,002615
ознакомить 0,013423 0,000012
вакансия 0,013423 0,000012
санкционный 3,912023 0,003636
мы 0,013423 0,000087
проставлять 0,013423 0,000012
лишить 3,401197 0,006322
участие 0,006689 0,000006
разрешение 3,401197 0,003161
аккаунт 0,013423 0,000062
экономика 0,292136 0,000543
обсуждение 0,013423 0,000025
опечатка 0,013423 0,000012
использовать 0,013423 0,000012
каждый 1,399717 0,001301
гражданин 2,066196 0,001920
золотой 3,218876 0,002992
компетентный 5,010635 0,004657
онлайн 0,013423 0,000012
почта 0,013423 0,000087
блокировка 0,013423 0,000050
осуществляться 0,013423 0,000012
обеспечение 2,612740 0,007285
заключать 3,912023 0,003636
апрель 0,013423 0,000012
совершенный 5,010635 0,004657
фамилия 0,013423 0,000012
яндекс 0,013423 0,000025
либо 0,013423 0,000012
истец 5,010635 0,004657
орган 2,708050 0,002517
федеральный 0,013423 0,000050
нажимать 0,013423 0,000012
уточнять 2,445686 0,002273
доказывать 4,317488 0,004013
технически 3,912023 0,003636
тысяча 1,919593 0,005352
мужчина 2,612740 0,002428
поиск 0,013423 0,000012
конвенция 5,010635 0,004657
антти 5,010635 0,004657
попробовать 0,013423 0,000012
заполнение 0,013423 0,000087
вернуть 2,120264 0,011823
внимание 0,013423 0,000012
принимать 0,013423 0,000012
ссылаться 5,010635 0,004657
условие 1,321756 0,001228
перепуг 5,010635 0,004657
серьёзно 3,912023 0,003636
выпуск 0,013423 0,000012
надзор 0,013423 0,000012
риск 2,813411 0,013073
ввести 2,931194 0,002724
жёсткий 2,931194 0,002724
миллион 2,445686 0,002273
предприятие 0,013423 0,000037
способ 0,013423 0,000025
наука 0,283247 0,000263
обратный 0,013423 0,000087
продукт 0,135438 0,000126
произойти 0,013423 0,000012
никак 3,064725 0,002848
