истечь 0,013423 0,000020
лента 0,006689 0,000020
законный 0,013423 0,000020
новый 0,006689 0,000039
нокаут 4,317488 0,006359
найти 0,013423 0,000020
письмо 0,013423 0,000040
сфера 0,013423 0,000020
электронный 0,013423 0,000020
спасибо 0,013423 0,000020
спорт 0,190354 0,000280
расширить 0,006689 0,000010
грузия 3,401197 0,005009
обзор 2,371578 0,003493
месяц 1,003302 0,001478
свидетельство 0,013423 0,000020
согласие 0,013423 0,000040
центр 0,166448 0,000245
комментирование 0,013423 0,000040
доступ 0,013423 0,000040
блокироваться 0,013423 0,000020
миа 0,013423 0,000040
задать 0,013423 0,000020
александр 1,373049 0,004044
связаться 0,013423 0,000119
декабрь 0,985284 0,001451
готовность 2,238047 0,003296
правило 0,013423 0,000099
сохранить 0,013423 0,000020
г 0,013423 0,000040
реклама 0,013423 0,000040
фото 0,013423 0,000020
политика 0,013423 0,000099
связь 0,006689 0,000079
демонтаж 5,010635 0,007379
применение 0,013423 0,000020
взаимодействие 0,013423 0,000040
о 0,013423 0,000020
дать 0,013423 0,000040
пресс 0,013423 0,000040
согласный 0,013423 0,000059
персональный 0,013423 0,000158
перетянуть 0,013423 0,000020
течение 0,013423 0,000020
надвигаться 3,912023 0,005761
смочь 0,006689 0,000010
болото 4,317488 0,006359
использоваться 0,006689 0,000010
готовый 0,006689 0,000020
дата 0,006689 0,000030
мир 0,223144 0,000657
обеспечить 2,120264 0,003123
запад 1,966113 0,002896
пройти 0,006689 0,000010
заголовок 0,013423 0,000040
беда 3,912023 0,005761
одноклассник 0,013423 0,000040
недопустимый 0,013423 0,000020
информационный 0,013423 0,000079
вы 0,013423 0,000020
фио 0,013423 0,000020
пентагон 3,624341 0,005338
восстановить 0,013423 0,000020
пожалуйста 0,013423 0,000020
русский 1,118815 0,001648
российский 0,883501 0,002602
цветной 3,064725 0,009027
рассмотреть 0,013423 0,000020
расположить 0,013423 0,000040
конец 1,643339 0,002420
версия 0,013423 0,000020
время 0,013423 0,000040
ниже 0,013423 0,000059
кнопка 0,013423 0,000020
россия 0,006689 0,000118
носович 3,218876 0,009481
тег 0,190354 0,000280
отменить 2,813411 0,004143
свой 0,867501 0,001278
зарегистрировать 0,013423 0,000020
готовить 1,966113 0,002896
подарок 2,931194 0,004317
ранее 0,013423 0,000020
главный 0,013423 0,000040
подкаст 0,292136 0,000430
проблема 0,013423 0,000020
данные 0,013423 0,000158
январь 1,040343 0,007661
флот 3,064725 0,004514
украина 1,160488 0,001709
город 0,013423 0,000020
разблокировать 0,013423 0,000059
публикация 2,177422 0,003207
фотография 0,013423 0,000020
сайт 0,013423 0,000059
поле 0,013423 0,000158
час 0,013423 0,000040
чат 0,013423 0,000040
союзник 3,912023 0,005761
полезный 0,143101 0,000211
новостеймолния 0,013423 0,000020
написать 0,013423 0,000020
галочка 0,013423 0,000020
заблокировать 0,013423 0,000040
перетащить 0,013423 0,000059
элита 3,624341 0,005338
соглашаться 0,013423 0,000020
туризм 0,283247 0,000417
степень 3,218876 0,004741
сначала 0,013423 0,000020
поддерживаетсяполучить 0,013423 0,000020
адрес 0,013423 0,000099
зеленский 1,875141 0,008285
другой 0,013423 0,000059
соответствие 0,013423 0,000040
подрывать 4,317488 0,006359
унитарный 0,013423 0,000059
популярность 2,612740 0,003848
европа 1,455287 0,004287
показать 0,013423 0,000059
давать 0,013423 0,000040
отправка 0,013423 0,000020
загрузить 0,013423 0,000040
направление 0,013423 0,000020
телефон 0,013423 0,000020
пароль 0,013423 0,000217
истинный 4,317488 0,006359
редакция 0,013423 0,000059
удалить 0,013423 0,000079
период 1,118815 0,001648
должный 0,013423 0,000040
вход 0,013423 0,000040
миропорядок 5,010635 0,007379
описать 0,013423 0,000020
размещение 0,013423 0,000020
сколько 0,006689 0,000010
автор 0,013423 0,000040
старый 0,013423 0,000020
сообщение 0,013423 0,000277
сворачивать 5,010635 0,007379
происшествие 0,292136 0,000430
подтвердить 0,013423 0,000020
революция 3,624341 0,010676
польша 2,931194 0,004317
ноу 5,010635 0,007379
подтверждать 0,013423 0,000020
прогресс 2,813411 0,004143
гаврилов 0,013423 0,000020
учредитель 0,013423 0,000020
война 2,238047 0,006592
авторизация 0,013423 0,000020
религия 0,283247 0,000417
рейтинг 0,006689 0,000010
форма 0,013423 0,000237
последний 0,899761 0,001325
ссылка 0,013423 0,000079
коммуникация 0,013423 0,000020
мой 0,013423 0,000099
культура 0,292136 0,000430
эпоха 3,912023 0,005761
архив 0,190354 0,000280
помочь 0,013423 0,000020
сговор 4,317488 0,006359
нато 2,612740 0,003848
статья 0,013423 0,000020
евросоюз 2,238047 0,003296
сша 1,118815 0,003295
описание 0,013423 0,000020
процесс 0,013423 0,000020
недвижимость 0,292136 0,000430
роскомнадзор 0,013423 0,000020
технология 0,013423 0,000040
хау 5,010635 0,007379
редактор 0,013423 0,000020
ракетчик 2,931194 0,004317
граница 2,931194 0,004317
контакт 0,013423 0,000020
объединить 4,317488 0,006359
москва 0,006689 0,000020
воспользоваться 0,013423 0,000079
тема 0,013423 0,000059
объяснить 2,612740 0,003848
прибалтика 5,010635 0,007379
сервис 0,174353 0,000257
государственный 0,013423 0,000059
становиться 2,177422 0,003207
дискуссия 0,013423 0,000040
пророссийский 5,010635 0,007379
сделать 1,226446 0,001806
связанный 0,013423 0,000040
служба 0,006689 0,000010
риа 0,006689 0,000020
ноябрь 1,514128 0,006690
заметить 0,013423 0,000020
лицо 1,714798 0,002525
закрытый 0,013423 0,000020
обращать 0,013423 0,000020
рекомендательный 0,013423 0,000020
далее 0,013423 0,000040
переговоры 1,875141 0,005523
актуальный 3,401197 0,005009
год 0,006689 0,000020
хотеть 0,006689 0,000010
открывать 0,013423 0,000040
перейти 0,013423 0,000020
международный 0,013423 0,000059
октябрь 1,714798 0,012627
трамп 1,544899 0,013652
выжить 5,010635 0,007379
теневой 4,317488 0,006359
вчера 1,576648 0,002322
обращение 0,013423 0,000059
агентство 0,013423 0,000079
спецпроект 0,190354 0,000280
массовый 0,013423 0,000020
обработка 0,013423 0,000099
это 0,013423 0,000020
королевский 3,218876 0,004741
вещь 3,912023 0,005761
авторизоваться 0,013423 0,000040
выбрать 0,013423 0,000059
сегодня 0,013423 0,000099
страна 1,139434 0,001678
тайна 2,445686 0,003602
молдова 5,010635 0,007379
новость 0,006689 0,000030
просить 0,013423 0,000020
сентябрь 1,427116 0,008407
новыесначала 0,013423 0,000020
уничтожить 2,708050 0,003988
нужный 1,643339 0,002420
зарегистрироваться 0,013423 0,000099
пожаловаться 0,006689 0,000010
войти 0,006689 0,000039
начало 1,643339 0,002420
шапка 0,013423 0,000020
отправить 0,013423 0,000297
продолжить 0,006689 0,000010
решение 0,006689 0,000010
ознакомить 0,013423 0,000020
серный 5,010635 0,007379
вакансия 0,013423 0,000020
эл 0,013423 0,000020
мы 0,013423 0,000138
проставлять 0,013423 0,000020
радио 0,274437 0,000404
участие 0,006689 0,000010
аккаунт 0,013423 0,000099
экономика 0,292136 0,000430
защита 0,013423 0,000079
регистрация 0,013423 0,000099
обсуждение 0,013423 0,000040
опечатка 0,013423 0,000020
использовать 0,013423 0,000020
почему 0,013423 0,000020
восстановление 0,013423 0,000079
онлайн 0,013423 0,000020
германия 2,525729 0,003720
почта 0,013423 0,000138
блокировка 0,013423 0,000079
осуществляться 0,013423 0,000020
апрель 0,013423 0,000020
вконтакте 0,013423 0,000040
фамилия 0,013423 0,000020
логин 0,013423 0,000020
конфиденциальность 0,013423 0,000079
нарушение 0,013423 0,000059
навсегда 0,013423 0,000020
гренландия 3,912023 0,011523
яндекс 0,013423 0,000040
путин 1,373049 0,004044
эхо 5,010635 0,007379
действие 0,013423 0,000020
либо 0,013423 0,000020
общий 2,014903 0,002967
федеральный 0,013423 0,000079
релиз 0,013423 0,000020
нажимать 0,013423 0,000020
назад 0,013423 0,000099
список 0,013423 0,000020
великое 5,010635 0,007379
поиск 0,013423 0,000020
обязательный 0,013423 0,000138
февраль 0,567984 0,000837
ошибка 0,013423 0,000059
вопрос 0,006689 0,000039
зубовский 0,013423 0,000040
мюнхенский 3,401197 0,005009
попробовать 0,013423 0,000020
заполнение 0,013423 0,000138
заполнить 0,013423 0,000138
внимание 0,013423 0,000020
принимать 0,013423 0,000020
топить 5,010635 0,007379
ваш 0,013423 0,000316
женева 2,238047 0,003296
общество 0,257045 0,000379
имя 0,013423 0,000099
кислота 3,064725 0,004514
думать 3,401197 0,005009
выпуск 0,013423 0,000020
срок 0,013423 0,000040
основание 0,013423 0,000020
издание 0,013423 0,000020
бульвар 0,013423 0,000040
сетевой 0,013423 0,000020
глобальный 3,218876 0,004741
раскрыть 2,612740 0,003848
событие 1,544899 0,002275
надзор 0,013423 0,000020
присутствие 3,218876 0,004741
использование 0,013423 0,000020
вновь 0,013423 0,000020
неделя 1,181994 0,001741
сменить 0,013423 0,000020
предприятие 0,013423 0,000059
способ 0,013423 0,000040
материал 0,013423 0,000198
наука 0,283247 0,000417
участвовать 0,013423 0,000040
сообщить 0,013423 0,000020
обратный 0,013423 0,000138
выбирать 2,014903 0,002967
продукт 0,135438 0,000199
произойти 0,013423 0,000020
быть 0,013423 0,000020
аляска 3,624341 0,005338
успешно 0,013423 0,000020
скриншот 0,013423 0,000059
