рф 1,181994 0,004537
банк 1,966113 0,001887
законный 0,013423 0,000026
новый 0,006689 0,000039
день 0,591795 0,000568
рыбный 3,218876 0,003089
экспорт 3,401197 0,009792
найти 0,013423 0,000013
письмо 0,013423 0,000026
спасибо 0,013423 0,000013
расширить 0,006689 0,000006
согласие 0,013423 0,000026
центр 0,166448 0,000160
доступ 0,013423 0,000026
миа 0,013423 0,000026
задать 0,013423 0,000013
спасать 3,912023 0,003754
александр 1,373049 0,002635
связаться 0,013423 0,000077
декабрь 0,985284 0,005673
человек 1,118815 0,002147
производство 2,612740 0,002507
г 0,013423 0,000026
реклама 0,013423 0,000026
варить 2,371578 0,004552
фото 0,013423 0,000026
морепродукт 3,912023 0,003754
политика 0,013423 0,000077
связь 0,006689 0,000051
контрафакт 5,010635 0,004809
о 0,013423 0,000013
определить 3,218876 0,003089
течение 0,013423 0,000013
китай 1,714798 0,003291
область 1,427116 0,001370
повар 2,238047 0,002148
холестерин 4,317488 0,004143
мир 0,223144 0,000642
запад 1,966113 0,001887
пройти 0,006689 0,000006
заголовок 0,013423 0,000026
информационный 0,013423 0,000052
рассмотреть 0,013423 0,000013
мимоза 3,064725 0,005882
расположить 0,013423 0,000026
шашлыкаобщество 5,010635 0,004809
классический 1,752539 0,003364
слишком 2,708050 0,002599
время 0,013423 0,000026
ноженко 4,317488 0,004143
кнопка 0,013423 0,000013
готовить 1,966113 0,001887
ранее 0,013423 0,000013
подкаст 0,292136 0,000280
главный 0,013423 0,000013
проблема 0,013423 0,000013
данные 0,013423 0,000103
город 0,013423 0,000013
разблокировать 0,013423 0,000039
лукашенко 3,401197 0,013056
снизиться 3,624341 0,003478
фотография 0,013423 0,000013
дмитрий 1,576648 0,003026
час 0,013423 0,000026
чат 0,013423 0,000026
молочный 2,931194 0,002813
новостеймолния 0,013423 0,000013
написать 0,013423 0,000013
трава 3,064725 0,002941
научный 2,302585 0,004420
соглашаться 0,013423 0,000013
россиянин 1,576648 0,001513
сначала 0,013423 0,000013
вред 2,445686 0,009388
редька 3,912023 0,003754
увидеть 3,218876 0,003089
показать 0,013423 0,000013
розничный 5,010635 0,004809
пароль 0,013423 0,000142
спирулина 4,317488 0,004143
подмосковье 2,238047 0,006444
удалить 0,013423 0,000052
закрыть 3,624341 0,003478
вход 0,013423 0,000026
хозяйство 2,612740 0,002507
описать 0,013423 0,000013
размещение 0,013423 0,000013
сколько 0,006689 0,000006
корея 4,317488 0,008287
июнь 1,875141 0,007198
посоветовать 3,624341 0,003478
поддержка 2,445686 0,002347
сельский 3,218876 0,003089
совет 1,226446 0,002354
благополучие 3,624341 0,006957
подтверждать 0,013423 0,000013
гаврилов 0,013423 0,000013
учредитель 0,013423 0,000013
последний 0,899761 0,000863
фантом 5,010635 0,004809
московский 1,678431 0,001611
ссылка 0,013423 0,000052
коммуникация 0,013423 0,000013
шеф 2,238047 0,004296
дорогой 3,064725 0,002941
мой 0,013423 0,000064
часто 2,371578 0,002276
архив 0,190354 0,000183
помочь 0,013423 0,000013
бренд 3,064725 0,002941
салат 2,120264 0,012209
природный 2,931194 0,002813
описание 0,013423 0,000013
лидер 2,813411 0,002700
процесс 0,013423 0,000013
июль 1,609438 0,006178
южный 2,931194 0,005626
роскомнадзор 0,013423 0,000013
технология 0,013423 0,000026
секрет 2,445686 0,007041
москва 0,006689 0,000026
воспользоваться 0,013423 0,000052
меню 3,218876 0,003089
переработка 4,317488 0,004143
алиханов 4,317488 0,008287
ноябрь 1,514128 0,002906
екатерина 2,445686 0,002347
большой 1,832581 0,003517
закуска 2,302585 0,002210
далее 0,013423 0,000026
кулич 3,218876 0,003089
шашлык 3,218876 0,006178
новогодний 2,120264 0,002035
киноа 3,624341 0,003478
хотеть 0,006689 0,000006
открывать 0,013423 0,000026
перейти 0,013423 0,000013
закупаться 5,010635 0,004809
нужно 1,455287 0,001397
стать 0,851752 0,001635
питаться 5,010635 0,004809
обращение 0,013423 0,000039
тула 4,317488 0,004143
это 0,013423 0,000026
минсельхоз 4,317488 0,004143
спецпроект 0,190354 0,000183
массовый 0,013423 0,000013
обработка 0,013423 0,000064
зарядка 5,010635 0,004809
простуда 4,317488 0,004143
рост 2,708050 0,002599
еда 2,177422 0,012538
прочность 4,317488 0,004143
дефицит 3,064725 0,002941
новость 0,006689 0,000064
мороженое 3,401197 0,006528
сентябрь 1,427116 0,002739
зарегистрироваться 0,013423 0,000064
пожаловаться 0,006689 0,000006
войти 0,006689 0,000026
вирус 5,010635 0,004809
водоросль 3,912023 0,003754
эл 0,013423 0,000013
радио 0,274437 0,000263
защита 0,013423 0,000077
регистрация 0,013423 0,000064
минимум 2,371578 0,002276
почему 0,013423 0,000013
союзмолоко 5,010635 0,004809
восстановление 0,013423 0,000052
хороший 1,059392 0,004067
змея 2,708050 0,002599
вкусный 1,752539 0,001682
пятёрочка 5,010635 0,009617
белоруссия 3,218876 0,006178
вконтакте 0,013423 0,000026
закупка 3,624341 0,003478
логин 0,013423 0,000013
нарушение 0,013423 0,000052
конфиденциальность 0,013423 0,000052
навсегда 0,013423 0,000013
действие 0,013423 0,000013
релиз 0,013423 0,000013
назад 0,013423 0,000064
говядина 3,218876 0,003089
тиффаня 3,064725 0,002941
разрешить 2,931194 0,005626
список 0,013423 0,000013
импорт 3,624341 0,006957
лук 2,302585 0,002210
обязательный 0,013423 0,000090
февраль 0,567984 0,000545
ошибка 0,013423 0,000039
вопрос 0,006689 0,000026
мягкий 2,445686 0,002347
зубовский 0,013423 0,000026
юрист 2,371578 0,002276
примерный 5,010635 0,004809
произвести 3,624341 0,003478
заполнить 0,013423 0,000090
против 1,966113 0,003774
ваш 0,013423 0,000206
общество 0,257045 0,002467
имя 0,013423 0,000064
блюдо 1,609438 0,001545
интервью 2,813411 0,002700
срок 0,013423 0,000026
основание 0,013423 0,000013
издание 0,013423 0,000013
оливье 3,218876 0,003089
бульвар 0,013423 0,000026
сетевой 0,013423 0,000026
росстат 3,912023 0,007509
раскрыть 2,612740 0,005015
электромобиль 5,010635 0,004809
использование 0,013423 0,000013
август 1,752539 0,005046
вновь 0,013423 0,000013
неделя 1,181994 0,001134
самый 0,967584 0,000929
сменить 0,013423 0,000013
материал 0,013423 0,000116
участвовать 0,013423 0,000026
товар 3,064725 0,002941
сообщить 0,013423 0,000013
выбирать 2,014903 0,001934
быть 0,013423 0,000013
пошаговый 1,455287 0,002793
успешно 0,013423 0,000013
скриншот 0,013423 0,000039
истечь 0,013423 0,000013
лента 0,006689 0,000013
приготовить 1,643339 0,003154
сфера 0,013423 0,000039
электронный 0,013423 0,000013
спорт 0,190354 0,000183
твой 4,317488 0,008287
проверка 2,708050 0,002599
пекарня 5,010635 0,004809
месяц 1,003302 0,000963
пиво 4,317488 0,008287
свидетельство 0,013423 0,000013
комментирование 0,013423 0,000026
сердце 3,064725 0,002941
блокироваться 0,013423 0,000013
правило 0,013423 0,000077
сохранить 0,013423 0,000013
министерство 1,966113 0,003774
морковкинэкономист 2,931194 0,005626
применение 0,013423 0,000013
взаимодействие 0,013423 0,000026
дать 0,013423 0,000026
сельхозпродукция 5,010635 0,009617
пресс 0,013423 0,000026
согласный 0,013423 0,000039
персональный 0,013423 0,000103
кулинария 2,371578 0,006828
возможный 1,576648 0,001513
перетянуть 0,013423 0,000013
картофель 2,445686 0,007041
смочь 0,006689 0,000006
использоваться 0,006689 0,000013
сало 3,624341 0,003478
женщина 1,832581 0,001759
спонсор 3,912023 0,007509
заготовить 3,624341 0,006957
готовый 0,006689 0,000013
разгрузочный 5,010635 0,004809
дата 0,006689 0,000006
сочный 2,525729 0,002424
сугроб 2,931194 0,002813
традиционный 1,919593 0,001842
одноклассник 0,013423 0,000026
недопустимый 0,013423 0,000013
сажать 4,317488 0,004143
магазин 3,064725 0,008824
вы 0,013423 0,000013
фио 0,013423 0,000013
восстановить 0,013423 0,000013
пожалуйста 0,013423 0,000013
российский 0,883501 0,000848
картошка 2,813411 0,002700
подоплёка 5,010635 0,004809
стол 1,832581 0,001759
экономический 2,302585 0,002210
версия 0,013423 0,000013
ниже 0,013423 0,000039
растение 3,624341 0,003478
россия 0,006689 0,000180
простой 1,272966 0,003665
тег 0,190354 0,000183
подешеветь 4,317488 0,008287
зарегистрировать 0,013423 0,000013
январь 1,040343 0,009984
цена 1,966113 0,005661
игорь 2,708050 0,002599
сайт 0,013423 0,000039
поле 0,013423 0,000103
правильно 2,066196 0,001983
полезный 0,143101 0,000137
галочка 0,013423 0,000013
заблокировать 0,013423 0,000026
перетащить 0,013423 0,000039
туризм 0,283247 0,000272
сотрудник 1,791759 0,003439
поддерживаетсяполучить 0,013423 0,000013
адрес 0,013423 0,000064
рыба 2,931194 0,002813
другой 0,013423 0,000039
соответствие 0,013423 0,000026
креветка 2,813411 0,005400
унитарный 0,013423 0,000039
давать 0,013423 0,000026
лидировать 5,010635 0,004809
отправка 0,013423 0,000013
загрузить 0,013423 0,000026
сеть 2,371578 0,002276
университетский 5,010635 0,004809
театр 3,064725 0,005882
направление 0,013423 0,000013
телефон 0,013423 0,000013
редакция 0,013423 0,000039
питание 2,302585 0,006629
локализация 5,010635 0,004809
период 1,118815 0,001074
должный 0,013423 0,000013
знать 2,238047 0,002148
автор 0,013423 0,000013
учёный 3,064725 0,002941
старый 0,013423 0,000013
сообщение 0,013423 0,000180
бороться 5,010635 0,004809
польза 2,302585 0,013259
происшествие 0,292136 0,000561
подтвердить 0,013423 0,000013
правительство 1,875141 0,003599
эксперт 1,373049 0,001318
антиоксидант 4,317488 0,004143
бизнес 2,708050 0,007797
рыбка 4,317488 0,004143
авторизация 0,013423 0,000013
религия 0,283247 0,000272
рейтинг 0,006689 0,000013
форма 0,013423 0,000155
дом 1,514128 0,002906
культура 0,292136 0,000561
шоколад 3,912023 0,003754
статья 0,013423 0,000013
мята 3,064725 0,005882
организм 3,218876 0,006178
промышленность 2,813411 0,002700
санитарный 4,317488 0,004143
недвижимость 0,292136 0,000280
неизвестный 3,624341 0,003478
грамм 3,912023 0,003754
редактор 0,013423 0,000013
потребитель 3,401197 0,006528
кость 3,912023 0,003754
мясо 2,445686 0,002347
контакт 0,013423 0,000013
маринад 3,624341 0,003478
тема 0,013423 0,000039
покупка 2,931194 0,005626
государственный 0,013423 0,000077
сервис 0,174353 0,000167
дискуссия 0,013423 0,000026
сделать 1,226446 0,001177
ромиро 5,010635 0,004809
связанный 0,013423 0,000026
служба 0,006689 0,000032
риа 0,006689 0,000019
заметить 0,013423 0,000013
диета 3,912023 0,003754
здоровье 1,832581 0,003517
юго 5,010635 0,004809
тонна 3,624341 0,003478
закрытый 0,013423 0,000013
обращать 0,013423 0,000013
рекомендательный 0,013423 0,000013
алкоголь 3,624341 0,003478
право 2,066196 0,003966
год 0,006689 0,000045
международный 0,013423 0,000039
октябрь 1,714798 0,006583
продукция 3,401197 0,013056
ведущий 2,120264 0,004070
сахар 2,525729 0,002424
варежка 3,064725 0,002941
антон 3,624341 0,006957
агентство 0,013423 0,000052
диетический 3,624341 0,003478
пища 2,813411 0,002700
авторизоваться 0,013423 0,000026
уничтожать 3,218876 0,003089
выбрать 0,013423 0,000039
заморозить 3,218876 0,003089
политический 2,813411 0,002700
сегодня 0,013423 0,000077
просить 0,013423 0,000013
создать 1,875141 0,001800
отравление 3,624341 0,003478
новыесначала 0,013423 0,000013
шапка 0,013423 0,000013
отправить 0,013423 0,000180
овощ 2,120264 0,010174
продолжить 0,006689 0,000006
решение 0,006689 0,000006
ознакомить 0,013423 0,000013
март 1,514128 0,001453
вакансия 0,013423 0,000013
мы 0,013423 0,000090
проставлять 0,013423 0,000013
участие 0,006689 0,000006
аккаунт 0,013423 0,000064
экономика 0,292136 0,001402
состав 2,120264 0,002035
обсуждение 0,013423 0,000026
роспотребнадзор 4,317488 0,008287
опечатка 0,013423 0,000013
использовать 0,013423 0,000013
временно 4,317488 0,004143
онлайн 0,013423 0,000013
десять 2,445686 0,002347
почта 0,013423 0,000090
блокировка 0,013423 0,000052
рецепт 1,118815 0,015032
осуществляться 0,013423 0,000013
апрель 0,013423 0,000026
идеальный 2,445686 0,002347
фамилия 0,013423 0,000013
яндекс 0,013423 0,000026
университет 1,919593 0,005527
хлеб 2,371578 0,002276
финансовый 1,714798 0,003291
либо 0,013423 0,000013
напиток 2,371578 0,002276
федеральный 0,013423 0,000103
нажимать 0,013423 0,000013
опилка 5,010635 0,004809
справка 1,791759 0,001720
реальный 3,401197 0,003264
развитие 2,066196 0,001983
крупа 3,218876 0,003089
тульский 3,401197 0,003264
тысяча 1,919593 0,001842
поиск 0,013423 0,000013
поделиться 3,218876 0,003089
статистика 4,317488 0,008287
официальный 2,177422 0,002090
пасхальный 2,931194 0,002813
балынина 5,010635 0,004809
попробовать 0,013423 0,000013
минэкономразвития 4,317488 0,004143
заполнение 0,013423 0,000090
внимание 0,013423 0,000013
принимать 0,013423 0,000013
продажа 3,218876 0,009267
гриб 2,813411 0,002700
молоко 2,445686 0,004694
консервы 3,064725 0,008824
сократить 4,317488 0,004143
выпуск 0,013423 0,000013
гаджет 5,010635 0,004809
надзор 0,013423 0,000039
зима 1,919593 0,003684
предприятие 0,013423 0,000052
способ 0,013423 0,000026
наука 0,283247 0,001087
какой 1,399717 0,001343
обратный 0,013423 0,000090
продукт 0,135438 0,003509
произойти 0,013423 0,000013
