болевой 5,010635 0,007315
истечь 0,013423 0,000020
терроризм 4,317488 0,006303
лента 0,006689 0,000020
законный 0,013423 0,000020
новый 0,006689 0,000049
день 0,591795 0,000864
перемирие 4,317488 0,006303
найти 0,013423 0,000020
письмо 0,013423 0,000039
вынести 2,813411 0,004107
сфера 0,013423 0,000020
электронный 0,013423 0,000020
спасибо 0,013423 0,000020
спорт 0,190354 0,000278
расширить 0,006689 0,000010
угрожать 3,624341 0,005291
обзор 2,371578 0,003462
месяц 1,003302 0,001465
этот 1,514128 0,002210
сам 1,875141 0,002737
свидетельство 0,013423 0,000020
согласие 0,013423 0,000039
центр 0,166448 0,000243
комментирование 0,013423 0,000039
доступ 0,013423 0,000039
блокироваться 0,013423 0,000020
миа 0,013423 0,000039
задать 0,013423 0,000020
предложить 2,066196 0,006033
молча 5,010635 0,007315
нести 3,218876 0,004699
связаться 0,013423 0,000118
декабрь 0,985284 0,002877
правило 0,013423 0,000118
сохранить 0,013423 0,000020
украинец 2,302585 0,003361
г 0,013423 0,000039
трудный 5,010635 0,007315
реклама 0,013423 0,000039
фото 0,013423 0,000020
политика 0,013423 0,000098
связь 0,006689 0,000078
применение 0,013423 0,000020
взаимодействие 0,013423 0,000039
о 0,013423 0,000020
дать 0,013423 0,000039
пресс 0,013423 0,000039
согласный 0,013423 0,000059
персональный 0,013423 0,000157
оружие 2,445686 0,003570
перетянуть 0,013423 0,000020
определить 3,218876 0,004699
течение 0,013423 0,000020
киевский 2,931194 0,004279
смочь 0,006689 0,000010
использоваться 0,006689 0,000010
готовый 0,006689 0,000029
дата 0,006689 0,000029
мир 0,223144 0,000652
весь 1,021651 0,001491
запад 1,966113 0,002870
пройти 0,006689 0,000010
заголовок 0,013423 0,000039
очередь 2,120264 0,003095
одноклассник 0,013423 0,000039
недопустимый 0,013423 0,000020
информационный 0,013423 0,000078
вы 0,013423 0,000020
фио 0,013423 0,000020
пентагон 3,624341 0,005291
восстановить 0,013423 0,000020
пожалуйста 0,013423 0,000020
дело 1,249435 0,001824
рассмотреть 0,013423 0,000020
расположить 0,013423 0,000039
расовый 3,624341 0,005291
версия 0,013423 0,000020
время 0,013423 0,000039
ниже 0,013423 0,000059
кнопка 0,013423 0,000020
россия 0,006689 0,000127
тег 0,190354 0,000278
зарегистрировать 0,013423 0,000020
подарок 2,931194 0,004279
ранее 0,013423 0,000020
подкаст 0,292136 0,000426
главный 0,013423 0,000020
проблема 0,013423 0,000020
данные 0,013423 0,000157
встретиться 3,624341 0,005291
январь 1,040343 0,016706
украина 1,160488 0,003388
город 0,013423 0,000020
разблокировать 0,013423 0,000059
публикация 2,177422 0,003179
фотография 0,013423 0,000020
предупреждать 3,401197 0,004965
расколоть 2,525729 0,003687
сайт 0,013423 0,000059
поле 0,013423 0,000157
час 0,013423 0,000039
чат 0,013423 0,000039
полезный 0,143101 0,000209
новостеймолния 0,013423 0,000020
написать 0,013423 0,000020
галочка 0,013423 0,000020
файл 3,401197 0,004965
заблокировать 0,013423 0,000039
перетащить 0,013423 0,000059
соглашаться 0,013423 0,000020
туризм 0,283247 0,000413
сначала 0,013423 0,000020
поддерживаетсяполучить 0,013423 0,000020
адрес 0,013423 0,000098
зеленский 1,875141 0,002737
другой 0,013423 0,000059
соответствие 0,013423 0,000039
унитарный 0,013423 0,000059
популярность 2,612740 0,003814
давать 0,013423 0,000039
показать 0,013423 0,000020
победить 3,218876 0,004699
заняться 5,010635 0,007315
отправка 0,013423 0,000020
загрузить 0,013423 0,000039
мириться 5,010635 0,007315
направление 0,013423 0,000020
телефон 0,013423 0,000020
пароль 0,013423 0,000216
приговор 3,064725 0,004474
редакция 0,013423 0,000059
удалить 0,013423 0,000078
порядок 1,832581 0,002675
вступить 3,401197 0,004965
период 1,118815 0,001633
бунт 3,912023 0,005711
вход 0,013423 0,000039
должный 0,013423 0,000020
репетиция 5,010635 0,007315
применить 5,010635 0,007315
описать 0,013423 0,000020
размещение 0,013423 0,000020
сколько 0,006689 0,000010
автор 0,013423 0,000039
старый 0,013423 0,000020
сообщение 0,013423 0,000274
репарация 3,064725 0,004474
происшествие 0,292136 0,000426
подтвердить 0,013423 0,000020
попасть 2,708050 0,003953
подтверждать 0,013423 0,000020
гаврилов 0,013423 0,000020
учредитель 0,013423 0,000020
война 2,238047 0,006534
авторизация 0,013423 0,000020
вассал 5,010635 0,007315
религия 0,283247 0,000413
рейтинг 0,006689 0,000010
форма 0,013423 0,000235
последний 0,899761 0,001314
никифоров 3,218876 0,009398
ссылка 0,013423 0,000078
коммуникация 0,013423 0,000020
мой 0,013423 0,000098
культура 0,292136 0,000426
судный 4,317488 0,006303
архив 0,190354 0,000278
помочь 0,013423 0,000020
нато 2,612740 0,011443
статья 0,013423 0,000020
сша 1,118815 0,001633
описание 0,013423 0,000020
процесс 0,013423 0,000020
гражданский 2,371578 0,003462
недвижимость 0,292136 0,000426
делать 1,427116 0,002083
роскомнадзор 0,013423 0,000020
мировой 2,371578 0,003462
ответить 2,238047 0,003267
технология 0,013423 0,000039
редактор 0,013423 0,000020
близкий 2,066196 0,003016
контакт 0,013423 0,000020
москва 0,006689 0,000049
воспользоваться 0,013423 0,000078
тема 0,013423 0,000059
сервис 0,174353 0,000255
государственный 0,013423 0,000059
дискуссия 0,013423 0,000039
официально 3,624341 0,005291
результат 1,714798 0,002503
сделать 1,226446 0,001790
связанный 0,013423 0,000039
опыт 2,931194 0,004279
служба 0,006689 0,000010
риа 0,006689 0,000020
заметить 0,013423 0,000020
закрытый 0,013423 0,000020
обращать 0,013423 0,000020
рекомендательный 0,013423 0,000020
далее 0,013423 0,000039
удивить 3,218876 0,004699
опасность 2,931194 0,004279
виктория 2,931194 0,008558
выплатить 3,064725 0,004474
мечта 3,912023 0,005711
год 0,006689 0,000029
нюанс 3,401197 0,004965
хотеть 0,006689 0,000010
открывать 0,013423 0,000039
предстоять 3,401197 0,004965
перейти 0,013423 0,000020
международный 0,013423 0,000059
трамп 1,544899 0,004511
вчера 1,576648 0,002302
желать 2,612740 0,003814
обращение 0,013423 0,000059
агентство 0,013423 0,000078
следующий 1,427116 0,002083
спецпроект 0,190354 0,000278
массовый 0,013423 0,000020
обработка 0,013423 0,000098
это 0,013423 0,000020
авторизоваться 0,013423 0,000039
выбрать 0,013423 0,000059
сегодня 0,013423 0,000098
страна 1,139434 0,001663
новость 0,006689 0,000029
просить 0,013423 0,000020
покушение 3,624341 0,005291
катастрофа 3,064725 0,008948
новыесначала 0,013423 0,000020
зарегистрироваться 0,013423 0,000098
пожаловаться 0,006689 0,000010
войти 0,006689 0,000039
шапка 0,013423 0,000020
отправить 0,013423 0,000274
киллер 5,010635 0,007315
поздравить 2,525729 0,003687
продолжить 0,006689 0,000010
решение 0,006689 0,000010
ознакомить 0,013423 0,000020
капитуляция 3,624341 0,005291
вакансия 0,013423 0,000020
эл 0,013423 0,000020
мы 0,013423 0,000137
проставлять 0,013423 0,000020
радио 0,274437 0,000401
участие 0,006689 0,000010
аккаунт 0,013423 0,000098
экономика 0,292136 0,000426
защита 0,013423 0,000078
энергетический 2,371578 0,003462
регистрация 0,013423 0,000098
обсуждение 0,013423 0,000039
выбор 2,066196 0,003016
опечатка 0,013423 0,000020
использовать 0,013423 0,000020
почему 0,013423 0,000020
гражданин 2,066196 0,003016
восстановление 0,013423 0,000078
онлайн 0,013423 0,000020
забытый 5,010635 0,007315
затрепыхаться 5,010635 0,007315
почта 0,013423 0,000137
блокировка 0,013423 0,000078
воевать 2,813411 0,004107
осуществляться 0,013423 0,000020
киев 1,832581 0,002675
история 1,139434 0,001663
апрель 0,013423 0,000020
вконтакте 0,013423 0,000039
ждать 1,919593 0,002802
фамилия 0,013423 0,000020
логин 0,013423 0,000020
конфиденциальность 0,013423 0,000078
нарушение 0,013423 0,000059
навсегда 0,013423 0,000020
яндекс 0,013423 0,000039
путин 1,373049 0,004009
действие 0,013423 0,000020
либо 0,013423 0,000020
федеральный 0,013423 0,000078
релиз 0,013423 0,000020
нажимать 0,013423 0,000020
назад 0,013423 0,000098
минск 5,010635 0,007315
список 0,013423 0,000020
умереть 2,445686 0,007141
поиск 0,013423 0,000020
приблизить 5,010635 0,007315
обязательный 0,013423 0,000137
февраль 0,567984 0,004975
ошибка 0,013423 0,000059
вопрос 0,006689 0,000039
зубовский 0,013423 0,000039
попробовать 0,013423 0,000020
заполнение 0,013423 0,000137
заполнить 0,013423 0,000137
внимание 0,013423 0,000020
принимать 0,013423 0,000020
против 1,966113 0,002870
ваш 0,013423 0,000314
общество 0,257045 0,000375
имя 0,013423 0,000098
выпуск 0,013423 0,000020
срок 0,013423 0,000039
основание 0,013423 0,000020
издание 0,013423 0,000020
эпштейн 2,525729 0,003687
бульвар 0,013423 0,000039
сетевой 0,013423 0,000020
скрывать 3,624341 0,005291
событие 1,544899 0,002255
надзор 0,013423 0,000020
использование 0,013423 0,000020
вновь 0,013423 0,000020
неделя 1,181994 0,001726
сменить 0,013423 0,000020
предприятие 0,013423 0,000059
способ 0,013423 0,000039
материал 0,013423 0,000196
наука 0,283247 0,000413
участвовать 0,013423 0,000039
сообщить 0,013423 0,000020
обратный 0,013423 0,000137
продукт 0,135438 0,000198
произойти 0,013423 0,000020
сломаться 5,010635 0,007315
европейский 1,791759 0,002616
быть 0,013423 0,000020
успешно 0,013423 0,000020
закончиться 3,401197 0,004965
точка 2,813411 0,004107
скриншот 0,013423 0,000059
