состояться 2,708050 0,002839
специальный 1,514128 0,006349
законный 0,013423 0,000014
миресшадонбассдональд 4,317488 0,004526
новый 0,006689 0,000021
день 0,591795 0,001241
найти 0,013423 0,000014
газета 3,218876 0,006748
письмо 0,013423 0,000028
советник 3,401197 0,003565
происходить 2,177422 0,002282
уиткоффджаред 4,317488 0,004526
спасибо 0,013423 0,000014
расширить 0,006689 0,000007
пауэллом 3,912023 0,004101
согласие 0,013423 0,000028
центр 0,166448 0,000174
анонсировать 3,218876 0,003374
доступ 0,013423 0,000028
миа 0,013423 0,000098
украинев 3,401197 0,003565
задать 0,013423 0,000014
связаться 0,013423 0,000084
секретарь 2,931194 0,006145
украинец 2,302585 0,002414
г 0,013423 0,000028
реклама 0,013423 0,000028
фото 0,013423 0,000028
политика 0,013423 0,000070
галузинигорь 4,317488 0,004526
связь 0,006689 0,000056
добиться 2,302585 0,009654
о 0,013423 0,000014
британец 3,401197 0,003565
течение 0,013423 0,000014
разгар 3,218876 0,003374
мир 0,223144 0,002573
конкретный 3,218876 0,003374
деловой 3,064725 0,003213
пройти 0,006689 0,000014
заголовок 0,013423 0,000028
информационный 0,013423 0,000056
даби 3,912023 0,004101
умеровмирный 4,317488 0,004526
рассмотреть 0,013423 0,000014
расположить 0,013423 0,000028
время 0,013423 0,000028
кнопка 0,013423 0,000014
ранее 0,013423 0,000014
трампукраинапереговор 4,317488 0,004526
подкаст 0,292136 0,000306
главный 0,013423 0,000014
проблема 0,013423 0,000014
данные 0,013423 0,000113
также 1,139434 0,002389
туда 3,218876 0,003374
украина 1,160488 0,031628
город 0,013423 0,000014
разблокировать 0,013423 0,000042
публикация 2,177422 0,002282
обсуждать 3,912023 0,004101
подталкивать 5,010635 0,005252
италия 2,014903 0,002112
фотография 0,013423 0,000014
дмитрий 1,576648 0,001653
расколоть 2,525729 0,002648
час 0,013423 0,000056
мединский 2,612740 0,013694
чат 0,013423 0,000028
новостеймолния 0,013423 0,000014
написать 0,013423 0,000014
соглашаться 0,013423 0,000014
сначала 0,013423 0,000014
нерешённый 3,912023 0,004101
показать 0,013423 0,000014
отсутствие 2,014903 0,002112
конгресс 4,317488 0,009051
пароль 0,013423 0,000155
удалить 0,013423 0,000056
мирный 2,525729 0,010590
офис 2,931194 0,003073
вход 0,013423 0,000028
обменяться 3,624341 0,003799
читать 0,791128 0,000829
описать 0,013423 0,000014
размещение 0,013423 0,000014
дональд 2,371578 0,014916
сколько 0,006689 0,000007
зять 3,912023 0,004101
отказ 2,302585 0,002414
председатель 3,064725 0,003213
уиткофф 3,401197 0,010696
подтверждать 0,013423 0,000014
мединскийрустема 4,317488 0,004526
гаврилов 0,013423 0,000014
учредитель 0,013423 0,000014
ссылка 0,013423 0,000056
сторона 1,609438 0,003374
коммуникация 0,013423 0,000014
мой 0,013423 0,000070
архив 0,190354 0,000200
помочь 0,013423 0,000014
раунд 2,931194 0,006145
сша 1,118815 0,012900
описание 0,013423 0,000014
процесс 0,013423 0,000028
костюков 4,317488 0,013577
среда 2,612740 0,002739
роскомнадзор 0,013423 0,000014
технология 0,013423 0,000028
москва 0,006689 0,000021
воспользоваться 0,013423 0,000056
спецпосланник 3,912023 0,004101
ноябрь 1,514128 0,004761
претензия 3,912023 0,004101
далее 0,013423 0,000028
промежуточный 5,010635 0,010504
хотеть 0,006689 0,000070
открывать 0,013423 0,000028
перейти 0,013423 0,000014
кушнер 3,401197 0,014261
обладать 3,064725 0,003213
устроить 2,931194 0,003073
обращение 0,013423 0,000042
операция 1,752539 0,007348
умный 2,708050 0,002839
это 0,013423 0,000028
спецпроект 0,190354 0,000200
массовый 0,013423 0,000014
обработка 0,013423 0,000070
большинство 2,612740 0,002739
украинский 1,576648 0,004958
слово 1,514128 0,001587
донбасс 2,612740 0,013694
галузин 5,010635 0,010504
новость 0,006689 0,000091
вашингтон 2,120264 0,002222
дипломатический 3,624341 0,003799
михаил 2,525729 0,007943
зарегистрироваться 0,013423 0,000070
пожаловаться 0,006689 0,000007
войти 0,006689 0,000028
эл 0,013423 0,000014
радио 0,274437 0,000288
дзен 0,851752 0,000893
защита 0,013423 0,000056
регистрация 0,013423 0,000070
почему 0,013423 0,000014
восстановление 0,013423 0,000056
германия 2,525729 0,002648
вконтакте 0,013423 0,000028
логин 0,013423 0,000014
конфиденциальность 0,013423 0,000056
нарушение 0,013423 0,000042
навсегда 0,013423 0,000014
путин 1,373049 0,001439
действие 0,013423 0,000014
релиз 0,013423 0,000014
назад 0,013423 0,000070
первый 0,883501 0,000926
список 0,013423 0,000014
переговорщик 4,317488 0,004526
означать 3,401197 0,003565
итог 2,302585 0,004827
осень 2,708050 0,019870
обязательный 0,013423 0,000098
ошибка 0,013423 0,000042
вопрос 0,006689 0,000042
продлиться 2,813411 0,002949
зубовский 0,013423 0,000028
заполнить 0,013423 0,000098
ваш 0,013423 0,000225
общество 0,257045 0,000269
имя 0,013423 0,000070
срок 0,013423 0,000028
основание 0,013423 0,000014
издание 0,013423 0,000028
песок 2,177422 0,004565
бульвар 0,013423 0,000028
сетевой 0,013423 0,000014
использование 0,013423 0,000014
фев 1,399717 0,001467
вновь 0,013423 0,000014
банда 2,525729 0,002648
сменить 0,013423 0,000014
материал 0,013423 0,000113
участвовать 0,013423 0,000028
сообщить 0,013423 0,000014
быть 0,013423 0,000014
успешно 0,013423 0,000014
скриншот 0,013423 0,000042
истечь 0,013423 0,000014
отмечать 1,399717 0,001467
лента 0,006689 0,000014
архивный 1,347074 0,001412
вылет 4,317488 0,004526
партия 3,912023 0,004101
сфера 0,013423 0,000014
электронный 0,013423 0,000014
спорт 0,190354 0,000200
франция 2,708050 0,002839
свидетельство 0,013423 0,000014
комментирование 0,013423 0,000028
урегулирование 2,612740 0,005477
блокироваться 0,013423 0,000014
буданов 3,401197 0,014261
джонатан 3,912023 0,004101
глава 1,919593 0,006036
правило 0,013423 0,000070
сохранить 0,013423 0,000014
народ 2,238047 0,002346
тяжёлый 2,525729 0,002648
схема 3,218876 0,003374
применение 0,013423 0,000014
взаимодействие 0,013423 0,000028
дать 0,013423 0,000028
пресс 0,013423 0,000042
согласный 0,013423 0,000042
персональный 0,013423 0,000113
перетянуть 0,013423 0,000014
смочь 0,006689 0,000007
использоваться 0,006689 0,000007
третий 1,919593 0,002012
готовый 0,006689 0,000014
кира 3,624341 0,003799
дата 0,006689 0,000014
одноклассник 0,013423 0,000028
недопустимый 0,013423 0,000014
вы 0,013423 0,000014
фио 0,013423 0,000014
кирилл 1,875141 0,005897
восстановить 0,013423 0,000014
пожалуйста 0,013423 0,000014
российский 0,883501 0,000926
версия 0,013423 0,000014
ниже 0,013423 0,000042
слуга 3,401197 0,003565
узнать 2,014903 0,002112
намеренный 5,010635 0,010504
россия 0,006689 0,000098
шесть 2,371578 0,002486
тег 0,190354 0,000200
абу 3,912023 0,004101
зарегистрировать 0,013423 0,000014
палата 3,401197 0,007130
премьера 3,624341 0,003799
игорь 2,708050 0,005677
сайт 0,013423 0,000042
поле 0,013423 0,000113
американский 1,966113 0,004122
истерика 2,813411 0,002949
полезный 0,143101 0,000150
галочка 0,013423 0,000014
заблокировать 0,013423 0,000028
перетащить 0,013423 0,000042
наблюдать 3,064725 0,003213
представитель 2,302585 0,007241
туризм 0,283247 0,000297
поддерживаетсяполучить 0,013423 0,000014
адрес 0,013423 0,000070
зеленский 1,875141 0,005897
другой 0,013423 0,000042
соответствие 0,013423 0,000028
унитарный 0,013423 0,000042
давать 0,013423 0,000042
отправка 0,013423 0,000014
загрузить 0,013423 0,000028
направление 0,013423 0,000014
телефон 0,013423 0,000014
редакция 0,013423 0,000042
республиканский 5,010635 0,005252
ход 2,238047 0,002346
должный 0,013423 0,000014
военнослужащий 3,401197 0,007130
снбо 3,624341 0,003799
говориться 2,371578 0,002486
автор 0,013423 0,000014
старый 0,013423 0,000014
сообщение 0,013423 0,000197
короткий 3,401197 0,003565
происшествие 0,292136 0,000306
умер 3,624341 0,011397
подтвердить 0,013423 0,000014
оба 2,612740 0,002739
стармера 3,624341 0,003799
обновить 0,985284 0,001033
прогресс 2,813411 0,002949
авторизация 0,013423 0,000014
религия 0,283247 0,000297
рейтинг 0,006689 0,000007
форма 0,013423 0,000169
дом 1,514128 0,001587
культура 0,292136 0,000306
дверь 3,912023 0,004101
статья 0,013423 0,000014
возглавлять 3,218876 0,003374
военнопленный 3,912023 0,004101
вторник 3,401197 0,003565
недвижимость 0,292136 0,000306
ответить 2,238047 0,002346
редактор 0,013423 0,000014
фгуп 0,499776 0,002619
близкий 2,066196 0,002166
контакт 0,013423 0,000028
комментарий 3,624341 0,003799
план 1,678431 0,007037
тема 0,013423 0,000042
сервис 0,174353 0,000183
государственный 0,013423 0,000042
арахамия 3,624341 0,003799
дискуссия 0,013423 0,000028
стив 3,401197 0,014261
связанный 0,013423 0,000028
служба 0,006689 0,000007
риа 0,006689 0,000077
заметить 0,013423 0,000014
закрытый 0,013423 0,000028
обращать 0,013423 0,000014
договорённость 5,010635 0,005252
рекомендательный 0,013423 0,000014
белый 2,371578 0,002486
переговоры 1,875141 0,015724
год 0,006689 0,000007
фракция 3,064725 0,003213
международный 0,013423 0,000042
верховный 3,218876 0,003374
безопасность 1,919593 0,002012
трамп 1,544899 0,022671
генштаб 4,317488 0,013577
делегация 2,708050 0,005677
приезжать 3,624341 0,003799
агентство 0,013423 0,000056
следующий 1,427116 0,001496
джаред 3,624341 0,011397
победа 2,066196 0,002166
авторизоваться 0,013423 0,000028
выбрать 0,013423 0,000042
сегодня 0,013423 0,000141
президент 1,643339 0,005168
просить 0,013423 0,000014
руководитель 2,445686 0,002564
рассказывать 2,014903 0,002112
новыесначала 0,013423 0,000014
давид 3,218876 0,003374
место 1,272966 0,001334
шапка 0,013423 0,000014
отправить 0,013423 0,000197
продолжить 0,006689 0,000007
решение 0,006689 0,000007
ознакомить 0,013423 0,000014
доложить 3,064725 0,003213
военный 1,514128 0,006349
вакансия 0,013423 0,000014
мы 0,013423 0,000098
проставлять 0,013423 0,000014
сенат 5,010635 0,005252
украинекирилл 4,317488 0,004526
участие 0,006689 0,000007
утверждать 2,302585 0,002414
рада 3,401197 0,003565
аккаунт 0,013423 0,000070
экономика 0,292136 0,000306
достигнуть 2,612740 0,016432
обсуждение 0,013423 0,000042
опечатка 0,013423 0,000014
использовать 0,013423 0,000014
разговаривать 4,317488 0,004526
онлайн 0,013423 0,000014
почта 0,013423 0,000098
блокировка 0,013423 0,000056
писать 1,752539 0,014696
осуществляться 0,013423 0,000014
киев 1,832581 0,001921
апрель 0,013423 0,000014
фамилия 0,013423 0,000014
рустем 3,624341 0,011397
дважды 3,912023 0,004101
яндекс 0,013423 0,000028
владимир 1,373049 0,008636
либо 0,013423 0,000014
продолжительность 3,401197 0,003565
федеральный 0,013423 0,000056
нажимать 0,013423 0,000014
поиск 0,013423 0,000014
лагерь 2,612740 0,002739
подчеркнуть 2,931194 0,003073
попробовать 0,013423 0,000014
заполнение 0,013423 0,000098
внимание 0,013423 0,000014
принимать 0,013423 0,000014
женева 2,238047 0,016422
встреча 1,832581 0,003842
выпуск 0,013423 0,000014
надзор 0,013423 0,000014
предприятие 0,013423 0,000042
способ 0,013423 0,000028
наука 0,283247 0,000297
обратный 0,013423 0,000098
выборы 3,401197 0,010696
продукт 0,135438 0,000142
произойти 0,013423 0,000014
второй 1,427116 0,004488
источник 1,966113 0,002061
