懈褋褌械褔褜 0,013423 0,000016
谢械薪褌邪 0,006689 0,000015
蟹邪泻芯薪薪褘泄 0,013423 0,000016
锌芯褋芯谢褜褋褌胁芯 3,401197 0,003937
薪芯胁褘泄 0,006689 0,000039
锌邪褉谢邪屑械薪褌 3,624341 0,004195
写械薪褜 0,591795 0,000685
薪邪泄褌懈 0,013423 0,000016
屑邪写邪谐邪褋泻邪褉褉芯褋褋懈褟邪褎褉懈泻邪胁谢邪写懈屑懈褉 5,010635 0,005799
锌懈褋褜屑芯 0,013423 0,000031
褋褎械褉邪 0,013423 0,000031
褝谢械泻褌褉芯薪薪褘泄 0,013423 0,000016
写邪胁薪懈泄 5,010635 0,011599
褋锌邪褋懈斜芯 0,013423 0,000016
褋锌芯褉褌 0,190354 0,000220
褉邪褋褕懈褉懈褌褜 0,006689 0,000008
褋屑械薪懈褌褜褋褟 5,010635 0,005799
屑芯褔褜 1,399717 0,001620
屑械褋褟褑 1,003302 0,001161
褋胁懈写械褌械谢褜褋褌胁芯 0,013423 0,000016
褋芯谐谢邪褋懈械 0,013423 0,000031
褑械薪褌褉 0,166448 0,000193
泻芯屑屑械薪褌懈褉芯胁邪薪懈械 0,013423 0,000031
褋泻邪蟹邪褌褜 2,371578 0,002745
锌褉械写锌褉懈薪懈屑邪褌褜 3,912023 0,004528
胁邪卸薪褘泄 1,297063 0,015012
写芯褋褌褍锌 0,013423 0,000031
斜谢芯泻懈褉芯胁邪褌褜褋褟 0,013423 0,000016
邪褎褉懈泻邪 3,218876 0,026079
屑懈邪 0,013423 0,000109
蟹邪写邪褌褜 0,013423 0,000016
锌芯屑芯褖褜 1,321756 0,001530
褋胁褟蟹邪褌褜褋褟 0,013423 0,000093
谐芯褌芯胁薪芯褋褌褜 2,238047 0,002590
芯褌屑械褌懈褌褜 2,014903 0,002332
谐谢邪胁邪 1,919593 0,004444
胁芯写邪 1,576648 0,001825
褔械谢芯胁械泻 1,118815 0,001295
锌褉邪胁懈谢芯 0,013423 0,000078
褋芯褏褉邪薪懈褌褜 0,013423 0,000016
谐 0,013423 0,000031
褉械泻谢邪屑邪 0,013423 0,000031
褎芯褌芯 0,013423 0,000016
褑懈泻谢芯薪 3,401197 0,003937
锌芯谢懈褌懈泻邪 0,013423 0,000078
褋胁褟蟹褜 0,006689 0,000085
胁蟹邪懈屑芯写械泄褋褌胁懈械 0,013423 0,000062
锌褉懈屑械薪械薪懈械 0,013423 0,000016
芯 0,013423 0,000016
写邪褌褜 0,013423 0,000031
锌褉械褋褋 0,013423 0,000031
褋芯谐谢邪褋薪褘泄 0,013423 0,000047
锌械褉褋芯薪邪谢褜薪褘泄 0,013423 0,000124
锌械褉械褌褟薪褍褌褜 0,013423 0,000016
褌械褔械薪懈械 0,013423 0,000016
褋屑芯褔褜 0,006689 0,000015
懈褋锌芯谢褜蟹芯胁邪褌褜褋褟 0,006689 0,000008
谐芯褌芯胁褘泄 0,006689 0,000031
写邪褌邪 0,006689 0,000008
屑懈褉 0,223144 0,001291
锌褉芯泄褌懈 0,006689 0,000015
蟹邪谐芯谢芯胁芯泻 0,013423 0,000031
芯褔械褉械写褜 2,120264 0,002454
芯写薪芯泻谢邪褋褋薪懈泻 0,013423 0,000031
薪械写芯锌褍褋褌懈屑褘泄 0,013423 0,000016
懈薪褎芯褉屑邪褑懈芯薪薪褘泄 0,013423 0,000062
胁褘 0,013423 0,000016
褎懈芯 0,013423 0,000016
胁芯褋褋褌邪薪芯胁懈褌褜 0,013423 0,000016
锌芯卸邪谢褍泄褋褌邪 0,013423 0,000016
芯斜褉邪蟹芯胁邪薪懈械 2,708050 0,003134
锌邪褉褌薪褢褉 2,302585 0,026650
褉芯褋褋懈泄褋泻懈泄 0,883501 0,003068
褝褌邪锌 2,931194 0,003393
褉邪褋褋屑芯褌褉械褌褜 0,013423 0,000016
胁懈蟹懈褌 3,912023 0,009056
褉邪褋锌芯谢芯卸懈褌褜 0,013423 0,000031
锌褉芯褌械褋褌 3,624341 0,004195
锌芯谢薪芯屑芯褔懈械 3,401197 0,003937
斜褘胁褕懈泄 2,302585 0,002665
泻芯薪械褑 1,643339 0,003804
胁械褉褋懈褟 0,013423 0,000016
胁褉械屑褟 0,013423 0,000016
薪懈卸械 0,013423 0,000047
泻薪芯锌泻邪 0,013423 0,000016
褉芯褋褋懈褟 0,006689 0,000217
褋锌褍褋褌褟 2,813411 0,003256
褌械谐 0,190354 0,000220
褋胁芯泄 0,867501 0,001004
写邪薪薪褘泄 2,014903 0,002332
蟹邪褉械谐懈褋褌褉懈褉芯胁邪褌褜 0,013423 0,000016
褉械褋锌褍斜谢懈泻邪 2,302585 0,005330
锌邪谢邪褌邪 3,401197 0,003937
褉邪薪械械 0,013423 0,000016
褋懈褌褍邪褑懈褟 1,643339 0,001902
锌芯写泻邪褋褌 0,292136 0,000338
谐谢邪胁薪褘泄 0,013423 0,000016
锌褉芯斜谢械屑邪 0,013423 0,000016
泻芯薪褋褌邪褌懈褉芯胁邪褌褜 4,317488 0,004997
写邪薪薪褘械 0,013423 0,000124
胁褋褌褉械褌懈褌褜褋褟 3,624341 0,004195
褌邪泻卸械 1,139434 0,001319
芯褌泻谢褞褔械薪懈械 3,624341 0,004195
薪邪蟹胁邪褌褜 1,347074 0,010914
谐芯褉芯写 0,013423 0,000016
褉邪蟹斜谢芯泻懈褉芯胁邪褌褜 0,013423 0,000047
褎芯褌芯谐褉邪褎懈褟 0,013423 0,000016
褋邪泄褌 0,013423 0,000047
锌芯谢械 0,013423 0,000124
褔邪褋 0,013423 0,000031
褔邪褌 0,013423 0,000031
锌芯谢械蟹薪褘泄 0,143101 0,000166
薪芯胁芯褋褌械泄屑芯谢薪懈褟 0,013423 0,000016
薪邪锌懈褋邪褌褜 0,013423 0,000016
谐邪谢芯褔泻邪 0,013423 0,000016
蟹邪斜谢芯泻懈褉芯胁邪褌褜 0,013423 0,000031
锌械褉械褌邪褖懈褌褜 0,013423 0,000047
褋芯谐谢邪褕邪褌褜褋褟 0,013423 0,000016
褌褍褉懈蟹屑 0,283247 0,000328
褋薪邪褔邪谢邪 0,013423 0,000016
薪邪褏芯写懈褌褜褋褟 2,177422 0,002520
锌芯写写械褉卸懈胁邪械褌褋褟锌芯谢褍褔懈褌褜 0,013423 0,000016
邪写褉械褋 0,013423 0,000078
写褉褍谐芯泄 0,013423 0,000062
褋芯芯褌胁械褌褋褌胁懈械 0,013423 0,000031
褉邪写蟹褍褝谢懈薪邪 5,010635 0,011599
褍薪懈褌邪褉薪褘泄 0,013423 0,000047
写邪胁邪褌褜 0,013423 0,000031
锌芯泻邪蟹邪褌褜 0,013423 0,000016
芯褌锌褉邪胁泻邪 0,013423 0,000016
蟹写褉邪胁芯芯褏褉邪薪械薪懈械 3,624341 0,004195
蟹邪谐褉褍蟹懈褌褜 0,013423 0,000031
芯褌褉懈褑邪褌褜 4,317488 0,004997
薪邪锌褉邪胁谢械薪懈械 0,013423 0,000031
褌械谢械褎芯薪 0,013423 0,000016
锌邪褉芯谢褜 0,013423 0,000171
褉械写邪泻褑懈褟 0,013423 0,000047
褍写邪谢懈褌褜 0,013423 0,000062
谐褍屑邪薪懈褌邪褉薪褘泄 3,218876 0,003726
锌芯褋谢械写褋褌胁懈械 1,544899 0,001788
锌械褉懈芯写 1,118815 0,002590
胁褏芯写 0,013423 0,000031
写芯谢卸薪褘泄 0,013423 0,000016
谢械褌懈械 3,624341 0,004195
褔懈褌邪褌褜 0,791128 0,000916
褏芯蟹褟泄褋褌胁芯 2,612740 0,003024
芯锌懈褋邪褌褜 0,013423 0,000016
褉邪蟹屑械褖械薪懈械 0,013423 0,000016
褋泻芯谢褜泻芯 0,006689 0,000008
邪胁褌芯褉 0,013423 0,000016
褋褌邪褉褘泄 0,013423 0,000016
褋芯芯斜褖械薪懈械 0,013423 0,000218
屑懈薪褍胁褕懈泄 5,010635 0,005799
薪邪写械褟褌褜褋褟 2,931194 0,003393
褉邪薪写褉懈邪薪懈褉懈薪 5,010635 0,040595
锌褉芯懈褋褕械褋褌胁懈械 0,292136 0,000338
薪懈卸薪懈泄 2,813411 0,003256
芯写懈薪 1,098612 0,002543
锌芯写褌胁械褉写懈褌褜 0,013423 0,000016
褋褌懈褏懈泄薪褘泄 2,813411 0,003256
褋械谢褜褋泻懈泄 3,218876 0,003726
锌褉邪胁懈褌械谢褜褋褌胁芯 1,875141 0,002170
胁懈写械芯 1,832581 0,002121
屑懈泻邪褝谢褜 5,010635 0,011599
胁褘褉邪蟹懈褌褜 2,708050 0,006269
屑邪写邪谐邪褋泻邪褉褋泻懈泄 5,010635 0,005799
芯斜薪芯胁懈褌褜 0,985284 0,001140
锌芯泻懈薪褍褌褜 3,218876 0,003726
锌芯斜谢邪谐芯写邪褉懈褌褜 5,010635 0,005799
锌芯写褌胁械褉卸写邪褌褜 0,013423 0,000016
谐邪胁褉懈谢芯胁 0,013423 0,000016
褍褔褉械写懈褌械谢褜 0,013423 0,000016
锌褍褌懈薪胁 5,010635 0,005799
邪胁褌芯褉懈蟹邪褑懈褟 0,013423 0,000016
芯泻邪蟹邪褌褜 3,912023 0,004528
褉械谢懈谐懈褟 0,283247 0,000328
褉械泄褌懈薪谐 0,006689 0,000008
褎芯褉屑邪 0,013423 0,000186
褋褋褘谢泻邪 0,013423 0,000062
褋褌芯褉芯薪邪 1,609438 0,001863
锌芯谢泻芯胁薪懈泻 5,010635 0,005799
泻芯屑屑褍薪懈泻邪褑懈褟 0,013423 0,000016
屑芯泄 0,013423 0,000078
泻褍谢褜褌褍褉邪 0,292136 0,000338
锌芯屑芯褔褜 0,013423 0,000031
邪褉褏懈胁 0,190354 0,000220
褝谢械泻褌褉懈褔械褋褌胁芯 4,317488 0,004997
泻芯谢谢械谐邪 2,371578 0,005490
褋褌邪褌褜褟 0,013423 0,000016
蟹邪褟胁懈褌褜 1,272966 0,005893
芯锌懈褋邪薪懈械 0,013423 0,000016
谢懈写械褉 2,813411 0,013025
锌褉芯褑械褋褋 0,013423 0,000016
芯褌薪芯褕械薪懈械 1,791759 0,002074
邪薪写褉懈 5,010635 0,005799
薪械写胁懈卸懈屑芯褋褌褜 0,292136 0,000338
褋芯斜芯谢械蟹薪芯胁邪薪懈械 5,010635 0,005799
褉芯褋泻芯屑薪邪写蟹芯褉 0,013423 0,000016
褌械褏薪芯谢芯谐懈褟 0,013423 0,000031
褉械写邪泻褌芯褉 0,013423 0,000016
褎谐褍锌 0,499776 0,002892
屑薪芯谐懈泄 3,064725 0,003547
懈屑锌懈褔屑械薪褌 5,010635 0,005799
泻芯薪褌邪泻褌 0,013423 0,000016
褉邪蟹胁懈胁邪褌褜 3,218876 0,003726
褎芯薪 3,218876 0,003726
屑芯褋泻胁邪 0,006689 0,000046
胁芯褋锌芯谢褜蟹芯胁邪褌褜褋褟 0,013423 0,000062
褌械屑邪 0,013423 0,000047
褋械褉胁懈褋 0,174353 0,000202
谐芯褋褍写邪褉褋褌胁械薪薪褘泄 0,013423 0,000047
写懈褋泻褍褋褋懈褟 0,013423 0,000031
褋胁褟蟹邪薪薪褘泄 0,013423 0,000031
褋谢褍卸斜邪 0,006689 0,000008
褉懈邪 0,006689 0,000077
蟹邪屑械褌懈褌褜 0,013423 0,000016
斜械写褋褌胁懈械 2,813411 0,003256
蟹邪泻褉褘褌褘泄 0,013423 0,000016
褝薪械褉谐械褌懈泻邪 3,064725 0,003547
芯斜褉邪褖邪褌褜 0,013423 0,000016
褉械泻芯屑械薪写邪褌械谢褜薪褘泄 0,013423 0,000016
写邪谢械械 0,013423 0,000031
锌械褉械谐芯胁芯褉褘 1,875141 0,004341
褟胁谢褟褌褜褋褟 1,875141 0,002170
屑邪写邪谐邪褋泻邪褉 2,813411 0,081407
谐芯写 0,006689 0,000015
褍褋懈谢懈械 3,218876 0,003726
褏芯褌械褌褜 0,006689 0,000008
芯褌泻褉褘胁邪褌褜 0,013423 0,000031
锌械褉械泄褌懈 0,013423 0,000031
屑械卸写褍薪邪褉芯写薪褘泄 0,013423 0,000047
芯泻褌褟斜褉褜 1,714798 0,007939
锌芯褌械褉褟 2,066196 0,002391
泻芯褌芯褉褘泄 0,603916 0,001398
写械谢械谐邪褑懈褟 2,708050 0,003134
锌芯褌械薪褑懈邪谢 3,912023 0,004528
邪褎褉懈泻邪薪褋泻懈泄 3,064725 0,003547
薪械锌褉芯褋褌芯泄 3,912023 0,004528
芯斜褉邪褖械薪懈械 0,013423 0,000047
邪谐械薪褌褋褌胁芯 0,013423 0,000062
褋谢械写褍褞褖懈泄 1,427116 0,001652
褝褌芯 0,013423 0,000031
屑邪褋褋芯胁褘泄 0,013423 0,000031
褋锌械褑锌褉芯械泻褌 0,190354 0,000220
芯斜褉邪斜芯褌泻邪 0,013423 0,000078
锌芯写写械褉卸懈胁邪褌褜 2,371578 0,002745
泻褉懈褌懈褔械褋泻懈泄 3,624341 0,004195
锌褉懈胁械褋褌懈 2,371578 0,002745
邪胁褌芯褉懈蟹芯胁邪褌褜褋褟 0,013423 0,000031
锌褉懈斜褘褌褜 3,912023 0,004528
胁褘斜褉邪褌褜 0,013423 0,000047
褉邪褋褋泻邪蟹邪褌褜 0,933098 0,001080
褋械谐芯写薪褟 0,013423 0,000155
褋褌褉邪薪邪 1,139434 0,003956
锌褉械蟹懈写械薪褌 1,643339 0,007608
薪芯胁芯褋褌褜 0,006689 0,000093
锌褉芯褋懈褌褜 0,013423 0,000016
写懈锌谢芯屑邪褌懈褔械褋泻懈泄 3,624341 0,004195
褋械薪褌褟斜褉褜 1,427116 0,001652
薪芯胁褘械褋薪邪褔邪谢邪 0,013423 0,000016
蟹邪褉械谐懈褋褌褉懈褉芯胁邪褌褜褋褟 0,013423 0,000078
薪械褋泻芯谢褜泻芯 1,544899 0,001788
锌芯卸邪谢芯胁邪褌褜褋褟 0,006689 0,000008
胁芯泄褌懈 0,006689 0,000031
褕邪锌泻邪 0,013423 0,000016
芯褌锌褉邪胁懈褌褜 0,013423 0,000218
谐芯褋褍写邪褉褋褌胁芯 2,177422 0,002520
褉械谐懈芯薪 1,919593 0,002222
锌褉芯写芯谢卸懈褌褜 0,006689 0,000008
褉械褕械薪懈械 0,006689 0,000008
芯蟹薪邪泻芯屑懈褌褜 0,013423 0,000016
薪邪谢邪写懈褌褜 3,912023 0,009056
胁芯械薪薪褘泄 1,514128 0,001752
锌械褉械褏芯写薪褘泄 4,317488 0,004997
胁邪泻邪薪褋懈褟 0,013423 0,000016
褝谢 0,013423 0,000016
屑褘 0,013423 0,000124
锌褉芯褋褌邪胁谢褟褌褜 0,013423 0,000016
锌褉懈谐谢邪褕械薪懈械 3,401197 0,003937
褉邪写懈芯 0,274437 0,000318
褍褔邪褋褌懈械 0,006689 0,000008
写蟹械薪 0,851752 0,000986
邪泻泻邪褍薪褌 0,013423 0,000078
褝泻芯薪芯屑懈泻邪 0,292136 0,000338
褋芯褋褌邪胁 2,120264 0,002454
蟹邪褖懈褌邪 0,013423 0,000062
褉械谐懈褋褌褉邪褑懈褟 0,013423 0,000078
谐械芯谢芯谐芯褉邪蟹胁械写泻邪 5,010635 0,005799
芯斜褋褍卸写械薪懈械 0,013423 0,000031
芯锌械褔邪褌泻邪 0,013423 0,000016
懈褋锌芯谢褜蟹芯胁邪褌褜 0,013423 0,000016
锌芯褔械屑褍 0,013423 0,000016
胁芯褋褋褌邪薪芯胁谢械薪懈械 0,013423 0,000062
芯薪谢邪泄薪 0,013423 0,000016
锌芯褔褌邪 0,013423 0,000109
写芯斜邪胁懈褌褜 1,514128 0,003505
锌褉懈褋褟谐邪 5,010635 0,005799
斜谢芯泻懈褉芯胁泻邪 0,013423 0,000062
芯褋褍褖械褋褌胁谢褟褌褜褋褟 0,013423 0,000016
邪锌褉械谢褜 0,013423 0,000016
胁泻芯薪褌邪泻褌械 0,013423 0,000031
褎邪屑懈谢懈褟 0,013423 0,000016
胁谢邪褋褌褜 2,371578 0,002745
谐懈斜械谢褜 3,624341 0,004195
谢芯谐懈薪 0,013423 0,000016
泻芯薪褎懈写械薪褑懈邪谢褜薪芯褋褌褜 0,013423 0,000062
薪邪褉褍褕械薪懈械 0,013423 0,000047
薪邪胁褋械谐写邪 0,013423 0,000016
褟薪写械泻褋 0,013423 0,000031
锌褍褌懈薪 1,373049 0,023838
胁谢邪写懈屑懈褉 1,373049 0,007946
锌褉懈薪械褋褌懈 2,371578 0,002745
写械泄褋褌胁懈械 0,013423 0,000016
谢懈斜芯 0,013423 0,000016
褎械写械褉邪谢褜薪褘泄 0,013423 0,000062
褉械谢懈蟹 0,013423 0,000016
薪邪卸懈屑邪褌褜 0,013423 0,000016
薪邪蟹邪写 0,013423 0,000078
褎芯褉屑邪褌 2,120264 0,002454
锌械褉胁褘泄 0,883501 0,001023
褋锌懈褋芯泻 0,013423 0,000016
褋芯褌褉褍写薪懈褔械褋褌胁芯 3,624341 0,004195
褉邪蟹胁懈褌懈械 2,066196 0,002391
褋芯褋褌芯褟薪懈械 1,919593 0,002222
锌芯懈褋泻 0,013423 0,000016
芯褋械薪褜 2,708050 0,003134
泻邪薪褑械谢褟褉懈褟 5,010635 0,005799
芯斜褟蟹邪褌械谢褜薪褘泄 0,013423 0,000109
芯褕懈斜泻邪 0,013423 0,000047
锌芯写褔械褉泻薪褍褌褜 2,931194 0,003393
芯褎懈褑懈邪谢褜薪褘泄 2,177422 0,002520
胁芯锌褉芯褋 0,006689 0,000039
蟹褍斜芯胁褋泻懈泄 0,013423 0,000031
褍褋褌邪薪芯胁谢械薪懈械 3,218876 0,003726
锌芯锌褉芯斜芯胁邪褌褜 0,013423 0,000016
蟹邪锌芯谢薪械薪懈械 0,013423 0,000109
写械褋褟褌芯泻 3,912023 0,004528
蟹邪锌芯谢薪懈褌褜 0,013423 0,000109
胁薪懈屑邪薪懈械 0,013423 0,000016
锌褉懈薪懈屑邪褌褜 0,013423 0,000016
胁邪褕 0,013423 0,000264
芯斜褗褟胁懈褌褜 2,525729 0,005847
芯斜褖械褋褌胁芯 0,257045 0,000298
懈屑褟 0,013423 0,000078
锌褉芯谐芯谢芯褋芯胁邪褌褜 3,218876 0,003726
懈薪褎褉邪褋褌褉褍泻褌褍褉薪褘泄 5,010635 0,005799
胁褘锌褍褋泻 0,013423 0,000016
褋褉芯泻 0,013423 0,000031
芯褋薪芯胁邪薪懈械 0,013423 0,000016
懈蟹写邪薪懈械 0,013423 0,000016
斜褍谢褜胁邪褉 0,013423 0,000031
褋械褌械胁芯泄 0,013423 0,000016
屑邪谢邪谐邪褋懈泄褋泻懈泄 5,010635 0,011599
薪邪写蟹芯褉 0,013423 0,000016
懈褋锌芯谢褜蟹芯胁邪薪懈械 0,013423 0,000016
褎械胁 1,399717 0,001620
胁薪芯胁褜 0,013423 0,000016
褋屑械薪懈褌褜 0,013423 0,000016
锌褉械写锌褉懈褟褌懈械 0,013423 0,000047
褋锌芯褋芯斜 0,013423 0,000031
屑邪褌械褉懈邪谢 0,013423 0,000124
薪邪褍泻邪 0,283247 0,000328
褍褔邪褋褌胁芯胁邪褌褜 0,013423 0,000031
褋芯芯斜褖懈褌褜 0,013423 0,000016
斜褉邪褍蟹械褉 2,612740 0,003024
芯斜褉邪褌薪褘泄 0,013423 0,000109
锌褉芯写褍泻褌 0,135438 0,000157
锌褉芯懈蟹芯泄褌懈 0,013423 0,000016
斜褘褌褜 0,013423 0,000016
褍褋锌械褕薪芯 0,013423 0,000016
褋泻褉懈薪褕芯褌 0,013423 0,000047
