屑邪褋谢械薪懈褑邪 2,120264 0,001287
蟹邪泻芯薪薪褘泄 0,013423 0,000008
薪芯胁褘泄 0,006689 0,000122
写械薪褜 0,591795 0,001077
薪邪泄褌懈 0,013423 0,000008
锌褉芯胁芯写褘 3,218876 0,001953
褉懈褌褍邪谢 3,624341 0,004398
锌懈褋褜屑芯 0,013423 0,000016
锌褉芯懈褋褏芯写懈褌褜 2,177422 0,001321
褋锌邪褋懈斜芯 0,013423 0,000008
屑懈泻褉芯斜谢邪谐芯锌芯卸械谢邪薪懈械 5,010635 0,003040
褉邪褋褕懈褉懈褌褜 0,006689 0,000004
褉械泻邪 3,624341 0,002199
谐芯写褌褉邪写懈褑懈懈械写邪屑芯褋泻胁邪泻褍谢褜褌褍褉邪 4,317488 0,002620
锌褉邪蟹写薪械褋褌胁芯 4,317488 0,002620
褋芯谐谢邪褋懈械 0,013423 0,000016
褑械薪褌褉 0,166448 0,000202
蟹邪胁械褕邪褌褜 5,010635 0,003040
写芯褋褌褍锌 0,013423 0,000016
屑懈邪 0,013423 0,000016
懈蟹谐芯褌邪胁谢懈胁邪褌褜 5,010635 0,003040
蟹邪写邪褌褜 0,013423 0,000008
屑薪芯卸械褋褌胁芯 2,931194 0,001779
芯锌褍褋泻邪褌褜 3,912023 0,002374
褋褌邪褉懈薪薪褘泄 5,010635 0,006081
褋胁褟蟹邪褌褜褋褟 0,013423 0,000049
褔械谢芯胁械泻 1,118815 0,001358
胁芯写邪 1,576648 0,000957
褋谢邪写泻懈泄 2,302585 0,001397
谐 0,013423 0,000016
褉械泻谢邪屑邪 0,013423 0,000016
胁邪褉懈褌褜 2,371578 0,001439
褎芯褌芯 0,013423 0,000016
褋胁懈褌泻邪 5,010635 0,003040
褌邪薪褑褍褞褖懈泄 4,317488 0,002620
泻邪褉邪屑械谢褜 4,317488 0,010479
锌芯谢懈褌懈泻邪 0,013423 0,000041
褋胁褟蟹褜 0,006689 0,000032
泻褍谢褜褌褍褉薪褘泄 3,401197 0,002064
写卸芯邪薪 5,010635 0,003040
褑胁械褌褍褖懈泄 5,010635 0,003040
芯 0,013423 0,000008
褟薪褋泻懈泄 5,010635 0,003040
芯锌械褉薪褘泄 5,010635 0,003040
褌械褔械薪懈械 0,013423 0,000008
褟谐芯写邪 2,525729 0,001533
芯褔械胁懈写薪褘泄 3,401197 0,004128
泻懈褌邪泄 1,714798 0,002081
蟹薪邪泻芯屑褘泄 3,064725 0,001860
写褝胁懈写 4,317488 0,002620
屑邪谢褎邪 5,010635 0,006081
锌褉懈褉芯写邪 3,218876 0,001953
写褉邪泻芯 5,010635 0,006081
褋芯胁锌邪褋褌褜 4,317488 0,002620
屑懈褉 0,223144 0,000271
胁械褋褜 1,021651 0,001240
锌褉芯泄褌懈 0,006689 0,000004
芯褉械褕械泻 4,317488 0,002620
蟹邪谐芯谢芯胁芯泻 0,013423 0,000016
锌械褉械锌芯谢薪褟褌褜褋褟 5,010635 0,003040
蟹械屑薪芯泄 3,912023 0,002374
懈薪褎芯褉屑邪褑懈芯薪薪褘泄 0,013423 0,000033
褉褍褋褋泻懈泄 1,118815 0,002037
胁褘锌邪写邪褌褜 4,317488 0,002620
芯泻芯薪褔邪褌械谢褜薪芯 2,813411 0,001707
褉邪褋褋屑芯褌褉械褌褜 0,013423 0,000008
褉邪褋锌芯谢芯卸懈褌褜 0,013423 0,000016
锌褉芯械泻褌 2,014903 0,001223
蟹谢芯泄 3,624341 0,006598
薪械斜芯谢褜褕芯泄 2,014903 0,001223
胁褉械屑褟 0,013423 0,000008
薪邪蟹褘胁邪褌褜 2,120264 0,001287
褍褋薪褍褌褜 5,010635 0,006081
泻薪芯锌泻邪 0,013423 0,000008
泻褉褍谐芯屑 5,010635 0,003040
胁芯胁泻 5,010635 0,003040
胁薪褍褌褉械薪薪懈泄 3,218876 0,001953
邪薪邪谢芯谐 4,317488 0,002620
屑芯褖薪褘泄 2,525729 0,001533
锌芯写邪褉芯泻 2,931194 0,001779
谐芯褌芯胁懈褌褜 1,966113 0,001193
褉邪薪械械 0,013423 0,000008
屑懈褋褌懈泻邪 2,813411 0,005122
锌芯写泻邪褋褌 0,292136 0,000177
谐谢邪胁薪褘泄 0,013423 0,000008
锌褉芯斜谢械屑邪 0,013423 0,000008
写邪薪薪褘械 0,013423 0,000065
芯褌屑械褔邪薪懈泄 5,010635 0,003040
锌芯褟胁懈褌褜褋褟 2,120264 0,001287
芯斜懈褌邪褌褜 3,912023 0,002374
谐芯褉芯写 0,013423 0,000016
褉邪蟹斜谢芯泻懈褉芯胁邪褌褜 0,013423 0,000024
褔邪薪 4,317488 0,002620
褎芯褌芯谐褉邪褎懈褟 0,013423 0,000008
懈屑锌械褉邪褌芯褉 5,010635 0,006081
褔邪褋 0,013423 0,000016
锌褉懈锌褉邪胁邪 3,912023 0,002374
褔邪褌 0,013423 0,000016
褍褋褌褉芯械薪薪褘泄 4,317488 0,002620
薪邪锌懈褋邪褌褜 0,013423 0,000016
薪芯胁芯褋褌械泄屑芯谢薪懈褟 0,013423 0,000008
褋褍褖械褋褌胁芯 5,010635 0,003040
薪邪褍褔薪褘泄 2,302585 0,001397
褋芯谐谢邪褕邪褌褜褋褟 0,013423 0,000008
胁懈褌褉懈薪邪 5,010635 0,003040
蟹邪谢 3,624341 0,002199
褋薪邪褔邪谢邪 0,013423 0,000008
褉邪蟹胁谢械褔械薪懈械 3,912023 0,002374
薪邪褔邪褌褜 1,966113 0,001193
褎芯褌芯谐褉邪褎懈褉芯胁邪褌褜 4,317488 0,007860
锌芯泻邪蟹邪褌褜 0,013423 0,000008
胁褘褋褌邪胁泻邪 2,302585 0,039122
斜芯褟褉褘褕薪懈泻 5,010635 0,012162
泻谢褞褔械胁芯泄 2,445686 0,001484
锌邪褉芯谢褜 0,013423 0,000090
锌芯卸械谢邪褌褜 4,317488 0,002620
泻褍泻谢邪 4,317488 0,010479
褍写邪谢懈褌褜 0,013423 0,000033
褋胁懈褌芯泻 5,010635 0,003040
胁褏芯写 0,013423 0,000024
褑懈 5,010635 0,003040
锌褟褌薪邪写褑邪褌褘泄 5,010635 0,003040
蟹邪写邪斜褉懈胁邪褌褜 5,010635 0,003040
芯锌懈褋邪褌褜 0,013423 0,000008
褉邪蟹屑械褖械薪懈械 0,013423 0,000008
褋泻芯谢褜泻芯 0,006689 0,000004
械写懈薪褋褌胁芯 5,010635 0,003040
芯谐薪械薪薪褘泄 3,064725 0,001860
写褉械胁薪懈泄 2,525729 0,003065
褏懈褖薪懈泻 5,010635 0,003040
屑邪谐薪芯谢懈褟 5,010635 0,003040
胁蟹芯斜褉邪褌褜褋褟 5,010635 0,003040
褏褍写芯卸薪懈泻 3,624341 0,004398
褋邪泻褉邪谢褜薪褘泄 5,010635 0,003040
芯写懈薪 1,098612 0,002667
芯斜褟蟹邪褌械谢褜薪芯 2,931194 0,001779
懈屑械褌褜 1,544899 0,000937
褉芯写薪褘泄 3,624341 0,002199
芯斜褉褟写 3,624341 0,002199
胁懈写械芯 1,832581 0,001112
锌褉懈胁械蟹褌懈 3,912023 0,002374
斜谢邪谐芯锌芯谢褍褔懈械 3,624341 0,002199
锌芯卸械谢邪薪懈械 5,010635 0,003040
泻褍褌褜褟 5,010635 0,003040
写胁褍褏薪械写械谢褜薪褘泄 3,912023 0,002374
锌芯写褌胁械褉卸写邪褌褜 0,013423 0,000008
褌褍褎谢褟 5,010635 0,003040
谐邪胁褉懈谢芯胁 0,013423 0,000008
褍褔褉械写懈褌械谢褜 0,013423 0,000008
芯斜褘褔邪泄 3,624341 0,002199
褌懈谐褉 4,317488 0,002620
写褉械泄蟹懈褋 5,010635 0,012162
褉邪蟹谐谢褟写褘胁邪褌褜 5,010635 0,003040
褋褋褘谢泻邪 0,013423 0,000033
锌芯泻芯泄 4,317488 0,002620
泻芯屑屑褍薪懈泻邪褑懈褟 0,013423 0,000008
锌械泻懈薪 3,401197 0,041277
泄械泄褌褋 5,010635 0,003040
屑芯泄 0,013423 0,000041
写褉械屑邪褌褜 5,010635 0,003040
锌芯写邪褉芯褔薪褘泄 5,010635 0,003040
锌芯屑芯褔褜 0,013423 0,000016
胁懈褕薪褟 3,912023 0,002374
邪褉褏懈胁 0,190354 0,000116
锌懈褖邪谢泻邪 5,010635 0,003040
褋械褉械写懈薪邪 3,624341 0,004398
褋褌邪褉懈泻 4,317488 0,002620
芯锌懈褋邪薪懈械 0,013423 0,000008
锌褉芯褑械褋褋 0,013423 0,000008
褋卸懈谐邪褌褜 5,010635 0,006081
蟹邪锌褍褋褌懈褌褜 3,218876 0,001953
泻芯卸邪 3,401197 0,002064
锌芯褟褋薪褟褌褜 2,371578 0,002878
褍斜芯褉泻邪 2,708050 0,001643
谐芯胁芯褉懈褌褜 1,714798 0,002081
褉芯褋泻芯屑薪邪写蟹芯褉 0,013423 0,000008
褉芯褍谢懈薪谐邪 5,010635 0,003040
褌械褏薪芯谢芯谐懈褟 0,013423 0,000016
褍褋芯锌褕懈泄 4,317488 0,002620
褋褍屑邪褌芯褏邪 5,010635 0,003040
褍写邪褔邪 4,317488 0,005240
褋褎芯褉屑懈褉芯胁邪褌褜褋褟 4,317488 0,002620
泻懈锌械褌褜 3,624341 0,002199
屑芯褋泻胁邪 0,006689 0,000057
懈蟹褞屑 4,317488 0,002620
胁芯褋锌芯谢褜蟹芯胁邪褌褜褋褟 0,013423 0,000033
屑械薪褞 3,218876 0,001953
泻褉褘褋邪 5,010635 0,003040
褋锌懈薪邪 3,624341 0,006598
褔卸邪薪 5,010635 0,003040
褎懈谐褍褉泻邪 5,010635 0,021283
写芯屑芯胁懈泻 5,010635 0,003040
芯褌写械谢褜薪褘泄 2,525729 0,003065
褋锌褉褘谐薪褍褌褜 5,010635 0,003040
写械薪褜谐邪 2,066196 0,001254
褋邪谢褞褌 5,010635 0,003040
斜芯谢褜褕芯泄 1,832581 0,001112
写邪谢械械 0,013423 0,000016
胁褝泄 5,010635 0,003040
褍谢懈褔薪褘泄 3,218876 0,007813
锌褉邪蟹写薪懈褔薪褘泄 2,238047 0,010864
褌邪薪械褑 5,010635 0,003040
卸懈胁芯褌薪芯械 2,708050 0,004930
薪芯胁芯谐芯写薪懈泄 2,120264 0,001287
锌褉械写芯泻 3,624341 0,002199
泻褍谢褜褌褍褉邪屑褍蟹械懈屑褍蟹械泄 4,317488 0,002620
褏芯褌械褌褜 0,006689 0,000004
褋芯谢薪褑械 3,064725 0,001860
褕锌邪卸泻邪 3,912023 0,002374
芯褌泻褉褘胁邪褌褜 0,013423 0,000016
锌械褉械泄褌懈 0,013423 0,000277
写邪褌懈褉芯胁邪褌褜褋褟 4,317488 0,002620
锌芯写谐芯褌芯胁泻邪 2,177422 0,001321
谐邪褉屑芯薪懈褟 5,010635 0,003040
褋褌邪褌褜 0,851752 0,000517
芯斜懈谢懈械 5,010635 0,003040
懈械褉芯谐谢懈褎 5,010635 0,006081
泻薪褉 3,912023 0,007121
斜褘泻 5,010635 0,003040
褌械邪褌褉邪谢褜薪褘泄 5,010635 0,003040
芯斜褉邪褖械薪懈械 0,013423 0,000024
写芯褋泻邪 3,624341 0,002199
泻邪褉褌懈薪邪 3,218876 0,003906
褋芯褏褉邪薪懈褌褜褋褟 3,912023 0,002374
芯谐芯薪褜 1,966113 0,001193
褝褌芯 0,013423 0,000033
褋锌械褑锌褉芯械泻褌 0,190354 0,000116
屑邪褋褋芯胁褘泄 0,013423 0,000008
芯斜褉邪斜芯褌泻邪 0,013423 0,000041
斜芯谢褜褕懈薪褋褌胁芯 2,612740 0,001585
锌芯谢褍泻褉芯胁泻邪 5,010635 0,003040
泻芯写 3,218876 0,001953
褉芯褋褌 2,708050 0,001643
斜邪泄褕懈 5,010635 0,003040
懈蟹褍褔懈褌褜 3,912023 0,002374
锌械泻懈薪械褑 5,010635 0,006081
薪芯胁芯褋褌褜 0,006689 0,000146
谢械锌懈褌褜 5,010635 0,003040
褋胁械褌褟褖懈泄褋褟 5,010635 0,003040
褉邪褋泻褉褘胁邪褌褜 5,010635 0,003040
褍泻褉邪褕邪褌褜 3,912023 0,004748
锌褍褋褌芯泄 4,317488 0,002620
蟹胁械褉懈薪褘泄 5,010635 0,003040
蟹邪褕懈褎褉芯胁邪褌褜 5,010635 0,003040
泻褉邪褋懈胁褘泄 2,445686 0,001484
锌芯泻褍锌邪褌褜 2,612740 0,003171
锌械褉械胁芯写懈褌褜褋褟 3,912023 0,002374
蟹邪褉械谐懈褋褌褉懈褉芯胁邪褌褜褋褟 0,013423 0,000041
锌芯卸邪谢芯胁邪褌褜褋褟 0,006689 0,000004
锌械褉械褔懈褋谢褟褌褜 3,912023 0,002374
胁芯泄褌懈 0,006689 0,000016
褍谢懈褑邪 2,612740 0,004756
写芯褉芯谐邪 3,064725 0,001860
蟹邪锌械褔邪褌谢械褌褜 4,317488 0,002620
蟹胁褍泻 4,317488 0,002620
泻芯薪胁械褉褌 5,010635 0,003040
褝谢 0,013423 0,000008
褉邪写懈芯 0,274437 0,000167
褌芯褔薪芯 2,612740 0,001585
屑邪褋褌械褉褋泻邪褟 5,010635 0,003040
蟹邪褖懈褌邪 0,013423 0,000033
褉械谐懈褋褌褉邪褑懈褟 0,013423 0,000041
褉懈褋芯胁褘泄 3,912023 0,002374
褉邪褋泻褉邪褋懈褌褜 5,010635 0,006081
锌芯褔械屑褍 0,013423 0,000016
泻褍谢褜屑懈薪邪褑懈褟 5,010635 0,003040
锌褉懈屑械褉懈褌褜 5,010635 0,003040
胁芯褋褋褌邪薪芯胁谢械薪懈械 0,013423 0,000033
褏芯褉芯褕懈泄 1,059392 0,000643
屑褍蟹械泄 2,612740 0,015854
谐邪褉褉懈 5,010635 0,006081
懈蟹芯斜懈谢懈械 4,317488 0,002620
胁褋械胁芯蟹屑芯卸薪褘泄 5,010635 0,003040
泻褉邪褋薪褘泄 1,966113 0,003579
蟹屑械褟 2,708050 0,001643
泻邪谢谢懈薪懈泻 3,401197 0,066043
褋芯屑泻薪褍褌褜 5,010635 0,003040
胁泻芯薪褌邪泻褌械 0,013423 0,000016
蟹邪褌械屑 1,791759 0,001087
蟹邪泻褍锌泻邪 3,624341 0,002199
谢芯谐懈薪 0,013423 0,000008
胁褘褉邪卸械薪懈械 3,912023 0,002374
泻芯薪褎懈写械薪褑懈邪谢褜薪芯褋褌褜 0,013423 0,000033
薪邪褉褍褕械薪懈械 0,013423 0,000024
薪邪胁褋械谐写邪 0,013423 0,000008
褋褑械薪邪 3,912023 0,002374
蟹屑械泄 5,010635 0,003040
泻褉懈褔邪谢泻邪 5,010635 0,003040
写械泄褋褌胁懈械 0,013423 0,000008
芯斜褖懈泄 2,014903 0,001223
写械褌褋泻懈泄 2,612740 0,001585
褉械谢懈蟹 0,013423 0,000008
薪邪蟹邪写 0,013423 0,000041
锌械褉胁褘泄 0,883501 0,001072
褋锌懈褋芯泻 0,013423 0,000008
泻懈薪芯泻芯屑锌邪薪懈褟 5,010635 0,003040
锌褉懈屑械褌邪 3,064725 0,001860
褋芯谢薪械褔薪芯 5,010635 0,006081
谢懈褋褌 2,708050 0,001643
锌褟褌褜 1,966113 0,001193
芯斜褟蟹邪褌械谢褜薪褘泄 0,013423 0,000065
芯褕懈斜泻邪 0,013423 0,000024
谢邪斜邪 5,010635 0,006081
懈写褌懈 1,919593 0,001165
褉邪蟹写邪胁邪褌褜 5,010635 0,003040
芯褌泻褉褘褌褜 2,302585 0,001397
胁芯锌褉芯褋 0,006689 0,000016
蟹褍斜芯胁褋泻懈泄 0,013423 0,000016
懈谐褉邪 1,609438 0,000977
泻芯屑锌邪薪懈褟 1,919593 0,001165
蟹邪锌芯谢薪懈褌褜 0,013423 0,000057
胁芯锌谢芯褌懈褌褜 4,317488 0,002620
褌褉邪写懈褑懈褟 1,919593 0,003494
胁邪褕 0,013423 0,000130
芯斜褖械褋褌胁芯 0,257045 0,000312
懈屑褟 0,013423 0,000049
褋锌邪褋懈褌械谢褜 3,401197 0,002064
谐芯谢芯胁邪 2,612740 0,001585
斜谢褞写芯 1,609438 0,001953
褋褉芯泻 0,013423 0,000016
芯褋薪芯胁邪薪懈械 0,013423 0,000008
懈蟹写邪薪懈械 0,013423 0,000008
斜褍谢褜胁邪褉 0,013423 0,000016
褋械褌械胁芯泄 0,013423 0,000008
褋褔懈褌邪褌褜褋褟 2,525729 0,003065
褋褌芯谢懈褔薪褘泄 3,401197 0,004128
褋芯斜褘褌懈械 1,544899 0,000937
斜褘褌芯胁芯泄 3,912023 0,002374
锌褉芯写邪胁械褑 4,317488 0,007860
懈褋锌芯谢褜蟹芯胁邪薪懈械 0,013423 0,000008
胁薪芯胁褜 0,013423 0,000008
褋邪屑褘泄 0,967584 0,004110
褋屑械薪懈褌褜 0,013423 0,000008
屑邪褌械褉懈邪谢 0,013423 0,000073
褋懈屑胁芯谢 2,813411 0,003414
褍褔邪褋褌胁芯胁邪褌褜 0,013423 0,000016
褋芯芯斜褖懈褌褜 0,013423 0,000008
褋褑械薪泻邪 5,010635 0,003040
械胁褉芯锌械泄褋泻懈泄 1,791759 0,001087
斜褘褌褜 0,013423 0,000008
褍褋锌械褕薪芯 0,013423 0,000008
褋泻褉懈薪褕芯褌 0,013423 0,000024
泻褉邪褋芯褔薪褘泄 5,010635 0,003040
褑械薪薪褘泄 3,912023 0,002374
懈褋褌械褔褜 0,013423 0,000008
芯褌屑械褔邪褌褜 1,399717 0,002548
谢械薪褌邪 0,006689 0,000008
褍褉芯卸邪泄 4,317488 0,002620
褋邪屑芯胁邪褉 5,010635 0,003040
褋褌褉邪卸邪 3,624341 0,002199
锌芯褋芯谢褜褋褌胁芯 3,401197 0,002064
邪褉褏懈胁薪褘泄 1,347074 0,000817
锌械褉械锌谢褘褌褜 5,010635 0,003040
褕褍屑械谢芯泻 5,010635 0,003040
蟹懈屑薪懈泄 1,919593 0,002330
褉芯谢褜 3,401197 0,002064
褋褎械褉邪 0,013423 0,000008
褝谢械泻褌褉芯薪薪褘泄 0,013423 0,000008
褍褋褌邪薪芯胁懈褌褜 2,302585 0,001397
褝锌懈谢芯谐 5,010635 0,003040
褋锌芯褉褌 0,190354 0,000116
褝泻褋锌芯蟹懈褑懈褟 5,010635 0,006081
谢懈褕薪懈泄 2,931194 0,001779
邪褌屑芯褋褎械褉邪 3,624341 0,002199
褌芯褉卸械褋褌胁芯 3,912023 0,007121
屑械褋褟褑 1,003302 0,000609
斜褍泻胁邪谢褜薪芯 3,064725 0,003719
薪械斜械褋薪褘泄 4,317488 0,002620
褋胁懈写械褌械谢褜褋褌胁芯 0,013423 0,000008
锌褉芯褕谢芯械 2,813411 0,001707
泻芯屑屑械薪褌懈褉芯胁邪薪懈械 0,013423 0,000016
蟹邪锌懈褋褜 2,931194 0,001779
芯褌褉邪卸邪褌褜 3,912023 0,002374
斜谢芯泻懈褉芯胁邪褌褜褋褟 0,013423 0,000008
锌褉懈褏芯写 4,317488 0,002620
谢褍斜芯褔薪褘泄 5,010635 0,009121
褔邪褕泻邪 4,317488 0,002620
芯褌谢懈褔薪芯 3,401197 0,002064
写褉邪泻芯薪 3,912023 0,011869
邪薪褌褉芯锌芯屑芯褉褎薪褘泄 5,010635 0,003040
斜褍褉薪褘泄 4,317488 0,002620
锌褉邪胁懈谢芯 0,013423 0,000041
褋芯褏褉邪薪懈褌褜 0,013423 0,000008
芯褌锌褉邪胁谢褟褌褜褋褟 3,912023 0,004748
薪械斜芯 3,401197 0,004128
薪械褎褉懈褌芯胁褘泄 5,010635 0,003040
懈蟹胁械褋褌薪褘泄 2,066196 0,001254
锌褉懈屑械薪械薪懈械 0,013423 0,000008
胁蟹邪懈屑芯写械泄褋褌胁懈械 0,013423 0,000016
褍屑械褉褕懈泄 3,912023 0,002374
褋懈屑胁芯谢懈蟹懈褉芯胁邪褌褜 3,912023 0,002374
写邪褌褜 0,013423 0,000016
锌褉械褋褋 0,013423 0,000016
褋芯谐谢邪褋薪褘泄 0,013423 0,000024
锌械褉褋芯薪邪谢褜薪褘泄 0,013423 0,000065
芯锌械褉邪 4,317488 0,013099
褋褏芯写褋褌胁芯 5,010635 0,003040
锌械褉械褌褟薪褍褌褜 0,013423 0,000008
褋屑褘褋谢 2,708050 0,001643
褋薪械谐 2,371578 0,001439
锌械褉械胁械褉薪褍褌褜褋褟 5,010635 0,003040
褋褔邪褋褌懈械 3,401197 0,010319
褝谢械屑械薪褌 3,218876 0,001953
胁械泻 2,813411 0,006829
褋屑芯褔褜 0,006689 0,000004
懈褋锌芯谢褜蟹芯胁邪褌褜褋褟 0,006689 0,000004
谢褍薪薪褘泄 3,218876 0,003906
谢械谐械薪写邪 3,624341 0,002199
芯褌锌褉邪胁谢褟褌褜 3,624341 0,002199
邪褋褋芯褑懈懈褉芯胁邪褌褜褋褟 5,010635 0,003040
薪邪褋褌褍锌邪褌褜 3,401197 0,002064
懈薪褌械褉邪泻褌懈胁薪褘泄 2,931194 0,001779
谐芯褌芯胁褘泄 0,006689 0,000008
褑械薪薪芯褋褌褜 2,120264 0,001287
锌械泄蟹邪卸 3,912023 0,002374
写邪褌邪 0,006689 0,000008
褋褌褉械屑懈褌褜褋褟 3,912023 0,002374
褋褏芯写懈褌褜锌褉邪蟹写薪懈泻懈薪芯胁褘泄 5,010635 0,003040
胁锌械褉胁褘械 2,238047 0,001358
褌褉邪写懈褑懈芯薪薪褘泄 1,919593 0,004659
懈蟹芯斜褉邪蟹懈褌褜 5,010635 0,006081
褑胁械褌 2,238047 0,001358
芯写薪芯泻谢邪褋褋薪懈泻 0,013423 0,000016
薪械写芯锌褍褋褌懈屑褘泄 0,013423 0,000008
褝泻褋锌芯薪邪褌 4,317488 0,018339
胁褘 0,013423 0,000008
芯褋褌邪胁懈褌褜 1,966113 0,001193
褎懈芯 0,013423 0,000008
泻懈褉懈谢谢 1,875141 0,036411
胁芯褋褋褌邪薪芯胁懈褌褜 0,013423 0,000008
锌芯卸邪谢褍泄褋褌邪 0,013423 0,000008
芯写薪芯褉邪蟹芯胁褘泄 5,010635 0,003040
褎械褋褌懈胁邪谢褜 2,931194 0,001779
褎芯薪邪褉懈泻 5,010635 0,003040
泻懈褌邪泄褋泻懈泄 2,238047 0,009506
薪邪谐谢褟写薪芯 5,010635 0,003040
褋褌芯谢 1,832581 0,004448
芯褌泻褍写邪 3,218876 0,001953
写械褉械胁芯 3,401197 0,002064
锌褉懈械褏邪褌褜 2,931194 0,001779
胁械褉褋懈褟 0,013423 0,000008
薪懈卸械 0,013423 0,000024
屑芯薪邪褋褌褘褉褜 3,624341 0,002199
褉芯褋褋懈褟 0,006689 0,000037
芯斜懈褌械谢褜 5,010635 0,003040
芯褌锌械褔邪褌邪褌褜 5,010635 0,003040
屑芯褋泻胁褘褔褌褘泄 4,317488 0,002620
褋锌邪褌褜 4,317488 0,002620
谐芯褉褟褔懈泄 1,966113 0,001193
褉邪褋泻谢械懈胁邪褌褜 5,010635 0,003040
写械泻芯褉 3,624341 0,002199
褌械谐 0,190354 0,000116
锌褉械写褋褌邪胁谢械薪懈械 3,624341 0,006598
芯褔邪谐 5,010635 0,003040
褋胁芯泄 0,867501 0,001053
锌褉芯泄褌懈褋褜 5,010635 0,003040
蟹邪褉械谐懈褋褌褉懈褉芯胁邪褌褜 0,013423 0,000008
胁褋褟泻懈泄 4,317488 0,002620
锌芯锌褍谢褟褉薪褘泄 1,752539 0,001063
锌谢邪胁邪褌褜 5,010635 0,003040
蟹芯写懈邪泻邪谢褜薪褘泄 5,010635 0,009121
泻芯薪褋褍谢褜褌邪薪褌 3,624341 0,002199
胁芯褉芯褌邪 5,010635 0,003040
芯斜械褉械谐 5,010635 0,003040
褋邪泄褌 0,013423 0,000024
锌芯谢械 0,013423 0,000065
褋谢邪写芯褋褌褜 2,445686 0,001484
锌芯谢械蟹薪褘泄 0,143101 0,000087
谐邪谢芯褔泻邪 0,013423 0,000008
褋谢芯卸薪褘泄 1,966113 0,001193
蟹邪斜谢芯泻懈褉芯胁邪褌褜 0,013423 0,000016
锌械褉械褌邪褖懈褌褜 0,013423 0,000024
褌褍褉懈蟹屑 0,283247 0,000172
锌芯写写械褉卸懈胁邪械褌褋褟锌芯谢褍褔懈褌褜 0,013423 0,000008
邪写褉械褋 0,013423 0,000041
写褉褍谐芯泄 0,013423 0,000033
锌褉械写褋褌邪胁懈褌褜 2,014903 0,001223
褋芯芯褌胁械褌褋褌胁懈械 0,013423 0,000016
褉邪斜芯褌邪 1,427116 0,000866
褍薪懈褌邪褉薪褘泄 0,013423 0,000024
锌褉懈泄褌懈 2,445686 0,001484
胁邪卸薪芯械泻褍写邪 4,317488 0,002620
褍褌褉芯 3,401197 0,002064
写邪胁邪褌褜 0,013423 0,000016
芯褌锌褉邪胁泻邪 0,013423 0,000008
谐芯褉褕芯泻 5,010635 0,003040
蟹薪邪屑械薪懈褌褘泄 3,624341 0,004398
蟹邪谐褉褍蟹懈褌褜 0,013423 0,000016
褌械邪褌褉 3,064725 0,007439
褋斜芯谢褌薪褍褌褜 5,010635 0,003040
薪邪锌褉邪胁谢械薪懈械 0,013423 0,000008
褌械谢械褎芯薪 0,013423 0,000008
褉械写邪泻褑懈褟 0,013423 0,000024
写械褕褢胁褘泄 3,218876 0,001953
褏芯写 2,238047 0,001358
锌褉械写胁械褋褌薪懈泻 5,010635 0,003040
锌褉邪蟹写薪懈泻 1,427116 0,020783
褔械褋邪谢泻邪 5,010635 0,006081
写芯谢卸薪褘泄 0,013423 0,000008
褔懈褋谢芯 1,643339 0,000997
芯斜褗褟褋薪褟褌褜 2,813411 0,001707
蟹胁褍褔邪褌褜 4,317488 0,002620
褍泻褉邪褕械薪懈械 3,401197 0,002064
褉械卸懈褋褋褢褉 3,624341 0,002199
锌褉懈褔懈薪邪 2,066196 0,001254
谢芯褕邪写褜 3,064725 0,001860
邪胁褌芯褉 0,013423 0,000008
褋褌邪褉褘泄 0,013423 0,000171
褋芯芯斜褖械薪懈械 0,013423 0,000114
褋锌械褑懈褟 2,813411 0,001707
胁懈写 1,399717 0,002548
胁芯蟹胁褉邪褖邪褌褜褋褟 2,931194 0,001779
锌褉芯懈褋褕械褋褌胁懈械 0,292136 0,000177
褟褔械泄泻邪 5,010635 0,003040
褋褉邪胁薪懈褌褜 3,912023 0,002374
懈薪谐褉械写懈械薪褌 1,919593 0,002330
屑邪褋褌械褉 3,064725 0,001860
锌芯写褌胁械褉写懈褌褜 0,013423 0,000008
泻械褉邪屑懈褔械褋泻懈泄 5,010635 0,003040
泻邪褉褌懈薪泻邪 3,624341 0,004398
写芯锌芯谢薪褟褌褜 3,624341 0,002199
褔褍写芯屑 3,912023 0,002374
芯斜薪芯胁懈褌褜 0,985284 0,000598
锌芯泻懈薪褍褌褜 3,218876 0,001953
斜邪屑斜褍泻 5,010635 0,003040
谢褍斜芯泻 5,010635 0,003040
锌褉械写屑械褌 2,302585 0,001397
褌械薪褜 4,317488 0,010479
邪胁褌芯褉懈蟹邪褑懈褟 0,013423 0,000008
褉械谢懈谐懈褟 0,283247 0,000172
褉械泄褌懈薪谐 0,006689 0,000004
锌邪薪薪芯 5,010635 0,003040
屑邪褋泻邪 3,912023 0,009495
褎芯褉屑邪 0,013423 0,000098
芯褔械褉褢写薪芯褋褌褜 5,010635 0,003040
写芯屑 1,514128 0,002756
芯褌锌褍谐懈胁邪薪懈械 5,010635 0,003040
泻褍谢褜褌褍褉邪 0,292136 0,000177
谢邪泻芯屑褋褌胁芯 4,317488 0,002620
写胁械褉褜 3,912023 0,002374
泻芯褋褌褞屑 4,317488 0,005240
褋褌邪褌褜褟 0,013423 0,000008
褍褌邪褖懈褌褜 5,010635 0,003040
褋褌褉邪薪薪褘泄 3,912023 0,002374
写械泄褋褌胁芯 5,010635 0,003040
薪械写胁懈卸懈屑芯褋褌褜 0,292136 0,000177
锌芯褋胁褟褌懈褌褜 3,218876 0,001953
谐褍褋械胁 3,624341 0,002199
薪邪褕 1,919593 0,001165
斜褍屑邪谐邪 3,912023 0,002374
褉械写邪泻褌芯褉 0,013423 0,000008
薪邪褋邪写懈褌褜 5,010635 0,003040
蟹邪锌邪写薪褘泄 2,813411 0,001707
屑薪芯谐懈械 2,525729 0,001533
锌芯褋屑芯褌褉械褌褜泻懈褌邪泄褉芯褋褋懈褟锌械泻懈薪泻褍谢褜褌褍褉邪 5,010635 0,003040
泻芯屑锌芯薪械薪褌 2,931194 0,001779
泻芯薪褌邪泻褌 0,013423 0,000008
写械褉械胁褟薪薪褘泄 3,064725 0,003719
懈谐褉褍褕泻邪 3,912023 0,002374
褌械屑邪 0,013423 0,000024
褋械褉胁懈褋 0,174353 0,000106
谐芯褋褍写邪褉褋褌胁械薪薪褘泄 0,013423 0,000024
芯泻邪蟹邪褌褜褋褟 2,525729 0,001533
写懈褋泻褍褋褋懈褟 0,013423 0,000016
泻邪褉褘泄 5,010635 0,006081
褋写械谢邪褌褜 1,226446 0,000744
锌械泻懈薪褋泻懈泄 3,912023 0,018990
褋胁褟蟹邪薪薪褘泄 0,013423 0,000016
褋谢褍卸斜邪 0,006689 0,000004
褉懈邪 0,006689 0,000142
懈蟹芯斜褉邪卸械薪懈械 2,708050 0,006573
蟹邪屑械褌懈褌褜 0,013423 0,000008
褌械谢芯 2,612740 0,001585
胁芯褋褜屑芯泄 4,317488 0,002620
谐芯褋褌褜 3,218876 0,001953
蟹邪泻褉褘褌褘泄 0,013423 0,000008
褑懈胁懈谢懈蟹邪褑懈褟 3,912023 0,002374
泻谢邪褋褌褜 3,064725 0,001860
芯斜褉邪褖邪褌褜 0,013423 0,000008
褉械泻芯屑械薪写邪褌械谢褜薪褘泄 0,013423 0,000008
斜械褉械谐 3,401197 0,002064
褉邪蟹薪褘泄 1,484275 0,000901
褉懈褌褍邪谢褜薪褘泄 5,010635 0,003040
褋褌械薪邪 4,317488 0,002620
懈褋褌芯薪褔邪褌褜褋褟 5,010635 0,003040
褝泻褉邪薪 3,624341 0,002199
谐芯写 0,006689 0,000138
屑械写懈邪斜邪薪泻 1,321756 0,026467
锌械褉械褋泻邪蟹 5,010635 0,003040
屑懈薪懈褋褌褉 2,525729 0,001533
泻褍褏薪褟 1,576648 0,000957
褔懈褌邪褌褜褋褟 5,010635 0,003040
泻褍褉邪褌芯褉 5,010635 0,003040
屑械卸写褍薪邪褉芯写薪褘泄 0,013423 0,000024
写械褌邪谢褜 3,064725 0,001860
泻芯褌芯褉褘泄 0,603916 0,000733
褋芯谐褉械胁邪褌褜 4,317488 0,002620
锌芯褝褌芯屑褍 2,014903 0,001223
胁薪芯褋懈褌褜 3,218876 0,001953
邪谐械薪褌褋褌胁芯 0,013423 0,000033
褋谢械写褍褞褖懈泄 1,427116 0,000866
邪胁褌芯褉懈蟹芯胁邪褌褜褋褟 0,013423 0,000016
锌械谢褜屑械薪褜 3,912023 0,002374
泻邪褕邪 3,401197 0,004128
胁褘斜褉邪褌褜 0,013423 0,000024
褋褉褘胁邪褌褜 4,317488 0,002620
褋械谐芯写薪褟 0,013423 0,000041
褎芯薪邪褉褜 4,317488 0,005240
褌邪泄薪邪 2,445686 0,004452
胁械褋薪邪 3,218876 0,042970
褉芯屑邪薪 3,064725 0,001860
锌褉芯褋懈褌褜 0,013423 0,000008
褎褝谢褌芯薪 5,010635 0,003040
锌械褉械胁械褉薪褍褌褜 3,218876 0,001953
写芯泻谢邪写 3,912023 0,002374
褋褉邪蟹褍 1,832581 0,001112
褋芯蟹写邪褌褜 1,875141 0,001138
褋褌褉芯谐懈泄 3,624341 0,002199
锌褉邪胁懈谢褜薪褘泄 3,218876 0,001953
屑邪谢褘泄 2,612740 0,001585
褉邪褋褋泻邪蟹褘胁邪褌褜 2,014903 0,002445
谢械写械薪械褑 5,010635 0,003040
薪芯胁褘械褋薪邪褔邪谢邪 0,013423 0,000008
斜褍写写懈褋褌褋泻懈泄 5,010635 0,003040
谐褉邪薪褜 3,624341 0,002199
邪泻褌褢褉 2,371578 0,001439
锌芯褋懈写械谢泻懈 5,010635 0,003040
懈褋锌芯谢薪褟褌褜 3,624341 0,002199
写芯屑芯胁褘泄 4,317488 0,002620
锌褉械写芯褋褌邪胁懈褌褜 2,066196 0,001254
芯褋谢懈薪褘泄 5,010635 0,003040
谐械褉芯泄 3,064725 0,009298
邪褌褉懈斜褍褌 5,010635 0,003040
薪邪褔邪谢芯 1,643339 0,001994
褞谢懈褟 3,912023 0,009495
褕邪锌泻邪 0,013423 0,000016
芯褌锌褉邪胁懈褌褜 0,013423 0,000114
锌褉芯写芯谢卸懈褌褜 0,006689 0,000004
锌芯褉褌褉械褌 4,317488 0,002620
褉械褕械薪懈械 0,006689 0,000004
褉褍泻邪 1,791759 0,001087
写褍褏 3,218876 0,007813
芯蟹薪邪泻芯屑懈褌褜 0,013423 0,000008
褏懈褌褉褘泄 4,317488 0,002620
胁邪泻邪薪褋懈褟 0,013423 0,000008
屑褘 0,013423 0,000057
锌褉芯褋褌邪胁谢褟褌褜 0,013423 0,000008
褍褔邪褋褌懈械 0,006689 0,000004
邪泻泻邪褍薪褌 0,013423 0,000041
褝泻芯薪芯屑懈泻邪 0,292136 0,000177
谐谢邪蟹 2,931194 0,001779
芯斜褋褍卸写械薪懈械 0,013423 0,000016
芯锌械褔邪褌泻邪 0,013423 0,000008
懈褋锌芯谢褜蟹芯胁邪褌褜 0,013423 0,000008
泻邪谢械薪写邪褉褜 2,120264 0,002573
泻邪卸写褘泄 1,399717 0,000849
屑懈褋泻邪 2,612740 0,001585
芯薪谢邪泄薪 0,013423 0,000008
写邪褉懈褌褜 3,401197 0,002064
锌芯褔褌邪 0,013423 0,000057
斜谢芯泻懈褉芯胁泻邪 0,013423 0,000033
褉械褑械锌褌 1,118815 0,000679
芯褋褍褖械褋褌胁谢褟褌褜褋褟 0,013423 0,000008
褉邪蟹写械谢 2,525729 0,003065
懈薪褋褌邪谢谢褟褑懈褟 5,010635 0,003040
褋芯褋薪邪 4,317488 0,002620
锌芯褋锌邪褌褜 5,010635 0,003040
胁懈褉褌褍邪谢褜薪芯 5,010635 0,003040
邪锌褉械谢褜 0,013423 0,000008
褉邪蟹褍泻褉邪褋懈褌褜 5,010635 0,003040
褎邪屑懈谢懈褟 0,013423 0,000016
邪谢褌邪褉褜 5,010635 0,003040
褋芯谢薪褑械褋褌芯褟薪懈械 3,912023 0,002374
薪邪褔懈薪邪褌褜 2,445686 0,001484
锌芯写锌懈褋邪褌褜 2,612740 0,001585
褋胁械褌谢邪薪邪 2,813411 0,001707
褟薪写械泻褋 0,013423 0,000016
谢褞斜芯锌褘褌薪褘泄 5,010635 0,003040
锌褉懈薪褑 2,931194 0,001779
褏芯谢芯写薪褘泄 2,066196 0,001254
谢懈斜芯 0,013423 0,000008
褎械写械褉邪谢褜薪褘泄 0,013423 0,000033
薪邪卸懈屑邪褌褜 0,013423 0,000008
薪邪蟹胁邪薪懈械 2,813411 0,001707
褋械屑褜褟 2,014903 0,003668
谢褞斜芯锌褘褌薪芯 5,010635 0,003040
泻褋械薪懈褟 3,218876 0,001953
泻邪褉褜械褉薪褘泄 3,912023 0,002374
锌芯懈褋泻 0,013423 0,000008
芯褌泻褉褘褌褜褋褟 2,708050 0,001643
蟹薪邪泻芯胁褘泄 5,010635 0,003040
谐褉懈屑 5,010635 0,012162
邪褉褌懈褋褌 3,912023 0,002374
泻褍褕邪薪褜械 5,010635 0,003040
芯褌泻褉褘褌芯褋褌褜 5,010635 0,003040
锌芯锌褉芯斜芯胁邪褌褜 0,013423 0,000008
锌芯褋械褌懈褌械谢褜薪懈褑邪 5,010635 0,009121
蟹邪锌芯谢薪械薪懈械 0,013423 0,000057
褌褉懈褋褌邪 5,010635 0,003040
胁芯蟹写褍褕薪褘泄 3,064725 0,003719
胁薪懈屑邪薪懈械 0,013423 0,000008
锌褉懈薪懈屑邪褌褜 0,013423 0,000008
谐芯褉械褌褜 3,912023 0,002374
锌褉械屑褜械褉 2,931194 0,003557
褋芯锌褉芯胁芯卸写邪褌褜 3,218876 0,001953
褎懈谢褜屑 2,813411 0,001707
胁褋褌褉械褔邪 1,832581 0,001112
锌芯褌褌械褉 5,010635 0,006081
锌械褉械写邪胁邪褌褜 3,624341 0,004398
胁褘锌褍褋泻 0,013423 0,000008
褍薪懈泻邪谢褜薪褘泄 2,014903 0,001223
芯谐褉芯屑薪褘泄 2,302585 0,004192
泻邪薪褍薪 4,317488 0,002620
锌褉懈薪褟褌褜 1,791759 0,002174
薪械屑芯泄 2,612740 0,001585
薪邪写蟹芯褉 0,013423 0,000008
蟹懈屑邪 1,919593 0,002330
屑褍谢褟卸 4,317488 0,002620
蟹邪锌褍褋泻邪褌褜 5,010635 0,003040
褋谢懈胁邪 5,010635 0,003040
写胁械薪邪写褑邪褌褜 5,010635 0,006081
褋锌芯褋芯斜 0,013423 0,000024
锌褉械写锌褉懈褟褌懈械 0,013423 0,000024
薪邪泻谢械懈胁邪褌褜 4,317488 0,002620
薪邪褍泻邪 0,283247 0,000172
芯斜褉邪褌薪褘泄 0,013423 0,000057
锌褉芯写褍泻褌 0,135438 0,000082
锌褉芯懈蟹芯泄褌懈 0,013423 0,000008
褟褉泻懈泄 2,302585 0,001397
胁褌芯褉芯泄 1,427116 0,000866
褋械屑械泄薪褘泄 2,525729 0,003065
锌芯谢薪芯屑芯褔薪褘泄 5,010635 0,003040
