состояться 2,708050 0,002830
рф 1,181994 0,002470
формула 3,401197 0,003554
законный 0,013423 0,000014
новый 0,006689 0,000014
день 0,591795 0,000618
найти 0,013423 0,000014
письмо 0,013423 0,000028
советник 3,401197 0,003554
происходить 2,177422 0,002275
спасибо 0,013423 0,000014
выйти 2,371578 0,002478
расширить 0,006689 0,000007
пауэллом 3,912023 0,004088
согласие 0,013423 0,000028
центр 0,166448 0,000174
важный 1,297063 0,001355
доступ 0,013423 0,000028
миа 0,013423 0,000098
заявление 2,066196 0,004318
задать 0,013423 0,000014
предложить 2,066196 0,002159
связаться 0,013423 0,000084
секретарь 2,931194 0,003063
соответствовать 2,612740 0,002730
г 0,013423 0,000028
реклама 0,013423 0,000028
фото 0,013423 0,000028
политика 0,013423 0,000070
связь 0,006689 0,000056
о 0,013423 0,000014
британец 3,401197 0,003554
течение 0,013423 0,000014
сила 1,455287 0,004562
мир 0,223144 0,001166
саммит 3,401197 0,003554
деловой 3,064725 0,003202
запад 1,966113 0,002054
пройти 0,006689 0,000007
заголовок 0,013423 0,000028
информационный 0,013423 0,000056
даби 3,912023 0,004088
рассмотреть 0,013423 0,000014
расположить 0,013423 0,000028
планировать 2,612740 0,010921
конец 1,643339 0,001717
время 0,013423 0,000014
кнопка 0,013423 0,000014
данный 2,014903 0,002105
ранее 0,013423 0,000014
согласовать 4,317488 0,004511
подкаст 0,292136 0,000305
главный 0,013423 0,000014
проблема 0,013423 0,000014
данные 0,013423 0,000112
также 1,139434 0,002381
украина 1,160488 0,032741
город 0,013423 0,000084
разблокировать 0,013423 0,000042
италия 2,014903 0,002105
фотография 0,013423 0,000014
расколоть 2,525729 0,002639
час 0,013423 0,000042
мединский 2,612740 0,019111
чат 0,013423 0,000028
новостеймолния 0,013423 0,000014
написать 0,013423 0,000014
соглашаться 0,013423 0,000014
сначала 0,013423 0,000014
нерешённый 3,912023 0,004088
показать 0,013423 0,000014
пароль 0,013423 0,000154
вооружённый 2,014903 0,004211
кремль 2,177422 0,002275
удалить 0,013423 0,000056
мирный 2,525729 0,015835
офис 2,931194 0,003063
вход 0,013423 0,000028
обменяться 3,624341 0,003787
читать 0,791128 0,000827
описать 0,013423 0,000014
размещение 0,013423 0,000014
дональд 2,371578 0,007434
сколько 0,006689 0,000007
зять 3,912023 0,004088
один 1,098612 0,001148
уиткофф 3,401197 0,014216
видео 1,832581 0,001915
подтверждать 0,013423 0,000014
гаврилов 0,013423 0,000014
учредитель 0,013423 0,000014
часть 1,373049 0,001435
ссылка 0,013423 0,000056
сторона 1,609438 0,001682
коммуникация 0,013423 0,000014
мой 0,013423 0,000070
обсудить 3,401197 0,003554
рассчитывать 2,931194 0,003063
архив 0,190354 0,000199
помочь 0,013423 0,000014
раунд 2,931194 0,006126
сша 1,118815 0,008184
описание 0,013423 0,000014
процесс 0,013423 0,000028
переговорный 3,401197 0,003554
роскомнадзор 0,013423 0,000014
технология 0,013423 0,000028
швейцария 3,624341 0,015149
москва 0,006689 0,000028
воспользоваться 0,013423 0,000056
соединить 2,708050 0,002830
спецпосланник 3,912023 0,004088
далее 0,013423 0,000028
хотеть 0,006689 0,000014
открывать 0,013423 0,000028
перейти 0,013423 0,000042
кушнер 3,401197 0,003554
террорист 3,401197 0,003554
вчера 1,576648 0,003295
обращение 0,013423 0,000042
провести 1,919593 0,006018
группа 2,302585 0,004812
это 0,013423 0,000028
умный 2,708050 0,002830
спецпроект 0,190354 0,000199
массовый 0,013423 0,000014
обработка 0,013423 0,000070
поддерживать 2,371578 0,002478
украинский 1,576648 0,003295
слово 1,514128 0,001582
донбасс 2,612740 0,002730
новость 0,006689 0,000119
вашингтон 2,120264 0,002216
долгосрочный 3,912023 0,004088
стоить 1,678431 0,001754
зарегистрироваться 0,013423 0,000070
пожаловаться 0,006689 0,000007
войти 0,006689 0,000028
эл 0,013423 0,000014
радио 0,274437 0,000287
дзен 0,851752 0,000890
защита 0,013423 0,000056
регистрация 0,013423 0,000070
почему 0,013423 0,000014
восстановление 0,013423 0,000056
германия 2,525729 0,002639
вконтакте 0,013423 0,000028
логин 0,013423 0,000014
конфиденциальность 0,013423 0,000056
нарушение 0,013423 0,000042
навсегда 0,013423 0,000014
действие 0,013423 0,000014
релиз 0,013423 0,000014
медиабанкгосударственный 4,317488 0,004511
назад 0,013423 0,000070
первый 0,883501 0,000923
список 0,013423 0,000028
итог 2,302585 0,009624
обязательный 0,013423 0,000098
февраль 0,567984 0,001187
ошибка 0,013423 0,000042
вопрос 0,006689 0,000049
продлиться 2,813411 0,002940
зубовский 0,013423 0,000028
заполнить 0,013423 0,000098
ваш 0,013423 0,000238
общество 0,257045 0,000269
имя 0,013423 0,000070
присутствовать 3,218876 0,003364
срок 0,013423 0,000028
основание 0,013423 0,000014
издание 0,013423 0,000014
бульвар 0,013423 0,000028
сетевой 0,013423 0,000014
использование 0,013423 0,000014
фев 1,399717 0,001463
вновь 0,013423 0,000014
банда 2,525729 0,002639
сменить 0,013423 0,000014
материал 0,013423 0,000112
участвовать 0,013423 0,000028
сообщить 0,013423 0,000014
быть 0,013423 0,000014
успешно 0,013423 0,000014
скриншот 0,013423 0,000042
росфинмониторинг 3,912023 0,004088
истечь 0,013423 0,000014
лента 0,006689 0,000014
архивный 1,347074 0,001408
собеседник 3,064725 0,003202
сфера 0,013423 0,000014
электронный 0,013423 0,000014
спорт 0,190354 0,000199
франция 2,708050 0,002830
россиявладимир 4,317488 0,004511
свидетельство 0,013423 0,000014
экстремист 3,912023 0,004088
комментирование 0,013423 0,000028
урегулирование 2,612740 0,005460
блокироваться 0,013423 0,000014
буданов 3,401197 0,003554
джонатан 3,912023 0,004088
глава 1,919593 0,008023
отметить 2,014903 0,002105
правило 0,013423 0,000070
сохранить 0,013423 0,000014
основной 2,371578 0,002478
народ 2,238047 0,002339
тяжёлый 2,525729 0,002639
схема 3,218876 0,003364
применение 0,013423 0,000014
взаимодействие 0,013423 0,000028
дать 0,013423 0,000028
пресс 0,013423 0,000056
согласный 0,013423 0,000042
персональный 0,013423 0,000112
перетянуть 0,013423 0,000014
организовать 2,931194 0,003063
смочь 0,006689 0,000007
использоваться 0,006689 0,000007
уиткоффдональд 5,010635 0,005236
третий 1,919593 0,002006
готовый 0,006689 0,000014
признать 1,966113 0,002054
кира 3,624341 0,003787
дата 0,006689 0,000007
одноклассник 0,013423 0,000028
недопустимый 0,013423 0,000014
вы 0,013423 0,000014
фио 0,013423 0,000014
кирилл 1,875141 0,005878
восстановить 0,013423 0,000014
пожалуйста 0,013423 0,000014
российский 0,883501 0,000923
версия 0,013423 0,000014
ниже 0,013423 0,000042
узнать 2,014903 0,002105
слуга 3,401197 0,003554
россия 0,006689 0,000126
шесть 2,371578 0,002478
тег 0,190354 0,000199
абу 3,912023 0,004088
зарегистрировать 0,013423 0,000014
январь 1,040343 0,001087
назвать 1,347074 0,008446
премьера 3,624341 0,003787
проведение 2,177422 0,013652
сайт 0,013423 0,000042
поле 0,013423 0,000112
американский 1,966113 0,002054
полезный 0,143101 0,000150
галочка 0,013423 0,000014
штат 2,014903 0,002105
заблокировать 0,013423 0,000028
перетащить 0,013423 0,000042
наблюдать 3,064725 0,003202
представитель 2,302585 0,004812
туризм 0,283247 0,000296
поддерживаетсяполучить 0,013423 0,000014
адрес 0,013423 0,000070
зеленский 1,875141 0,005878
другой 0,013423 0,000042
соответствие 0,013423 0,000028
унитарный 0,013423 0,000042
давать 0,013423 0,000028
рабочий 2,708050 0,002830
отправка 0,013423 0,000014
мединскиймирный 4,317488 0,004511
загрузить 0,013423 0,000028
направление 0,013423 0,000014
телефон 0,013423 0,000014
редакция 0,013423 0,000042
украинепереговор 5,010635 0,005236
должный 0,013423 0,000028
снбо 3,624341 0,003787
автор 0,013423 0,000014
флаг 3,218876 0,006727
старый 0,013423 0,000014
сообщение 0,013423 0,000196
возвращаться 2,931194 0,003063
происшествие 0,292136 0,000305
подход 2,708050 0,005659
умер 3,624341 0,003787
внести 2,612740 0,002730
подтвердить 0,013423 0,000014
стармера 3,624341 0,003787
ред 3,912023 0,004088
обновить 0,985284 0,001030
миреукраинаженев 5,010635 0,005236
авторизация 0,013423 0,000014
религия 0,283247 0,000296
рейтинг 0,006689 0,000007
форма 0,013423 0,000168
дом 1,514128 0,001582
культура 0,292136 0,000305
мероприятие 2,931194 0,003063
статья 0,013423 0,000014
возглавлять 3,218876 0,003364
военнопленный 3,912023 0,004088
вторник 3,401197 0,003554
недвижимость 0,292136 0,000305
ответить 2,238047 0,002339
трёхсторонний 4,317488 0,009023
редактор 0,013423 0,000014
фгуп 0,499776 0,002611
контакт 0,013423 0,000028
территориальный 3,624341 0,003787
план 1,678431 0,008769
тема 0,013423 0,000042
государственный 0,013423 0,000056
сервис 0,174353 0,000182
арахамия 3,624341 0,003787
дискуссия 0,013423 0,000028
стив 3,401197 0,014216
сделать 1,226446 0,002563
связанный 0,013423 0,000028
служба 0,006689 0,000007
риа 0,006689 0,000105
заметить 0,013423 0,000014
закрытый 0,013423 0,000042
обращать 0,013423 0,000014
рекомендательный 0,013423 0,000014
белый 2,371578 0,002478
переговоры 1,875141 0,033310
год 0,006689 0,000007
медиабанк 1,321756 0,001381
фракция 3,064725 0,003202
международный 0,013423 0,000042
безопасность 1,919593 0,004012
трамп 1,544899 0,004843
делегация 2,708050 0,002830
агентство 0,013423 0,000084
следующий 1,427116 0,013421
прим 4,317488 0,004511
джаред 3,624341 0,003787
авторизоваться 0,013423 0,000028
выбрать 0,013423 0,000042
рассказать 0,933098 0,002925
сегодня 0,013423 0,000140
просить 0,013423 0,000014
руководитель 2,445686 0,002556
новыесначала 0,013423 0,000014
давид 3,218876 0,003364
место 1,272966 0,007981
начало 1,643339 0,001717
шапка 0,013423 0,000014
отправить 0,013423 0,000196
продолжить 0,006689 0,000007
решение 0,006689 0,000014
проходить 2,177422 0,002275
ознакомить 0,013423 0,000014
накануне 3,218876 0,003364
вакансия 0,013423 0,000014
мы 0,013423 0,000098
проставлять 0,013423 0,000014
участие 0,006689 0,000014
утверждать 2,302585 0,002406
рада 3,401197 0,003554
аккаунт 0,013423 0,000070
экономика 0,292136 0,000305
обсуждение 0,013423 0,000028
опечатка 0,013423 0,000014
использовать 0,013423 0,000014
онлайн 0,013423 0,000014
почта 0,013423 0,000098
блокировка 0,013423 0,000056
осуществляться 0,013423 0,000014
киев 1,832581 0,003830
апрель 0,013423 0,000014
фамилия 0,013423 0,000014
рустем 3,624341 0,003787
подписать 2,612740 0,002730
яндекс 0,013423 0,000028
владимир 1,373049 0,007174
либо 0,013423 0,000014
федеральный 0,013423 0,000056
нажимать 0,013423 0,000014
формат 2,120264 0,002216
прибыль 5,010635 0,005236
завершение 2,708050 0,002830
поиск 0,013423 0,000014
всу 2,238047 0,002339
лагерь 2,612740 0,002730
попробовать 0,013423 0,000014
заполнение 0,013423 0,000098
внимание 0,013423 0,000014
зык 5,010635 0,010472
принимать 0,013423 0,000014
условие 1,321756 0,001381
женева 2,238047 0,039756
встреча 1,832581 0,007660
трампвооружённый 5,010635 0,005236
выпуск 0,013423 0,000014
надзор 0,013423 0,000014
предприятие 0,013423 0,000042
способ 0,013423 0,000028
наука 0,283247 0,000296
браузер 2,612740 0,002730
обратный 0,013423 0,000098
продукт 0,135438 0,000142
произойти 0,013423 0,000014
аляска 3,624341 0,003787
источник 1,966113 0,018490
второй 1,427116 0,002982
