рф 1,181994 0,003711
определённый 2,813411 0,002208
банк 1,966113 0,001543
доставка 3,624341 0,002845
законный 0,013423 0,000011
новый 0,006689 0,000026
день 0,591795 0,000929
найти 0,013423 0,000011
письмо 0,013423 0,000021
вызов 3,218876 0,002527
спасибо 0,013423 0,000021
санкция 2,931194 0,011504
расширить 0,006689 0,000005
угрожать 3,624341 0,002845
переток 5,010635 0,003933
дизтопливо 5,010635 0,003933
согласие 0,013423 0,000021
центр 0,166448 0,000131
удар 2,120264 0,003329
важный 1,297063 0,001018
братислава 5,010635 0,007866
доступ 0,013423 0,000021
пойти 2,708050 0,002126
миа 0,013423 0,000053
полный 1,678431 0,001317
задать 0,013423 0,000011
закупать 4,317488 0,003389
мало 3,218876 0,002527
связаться 0,013423 0,000063
декабрь 0,985284 0,000773
украинец 2,302585 0,012652
г 0,013423 0,000021
реклама 0,013423 0,000021
фото 0,013423 0,000011
политика 0,013423 0,000053
связь 0,006689 0,000042
добиться 2,302585 0,001807
дружба 3,912023 0,015353
о 0,013423 0,000011
самофалов 3,218876 0,010106
течение 0,013423 0,000011
дополнительный 2,066196 0,001622
домик 5,010635 0,003933
выдержать 3,624341 0,002845
мир 0,223144 0,000175
обеспечить 2,120264 0,001664
весь 1,021651 0,001604
запад 1,966113 0,001543
пройти 0,006689 0,000005
заголовок 0,013423 0,000021
информационный 0,013423 0,000042
шаг 1,791759 0,001406
сценарий 4,317488 0,003389
дело 1,249435 0,000981
блэкаут 5,010635 0,003933
окончательно 2,813411 0,002208
рассмотреть 0,013423 0,000011
расположить 0,013423 0,000021
абсолютно 3,624341 0,002845
дочерний 5,010635 0,003933
конец 1,643339 0,002580
время 0,013423 0,000011
называть 2,120264 0,001664
кнопка 0,013423 0,000011
социальный 1,678431 0,001317
ранее 0,013423 0,000011
проблема 0,013423 0,000042
главный 0,013423 0,000021
ситуация 1,643339 0,001290
подкаст 0,292136 0,000229
причём 2,708050 0,002126
данные 0,013423 0,000095
вырабатываться 5,010635 0,003933
также 1,139434 0,000894
украина 1,160488 0,021862
город 0,013423 0,000011
разблокировать 0,013423 0,000032
фотография 0,013423 0,000011
час 0,013423 0,000032
чат 0,013423 0,000021
новостеймолния 0,013423 0,000011
написать 0,013423 0,000011
соглашаться 0,013423 0,000011
сначала 0,013423 0,000011
сосед 4,317488 0,006778
находиться 2,177422 0,001709
вводить 3,624341 0,002845
минэнерго 5,010635 0,019665
начать 1,966113 0,001543
нефтеперерабатывающий 5,010635 0,003933
показать 0,013423 0,000021
приходить 3,401197 0,002670
обеспечивать 2,813411 0,006625
пароль 0,013423 0,000116
кремль 2,177422 0,001709
редкий 3,064725 0,002406
перекрываться 5,010635 0,003933
однако 1,966113 0,001543
удалить 0,013423 0,000042
последствие 1,544899 0,001213
гуманитарный 3,218876 0,002527
серьёзный 2,525729 0,003965
вход 0,013423 0,000021
завод 3,401197 0,002670
читать 0,791128 0,000621
система 1,919593 0,001507
описать 0,013423 0,000011
размещение 0,013423 0,000011
переработать 5,010635 0,003933
сколько 0,006689 0,000005
отказ 2,302585 0,001807
сумма 2,302585 0,001807
нпз 5,010635 0,003933
один 1,098612 0,001725
единственно 5,010635 0,003933
сопротивляться 5,010635 0,003933
иметь 1,544899 0,001213
полностью 2,014903 0,003163
значительный 2,931194 0,002301
польша 2,931194 0,002301
сильно 2,708050 0,004251
подтверждать 0,013423 0,000011
гаврилов 0,013423 0,000011
учредитель 0,013423 0,000011
часть 1,373049 0,002155
лишь 2,371578 0,003723
последний 0,899761 0,000706
ссылка 0,013423 0,000042
сторона 1,609438 0,005053
коммуникация 0,013423 0,000011
мой 0,013423 0,000053
момент 2,014903 0,001582
помочь 0,013423 0,000021
архив 0,190354 0,000149
поставляться 5,010635 0,003933
специально 3,624341 0,002845
сша 1,118815 0,001756
описание 0,013423 0,000011
щедро 3,218876 0,002527
процесс 0,013423 0,000011
потерять 2,525729 0,001983
переговорный 3,401197 0,002670
энергоресурсы 4,317488 0,003389
газовый 3,624341 0,002845
роскомнадзор 0,013423 0,000011
обернуться 5,010635 0,007866
негативный 3,624341 0,002845
беспрепятственно 5,010635 0,003933
технология 0,013423 0,000021
испытание 3,401197 0,002670
выдавить 4,317488 0,003389
москва 0,006689 0,000011
воспользоваться 0,013423 0,000042
девятый 4,317488 0,003389
удивительно 4,317488 0,003389
экспортировать 5,010635 0,003933
выгодный 3,218876 0,002527
посчитать 5,010635 0,003933
рынок 2,708050 0,004251
энергетика 3,064725 0,009622
далее 0,013423 0,000042
оплатить 2,708050 0,002126
трубопровод 5,010635 0,003933
получать 2,238047 0,001757
мешать 3,624341 0,002845
беспроблемный 5,010635 0,003933
открыто 5,010635 0,003933
рукав 5,010635 0,003933
хотеть 0,006689 0,000011
открывать 0,013423 0,000021
перейти 0,013423 0,000011
нефть 3,218876 0,032846
половина 2,813411 0,002208
стать 0,851752 0,002006
достаточно 2,445686 0,001920
нужно 1,455287 0,001142
никуда 3,624341 0,002845
словацкий 5,010635 0,007866
украинавенгриясловакияевросоюзлукойлминистерство 5,010635 0,003933
вчера 1,576648 0,001238
обращение 0,013423 0,000032
это 0,013423 0,000137
спецпроект 0,190354 0,000149
массовый 0,013423 0,000011
обработка 0,013423 0,000053
ускоренный 5,010635 0,003933
труба 4,317488 0,006778
закон 2,445686 0,001920
украинский 1,576648 0,011138
два 1,514128 0,001188
будапешт 5,010635 0,007866
процент 2,612740 0,002051
дефицит 3,064725 0,002406
дизельный 5,010635 0,003933
новость 0,006689 0,000058
вполне 3,624341 0,002845
газ 2,612740 0,010254
взять 1,832581 0,001438
стоить 1,678431 0,001317
остановка 3,218876 0,005053
катастрофа 3,064725 0,002406
неприятный 4,317488 0,003389
гвоздь 5,010635 0,003933
покупать 2,612740 0,004102
зарегистрироваться 0,013423 0,000053
выгрызть 5,010635 0,003933
пожаловаться 0,006689 0,000005
войти 0,006689 0,000021
предлог 3,912023 0,003071
целый 2,931194 0,002301
лишение 3,218876 0,002527
эл 0,013423 0,000011
радио 0,274437 0,000215
дзен 0,851752 0,000669
защита 0,013423 0,000042
энергетический 2,371578 0,020477
считать 2,014903 0,001582
регистрация 0,013423 0,000053
почему 0,013423 0,000011
подумать 3,912023 0,003071
восстановление 0,013423 0,000042
вконтакте 0,013423 0,000021
логин 0,013423 0,000011
конфиденциальность 0,013423 0,000042
нарушение 0,013423 0,000032
навсегда 0,013423 0,000011
поставлять 4,317488 0,003389
действие 0,013423 0,000021
общий 2,014903 0,001582
релиз 0,013423 0,000011
назад 0,013423 0,000053
разрешить 2,931194 0,002301
первый 0,883501 0,000693
список 0,013423 0,000011
импорт 3,624341 0,002845
желание 2,813411 0,002208
удорожание 5,010635 0,003933
ремонт 3,401197 0,005339
пять 1,966113 0,001543
обязательный 0,013423 0,000074
февраль 0,567984 0,001337
ошибка 0,013423 0,000032
идти 1,919593 0,006027
происхождение 4,317488 0,003389
аналитика 2,177422 0,006836
вопрос 0,006689 0,000026
словакия 4,317488 0,064390
зубовский 0,013423 0,000021
игра 1,609438 0,007580
импортный 5,010635 0,003933
компания 1,919593 0,001507
показаться 5,010635 0,003933
заполнить 0,013423 0,000074
именно 2,066196 0,001622
против 1,966113 0,004630
ваш 0,013423 0,000169
общество 0,257045 0,000202
имя 0,013423 0,000053
ответ 1,791759 0,001406
порт 3,912023 0,006141
румыния 4,317488 0,003389
упираться 5,010635 0,003933
срок 0,013423 0,000021
основание 0,013423 0,000011
издание 0,013423 0,000011
восстановиться 4,317488 0,003389
бульвар 0,013423 0,000021
сетевой 0,013423 0,000011
превосходство 4,317488 0,003389
событие 1,544899 0,001213
использование 0,013423 0,000011
пора 2,525729 0,003965
вновь 0,013423 0,000011
вступление 3,401197 0,002670
самый 0,967584 0,000759
сменить 0,013423 0,000011
материал 0,013423 0,000095
участвовать 0,013423 0,000021
технологический 2,813411 0,002208
сообщить 0,013423 0,000011
хорватский 5,010635 0,007866
погубить 2,931194 0,013805
европейский 1,791759 0,005626
быть 0,013423 0,000011
успешно 0,013423 0,000011
скриншот 0,013423 0,000032
истечь 0,013423 0,000011
хитреца 5,010635 0,003933
лента 0,006689 0,000011
исключение 2,813411 0,006625
зимний 1,919593 0,001507
сфера 0,013423 0,000011
электронный 0,013423 0,000011
брюссель 3,624341 0,005690
спорт 0,190354 0,000149
жилище 5,010635 0,003933
твой 4,317488 0,003389
транспорт 3,064725 0,004811
молдавия 3,912023 0,003071
буквально 3,064725 0,002406
мочь 1,399717 0,001099
множиться 5,010635 0,003933
этот 1,514128 0,001188
сам 1,875141 0,004416
свидетельство 0,013423 0,000011
остановить 3,401197 0,005339
комментирование 0,013423 0,000021
сказать 2,371578 0,001862
уверить 3,218876 0,002527
блокироваться 0,013423 0,000011
прокачка 5,010635 0,007866
перевозка 4,317488 0,003389
голубой 3,624341 0,002845
сохранить 0,013423 0,000021
правило 0,013423 0,000063
вообще 2,931194 0,002301
министерство 1,966113 0,004630
основной 2,371578 0,001862
трубопроводный 5,010635 0,003933
сбой 4,317488 0,003389
применение 0,013423 0,000011
взаимодействие 0,013423 0,000021
ва 4,317488 0,003389
дать 0,013423 0,000032
согласный 0,013423 0,000042
пресс 0,013423 0,000021
персональный 0,013423 0,000084
сложиться 3,624341 0,002845
возможный 1,576648 0,001238
перетянуть 0,013423 0,000011
смысл 2,708050 0,002126
обогрев 4,317488 0,003389
смочь 0,006689 0,000005
использоваться 0,006689 0,000016
кромешный 5,010635 0,003933
оказываться 3,401197 0,002670
загнать 3,401197 0,002670
готовый 0,006689 0,000016
признать 1,966113 0,001543
дата 0,006689 0,000005
впервые 2,238047 0,001757
транспортировать 5,010635 0,007866
одноклассник 0,013423 0,000021
недопустимый 0,013423 0,000011
вы 0,013423 0,000011
фио 0,013423 0,000011
восстановить 0,013423 0,000011
пожалуйста 0,013423 0,000011
российский 0,883501 0,007628
сво 1,919593 0,004520
дойти 3,218876 0,002527
цель 1,966113 0,001543
откуда 3,218876 0,002527
речь 2,813411 0,006625
давно 3,218876 0,005053
ниже 0,013423 0,000042
морской 3,218876 0,002527
версия 0,013423 0,000011
потребление 3,912023 0,003071
россия 0,006689 0,000095
шантаж 5,010635 0,011799
странно 5,010635 0,003933
горячий 1,966113 0,001543
порой 4,317488 0,003389
сгенерировать 2,708050 0,006377
тег 0,190354 0,000149
экстренный 4,317488 0,003389
свой 0,867501 0,001362
зарегистрировать 0,013423 0,000011
электроэнергия 3,912023 0,018424
январь 1,040343 0,001633
назвать 1,347074 0,001057
ииизображение 2,931194 0,002301
пара 2,177422 0,001709
доить 5,010635 0,003933
проведение 2,177422 0,001709
объём 2,445686 0,003839
необходимость 2,177422 0,001709
сайт 0,013423 0,000032
поле 0,013423 0,000084
полезный 0,143101 0,000112
галочка 0,013423 0,000011
заблокировать 0,013423 0,000021
перетащить 0,013423 0,000032
туризм 0,283247 0,000222
альтернатива 3,624341 0,002845
поддерживаетсяполучить 0,013423 0,000011
отапливать 5,010635 0,003933
адрес 0,013423 0,000053
зеленский 1,875141 0,001472
другой 0,013423 0,000042
соответствие 0,013423 0,000021
унитарный 0,013423 0,000032
европа 1,455287 0,003427
давать 0,013423 0,000042
отправка 0,013423 0,000011
поперёк 4,317488 0,003389
загрузить 0,013423 0,000021
скорее 3,064725 0,002406
явно 3,064725 0,002406
нефтепродукт 5,010635 0,003933
направление 0,013423 0,000011
собственный 2,445686 0,001920
телефон 0,013423 0,000011
редакция 0,013423 0,000032
пока 1,919593 0,001507
ес 2,445686 0,009598
период 1,118815 0,000878
должный 0,013423 0,000011
факт 2,302585 0,001807
сей 2,931194 0,002301
маршрут 3,218876 0,010106
причина 2,066196 0,003244
автор 0,013423 0,000011
старый 0,013423 0,000011
сообщение 0,013423 0,000148
кроме 1,919593 0,001507
отопление 4,317488 0,003389
происшествие 0,292136 0,000229
подтвердить 0,013423 0,000011
доход 3,218876 0,002527
излишек 3,401197 0,002670
путь 2,120264 0,001664
обновить 0,985284 0,000773
лукойл 5,010635 0,015732
зуб 4,317488 0,003389
прогресс 2,813411 0,002208
энергосистема 5,010635 0,003933
авторизация 0,013423 0,000011
дизель 5,010635 0,019665
религия 0,283247 0,000222
рейтинг 0,006689 0,000005
форма 0,013423 0,000126
культура 0,292136 0,000229
поставка 3,624341 0,017069
несмотря 2,708050 0,002126
статья 0,013423 0,000011
венгрия 3,912023 0,061413
евросоюз 2,238047 0,007027
позиция 2,708050 0,004251
повод 3,401197 0,002670
отношение 1,791759 0,002813
недвижимость 0,292136 0,000229
прекратить 3,401197 0,008009
наш 1,919593 0,003013
ответить 2,238047 0,001757
ольга 2,612740 0,008203
редактор 0,013423 0,000011
ракетчик 2,931194 0,002301
море 2,931194 0,002301
фгуп 0,499776 0,001177
компромат 4,317488 0,003389
получатель 3,064725 0,002406
контакт 0,013423 0,000011
пострадать 2,708050 0,002126
зимой 2,813411 0,015458
зачастую 3,624341 0,005690
ия 2,813411 0,004417
тема 0,013423 0,000032
гроб 5,010635 0,003933
сервис 0,174353 0,000137
государственный 0,013423 0,000032
поступать 3,401197 0,002670
дискуссия 0,013423 0,000021
сделать 1,226446 0,001925
топливо 3,912023 0,018424
справедливость 4,317488 0,003389
связанный 0,013423 0,000021
служба 0,006689 0,000005
риа 0,006689 0,000047
изображение 2,708050 0,004251
заметить 0,013423 0,000011
нанести 2,813411 0,002208
закрытый 0,013423 0,000011
обращать 0,013423 0,000011
рекомендательный 0,013423 0,000011
право 2,066196 0,001622
электростанция 4,317488 0,003389
переговоры 1,875141 0,002944
транзит 5,010635 0,007866
стоять 3,401197 0,002670
год 0,006689 0,000026
движение 2,813411 0,002208
выдавать 3,624341 0,002845
пакет 3,401197 0,005339
десятый 3,912023 0,003071
обратиться 2,302585 0,001807
тьма 5,010635 0,003933
международный 0,013423 0,000032
безопасность 1,919593 0,003013
потеря 2,066196 0,001622
ведущий 2,120264 0,001664
прекрасно 3,218876 0,002527
который 0,603916 0,002370
поэтому 2,014903 0,003163
агентство 0,013423 0,000042
приготовление 1,484275 0,001165
рамка 2,708050 0,002126
козырь 4,317488 0,003389
карточный 5,010635 0,003933
привести 2,371578 0,003723
пища 2,813411 0,002208
авторизоваться 0,013423 0,000021
прибыть 3,912023 0,003071
выбрать 0,013423 0,000032
политический 2,813411 0,002208
последовать 3,912023 0,003071
сегодня 0,013423 0,000084
страна 1,139434 0,005366
просить 0,013423 0,000011
создать 1,875141 0,001472
такой 1,098612 0,004312
интрига 4,317488 0,003389
плюс 3,218876 0,002527
вместе 2,302585 0,001807
новыесначала 0,013423 0,000011
нужный 1,643339 0,002580
грань 3,624341 0,002845
инфраструктура 3,064725 0,002406
заставить 3,064725 0,004811
начало 1,643339 0,001290
свет 2,708050 0,002126
шапка 0,013423 0,000011
отправить 0,013423 0,000148
продолжить 0,006689 0,000005
решение 0,006689 0,000011
закончить 3,912023 0,003071
ознакомить 0,013423 0,000011
плинтус 5,010635 0,003933
неверный 5,010635 0,003933
ради 3,912023 0,003071
март 1,514128 0,001188
логичный 5,010635 0,003933
военный 1,514128 0,002377
вакансия 0,013423 0,000011
санкционный 3,912023 0,003071
мы 0,013423 0,000074
проставлять 0,013423 0,000011
участие 0,006689 0,000005
аккаунт 0,013423 0,000053
экономика 0,292136 0,000229
тот 1,576648 0,001238
обсуждение 0,013423 0,000021
опечатка 0,013423 0,000011
использовать 0,013423 0,000011
образоваться 3,218876 0,002527
временно 4,317488 0,003389
онлайн 0,013423 0,000011
десять 2,445686 0,003839
погрузить 4,317488 0,003389
почта 0,013423 0,000074
блокировка 0,013423 0,000042
разрешать 4,317488 0,003389
осуществляться 0,013423 0,000011
перекрыть 4,317488 0,003389
поставщик 3,218876 0,005053
вызвать 2,371578 0,001862
киев 1,832581 0,011508
апрель 0,013423 0,000011
фамилия 0,013423 0,000011
яндекс 0,013423 0,000021
либо 0,013423 0,000011
хорватия 4,317488 0,006778
федеральный 0,013423 0,000042
нажимать 0,013423 0,000011
венгерский 5,010635 0,007866
развитие 2,066196 0,001622
поиск 0,013423 0,000011
официальный 2,177422 0,001709
понимать 2,708050 0,004251
попробовать 0,013423 0,000011
ответный 3,401197 0,002670
заполнение 0,013423 0,000074
вернуть 2,120264 0,001664
внимание 0,013423 0,000011
принимать 0,013423 0,000011
запрещать 4,317488 0,003389
женева 2,238047 0,001757
расписание 2,525729 0,001983
отремонтировать 5,010635 0,003933
выпуск 0,013423 0,000011
принять 1,791759 0,001406
скоро 4,317488 0,003389
надзор 0,013423 0,000011
финансирование 2,708050 0,002126
очень 1,678431 0,001317
жёсткий 2,931194 0,002301
предприятие 0,013423 0,000042
способ 0,013423 0,000021
раскопать 4,317488 0,003389
наука 0,283247 0,000222
какой 1,399717 0,001099
обратный 0,013423 0,000084
произойти 0,013423 0,000021
продукт 0,135438 0,000106
принятие 3,064725 0,002406
активно 3,064725 0,002406
