личный 2,177422 0,001484
определённый 2,813411 0,001918
специальный 1,514128 0,001032
санитария 5,010635 0,003416
законный 0,013423 0,000009
новый 0,006689 0,000018
загадочный 3,912023 0,002667
штырь 5,010635 0,003416
день 0,591795 0,000403
образ 2,066196 0,008451
австрийский 3,218876 0,002194
найти 0,013423 0,000027
академия 2,931194 0,007992
письмо 0,013423 0,000018
дедушка 5,010635 0,003416
спасибо 0,013423 0,000009
рот 3,401197 0,002318
расширить 0,006689 0,000005
физический 2,813411 0,001918
бабушка 4,317488 0,002943
согласие 0,013423 0,000018
центр 0,166448 0,000454
реконструировать 5,010635 0,003416
доступ 0,013423 0,000018
мозг 4,317488 0,005886
миа 0,013423 0,000064
народный 2,177422 0,004453
эпидемия 4,317488 0,002943
полный 1,678431 0,001144
задать 0,013423 0,000009
мало 3,218876 0,002194
помощь 1,321756 0,000901
нести 3,218876 0,002194
связаться 0,013423 0,000055
самоубийца 5,010635 0,003416
предположение 4,317488 0,002943
кубический 5,010635 0,003416
жертва 2,813411 0,001918
человек 1,118815 0,008389
вода 1,576648 0,001075
эрнст 5,010635 0,003416
соответствовать 2,612740 0,001781
г 0,013423 0,000018
реклама 0,013423 0,000018
фото 0,013423 0,000018
пронзить 5,010635 0,003416
крестьянский 5,010635 0,003416
политика 0,013423 0,000046
й 2,014903 0,001373
живой 3,912023 0,008000
связь 0,006689 0,000036
м 2,302585 0,003139
расследовать 4,317488 0,002943
о 0,013423 0,000009
исследование 3,064725 0,006267
нога 3,218876 0,002194
относить 5,010635 0,003416
обустройство 5,010635 0,003416
течение 0,013423 0,000009
напротив 5,010635 0,003416
субъективный 5,010635 0,006831
прочно 4,317488 0,002943
оно 2,302585 0,001570
обращаться 2,371578 0,001617
мир 0,223144 0,000304
наступить 3,218876 0,002194
обвинять 3,624341 0,002471
весь 1,021651 0,000696
пройти 0,006689 0,000005
заголовок 0,013423 0,000018
информационный 0,013423 0,000037
житель 2,612740 0,005343
болгария 5,010635 0,023909
дело 1,249435 0,000852
бояться 3,624341 0,002471
цветной 3,064725 0,002089
рассмотреть 0,013423 0,000009
расположить 0,013423 0,000018
практика 2,612740 0,001781
время 0,013423 0,000018
конец 1,643339 0,001120
единственный 2,525729 0,001722
кнопка 0,013423 0,000009
усреднить 5,010635 0,003416
социальный 1,678431 0,001144
записывать 4,317488 0,002943
христианский 3,624341 0,002471
сознание 3,624341 0,004941
недавно 3,624341 0,004941
горло 4,317488 0,002943
ранее 0,013423 0,000018
подкаст 0,292136 0,000199
главный 0,013423 0,000009
проблема 0,013423 0,000009
соответствующий 2,931194 0,001998
данные 0,013423 0,000073
резко 3,912023 0,002667
иной 2,238047 0,003051
также 1,139434 0,000777
паника 3,912023 0,002667
город 0,013423 0,000009
разблокировать 0,013423 0,000027
прежде 3,218876 0,002194
фотография 0,013423 0,000009
дмитрий 1,576648 0,001075
час 0,013423 0,000018
чат 0,013423 0,000018
новостеймолния 0,013423 0,000009
написать 0,013423 0,000009
захоронение 5,010635 0,013662
снова 2,612740 0,003562
внешность 5,010635 0,003416
пытаться 2,708050 0,001846
научный 2,302585 0,001570
соглашаться 0,013423 0,000009
везти 5,010635 0,003416
сначала 0,013423 0,000009
железный 5,010635 0,010247
находиться 2,177422 0,001484
территория 2,302585 0,001570
вечный 3,912023 0,002667
окончание 3,064725 0,002089
показать 0,013423 0,000018
поминальный 3,912023 0,002667
современник 5,010635 0,006831
приходить 3,401197 0,002318
отсутствие 2,014903 0,001373
судить 3,912023 0,002667
пароль 0,013423 0,000101
хотя 2,371578 0,001617
редкий 3,064725 0,002089
однако 1,966113 0,005361
удалить 0,013423 0,000037
серьёзный 2,525729 0,001722
объективный 3,912023 0,002667
вход 0,013423 0,000018
читать 0,791128 0,000539
описать 0,013423 0,000009
размещение 0,013423 0,000009
граф 4,317488 0,002943
сколько 0,006689 0,000005
покойный 5,010635 0,010247
засуха 5,010635 0,003416
скелет 5,010635 0,020493
воздержаться 3,912023 0,002667
вампир 3,218876 0,041690
древний 2,525729 0,013774
нападение 4,317488 0,002943
цифровой 2,445686 0,001667
нетипичный 5,010635 0,003416
повреждение 3,401197 0,002318
один 1,098612 0,000749
пережить 3,624341 0,002471
оттенок 2,612740 0,010686
дракула 5,010635 0,003416
иметь 1,544899 0,002106
стихийный 2,813411 0,001918
обряд 3,624341 0,004941
совет 1,226446 0,000836
польша 2,931194 0,013987
сильно 2,708050 0,001846
подтверждать 0,013423 0,000009
громкий 3,401197 0,002318
гаврилов 0,013423 0,000009
учредитель 0,013423 0,000009
часть 1,373049 0,001872
лишь 2,371578 0,001617
персонаж 5,010635 0,003416
последний 0,899761 0,000613
славянский 3,624341 0,012353
приносить 4,317488 0,002943
ссылка 0,013423 0,000037
коммуникация 0,013423 0,000009
повернуть 5,010635 0,003416
воссоздание 5,010635 0,003416
мой 0,013423 0,000055
некоторый 2,014903 0,001373
верхний 2,525729 0,003443
архив 0,190354 0,000130
помочь 0,013423 0,000009
любимый 2,813411 0,001918
туловище 5,010635 0,003416
описание 0,013423 0,000009
процесс 0,013423 0,000009
основа 2,120264 0,001445
способность 4,317488 0,002943
свидание 5,010635 0,003416
кожа 3,401197 0,002318
среда 2,612740 0,001781
говорить 1,714798 0,002338
пояснять 2,371578 0,001617
роскомнадзор 0,013423 0,000009
технология 0,013423 0,000018
уйти 3,218876 0,004388
девушка 2,931194 0,003996
номер 2,708050 0,003692
аристократ 5,010635 0,003416
шея 4,317488 0,002943
чиновник 5,010635 0,006831
москва 0,006689 0,000014
серый 3,912023 0,018667
атипичный 5,010635 0,003416
воспользоваться 0,013423 0,000037
череп 5,010635 0,010247
кончина 4,317488 0,002943
археолог 5,010635 0,003416
врач 2,014903 0,001373
смерть 2,612740 0,014248
результат 1,714798 0,002338
добавлять 1,919593 0,001309
приглашать 4,317488 0,002943
выглядеть 2,445686 0,010003
мёртвый 4,317488 0,002943
лицо 1,714798 0,011689
команда 2,708050 0,001846
большой 1,832581 0,001249
далее 0,013423 0,000018
мышь 5,010635 0,006831
поставить 2,014903 0,001373
опасность 2,931194 0,001998
выделяться 4,317488 0,002943
бледный 5,010635 0,003416
являться 1,875141 0,001278
госпитальер 5,010635 0,003416
сказание 4,317488 0,002943
покидать 5,010635 0,003416
расчёт 2,708050 0,001846
предок 3,624341 0,004941
хотеть 0,006689 0,000005
кровосос 5,010635 0,003416
открывать 0,013423 0,000018
перейти 0,013423 0,000018
датироваться 4,317488 0,002943
насытить 5,010635 0,003416
похоронить 4,317488 0,008829
стать 0,851752 0,000581
утвердиться 5,010635 0,003416
андреев 2,708050 0,001846
наукахорватияпольшаболгарияроссийский 4,317488 0,002943
обращение 0,013423 0,000027
предсмертный 5,010635 0,003416
вызывать 3,624341 0,002471
переносить 5,010635 0,003416
это 0,013423 0,000073
массовый 0,013423 0,000018
спецпроект 0,190354 0,000130
обработка 0,013423 0,000046
большинство 2,612740 0,001781
ткань 4,317488 0,005886
слово 1,514128 0,001032
кинематограф 5,010635 0,003416
некрополь 5,010635 0,003416
исследователь 5,010635 0,003416
обнаружить 3,912023 0,008000
два 1,514128 0,001032
разобраться 4,317488 0,002943
кол 4,317488 0,002943
новость 0,006689 0,000064
ракурс 3,912023 0,008000
взять 1,832581 0,001249
наслать 2,445686 0,013337
сентябрь 1,427116 0,000973
остальной 2,177422 0,001484
жизнь 1,714798 0,005845
сантиметр 3,624341 0,004941
могила 3,218876 0,030719
вероятный 4,317488 0,002943
аристократичный 5,010635 0,003416
зарегистрироваться 0,013423 0,000046
утверждение 4,317488 0,002943
пожаловаться 0,006689 0,000005
перечислять 3,912023 0,002667
ходячий 5,010635 0,003416
войти 0,006689 0,000018
наукархеологияистория 4,317488 0,002943
возраст 2,177422 0,004453
допустить 3,401197 0,002318
эл 0,013423 0,000009
радио 0,274437 0,000187
дзен 0,851752 0,000581
защита 0,013423 0,000046
считать 2,014903 0,001373
регистрация 0,013423 0,000046
минимум 2,371578 0,001617
общение 5,010635 0,003416
изучение 4,317488 0,002943
почему 0,013423 0,000018
восстановление 0,013423 0,000037
принадлежать 5,010635 0,003416
тупик 5,010635 0,003416
невысокий 4,317488 0,002943
значит 2,612740 0,001781
вконтакте 0,013423 0,000018
клык 5,010635 0,006831
вверх 3,912023 0,002667
логин 0,013423 0,000009
конфиденциальность 0,013423 0,000037
нарушение 0,013423 0,000027
навсегда 0,013423 0,000009
действие 0,013423 0,000009
общий 2,014903 0,001373
упырь 5,010635 0,003416
релиз 0,013423 0,000009
впиваться 5,010635 0,003416
назад 0,013423 0,000046
обусловить 5,010635 0,003416
первый 0,883501 0,000602
список 0,013423 0,000009
изобретать 5,010635 0,003416
означать 3,401197 0,002318
обязательный 0,013423 0,000064
ошибка 0,013423 0,000027
соавтор 5,010635 0,003416
дневный 4,317488 0,002943
происхождение 4,317488 0,002943
вятский 5,010635 0,003416
кладбище 3,624341 0,007412
вопрос 0,006689 0,000018
средневековье 5,010635 0,006831
мягкий 2,445686 0,003334
зубовский 0,013423 0,000018
мертвец 5,010635 0,017078
поскольку 2,612740 0,003562
застарелый 5,010635 0,003416
заполнить 0,013423 0,000064
ориентироваться 4,317488 0,002943
размер 2,014903 0,001373
приписывать 3,912023 0,002667
расследование 3,218876 0,002194
традиция 1,919593 0,002617
ваш 0,013423 0,000146
имя 0,013423 0,000055
общество 0,257045 0,000175
мнение 2,238047 0,003051
румыния 4,317488 0,002943
голова 2,612740 0,001781
больший 2,014903 0,002747
срок 0,013423 0,000027
личность 2,931194 0,001998
основание 0,013423 0,000009
издание 0,013423 0,000009
бульвар 0,013423 0,000018
сетевой 0,013423 0,000009
антрополог 5,010635 0,003416
использование 0,013423 0,000009
фев 1,399717 0,000954
вновь 0,013423 0,000009
сменить 0,013423 0,000009
материал 0,013423 0,000082
межличностный 5,010635 0,003416
участвовать 0,013423 0,000018
восстать 5,010635 0,006831
сообщить 0,013423 0,000009
европейский 1,791759 0,001221
быть 0,013423 0,000009
успешно 0,013423 0,000009
прут 5,010635 0,006831
скриншот 0,013423 0,000027
истечь 0,013423 0,000009
отмечать 1,399717 0,000954
лента 0,006689 0,000009
ребро 4,317488 0,002943
крестьянин 5,010635 0,003416
архивный 1,347074 0,000918
ранение 3,624341 0,002471
пират 5,010635 0,003416
ожить 5,010635 0,003416
воображать 5,010635 0,003416
тамплиер 5,010635 0,003416
нагрузка 3,912023 0,002667
сфера 0,013423 0,000009
электронный 0,013423 0,000009
установить 2,302585 0,003139
спорт 0,190354 0,000130
услышать 3,912023 0,002667
мочь 1,399717 0,005725
сам 1,875141 0,001278
свидетельство 0,013423 0,000009
борьба 3,218876 0,004388
комментирование 0,013423 0,000018
интеллект 3,624341 0,002471
сердце 3,064725 0,004178
блокироваться 0,013423 0,000009
ноготь 5,010635 0,003416
отметить 2,014903 0,001373
правило 0,013423 0,000073
сохранить 0,013423 0,000009
намеренно 5,010635 0,003416
характер 3,624341 0,002471
фромбальда 5,010635 0,006831
применение 0,013423 0,000009
взаимодействие 0,013423 0,000018
умерший 3,912023 0,016000
дать 0,013423 0,000027
сербский 3,624341 0,002471
пресс 0,013423 0,000018
согласный 0,013423 0,000027
персональный 0,013423 0,000073
сложиться 3,624341 0,002471
перетянуть 0,013423 0,000009
элемент 3,218876 0,004388
век 2,813411 0,005753
позволить 2,708050 0,001846
смочь 0,006689 0,000005
перелом 4,317488 0,002943
использоваться 0,006689 0,000005
женщина 1,832581 0,002498
душа 3,218876 0,004388
готовый 0,006689 0,000009
насилие 5,010635 0,006831
важно 2,120264 0,001445
предписываться 5,010635 0,003416
сословие 5,010635 0,003416
румяный 3,401197 0,002318
среднестатистический 5,010635 0,003416
дата 0,006689 0,000005
впервые 2,238047 0,001526
вернуться 2,445686 0,001667
традиционный 1,919593 0,001309
попытаться 4,317488 0,002943
цвет 2,238047 0,003051
одноклассник 0,013423 0,000018
недопустимый 0,013423 0,000009
вы 0,013423 0,000009
оставить 1,966113 0,001340
фио 0,013423 0,000009
восстановить 0,013423 0,000018
пожалуйста 0,013423 0,000009
российский 0,883501 0,001807
ран 2,931194 0,001998
этнографический 5,010635 0,003416
старина 5,010635 0,003416
солнечный 3,624341 0,002471
борода 5,010635 0,020493
соблюдать 3,064725 0,002089
душить 3,912023 0,002667
версия 0,013423 0,000027
ниже 0,013423 0,000027
предусмотрительно 5,010635 0,003416
литература 4,317488 0,005886
россия 0,006689 0,000055
го 2,177422 0,001484
видимо 5,010635 0,003416
волос 3,912023 0,021333
тег 0,190354 0,000130
представление 3,624341 0,002471
разложение 5,010635 0,006831
зарегистрировать 0,013423 0,000009
погрести 5,010635 0,003416
объём 2,445686 0,001667
просвещённый 5,010635 0,003416
сайт 0,013423 0,000027
поле 0,013423 0,000073
полезный 0,143101 0,000098
галочка 0,013423 0,000009
заблокировать 0,013423 0,000018
перетащить 0,013423 0,000027
положить 1,966113 0,002680
туризм 0,283247 0,000193
нехороший 5,010635 0,010247
сотрудник 1,791759 0,001221
блуждать 5,010635 0,003416
поддерживаетсяполучить 0,013423 0,000009
адрес 0,013423 0,000046
другой 0,013423 0,000046
соответствие 0,013423 0,000018
работа 1,427116 0,000973
унитарный 0,013423 0,000027
прийти 2,445686 0,001667
обладатель 3,624341 0,002471
европа 1,455287 0,001984
вынудить 3,624341 0,002471
давать 0,013423 0,000027
отправка 0,013423 0,000009
загрузить 0,013423 0,000018
явно 3,064725 0,002089
императрица 3,912023 0,002667
кино 3,401197 0,004637
направление 0,013423 0,000009
киношный 5,010635 0,003416
телефон 0,013423 0,000009
редакция 0,013423 0,000027
колдун 5,010635 0,006831
запретить 2,708050 0,001846
ход 2,238047 0,001526
благоевич 5,010635 0,003416
период 1,118815 0,000763
праздник 1,427116 0,000973
раскопка 4,317488 0,002943
должный 0,013423 0,000018
параметр 3,401197 0,002318
забросать 5,010635 0,003416
контроль 2,371578 0,001617
эксгумация 5,010635 0,003416
автор 0,013423 0,000018
учёный 3,064725 0,010446
старый 0,013423 0,000018
сообщение 0,013423 0,000128
фронтальный 5,010635 0,010247
изуродовать 5,010635 0,003416
кроме 1,919593 0,002617
превратиться 3,624341 0,004941
возвращаться 2,931194 0,001998
захар 5,010635 0,003416
мария 2,813411 0,001918
ребёнок 1,514128 0,001032
происшествие 0,292136 0,000199
местность 4,317488 0,002943
строго 3,624341 0,002471
спокойно 3,624341 0,002471
подтвердить 0,013423 0,000009
превращаться 4,317488 0,002943
подоснова 5,010635 0,003416
попасть 2,708050 0,003692
обновить 0,985284 0,000672
покинуть 3,218876 0,002194
положение 2,612740 0,001781
предмет 2,302585 0,003139
неправильный 3,401197 0,004637
визуализироваться 5,010635 0,003416
рождаться 5,010635 0,003416
авторизация 0,013423 0,000009
терезия 5,010635 0,003416
религия 0,283247 0,000193
рейтинг 0,006689 0,000005
форма 0,013423 0,000110
покойник 5,010635 0,017078
щаркич 5,010635 0,003416
показатель 2,931194 0,001998
культура 0,292136 0,000398
серп 5,010635 0,006831
применяться 2,931194 0,001998
затылочный 5,010635 0,003416
даваться 3,912023 0,002667
существовать 2,302585 0,001570
статья 0,013423 0,000009
современный 2,813411 0,005753
отличаться 2,708050 0,005538
отношение 1,791759 0,003664
недвижимость 0,292136 0,000199
художественный 4,317488 0,008829
изоляция 5,010635 0,003416
мировой 2,371578 0,001617
наш 1,919593 0,001309
шрам 5,010635 0,010247
редактор 0,013423 0,000009
торчать 5,010635 0,003416
фгуп 0,499776 0,001703
настоящий 2,302585 0,010987
литературно 5,010635 0,003416
получить 0,985284 0,000672
отвращение 5,010635 0,003416
покаяние 4,317488 0,002943
контакт 0,013423 0,000009
фон 3,218876 0,002194
направить 2,371578 0,001617
профиль 3,401197 0,006955
домой 4,317488 0,002943
зачастую 3,624341 0,002471
преждевременный 5,010635 0,003416
достраивать 5,010635 0,003416
тема 0,013423 0,000027
воткнуть 3,912023 0,005333
сервис 0,174353 0,000119
государственный 0,013423 0,000027
орден 3,624341 0,002471
вывихнутый 5,010635 0,003416
дискуссия 0,013423 0,000018
остеологический 5,010635 0,003416
связанный 0,013423 0,000018
служба 0,006689 0,000009
риа 0,006689 0,000055
изображение 2,708050 0,001846
заметить 0,013423 0,000009
тело 2,612740 0,007124
бедствие 2,813411 0,001918
анализ 2,708050 0,001846
нанести 2,813411 0,001918
закрытый 0,013423 0,000009
обращать 0,013423 0,000009
череда 5,010635 0,003416
рекомендательный 0,013423 0,000009
прочий 4,317488 0,002943
разный 1,484275 0,001012
пристанище 5,010635 0,003416
воля 5,010635 0,003416
год 0,006689 0,000023
характерный 3,401197 0,002318
международный 0,013423 0,000037
реальность 3,064725 0,004178
перепой 5,010635 0,003416
истерия 5,010635 0,003416
криминалистика 5,010635 0,003416
ведущий 2,120264 0,001445
который 0,603916 0,004117
вывод 3,401197 0,002318
археология 3,912023 0,008000
присоединить 5,010635 0,003416
серебро 3,624341 0,002471
например 1,714798 0,002338
агентство 0,013423 0,000037
регламентировать 4,317488 0,002943
подобрать 3,218876 0,002194
летучий 5,010635 0,006831
привести 2,371578 0,001617
авторизоваться 0,013423 0,000018
намёк 4,317488 0,002943
выбрать 0,013423 0,000027
рассказать 0,933098 0,000636
страх 3,218876 0,002194
сегодня 0,013423 0,000091
попасться 4,317488 0,002943
просить 0,013423 0,000009
инструмент 3,218876 0,002194
случай 1,643339 0,004481
перевернуть 3,218876 0,002194
оттуда 3,912023 0,002667
острый 2,813411 0,003836
создать 1,875141 0,001278
такой 1,098612 0,001498
первоначально 5,010635 0,003416
обезглавить 5,010635 0,003416
вниз 4,317488 0,005886
чеснок 2,612740 0,001781
доктор 5,010635 0,003416
правильный 3,218876 0,002194
рассказывать 2,014903 0,002747
вынуть 3,912023 0,002667
новыесначала 0,013423 0,000009
герой 3,064725 0,004178
свет 2,708050 0,005538
шапка 0,013423 0,000009
отправить 0,013423 0,000128
сохраняться 3,401197 0,002318
продолжить 0,006689 0,000005
портрет 4,317488 0,002943
обезобразить 5,010635 0,003416
решение 0,006689 0,000005
никакой 2,708050 0,001846
дух 3,218876 0,002194
рука 1,791759 0,002443
закончить 3,912023 0,002667
ознакомить 0,013423 0,000009
историк 3,624341 0,002471
село 3,064725 0,002089
вакансия 0,013423 0,000009
отрасти 5,010635 0,003416
мы 0,013423 0,000064
проставлять 0,013423 0,000009
перечислить 3,912023 0,002667
чётко 3,624341 0,002471
участие 0,006689 0,000005
утверждать 2,302585 0,001570
аккаунт 0,013423 0,000046
отчёт 3,912023 0,005333
экономика 0,292136 0,000199
громов 5,010635 0,013662
свежий 2,066196 0,001408
церковный 2,931194 0,001998
глаз 2,931194 0,001998
тот 1,576648 0,001075
обсуждение 0,013423 0,000018
опечатка 0,013423 0,000009
использовать 0,013423 0,000009
кровь 3,218876 0,002194
онлайн 0,013423 0,000009
десять 2,445686 0,001667
останки 5,010635 0,006831
проклятый 5,010635 0,003416
поздний 3,218876 0,004388
умирающий 5,010635 0,003416
почта 0,013423 0,000064
славянин 4,317488 0,002943
мифологический 5,010635 0,003416
блокировка 0,013423 0,000037
осуществляться 0,013423 0,000009
вызвать 2,371578 0,001617
закрепиться 5,010635 0,003416
история 1,139434 0,003107
апрель 0,013423 0,000009
иэа 5,010635 0,003416
употребляться 5,010635 0,003416
кисилевый 5,010635 0,003416
совершить 3,401197 0,002318
фамилия 0,013423 0,000009
заложный 5,010635 0,003416
количество 1,919593 0,002617
довольно 3,401197 0,004637
яндекс 0,013423 0,000018
обратить 2,813411 0,001918
либо 0,013423 0,000018
хорватия 4,317488 0,014715
федеральный 0,013423 0,000037
нажимать 0,013423 0,000009
уточнять 2,445686 0,001667
вскрытие 5,010635 0,003416
рачеша 5,010635 0,003416
название 2,813411 0,001918
мужчина 2,612740 0,008905
умереть 2,445686 0,001667
поиск 0,013423 0,000009
погребение 4,317488 0,002943
заживать 5,010635 0,003416
кровопийца 5,010635 0,006831
молодой 2,525729 0,001722
фольклорный 5,010635 0,006831
исторический 2,612740 0,001781
поливать 4,317488 0,002943
сон 3,624341 0,002471
попробовать 0,013423 0,000009
заполнение 0,013423 0,000064
внимание 0,013423 0,000027
наташа 5,010635 0,003416
сталкиваться 4,317488 0,002943
принимать 0,013423 0,000009
челюсть 5,010635 0,006831
градация 5,010635 0,003416
низкий 3,401197 0,002318
условие 1,321756 0,000901
родитель 2,931194 0,003996
отрубить 5,010635 0,003416
сниться 5,010635 0,003416
межэтнический 5,010635 0,003416
взгляд 2,931194 0,001998
плохой 2,708050 0,001846
устойчивый 3,624341 0,002471
опойца 5,010635 0,003416
выпуск 0,013423 0,000009
травма 2,708050 0,003692
боязнь 5,010635 0,003416
земляк 4,317488 0,002943
принять 1,791759 0,001221
надзор 0,013423 0,000009
диалект 5,010635 0,003416
вампирский 5,010635 0,003416
очень 1,678431 0,001144
петар 5,010635 0,003416
способ 0,013423 0,000037
кривич 5,010635 0,003416
предприятие 0,013423 0,000027
наука 0,283247 0,001545
высокий 2,238047 0,001526
какой 1,399717 0,003817
обратный 0,013423 0,000064
произойти 0,013423 0,000018
худощавый 5,010635 0,003416
продукт 0,135438 0,000092
компьютерный 3,912023 0,002667
термин 4,317488 0,002943
