истечь 0,013423 0,000017
рф 1,181994 0,002915
лента 0,006689 0,000016
законный 0,013423 0,000017
архивный 1,347074 0,001661
новый 0,006689 0,000016
ак 2,612740 0,003222
хачан 2,612740 0,003222
рпл 2,371578 0,002924
найти 0,013423 0,000017
зимний 1,919593 0,002367
письмо 0,013423 0,000033
сфера 0,013423 0,000017
электронный 0,013423 0,000017
спасибо 0,013423 0,000017
спорт 0,190354 0,002817
теннис 2,525729 0,006229
расширить 0,006689 0,000008
перерыв 2,371578 0,002924
апл 2,612740 0,003222
свидетельство 0,013423 0,000017
согласие 0,013423 0,000033
центр 0,166448 0,001026
комментирование 0,013423 0,000033
сказать 2,371578 0,002924
доступ 0,013423 0,000033
блокироваться 0,013423 0,000017
миа 0,013423 0,000116
паралимпизм 5,010635 0,006178
задать 0,013423 0,000017
связаться 0,013423 0,000099
секретарь 2,931194 0,014457
правило 0,013423 0,000083
сохранить 0,013423 0,000017
г 0,013423 0,000033
реклама 0,013423 0,000033
фото 0,013423 0,000033
политика 0,013423 0,000066
разыграть 4,317488 0,005324
связь 0,006689 0,000066
й 2,014903 0,002484
к 2,177422 0,002685
применение 0,013423 0,000017
взаимодействие 0,013423 0,000033
о 0,013423 0,000017
двусторонний 3,624341 0,004469
зож 2,302585 0,002839
дать 0,013423 0,000033
пресс 0,013423 0,000083
кхл 2,525729 0,003114
согласный 0,013423 0,000050
персональный 0,013423 0,000132
перетянуть 0,013423 0,000017
течение 0,013423 0,000017
смочь 0,006689 0,000008
использоваться 0,006689 0,000008
авто 2,238047 0,002760
готовый 0,006689 0,000016
паралимпиец 3,064725 0,037789
сочи 2,238047 0,002760
футбол 2,238047 0,013798
дата 0,006689 0,000008
впервые 2,238047 0,002760
весь 1,021651 0,001260
пройти 0,006689 0,000016
заголовок 0,013423 0,000033
одноклассник 0,013423 0,000033
недопустимый 0,013423 0,000017
информационный 0,013423 0,000066
вы 0,013423 0,000017
фио 0,013423 0,000017
восстановить 0,013423 0,000017
пожалуйста 0,013423 0,000017
российский 0,883501 0,009805
зарубина 3,912023 0,019295
рассмотреть 0,013423 0,000017
црвена 2,612740 0,003222
расположить 0,013423 0,000033
версия 0,013423 0,000017
время 0,013423 0,000017
ниже 0,013423 0,000050
кнопка 0,013423 0,000017
россия 0,006689 0,000148
шесть 2,371578 0,005849
тег 0,190354 0,000235
зарегистрировать 0,013423 0,000017
ранее 0,013423 0,000017
главный 0,013423 0,000017
проблема 0,013423 0,000017
данные 0,013423 0,000132
сергей 1,544899 0,003810
город 0,013423 0,000017
разблокировать 0,013423 0,000050
италия 2,014903 0,002484
фотография 0,013423 0,000017
дмитрий 1,576648 0,013609
сайт 0,013423 0,000050
поле 0,013423 0,000132
час 0,013423 0,000033
чат 0,013423 0,000033
полезный 0,143101 0,000176
новостеймолния 0,013423 0,000017
написать 0,013423 0,000017
галочка 0,013423 0,000017
единоборство 2,371578 0,002924
заблокировать 0,013423 0,000033
перетащить 0,013423 0,000050
соглашаться 0,013423 0,000017
россиянин 1,576648 0,003888
выступать 2,931194 0,003614
сначала 0,013423 0,000017
поддерживаетсяполучить 0,013423 0,000017
адрес 0,013423 0,000083
другой 0,013423 0,000050
соответствие 0,013423 0,000033
выступить 3,624341 0,004469
унитарный 0,013423 0,000050
европа 1,455287 0,001794
давать 0,013423 0,000033
показать 0,013423 0,000017
отправка 0,013423 0,000017
загрузить 0,013423 0,000033
направление 0,013423 0,000017
телефон 0,013423 0,000017
пароль 0,013423 0,000182
редакция 0,013423 0,000050
удалить 0,013423 0,000066
вход 0,013423 0,000033
должный 0,013423 0,000017
читать 0,791128 0,000975
описать 0,013423 0,000017
размещение 0,013423 0,000017
сколько 0,006689 0,000008
автор 0,013423 0,000017
флаг 3,218876 0,007938
старый 0,013423 0,000017
сообщение 0,013423 0,000232
зарубиндмитрий 5,010635 0,006178
вид 1,399717 0,001726
сет 2,612740 0,003222
спортпавел 5,010635 0,006178
мото 2,525729 0,003114
евролига 2,612740 0,003222
подтвердить 0,013423 0,000017
бобылев 4,317488 0,010647
обновить 0,985284 0,001215
биатлон 2,525729 0,003114
подтверждать 0,013423 0,000017
гаврилов 0,013423 0,000017
фенербахча 2,612740 0,003222
учредитель 0,013423 0,000017
авторизация 0,013423 0,000017
рейтинг 0,006689 0,000008
форма 0,013423 0,000199
медаль 2,445686 0,003016
завершить 2,445686 0,003016
ссылка 0,013423 0,000066
коммуникация 0,013423 0,000017
журналист 3,064725 0,003779
мой 0,013423 0,000083
архив 0,190354 0,000235
помочь 0,013423 0,000017
ампеццо 3,912023 0,004824
статья 0,013423 0,000017
ноттингем 2,612740 0,003222
заявить 1,272966 0,004709
описание 0,013423 0,000017
процесс 0,013423 0,000017
основа 2,120264 0,002614
роскомнадзор 0,013423 0,000017
наш 1,919593 0,004734
технология 0,013423 0,000033
редактор 0,013423 0,000017
фгуп 0,499776 0,003081
нба 2,612740 0,003222
получить 0,985284 0,001215
контакт 0,013423 0,000033
москва 0,006689 0,000033
воспользоваться 0,013423 0,000066
тема 0,013423 0,000050
хоккей 2,238047 0,008279
сервис 0,174353 0,000215
государственный 0,013423 0,000050
дискуссия 0,013423 0,000033
результат 1,714798 0,002114
связанный 0,013423 0,000033
служба 0,006689 0,000008
риа 0,006689 0,000099
заметить 0,013423 0,000017
павел 2,238047 0,011038
милан 3,401197 0,004194
закрытый 0,013423 0,000017
обращать 0,013423 0,000017
далее 0,013423 0,000050
рекомендательный 0,013423 0,000017
селтик 2,612740 0,003222
серия 2,302585 0,002839
год 0,006689 0,000025
пака 2,612740 0,003222
медиабанк 1,321756 0,001630
защитить 2,445686 0,003016
хотеть 0,006689 0,000008
открывать 0,013423 0,000033
перейти 0,013423 0,000066
международный 0,013423 0,000050
матч 2,066196 0,010191
приветствовать 4,317488 0,021295
обращение 0,013423 0,000050
агентство 0,013423 0,000083
ла 2,612740 0,003222
динамо 2,238047 0,002760
спецпроект 0,190354 0,000235
массовый 0,013423 0,000017
форресть 2,612740 0,003222
обработка 0,013423 0,000083
это 0,013423 0,000017
авторизоваться 0,013423 0,000033
гимн 4,317488 0,005324
допуск 3,064725 0,041568
выбрать 0,013423 0,000050
спортсмен 3,218876 0,003969
сегодня 0,013423 0,000166
президент 1,643339 0,008105
новость 0,006689 0,000115
просить 0,013423 0,000017
лада 2,612740 0,003222
такой 1,098612 0,001355
медиабанкпресс 5,010635 0,006178
штутгарт 2,612740 0,003222
новыесначала 0,013423 0,000017
зарегистрироваться 0,013423 0,000083
пожаловаться 0,006689 0,000008
предоставить 2,066196 0,002548
войти 0,006689 0,000033
шапка 0,013423 0,000017
отправить 0,013423 0,000232
нхл 2,525729 0,003114
продолжить 0,006689 0,000008
решение 0,006689 0,000041
лига 1,966113 0,009697
ознакомить 0,013423 0,000017
март 1,514128 0,001867
вакансия 0,013423 0,000017
эл 0,013423 0,000017
мы 0,013423 0,000116
проставлять 0,013423 0,000017
приглашение 3,401197 0,004194
участие 0,006689 0,000008
дзен 0,851752 0,001050
аккаунт 0,013423 0,000083
защита 0,013423 0,000066
регистрация 0,013423 0,000083
обсуждение 0,013423 0,000033
комплект 4,317488 0,005324
барс 2,612740 0,003222
опечатка 0,013423 0,000017
использовать 0,013423 0,000017
почему 0,013423 0,000017
восстановление 0,013423 0,000066
онлайн 0,013423 0,000017
почта 0,013423 0,000116
блокировка 0,013423 0,000066
осуществляться 0,013423 0,000017
апрель 0,013423 0,000017
вконтакте 0,013423 0,000033
фигурный 2,302585 0,002839
звезда 2,371578 0,002924
фамилия 0,013423 0,000017
логин 0,013423 0,000017
конфиденциальность 0,013423 0,000066
нарушение 0,013423 0,000050
навсегда 0,013423 0,000017
паралимпиада 3,218876 0,003969
яндекс 0,013423 0,000033
сельт 2,612740 0,003222
действие 0,013423 0,000017
либо 0,013423 0,000017
федеральный 0,013423 0,000066
релиз 0,013423 0,000017
нажимать 0,013423 0,000017
назад 0,013423 0,000083
список 0,013423 0,000017
поиск 0,013423 0,000017
чемпион 2,612740 0,003222
паралимпийский 3,624341 0,008938
обязательный 0,013423 0,000116
ошибка 0,013423 0,000050
вопрос 0,006689 0,000033
зубовский 0,013423 0,000033
катание 2,302585 0,002839
игра 1,609438 0,003969
попробовать 0,013423 0,000017
заполнение 0,013423 0,000116
заполнить 0,013423 0,000116
внимание 0,013423 0,000017
принимать 0,013423 0,000017
алькарас 2,612740 0,003222
ваш 0,013423 0,000265
имя 0,013423 0,000083
возможность 1,752539 0,002161
главное 1,609438 0,001985
выпуск 0,013423 0,000017
срок 0,013423 0,000033
высказаться 2,525729 0,018686
основание 0,013423 0,000017
издание 0,013423 0,000017
песок 2,177422 0,045643
бульвар 0,013423 0,000033
сетевой 0,013423 0,000017
бундеслига 2,612740 0,003222
кортина 3,912023 0,004824
надзор 0,013423 0,000017
использование 0,013423 0,000017
фев 1,399717 0,001726
вновь 0,013423 0,000017
сменить 0,013423 0,000017
предприятие 0,013423 0,000050
способ 0,013423 0,000033
материал 0,013423 0,000132
лилль 2,612740 0,003222
участвовать 0,013423 0,000033
соревнование 2,813411 0,038160
сообщить 0,013423 0,000017
обратный 0,013423 0,000116
продукт 0,135438 0,000167
произойти 0,013423 0,000017
быть 0,013423 0,000033
успешно 0,013423 0,000017
скриншот 0,013423 0,000050
