褉褎 1,181994 0,001387
褋锌械褑懈邪谢褜薪褘泄 1,514128 0,005331
蟹邪泻芯薪薪褘泄 0,013423 0,000016
薪芯胁褘泄 0,006689 0,000024
薪邪泄褌懈 0,013423 0,000016
锌懈褋褜屑芯 0,013423 0,000032
褉芯褋褋懈褟写屑懈褌褉懈泄 5,010635 0,005881
褋锌邪褋懈斜芯 0,013423 0,000016
褉邪褋褕懈褉懈褌褜 0,006689 0,000008
褋芯谐谢邪褋懈械 0,013423 0,000032
褑械薪褌褉 0,166448 0,000195
写芯褋褌褍锌 0,013423 0,000032
屑懈邪 0,013423 0,000032
褕芯褍斜懈蟹屑懈薪褋泻懈泄 3,912023 0,004592
褍泻褉邪懈薪械胁 3,401197 0,003992
蟹邪写邪褌褜 0,013423 0,000016
屑懈写 3,064725 0,003597
泻芯薪褎谢懈泻褌 2,371578 0,002784
胁芯泻蟹邪谢 3,912023 0,004592
褋胁褟蟹邪褌褜褋褟 0,013423 0,000095
写械泻邪斜褉褜 0,985284 0,006939
芯斜褖械褋褌胁芯谢褍谐邪薪褋泻屑芯褋泻胁邪谢械薪懈薪谐褉邪写屑邪泻褋 5,010635 0,005881
泻芯谢谢邪锌褋 3,624341 0,004254
谐 0,013423 0,000047
邪谢褜锌械褉褌械胁谐械薪懈泄 5,010635 0,005881
褉械泻谢邪屑邪 0,013423 0,000032
褎芯褌芯 0,013423 0,000016
锌芯谢懈褌懈泻邪 0,013423 0,000079
褋胁褟蟹褜 0,006689 0,000063
懈薪芯褋褌褉邪薪薪褘泄 2,177422 0,002556
芯 0,013423 0,000016
褌械褔械薪懈械 0,013423 0,000016
褍泻褉邪懈薪械褉芯褋褋懈褟写屑懈褌褉懈泄 4,317488 0,005067
锌褉懈谐褉芯蟹懈褌褜 3,912023 0,004592
谢懈写械褉褋褌胁芯 3,624341 0,004254
屑懈褉 0,223144 0,002357
薪邪褋褌褍锌懈褌褜 3,218876 0,003778
锌褉芯泄褌懈 0,006689 0,000008
蟹邪谐芯谢芯胁芯泻 0,013423 0,000032
懈薪褎芯褉屑邪褑懈芯薪薪褘泄 0,013423 0,000063
写械谢芯 1,249435 0,001466
褉邪褋褋屑芯褌褉械褌褜 0,013423 0,000016
褉邪褋锌芯谢芯卸懈褌褜 0,013423 0,000032
锌褉芯械泻褌 2,014903 0,002365
胁褉械屑褟 0,013423 0,000016
泻薪芯锌泻邪 0,013423 0,000016
芯芯薪 2,708050 0,003178
卸芯屑邪褉褌 3,401197 0,003992
谢芯锌邪褌邪 3,624341 0,004254
褉邪薪械械 0,013423 0,000016
锌芯写泻邪褋褌 0,292136 0,000343
谐谢邪胁薪褘泄 0,013423 0,000016
锌褉芯斜谢械屑邪 0,013423 0,000016
写邪薪薪褘械 0,013423 0,000126
屑懈褉械懈褉邪薪懈蟹褉邪懈谢褜褋褕邪斜懈薪褜褟屑懈薪 5,010635 0,005881
褌芯泻邪械胁写芯薪邪谢褜写 4,317488 0,005067
锌芯芯斜械褖邪褌褜 3,624341 0,004254
锌褜褟薪褘泄 2,612740 0,003067
褍泻褉邪懈薪邪 1,160488 0,004086
谐芯褉芯写 0,013423 0,000016
褉邪蟹斜谢芯泻懈褉芯胁邪褌褜 0,013423 0,000047
褎芯褌芯谐褉邪褎懈褟 0,013423 0,000016
褔邪褋 0,013423 0,000032
褔邪褌 0,013423 0,000032
薪芯胁芯褋褌械泄屑芯谢薪懈褟 0,013423 0,000016
薪邪锌懈褋邪褌褜 0,013423 0,000016
褋芯谐谢邪褕邪褌褜褋褟 0,013423 0,000016
褉芯褋褋懈褟薪懈薪 1,576648 0,003701
褋械胁械褉薪褘泄 2,177422 0,005111
褋薪邪褔邪谢邪 0,013423 0,000016
泻邪写褉芯胁褘泄 3,401197 0,003992
懈褌邪谢懈褟褉芯褋褋懈褟屑懈谢邪薪屑邪褉懈褟 4,317488 0,005067
锌芯泻邪蟹邪褌褜 0,013423 0,000016
褎芯褌芯泻芯褉芯胁邪 3,624341 0,004254
胁褘褋褌邪胁泻邪 2,302585 0,002703
锌邪褉芯谢褜 0,013423 0,000173
泻褉械屑谢褜 2,177422 0,002556
褍写邪谢懈褌褜 0,013423 0,000063
锌芯褉褟写芯泻 1,832581 0,002151
写械斜芯褕 2,708050 0,003178
胁褏芯写 0,013423 0,000032
褏芯蟹褟泄褋褌胁芯 2,612740 0,003067
芯锌懈褋邪褌褜 0,013423 0,000016
褉邪蟹屑械褖械薪懈械 0,013423 0,000016
褋泻芯谢褜泻芯 0,006689 0,000008
褋褍屑屑邪 2,302585 0,002703
懈褞薪褜 1,875141 0,013205
锌芯谢懈褌懈泻邪褉芯褋褋懈褟写屑懈褌褉懈泄 5,010635 0,005881
斜邪蟹邪 2,302585 0,002703
薪邪写械褟褌褜褋褟 2,931194 0,003440
褌褉褍写芯褍褋褌褉芯泄褋褌胁芯 3,218876 0,003778
褌褉邪屑锌屑懈褉薪褘泄 5,010635 0,011762
褋芯胁械褌 1,226446 0,002879
蟹薪邪褔懈褌械谢褜薪褘泄 2,931194 0,003440
褍泻褉邪懈薪械褉芯褋褋懈褟褍泻褉邪懈薪邪写屑懈褌褉懈泄 3,912023 0,004592
芯斜谢邪褋褌褜胁邪 3,912023 0,004592
斜懈褉褞泻芯胁褋薪械谐芯锌邪写 4,317488 0,005067
锌芯写褌胁械褉卸写邪褌褜 0,013423 0,000016
芯褑械薪懈褌褜 2,525729 0,002964
谐邪胁褉懈谢芯胁 0,013423 0,000016
褍褔褉械写懈褌械谢褜 0,013423 0,000016
褋褋褘谢泻邪 0,013423 0,000063
屑芯褋泻胁邪锌械褌褉邪 4,317488 0,005067
泻芯屑屑褍薪懈泻邪褑懈褟 0,013423 0,000016
胁芯蟹芯斜薪芯胁懈褌褜 3,624341 0,004254
屑芯泄 0,013423 0,000079
谢芯泻芯屑芯褌懈胁褘褎械写械褉邪谢褜薪褘泄 5,010635 0,005881
邪褉褏懈胁 0,190354 0,000223
锌芯屑芯褔褜 0,013423 0,000016
蟹邪褟胁懈褌褜 1,272966 0,004482
褋褕邪 1,118815 0,003939
芯锌懈褋邪薪懈械 0,013423 0,000016
褝泻芯薪芯屑懈泻邪褉芯褋褋懈褟蟹械谢械薪芯谐褉邪写褌胁械褉褜写屑懈褌褉懈泄 5,010635 0,005881
锌褉芯褑械褋褋 0,013423 0,000016
懈褞谢褜 1,609438 0,011334
褍斜芯褉泻邪 2,708050 0,003178
薪邪褉邪斜芯褌泻邪 3,401197 0,003992
褉芯褋泻芯屑薪邪写蟹芯褉 0,013423 0,000016
褌械褏薪芯谢芯谐懈褟 0,013423 0,000032
褋邪锌褉褘泻懈薪 2,708050 0,003178
泻邪褌芯泻 2,612740 0,003067
屑芯褋泻胁邪 0,006689 0,000047
邪褌邪泻邪 2,931194 0,003440
胁芯褋锌芯谢褜蟹芯胁邪褌褜褋褟 0,013423 0,000063
芯斜褉褍褕懈褌褜褋褟 2,931194 0,003440
褋泻谢邪写 3,401197 0,003992
薪芯褟斜褉褜 1,514128 0,010663
写邪谢械械 0,013423 0,000032
胁芯泻蟹邪谢屑芯褋泻胁邪 4,317488 0,005067
褋芯斜褟薪懈薪谐芯褉芯写褋泻懈泄 4,317488 0,005067
褌褉邪屑锌褉褝褍 3,912023 0,004592
褏芯褌械褌褜 0,006689 0,000008
芯褌泻褉褘胁邪褌褜 0,013423 0,000032
锌械褉械泄褌懈 0,013423 0,000016
邪褉屑懈褟 2,120264 0,002489
褍褉械谐褍谢懈褉芯胁邪褌褜 3,401197 0,003992
褋褌邪褌褜 0,851752 0,001000
芯斜褉邪褖械薪懈械 0,013423 0,000047
芯锌械褉邪褑懈褟 1,752539 0,006171
褋锌械褑锌褉芯械泻褌 0,190354 0,000223
屑邪褋褋芯胁褘泄 0,013423 0,000016
芯斜褉邪斜芯褌泻邪 0,013423 0,000079
褝褌芯 0,013423 0,000016
褍泻褉邪懈薪褋泻懈泄 1,576648 0,001851
泻邪谢谢邪褋锌邪胁械褌褜 3,624341 0,004254
褉械褔薪芯泄 2,612740 0,006133
芯谐褉邪薪懈褔懈褌褜 2,525729 0,002964
薪芯胁芯褋褌褜 0,006689 0,000039
褌邪褟薪懈锌邪褉邪谢懈屑锌懈泄褋泻懈泄 4,317488 0,005067
褋械薪褌褟斜褉褜 1,427116 0,010050
锌芯泻褍锌邪褌褜 2,612740 0,003067
蟹邪褉械谐懈褋褌褉懈褉芯胁邪褌褜褋褟 0,013423 0,000079
锌芯卸邪谢芯胁邪褌褜褋褟 0,006689 0,000016
锌褉懈胁谢械褔褜 2,525729 0,002964
胁芯泄褌懈 0,006689 0,000031
蟹邪褏邪褉芯胁 2,813411 0,003302
褋锌械褑芯锌械褉邪褑懈褟 2,445686 0,002871
斜械褉懈薪谐芯胁 3,401197 0,003992
褝谢 0,013423 0,000016
褉邪写懈芯 0,274437 0,000322
褏褉芯薪芯谢芯谐懈褔械褋泻懈泄 5,010635 0,005881
蟹邪褖懈褌邪 0,013423 0,000063
褉械谐懈褋褌褉邪褑懈褟 0,013423 0,000079
锌芯褔械屑褍 0,013423 0,000016
胁芯褋褋褌邪薪芯胁谢械薪懈械 0,013423 0,000063
褉芯褋卸械谢写芯褉 3,912023 0,004592
芯褌褉械邪谐懈褉芯胁邪褌褜 3,064725 0,007194
胁泻芯薪褌邪泻褌械 0,013423 0,000032
锌褉芯谐褉邪屑屑邪 1,919593 0,002253
谢芯谐懈薪 0,013423 0,000016
泻芯薪褎懈写械薪褑懈邪谢褜薪芯褋褌褜 0,013423 0,000063
薪邪褉褍褕械薪懈械 0,013423 0,000047
薪邪胁褋械谐写邪 0,013423 0,000016
锌邪褉邪谢懈屑锌懈邪写邪 3,218876 0,003778
写械泄褋褌胁懈械 0,013423 0,000016
褉械谢懈蟹 0,013423 0,000016
薪邪蟹邪写 0,013423 0,000079
屑械写胁械写械胁褋械褉谐械泄 4,317488 0,025337
褋锌懈褋芯泻 0,013423 0,000016
芯斜褟蟹邪褌械谢褜薪褘泄 0,013423 0,000110
褎械胁褉邪谢褜 0,567984 0,004667
芯褕懈斜泻邪 0,013423 0,000047
芯褌泻褉褘褌褜 2,302585 0,002703
胁芯锌褉芯褋 0,006689 0,000031
胁褘锌芯谢薪懈褌褜 3,401197 0,003992
蟹褍斜芯胁褋泻懈泄 0,013423 0,000032
蟹邪锌芯谢薪懈褌褜 0,013423 0,000110
锌芯斜械写械芯褌褉邪卸械薪懈械芯褋胁芯斜芯卸写械薪懈械 5,010635 0,005881
胁邪褕 0,013423 0,000252
懈屑褟 0,013423 0,000095
卸械谢械蟹薪芯写芯褉芯卸薪褘泄 3,064725 0,003597
芯斜褖械褋褌胁芯 0,257045 0,000302
芯褌胁械褌 1,791759 0,002103
褎械写械褉邪褑懈褟 2,066196 0,002425
褋褉芯泻 0,013423 0,000032
芯褋薪芯胁邪薪懈械 0,013423 0,000016
懈蟹写邪薪懈械 0,013423 0,000016
斜褍谢褜胁邪褉 0,013423 0,000032
褋械褌械胁芯泄 0,013423 0,000016
褋芯斜褘褌懈械 1,544899 0,001813
懈褋锌芯谢褜蟹芯胁邪薪懈械 0,013423 0,000016
邪胁谐褍褋褌 1,752539 0,012342
胁薪芯胁褜 0,013423 0,000016
褋屑械薪懈褌褜 0,013423 0,000016
斜械褉懈薪谐 3,624341 0,004254
锌褉懈褋屑邪褌褉懈胁邪褌褜 3,401197 0,003992
屑邪褌械褉懈邪谢 0,013423 0,000142
褍褔邪褋褌胁芯胁邪褌褜 0,013423 0,000032
褌械褏薪芯谢芯谐懈褔械褋泻懈泄 2,813411 0,006604
褋芯芯斜褖懈褌褜 0,013423 0,000016
斜褘褌褜 0,013423 0,000016
褍褋锌械褕薪芯 0,013423 0,000016
褋泻褉懈薪褕芯褌 0,013423 0,000047
懈褋褌械褔褜 0,013423 0,000016
谢械薪褌邪 0,006689 0,000031
褋褎械褉邪 0,013423 0,000016
褝谢械泻褌褉芯薪薪褘泄 0,013423 0,000016
褋锌芯褉褌 0,190354 0,000223
褌褉邪薪褋锌芯褉褌 3,064725 0,003597
薪邪胁懈谐邪褌芯褉屑褍蟹械泄 5,010635 0,005881
锌褉芯谢懈胁 3,218876 0,003778
褋胁懈写械褌械谢褜褋褌胁芯 0,013423 0,000016
泻芯屑屑械薪褌懈褉芯胁邪薪懈械 0,013423 0,000032
斜谢芯泻懈褉芯胁邪褌褜褋褟 0,013423 0,000016
锌谢械褏邪薪芯胁邪褌褜 4,317488 0,005067
锌械褋泻芯胁泻邪泄褟 3,912023 0,004592
锌褉邪胁懈谢芯 0,013423 0,000079
褋芯褏褉邪薪懈褌褜 0,013423 0,000016
薪邪褉芯写 2,238047 0,002627
锌褉懈屑械薪械薪懈械 0,013423 0,000016
胁蟹邪懈屑芯写械泄褋褌胁懈械 0,013423 0,000032
写邪褌褜 0,013423 0,000032
锌褉械褋褋 0,013423 0,000032
褋芯谐谢邪褋薪褘泄 0,013423 0,000047
锌械褉褋芯薪邪谢褜薪褘泄 0,013423 0,000126
锌械褉械褌褟薪褍褌褜 0,013423 0,000016
褋薪械谐 2,371578 0,002784
褋屑芯褔褜 0,006689 0,000008
懈褋锌芯谢褜蟹芯胁邪褌褜褋褟 0,006689 0,000016
褋褕邪泻邪褋褘屑 4,317488 0,005067
谐芯褌芯胁褘泄 0,006689 0,000024
泻褉芯胁谢褟 3,624341 0,004254
写邪褌邪 0,006689 0,000008
芯写薪芯泻谢邪褋褋薪懈泻 0,013423 0,000032
薪械写芯锌褍褋褌懈屑褘泄 0,013423 0,000016
褎褉芯薪褌芯胁芯泄 3,624341 0,004254
胁褘 0,013423 0,000016
褎懈芯 0,013423 0,000016
胁芯褋褋褌邪薪芯胁懈褌褜 0,013423 0,000016
锌芯卸邪谢褍泄褋褌邪 0,013423 0,000016
褉芯褋褋懈泄褋泻懈泄 0,883501 0,001037
褏邪谢写械泄褋芯胁懈薪褎芯褉屑斜褞褉芯褋芯褑懈邪谢褜薪褘泄 5,010635 0,005881
褉芯褋褋懈褟褍褉邪谢褜褋泻懈泄 5,010635 0,005881
胁械褉褋懈褟 0,013423 0,000016
薪懈卸械 0,013423 0,000047
褉芯褋褋懈褟 0,006689 0,000094
褌械谐 0,190354 0,000223
胁褘写械谢懈褌褜 2,931194 0,003440
蟹邪褉械谐懈褋褌褉懈褉芯胁邪褌褜 0,013423 0,000016
褌褉械斜芯胁邪薪懈械 1,832581 0,006453
懈蟹褉邪懈谢褜 2,931194 0,003440
褋褌懈谢谢邪胁懈薪械写懈薪褘泄 4,317488 0,020270
屑芯褋泻胁械芯斜褖械褋褌胁芯褋械褉谐械泄 4,317488 0,005067
褟薪胁邪褉褜 1,040343 0,008547
芯斜褖械褋褌胁芯褋薪械谐芯锌邪写 4,317488 0,005067
薪邪蟹胁邪褌褜 1,347074 0,003162
泻邪蟹邪褏褋褌邪薪 3,218876 0,003778
褋邪泄褌 0,013423 0,000047
锌芯谢械 0,013423 0,000126
蟹邪褏邪褉芯胁邪邪薪褌芯薪懈芯 4,317488 0,005067
锌芯谢械蟹薪褘泄 0,143101 0,000168
谐邪谢芯褔泻邪 0,013423 0,000016
褕褌邪褌 2,014903 0,002365
蟹邪斜谢芯泻懈褉芯胁邪褌褜 0,013423 0,000032
锌械褉械褌邪褖懈褌褜 0,013423 0,000047
褌褍褉懈蟹屑 0,283247 0,000332
锌芯写写械褉卸懈胁邪械褌褋褟锌芯谢褍褔懈褌褜 0,013423 0,000016
邪写褉械褋 0,013423 0,000079
写褉褍谐芯泄 0,013423 0,000047
褋芯芯褌胁械褌褋褌胁懈械 0,013423 0,000032
褉邪斜芯褌邪 1,427116 0,003350
褍薪懈褌邪褉薪褘泄 0,013423 0,000047
写邪胁邪褌褜 0,013423 0,000032
斜褉邪褔薪褘泄 3,624341 0,004254
芯褌锌褉邪胁泻邪 0,013423 0,000016
蟹邪谐褉褍蟹懈褌褜 0,013423 0,000032
薪邪锌褉邪胁谢械薪懈械 0,013423 0,000016
褌械谢械褎芯薪 0,013423 0,000016
褉械写邪泻褑懈褟 0,013423 0,000047
械褉 3,401197 0,003992
写芯谢卸薪褘泄 0,013423 0,000016
褔懈褋谢芯 1,643339 0,001929
薪械褌邪薪褜褟褏褍 3,218876 0,003778
薪械褌邪薪褜褟褏褍写芯薪邪谢褜写 5,010635 0,005881
邪胁褌芯褉 0,013423 0,000016
褋褌邪褉褘泄 0,013423 0,000016
褋芯芯斜褖械薪懈械 0,013423 0,000221
锌褉芯懈褋褕械褋褌胁懈械 0,292136 0,000686
锌芯写芯谢褜褋泻 3,624341 0,004254
屑芯褋泻胁邪胁邪泄谢写斜械褉褉懈蟹 4,317488 0,005067
锌芯写褌胁械褉写懈褌褜 0,013423 0,000016
锌褍褌褜 2,120264 0,002489
褝泻褋锌械褉褌 1,373049 0,003223
邪胁褌芯褉懈蟹邪褑懈褟 0,013423 0,000016
褉械谢懈谐懈褟 0,283247 0,000332
褉械泄褌懈薪谐 0,006689 0,000008
褎芯褉屑邪 0,013423 0,000189
蟹邪褉褍斜懈薪械胁褉芯褋芯褞蟹胁褘泄 3,912023 0,004592
屑懈褕褍褋褌懈薪械写懈薪褘泄 5,010635 0,005881
屑邪泻褋懈屑邪谢褜薪褘泄 2,371578 0,002784
泻褍谢褜褌褍褉邪 0,292136 0,000343
懈褉邪薪 2,445686 0,002871
泻芯谢谢械谐邪 2,371578 0,002784
邪褎械褉懈褋褌 3,624341 0,004254
褋芯胁械褌褋泻懈泄 2,371578 0,002784
褋褌邪褌褜褟 0,013423 0,000016
芯胁芯褖薪芯泄 2,612740 0,003067
屑械写胁械写械胁 2,612740 0,015333
泻邪谢谢邪褋 2,612740 0,003067
薪械写胁懈卸懈屑芯褋褌褜 0,292136 0,000343
褉械写邪泻褌芯褉 0,013423 0,000016
屑懈褉械褋褕邪邪胁褋褌褉邪谢懈褟褟锌芯薪懈褟写芯薪邪谢褜写 4,317488 0,005067
泻芯薪褌邪泻褌 0,013423 0,000016
锌谢邪薪 1,678431 0,005910
褌械屑邪 0,013423 0,000047
褉芯褋褋懈褟芯褋胁芯斜芯卸写械薪懈械 5,010635 0,005881
褋械褉胁懈褋 0,174353 0,000205
谐芯褋褍写邪褉褋褌胁械薪薪褘泄 0,013423 0,000047
写懈褋泻褍褋褋懈褟 0,013423 0,000032
褌芯薪薪械谢褜 3,401197 0,003992
褋胁褟蟹邪薪薪褘泄 0,013423 0,000032
褋谢褍卸斜邪 0,006689 0,000008
褉懈邪 0,006689 0,000016
蟹邪屑械褌懈褌褜 0,013423 0,000016
蟹邪泻褉褘褌褘泄 0,013423 0,000016
芯斜褉邪褖邪褌褜 0,013423 0,000016
褉械泻芯屑械薪写邪褌械谢褜薪褘泄 0,013423 0,000016
斜褍写褍褖械械 2,238047 0,002627
谐芯写 0,006689 0,000008
屑械卸写褍薪邪褉芯写薪褘泄 0,013423 0,000047
褍泻褉邪懈薪邪泻懈械胁屑胁褎屑懈褉薪褘泄 4,317488 0,005067
芯泻褌褟斜褉褜 1,714798 0,012076
褌褉邪屑锌 1,544899 0,005440
芯褌薪芯褕械薪懈褟芯斜褖械褋褌胁芯 4,317488 0,005067
褋褌邪谢懈薪谐褉邪写褋泻懈泄 3,624341 0,004254
邪谐械薪褌褋褌胁芯 0,013423 0,000079
屑邪泄 1,643339 0,011573
锌械褉褋锌械泻褌懈胁邪 2,708050 0,003178
邪胁褌芯褉懈蟹芯胁邪褌褜褋褟 0,013423 0,000032
胁褘斜褉邪褌褜 0,013423 0,000047
褉邪褋褋泻邪蟹邪褌褜 0,933098 0,002190
褋械谐芯写薪褟 0,013423 0,000079
褋褌褉邪薪邪 1,139434 0,001337
锌褉芯褋懈褌褜 0,013423 0,000016
褋谢褍褔邪泄 1,643339 0,001929
褋芯蟹写邪褌褜 1,875141 0,002201
锌褉芯谢懈胁褉芯褋褋懈褟褋褕邪写芯薪邪谢褜写 4,317488 0,005067
斜懈褌胁邪 2,708050 0,003178
泻芯屑屑褍薪邪谢褜褖懈泻 3,064725 0,003597
褍泻褉邪懈薪械斜械蟹芯锌邪褋薪芯褋褌褜褉芯褋褋懈褟写屑懈褌褉懈泄 4,317488 0,005067
薪芯胁褘械褋薪邪褔邪谢邪 0,013423 0,000016
邪泻褌褢褉 2,371578 0,002784
褕邪锌泻邪 0,013423 0,000016
芯褌锌褉邪胁懈褌褜 0,013423 0,000221
锌褉芯写芯谢卸懈褌褜 0,006689 0,000008
褉械褕械薪懈械 0,006689 0,000008
芯蟹薪邪泻芯屑懈褌褜 0,013423 0,000016
屑邪褉褌 1,514128 0,010663
胁芯械薪薪褘泄 1,514128 0,005331
胁邪泻邪薪褋懈褟 0,013423 0,000016
屑褘 0,013423 0,000110
锌褉芯褋褌邪胁谢褟褌褜 0,013423 0,000016
褍褔邪褋褌懈械 0,006689 0,000008
邪泻泻邪褍薪褌 0,013423 0,000079
褝泻芯薪芯屑懈泻邪 0,292136 0,000343
芯斜褋褍卸写械薪懈械 0,013423 0,000032
褋薪械谐芯锌邪写 2,177422 0,002556
芯锌械褔邪褌泻邪 0,013423 0,000016
懈褋锌芯谢褜蟹芯胁邪褌褜 0,013423 0,000016
褌褉邪屑锌芯芯薪 4,317488 0,005067
芯薪谢邪泄薪 0,013423 0,000016
屑胁褎 3,624341 0,004254
懈谐褉褘屑懈薪懈褋褌械褉褋褌胁芯 4,317488 0,005067
锌芯褔褌邪 0,013423 0,000110
斜谢芯泻懈褉芯胁泻邪 0,013423 0,000063
屑懈褉械褋褕邪写芯薪邪谢褜写 5,010635 0,005881
褋褌褉芯懈褌械谢褜褋褌胁芯 2,931194 0,003440
芯褋褍褖械褋褌胁谢褟褌褜褋褟 0,013423 0,000016
邪锌褉械谢褜 0,013423 0,000110
褎邪屑懈谢懈褟 0,013423 0,000016
褋褌懈谢谢邪胁懈薪屑懈褏邪懈谢 5,010635 0,005881
褟薪写械泻褋 0,013423 0,000032
谢懈斜芯 0,013423 0,000016
褎械写械褉邪谢褜薪褘泄 0,013423 0,000063
薪邪卸懈屑邪褌褜 0,013423 0,000016
褉邪蟹胁懈褌懈械 2,066196 0,002425
锌芯懈褋泻 0,013423 0,000016
褉芯褋褋懈褟芯斜褖械褋褌胁芯 4,317488 0,010135
屑懈褉械泻邪蟹邪褏褋褌邪薪胁邪褕懈薪谐褌芯薪 4,317488 0,005067
褋锌芯褋芯斜褋褌胁芯胁邪褌褜 2,813411 0,003302
锌芯锌褉芯斜芯胁邪褌褜 0,013423 0,000016
蟹邪锌芯谢薪械薪懈械 0,013423 0,000110
褍褔邪褋褌薪懈泻 1,752539 0,002057
胁薪懈屑邪薪懈械 0,013423 0,000016
锌褉懈薪懈屑邪褌褜 0,013423 0,000016
胁褋屑 3,624341 0,004254
胁褘锌褍褋泻 0,013423 0,000016
谢褍谐邪薪褋泻 3,401197 0,003992
薪邪写蟹芯褉 0,013423 0,000016
褎懈薪邪薪褋懈褉芯胁邪薪懈械 2,708050 0,003178
锌褉械写锌褉懈褟褌懈械 0,013423 0,000047
褋锌芯褋芯斜 0,013423 0,000032
薪邪褍泻邪 0,283247 0,000332
褌芯泻邪泄 3,401197 0,003992
芯斜褉邪褌薪褘泄 0,013423 0,000110
锌褉懈蟹薪邪泻 3,064725 0,003597
屑芯褋泻胁褘卸泻褏锌芯谐芯写邪 4,317488 0,005067
锌褉芯写褍泻褌 0,135438 0,000159
锌褉芯懈蟹芯泄褌懈 0,013423 0,000016
