истечь 0,013423 0,000016
отказывать 4,317488 0,005246
разлить 3,401197 0,008265
лента 0,006689 0,000016
законный 0,013423 0,000016
архивный 1,347074 0,001637
новый 0,006689 0,000016
день 0,591795 0,000719
найти 0,013423 0,000016
текстура 3,064725 0,011172
письмо 0,013423 0,000033
сфера 0,013423 0,000016
электронный 0,013423 0,000016
спасибо 0,013423 0,000016
расширить 0,006689 0,000008
атмосфера 3,624341 0,008808
блендер 3,624341 0,035231
коктейль 3,624341 0,048442
свидетельство 0,013423 0,000016
согласие 0,013423 0,000033
комментирование 0,013423 0,000033
глубокий 2,931194 0,007123
доступ 0,013423 0,000033
блокироваться 0,013423 0,000016
миа 0,013423 0,000049
измельчение 5,010635 0,012177
задать 0,013423 0,000016
связаться 0,013423 0,000098
насладиться 5,010635 0,006088
правило 0,013423 0,000082
сохранить 0,013423 0,000016
г 0,013423 0,000114
немного 2,177422 0,005291
реклама 0,013423 0,000016
фото 0,013423 0,000033
политика 0,013423 0,000065
связь 0,006689 0,000065
л 2,525729 0,006138
применение 0,013423 0,000016
взаимодействие 0,013423 0,000033
о 0,013423 0,000016
дать 0,013423 0,000033
пресс 0,013423 0,000016
согласный 0,013423 0,000049
персональный 0,013423 0,000130
сочетать 2,813411 0,003418
перетянуть 0,013423 0,000016
течение 0,013423 0,000016
смочь 0,006689 0,000008
использоваться 0,006689 0,000008
пищевой 2,120264 0,002576
готовый 0,006689 0,000016
углевод 2,445686 0,002972
ценность 2,120264 0,002576
дата 0,006689 0,000008
обеспечить 2,120264 0,007729
готовка 1,919593 0,002332
пройти 0,006689 0,000008
заголовок 0,013423 0,000033
одноклассник 0,013423 0,000033
недопустимый 0,013423 0,000016
информационный 0,013423 0,000065
вы 0,013423 0,000016
фио 0,013423 0,000016
наслаждение 5,010635 0,012177
шаг 1,791759 0,015240
восстановить 0,013423 0,000016
пожалуйста 0,013423 0,000016
освежать 2,612740 0,006349
необходимый 2,238047 0,010878
сложность 2,371578 0,002882
поместить 3,064725 0,007448
рассмотреть 0,013423 0,000016
расположить 0,013423 0,000033
просто 1,714798 0,006251
время 0,013423 0,000033
версия 0,013423 0,000016
ниже 0,013423 0,000049
кнопка 0,013423 0,000016
россия 0,006689 0,000065
простой 1,272966 0,001547
горячий 1,966113 0,004778
смотреть 1,966113 0,004778
скорость 3,912023 0,009507
декор 3,624341 0,008808
аккуратно 2,813411 0,006837
зарегистрировать 0,013423 0,000016
очистить 2,238047 0,005439
ранее 0,013423 0,000016
главный 0,013423 0,000016
проблема 0,013423 0,000016
убедиться 3,401197 0,008265
данные 0,013423 0,000130
энергия 3,401197 0,004133
город 0,013423 0,000016
разблокировать 0,013423 0,000049
прежде 3,218876 0,007822
оставлять 3,064725 0,007448
вкусно 2,813411 0,010255
фотография 0,013423 0,000016
сайт 0,013423 0,000049
поле 0,013423 0,000130
час 0,013423 0,000033
американский 1,966113 0,009556
чат 0,013423 0,000033
молочный 2,931194 0,028493
легко 1,791759 0,002177
сладость 2,445686 0,008915
новостеймолния 0,013423 0,000016
написать 0,013423 0,000016
галочка 0,013423 0,000016
кремообразный 5,010635 0,012177
заблокировать 0,013423 0,000033
перетащить 0,013423 0,000049
соглашаться 0,013423 0,000016
сначала 0,013423 0,000016
поддерживаетсяполучить 0,013423 0,000016
адрес 0,013423 0,000082
другой 0,013423 0,000049
соответствие 0,013423 0,000033
начать 1,966113 0,004778
унитарный 0,013423 0,000049
давать 0,013423 0,000033
показать 0,013423 0,000016
рабочий 2,708050 0,006581
отправка 0,013423 0,000016
загрузить 0,013423 0,000033
направление 0,013423 0,000016
телефон 0,013423 0,000016
пароль 0,013423 0,000179
редакция 0,013423 0,000049
дополнить 3,401197 0,008265
удалить 0,013423 0,000065
калорийность 2,120264 0,002576
вход 0,013423 0,000033
должный 0,013423 0,000016
украшение 3,401197 0,008265
описать 0,013423 0,000016
размещение 0,013423 0,000016
ккал 2,302585 0,002798
однородный 3,064725 0,014895
сколько 0,006689 0,000008
автор 0,013423 0,000016
старый 0,013423 0,000016
сообщение 0,013423 0,000228
постепенно 2,931194 0,007123
лёгкий 2,120264 0,002576
ингредиент 1,919593 0,011662
подтвердить 0,013423 0,000016
смесь 2,371578 0,005763
подтверждать 0,013423 0,000016
гаврилов 0,013423 0,000016
учредитель 0,013423 0,000016
удовольствие 3,912023 0,004753
авторизация 0,013423 0,000016
рейтинг 0,006689 0,000008
форма 0,013423 0,000196
ванильный 4,317488 0,036722
нарезать 2,120264 0,010305
ссылка 0,013423 0,000065
коммуникация 0,013423 0,000016
мой 0,013423 0,000082
помочь 0,013423 0,000016
статья 0,013423 0,000016
описание 0,013423 0,000016
шт 2,238047 0,005439
процесс 0,013423 0,000016
заменить 2,813411 0,006837
делать 1,427116 0,001734
роскомнадзор 0,013423 0,000016
технология 0,013423 0,000033
белка 2,371578 0,002882
напитковпростый 5,010635 0,006088
редактор 0,013423 0,000016
фгуп 0,499776 0,000607
контакт 0,013423 0,000016
москва 0,006689 0,000016
щепотка 4,317488 0,010492
воспользоваться 0,013423 0,000065
тема 0,013423 0,000049
государственный 0,013423 0,000049
дискуссия 0,013423 0,000033
добавлять 1,919593 0,004665
связанный 0,013423 0,000033
молотый 3,064725 0,007448
служба 0,006689 0,000008
риа 0,006689 0,000033
заметить 0,013423 0,000016
закрытый 0,013423 0,000016
обращать 0,013423 0,000016
рекомендательный 0,013423 0,000016
далее 0,013423 0,000033
рецептырецепт 1,875141 0,002278
год 0,006689 0,000008
ручной 3,401197 0,008265
ломтик 2,931194 0,014246
хотеть 0,006689 0,000024
сытный 2,612740 0,003175
открывать 0,013423 0,000033
кухня 1,576648 0,005747
перейти 0,013423 0,000016
международный 0,013423 0,000049
стать 0,851752 0,004140
аромат 2,708050 0,006581
который 0,603916 0,000734
отличный 3,401197 0,008265
сахар 2,525729 0,018414
обращение 0,013423 0,000049
например 1,714798 0,004167
агентство 0,013423 0,000065
порция 2,238047 0,002719
приготовление 1,484275 0,003607
это 0,013423 0,000033
массовый 0,013423 0,000016
обработка 0,013423 0,000082
желаемый 3,624341 0,008808
вкус 1,752539 0,002129
авторизоваться 0,013423 0,000033
консистенция 3,218876 0,007822
выбрать 0,013423 0,000049
сегодня 0,013423 0,000098
новость 0,006689 0,000041
мороженое 3,401197 0,037194
просить 0,013423 0,000016
чаша 3,912023 0,019013
новыесначала 0,013423 0,000016
зарегистрироваться 0,013423 0,000082
пожаловаться 0,006689 0,000008
сладкое 3,401197 0,008265
средний 1,832581 0,004453
стакан 3,064725 0,007448
войти 0,006689 0,000033
банановый 3,624341 0,039634
место 1,272966 0,006187
шапка 0,013423 0,000016
отправить 0,013423 0,000228
предпочитать 3,401197 0,008265
банан 3,624341 0,048442
продолжить 0,006689 0,000008
решение 0,006689 0,000008
ознакомить 0,013423 0,000016
натуральный 3,064725 0,003724
вакансия 0,013423 0,000016
эл 0,013423 0,000016
летний 1,919593 0,002332
мы 0,013423 0,000114
проставлять 0,013423 0,000016
участие 0,006689 0,000008
аккаунт 0,013423 0,000082
защита 0,013423 0,000065
регистрация 0,013423 0,000082
обсуждение 0,013423 0,000033
выбор 2,066196 0,005021
использовать 0,013423 0,000082
опечатка 0,013423 0,000016
почему 0,013423 0,000016
восстановление 0,013423 0,000065
миска 2,612740 0,006349
быстрый 1,714798 0,002084
онлайн 0,013423 0,000016
хороший 1,059392 0,001287
почта 0,013423 0,000114
добавить 1,514128 0,003680
блокировка 0,013423 0,000065
рецепт 1,118815 0,009516
осуществляться 0,013423 0,000016
вкусный 1,752539 0,002129
апрель 0,013423 0,000016
вконтакте 0,013423 0,000033
категория 1,576648 0,001916
фамилия 0,013423 0,000016
жир 2,238047 0,002719
логин 0,013423 0,000016
конфиденциальность 0,013423 0,000065
нарушение 0,013423 0,000049
навсегда 0,013423 0,000016
количество 1,919593 0,004665
яндекс 0,013423 0,000033
сливочный 2,931194 0,003562
действие 0,013423 0,000016
либо 0,013423 0,000016
напиток 2,371578 0,028816
федеральный 0,013423 0,000065
релиз 0,013423 0,000016
нажимать 0,013423 0,000016
назад 0,013423 0,000082
список 0,013423 0,000016
настроение 3,624341 0,004404
поиск 0,013423 0,000016
корица 4,317488 0,010492
обязательный 0,013423 0,000114
ошибка 0,013423 0,000049
вопрос 0,006689 0,000033
зубовский 0,013423 0,000033
заряд 4,317488 0,005246
попробовать 0,013423 0,000016
заполнение 0,013423 0,000114
заполнить 0,013423 0,000114
внимание 0,013423 0,000016
принимать 0,013423 0,000016
окунуться 5,010635 0,012177
ваш 0,013423 0,000261
имя 0,013423 0,000082
молоко 2,445686 0,017830
выпуск 0,013423 0,000016
срок 0,013423 0,000033
основание 0,013423 0,000016
издание 0,013423 0,000016
достижение 2,708050 0,006581
подготовить 2,120264 0,005153
бульвар 0,013423 0,000033
сетевой 0,013423 0,000016
надзор 0,013423 0,000016
использование 0,013423 0,000016
вновь 0,013423 0,000016
очень 1,678431 0,002039
мина 2,445686 0,002972
сменить 0,013423 0,000016
предприятие 0,013423 0,000049
способ 0,013423 0,000033
толщина 3,624341 0,008808
материал 0,013423 0,000130
участвовать 0,013423 0,000033
сообщить 0,013423 0,000016
обратный 0,013423 0,000114
произойти 0,013423 0,000016
быть 0,013423 0,000016
успешно 0,013423 0,000016
скриншот 0,013423 0,000049
