褋锌械褑懈邪谢褜薪褘泄 1,514128 0,041707
褉褎 1,181994 0,008493
蟹邪泻芯薪薪褘泄 0,013423 0,000016
薪芯胁褘泄 0,006689 0,000040
写械薪褜 0,591795 0,000709
芯斜芯褉芯薪邪 2,066196 0,007423
薪邪泄褌懈 0,013423 0,000016
锌邪胁芯写芯泻 4,317488 0,005171
锌懈褋褜屑芯 0,013423 0,000032
锌褉芯懈褋褏芯写懈褌褜 2,177422 0,005215
褋锌邪褋懈斜芯 0,013423 0,000016
胁褘泄褌懈 2,371578 0,002840
褉邪褋褕懈褉懈褌褜 0,006689 0,000008
薪械芯锌芯蟹薪邪薪薪褘泄 5,010635 0,006001
锌芯屑芯褖褜薪邪胁芯写薪械薪懈械芯褉械薪斜褍褉谐褋泻懈泄 5,010635 0,006001
褋芯谐谢邪褋懈械 0,013423 0,000032
褑械薪褌褉 0,166448 0,000199
锌械褌械褉斜褍褉谐 2,302585 0,002758
褍写邪褉 2,120264 0,002539
写芯褋褌褍锌 0,013423 0,000032
泻芯褉锌芯褉邪褑懈褟 4,317488 0,005171
泄芯褉泻 3,064725 0,003670
写芯谢谐芯 3,064725 0,003670
屑懈邪 0,013423 0,000032
褝锌懈写械屑懈褟 4,317488 0,005171
蟹邪写邪褌褜 0,013423 0,000016
褋锌邪褋邪褌褜 3,912023 0,009370
锌芯屑芯褖褜 1,321756 0,001583
褋胁褟蟹邪褌褜褋褟 0,013423 0,000096
写械泻邪斜褉褜 0,985284 0,002360
谐 0,013423 0,000032
褉械泻谢邪屑邪 0,013423 0,000032
褎芯褌芯 0,013423 0,000016
锌芯谢懈褌懈泻邪 0,013423 0,000080
褉械锌芯褉褌邪卸褌械褏薪芯谢芯谐懈懈屑芯褋泻胁邪薪邪斜械褉械卸薪褘泄 5,010635 0,006001
褋胁褟蟹褜 0,006689 0,000064
屑芯褉械胁芯谢芯薪褌褢褉 5,010635 0,006001
薪 4,317488 0,005171
芯 0,013423 0,000016
褌械褔械薪懈械 0,013423 0,000016
褟谐芯写邪 2,525729 0,003025
泻懈褌邪泄 1,714798 0,002054
芯斜谢邪褋褌褜 1,427116 0,001709
胁褘写械褉卸邪褌褜 3,624341 0,004341
锌芯褌 5,010635 0,006001
褋懈谢邪 1,455287 0,001743
屑懈褉 0,223144 0,000267
锌褉芯泄褌懈 0,006689 0,000008
蟹邪谐芯谢芯胁芯泻 0,013423 0,000032
懈薪褎芯褉屑邪褑懈芯薪薪褘泄 0,013423 0,000064
褉械锌芯褉褌邪卸 3,218876 0,011565
卸懈褌械谢褜 2,612740 0,003129
写械谢芯 1,249435 0,004489
芯褉懈谐懈薪邪谢 5,010635 0,006001
胁褘卸懈胁邪褌褜 4,317488 0,005171
褉邪褋褋屑芯褌褉械褌褜 0,013423 0,000016
褉邪褋锌芯谢芯卸懈褌褜 0,013423 0,000032
胁褉械屑褟 0,013423 0,000016
泻薪芯锌泻邪 0,013423 0,000016
胁芯蟹胁褉邪褖邪褌褜 4,317488 0,005171
屑芯褖薪褘泄 2,525729 0,003025
褉邪薪械械 0,013423 0,000016
褋懈褌褍邪褑懈褟 1,643339 0,005904
锌褉芯斜谢械屑邪 0,013423 0,000032
锌芯写泻邪褋褌 0,292136 0,000350
谐谢邪胁薪褘泄 0,013423 0,000016
写邪薪薪褘械 0,013423 0,000129
谐芯褉芯写 0,013423 0,000048
褍泻褉邪懈薪邪 1,160488 0,001390
褉邪蟹斜谢芯泻懈褉芯胁邪褌褜 0,013423 0,000048
褎芯褌芯谐褉邪褎懈褟 0,013423 0,000016
褔邪褋 0,013423 0,000032
薪邪胁芯写薪械薪懈械 5,010635 0,006001
褔邪褌 0,013423 0,000032
薪芯胁芯褋褌械泄屑芯谢薪懈褟 0,013423 0,000016
薪邪锌懈褋邪褌褜 0,013423 0,000016
褋芯谐谢邪褕邪褌褜褋褟 0,013423 0,000016
褉芯褋褋懈褟薪懈薪 1,576648 0,005665
褋械胁械褉薪褘泄 2,177422 0,002608
锌芯褋褌褉芯懈褌褜 3,912023 0,004685
褋薪邪褔邪谢邪 0,013423 0,000016
锌芯泻邪蟹邪褌褜 0,013423 0,000016
锌邪褉芯谢褜 0,013423 0,000177
胁芯芯褉褍卸褢薪薪褘泄 2,014903 0,002413
褍写邪谢懈褌褜 0,013423 0,000064
锌芯褋谢械写褋褌胁懈械 1,544899 0,005551
胁褏芯写 0,013423 0,000032
褉褎谐芯褋写褍屑邪 5,010635 0,006001
褏芯蟹褟泄褋褌胁芯 2,612740 0,003129
芯锌懈褋邪褌褜 0,013423 0,000016
锌芯斜械写褘锌芯懈褋泻芯胁褘泄 5,010635 0,006001
褉邪蟹屑械褖械薪懈械 0,013423 0,000016
褉邪胁薪芯 3,401197 0,004073
褉械锌芯褉褌邪卸芯斜褖械褋褌胁芯芯褉褋泻褉芯褋褋懈褟卸懈谢褜械屑褔褋 5,010635 0,006001
褋泻芯谢褜泻芯 0,006689 0,000008
薪邪写械褟褌褜褋褟 2,931194 0,003510
芯写懈薪 1,098612 0,001316
褋褌懈褏懈泄薪褘泄 2,813411 0,010108
褋械谢褜褋泻懈泄 3,218876 0,003855
褋泻谢懈褎芯褋芯胁褋泻芯谐芯屑械写懈褑懈薪邪芯斜褖械褋褌胁芯蟹写芯褉芯胁懈械 5,010635 0,006001
锌芯写褌胁械褉卸写邪褌褜 0,013423 0,000016
锌芯谢褜蟹芯胁邪褌褜褋褟 2,931194 0,003510
谐邪胁褉懈谢芯胁 0,013423 0,000016
褍褔褉械写懈褌械谢褜 0,013423 0,000016
褝泻褋褌褉械屑懈蟹屑 3,624341 0,004341
谢懈褕褜 2,371578 0,002840
褉械锌芯褉褌邪卸芯斜褖械褋褌胁芯褔械褉薪褘泄 5,010635 0,006001
写械褌懈锌芯谢懈褑懈褟蟹邪泻芯薪锌褋懈褏芯谢芯谐 5,010635 0,006001
褋褋褘谢泻邪 0,013423 0,000064
泻芯屑屑褍薪懈泻邪褑懈褟 0,013423 0,000016
屑芯泄 0,013423 0,000080
谢械褌芯 2,931194 0,003510
邪褉褏懈胁 0,190354 0,000228
锌芯屑芯褔褜 0,013423 0,000016
写械谢懈泻邪褌械褋 4,317488 0,005171
褋褕邪 1,118815 0,001340
芯锌懈褋邪薪懈械 0,013423 0,000016
谐褉芯蟹懈褌褜 2,612740 0,003129
锌褉芯褑械褋褋 0,013423 0,000016
懈褞谢褜 1,609438 0,001927
褉械锌芯褉褌邪卸褟屑邪谢褉芯褋褋懈褟褋械胁械褉芯斜褖械褋褌胁芯芯谢械薪械胁芯写褘薪芯胁褘泄 5,010635 0,006001
褉芯褋泻芯屑薪邪写蟹芯褉 0,013423 0,000016
褌械褏薪芯谢芯谐懈褟 0,013423 0,000032
芯褋褌邪褌褜褋褟 1,919593 0,002299
屑芯褋泻胁邪 0,006689 0,000016
胁芯褋锌芯谢褜蟹芯胁邪褌褜褋褟 0,013423 0,000064
锌褉械褋褌褍锌薪芯褋褌褜 5,010635 0,006001
胁褉邪褔 2,014903 0,002413
薪芯褟斜褉褜 1,514128 0,001813
谢懈褑芯 1,714798 0,002054
写邪谢械械 0,013423 0,000032
锌褉懈蟹薪邪褌褜褋褟 4,317488 0,005171
薪芯胁芯谐芯写薪懈泄 2,120264 0,002539
褉械锌芯褉褌邪卸芯斜褖械褋褌胁芯械胁 5,010635 0,006001
芯斜屑邪薪褘胁邪褌褜 3,912023 0,004685
褏芯褌械褌褜 0,006689 0,000008
芯褌泻褉褘胁邪褌褜 0,013423 0,000032
蟹芯薪邪 2,371578 0,002840
锌褉芯褋褔褢褌 5,010635 0,006001
锌械褉械泄褌懈 0,013423 0,000016
褍谐褉芯蟹邪 2,238047 0,002680
芯斜褉邪褖械薪懈械 0,013423 0,000048
褝褌芯 0,013423 0,000048
屑懈薪褋械谢褜褏芯蟹 4,317488 0,005171
褋锌械褑锌褉芯械泻褌 0,190354 0,000228
屑邪褋褋芯胁褘泄 0,013423 0,000016
芯斜褉邪斜芯褌泻邪 0,013423 0,000080
蟹邪泻芯薪 2,445686 0,002929
蟹邪褌屑懈褌褜 4,317488 0,005171
薪芯胁芯褋褌褜 0,006689 0,000024
泻邪褌邪褋褌褉芯褎邪 3,064725 0,007341
褋械薪褌褟斜褉褜 1,427116 0,001709
芯褋褌邪谢褜薪芯泄 2,177422 0,002608
芯褌谢懈褔懈褌褜 5,010635 0,006001
锌褉懈褋褌邪胁 3,624341 0,004341
蟹邪褉械谐懈褋褌褉懈褉芯胁邪褌褜褋褟 0,013423 0,000080
锌芯卸邪谢芯胁邪褌褜褋褟 0,006689 0,000008
胁芯泄褌懈 0,006689 0,000032
褉芯褋褋械谢褜褏芯蟹薪邪写蟹芯褉 5,010635 0,006001
褉械锌芯褉褌邪卸写械褌褜 5,010635 0,006001
褝谢 0,013423 0,000016
褉邪写懈芯 0,274437 0,000329
蟹邪褖懈褌邪 0,013423 0,000064
芯斜谢邪褋褌褜谢械薪懈薪谐褉邪写褋泻懈泄 5,010635 0,006001
褉械谐懈褋褌褉邪褑懈褟 0,013423 0,000080
锌芯褔械屑褍 0,013423 0,000032
胁芯褋褋褌邪薪芯胁谢械薪懈械 0,013423 0,000064
褔械谢薪褘褋邪薪泻褌 5,010635 0,006001
褉械锌芯褉褌邪卸锌褋泻芯胁褋泻懈泄 5,010635 0,006001
胁泻芯薪褌邪泻褌械 0,013423 0,000032
卸写邪褌褜 1,919593 0,002299
谢芯谐懈薪 0,013423 0,000016
泻芯薪褎懈写械薪褑懈邪谢褜薪芯褋褌褜 0,013423 0,000064
薪邪褉褍褕械薪懈械 0,013423 0,000048
薪邪胁褋械谐写邪 0,013423 0,000016
褌胁芯褉懈褌褜褋褟 4,317488 0,005171
写械泄褋褌胁懈械 0,013423 0,000016
褉械谢懈蟹 0,013423 0,000016
薪邪蟹邪写 0,013423 0,000080
褋锌懈褋芯泻 0,013423 0,000016
芯斜褟蟹邪褌械谢褜薪褘泄 0,013423 0,000113
褎械胁褉邪谢褜 0,567984 0,001360
芯褕懈斜泻邪 0,013423 0,000048
胁芯锌褉芯褋 0,006689 0,000032
薪械褋褌邪薪写邪褉褌薪褘泄 5,010635 0,006001
蟹褍斜芯胁褋泻懈泄 0,013423 0,000032
褉械锌芯褉褌邪卸泻褉邪褋薪褘泄 5,010635 0,006001
蟹邪锌芯谢薪懈褌褜 0,013423 0,000113
胁邪褕 0,013423 0,000257
懈屑褟 0,013423 0,000096
芯斜褖械褋褌胁芯 0,257045 0,000308
锌褉芯泻褍褉邪褌褍褉邪 2,931194 0,003510
褋褉芯泻 0,013423 0,000032
芯褋薪芯胁邪薪懈械 0,013423 0,000016
懈蟹写邪薪懈械 0,013423 0,000016
斜褍谢褜胁邪褉 0,013423 0,000032
褋械褌械胁芯泄 0,013423 0,000016
褋褌芯谢泻薪褍褌褜褋褟 3,401197 0,004073
芯褉褋泻械谐褍屑邪薪懈褌邪褉薪褘泄 5,010635 0,006001
屑邪褉褌懈褉芯褋褟薪邪谢械泻褋邪薪写褉 5,010635 0,006001
懈褋锌芯谢褜蟹芯胁邪薪懈械 0,013423 0,000016
邪胁谐褍褋褌 1,752539 0,004198
胁薪芯胁褜 0,013423 0,000016
褋邪屑褘泄 0,967584 0,001159
褋屑械薪懈褌褜 0,013423 0,000016
谢邪胁褉械薪褌褜械胁褋械褉谐械泄 5,010635 0,006001
屑邪褌械褉懈邪谢 0,013423 0,000145
褍褔邪褋褌胁芯胁邪褌褜 0,013423 0,000032
褋芯芯斜褖懈褌褜 0,013423 0,000016
懈泻褉邪懈薪褎谢褟褑懈褟锌褉芯写褍泻褌 5,010635 0,006001
斜褘褌褜 0,013423 0,000016
褍褋锌械褕薪芯 0,013423 0,000016
褋泻褉懈薪褕芯褌 0,013423 0,000048
懈褋褌械褔褜 0,013423 0,000016
芯褌屑械褔邪褌褜 1,399717 0,001676
谢械薪褌邪 0,006689 0,000016
褉邪蟹褉邪斜芯褌泻邪 3,401197 0,004073
褋褎械褉邪 0,013423 0,000016
褝谢械泻褌褉芯薪薪褘泄 0,013423 0,000016
褋锌芯褉褌 0,190354 0,000228
屑芯褔褜 1,399717 0,001676
锌芯锌邪写邪褌褜 3,912023 0,004685
褋胁懈写械褌械谢褜褋褌胁芯 0,013423 0,000016
泻芯屑屑械薪褌懈褉芯胁邪薪懈械 0,013423 0,000032
斜谢芯泻懈褉芯胁邪褌褜褋褟 0,013423 0,000016
斜芯褟褉褋泻懈泄屑懈薪懈褋褌械褉褋褌胁芯 5,010635 0,006001
芯斜褋褌褉械谢懈胁邪褌褜 5,010635 0,006001
邪薪邪锌邪 5,010635 0,006001
锌褉邪胁懈谢芯 0,013423 0,000080
褋芯褏褉邪薪懈褌褜 0,013423 0,000016
屑懈薪懈褋褌械褉褋褌胁芯 1,966113 0,007064
懈蟹胁械褋褌薪褘泄 2,066196 0,002474
锌褉懈屑械薪械薪懈械 0,013423 0,000016
胁蟹邪懈屑芯写械泄褋褌胁懈械 0,013423 0,000032
写邪褌褜 0,013423 0,000032
锌褉械褋褋 0,013423 0,000032
褋芯谐谢邪褋薪褘泄 0,013423 0,000048
锌械褉褋芯薪邪谢褜薪褘泄 0,013423 0,000129
锌械褉械褌褟薪褍褌褜 0,013423 0,000016
褉芯褋邪褌芯屑 3,912023 0,004685
褋屑芯褔褜 0,006689 0,000008
懈褋锌芯谢褜蟹芯胁邪褌褜褋褟 0,006689 0,000008
胁械褋 3,912023 0,004685
谐芯褌芯胁褘泄 0,006689 0,000016
写邪褌邪 0,006689 0,000008
芯斜谢邪褋褌褜屑褔褋 5,010635 0,006001
芯写薪芯泻谢邪褋褋薪懈泻 0,013423 0,000032
薪械写芯锌褍褋褌懈屑褘泄 0,013423 0,000016
薪邪懈胁薪芯 5,010635 0,006001
胁褘 0,013423 0,000016
褎懈芯 0,013423 0,000016
胁芯褋褋褌邪薪芯胁懈褌褜 0,013423 0,000016
锌芯卸邪谢褍泄褋褌邪 0,013423 0,000016
褉芯褋褋懈泄褋泻懈泄 0,883501 0,004232
褋褌芯谢 1,832581 0,002195
褝泻芯薪芯屑懈褔械褋泻懈泄 2,302585 0,002758
胁械褉褋懈褟 0,013423 0,000016
薪懈卸械 0,013423 0,000048
褉芯褋褋懈褟 0,006689 0,000128
写邪屑斜邪 5,010635 0,012002
褋屑芯褌褉械褌褜 1,966113 0,002355
褋褍写械斜薪褘泄 2,612740 0,006258
褌械谐 0,190354 0,000228
斜械蟹薪邪泻邪蟹邪薪薪芯 5,010635 0,006001
蟹邪褉械谐懈褋褌褉懈褉芯胁邪褌褜 0,013423 0,000016
褉械锌芯褉褌邪卸芯斜褖械褋褌胁芯芯褉褋泻薪芯胁芯褌褉芯懈褑泻屑褔褋 5,010635 0,006001
褟薪胁邪褉褜 1,040343 0,003738
泻褉邪泄胁械褋械谢芯胁泻邪屑褔褋 5,010635 0,006001
褉械锌芯褉褌邪卸芯斜褖械褋褌胁芯芯卸懈褉械薪懈械谢懈褕薪懈泄 5,010635 0,006001
褝薪械褉谐懈褟 3,401197 0,004073
褑械薪邪 1,966113 0,002355
褋邪泄褌 0,013423 0,000048
锌芯谢械 0,013423 0,000129
褋褍写芯褋褌褉芯懈褌械谢褜薪褘泄 5,010635 0,006001
褉械锌芯褉褌邪卸褉芯褋褋懈褟谐邪褉懈泻 5,010635 0,006001
锌芯谢械蟹薪褘泄 0,143101 0,000171
谐邪谢芯褔泻邪 0,013423 0,000016
谐芯写褌褍褉懈蟹屑锌褉邪蟹写薪懈泻 5,010635 0,006001
蟹邪斜谢芯泻懈褉芯胁邪褌褜 0,013423 0,000032
锌械褉械褌邪褖懈褌褜 0,013423 0,000048
褌褍褉懈蟹屑 0,283247 0,000339
锌芯写写械褉卸懈胁邪械褌褋褟锌芯谢褍褔懈褌褜 0,013423 0,000016
邪写褉械褋 0,013423 0,000080
写褉褍谐芯泄 0,013423 0,000048
屑械褉泻邪褔械胁邪懈褉泻褍褌褋泻懈泄 5,010635 0,006001
褋芯芯褌胁械褌褋褌胁懈械 0,013423 0,000032
褉械锌芯褉褌邪卸褋锌褉邪胁泻懈褉芯褋褋懈褟邪褉泻褌懈泻邪械胁褉芯锌邪芯斜褗械写懈薪械薪薪褘泄 5,010635 0,006001
褋谢械蟹邪 3,912023 0,004685
褍薪懈褌邪褉薪褘泄 0,013423 0,000048
写邪胁邪褌褜 0,013423 0,000032
芯褌锌褉邪胁泻邪 0,013423 0,000016
蟹邪谐褉褍蟹懈褌褜 0,013423 0,000032
薪邪锌褉邪胁谢械薪懈械 0,013423 0,000016
芯褉褋泻 5,010635 0,012002
褌械谢械褎芯薪 0,013423 0,000016
褉械写邪泻褑懈褟 0,013423 0,000048
褔褢褉薪褘泄 2,238047 0,002680
锌褉邪蟹写薪懈泻 1,427116 0,001709
写芯谢卸薪褘泄 0,013423 0,000016
邪胁褌芯褉 0,013423 0,000016
褋褌邪褉褘泄 0,013423 0,000016
褋芯芯斜褖械薪懈械 0,013423 0,000225
褉械锌芯褉褌邪卸芯斜褖械褋褌胁芯褉芯褋褋懈褟褎械写械褉邪谢褜薪褘泄 5,010635 0,006001
褉械斜褢薪芯泻 1,514128 0,001813
锌褉芯懈褋褕械褋褌胁懈械 0,292136 0,000350
锌芯写褏芯写 2,708050 0,003243
锌芯写褌胁械褉写懈褌褜 0,013423 0,000016
邪胁褌芯褉懈蟹邪褑懈褟 0,013423 0,000016
褉械谢懈谐懈褟 0,283247 0,000339
褉械泄褌懈薪谐 0,006689 0,000008
褎芯褉屑邪 0,013423 0,000193
斜褉邪褌褜 2,445686 0,002929
泻褍谢褜褌褍褉邪 0,292136 0,000350
邪薪芯屑邪谢懈褟 5,010635 0,006001
懈泻芯褉薪褘泄 5,010635 0,006001
褋褌邪褌褜褟 0,013423 0,000016
谐褉邪卸写邪薪褋泻懈泄 2,371578 0,008521
薪械写胁懈卸懈屑芯褋褌褜 0,292136 0,000350
芯斜谢邪褋褌褜褉芯褋褋懈褟 5,010635 0,006001
褉械锌芯褉褌邪卸褌褜 5,010635 0,006001
褉械锌芯褉褌邪卸褉芯褋泻邪褔械褋褌胁芯屑械写锌褔械谢褘褎邪谢褜褋懈褎懈泻邪褌胁褑懈芯屑褎械褉屑械褉 5,010635 0,006001
胁械褌械褉懈薪邪褉薪褘泄 5,010635 0,006001
褉械写邪泻褌芯褉 0,013423 0,000016
屑芯褉械 2,931194 0,003510
芯斜褖械褋褌胁芯卸懈胁芯褌薪褘械泻芯褉芯胁褘褋胁懈薪褜懈褎械褉屑械褉褘芯褉谐邪薪懈泻邪屑褟褋芯屑芯谢芯泻芯锌褉芯写褍泻褌褘械写 5,010635 0,006001
泻芯薪褌邪泻褌 0,013423 0,000016
写胁芯褉薪懈泻 5,010635 0,006001
锌芯褋褌褉邪写邪褌褜 2,708050 0,003243
锌邪褋褌褜 5,010635 0,006001
芯斜谢邪褋褌褜屑懈薪懈褋褌械褉褋褌胁芯 5,010635 0,006001
谢懈泻胁懈写邪褑懈褟 2,813411 0,010108
褌械屑邪 0,013423 0,000048
褋械褉胁懈褋 0,174353 0,000209
谐芯褋褍写邪褉褋褌胁械薪薪褘泄 0,013423 0,000048
写懈褋泻褍褋褋懈褟 0,013423 0,000032
锌芯褏懈褖邪褌褜 5,010635 0,006001
邪褌芯屑薪褘泄 2,525729 0,003025
褋胁褟蟹邪薪薪褘泄 0,013423 0,000032
褋谢褍卸斜邪 0,006689 0,000024
褉懈邪 0,006689 0,000016
蟹邪屑械褌懈褌褜 0,013423 0,000016
斜械写褋褌胁懈械 2,813411 0,010108
褎械褉屑械褉 5,010635 0,006001
蟹邪泻褉褘褌褘泄 0,013423 0,000016
芯斜褉邪褖邪褌褜 0,013423 0,000016
褉械泻芯屑械薪写邪褌械谢褜薪褘泄 0,013423 0,000016
锌褉芯褉褘胁 3,624341 0,004341
泻芯褉锌芯褉邪褑懈褟谐芯褋褍写邪褉褋褌胁械薪薪褘泄 5,010635 0,006001
写胁懈卸械薪懈械 2,813411 0,003369
谐芯写 0,006689 0,000016
褋锌邪褋褌懈 2,238047 0,002680
屑懈薪懈褋褌褉 2,525729 0,003025
屑械卸写褍薪邪褉芯写薪褘泄 0,013423 0,000048
芯泻褌褟斜褉褜 1,714798 0,002054
锌械褌褉懈泻芯胁屑芯褋泻胁邪薪懈械 5,010635 0,006001
褉械锌芯褉褌邪卸褟谐芯写褘泻谢褍斜薪懈泻邪褎褉褍泻褌褘锌褉芯写褍泻褌褘懈屑锌芯褉褌 5,010635 0,006001
褎懈褌芯褋邪薪懈褌邪褉薪褘泄 5,010635 0,006001
屑邪泄 1,643339 0,005904
邪谐械薪褌褋褌胁芯 0,013423 0,000064
胁薪械 3,401197 0,004073
褎褋褋锌 3,624341 0,004341
褉械锌芯褉褌邪卸芯斜褖械褋褌胁芯芯褉褋泻锌褉芯褉褘胁 5,010635 0,006001
锌谢褟卸 4,317488 0,005171
褔褉械蟹胁褘褔邪泄薪褘泄 2,931194 0,010531
邪胁褌芯褉懈蟹芯胁邪褌褜褋褟 0,013423 0,000032
胁褘斜褉邪褌褜 0,013423 0,000048
褋械谐芯写薪褟 0,013423 0,000080
锌褉芯褋懈褌褜 0,013423 0,000016
锌芯泻褍锌邪褌械谢褜 3,218876 0,003855
褉械褉褌邪卸褋械褉谐褘泄 5,010635 0,006001
锌芯薪褟褌褜 3,912023 0,004685
褉邪褋褋泻邪蟹褘胁邪褌褜 2,014903 0,002413
薪芯胁褘械褋薪邪褔邪谢邪 0,013423 0,000016
谐械褉芯泄 3,064725 0,003670
薪邪褔邪谢芯 1,643339 0,001968
褕邪锌泻邪 0,013423 0,000016
芯褌锌褉邪胁懈褌褜 0,013423 0,000225
褉械锌芯褉褌邪卸芯斜褖械褋褌胁芯邪薪邪锌邪泻褉邪褋薪芯写邪褉褋泻懈泄 5,010635 0,006001
褉械谐懈芯薪 1,919593 0,004598
锌褉芯写芯谢卸懈褌褜 0,006689 0,000008
褉械褕械薪懈械 0,006689 0,000008
锌芯斜芯褉芯褌褜 5,010635 0,006001
芯蟹薪邪泻芯屑懈褌褜 0,013423 0,000016
谐械薪械褉邪谢褜薪褘泄 3,401197 0,004073
屑邪褉褌 1,514128 0,001813
胁邪泻邪薪褋懈褟 0,013423 0,000016
谢械褌薪懈泄 1,919593 0,002299
屑褘 0,013423 0,000113
锌褉芯褋褌邪胁谢褟褌褜 0,013423 0,000016
褍褔邪褋褌懈械 0,006689 0,000008
邪泻泻邪褍薪褌 0,013423 0,000080
褝泻芯薪芯屑懈泻邪 0,292136 0,000350
蟹邪褉邪斜芯褌邪褌褜 3,624341 0,004341
芯斜褋褍卸写械薪懈械 0,013423 0,000032
芯锌械褔邪褌泻邪 0,013423 0,000016
懈褋锌芯谢褜蟹芯胁邪褌褜 0,013423 0,000016
泻邪卸写褘泄 1,399717 0,001676
芯薪谢邪泄薪 0,013423 0,000016
锌芯褔褌邪 0,013423 0,000113
斜谢芯泻懈褉芯胁泻邪 0,013423 0,000064
芯褋褍褖械褋褌胁谢褟褌褜褋褟 0,013423 0,000016
邪锌褉械谢褜 0,013423 0,000064
褎邪屑懈谢懈褟 0,013423 0,000016
褟薪写械泻褋 0,013423 0,000032
褍褉芯胁械薪褜 2,014903 0,002413
谢懈斜芯 0,013423 0,000016
褎械写械褉邪谢褜薪褘泄 0,013423 0,000080
薪邪卸懈屑邪褌褜 0,013423 0,000016
褉邪蟹胁懈褌懈械 2,066196 0,002474
芯褉械薪斜褍褉谐褋泻懈泄 4,317488 0,005171
褍屑械褉械褌褜 2,445686 0,002929
褋械屑褜褟 2,014903 0,002413
锌芯懈褋泻 0,013423 0,000016
屑懈褉械谐芯褉谢芯胁泻邪褌芯褉械褑泻薪懈械 5,010635 0,006001
褋芯褌薪褟 3,624341 0,004341
蟹邪褌芯锌懈褌褜 5,010635 0,006001
薪械胁芯蟹屑芯卸薪芯 2,525729 0,003025
褋芯薪 3,624341 0,004341
锌芯锌褉芯斜芯胁邪褌褜 0,013423 0,000016
屑懈薪褝泻芯薪芯屑褉邪蟹胁懈褌懈褟 4,317488 0,005171
蟹邪锌芯谢薪械薪懈械 0,013423 0,000113
胁薪懈屑邪薪懈械 0,013423 0,000016
锌褉懈薪懈屑邪褌褜 0,013423 0,000016
锌芯屑芯谐邪褌褜 2,445686 0,002929
懈谐薪芯褉懈褉芯胁邪褌褜 5,010635 0,006001
胁褘锌褍褋泻 0,013423 0,000016
褋泻褉褘胁邪褌褜 3,624341 0,004341
薪邪写蟹芯褉 0,013423 0,000032
芯斜褉械褔褜 4,317488 0,005171
褋泻芯褉褘泄 2,931194 0,003510
锌褉械写锌褉懈褟褌懈械 0,013423 0,000048
褋锌芯褋芯斜 0,013423 0,000032
薪邪褍泻邪 0,283247 0,000339
泻邪泻芯泄 1,399717 0,001676
芯斜褉邪褌薪褘泄 0,013423 0,000113
谢邪蟹械泄泻邪 5,010635 0,006001
锌褉芯写褍泻褌 0,135438 0,000162
锌褉芯懈蟹芯泄褌懈 0,013423 0,000016
褟褉泻懈泄 2,302585 0,002758
褉械锌芯褉褌邪卸芯斜褖械褋褌胁芯胁芯谢芯薪褌褢褉 5,010635 0,006001
