истечь 0,013423 0,000016
покрыть 2,931194 0,007029
варёный 3,218876 0,015438
лента 0,006689 0,000016
законный 0,013423 0,000016
яйцо 1,966113 0,016502
приготовить 1,643339 0,001970
новый 0,006689 0,000016
день 0,591795 0,001419
дуршлаг 4,317488 0,010354
найти 0,013423 0,000016
письмо 0,013423 0,000032
сфера 0,013423 0,000016
электронный 0,013423 0,000016
спасибо 0,013423 0,000016
расширить 0,006689 0,000008
заливаться 5,010635 0,006008
кухниокрошка 5,010635 0,006008
свидетельство 0,013423 0,000016
согласие 0,013423 0,000032
комментирование 0,013423 0,000032
доступ 0,013423 0,000032
откинуть 4,317488 0,010354
блокироваться 0,013423 0,000016
миа 0,013423 0,000048
задать 0,013423 0,000016
салатник 5,010635 0,012016
связаться 0,013423 0,000097
готовность 2,238047 0,005367
вода 1,576648 0,007562
правило 0,013423 0,000080
сохранить 0,013423 0,000016
ложка 2,525729 0,006057
г 0,013423 0,000177
немного 2,177422 0,005222
реклама 0,013423 0,000016
варить 2,371578 0,005687
фото 0,013423 0,000016
политика 0,013423 0,000064
связь 0,006689 0,000064
л 2,525729 0,006057
применение 0,013423 0,000016
взаимодействие 0,013423 0,000032
подходить 2,445686 0,005865
кипение 2,931194 0,007029
о 0,013423 0,000016
дать 0,013423 0,000064
укроп 2,445686 0,017595
пресс 0,013423 0,000016
согласный 0,013423 0,000048
персональный 0,013423 0,000129
перетянуть 0,013423 0,000016
кастрюля 2,371578 0,005687
течение 0,013423 0,000048
картофель 2,445686 0,041055
смочь 0,006689 0,000008
использоваться 0,006689 0,000008
пищевой 2,120264 0,002542
суп 2,302585 0,011044
готовый 0,006689 0,000016
скорлупа 3,401197 0,008156
углевод 2,445686 0,002932
перемешать 2,238047 0,010734
ценность 2,120264 0,002542
дата 0,006689 0,000008
готовка 1,919593 0,002302
пройти 0,006689 0,000008
заголовок 0,013423 0,000032
одноклассник 0,013423 0,000032
недопустимый 0,013423 0,000016
информационный 0,013423 0,000064
вы 0,013423 0,000016
фио 0,013423 0,000016
шаг 1,791759 0,017187
восстановить 0,013423 0,000016
пожалуйста 0,013423 0,000016
освежать 2,612740 0,006266
русский 1,118815 0,008049
тарелка 2,813411 0,006747
рассмотреть 0,013423 0,000016
расположить 0,013423 0,000032
классический 1,752539 0,004203
быстро 2,177422 0,002611
время 0,013423 0,000032
версия 0,013423 0,000016
ниже 0,013423 0,000048
окрошка 3,218876 0,046315
охладить 2,931194 0,003515
кнопка 0,013423 0,000016
россия 0,006689 0,000064
зарегистрировать 0,013423 0,000016
очистить 2,238047 0,005367
ранее 0,013423 0,000016
главный 0,013423 0,000016
проблема 0,013423 0,000016
данные 0,013423 0,000129
составлять 2,238047 0,002684
рацион 3,912023 0,004691
город 0,013423 0,000016
разблокировать 0,013423 0,000048
кубик 2,525729 0,012114
фотография 0,013423 0,000016
сайт 0,013423 0,000048
поле 0,013423 0,000129
час 0,013423 0,000032
чат 0,013423 0,000032
новостеймолния 0,013423 0,000016
написать 0,013423 0,000016
галочка 0,013423 0,000016
заблокировать 0,013423 0,000032
перетащить 0,013423 0,000048
разложить 3,218876 0,007719
соглашаться 0,013423 0,000016
положить 1,966113 0,004715
сначала 0,013423 0,000016
поддерживаетсяполучить 0,013423 0,000016
перец 2,445686 0,005865
адрес 0,013423 0,000080
другой 0,013423 0,000048
соответствие 0,013423 0,000032
унитарный 0,013423 0,000048
давать 0,013423 0,000032
показать 0,013423 0,000016
отправка 0,013423 0,000016
загрузить 0,013423 0,000032
направление 0,013423 0,000016
телефон 0,013423 0,000016
пароль 0,013423 0,000177
редакция 0,013423 0,000048
сочетание 2,708050 0,003247
удалить 0,013423 0,000064
калорийность 2,120264 0,005085
вход 0,013423 0,000032
должный 0,013423 0,000016
квас 3,624341 0,021729
описать 0,013423 0,000016
размещение 0,013423 0,000016
ккал 2,302585 0,005522
сколько 0,006689 0,000008
автор 0,013423 0,000016
старый 0,013423 0,000016
сообщение 0,013423 0,000225
жаркий 3,401197 0,008156
подавать 2,302585 0,005522
ингредиент 1,919593 0,009207
подтвердить 0,013423 0,000016
сбалансированный 3,912023 0,004691
полностью 2,014903 0,004832
сметана 2,708050 0,016235
подтверждать 0,013423 0,000016
гаврилов 0,013423 0,000016
учредитель 0,013423 0,000016
авторизация 0,013423 0,000016
рейтинг 0,006689 0,000008
форма 0,013423 0,000193
нарезать 2,120264 0,010169
порционный 3,064725 0,007349
ссылка 0,013423 0,000064
зелень 2,371578 0,002844
коммуникация 0,013423 0,000016
минута 1,226446 0,002941
мой 0,013423 0,000080
ароматный 2,302585 0,002761
помочь 0,013423 0,000016
статья 0,013423 0,000016
добавление 2,931194 0,003515
описание 0,013423 0,000016
процесс 0,013423 0,000016
залить 2,445686 0,005865
традиционно 2,612740 0,003133
мелко 2,525729 0,006057
делать 1,427116 0,001711
роскомнадзор 0,013423 0,000016
куриный 2,371578 0,005687
технология 0,013423 0,000032
белка 2,371578 0,002844
редактор 0,013423 0,000016
фгуп 0,499776 0,000599
компонент 2,931194 0,007029
контакт 0,013423 0,000016
хлебный 3,624341 0,021729
москва 0,006689 0,000016
воспользоваться 0,013423 0,000064
тема 0,013423 0,000048
государственный 0,013423 0,000048
нежность 3,912023 0,004691
дискуссия 0,013423 0,000032
обогащать 5,010635 0,006008
опустить 3,624341 0,008691
связанный 0,013423 0,000032
служба 0,006689 0,000008
риа 0,006689 0,000032
заметить 0,013423 0,000016
большой 1,832581 0,004395
штука 3,624341 0,017383
закрытый 0,013423 0,000016
обращать 0,013423 0,000016
рекомендательный 0,013423 0,000016
далее 0,013423 0,000032
довести 2,931194 0,007029
посыпать 2,612740 0,006266
рецептырецепт 1,875141 0,002248
год 0,006689 0,000008
хотеть 0,006689 0,000008
сытный 2,612740 0,003133
открывать 0,013423 0,000032
кухня 1,576648 0,007562
перейти 0,013423 0,000016
международный 0,013423 0,000048
поверх 4,317488 0,010354
который 0,603916 0,001448
убрать 2,302585 0,005522
придавать 2,612740 0,003133
обращение 0,013423 0,000048
агентство 0,013423 0,000064
порция 2,238047 0,013418
приготовление 1,484275 0,001780
это 0,013423 0,000048
массовый 0,013423 0,000016
обработка 0,013423 0,000080
вкус 1,752539 0,010507
авторизоваться 0,013423 0,000032
огурец 2,931194 0,017573
выбрать 0,013423 0,000048
сегодня 0,013423 0,000097
новость 0,006689 0,000040
просить 0,013423 0,000016
новыесначала 0,013423 0,000016
зарегистрироваться 0,013423 0,000080
пожаловаться 0,006689 0,000008
отварить 2,813411 0,006747
войти 0,006689 0,000032
шапка 0,013423 0,000016
отправить 0,013423 0,000225
продолжить 0,006689 0,000008
решение 0,006689 0,000008
ознакомить 0,013423 0,000016
благодаря 2,302585 0,002761
вакансия 0,013423 0,000016
эл 0,013423 0,000016
летний 1,919593 0,004603
мы 0,013423 0,000113
проставлять 0,013423 0,000016
идеально 2,612740 0,006266
участие 0,006689 0,000008
аккаунт 0,013423 0,000080
защита 0,013423 0,000064
равномерный 4,317488 0,010354
регистрация 0,013423 0,000080
обсуждение 0,013423 0,000032
опечатка 0,013423 0,000016
использовать 0,013423 0,000016
почему 0,013423 0,000016
каждый 1,399717 0,006713
особый 1,752539 0,002101
восстановление 0,013423 0,000064
онлайн 0,013423 0,000016
почта 0,013423 0,000113
добавить 1,514128 0,007262
блокировка 0,013423 0,000064
рецепт 1,118815 0,002683
осуществляться 0,013423 0,000016
вкусный 1,752539 0,002101
апрель 0,013423 0,000016
вконтакте 0,013423 0,000032
затем 1,791759 0,004297
категория 1,576648 0,001890
фамилия 0,013423 0,000016
жир 2,238047 0,002684
логин 0,013423 0,000016
конфиденциальность 0,013423 0,000064
нарушение 0,013423 0,000048
навсегда 0,013423 0,000016
соль 2,066196 0,009910
питательный 2,931194 0,003515
яндекс 0,013423 0,000032
холодный 2,066196 0,019820
действие 0,013423 0,000016
либо 0,013423 0,000016
остыть 2,525729 0,012114
порубить 3,912023 0,009381
федеральный 0,013423 0,000064
релиз 0,013423 0,000016
нажимать 0,013423 0,000016
назад 0,013423 0,000080
список 0,013423 0,000016
колбаса 3,064725 0,047771
одинаковый 4,317488 0,010354
подходящий 3,064725 0,003675
поиск 0,013423 0,000016
обязательный 0,013423 0,000113
молодой 2,525729 0,012114
ошибка 0,013423 0,000048
вопрос 0,006689 0,000032
зубовский 0,013423 0,000032
попробовать 0,013423 0,000016
заполнение 0,013423 0,000113
заполнить 0,013423 0,000145
размер 2,014903 0,004832
внимание 0,013423 0,000016
принимать 0,013423 0,000016
ваш 0,013423 0,000258
соединяться 5,010635 0,006008
имя 0,013423 0,000080
блюдо 1,609438 0,007719
выпуск 0,013423 0,000016
срок 0,013423 0,000032
основание 0,013423 0,000016
издание 0,013423 0,000016
подготовить 2,120264 0,005085
бульвар 0,013423 0,000032
сетевой 0,013423 0,000016
надзор 0,013423 0,000016
позволять 2,238047 0,002684
использование 0,013423 0,000016
вновь 0,013423 0,000016
мина 2,445686 0,002932
сменить 0,013423 0,000016
предприятие 0,013423 0,000048
способ 0,013423 0,000032
материал 0,013423 0,000129
подаваться 3,401197 0,004078
участвовать 0,013423 0,000032
сообщить 0,013423 0,000016
обратный 0,013423 0,000113
произойти 0,013423 0,000016
быть 0,013423 0,000016
успешно 0,013423 0,000016
скриншот 0,013423 0,000048
