специальный 1,514128 0,003277
личный 2,177422 0,006284
законный 0,013423 0,000010
новый 0,006689 0,000010
рпл 2,371578 0,001711
найти 0,013423 0,000010
письмо 0,013423 0,000019
целое 3,218876 0,002322
спасибо 0,013423 0,000010
расширить 0,006689 0,000005
любить 3,912023 0,002823
эффективный 3,401197 0,002454
успех 4,317488 0,003115
согласие 0,013423 0,000019
центр 0,166448 0,000120
прикрепить 3,912023 0,002823
доступ 0,013423 0,000097
бесплатный 3,218876 0,002322
важный 1,297063 0,000936
миа 0,013423 0,000068
заявление 2,066196 0,002982
задать 0,013423 0,000010
помощь 1,321756 0,001907
связаться 0,013423 0,000058
цивилизовать 5,010635 0,003615
человек 1,118815 0,001614
соответствовать 2,612740 0,001885
г 0,013423 0,000019
подробный 2,813411 0,002030
немного 2,177422 0,001571
реклама 0,013423 0,000019
фото 0,013423 0,000029
политика 0,013423 0,000048
связь 0,006689 0,000043
о 0,013423 0,000010
течение 0,013423 0,000010
дополнительный 2,066196 0,001491
сезон 2,445686 0,001765
владелец 3,064725 0,011056
вариант 1,966113 0,001419
футбол 2,238047 0,001615
мир 0,223144 0,000161
конкретный 3,218876 0,002322
пройти 0,006689 0,000010
заголовок 0,013423 0,000019
возникновение 3,912023 0,002823
информационный 0,013423 0,000039
шаг 1,791759 0,002586
необходимый 2,238047 0,008074
цветной 3,064725 0,002211
рассмотреть 0,013423 0,000010
расположить 0,013423 0,000019
время 0,013423 0,000029
несоответствие 5,010635 0,003615
кнопка 0,013423 0,000010
ранее 0,013423 0,000010
ситуация 1,643339 0,001186
главный 0,013423 0,000029
проблема 0,013423 0,000019
подкаст 0,292136 0,000211
режим 2,066196 0,001491
данные 0,013423 0,000077
посещение 2,813411 0,018269
госуслуга 2,708050 0,019539
также 1,139434 0,000822
член 2,238047 0,003230
получение 2,302585 0,006645
город 0,013423 0,000010
разблокировать 0,013423 0,000029
фотография 0,013423 0,000010
час 0,013423 0,000029
чат 0,013423 0,000019
легко 1,791759 0,001293
распространяться 3,624341 0,002615
сектор 3,064725 0,002211
новостеймолния 0,013423 0,000010
написать 0,013423 0,000010
соглашаться 0,013423 0,000010
сначала 0,013423 0,000010
территория 2,302585 0,001661
неверно 5,010635 0,003615
находиться 2,177422 0,001571
требовать 2,120264 0,001530
касса 4,317488 0,003115
показать 0,013423 0,000010
упрощение 5,010635 0,007230
обеспечивать 2,813411 0,002030
отсутствие 2,014903 0,001454
ключевой 2,445686 0,001765
пароль 0,013423 0,000107
требоваться 2,708050 0,001954
однако 1,966113 0,001419
удалить 0,013423 0,000039
оформить 3,064725 0,006634
вход 0,013423 0,000029
читать 0,791128 0,000571
система 1,919593 0,005540
описать 0,013423 0,000010
размещение 0,013423 0,000010
сколько 0,006689 0,000024
отказ 2,302585 0,011629
атой 5,010635 0,003615
купить 3,218876 0,004645
один 1,098612 0,006341
иметь 1,544899 0,003344
подтверждать 0,013423 0,000010
заявка 2,708050 0,001954
пользоваться 2,931194 0,006345
гаврилов 0,013423 0,000010
приоритет 4,317488 0,003115
учредитель 0,013423 0,000010
часть 1,373049 0,000991
ссылка 0,013423 0,000039
коммуникация 0,013423 0,000010
минута 1,226446 0,000885
инструкция 1,966113 0,001419
мой 0,013423 0,000048
спортболельщик 5,010635 0,003615
некоторый 2,014903 0,001454
загрузка 4,317488 0,006230
часто 2,371578 0,001711
формирование 2,931194 0,002115
помочь 0,013423 0,000019
архив 0,190354 0,000137
указанный 2,931194 0,004230
считыватель 5,010635 0,003615
внедрение 4,317488 0,006230
идентификационный 5,010635 0,003615
любимый 2,813411 0,002030
константин 3,064725 0,004422
прозрачность 4,317488 0,003115
описание 0,013423 0,000010
процесс 0,013423 0,000077
выше 3,064725 0,002211
карта 2,612740 0,101795
привилегия 5,010635 0,010846
недостаток 3,912023 0,002823
среда 2,612740 0,001885
роскомнадзор 0,013423 0,000010
технология 0,013423 0,000019
следствие 3,624341 0,002615
комфортный 3,218876 0,002322
идентифицировать 5,010635 0,003615
сезонный 4,317488 0,003115
номер 2,708050 0,005862
преимущество 3,064725 0,008845
скидка 3,912023 0,005645
сформироваться 4,317488 0,003115
москва 0,006689 0,000014
поднести 5,010635 0,003615
воспользоваться 0,013423 0,000039
предоставлять 2,813411 0,002030
подойти 2,813411 0,002030
оформление 2,813411 0,012179
отдельный 2,525729 0,001822
мобильный 2,708050 0,009769
экскурсия 4,317488 0,003115
особенно 2,612740 0,001885
лицо 1,714798 0,004949
команда 2,708050 0,003908
павел 2,238047 0,003230
далее 0,013423 0,000029
выдача 3,064725 0,006634
являться 1,875141 0,001353
документ 2,371578 0,013689
получать 2,238047 0,001615
хотеть 0,006689 0,000010
открывать 0,013423 0,000019
перейти 0,013423 0,000107
весомый 5,010635 0,003615
стать 0,851752 0,001229
нужно 1,455287 0,001050
работать 1,966113 0,001419
актуально 5,010635 0,003615
оглавление 1,791759 0,001293
приобретать 3,064725 0,002211
обращение 0,013423 0,000029
вызывать 3,624341 0,002615
это 0,013423 0,000077
спецпроект 0,190354 0,000137
массовый 0,013423 0,000010
обработка 0,013423 0,000048
поддерживать 2,371578 0,001711
код 3,218876 0,006967
удобство 3,218876 0,002322
медиабанкфутбольный 5,010635 0,007230
атрибутика 5,010635 0,003615
новость 0,006689 0,000092
автограф 5,010635 0,003615
долгосрочный 3,912023 0,002823
стоить 1,678431 0,002422
доступный 2,302585 0,001661
покупать 2,612740 0,003770
зарегистрироваться 0,013423 0,000048
пожаловаться 0,006689 0,000005
войти 0,006689 0,000019
отслеживать 3,912023 0,002823
эл 0,013423 0,000010
устойчивость 3,624341 0,002615
радио 0,274437 0,000198
дзен 0,851752 0,000615
стадион 5,010635 0,043382
защита 0,013423 0,000039
лояльность 3,624341 0,005230
регистрация 0,013423 0,000048
почему 0,013423 0,000010
восстановление 0,013423 0,000039
быстрый 1,714798 0,001237
добавить 1,514128 0,001092
предотвратить 4,317488 0,003115
билет 3,624341 0,057529
вконтакте 0,013423 0,000019
программа 1,919593 0,001385
мфц 3,218876 0,006967
логин 0,013423 0,000010
нарушение 0,013423 0,000039
конфиденциальность 0,013423 0,000039
навсегда 0,013423 0,000010
трибуна 5,010635 0,003615
разбираться 3,912023 0,002823
привязать 3,624341 0,002615
действие 0,013423 0,000019
лисицын 3,218876 0,004645
релиз 0,013423 0,000010
назад 0,013423 0,000048
первый 0,883501 0,000637
список 0,013423 0,000010
кабинет 2,813411 0,008120
обязательный 0,013423 0,000068
ошибка 0,013423 0,000048
приобрести 2,302585 0,001661
вопрос 0,006689 0,000039
правонарушение 5,010635 0,007230
зубовский 0,013423 0,000019
игра 1,609438 0,004645
заполнить 0,013423 0,000087
статус 2,813411 0,002030
размер 2,014903 0,001454
ваш 0,013423 0,000194
общество 0,257045 0,000185
имя 0,013423 0,000048
ответ 1,791759 0,003878
главное 1,609438 0,001161
мнение 2,238047 0,004844
срок 0,013423 0,000039
личность 2,931194 0,002115
основание 0,013423 0,000019
кто 2,014903 0,001454
издание 0,013423 0,000010
бульвар 0,013423 0,000019
сетевой 0,013423 0,000010
считаться 2,525729 0,001822
зайти 3,624341 0,002615
потребоваться 2,525729 0,001822
позволять 2,238047 0,006459
использование 0,013423 0,000010
вновь 0,013423 0,000010
самый 0,967584 0,001396
сменить 0,013423 0,000019
материал 0,013423 0,000087
участвовать 0,013423 0,000029
товар 3,064725 0,002211
сообщить 0,013423 0,000010
быть 0,013423 0,000010
успешно 0,013423 0,000010
скриншот 0,013423 0,000029
истечь 0,013423 0,000010
лента 0,006689 0,000010
присвоить 5,010635 0,003615
назначение 3,064725 0,002211
электронный 0,013423 0,000039
отделение 2,612740 0,001885
турникет 5,010635 0,003615
сфера 0,013423 0,000010
спорт 0,190354 0,000687
ряд 2,612740 0,001885
мочь 1,399717 0,005049
этот 1,514128 0,001092
свидетельство 0,013423 0,000010
четыре 2,302585 0,001661
комментирование 0,013423 0,000019
приложение 3,064725 0,013267
блокироваться 0,013423 0,000010
посещаемость 5,010635 0,007230
друг 2,612740 0,003770
выдаваться 3,912023 0,002823
аналогично 4,317488 0,003115
оформлять 3,401197 0,004908
сохранить 0,013423 0,000019
правило 0,013423 0,000058
основной 2,371578 0,001711
поклонник 3,912023 0,002823
применение 0,013423 0,000010
взаимодействие 0,013423 0,000019
дать 0,013423 0,000048
пресс 0,013423 0,000019
согласный 0,013423 0,000029
персональный 0,013423 0,000077
возможный 1,576648 0,001138
покупаться 5,010635 0,003615
перетянуть 0,013423 0,000010
смочь 0,006689 0,000005
эксклюзивный 5,010635 0,007230
использоваться 0,006689 0,000005
адаптация 3,624341 0,002615
кубок 3,912023 0,002823
третий 1,919593 0,002770
спортивный 3,064725 0,004422
игрок 2,708050 0,005862
готовый 0,006689 0,000010
дата 0,006689 0,000010
чемпионат 2,708050 0,001954
одноклассник 0,013423 0,000019
недопустимый 0,013423 0,000010
вы 0,013423 0,000010
фио 0,013423 0,000010
восстановить 0,013423 0,000010
пожалуйста 0,013423 0,000010
российский 0,883501 0,001275
паспорт 2,525729 0,005467
авг 5,010635 0,003615
цель 1,966113 0,001419
необходимо 1,791759 0,002586
просто 1,714798 0,002474
версия 0,013423 0,000010
ниже 0,013423 0,000029
россия 0,006689 0,000082
интернет 2,708050 0,001954
простой 1,272966 0,000918
смотреть 1,966113 0,001419
тег 0,190354 0,000137
обычно 2,813411 0,002030
зарегистрировать 0,013423 0,000010
требование 1,832581 0,001322
платить 3,912023 0,002823
лёгкость 3,912023 0,002823
консультант 3,624341 0,002615
проведение 2,177422 0,003142
медиабанккарта 5,010635 0,003615
необходимость 2,177422 0,001571
сайт 0,013423 0,000039
поле 0,013423 0,000077
полезный 0,143101 0,000103
галочка 0,013423 0,000010
заблокировать 0,013423 0,000019
перетащить 0,013423 0,000029
туризм 0,283247 0,000204
поддерживаетсяполучить 0,013423 0,000010
адрес 0,013423 0,000058
другой 0,013423 0,000058
соответствие 0,013423 0,000019
унитарный 0,013423 0,000029
обладатель 3,624341 0,007845
давать 0,013423 0,000019
отправка 0,013423 0,000010
чалабов 5,010635 0,007230
загрузить 0,013423 0,000029
критерий 3,624341 0,002615
направление 0,013423 0,000010
телефон 0,013423 0,000029
собственный 2,445686 0,001765
редакция 0,013423 0,000029
филипп 2,445686 0,007058
индустрия 3,624341 0,002615
должный 0,013423 0,000019
число 1,643339 0,001186
клуб 3,218876 0,004645
контроль 2,371578 0,003422
причина 2,066196 0,001491
автор 0,013423 0,000010
старый 0,013423 0,000010
сообщение 0,013423 0,000136
ребёнок 1,514128 0,001092
происшествие 0,292136 0,000211
неисправность 4,317488 0,003115
подтвердить 0,013423 0,000019
обновить 0,985284 0,000711
эксперт 1,373049 0,002972
медиабанкоформление 5,010635 0,003615
инцидент 4,317488 0,003115
сессия 5,010635 0,003615
авторизация 0,013423 0,000010
религия 0,283247 0,000204
рейтинг 0,006689 0,000005
форма 0,013423 0,000116
нажать 4,317488 0,009345
дом 1,514128 0,001092
внедрить 5,010635 0,003615
культура 0,292136 0,000211
мероприятие 2,931194 0,008459
статья 0,013423 0,000010
родственник 3,912023 0,002823
недвижимость 0,292136 0,000211
наш 1,919593 0,001385
редактор 0,013423 0,000010
фгуп 0,499776 0,001803
удобный 2,931194 0,006345
близкий 2,066196 0,002982
получить 0,985284 0,005687
многие 2,525729 0,001822
суперкубок 4,317488 0,003115
контакт 0,013423 0,000010
направить 2,371578 0,001711
повышение 3,401197 0,002454
тема 0,013423 0,000029
покупка 2,931194 0,004230
сервис 0,174353 0,000252
государственный 0,013423 0,000029
фактор 3,624341 0,002615
передать 2,612740 0,007540
дискуссия 0,013423 0,000019
предложение 2,612740 0,005655
инвестиция 3,218876 0,002322
сделать 1,226446 0,003540
связанный 0,013423 0,000019
служба 0,006689 0,000005
риа 0,006689 0,000082
судимость 5,010635 0,003615
заметить 0,013423 0,000010
технический 2,612740 0,001885
закрытый 0,013423 0,000010
обращать 0,013423 0,000010
рекомендательный 0,013423 0,000010
анкета 5,010635 0,007230
будущее 2,238047 0,001615
год 0,006689 0,000005
медиабанк 1,321756 0,003815
распространить 3,064725 0,002211
увеличение 3,064725 0,002211
международный 0,013423 0,000029
берет 5,010635 0,003615
матч 2,066196 0,026834
безопасность 1,919593 0,005540
который 0,603916 0,001307
конфликтный 4,317488 0,003115
футбольный 3,218876 0,027869
например 1,714798 0,003712
агентство 0,013423 0,000039
перспектива 2,708050 0,001954
привести 2,371578 0,001711
авторизоваться 0,013423 0,000019
идентификация 3,912023 0,005645
выбрать 0,013423 0,000039
сегодня 0,013423 0,000097
страна 1,139434 0,000822
пропустить 2,931194 0,002115
просить 0,013423 0,000010
инструмент 3,218876 0,004645
случай 1,643339 0,001186
акция 2,931194 0,004230
такой 1,098612 0,000793
новыесначала 0,013423 0,000010
нужный 1,643339 0,004743
создание 2,302585 0,004984
несколько 1,544899 0,002229
предоставить 2,066196 0,001491
место 1,272966 0,001837
шапка 0,013423 0,000010
отправить 0,013423 0,000136
продолжить 0,006689 0,000005
решение 0,006689 0,000005
лига 1,966113 0,001419
проходить 2,177422 0,001571
ознакомить 0,013423 0,000010
вакансия 0,013423 0,000010
включать 2,813411 0,002030
мы 0,013423 0,000068
проставлять 0,013423 0,000010
болельщик 3,064725 0,137094
участие 0,006689 0,000014
аккаунт 0,013423 0,000048
экономика 0,292136 0,000211
тот 1,576648 0,002275
обсуждение 0,013423 0,000019
использовать 0,013423 0,000029
опечатка 0,013423 0,000010
каждый 1,399717 0,002020
безусловно 4,317488 0,003115
указать 2,708050 0,005862
онлайн 0,013423 0,000039
почта 0,013423 0,000087
блокировка 0,013423 0,000039
осуществляться 0,013423 0,000010
обеспечение 2,612740 0,001885
раздел 2,525729 0,007289
вызвать 2,371578 0,001711
история 1,139434 0,000822
идеальный 2,445686 0,001765
апрель 0,013423 0,000010
категория 1,576648 0,001138
фамилия 0,013423 0,000010
евгений 2,238047 0,001615
клубный 5,010635 0,003615
яндекс 0,013423 0,000019
уровень 2,014903 0,001454
финансовый 1,714798 0,002474
либо 0,013423 0,000010
федеральный 0,013423 0,000039
нажимать 0,013423 0,000010
семья 2,014903 0,002908
поиск 0,013423 0,000010
способствовать 2,813411 0,002030
попробовать 0,013423 0,000010
заполнение 0,013423 0,000077
участник 1,752539 0,001264
познакомиться 4,317488 0,003115
внимание 0,013423 0,000010
принимать 0,013423 0,000010
алексей 1,966113 0,005674
условие 1,321756 0,000954
помогать 2,445686 0,003529
премьер 2,931194 0,002115
возможность 1,752539 0,001264
абонемент 5,010635 0,007230
занимать 2,525729 0,005467
выпуск 0,013423 0,000010
безопасный 3,064725 0,004422
информация 2,066196 0,001491
занять 3,218876 0,002322
надзор 0,013423 0,000010
вовлечённость 5,010635 0,003615
видеть 2,931194 0,002115
аудитория 3,624341 0,002615
упрощённый 4,317488 0,003115
способ 0,013423 0,000039
предприятие 0,013423 0,000029
высокий 2,238047 0,001615
наука 0,283247 0,000204
упростить 3,401197 0,002454
обратный 0,013423 0,000068
продукт 0,135438 0,000098
произойти 0,013423 0,000010
второй 1,427116 0,001030
