истечь 0,013423 0,000018
лента 0,006689 0,000018
законный 0,013423 0,000018
архивный 1,347074 0,001820
новый 0,006689 0,000018
собеседник 3,064725 0,004142
найти 0,013423 0,000018
письмо 0,013423 0,000036
отделение 2,612740 0,003531
сфера 0,013423 0,000018
электронный 0,013423 0,000018
спасибо 0,013423 0,000018
спорт 0,190354 0,000257
расширить 0,006689 0,000009
свидетельство 0,013423 0,000018
согласие 0,013423 0,000036
центр 0,166448 0,000225
комментирование 0,013423 0,000036
доступ 0,013423 0,000036
блокироваться 0,013423 0,000018
миа 0,013423 0,000127
задать 0,013423 0,000018
связаться 0,013423 0,000109
глава 1,919593 0,002594
правило 0,013423 0,000091
сохранить 0,013423 0,000018
г 0,013423 0,000036
реклама 0,013423 0,000036
фото 0,013423 0,000036
отказаться 2,708050 0,003660
политика 0,013423 0,000091
связь 0,006689 0,000072
применение 0,013423 0,000018
взаимодействие 0,013423 0,000036
о 0,013423 0,000018
дать 0,013423 0,000036
призвать 2,525729 0,003413
пресс 0,013423 0,000036
согласный 0,013423 0,000054
персональный 0,013423 0,000145
перетянуть 0,013423 0,000018
рамиль 3,912023 0,010573
течение 0,013423 0,000018
смочь 0,006689 0,000009
использоваться 0,006689 0,000009
третий 1,919593 0,002594
готовый 0,006689 0,000018
дата 0,006689 0,000009
мир 0,223144 0,000302
пройти 0,006689 0,000009
заголовок 0,013423 0,000036
одноклассник 0,013423 0,000036
недопустимый 0,013423 0,000018
информационный 0,013423 0,000073
вы 0,013423 0,000018
фио 0,013423 0,000018
восстановить 0,013423 0,000018
пожалуйста 0,013423 0,000018
хулиганство 5,010635 0,006771
рассмотреть 0,013423 0,000018
расположить 0,013423 0,000036
речь 2,813411 0,007604
версия 0,013423 0,000018
время 0,013423 0,000018
ниже 0,013423 0,000054
кнопка 0,013423 0,000018
интернет 2,708050 0,036595
россия 0,006689 0,000199
тег 0,190354 0,000257
зарегистрировать 0,013423 0,000018
ранее 0,013423 0,000018
подкаст 0,292136 0,000395
главный 0,013423 0,000018
проблема 0,013423 0,000018
данные 0,013423 0,000145
также 1,139434 0,001540
член 2,238047 0,006049
город 0,013423 0,000018
разблокировать 0,013423 0,000054
фотография 0,013423 0,000018
дмитрий 1,576648 0,002131
административный 5,010635 0,006771
сайт 0,013423 0,000054
поле 0,013423 0,000145
час 0,013423 0,000036
чат 0,013423 0,000036
региональный 3,064725 0,004142
полезный 0,143101 0,000193
новостеймолния 0,013423 0,000018
написать 0,013423 0,000018
галочка 0,013423 0,000018
заблокировать 0,013423 0,000036
перетащить 0,013423 0,000054
вырасти 2,931194 0,003961
соглашаться 0,013423 0,000018
россиянин 1,576648 0,008522
туризм 0,283247 0,000383
сначала 0,013423 0,000018
мелкий 2,371578 0,003205
поддерживаетсяполучить 0,013423 0,000018
адрес 0,013423 0,000091
другой 0,013423 0,000054
компьютер 3,064725 0,008283
соответствие 0,013423 0,000036
унитарный 0,013423 0,000054
давать 0,013423 0,000036
показать 0,013423 0,000018
отправка 0,013423 0,000018
загрузить 0,013423 0,000036
направление 0,013423 0,000018
телефон 0,013423 0,000018
пароль 0,013423 0,000200
редакция 0,013423 0,000054
удалить 0,013423 0,000073
медиабанкмужчина 4,317488 0,005834
себя 2,445686 0,003305
выражать 3,401197 0,004596
вход 0,013423 0,000036
должный 0,013423 0,000018
читать 0,791128 0,001069
описать 0,013423 0,000018
размещение 0,013423 0,000018
ассоциация 3,912023 0,021146
сколько 0,006689 0,000009
автор 0,013423 0,000018
старый 0,013423 0,000018
сообщение 0,013423 0,000254
сумма 2,302585 0,003112
происшествие 0,292136 0,000395
подтвердить 0,013423 0,000018
обновить 0,985284 0,001331
подтверждать 0,013423 0,000018
гаврилов 0,013423 0,000018
учредитель 0,013423 0,000018
часть 1,373049 0,001855
авторизация 0,013423 0,000018
религия 0,283247 0,000383
рейтинг 0,006689 0,000009
форма 0,013423 0,000218
ссылка 0,013423 0,000073
коммуникация 0,013423 0,000018
мой 0,013423 0,000091
культура 0,292136 0,000395
архив 0,190354 0,000257
помочь 0,013423 0,000018
лексика 4,317488 0,005834
статья 0,013423 0,000036
описание 0,013423 0,000018
грозить 2,612740 0,035307
процесс 0,013423 0,000018
недвижимость 0,292136 0,000395
роскомнадзор 0,013423 0,000018
обществороссияассоциация 5,010635 0,006771
технология 0,013423 0,000036
редактор 0,013423 0,000018
фгуп 0,499776 0,003377
контакт 0,013423 0,000018
москва 0,006689 0,000027
воспользоваться 0,013423 0,000073
тема 0,013423 0,000054
сервис 0,174353 0,000236
государственный 0,013423 0,000054
неуважение 4,317488 0,005834
дискуссия 0,013423 0,000036
связанный 0,013423 0,000036
служба 0,006689 0,000009
риа 0,006689 0,000136
заметить 0,013423 0,000018
закрытый 0,013423 0,000018
обращать 0,013423 0,000018
рекомендательный 0,013423 0,000018
далее 0,013423 0,000036
год 0,006689 0,000009
медиабанк 1,321756 0,001786
хотеть 0,006689 0,000009
открывать 0,013423 0,000036
омский 4,317488 0,011669
перейти 0,013423 0,000054
международный 0,013423 0,000054
повторный 3,064725 0,012425
человеческий 4,317488 0,005834
штраф 3,064725 0,020708
обращение 0,013423 0,000054
агентство 0,013423 0,000091
нецензурный 4,317488 0,011669
спецпроект 0,190354 0,000257
массовый 0,013423 0,000018
обработка 0,013423 0,000091
это 0,013423 0,000018
ситдиков 4,317488 0,011669
мат 3,218876 0,034799
ответственность 2,931194 0,003961
авторизоваться 0,013423 0,000036
выбрать 0,013423 0,000054
рассказать 0,933098 0,008827
сегодня 0,013423 0,000181
новость 0,006689 0,000154
просить 0,013423 0,000018
новыесначала 0,013423 0,000018
зарегистрироваться 0,013423 0,000091
пожаловаться 0,006689 0,000009
войти 0,006689 0,000036
оскорблять 4,317488 0,005834
шапка 0,013423 0,000018
отправить 0,013423 0,000254
государство 2,177422 0,002942
продолжить 0,006689 0,000009
решение 0,006689 0,000009
росмолодёжь 5,010635 0,006771
ознакомить 0,013423 0,000018
вакансия 0,013423 0,000018
эл 0,013423 0,000018
мы 0,013423 0,000127
проставлять 0,013423 0,000018
радио 0,274437 0,000371
участие 0,006689 0,000009
дзен 0,851752 0,001151
аккаунт 0,013423 0,000091
экономика 0,292136 0,000395
защита 0,013423 0,000073
регистрация 0,013423 0,000091
обсуждение 0,013423 0,000036
опечатка 0,013423 0,000018
использовать 0,013423 0,000018
почему 0,013423 0,000018
рубль 2,302585 0,021781
гражданин 2,066196 0,002792
восстановление 0,013423 0,000073
онлайн 0,013423 0,000018
почта 0,013423 0,000127
добавить 1,514128 0,002046
блокировка 0,013423 0,000073
осуществляться 0,013423 0,000018
апрель 0,013423 0,000018
вконтакте 0,013423 0,000036
фамилия 0,013423 0,000018
логин 0,013423 0,000018
нарушение 0,013423 0,000109
коап 5,010635 0,006771
конфиденциальность 0,013423 0,000073
навсегда 0,013423 0,000018
яндекс 0,013423 0,000036
действие 0,013423 0,000018
либо 0,013423 0,000018
федеральный 0,013423 0,000073
релиз 0,013423 0,000018
нажимать 0,013423 0,000018
назад 0,013423 0,000091
список 0,013423 0,000018
макаров 4,317488 0,011669
тысяча 1,919593 0,020752
мужчина 2,612740 0,003531
нравственность 5,010635 0,006771
поиск 0,013423 0,000018
обязательный 0,013423 0,000127
февраль 0,567984 0,000768
ошибка 0,013423 0,000054
вопрос 0,006689 0,000036
зубовский 0,013423 0,000036
юрист 2,371578 0,035253
попробовать 0,013423 0,000018
заполнение 0,013423 0,000127
заполнить 0,013423 0,000127
внимание 0,013423 0,000018
принимать 0,013423 0,000018
ваш 0,013423 0,000290
общество 0,257045 0,001737
имя 0,013423 0,000091
достоинство 4,317488 0,005834
выпуск 0,013423 0,000018
срок 0,013423 0,000036
основание 0,013423 0,000018
издание 0,013423 0,000018
бульвар 0,013423 0,000036
сетевой 0,013423 0,000018
влечь 3,624341 0,004898
надзор 0,013423 0,000018
использование 0,013423 0,000036
фев 1,399717 0,001892
вновь 0,013423 0,000018
сменить 0,013423 0,000018
ненормативный 5,010635 0,006771
предприятие 0,013423 0,000054
способ 0,013423 0,000036
материал 0,013423 0,000145
наука 0,283247 0,000383
участвовать 0,013423 0,000036
сообщить 0,013423 0,000054
обратный 0,013423 0,000127
продукт 0,135438 0,000183
произойти 0,013423 0,000018
общественный 3,218876 0,004350
быть 0,013423 0,000018
успешно 0,013423 0,000018
скриншот 0,013423 0,000054
