поездка 3,401197 0,006314
метро 3,912023 0,002421
личный 2,177422 0,004042
аварийный 3,624341 0,006728
законный 0,013423 0,000008
новый 0,006689 0,000021
день 0,591795 0,001099
найти 0,013423 0,000008
письмо 0,013423 0,000017
спасибо 0,013423 0,000008
расширить 0,006689 0,000004
согласие 0,013423 0,000017
центр 0,166448 0,000103
доступ 0,013423 0,000017
миа 0,013423 0,000058
задать 0,013423 0,000008
помощь 1,321756 0,003272
связаться 0,013423 0,000050
г 0,013423 0,000017
реклама 0,013423 0,000017
фото 0,013423 0,000108
пункт 2,238047 0,006925
политика 0,013423 0,000042
москвич 3,218876 0,005976
связь 0,006689 0,000033
о 0,013423 0,000008
средство 2,120264 0,001312
течение 0,013423 0,000008
цикличный 5,010635 0,003101
инженерный 3,912023 0,009683
уделять 4,317488 0,002672
ветер 3,912023 0,007262
мир 0,223144 0,000138
обеспечить 2,120264 0,003936
весь 1,021651 0,002529
пройти 0,006689 0,000004
заголовок 0,013423 0,000017
информационный 0,013423 0,000033
рассмотреть 0,013423 0,000008
расположить 0,013423 0,000017
время 0,013423 0,000008
кнопка 0,013423 0,000008
социальный 1,678431 0,005193
мощный 2,525729 0,014067
данный 2,014903 0,001247
сильный 1,919593 0,009503
ранее 0,013423 0,000008
ситуация 1,643339 0,004068
полдень 5,010635 0,003101
подкаст 0,292136 0,000181
главный 0,013423 0,000008
проблема 0,013423 0,000008
режим 2,066196 0,008950
данные 0,013423 0,000066
составлять 2,238047 0,004155
также 1,139434 0,004936
сергей 1,544899 0,007648
город 0,013423 0,000158
разблокировать 0,013423 0,000025
фотография 0,013423 0,000008
час 0,013423 0,000017
чат 0,013423 0,000017
метр 3,401197 0,006314
тройка 3,401197 0,006314
написать 0,013423 0,000017
новостеймолния 0,013423 0,000008
прометание 4,317488 0,002672
внимательный 3,912023 0,007262
соглашаться 0,013423 0,000008
сначала 0,013423 0,000008
территория 2,302585 0,001425
порыв 4,317488 0,008015
показать 0,013423 0,000008
ключевой 2,445686 0,007567
пароль 0,013423 0,000091
механизировать 4,317488 0,002672
удалить 0,013423 0,000033
последствие 1,544899 0,004780
платформа 3,218876 0,003984
вход 0,013423 0,000017
противогололёдный 4,317488 0,005343
читать 0,791128 0,000490
хозяйство 2,612740 0,011318
описать 0,013423 0,000008
размещение 0,013423 0,000008
сколько 0,006689 0,000004
городской 2,302585 0,022798
дежурить 3,912023 0,007262
видео 1,832581 0,001134
перенести 3,624341 0,006728
мера 1,875141 0,001160
бирюковснегопад 4,317488 0,002672
подтверждать 0,013423 0,000008
гаврилов 0,013423 0,000008
учредитель 0,013423 0,000008
часть 1,373049 0,005098
ссылка 0,013423 0,000033
москвапетра 4,317488 0,002672
коммуникация 0,013423 0,000008
задействовать 3,624341 0,011214
мой 0,013423 0,000042
архив 0,190354 0,000118
помочь 0,013423 0,000008
проезд 4,317488 0,010687
помимо 2,708050 0,001676
описание 0,013423 0,000008
процесс 0,013423 0,000008
предполагаться 3,912023 0,007262
бирюков 3,624341 0,008971
уборка 2,708050 0,015082
роскомнадзор 0,013423 0,000008
селиверстов 3,218876 0,011951
технология 0,013423 0,000017
вывозиться 4,317488 0,010687
москва 0,006689 0,000207
воспользоваться 0,013423 0,000033
ожидаться 3,401197 0,008419
обрушиться 2,931194 0,007255
охватить 5,010635 0,003101
свыше 3,064725 0,005689
далее 0,013423 0,000017
собянингородский 4,317488 0,002672
ликвидировать 2,708050 0,001676
уличный 3,218876 0,005976
последующий 3,218876 0,001992
секунда 3,218876 0,005976
непрерывный 4,317488 0,002672
хотеть 0,006689 0,000004
открывать 0,013423 0,000017
зона 2,371578 0,002935
перейти 0,013423 0,000282
убирать 4,317488 0,026717
стать 0,851752 0,001581
бить 2,612740 0,006467
станция 3,401197 0,004209
работать 1,966113 0,004867
григорий 3,624341 0,026913
обращение 0,013423 0,000025
отечество 3,401197 0,006314
обработка 0,013423 0,000050
спецпроект 0,190354 0,000118
массовый 0,013423 0,000008
это 0,013423 0,000008
поддерживать 2,371578 0,001468
слово 1,514128 0,002811
давность 3,912023 0,007262
новость 0,006689 0,000186
остановка 3,218876 0,009959
справиться 3,401197 0,006314
снежный 3,218876 0,007968
цикл 3,624341 0,002243
михаил 2,525729 0,018755
непрерывно 5,010635 0,003101
синоптик 3,912023 0,007262
сантиметр 3,624341 0,006728
зарегистрироваться 0,013423 0,000042
привлечь 2,525729 0,010941
пожаловаться 0,006689 0,000004
покров 3,912023 0,007262
войти 0,006689 0,000029
дорога 3,064725 0,003793
улица 2,612740 0,009701
пешеходный 4,317488 0,005343
эл 0,013423 0,000008
радио 0,274437 0,000170
дзен 0,851752 0,000527
месячный 3,624341 0,008971
защита 0,013423 0,000033
регистрация 0,013423 0,000042
почему 0,013423 0,000008
особый 1,752539 0,005422
восстановление 0,013423 0,000033
осадки 3,912023 0,012104
призывать 3,912023 0,007262
добавить 1,514128 0,000937
объект 2,708050 0,008379
вконтакте 0,013423 0,000017
логин 0,013423 0,000008
конфиденциальность 0,013423 0,000033
нарушение 0,013423 0,000025
навсегда 0,013423 0,000008
побить 4,317488 0,008015
защитник 3,218876 0,005976
действие 0,013423 0,000008
релиз 0,013423 0,000008
назад 0,013423 0,000042
продолжать 2,371578 0,004403
список 0,013423 0,000008
техника 2,708050 0,001676
состояние 1,919593 0,005939
норма 2,525729 0,006252
обязательный 0,013423 0,000058
февраль 0,567984 0,002109
ошибка 0,013423 0,000025
вопрос 0,006689 0,000017
зубовский 0,013423 0,000017
утилизация 4,317488 0,010687
уточнить 2,931194 0,001814
компания 1,919593 0,003564
заполнить 0,013423 0,000058
высота 3,624341 0,006728
наблюдение 4,317488 0,008015
ваш 0,013423 0,000141
общество 0,257045 0,000636
железнодорожный 3,064725 0,001896
имя 0,013423 0,000042
мцк 4,317488 0,002672
срок 0,013423 0,000017
основание 0,013423 0,000008
издание 0,013423 0,000008
бульвар 0,013423 0,000017
сетевой 0,013423 0,000008
столичный 3,401197 0,012628
использование 0,013423 0,000008
фев 1,399717 0,000866
вновь 0,013423 0,000008
самый 0,967584 0,003593
сменить 0,013423 0,000008
аномальный 5,010635 0,003101
материал 0,013423 0,000066
участвовать 0,013423 0,000017
сообщить 0,013423 0,000025
быть 0,013423 0,000008
успешно 0,013423 0,000008
закончиться 3,401197 0,006314
скриншот 0,013423 0,000025
автомобиль 2,612740 0,004850
бригада 3,218876 0,005976
истечь 0,013423 0,000008
аккуратный 3,624341 0,006728
лента 0,006689 0,000008
сфера 0,013423 0,000050
электронный 0,013423 0,000008
жкх 2,708050 0,005027
спорт 0,190354 0,000118
транспорт 3,064725 0,015172
свидетельство 0,013423 0,000008
комментирование 0,013423 0,000017
спецтехник 4,317488 0,010687
погода 3,064725 0,005689
блокироваться 0,013423 0,000008
отметить 2,014903 0,003741
правило 0,013423 0,000042
сохранить 0,013423 0,000008
циклон 3,401197 0,008419
применение 0,013423 0,000008
взаимодействие 0,013423 0,000017
дать 0,013423 0,000017
пресс 0,013423 0,000017
согласный 0,013423 0,000025
персональный 0,013423 0,000066
перетянуть 0,013423 0,000008
станислав 3,624341 0,006728
снег 2,371578 0,039624
усиленный 2,931194 0,010883
обновиться 4,317488 0,008015
смочь 0,006689 0,000004
использоваться 0,006689 0,000004
прогнозировать 3,912023 0,007262
пётр 2,238047 0,005540
готовый 0,006689 0,000008
прогноз 3,064725 0,005689
дата 0,006689 0,000004
суточный 4,317488 0,008015
одноклассник 0,013423 0,000017
недопустимый 0,013423 0,000008
вы 0,013423 0,000008
фио 0,013423 0,000008
восстановить 0,013423 0,000008
пожалуйста 0,013423 0,000008
проводить 2,445686 0,001513
специалист 2,371578 0,010273
версия 0,013423 0,000008
ниже 0,013423 0,000025
россия 0,006689 0,000050
сутки 2,371578 0,004403
сысоев 3,624341 0,026913
рекорд 2,708050 0,011730
тег 0,190354 0,000118
зарегистрировать 0,013423 0,000008
парк 3,624341 0,008971
устранять 4,317488 0,005343
москвеобществосергей 4,317488 0,002672
январь 1,040343 0,000644
осуществлять 3,624341 0,002243
сайт 0,013423 0,000025
поле 0,013423 0,000066
полезный 0,143101 0,000089
галочка 0,013423 0,000008
сложный 1,966113 0,003650
заблокировать 0,013423 0,000017
перетащить 0,013423 0,000025
туризм 0,283247 0,000175
сотрудник 1,791759 0,011088
поддерживаетсяполучить 0,013423 0,000008
адрес 0,013423 0,000042
другой 0,013423 0,000025
соответствие 0,013423 0,000025
работа 1,427116 0,000883
унитарный 0,013423 0,000025
утро 3,401197 0,006314
давать 0,013423 0,000017
отправка 0,013423 0,000008
собянин 3,624341 0,017942
загрузить 0,013423 0,000017
сплошной 3,912023 0,002421
сеть 2,371578 0,004403
скорее 3,064725 0,005689
направление 0,013423 0,000008
телефон 0,013423 0,000008
редакция 0,013423 0,000025
магистраль 3,912023 0,012104
должный 0,013423 0,000008
число 1,643339 0,007118
коммунальный 2,813411 0,022633
контроль 2,371578 0,001468
автор 0,013423 0,000008
старый 0,013423 0,000008
сообщение 0,013423 0,000116
происшествие 0,292136 0,000181
подход 2,708050 0,008379
подтвердить 0,013423 0,000008
метель 3,912023 0,014525
обновить 0,985284 0,000610
погодный 3,912023 0,002421
круглосуточно 4,317488 0,008015
авторизация 0,013423 0,000008
мэр 3,218876 0,011951
снегосплавной 3,912023 0,002421
религия 0,283247 0,000175
рейтинг 0,006689 0,000004
форма 0,013423 0,000100
оперативный 3,064725 0,013275
максимальный 2,371578 0,014676
включая 2,525729 0,001563
культура 0,292136 0,000181
очередной 2,813411 0,001741
красильников 3,912023 0,007262
справляться 2,813411 0,001741
статья 0,013423 0,000008
выпадение 4,317488 0,010687
воскресенский 4,317488 0,032061
недвижимость 0,292136 0,000181
уделяться 4,317488 0,008015
редактор 0,013423 0,000008
фгуп 0,499776 0,001546
очищать 3,624341 0,002243
контакт 0,013423 0,000008
ликвидация 2,813411 0,001741
тема 0,013423 0,000025
сервис 0,174353 0,000108
государственный 0,013423 0,000025
следить 2,612740 0,001617
дискуссия 0,013423 0,000017
мониторинг 3,401197 0,008419
связанный 0,013423 0,000017
служба 0,006689 0,000099
дорожный 3,912023 0,007262
риа 0,006689 0,000178
заметить 0,013423 0,000008
закрытый 0,013423 0,000008
обращать 0,013423 0,000008
рекомендательный 0,013423 0,000008
заместитель 3,912023 0,002421
год 0,006689 0,000004
медиабанк 1,321756 0,026991
машина 3,218876 0,007968
международный 0,013423 0,000025
максимум 2,931194 0,007255
который 0,603916 0,001121
наталья 2,525729 0,009378
крупный 2,120264 0,003936
агентство 0,013423 0,000033
снегоплавильный 4,317488 0,008015
авторизоваться 0,013423 0,000017
выбрать 0,013423 0,000025
сегодня 0,013423 0,000083
просить 0,013423 0,000008
сразу 1,832581 0,004536
такой 1,098612 0,000680
коммунальщик 3,064725 0,011379
проезжий 4,317488 0,005343
новыесначала 0,013423 0,000008
тротуар 4,317488 0,010687
собранный 4,317488 0,010687
начало 1,643339 0,001017
шапка 0,013423 0,000008
отправить 0,013423 0,000116
регион 1,919593 0,001188
продолжить 0,006689 0,000004
решение 0,006689 0,000004
ознакомить 0,013423 0,000008
очистка 3,912023 0,014525
вакансия 0,013423 0,000008
летний 1,919593 0,003564
мы 0,013423 0,000058
проставлять 0,013423 0,000008
крайне 3,218876 0,005976
участие 0,006689 0,000004
аккаунт 0,013423 0,000042
экономика 0,292136 0,000181
комплекс 2,708050 0,001676
вестись 3,401197 0,006314
обсуждение 0,013423 0,000017
снегопад 2,177422 0,022906
опечатка 0,013423 0,000008
использовать 0,013423 0,000008
онлайн 0,013423 0,000008
почта 0,013423 0,000058
блокировка 0,013423 0,000033
осуществляться 0,013423 0,000008
история 1,139434 0,002115
апрель 0,013423 0,000008
столица 3,064725 0,017068
фамилия 0,013423 0,000008
обрабатывать 3,624341 0,002243
количество 1,919593 0,004751
яндекс 0,013423 0,000017
повторять 3,912023 0,002421
принести 2,371578 0,004403
либо 0,013423 0,000008
федеральный 0,013423 0,000033
нажимать 0,013423 0,000008
формат 2,120264 0,001312
поиск 0,013423 0,000008
предельно 4,317488 0,008015
попробовать 0,013423 0,000008
заполнение 0,013423 0,000058
внимание 0,013423 0,000042
принимать 0,013423 0,000008
расчистка 5,010635 0,003101
возможность 1,752539 0,003253
выпуск 0,013423 0,000008
приоритетный 4,317488 0,002672
пятьдесят 4,317488 0,002672
постоянно 2,371578 0,004403
надзор 0,013423 0,000008
зима 1,919593 0,010691
скорый 2,931194 0,007255
предприятие 0,013423 0,000025
способ 0,013423 0,000017
наука 0,283247 0,000175
браузер 2,612740 0,001617
обратный 0,013423 0,000058
москвыжкхпогода 4,317488 0,002672
продукт 0,135438 0,000084
произойти 0,013423 0,000008
