истечь 0,013423 0,000023
лента 0,006689 0,000023
законный 0,013423 0,000023
новый 0,006689 0,000023
день 0,591795 0,001006
найти 0,013423 0,000068
письмо 0,013423 0,000046
сфера 0,013423 0,000023
электронный 0,013423 0,000023
спасибо 0,013423 0,000023
спорт 0,190354 0,000647
расширить 0,006689 0,000011
мама 3,912023 0,006653
месяц 1,003302 0,001706
свидетельство 0,013423 0,000023
согласие 0,013423 0,000046
центр 0,166448 0,000283
комментирование 0,013423 0,000046
доступ 0,013423 0,000046
блокироваться 0,013423 0,000023
миа 0,013423 0,000046
задать 0,013423 0,000023
связаться 0,013423 0,000137
правило 0,013423 0,000114
сохранить 0,013423 0,000023
г 0,013423 0,000046
реклама 0,013423 0,000046
фото 0,013423 0,000046
политика 0,013423 0,000114
связь 0,006689 0,000091
применение 0,013423 0,000023
взаимодействие 0,013423 0,000046
о 0,013423 0,000023
дать 0,013423 0,000046
пресс 0,013423 0,000046
согласный 0,013423 0,000068
персональный 0,013423 0,000183
перетянуть 0,013423 0,000023
аудио 3,912023 0,006653
течение 0,013423 0,000023
смочь 0,006689 0,000011
использоваться 0,006689 0,000011
готовый 0,006689 0,000023
дата 0,006689 0,000034
мир 0,223144 0,000759
инфографик 2,177422 0,007406
пройти 0,006689 0,000011
заголовок 0,013423 0,000046
одноклассник 0,013423 0,000046
недопустимый 0,013423 0,000023
информационный 0,013423 0,000091
вы 0,013423 0,000023
фио 0,013423 0,000023
восстановить 0,013423 0,000023
пожалуйста 0,013423 0,000023
рассмотреть 0,013423 0,000023
релевантность 5,010635 0,008521
расположить 0,013423 0,000046
время 0,013423 0,000068
версия 0,013423 0,000023
ниже 0,013423 0,000068
кнопка 0,013423 0,000023
россия 0,006689 0,000091
тест 2,445686 0,004159
социальный 1,678431 0,002854
тег 0,190354 0,000647
зарегистрировать 0,013423 0,000023
ранее 0,013423 0,000023
подкаст 0,292136 0,000497
главный 0,013423 0,000023
проблема 0,013423 0,000023
данные 0,013423 0,000183
навигатор 2,931194 0,009970
город 0,013423 0,000023
разблокировать 0,013423 0,000068
фотография 0,013423 0,000023
сайт 0,013423 0,000068
поле 0,013423 0,000183
час 0,013423 0,000046
чат 0,013423 0,000046
полезный 0,143101 0,000243
новостеймолния 0,013423 0,000023
написать 0,013423 0,000023
галочка 0,013423 0,000023
заблокировать 0,013423 0,000046
перетащить 0,013423 0,000068
соглашаться 0,013423 0,000023
туризм 0,283247 0,000482
сначала 0,013423 0,000023
поддерживаетсяполучить 0,013423 0,000023
адрес 0,013423 0,000114
другой 0,013423 0,000068
соответствие 0,013423 0,000046
унитарный 0,013423 0,000068
давать 0,013423 0,000046
показать 0,013423 0,000023
отправка 0,013423 0,000023
загрузить 0,013423 0,000046
направление 0,013423 0,000023
телефон 0,013423 0,000023
пароль 0,013423 0,000251
редакция 0,013423 0,000068
удалить 0,013423 0,000091
период 1,118815 0,001903
вход 0,013423 0,000046
должный 0,013423 0,000023
описать 0,013423 0,000023
размещение 0,013423 0,000023
сколько 0,006689 0,000011
автор 0,013423 0,000023
старый 0,013423 0,000023
сообщение 0,013423 0,000320
происшествие 0,292136 0,000497
подтвердить 0,013423 0,000023
видео 1,832581 0,006233
подтверждать 0,013423 0,000023
тип 3,064725 0,010424
гаврилов 0,013423 0,000023
учредитель 0,013423 0,000023
авторизация 0,013423 0,000023
религия 0,283247 0,000482
рейтинг 0,006689 0,000023
форма 0,013423 0,000274
ссылка 0,013423 0,000091
коммуникация 0,013423 0,000023
мой 0,013423 0,000114
культура 0,292136 0,000497
архив 0,190354 0,000324
помочь 0,013423 0,000023
статья 0,013423 0,000023
описание 0,013423 0,000023
процесс 0,013423 0,000023
недвижимость 0,292136 0,000994
роскомнадзор 0,013423 0,000023
технология 0,013423 0,000046
редактор 0,013423 0,000023
контакт 0,013423 0,000023
москва 0,006689 0,000034
воспользоваться 0,013423 0,000091
тема 0,013423 0,000091
сервис 0,174353 0,000297
государственный 0,013423 0,000068
дискуссия 0,013423 0,000046
связанный 0,013423 0,000046
служба 0,006689 0,000011
риа 0,006689 0,000057
заметить 0,013423 0,000023
закрытый 0,013423 0,000023
обращать 0,013423 0,000023
рекомендательный 0,013423 0,000023
далее 0,013423 0,000046
год 0,006689 0,000023
хотеть 0,006689 0,000011
фильтр 4,317488 0,007343
открывать 0,013423 0,000046
перейти 0,013423 0,000023
международный 0,013423 0,000068
фотогалерея 5,010635 0,008521
обращение 0,013423 0,000068
агентство 0,013423 0,000091
спецпроект 0,190354 0,000324
массовый 0,013423 0,000023
обработка 0,013423 0,000114
это 0,013423 0,000023
авторизоваться 0,013423 0,000046
выбрать 0,013423 0,000091
опрос 2,931194 0,004985
сегодня 0,013423 0,000114
новость 0,006689 0,000046
просить 0,013423 0,000023
новыесначала 0,013423 0,000023
зарегистрироваться 0,013423 0,000114
пожаловаться 0,006689 0,000011
войти 0,006689 0,000046
шапка 0,013423 0,000023
отправить 0,013423 0,000320
запрос 2,813411 0,004785
продолжить 0,006689 0,000011
решение 0,006689 0,000011
ознакомить 0,013423 0,000023
вакансия 0,013423 0,000023
эл 0,013423 0,000023
мы 0,013423 0,000160
проставлять 0,013423 0,000023
радио 0,274437 0,000933
сожаление 3,912023 0,006653
участие 0,006689 0,000011
аккаунт 0,013423 0,000114
экономика 0,292136 0,000497
защита 0,013423 0,000091
регистрация 0,013423 0,000114
обсуждение 0,013423 0,000046
опечатка 0,013423 0,000023
использовать 0,013423 0,000023
почему 0,013423 0,000023
восстановление 0,013423 0,000091
онлайн 0,013423 0,000023
фильтрыскрытьсбросить 4,317488 0,007343
почта 0,013423 0,000160
блокировка 0,013423 0,000091
осуществляться 0,013423 0,000023
апрель 0,013423 0,000023
вконтакте 0,013423 0,000046
фамилия 0,013423 0,000023
логин 0,013423 0,000023
конфиденциальность 0,013423 0,000091
нарушение 0,013423 0,000068
навсегда 0,013423 0,000023
яндекс 0,013423 0,000046
действие 0,013423 0,000023
либо 0,013423 0,000023
федеральный 0,013423 0,000091
релиз 0,013423 0,000023
нажимать 0,013423 0,000023
назад 0,013423 0,000114
список 0,013423 0,000023
поиск 0,013423 0,000023
обязательный 0,013423 0,000160
ошибка 0,013423 0,000068
вопрос 0,006689 0,000057
зубовский 0,013423 0,000046
попробовать 0,013423 0,000023
заполнение 0,013423 0,000160
заполнить 0,013423 0,000160
внимание 0,013423 0,000023
принимать 0,013423 0,000023
ваш 0,013423 0,000388
общество 0,257045 0,000437
имя 0,013423 0,000114
ответ 1,791759 0,003047
выпуск 0,013423 0,000023
срок 0,013423 0,000046
основание 0,013423 0,000023
издание 0,013423 0,000023
бульвар 0,013423 0,000046
сетевой 0,013423 0,000023
событие 1,544899 0,002627
надзор 0,013423 0,000023
использование 0,013423 0,000023
неделя 1,181994 0,002010
вновь 0,013423 0,000023
сменить 0,013423 0,000023
предприятие 0,013423 0,000068
способ 0,013423 0,000046
материал 0,013423 0,000274
наука 0,283247 0,000482
участвовать 0,013423 0,000046
абитуриент 5,010635 0,008521
сообщить 0,013423 0,000023
обратный 0,013423 0,000160
продукт 0,135438 0,000230
произойти 0,013423 0,000023
быть 0,013423 0,000023
успешно 0,013423 0,000023
источник 1,966113 0,006687
скриншот 0,013423 0,000068
