состояться 2,708050 0,002786
рф 1,181994 0,002432
формула 3,401197 0,003499
законный 0,013423 0,000014
новый 0,006689 0,000028
найти 0,013423 0,000014
письмо 0,013423 0,000028
советник 3,401197 0,003499
происходить 2,177422 0,002240
спасибо 0,013423 0,000014
выйти 2,371578 0,002440
расширить 0,006689 0,000007
чесноков 4,317488 0,008884
пауэллом 3,912023 0,004025
согласие 0,013423 0,000028
центр 0,166448 0,000171
анонсировать 3,218876 0,003312
касаться 2,371578 0,002440
важный 1,297063 0,001334
доступ 0,013423 0,000028
миа 0,013423 0,000097
заявление 2,066196 0,002126
задать 0,013423 0,000014
предложить 2,066196 0,002126
связаться 0,013423 0,000083
секретарь 2,931194 0,006031
г 0,013423 0,000028
реклама 0,013423 0,000028
фото 0,013423 0,000014
политика 0,013423 0,000110
связь 0,006689 0,000055
о 0,013423 0,000014
британец 3,401197 0,003499
течение 0,013423 0,000014
сила 1,455287 0,004492
саммит 3,401197 0,003499
мир 0,223144 0,000230
деловой 3,064725 0,003153
пройти 0,006689 0,000007
заголовок 0,013423 0,000028
информационный 0,013423 0,000055
даби 3,912023 0,004025
рассмотреть 0,013423 0,000014
расположить 0,013423 0,000028
время 0,013423 0,000028
конец 1,643339 0,001691
кнопка 0,013423 0,000014
данный 2,014903 0,002073
ранее 0,013423 0,000014
европеец 3,912023 0,004025
согласовать 4,317488 0,004442
подкаст 0,292136 0,000301
главный 0,013423 0,000014
проблема 0,013423 0,000014
данные 0,013423 0,000110
также 1,139434 0,001172
украина 1,160488 0,031042
город 0,013423 0,000083
разблокировать 0,013423 0,000041
италия 2,014903 0,002073
фотография 0,013423 0,000014
дмитрий 1,576648 0,008110
расколоть 2,525729 0,002598
час 0,013423 0,000028
мединский 2,612740 0,043008
чат 0,013423 0,000028
новостеймолния 0,013423 0,000014
написать 0,013423 0,000014
соглашаться 0,013423 0,000014
сначала 0,013423 0,000014
нерешённый 3,912023 0,004025
показать 0,013423 0,000014
пароль 0,013423 0,000152
кремль 2,177422 0,006720
вооружённый 2,014903 0,004146
удалить 0,013423 0,000055
мирный 2,525729 0,010394
офис 2,931194 0,003016
вход 0,013423 0,000028
обменяться 3,624341 0,003729
читать 0,791128 0,000814
описать 0,013423 0,000014
размещение 0,013423 0,000014
дональд 2,371578 0,002440
сколько 0,006689 0,000007
зять 3,912023 0,004025
путинвладимир 5,010635 0,005155
один 1,098612 0,001130
уиткофф 3,401197 0,003499
видео 1,832581 0,001885
подтверждать 0,013423 0,000014
гаврилов 0,013423 0,000014
учредитель 0,013423 0,000014
часть 1,373049 0,001413
ссылка 0,013423 0,000055
сторона 1,609438 0,001656
коммуникация 0,013423 0,000014
мой 0,013423 0,000069
обсудить 3,401197 0,003499
рассчитывать 2,931194 0,003016
архив 0,190354 0,000196
помочь 0,013423 0,000014
раунд 2,931194 0,006031
заявить 1,272966 0,002619
сша 1,118815 0,011510
описание 0,013423 0,000014
процесс 0,013423 0,000041
переговорный 3,401197 0,003499
роскомнадзор 0,013423 0,000014
технология 0,013423 0,000028
зрение 3,401197 0,003499
москва 0,006689 0,000034
воспользоваться 0,013423 0,000055
соединить 2,708050 0,002786
спецпосланник 3,912023 0,004025
екатерина 2,445686 0,005032
далее 0,013423 0,000028
хотеть 0,006689 0,000014
открывать 0,013423 0,000028
перейти 0,013423 0,000041
кушнер 3,401197 0,003499
террорист 3,401197 0,003499
вчера 1,576648 0,001622
обращение 0,013423 0,000041
провести 1,919593 0,001975
группа 2,302585 0,002369
это 0,013423 0,000028
умный 2,708050 0,002786
спецпроект 0,190354 0,000196
массовый 0,013423 0,000014
обработка 0,013423 0,000069
поддерживать 2,371578 0,002440
большинство 2,612740 0,002688
украинский 1,576648 0,003244
слово 1,514128 0,004673
донбасс 2,612740 0,002688
новость 0,006689 0,000103
вашингтон 2,120264 0,002181
долгосрочный 3,912023 0,004025
стоить 1,678431 0,001727
зарегистрироваться 0,013423 0,000069
пожаловаться 0,006689 0,000007
войти 0,006689 0,000028
захаров 2,813411 0,002894
эл 0,013423 0,000014
радио 0,274437 0,000282
дзен 0,851752 0,000876
защита 0,013423 0,000055
регистрация 0,013423 0,000069
почему 0,013423 0,000014
восстановление 0,013423 0,000055
германия 2,525729 0,002598
вконтакте 0,013423 0,000028
логин 0,013423 0,000014
конфиденциальность 0,013423 0,000055
нарушение 0,013423 0,000041
навсегда 0,013423 0,000014
путин 1,373049 0,016951
действие 0,013423 0,000014
релиз 0,013423 0,000014
назад 0,013423 0,000069
список 0,013423 0,000028
итог 2,302585 0,009476
обязательный 0,013423 0,000097
февраль 0,567984 0,001169
ошибка 0,013423 0,000041
вопрос 0,006689 0,000041
зубовский 0,013423 0,000028
уточнить 2,931194 0,003016
подавлять 4,317488 0,004442
заполнить 0,013423 0,000097
ваш 0,013423 0,000235
общество 0,257045 0,000264
имя 0,013423 0,000069
присутствовать 3,218876 0,003312
срок 0,013423 0,000028
основание 0,013423 0,000014
издание 0,013423 0,000014
песок 2,177422 0,013441
бульвар 0,013423 0,000028
сетевой 0,013423 0,000014
рубио 3,218876 0,003312
использование 0,013423 0,000014
фев 1,399717 0,001440
вновь 0,013423 0,000014
банда 2,525729 0,002598
сменить 0,013423 0,000014
материал 0,013423 0,000110
участвовать 0,013423 0,000028
сообщить 0,013423 0,000014
европейский 1,791759 0,001843
быть 0,013423 0,000014
успешно 0,013423 0,000014
точка 2,813411 0,002894
скриншот 0,013423 0,000041
росфинмониторинг 3,912023 0,004025
истечь 0,013423 0,000014
продолжение 3,624341 0,003729
песковроссияполитикасшавооруженный 5,010635 0,005155
лента 0,006689 0,000014
медиабанктрёхсторонний 5,010635 0,005155
сфера 0,013423 0,000014
электронный 0,013423 0,000014
спорт 0,190354 0,000196
франция 2,708050 0,002786
свидетельство 0,013423 0,000014
экстремист 3,912023 0,004025
комментирование 0,013423 0,000028
сказать 2,371578 0,002440
урегулирование 2,612740 0,008064
блокироваться 0,013423 0,000014
буданов 3,401197 0,003499
джонатан 3,912023 0,004025
глава 1,919593 0,007900
отметить 2,014903 0,002073
правило 0,013423 0,000069
сохранить 0,013423 0,000014
основной 2,371578 0,002440
народ 2,238047 0,002303
тяжёлый 2,525729 0,002598
схема 3,218876 0,003312
высказываться 4,317488 0,004442
применение 0,013423 0,000014
взаимодействие 0,013423 0,000028
дать 0,013423 0,000028
пресс 0,013423 0,000069
согласный 0,013423 0,000041
персональный 0,013423 0,000110
возможный 1,576648 0,001622
перетянуть 0,013423 0,000014
смысл 2,708050 0,002786
смочь 0,006689 0,000007
использоваться 0,006689 0,000007
третий 1,919593 0,001975
готовый 0,006689 0,000014
признать 1,966113 0,002023
кира 3,624341 0,003729
дата 0,006689 0,000007
одноклассник 0,013423 0,000028
недопустимый 0,013423 0,000014
вы 0,013423 0,000014
фио 0,013423 0,000014
кирилл 1,875141 0,001929
восстановить 0,013423 0,000014
пожалуйста 0,013423 0,000014
российский 0,883501 0,001818
версия 0,013423 0,000014
ниже 0,013423 0,000041
узнать 2,014903 0,002073
слуга 3,401197 0,003499
россия 0,006689 0,000138
тег 0,190354 0,000196
абу 3,912023 0,004025
зарегистрировать 0,013423 0,000014
январь 1,040343 0,001070
премьера 3,624341 0,003729
сайт 0,013423 0,000041
поле 0,013423 0,000110
американский 1,966113 0,002023
полезный 0,143101 0,000147
галочка 0,013423 0,000014
сложный 1,966113 0,002023
штат 2,014903 0,002073
заблокировать 0,013423 0,000028
перетащить 0,013423 0,000041
наблюдать 3,064725 0,003153
представитель 2,302585 0,009476
туризм 0,283247 0,000291
поддерживаетсяполучить 0,013423 0,000014
адрес 0,013423 0,000069
зеленский 1,875141 0,005787
другой 0,013423 0,000041
соответствие 0,013423 0,000028
работа 1,427116 0,001468
унитарный 0,013423 0,000041
давать 0,013423 0,000028
рабочий 2,708050 0,002786
отправка 0,013423 0,000014
загрузить 0,013423 0,000028
скорее 3,064725 0,003153
направление 0,013423 0,000014
телефон 0,013423 0,000014
редакция 0,013423 0,000041
ход 2,238047 0,020723
украинаженев 5,010635 0,005155
должный 0,013423 0,000028
снбо 3,624341 0,003729
автор 0,013423 0,000014
старый 0,013423 0,000014
сообщение 0,013423 0,000193
происшествие 0,292136 0,000301
подход 2,708050 0,005572
умер 3,624341 0,003729
внести 2,612740 0,002688
подтвердить 0,013423 0,000014
стармера 3,624341 0,003729
обновить 0,985284 0,001014
война 2,238047 0,002303
авторизация 0,013423 0,000014
религия 0,283247 0,000291
рейтинг 0,006689 0,000007
форма 0,013423 0,000166
культура 0,292136 0,000301
мероприятие 2,931194 0,003016
статья 0,013423 0,000014
возглавлять 3,218876 0,003312
военнопленный 3,912023 0,004025
вторник 3,401197 0,003499
недвижимость 0,292136 0,000301
трёхсторонний 4,317488 0,013326
редактор 0,013423 0,000014
фгуп 0,499776 0,002571
близкий 2,066196 0,002126
контакт 0,013423 0,000055
территориальный 3,624341 0,003729
план 1,678431 0,001727
тема 0,013423 0,000041
сервис 0,174353 0,000179
государственный 0,013423 0,000041
арахамия 3,624341 0,003729
дискуссия 0,013423 0,000028
сделать 1,226446 0,001262
стив 3,401197 0,003499
связанный 0,013423 0,000028
служба 0,006689 0,000007
риа 0,006689 0,000089
заметить 0,013423 0,000014
закрытый 0,013423 0,000041
обращать 0,013423 0,000014
рекомендательный 0,013423 0,000014
переговоры 1,875141 0,036654
год 0,006689 0,000007
медиабанк 1,321756 0,001360
фракция 3,064725 0,003153
международный 0,013423 0,000041
безопасность 1,919593 0,003950
трамп 1,544899 0,001589
делегация 2,708050 0,008358
который 0,603916 0,000621
приезжать 3,624341 0,003729
агентство 0,013423 0,000055
джаред 3,624341 0,003729
авторизоваться 0,013423 0,000028
выбрать 0,013423 0,000041
рассказать 0,933098 0,000960
сегодня 0,013423 0,000138
президент 1,643339 0,001691
просить 0,013423 0,000014
руководитель 2,445686 0,002516
новыесначала 0,013423 0,000014
давид 3,218876 0,003312
начало 1,643339 0,001691
шапка 0,013423 0,000014
отправить 0,013423 0,000193
продолжить 0,006689 0,000007
решение 0,006689 0,000014
проходить 2,177422 0,002240
ознакомить 0,013423 0,000014
накануне 3,218876 0,003312
доложить 3,064725 0,028377
вакансия 0,013423 0,000014
мы 0,013423 0,000097
проставлять 0,013423 0,000014
участие 0,006689 0,000021
утверждать 2,302585 0,002369
рада 3,401197 0,003499
аккаунт 0,013423 0,000069
экономика 0,292136 0,000301
вестись 3,401197 0,003499
обсуждение 0,013423 0,000028
опечатка 0,013423 0,000014
использовать 0,013423 0,000014
онлайн 0,013423 0,000014
почта 0,013423 0,000097
блокировка 0,013423 0,000055
прокомментировать 2,371578 0,002440
мединскийпереговор 5,010635 0,005155
осуществляться 0,013423 0,000014
киев 1,832581 0,003771
апрель 0,013423 0,000014
столица 3,064725 0,003153
фамилия 0,013423 0,000014
рустем 3,624341 0,003729
яндекс 0,013423 0,000028
владимир 1,373049 0,016951
либо 0,013423 0,000014
федеральный 0,013423 0,000055
нажимать 0,013423 0,000014
формат 2,120264 0,002181
завершение 2,708050 0,002786
поиск 0,013423 0,000014
всу 2,238047 0,002303
лагерь 2,612740 0,002688
подчеркнуть 2,931194 0,003016
способствовать 2,813411 0,002894
попробовать 0,013423 0,000014
заполнение 0,013423 0,000097
внимание 0,013423 0,000014
принимать 0,013423 0,000014
условие 1,321756 0,001360
женева 2,238047 0,039143
встреча 1,832581 0,007541
выпуск 0,013423 0,000014
надзор 0,013423 0,000014
видеть 2,931194 0,003016
предприятие 0,013423 0,000041
способ 0,013423 0,000028
наука 0,283247 0,000291
браузер 2,612740 0,002688
обратный 0,013423 0,000097
продукт 0,135438 0,000139
произойти 0,013423 0,000014
аляска 3,624341 0,003729
источник 1,966113 0,002023
второй 1,427116 0,001468
