автомобиль 2,612740 0,004911
бригада 3,218876 0,006051
поездка 3,401197 0,006393
истечь 0,013423 0,000013
аккуратный 3,624341 0,006813
личный 2,177422 0,004093
аварийный 3,624341 0,006813
лента 0,006689 0,000013
законный 0,013423 0,000013
новый 0,006689 0,000025
день 0,591795 0,001112
найти 0,013423 0,000013
письмо 0,013423 0,000025
сфера 0,013423 0,000038
электронный 0,013423 0,000013
спасибо 0,013423 0,000013
спорт 0,190354 0,000179
расширить 0,006689 0,000006
транспорт 3,064725 0,011522
свидетельство 0,013423 0,000013
согласие 0,013423 0,000025
центр 0,166448 0,000156
комментирование 0,013423 0,000025
спецтехник 4,317488 0,008116
доступ 0,013423 0,000025
блокироваться 0,013423 0,000013
миа 0,013423 0,000088
задать 0,013423 0,000013
помощь 1,321756 0,002485
связаться 0,013423 0,000076
отметить 2,014903 0,003787
правило 0,013423 0,000063
сохранить 0,013423 0,000013
г 0,013423 0,000025
реклама 0,013423 0,000025
фото 0,013423 0,000063
циклон 3,401197 0,006393
пункт 2,238047 0,004207
политика 0,013423 0,000063
москвич 3,218876 0,006051
связь 0,006689 0,000050
применение 0,013423 0,000013
взаимодействие 0,013423 0,000025
о 0,013423 0,000013
дать 0,013423 0,000025
пресс 0,013423 0,000025
согласный 0,013423 0,000038
персональный 0,013423 0,000101
перетянуть 0,013423 0,000013
станислав 3,624341 0,006813
снег 2,371578 0,008916
течение 0,013423 0,000013
усиленный 2,931194 0,005510
обновиться 4,317488 0,008116
смочь 0,006689 0,000006
использоваться 0,006689 0,000006
прогнозировать 3,912023 0,007353
инженерный 3,912023 0,007353
готовый 0,006689 0,000013
прогноз 3,064725 0,005761
ветер 3,912023 0,007353
дата 0,006689 0,000006
мир 0,223144 0,000210
обеспечить 2,120264 0,003985
весь 1,021651 0,001920
пройти 0,006689 0,000006
заголовок 0,013423 0,000025
суточный 4,317488 0,008116
одноклассник 0,013423 0,000025
недопустимый 0,013423 0,000013
информационный 0,013423 0,000050
вы 0,013423 0,000013
фио 0,013423 0,000013
восстановить 0,013423 0,000013
пожалуйста 0,013423 0,000013
рассмотреть 0,013423 0,000013
расположить 0,013423 0,000025
специалист 2,371578 0,004458
версия 0,013423 0,000013
время 0,013423 0,000013
ниже 0,013423 0,000038
кнопка 0,013423 0,000013
россия 0,006689 0,000075
сутки 2,371578 0,004458
социальный 1,678431 0,003155
сысоев 3,624341 0,027251
рекорд 2,708050 0,025452
тег 0,190354 0,000179
мощный 2,525729 0,023738
зарегистрировать 0,013423 0,000013
парк 3,624341 0,006813
сильный 1,919593 0,007217
ранее 0,013423 0,000013
ситуация 1,643339 0,003089
подкаст 0,292136 0,000275
главный 0,013423 0,000013
проблема 0,013423 0,000013
режим 2,066196 0,003884
данные 0,013423 0,000101
составлять 2,238047 0,004207
также 1,139434 0,004284
сергей 1,544899 0,002904
город 0,013423 0,000063
разблокировать 0,013423 0,000038
фотография 0,013423 0,000013
сайт 0,013423 0,000038
поле 0,013423 0,000101
час 0,013423 0,000025
чат 0,013423 0,000025
метр 3,401197 0,006393
тройка 3,401197 0,006393
полезный 0,143101 0,000134
новостеймолния 0,013423 0,000013
написать 0,013423 0,000013
галочка 0,013423 0,000013
сложный 1,966113 0,003696
заблокировать 0,013423 0,000025
перетащить 0,013423 0,000038
внимательный 3,912023 0,007353
соглашаться 0,013423 0,000013
туризм 0,283247 0,000266
сотрудник 1,791759 0,003368
сначала 0,013423 0,000013
поддерживаетсяполучить 0,013423 0,000013
адрес 0,013423 0,000063
другой 0,013423 0,000038
соответствие 0,013423 0,000025
унитарный 0,013423 0,000038
порыв 4,317488 0,008116
утро 3,401197 0,006393
давать 0,013423 0,000025
показать 0,013423 0,000013
отправка 0,013423 0,000013
собянин 3,624341 0,006813
загрузить 0,013423 0,000025
сеть 2,371578 0,004458
скорее 3,064725 0,005761
ключевой 2,445686 0,004597
направление 0,013423 0,000013
телефон 0,013423 0,000013
пароль 0,013423 0,000139
редакция 0,013423 0,000038
магистраль 3,912023 0,007353
удалить 0,013423 0,000050
последствие 1,544899 0,008712
вход 0,013423 0,000025
должный 0,013423 0,000013
читать 0,791128 0,000744
коммунальный 2,813411 0,005288
описать 0,013423 0,000013
размещение 0,013423 0,000013
сколько 0,006689 0,000006
автор 0,013423 0,000013
старый 0,013423 0,000013
сообщение 0,013423 0,000177
городской 2,302585 0,008656
происшествие 0,292136 0,000275
подход 2,708050 0,005090
подтвердить 0,013423 0,000013
дежурить 3,912023 0,007353
метель 3,912023 0,014707
обновить 0,985284 0,000926
перенести 3,624341 0,006813
фотомоскваснегопад 5,010635 0,004709
подтверждать 0,013423 0,000013
круглосуточно 4,317488 0,008116
гаврилов 0,013423 0,000013
учредитель 0,013423 0,000013
часть 1,373049 0,002581
авторизация 0,013423 0,000013
мэр 3,218876 0,006051
религия 0,283247 0,000266
рейтинг 0,006689 0,000006
форма 0,013423 0,000151
оперативный 3,064725 0,011522
ссылка 0,013423 0,000050
коммуникация 0,013423 0,000013
задействовать 3,624341 0,006813
максимальный 2,371578 0,004458
мой 0,013423 0,000063
культура 0,292136 0,000275
красильников 3,912023 0,007353
архив 0,190354 0,000179
помочь 0,013423 0,000013
проезд 4,317488 0,008116
справляться 2,813411 0,015865
статья 0,013423 0,000013
выпадение 4,317488 0,008116
описание 0,013423 0,000013
процесс 0,013423 0,000013
предполагаться 3,912023 0,007353
воскресенский 4,317488 0,032462
недвижимость 0,292136 0,000275
уделяться 4,317488 0,008116
роскомнадзор 0,013423 0,000013
селиверстов 3,218876 0,012101
технология 0,013423 0,000025
редактор 0,013423 0,000013
фгуп 0,499776 0,002349
вывозиться 4,317488 0,008116
контакт 0,013423 0,000013
москва 0,006689 0,000113
воспользоваться 0,013423 0,000050
ожидаться 3,401197 0,006393
тема 0,013423 0,000038
сервис 0,174353 0,000164
государственный 0,013423 0,000038
обрушиться 2,931194 0,005510
дискуссия 0,013423 0,000025
мониторинг 3,401197 0,006393
связанный 0,013423 0,000025
служба 0,006689 0,000044
дорожный 3,912023 0,007353
риа 0,006689 0,000195
заметить 0,013423 0,000013
закрытый 0,013423 0,000013
обращать 0,013423 0,000013
свыше 3,064725 0,005761
рекомендательный 0,013423 0,000013
далее 0,013423 0,000025
уличный 3,218876 0,006051
секунда 3,218876 0,006051
год 0,006689 0,000006
медиабанк 1,321756 0,027330
машина 3,218876 0,006051
хотеть 0,006689 0,000006
открывать 0,013423 0,000025
перейти 0,013423 0,000290
международный 0,013423 0,000038
максимум 2,931194 0,005510
стать 0,851752 0,001601
бить 2,612740 0,019645
работать 1,966113 0,003696
григорий 3,624341 0,027251
который 0,603916 0,001135
наталья 2,525729 0,009495
крупный 2,120264 0,003985
обращение 0,013423 0,000038
агентство 0,013423 0,000050
отечество 3,401197 0,006393
снегоплавильный 4,317488 0,008116
спецпроект 0,190354 0,000179
массовый 0,013423 0,000013
обработка 0,013423 0,000063
это 0,013423 0,000013
слово 1,514128 0,002846
авторизоваться 0,013423 0,000025
давность 3,912023 0,007353
выбрать 0,013423 0,000038
сегодня 0,013423 0,000126
новость 0,006689 0,000207
просить 0,013423 0,000013
сразу 1,832581 0,003445
остановка 3,218876 0,006051
справиться 3,401197 0,006393
снежный 3,218876 0,006051
михаил 2,525729 0,018990
синоптик 3,912023 0,007353
сантиметр 3,624341 0,006813
новыесначала 0,013423 0,000013
тротуар 4,317488 0,008116
зарегистрироваться 0,013423 0,000063
пожаловаться 0,006689 0,000006
собранный 4,317488 0,008116
покров 3,912023 0,007353
войти 0,006689 0,000038
улица 2,612740 0,004911
шапка 0,013423 0,000013
отправить 0,013423 0,000177
продолжить 0,006689 0,000006
решение 0,006689 0,000006
ознакомить 0,013423 0,000013
очистка 3,912023 0,014707
вакансия 0,013423 0,000013
эл 0,013423 0,000013
летний 1,919593 0,003608
мы 0,013423 0,000088
проставлять 0,013423 0,000013
крайне 3,218876 0,006051
радио 0,274437 0,000258
участие 0,006689 0,000006
дзен 0,851752 0,000801
аккаунт 0,013423 0,000063
месячный 3,624341 0,006813
экономика 0,292136 0,000275
защита 0,013423 0,000050
регистрация 0,013423 0,000063
вестись 3,401197 0,006393
обсуждение 0,013423 0,000025
снегопад 2,177422 0,030697
опечатка 0,013423 0,000013
использовать 0,013423 0,000013
почему 0,013423 0,000013
особый 1,752539 0,003294
восстановление 0,013423 0,000050
осадки 3,912023 0,007353
онлайн 0,013423 0,000013
почта 0,013423 0,000088
призывать 3,912023 0,007353
блокировка 0,013423 0,000050
объект 2,708050 0,005090
осуществляться 0,013423 0,000013
история 1,139434 0,002142
апрель 0,013423 0,000013
вконтакте 0,013423 0,000025
столица 3,064725 0,011522
фамилия 0,013423 0,000013
логин 0,013423 0,000013
конфиденциальность 0,013423 0,000050
нарушение 0,013423 0,000038
навсегда 0,013423 0,000013
количество 1,919593 0,003608
яндекс 0,013423 0,000025
побить 4,317488 0,008116
принести 2,371578 0,004458
защитник 3,218876 0,006051
действие 0,013423 0,000013
либо 0,013423 0,000013
федеральный 0,013423 0,000050
релиз 0,013423 0,000013
нажимать 0,013423 0,000013
назад 0,013423 0,000063
продолжать 2,371578 0,004458
список 0,013423 0,000013
состояние 1,919593 0,003608
поиск 0,013423 0,000013
норма 2,525729 0,004748
обязательный 0,013423 0,000088
февраль 0,567984 0,002135
ошибка 0,013423 0,000038
предельно 4,317488 0,008116
вопрос 0,006689 0,000025
зубовский 0,013423 0,000025
утилизация 4,317488 0,008116
попробовать 0,013423 0,000013
компания 1,919593 0,003608
заполнение 0,013423 0,000088
заполнить 0,013423 0,000088
внимание 0,013423 0,000038
принимать 0,013423 0,000013
высота 3,624341 0,006813
наблюдение 4,317488 0,008116
ваш 0,013423 0,000202
общество 0,257045 0,000242
имя 0,013423 0,000063
возможность 1,752539 0,003294
выпуск 0,013423 0,000013
срок 0,013423 0,000025
основание 0,013423 0,000013
издание 0,013423 0,000013
бульвар 0,013423 0,000025
сетевой 0,013423 0,000013
столичный 3,401197 0,006393
постоянно 2,371578 0,004458
надзор 0,013423 0,000013
зима 1,919593 0,010825
использование 0,013423 0,000013
вновь 0,013423 0,000013
самый 0,967584 0,003638
сменить 0,013423 0,000013
скорый 2,931194 0,005510
предприятие 0,013423 0,000038
способ 0,013423 0,000025
материал 0,013423 0,000101
наука 0,283247 0,000266
участвовать 0,013423 0,000025
сообщить 0,013423 0,000013
обратный 0,013423 0,000088
продукт 0,135438 0,000127
произойти 0,013423 0,000013
быть 0,013423 0,000013
успешно 0,013423 0,000013
закончиться 3,401197 0,006393
скриншот 0,013423 0,000038
