горка 3,401197 0,003233
истечь 0,013423 0,000013
лента 0,006689 0,000013
законный 0,013423 0,000013
яйцо 1,966113 0,018689
новый 0,006689 0,000013
день 0,591795 0,000563
покрасить 2,813411 0,010697
рпл 2,371578 0,002254
найти 0,013423 0,000013
католический 2,931194 0,005573
письмо 0,013423 0,000026
сфера 0,013423 0,000013
электронный 0,013423 0,000013
спасибо 0,013423 0,000013
спорт 0,190354 0,000181
расширить 0,006689 0,000006
месяц 1,003302 0,000954
церковь 2,708050 0,036039
свидетельство 0,013423 0,000013
согласие 0,013423 0,000026
центр 0,166448 0,000158
комментирование 0,013423 0,000026
веселие 4,317488 0,004104
доступ 0,013423 0,000026
блокироваться 0,013423 0,000013
миа 0,013423 0,000026
народный 2,177422 0,004140
задать 0,013423 0,000013
связаться 0,013423 0,000077
иисус 3,218876 0,006120
правило 0,013423 0,000064
сохранить 0,013423 0,000013
суета 3,912023 0,003719
г 0,013423 0,000026
реклама 0,013423 0,000026
фото 0,013423 0,000013
политика 0,013423 0,000064
связь 0,006689 0,000051
применение 0,013423 0,000013
взаимодействие 0,013423 0,000026
о 0,013423 0,000013
дать 0,013423 0,000038
пресс 0,013423 0,000026
согласный 0,013423 0,000038
персональный 0,013423 0,000102
перетянуть 0,013423 0,000013
течение 0,013423 0,000013
православный 2,525729 0,033612
область 1,427116 0,002713
смочь 0,006689 0,000006
использоваться 0,006689 0,000006
третий 1,919593 0,001825
готовый 0,006689 0,000013
скорлупа 3,401197 0,003233
футбол 2,238047 0,004255
известно 2,931194 0,002786
дата 0,006689 0,000006
мир 0,223144 0,000424
пройти 0,006689 0,000006
традиционный 1,919593 0,003649
заголовок 0,013423 0,000026
чемпионат 2,708050 0,002574
одноклассник 0,013423 0,000026
недопустимый 0,013423 0,000013
информационный 0,013423 0,000051
вы 0,013423 0,000013
фио 0,013423 0,000013
восстановить 0,013423 0,000013
пожалуйста 0,013423 0,000013
русский 1,118815 0,013826
рассмотреть 0,013423 0,000013
расположить 0,013423 0,000026
мировоззрение 4,317488 0,008208
ярмарка 4,317488 0,004104
версия 0,013423 0,000013
время 0,013423 0,000026
ниже 0,013423 0,000038
кнопка 0,013423 0,000013
россия 0,006689 0,000083
освятить 3,912023 0,003719
выходить 3,064725 0,002913
тег 0,190354 0,000181
зарегистрировать 0,013423 0,000013
готовить 1,966113 0,001869
кашира 5,010635 0,004763
ранее 0,013423 0,000013
подкаст 0,292136 0,000278
главный 0,013423 0,000013
проблема 0,013423 0,000013
данные 0,013423 0,000102
сергей 1,544899 0,001469
город 0,013423 0,000013
разблокировать 0,013423 0,000038
благодатный 3,401197 0,019398
фотография 0,013423 0,000013
сайт 0,013423 0,000038
поле 0,013423 0,000102
армянский 2,708050 0,002574
час 0,013423 0,000026
чат 0,013423 0,000026
полезный 0,143101 0,000136
новостеймолния 0,013423 0,000013
написать 0,013423 0,000013
галочка 0,013423 0,000013
заблокировать 0,013423 0,000026
перетащить 0,013423 0,000038
схождение 3,624341 0,017226
соглашаться 0,013423 0,000013
россиянин 1,576648 0,001499
особенность 2,120264 0,002015
туризм 0,283247 0,000269
сначала 0,013423 0,000013
поддерживаетсяполучить 0,013423 0,000013
годность 5,010635 0,004763
адрес 0,013423 0,000064
другой 0,013423 0,000038
соответствие 0,013423 0,000026
иркутск 5,010635 0,004763
начать 1,966113 0,001869
унитарный 0,013423 0,000038
давать 0,013423 0,000026
показать 0,013423 0,000013
отправка 0,013423 0,000013
загрузить 0,013423 0,000026
направление 0,013423 0,000013
телефон 0,013423 0,000013
пароль 0,013423 0,000140
редакция 0,013423 0,000038
подмосковье 2,238047 0,012765
удалить 0,013423 0,000051
поминки 5,010635 0,004763
период 1,118815 0,001064
праздник 1,427116 0,004070
вход 0,013423 0,000026
должный 0,013423 0,000013
описать 0,013423 0,000013
размещение 0,013423 0,000013
апостольский 3,401197 0,003233
сколько 0,006689 0,000006
автор 0,013423 0,000013
старый 0,013423 0,000013
сообщение 0,013423 0,000179
палестина 2,813411 0,005349
польза 2,302585 0,004378
происшествие 0,292136 0,000278
подтвердить 0,013423 0,000013
доставить 3,401197 0,003233
ветка 3,624341 0,006890
совет 1,226446 0,001166
чехия 3,218876 0,003060
ущерб 3,912023 0,003719
светлый 2,612740 0,099344
пасха 2,525729 0,160859
подтверждать 0,013423 0,000013
гаврилов 0,013423 0,000013
учредитель 0,013423 0,000013
авторизация 0,013423 0,000013
религия 0,283247 0,005116
рейтинг 0,006689 0,000006
форма 0,013423 0,000153
последний 0,899761 0,000855
московский 1,678431 0,003191
ссылка 0,013423 0,000051
коммуникация 0,013423 0,000013
инструкция 1,966113 0,001869
мусульманин 4,317488 0,004104
мой 0,013423 0,000064
культура 0,292136 0,000278
якунин 5,010635 0,004763
архив 0,190354 0,000181
помочь 0,013423 0,000013
набор 2,931194 0,002786
статья 0,013423 0,000013
чемпионство 5,010635 0,004763
сша 1,118815 0,001064
описание 0,013423 0,000013
процесс 0,013423 0,000013
освящать 3,401197 0,003233
оригинальный 2,238047 0,004255
недвижимость 0,292136 0,000278
посвятить 3,218876 0,003060
делать 1,427116 0,005426
роскомнадзор 0,013423 0,000013
технология 0,013423 0,000026
редактор 0,013423 0,000013
контакт 0,013423 0,000013
христов 2,708050 0,095245
москва 0,006689 0,000032
подряд 3,401197 0,003233
воспользоваться 0,013423 0,000051
тема 0,013423 0,000038
объяснить 2,612740 0,002484
красногорск 4,317488 0,004104
сервис 0,174353 0,000166
государственный 0,013423 0,000038
дискуссия 0,013423 0,000026
связанный 0,013423 0,000026
христос 2,931194 0,005573
служба 0,006689 0,000006
риа 0,006689 0,000019
заметить 0,013423 0,000013
здоровье 1,832581 0,005226
сыктывкар 5,010635 0,004763
закрытый 0,013423 0,000013
обращать 0,013423 0,000013
рекомендательный 0,013423 0,000013
далее 0,013423 0,000026
кулич 3,218876 0,003060
поставить 2,014903 0,001915
греция 4,317488 0,004104
зенит 3,624341 0,006890
стоять 3,401197 0,003233
год 0,006689 0,000019
перепелиный 5,010635 0,009526
стегать 3,624341 0,006890
хотеть 0,006689 0,000006
открывать 0,013423 0,000026
перейти 0,013423 0,000013
подготовка 2,177422 0,002070
международный 0,013423 0,000038
октябрь 1,714798 0,003260
нужно 1,455287 0,001383
стать 0,851752 0,000810
работать 1,966113 0,001869
православие 3,218876 0,015299
празднование 2,708050 0,002574
обращение 0,013423 0,000038
май 1,643339 0,009373
агентство 0,013423 0,000051
огонь 1,966113 0,011214
семак 5,010635 0,009526
спецпроект 0,190354 0,000181
массовый 0,013423 0,000013
обработка 0,013423 0,000064
это 0,013423 0,000013
суеверие 3,401197 0,003233
авторизоваться 0,013423 0,000026
выбрать 0,013423 0,000038
рассказать 0,933098 0,002661
сегодня 0,013423 0,000077
новость 0,006689 0,000057
просить 0,013423 0,000013
сентябрь 1,427116 0,002713
иерусалим 3,912023 0,003719
священник 2,525729 0,009604
верующий 3,624341 0,006890
кргановый 5,010635 0,004763
новыесначала 0,013423 0,000013
зарегистрироваться 0,013423 0,000064
пожаловаться 0,006689 0,000006
войти 0,006689 0,000025
шапка 0,013423 0,000013
отправить 0,013423 0,000179
регион 1,919593 0,001825
продолжить 0,006689 0,000006
решение 0,006689 0,000006
проходить 2,177422 0,004140
снг 4,317488 0,004104
ознакомить 0,013423 0,000013
вакансия 0,013423 0,000013
эл 0,013423 0,000013
мы 0,013423 0,000089
проставлять 0,013423 0,000013
радио 0,274437 0,000261
участие 0,006689 0,000006
аккаунт 0,013423 0,000064
экономика 0,292136 0,000278
защита 0,013423 0,000051
регистрация 0,013423 0,000064
обсуждение 0,013423 0,000026
выбор 2,066196 0,001964
опечатка 0,013423 0,000013
использовать 0,013423 0,000013
почему 0,013423 0,000038
рубль 2,302585 0,002189
восстановление 0,013423 0,000051
онлайн 0,013423 0,000013
воскресение 2,612740 0,094377
вина 2,371578 0,004509
почта 0,013423 0,000089
блокировка 0,013423 0,000051
рецепт 1,118815 0,003191
красный 1,966113 0,001869
осуществляться 0,013423 0,000013
история 1,139434 0,002166
апрель 0,013423 0,000242
вконтакте 0,013423 0,000026
появление 2,525729 0,004802
седмица 3,401197 0,009699
фамилия 0,013423 0,000013
логин 0,013423 0,000013
конфиденциальность 0,013423 0,000051
нарушение 0,013423 0,000038
навсегда 0,013423 0,000013
яндекс 0,013423 0,000026
владимир 1,373049 0,001305
действие 0,013423 0,000013
либо 0,013423 0,000013
федеральный 0,013423 0,000051
релиз 0,013423 0,000013
нажимать 0,013423 0,000013
назад 0,013423 0,000064
справка 1,791759 0,005110
религиозный 2,708050 0,007723
список 0,013423 0,000013
пост 2,302585 0,002189
примета 3,064725 0,005826
поиск 0,013423 0,000013
вербный 3,401197 0,003233
обязательный 0,013423 0,000089
ошибка 0,013423 0,000038
значение 2,238047 0,004255
аналитика 2,177422 0,004140
вопрос 0,006689 0,000025
зубовский 0,013423 0,000026
пасхальный 2,931194 0,011145
попробовать 0,013423 0,000013
муфтий 4,317488 0,004104
заполнение 0,013423 0,000089
заполнить 0,013423 0,000089
альбира 5,010635 0,004763
внимание 0,013423 0,000013
принимать 0,013423 0,000013
предостеречь 4,317488 0,004104
традиция 1,919593 0,012773
запрещать 4,317488 0,004104
ваш 0,013423 0,000204
общество 0,257045 0,002199
имя 0,013423 0,000064
срок 0,013423 0,000038
выпуск 0,013423 0,000013
основание 0,013423 0,000013
уникальный 2,014903 0,003831
издание 0,013423 0,000013
поздравлять 5,010635 0,004763
бульвар 0,013423 0,000026
сетевой 0,013423 0,000013
раскрыть 2,612740 0,002484
надзор 0,013423 0,000013
роскачество 4,317488 0,008208
использование 0,013423 0,000013
неделя 1,181994 0,003371
вновь 0,013423 0,000013
сменить 0,013423 0,000013
способ 0,013423 0,000038
предприятие 0,013423 0,000038
материал 0,013423 0,000115
наука 0,283247 0,000269
участвовать 0,013423 0,000026
какой 1,399717 0,001331
сообщить 0,013423 0,000013
обратный 0,013423 0,000089
выбирать 2,014903 0,003831
красить 2,931194 0,005573
продукт 0,135438 0,000129
произойти 0,013423 0,000013
быть 0,013423 0,000038
пошаговый 1,455287 0,002767
успешно 0,013423 0,000013
скриншот 0,013423 0,000038
