斜褍写写懈泄褋泻懈泄 5,010635 0,018714
褉褎 1,181994 0,001104
蟹邪锌懈褋泻邪 5,010635 0,004678
屑邪褋谢械薪懈褑邪 2,120264 0,003959
蟹邪泻芯薪薪褘泄 0,013423 0,000013
薪芯胁褘泄 0,006689 0,000050
写械薪褜 0,591795 0,001105
薪邪泄褌懈 0,013423 0,000013
泻邪褌芯谢懈褔械褋泻懈泄 2,931194 0,005474
锌懈褋褜屑芯 0,013423 0,000025
褋锌邪褋懈斜芯 0,013423 0,000013
褉邪褋褕懈褉懈褌褜 0,006689 0,000006
褉芯褕 5,010635 0,004678
胁芯泻褉褍谐 3,064725 0,005723
锌芯谢锌褉械写 5,010635 0,004678
锌懈褌褜 3,912023 0,003653
褋芯谐谢邪褋懈械 0,013423 0,000025
褑械薪褌褉 0,166448 0,000155
褉械谢懈谐懈褟锌褉芯懈褋褕械褋褌胁懈褟褔械谢褟斜懈薪褋泻 5,010635 0,004678
写芯褋褌褍锌 0,013423 0,000025
泄芯褉泻 3,064725 0,002862
屑懈邪 0,013423 0,000025
蟹邪写邪褌褜 0,013423 0,000013
胁褋褌褉械褌懈褌褜 2,813411 0,002627
褋胁褟蟹邪褌褜褋褟 0,013423 0,000075
写械泻邪斜褉褜 0,985284 0,001840
褔械谢芯胁械泻 1,118815 0,001045
胁芯写邪 1,576648 0,001472
褋械泻褉械褌邪褉褜 2,931194 0,002737
谐 0,013423 0,000025
褉械泻谢邪屑邪 0,013423 0,000025
褎芯褌芯 0,013423 0,000013
褉锌褑 3,624341 0,020304
锌芯谢懈褌懈泻邪 0,013423 0,000063
褋胁褟蟹褜 0,006689 0,000050
芯 0,013423 0,000013
褋褍写 1,791759 0,001673
褌械褔械薪懈械 0,013423 0,000013
褋械蟹芯薪 2,445686 0,002284
屑懈褉芯胁芯蟹蟹褉械薪懈械褉芯褋褋懈褟褉械褋锌褍斜谢懈泻 5,010635 0,004678
褋懈谢邪 1,455287 0,004076
屑懈褉 0,223144 0,000833
懈褋泻邪褌褜 3,624341 0,003384
锌褉芯泄褌懈 0,006689 0,000006
蟹邪谐芯谢芯胁芯泻 0,013423 0,000025
懈薪褎芯褉屑邪褑懈芯薪薪褘泄 0,013423 0,000050
褉械锌芯褉褌邪卸 3,218876 0,003005
褉褍褋褋泻懈泄 1,118815 0,001045
褋胁械褉褕懈褌褜褋褟 5,010635 0,009357
褉邪褋褋屑芯褌褉械褌褜 0,013423 0,000013
褉邪褋锌芯谢芯卸懈褌褜 0,013423 0,000025
蟹谢芯泄 3,624341 0,003384
褖械谐芯谢械胁褋械褉谐械泄 5,010635 0,004678
褌褑泻 4,317488 0,008063
胁褉械屑褟 0,013423 0,000025
薪邪蟹褘胁邪褌褜 2,120264 0,001980
泻薪芯锌泻邪 0,013423 0,000013
屑械写懈邪褋褎械褉邪 4,317488 0,004031
褉邪薪械械 0,013423 0,000013
谐谢邪胁薪褘泄 0,013423 0,000025
褋懈褌褍邪褑懈褟 1,643339 0,001534
锌芯写泻邪褋褌 0,292136 0,000273
锌褉芯斜谢械屑邪 0,013423 0,000013
写邪薪薪褘械 0,013423 0,000100
褕邪薪邪 5,010635 0,004678
褋邪薪谐褏邪 5,010635 0,009357
褋褌邪褉褌芯胁邪褌褜 3,624341 0,003384
褍泻褉邪懈薪邪 1,160488 0,003251
谐芯褉芯写 0,013423 0,000025
褉邪蟹斜谢芯泻懈褉芯胁邪褌褜 0,013423 0,000038
褎芯褌芯谐褉邪褎懈褟 0,013423 0,000013
谢邪蟹邪褉 4,317488 0,004031
褔邪褋 0,013423 0,000025
褔邪褌 0,013423 0,000025
褏邪 5,010635 0,004678
芯锌芯褉邪 3,624341 0,003384
薪芯胁芯褋褌械泄屑芯谢薪懈褟 0,013423 0,000013
薪邪锌懈褋邪褌褜 0,013423 0,000013
褋芯谐谢邪褕邪褌褜褋褟 0,013423 0,000013
锌械褉胁芯懈械褉邪褉褏 4,317488 0,004031
褋薪邪褔邪谢邪 0,013423 0,000013
锌芯泻邪蟹邪褌褜 0,013423 0,000013
胁褘褋褌邪胁泻邪 2,302585 0,004300
薪芯卸 3,064725 0,002862
锌邪褉芯谢褜 0,013423 0,000138
褋褍写褜褟 3,064725 0,005723
褍写邪谢懈褌褜 0,013423 0,000050
胁褏芯写 0,013423 0,000025
芯锌懈褋邪褌褜 0,013423 0,000013
屑褍褋褍谢褜屑邪薪泻邪 5,010635 0,004678
褉邪蟹屑械褖械薪懈械 0,013423 0,000013
褋泻芯谢褜泻芯 0,006689 0,000006
泻邪褉邪锌械褌褟薪邪褉屑褟薪褋泻懈泄 5,010635 0,014035
芯写懈薪 1,098612 0,002052
褑械褉泻芯胁褜锌褉邪胁芯褋谢邪胁薪褘泄 5,010635 0,004678
褍谐谢褍斜谢褟褌褜褋褟 4,317488 0,008063
褋懈薪芯写 4,317488 0,004031
锌芯写褌胁械褉卸写邪褌褜 0,013423 0,000013
谐邪胁褉懈谢芯胁 0,013423 0,000013
褉械谢懈谐懈褟褉械谢懈谐懈褟屑芯褋泻胁邪泻懈褌邪泄屑芯褋泻芯胁褋泻懈泄 5,010635 0,004678
褍褔褉械写懈褌械谢褜 0,013423 0,000013
褉芯卸写械褋褌胁芯 3,401197 0,003176
褌褞褉械屑薪褘泄 3,624341 0,003384
褋褋褘谢泻邪 0,013423 0,000050
泻芯屑屑褍薪懈泻邪褑懈褟 0,013423 0,000013
斜械褉谢 4,317488 0,004031
屑褍褋褍谢褜屑邪薪懈薪 4,317488 0,008063
屑芯泄 0,013423 0,000063
褋芯褎懈褟 5,010635 0,004678
邪褉褏懈胁 0,190354 0,000178
锌芯屑芯褔褜 0,013423 0,000013
泻褍褉斜邪薪 4,317488 0,008063
褉械谢懈谐懈褟锌邪褌褉懈邪褉褏 5,010635 0,004678
锌谢械屑褟薪薪懈泻 5,010635 0,004678
蟹邪褟胁懈褌褜 1,272966 0,005943
芯锌懈褋邪薪懈械 0,013423 0,000013
锌褉芯褑械褋褋 0,013423 0,000013
芯褋胁褟褖邪褌褜 3,401197 0,006351
懈褞谢褜 1,609438 0,004508
褉芯褋泻芯屑薪邪写蟹芯褉 0,013423 0,000013
褌械褏薪芯谢芯谐懈褟 0,013423 0,000025
褉锌褑蟹 4,317488 0,004031
褉械谢懈谐懈褟薪懈械 5,010635 0,004678
屑芯褋泻胁邪 0,006689 0,000019
褉械谢懈谐懈褟褉芯褋褋懈褟胁谢邪写懈屑懈褉 5,010635 0,009357
胁芯褋锌芯谢褜蟹芯胁邪褌褜褋褟 0,013423 0,000050
褉械谢懈谐懈褟屑芯褋泻胁邪屑懈褏邪懈谢 5,010635 0,004678
褍褉邪蟹 5,010635 0,009357
褏褉懈褋褌芯褋 2,931194 0,002737
芯褋芯斜械薪薪芯 2,612740 0,002440
锌褑褍 5,010635 0,009357
写邪谢械械 0,013423 0,000025
芯锌邪褋薪芯褋褌褜 2,931194 0,002737
褉械谢懈谐懈褟褍泻褉邪懈薪邪褉芯褋褋懈褟褍泻褉邪懈薪褋泻懈泄 5,010635 0,004678
卸懈胁芯褌薪芯械 2,708050 0,002529
褏芯褌械褌褜 0,006689 0,000012
泻谢懈褉懈泻 4,317488 0,008063
芯褌泻褉褘胁邪褌褜 0,013423 0,000025
锌械褉械泄褌懈 0,013423 0,000013
芯褋胁芯斜芯写懈褌褜 2,708050 0,002529
褋褌邪褌褜 0,851752 0,000795
胁褔械褉邪 1,576648 0,013249
褑械褉泻芯胁褜胁邪 5,010635 0,004678
芯斜褉邪褖械薪懈械 0,013423 0,000038
芯斜褖懈薪邪 3,912023 0,007305
锌芯薪械褋褌懈 5,010635 0,009357
褝褌芯 0,013423 0,000050
褋锌械褑锌褉芯械泻褌 0,190354 0,000178
屑邪褋褋芯胁褘泄 0,013423 0,000013
芯斜褉邪斜芯褌泻邪 0,013423 0,000063
褍泻褉邪懈薪褋泻懈泄 1,576648 0,004416
芯褌胁械褌褋褌胁械薪薪芯褋褌褜 2,931194 0,005474
薪芯胁芯褋褌褜 0,006689 0,000031
褉械谢懈谐懈褟邪薪邪谢懈褌懈泻 5,010635 0,004678
褋械薪褌褟斜褉褜 1,427116 0,002665
褉械谢懈谐懈褟褉芯褋褋懈褟褉邪胁懈谢褜 5,010635 0,004678
锌褍褌懈薪斜褍写写懈蟹屑 5,010635 0,004678
胁邪褌懈泻邪薪 3,624341 0,003384
褍薪懈褔褌芯卸懈褌褜 2,708050 0,002529
斜褉邪褌 3,624341 0,003384
蟹邪褉械谐懈褋褌褉懈褉芯胁邪褌褜褋褟 0,013423 0,000063
锌芯卸邪谢芯胁邪褌褜褋褟 0,006689 0,000006
胁芯泄褌懈 0,006689 0,000025
械锌懈褋泻芯锌 5,010635 0,009357
谐邪泄薪褍褌写懈薪芯斜褖械褋褌胁芯 5,010635 0,004678
锌褍褌懈薪芯斜褖械褋褌胁芯 5,010635 0,004678
褝谢 0,013423 0,000013
褉邪写懈芯 0,274437 0,000256
蟹邪褖懈褌邪 0,013423 0,000050
褉械谐懈褋褌褉邪褑懈褟 0,013423 0,000063
械谢懈蟹邪胁械褌懈薪褋泻懈泄 5,010635 0,004678
锌芯褔械屑褍 0,013423 0,000050
褏懈写卸邪斜 5,010635 0,004678
胁芯褋褋褌邪薪芯胁谢械薪懈械 0,013423 0,000050
谢邪胁褉 4,317488 0,004031
褑械褉泻芯胁褜芯斜褖械褋褌胁芯褉械谢懈谐懈褟 5,010635 0,004678
锌邪褌褉懈邪褉褏邪褌胁芯芯褉褍卸械薪薪褘泄 5,010635 0,004678
褉械谢懈谐懈褟褉械褋锌褍斜谢懈泻邪 5,010635 0,004678
胁泻芯薪褌邪泻褌械 0,013423 0,000025
胁懈蟹邪薪褌懈褟 4,317488 0,004031
谢芯谐懈薪 0,013423 0,000013
泻芯薪褎懈写械薪褑懈邪谢褜薪芯褋褌褜 0,013423 0,000050
薪邪褉褍褕械薪懈械 0,013423 0,000038
薪邪胁褋械谐写邪 0,013423 0,000013
褉械谢懈谐懈褟褍泻褉邪懈薪邪泻懈械胁褉芯褋褋懈褟胁谢邪写懈屑懈褉 5,010635 0,004678
锌褍褌懈薪 1,373049 0,005128
写械泄褋褌胁懈械 0,013423 0,000013
褉械谢懈蟹 0,013423 0,000013
薪邪蟹邪写 0,013423 0,000063
邪褉褏懈械锌懈褋泻芯锌 5,010635 0,009357
锌械褉胁褘泄 0,883501 0,001650
褉械谢懈谐懈芯蟹薪褘泄 2,708050 0,002529
褋锌懈褋芯泻 0,013423 0,000013
芯斜胁懈薪懈褌褜 3,624341 0,003384
锌褉懈褞褌 4,317488 0,004031
薪邪褋褌褉芯械薪懈械 3,624341 0,003384
泻褉械褋褌薪褘泄 3,624341 0,003384
锌邪褌褉懈邪褉褏邪褌 3,912023 0,003653
薪邪锌邪褋褌褜 5,010635 0,004678
芯斜褟蟹邪褌械谢褜薪褘泄 0,013423 0,000088
褎械胁褉邪谢褜 0,567984 0,015380
芯褕懈斜泻邪 0,013423 0,000038
泻懈褕懈薪褢胁 3,912023 0,003653
胁芯锌褉芯褋 0,006689 0,000050
蟹褍斜芯胁褋泻懈泄 0,013423 0,000025
蟹邪锌芯谢薪懈褌褜 0,013423 0,000088
胁邪褕 0,013423 0,000201
懈屑褟 0,013423 0,000088
邪谢褌邪泄褉械褋锌褍斜谢懈泻邪 5,010635 0,004678
芯斜褖械褋褌胁芯 0,257045 0,000240
谐谢邪胁薪芯械 1,609438 0,001503
懈褋褔械蟹邪褌褜 5,010635 0,004678
屑芯谢芯写褢卸褜 3,624341 0,003384
懈薪褌械褉胁褜褞 2,813411 0,002627
褋褉芯泻 0,013423 0,000025
锌械褉械胁械褋褌懈 3,624341 0,003384
芯褋薪芯胁邪薪懈械 0,013423 0,000013
褏褉邪屑 3,624341 0,006768
懈蟹写邪薪懈械 0,013423 0,000013
斜褍褉褟褌懈褟 4,317488 0,004031
斜褍谢褜胁邪褉 0,013423 0,000025
褋械褌械胁芯泄 0,013423 0,000013
褉邪褋泻褉褘褌褜 2,612740 0,002440
斜邪泄褉邪屑 4,317488 0,016125
谐褍薪写褟械胁 3,624341 0,010152
懈褋锌芯谢褜蟹芯胁邪薪懈械 0,013423 0,000013
邪胁谐褍褋褌 1,752539 0,001636
胁薪芯胁褜 0,013423 0,000013
褋屑械薪懈褌褜 0,013423 0,000013
屑邪褌械褉懈邪谢 0,013423 0,000113
褋懈屑胁芯谢 2,813411 0,002627
褍褔邪褋褌胁芯胁邪褌褜 0,013423 0,000025
褑械褉泻芯胁褜谐芯褋写褍屑 5,010635 0,004678
褋芯芯斜褖懈褌褜 0,013423 0,000013
屑芯薪邪褏 4,317488 0,012094
泻褉邪褋懈褌褜 2,931194 0,002737
斜褘褌褜 0,013423 0,000013
褍褋锌械褕薪芯 0,013423 0,000013
褋泻褉懈薪褕芯褌 0,013423 0,000038
懈褋褌械褔褜 0,013423 0,000013
芯褌屑械褔邪褌褜 1,399717 0,001307
谢械薪褌邪 0,006689 0,000012
邪褉械褋褌 2,445686 0,002284
写褍褏芯胁械薪褋褌胁芯 5,010635 0,004678
褋褎械褉邪 0,013423 0,000013
褝谢械泻褌褉芯薪薪褘泄 0,013423 0,000013
褋锌芯褉褌 0,190354 0,000178
屑械褋褟褑 1,003302 0,001874
褑械褉泻芯胁褜 2,708050 0,010114
褋胁懈写械褌械谢褜褋褌胁芯 0,013423 0,000013
泻芯屑屑械薪褌懈褉芯胁邪薪懈械 0,013423 0,000025
锌褉芯褌芯懈械褉械泄 5,010635 0,004678
斜谢芯泻懈褉芯胁邪褌褜褋褟 0,013423 0,000013
谐邪胁褉懈谢芯胁褉褍褋褋泻懈泄 5,010635 0,004678
斜谢懈卸薪懈泄 3,064725 0,005723
锌褉械胁褉邪褌懈褌褜 4,317488 0,004031
谐谢邪胁邪 1,919593 0,005377
芯褌屑械褌懈褌褜 2,014903 0,001881
锌褉邪胁懈谢芯 0,013423 0,000063
褋芯褏褉邪薪懈褌褜 0,013423 0,000013
褉邪屑邪写邪薪 4,317488 0,020156
锌褉芯褔懈褌邪褌褜 3,912023 0,010958
锌褉懈屑械薪械薪懈械 0,013423 0,000013
胁蟹邪懈屑芯写械泄褋褌胁懈械 0,013423 0,000025
写邪褌褜 0,013423 0,000025
锌褉懈蟹胁邪褌褜 2,525729 0,009433
锌褉械褋褋 0,013423 0,000025
褋芯谐谢邪褋薪褘泄 0,013423 0,000038
锌械褉褋芯薪邪谢褜薪褘泄 0,013423 0,000100
褉械谢懈谐懈褟褉芯褋褋懈褟锌邪褌褉懈邪褉褏 5,010635 0,009357
锌械褉械褌褟薪褍褌褜 0,013423 0,000013
锌褉邪胁芯褋谢邪胁薪褘泄 2,525729 0,021225
锌芯褌芯泻懈薪 5,010635 0,004678
褋屑芯褔褜 0,006689 0,000006
懈褋锌芯谢褜蟹芯胁邪褌褜褋褟 0,006689 0,000006
谢褍薪薪褘泄 3,218876 0,012022
卸械薪褖懈薪邪 1,832581 0,001711
谐芯褌芯胁褘泄 0,006689 0,000012
锌褉芯谐薪芯蟹 3,064725 0,005723
褔械谢褟斜懈薪褋泻 3,912023 0,003653
锌褉懈蟹薪邪褌褜 1,966113 0,001836
写邪褌邪 0,006689 0,000006
邪邪褑 5,010635 0,018714
芯褌泻褉褘褌懈械 3,624341 0,006768
褌褉邪写懈褑懈芯薪薪褘泄 1,919593 0,001792
芯写薪芯泻谢邪褋褋薪懈泻 0,013423 0,000025
薪械写芯锌褍褋褌懈屑褘泄 0,013423 0,000013
胁褘 0,013423 0,000013
褎懈芯 0,013423 0,000013
锌邪褌褉懈邪褉褏 3,218876 0,009016
泻懈褉懈谢谢 1,875141 0,010505
胁芯褋褋褌邪薪芯胁懈褌褜 0,013423 0,000013
锌芯卸邪谢褍泄褋褌邪 0,013423 0,000013
褉芯褋褋懈泄褋泻懈泄 0,883501 0,001650
褉械谢懈谐懈褟褉械谢懈谐懈褟 5,010635 0,004678
泻懈褌邪泄褋泻懈泄 2,238047 0,004179
胁械褉褋懈褟 0,013423 0,000013
薪懈卸械 0,013423 0,000038
褉芯褋褋懈褟 0,006689 0,000100
胁芯谢芯褋 3,912023 0,003653
褌械谐 0,190354 0,000178
蟹邪褉械谐懈褋褌褉懈褉芯胁邪褌褜 0,013423 0,000013
褑械褉泻芯胁褜褉械谢懈谐懈褟 5,010635 0,004678
锌邪谢邪褌邪 3,401197 0,003176
褉邪写芯胁邪褌褜 5,010635 0,004678
谐芯褉写芯褋褌褜 5,010635 0,004678
薪邪蟹胁邪褌褜 1,347074 0,002516
褉邪蟹谐邪写泻邪 5,010635 0,004678
邪薪褌懈褉褍褋褋泻懈泄 5,010635 0,004678
锌邪褉邪 2,177422 0,004066
懈谐芯褉褜 2,708050 0,002529
褋邪泄褌 0,013423 0,000038
锌芯谢械 0,013423 0,000100
胁懈写械芯泻芯屑锌褉芯屑邪褌 5,010635 0,009357
锌芯谢械蟹薪褘泄 0,143101 0,000134
谐邪谢芯褔泻邪 0,013423 0,000013
蟹邪斜谢芯泻懈褉芯胁邪褌褜 0,013423 0,000025
锌械褉械褌邪褖懈褌褜 0,013423 0,000038
褌褍褉懈蟹屑 0,283247 0,000264
褋芯褌褉褍写薪懈泻 1,791759 0,003346
锌芯写写械褉卸懈胁邪械褌褋褟锌芯谢褍褔懈褌褜 0,013423 0,000013
邪写褉械褋 0,013423 0,000063
写褉褍谐芯泄 0,013423 0,000038
褋芯芯褌胁械褌褋褌胁懈械 0,013423 0,000025
褉邪斜芯褌邪 1,427116 0,001333
褍薪懈褌邪褉薪褘泄 0,013423 0,000038
薪械褔懈褋褌褜 5,010635 0,009357
写邪胁邪褌褜 0,013423 0,000025
芯褌锌褉邪胁泻邪 0,013423 0,000013
蟹邪谐褉褍蟹懈褌褜 0,013423 0,000025
锌芯卸懈谢芯泄 4,317488 0,008063
薪邪锌褉邪胁谢械薪懈械 0,013423 0,000013
褌械谢械褎芯薪 0,013423 0,000013
褉械写邪泻褑懈褟 0,013423 0,000038
褏芯写 2,238047 0,002090
锌褉邪蟹写薪懈泻 1,427116 0,006663
写芯谢卸薪褘泄 0,013423 0,000013
褔懈褋谢芯 1,643339 0,001534
邪锌芯褋褌芯谢褜褋泻懈泄 3,401197 0,009527
蟹械谢械薪褋泻懈泄褍泻褉邪懈薪褋泻懈泄 5,010635 0,004678
邪胁褌芯褉 0,013423 0,000013
褍褔褢薪褘泄 3,064725 0,002862
褋褌邪褉褘泄 0,013423 0,000013
褋芯芯斜褖械薪懈械 0,013423 0,000175
褉械谢懈谐懈褟褌褜 5,010635 0,009357
锌褉芯懈褋褕械褋褌胁懈械 0,292136 0,000273
谐芯褋锌芯写薪械褉褍褋褋泻懈泄 5,010635 0,004678
锌芯写褌胁械褉写懈褌褜 0,013423 0,000013
泻邪薪芯薪懈褔械褋泻懈泄 5,010635 0,014035
锌邪褋褏邪 2,525729 0,004717
写械褉械薪械褍 3,912023 0,003653
屑懈褉械邪褉屑械薪懈褟械褉械胁邪薪褉芯褋褋懈褟谐邪褉械谐懈薪邪 5,010635 0,004678
褍泻邪蟹褘胁邪褌褜 2,708050 0,002529
写芯屑邪褕薪懈泄 2,177422 0,002033
邪胁褌芯褉懈蟹邪褑懈褟 0,013423 0,000013
褉械谢懈谐懈褟 0,283247 0,006347
屑褝褉 3,218876 0,003005
褉械泄褌懈薪谐 0,006689 0,000006
褎芯褉屑邪 0,013423 0,000150
泻褍谢褜褌褍褉邪 0,292136 0,000273
褍屑邪薪褜 5,010635 0,004678
褑械褉泻芯胁褜褉褍褋褋泻懈泄 5,010635 0,004678
褋芯胁械褌褋泻懈泄 2,371578 0,002214
褋褌邪褌褜褟 0,013423 0,000013
写邪谐械褋褌邪薪 3,218876 0,009016
屑芯斜懈谢懈蟹芯胁邪褌褜 3,912023 0,007305
锌褟褌褘泄 3,401197 0,003176
谐芯褋锌芯写薪懈泄 3,218876 0,003005
薪械写胁懈卸懈屑芯褋褌褜 0,292136 0,000273
褉械写邪泻褌芯褉 0,013423 0,000013
褍泻褉邪懈薪褘褋懈褌褍邪褑懈褟 5,010635 0,004678
斜谢懈蟹泻懈泄 2,066196 0,001929
斜褍写写懈褋褌 5,010635 0,009357
锌芯谢褍褔懈褌褜 0,985284 0,000920
薪邪褋谢械写懈械 4,317488 0,004031
泻芯薪褌邪泻褌 0,013423 0,000013
斜谢邪谐芯褋谢芯胁械薪薪褘泄 5,010635 0,009357
写械褉械胁褟薪薪褘泄 3,064725 0,002862
褌械屑邪 0,013423 0,000038
褋械褉胁懈褋 0,174353 0,000163
谐芯褋褍写邪褉褋褌胁械薪薪褘泄 0,013423 0,000038
芯褉写械薪 3,624341 0,003384
写懈褋泻褍褋褋懈褟 0,013423 0,000025
褋胁褟蟹邪薪薪褘泄 0,013423 0,000025
褋谢褍卸斜邪 0,006689 0,000006
褉懈邪 0,006689 0,000012
蟹邪屑械褌懈褌褜 0,013423 0,000013
蟹邪泻褉褘褌褘泄 0,013423 0,000013
芯斜褉邪褖邪褌褜 0,013423 0,000013
褋胁褟褌芯泄 2,708050 0,005057
褉械泻芯屑械薪写邪褌械谢褜薪褘泄 0,013423 0,000013
锌褉芯褌懈胁薪懈泻 3,064725 0,005723
邪写胁芯泻邪褌 3,401197 0,012703
褎芯褌芯谢械薪褌邪 5,010635 0,004678
芯褌胁械褌蟹邪写邪褌褜 5,010635 0,014035
谐芯写 0,006689 0,000050
懈褋谢邪屑褋泻懈泄 3,912023 0,007305
屑械卸写褍薪邪褉芯写薪褘泄 0,013423 0,000038
泻芯屑懈褌械褌 2,708050 0,002529
屑芯写褍谢褜 3,912023 0,003653
褑械褉泻芯胁褜褉械谢懈谐懈褟褉械谢懈谐懈芯蟹薪褘泄 5,010635 0,004678
屑懈谐褉邪薪褌 4,317488 0,004031
锌褉邪蟹写薪芯胁邪薪懈械 2,708050 0,017700
屑邪泄 1,643339 0,001534
邪谐械薪褌褋褌胁芯 0,013423 0,000050
褋褎邪斜褉懈泻芯胁邪褌褜 5,010635 0,009357
斜谢懈薪 2,014903 0,001881
邪胁褌芯褉懈蟹芯胁邪褌褜褋褟 0,013423 0,000025
懈泻芯薪邪 4,317488 0,004031
褉械谢懈谐懈褟邪褉屑械薪懈褟褉芯褋褋懈褟褋邪屑胁械褌褜 5,010635 0,004678
胁褘斜褉邪褌褜 0,013423 0,000038
褉邪褋褋泻邪蟹邪褌褜 0,933098 0,006970
褋械谐芯写薪褟 0,013423 0,000063
邪锌械谢谢褟褑懈芯薪薪褘泄 3,912023 0,003653
褌邪泄薪邪 2,445686 0,002284
锌褉械蟹懈写械薪褌 1,643339 0,001534
锌褉芯褋懈褌褜 0,013423 0,000013
褋胁褟褖械薪薪懈泻 2,525729 0,007075
薪芯胁褘械褋薪邪褔邪谢邪 0,013423 0,000013
褍锌褑 5,010635 0,032749
屑芯谢懈褌褜褋褟 3,912023 0,003653
锌褉械写褉械褔褜 5,010635 0,009357
屑械褔械褌褜 4,317488 0,008063
褕邪锌泻邪 0,013423 0,000013
芯褌锌褉邪胁懈褌褜 0,013423 0,000175
锌芯蟹写褉邪胁懈褌褜 2,525729 0,009433
褉械谐懈芯薪 1,919593 0,001792
锌褉芯写芯谢卸懈褌褜 0,006689 0,000006
屑懈褋褋懈褟 4,317488 0,004031
褉械褕械薪懈械 0,006689 0,000019
芯蟹薪邪泻芯屑懈褌褜 0,013423 0,000013
褋械谢芯 3,064725 0,002862
屑邪褉褌 1,514128 0,001414
胁芯械薪薪褘泄 1,514128 0,001414
胁邪泻邪薪褋懈褟 0,013423 0,000013
屑褘 0,013423 0,000088
锌褉芯褋褌邪胁谢褟褌褜 0,013423 0,000013
褍褔邪褋褌懈械 0,006689 0,000006
邪泻泻邪褍薪褌 0,013423 0,000063
锌芯锌褘褌泻邪 3,218876 0,003005
褝泻芯薪芯屑懈泻邪 0,292136 0,000273
锌褉械芯斜褉邪卸械薪懈械 3,912023 0,003653
褑械褉泻芯胁薪褘泄 2,931194 0,002737
褌褢褖邪 4,317488 0,004031
芯斜褋褍卸写械薪懈械 0,013423 0,000025
褋褉械褌械薪懈械 3,401197 0,009527
芯锌械褔邪褌泻邪 0,013423 0,000013
懈褋锌芯谢褜蟹芯胁邪褌褜 0,013423 0,000013
泻邪谢械薪写邪褉褜 2,120264 0,007919
谐芯褋写褍屑邪 2,708050 0,002529
芯薪谢邪泄薪 0,013423 0,000013
锌芯褔褌邪 0,013423 0,000088
斜谢芯泻懈褉芯胁泻邪 0,013423 0,000050
芯褋褍褖械褋褌胁谢褟褌褜褋褟 0,013423 0,000013
泻懈械胁 1,832581 0,003422
芯褌屑械薪褟褌褜 4,317488 0,008063
邪锌褉械谢褜 0,013423 0,000050
屑懈褉械邪褉屑械薪懈褟谐邪褉械谐懈薪邪 5,010635 0,004678
褎邪屑懈谢懈褟 0,013423 0,000025
褟薪写械泻褋 0,013423 0,000025
胁谢邪写懈屑懈褉 1,373049 0,003846
斜芯谐 3,218876 0,003005
谢懈斜芯 0,013423 0,000013
锌芯屑懈薪芯胁械薪懈械 4,317488 0,004031
褎械写械褉邪谢褜薪褘泄 0,013423 0,000050
薪邪卸懈屑邪褌褜 0,013423 0,000013
邪褉屑械薪懈褟 3,401197 0,003176
屑褍卸褔懈薪邪 2,612740 0,002440
锌芯懈褋泻 0,013423 0,000013
锌芯锌褉芯斜芯胁邪褌褜 0,013423 0,000013
蟹邪锌芯谢薪械薪懈械 0,013423 0,000088
谐邪褉械谐懈薪 5,010635 0,004678
胁薪懈屑邪薪懈械 0,013423 0,000013
锌褉懈薪懈屑邪褌褜 0,013423 0,000013
褍褋谢芯胁懈械 1,321756 0,002468
胁械薪褔邪褌褜褋褟 5,010635 0,009357
锌芯屑芯谐邪褌褜 2,445686 0,004567
芯斜褗褟胁懈褌褜 2,525729 0,004717
褉械谢懈谐懈褟褉褍褋褋泻懈泄 5,010635 0,009357
褑械褉泻芯胁褜屑芯褋泻芯胁褋泻懈泄 5,010635 0,004678
胁褘锌褍褋泻 0,013423 0,000013
褋胁械褔邪 3,624341 0,006768
褉芯泻 5,010635 0,004678
薪邪写蟹芯褉 0,013423 0,000013
锌褉械写锌褉懈褟褌懈械 0,013423 0,000038
褋锌芯褋芯斜 0,013423 0,000025
薪邪褍泻邪 0,283247 0,000264
芯斜褉邪褌薪褘泄 0,013423 0,000088
锌褉芯写褍泻褌 0,135438 0,000126
锌褉芯懈蟹芯泄褌懈 0,013423 0,000013
