ру 5,010635 0,010627
банк 1,966113 0,006255
рф 1,181994 0,006267
законный 0,013423 0,000014
новый 0,006689 0,000050
найти 0,013423 0,000014
письмо 0,013423 0,000028
спасибо 0,013423 0,000014
расширить 0,006689 0,000007
си 4,317488 0,004578
апк 3,624341 0,003843
ставка 2,813411 0,011934
согласие 0,013423 0,000028
центр 0,166448 0,000883
доступ 0,013423 0,000028
миа 0,013423 0,000028
народный 2,177422 0,004618
задать 0,013423 0,000014
предложить 2,066196 0,004382
стабильный 3,624341 0,003843
связаться 0,013423 0,000085
декабрь 0,985284 0,002090
г 0,013423 0,000028
реклама 0,013423 0,000028
фото 0,013423 0,000014
политика 0,013423 0,000085
дырочка 4,317488 0,004578
связь 0,006689 0,000057
о 0,013423 0,000014
двусторонний 3,624341 0,003843
течение 0,013423 0,000014
область 1,427116 0,003027
китай 1,714798 0,003637
авто 2,238047 0,002373
ася 3,912023 0,004148
лидерство 3,624341 0,003843
мир 0,223144 0,000947
пройти 0,006689 0,000007
заголовок 0,013423 0,000028
информационный 0,013423 0,000057
льгота 2,813411 0,002983
тонкий 2,612740 0,002771
екатеринбург 2,813411 0,002983
рассмотреть 0,013423 0,000014
расположить 0,013423 0,000028
проект 2,014903 0,002137
время 0,013423 0,000028
кнопка 0,013423 0,000014
республика 2,302585 0,004884
ранее 0,013423 0,000014
подкаст 0,292136 0,000310
главный 0,013423 0,000014
проблема 0,013423 0,000014
данные 0,013423 0,000114
уплатить 5,010635 0,005314
сергей 1,544899 0,001638
маркетинг 3,401197 0,003607
город 0,013423 0,000014
разблокировать 0,013423 0,000043
фотография 0,013423 0,000014
дмитрий 1,576648 0,008360
час 0,013423 0,000028
чат 0,013423 0,000028
сектор 3,064725 0,003250
новостеймолния 0,013423 0,000014
написать 0,013423 0,000014
соглашаться 0,013423 0,000014
сначала 0,013423 0,000014
васильеваюрист 3,912023 0,008297
показать 0,013423 0,000014
ключевой 2,445686 0,002594
пароль 0,013423 0,000157
удалить 0,013423 0,000057
цб 2,931194 0,009325
порядок 1,832581 0,001943
госпрограмма 5,010635 0,005314
законопроект 3,624341 0,003843
ирина 2,931194 0,006217
вход 0,013423 0,000028
система 1,919593 0,002036
описать 0,013423 0,000014
размещение 0,013423 0,000014
дональд 2,371578 0,002515
кефир 2,931194 0,003108
сколько 0,006689 0,000007
июнь 1,875141 0,001988
цифровой 2,445686 0,002594
поддержка 2,445686 0,002594
оценка 2,931194 0,003108
иметь 1,544899 0,001638
совет 1,226446 0,001301
денис 3,624341 0,007687
мера 1,875141 0,001988
подтверждать 0,013423 0,000014
заявка 2,708050 0,002872
гаврилов 0,013423 0,000014
учредитель 0,013423 0,000014
локомотив 3,401197 0,007214
последний 0,899761 0,000954
торговля 3,401197 0,003607
ссылка 0,013423 0,000057
коммуникация 0,013423 0,000014
инструкция 1,966113 0,002085
мой 0,013423 0,000071
верхний 2,525729 0,002678
обсудить 3,401197 0,003607
архив 0,190354 0,000202
помочь 0,013423 0,000014
заявить 1,272966 0,001350
сша 1,118815 0,002373
описание 0,013423 0,000014
избежать 2,525729 0,002678
процесс 0,013423 0,000014
июль 1,609438 0,001707
ископаемое 4,317488 0,004578
роскомнадзор 0,013423 0,000014
технология 0,013423 0,000028
налог 3,401197 0,025247
москва 0,006689 0,000035
экспортный 3,218876 0,013654
воспользоваться 0,013423 0,000057
вычет 5,010635 0,005314
зерно 3,624341 0,003843
запорожский 3,912023 0,004148
ноябрь 1,514128 0,001606
тверь 4,317488 0,004578
вклад 3,401197 0,003607
далее 0,013423 0,000028
электроника 5,010635 0,005314
единый 2,177422 0,013854
мешать 3,624341 0,003843
расчёт 2,708050 0,002872
авиастроение 4,317488 0,004578
хотеть 0,006689 0,000007
открывать 0,013423 0,000028
перейти 0,013423 0,000014
подготовка 2,177422 0,002309
стать 0,851752 0,000903
ндпить 5,010635 0,005314
штраф 3,064725 0,003250
обращение 0,013423 0,000043
ввезти 5,010635 0,005314
это 0,013423 0,000043
возобновление 4,317488 0,004578
спецпроект 0,190354 0,000202
массовый 0,013423 0,000014
обработка 0,013423 0,000071
ответственность 2,931194 0,003108
новость 0,006689 0,000050
мтс 4,317488 0,004578
михаил 2,525729 0,005357
аграрий 4,317488 0,004578
начинающий 3,912023 0,004148
зарегистрироваться 0,013423 0,000071
пожаловаться 0,006689 0,000007
войти 0,006689 0,000028
измениться 2,813411 0,002983
эл 0,013423 0,000014
радио 0,274437 0,000291
защита 0,013423 0,000057
регистрация 0,013423 0,000071
почему 0,013423 0,000028
рубль 2,302585 0,002442
директор 2,612740 0,002771
восстановление 0,013423 0,000057
хороший 1,059392 0,001123
росжелдор 3,912023 0,004148
полка 3,624341 0,003843
отчётность 5,010635 0,005314
несвоевременный 4,317488 0,004578
вконтакте 0,013423 0,000028
логин 0,013423 0,000014
айгуль 5,010635 0,005314
конфиденциальность 0,013423 0,000057
нарушение 0,013423 0,000043
навсегда 0,013423 0,000014
путин 1,373049 0,004368
действие 0,013423 0,000014
релиз 0,013423 0,000014
назад 0,013423 0,000071
первый 0,883501 0,000937
список 0,013423 0,000028
обязательный 0,013423 0,000100
февраль 0,567984 0,002409
ошибка 0,013423 0,000043
рэц 3,401197 0,021641
вопрос 0,006689 0,000028
мишустин 3,624341 0,011530
зубовский 0,013423 0,000028
компания 1,919593 0,002036
заполнить 0,013423 0,000100
зеленоград 4,317488 0,004578
стиллавина 3,401197 0,003607
ваш 0,013423 0,000228
железнодорожный 3,064725 0,003250
общество 0,257045 0,000273
имя 0,013423 0,000071
срок 0,013423 0,000043
основание 0,013423 0,000014
кто 2,014903 0,002137
издание 0,013423 0,000014
сократиться 4,317488 0,004578
бульвар 0,013423 0,000028
сетевой 0,013423 0,000014
сдача 4,317488 0,004578
ввп 5,010635 0,005314
использование 0,013423 0,000014
вновь 0,013423 0,000014
неделя 1,181994 0,001253
сменить 0,013423 0,000014
материал 0,013423 0,000128
недвижимостьнавигатор 3,064725 0,003250
участвовать 0,013423 0,000028
технологический 2,813411 0,002983
сообщить 0,013423 0,000014
минус 4,317488 0,004578
быть 0,013423 0,000014
пошаговый 1,455287 0,003087
аналитик 3,064725 0,006500
успешно 0,013423 0,000014
скриншот 0,013423 0,000043
автомобиль 2,612740 0,008312
луганский 3,912023 0,004148
истечь 0,013423 0,000014
лента 0,006689 0,000014
сфера 0,013423 0,000014
электронный 0,013423 0,000014
спорт 0,190354 0,000202
транспорт 3,064725 0,003250
кредит 2,302585 0,002442
национальный 2,302585 0,002442
месяц 1,003302 0,001064
свидетельство 0,013423 0,000014
комментирование 0,013423 0,000028
блокироваться 0,013423 0,000014
росэксимбанк 4,317488 0,004578
сбор 2,708050 0,002872
правило 0,013423 0,000071
сохранить 0,013423 0,000014
применение 0,013423 0,000014
взаимодействие 0,013423 0,000028
дать 0,013423 0,000028
призвать 2,525729 0,002678
пресс 0,013423 0,000028
согласный 0,013423 0,000043
персональный 0,013423 0,000114
перетянуть 0,013423 0,000014
смочь 0,006689 0,000007
использоваться 0,006689 0,000007
производитель 3,218876 0,003413
готовый 0,006689 0,000014
прогноз 3,064725 0,006500
дата 0,006689 0,000007
барьер 5,010635 0,005314
одноклассник 0,013423 0,000028
недопустимый 0,013423 0,000014
вы 0,013423 0,000014
фио 0,013423 0,000014
стратегический 2,931194 0,003108
восстановить 0,013423 0,000014
пожалуйста 0,013423 0,000014
российский 0,883501 0,004685
таможенный 5,010635 0,005314
версия 0,013423 0,000014
ниже 0,013423 0,000043
россия 0,006689 0,000227
инвестиционный 3,624341 0,003843
пошлина 4,317488 0,004578
тег 0,190354 0,000404
свой 0,867501 0,000920
зарегистрировать 0,013423 0,000014
устранять 4,317488 0,004578
платить 3,912023 0,008297
пусан 5,010635 0,005314
назвать 1,347074 0,001428
купюра 4,317488 0,004578
грамотность 3,912023 0,004148
торговый 3,912023 0,004148
цена 1,966113 0,002085
енп 5,010635 0,005314
сайт 0,013423 0,000043
поле 0,013423 0,000114
андриевскаядиректор 5,010635 0,010627
полезный 0,143101 0,000304
галочка 0,013423 0,000014
заблокировать 0,013423 0,000028
перетащить 0,013423 0,000043
положить 1,966113 0,002085
особенность 2,120264 0,002248
туризм 0,283247 0,000300
поддерживаетсяполучить 0,013423 0,000014
адрес 0,013423 0,000071
представить 2,014903 0,002137
другой 0,013423 0,000043
соответствие 0,013423 0,000028
работа 1,427116 0,001513
унитарный 0,013423 0,000043
давать 0,013423 0,000028
отправка 0,013423 0,000014
загрузить 0,013423 0,000028
сеть 2,371578 0,002515
направление 0,013423 0,000014
телефон 0,013423 0,000014
редакция 0,013423 0,000043
период 1,118815 0,001186
залегдиноваспециалист 5,010635 0,005314
должный 0,013423 0,000028
донецкий 3,218876 0,003413
самозанятой 5,010635 0,005314
центральный 3,401197 0,007214
косвенный 5,010635 0,005314
автор 0,013423 0,000014
старый 0,013423 0,000028
сообщение 0,013423 0,000199
вид 1,399717 0,002969
возвращаться 2,931194 0,003108
недостаточно 3,064725 0,003250
происшествие 0,292136 0,000310
подтвердить 0,013423 0,000014
правительство 1,875141 0,003977
краснодар 3,624341 0,003843
бизнес 2,708050 0,002872
задеть 5,010635 0,005314
авторизация 0,013423 0,000014
религия 0,283247 0,000300
рейтинг 0,006689 0,000007
форма 0,013423 0,000185
свердловский 3,912023 0,004148
брать 2,445686 0,002594
культура 0,292136 0,000310
прокат 3,912023 0,004148
маркетплейс 4,317488 0,009157
бесплатно 2,931194 0,003108
мантур 3,624341 0,015374
статья 0,013423 0,000014
медведев 2,612740 0,022165
отличаться 2,708050 0,002872
гражданский 2,371578 0,002515
отношение 1,791759 0,001900
недвижимость 0,292136 0,000310
мировой 2,371578 0,002515
ип 4,317488 0,004578
редактор 0,013423 0,000014
получить 0,985284 0,002090
контакт 0,013423 0,000014
уплата 3,912023 0,004148
план 1,678431 0,001780
доллар 2,708050 0,002872
тема 0,013423 0,000043
сервис 0,174353 0,000185
государственный 0,013423 0,000043
дискуссия 0,013423 0,000028
инвестиция 3,218876 0,003413
имущество 3,912023 0,004148
абитуриентариа 2,931194 0,003108
оксана 3,064725 0,006500
связанный 0,013423 0,000043
служба 0,006689 0,000007
риа 0,006689 0,000007
заметить 0,013423 0,000014
закрытый 0,013423 0,000014
транспортировка 3,401197 0,003607
обращать 0,013423 0,000014
рекомендательный 0,013423 0,000014
матвеевгенеральный 5,010635 0,005314
мадагаскар 2,813411 0,005967
год 0,006689 0,000050
навигаторриа 2,445686 0,002594
международный 0,013423 0,000043
продукция 3,401197 0,003607
манипуляция 5,010635 0,005314
трамп 1,544899 0,001638
налогообложение 4,317488 0,004578
агентство 0,013423 0,000085
блин 2,014903 0,002137
авторизоваться 0,013423 0,000028
выбрать 0,013423 0,000071
рассказать 0,933098 0,001979
сегодня 0,013423 0,000085
президент 1,643339 0,001743
просить 0,013423 0,000014
такой 1,098612 0,002330
плюс 3,218876 0,003413
налоговый 3,624341 0,003843
цзиньпин 5,010635 0,005314
новыесначала 0,013423 0,000014
нужный 1,643339 0,003485
арена 4,317488 0,004578
шапка 0,013423 0,000014
отправить 0,013423 0,000199
транспортный 3,218876 0,003413
регион 1,919593 0,002036
продолжить 0,006689 0,000007
решение 0,006689 0,000014
ознакомить 0,013423 0,000014
пышма 4,317488 0,004578
пышный 3,218876 0,003413
март 1,514128 0,016056
вакансия 0,013423 0,000014
мы 0,013423 0,000100
проставлять 0,013423 0,000014
участие 0,006689 0,000007
аккаунт 0,013423 0,000071
экономика 0,292136 0,005267
обсуждение 0,013423 0,000028
опечатка 0,013423 0,000014
использовать 0,013423 0,000014
организация 2,066196 0,002191
госдума 2,708050 0,002872
онлайн 0,013423 0,000014
почта 0,013423 0,000100
блокировка 0,013423 0,000057
осуществляться 0,013423 0,000014
уральский 3,401197 0,007214
апрель 0,013423 0,000028
фамилия 0,013423 0,000014
начинать 2,445686 0,002594
яндекс 0,013423 0,000028
университет 1,919593 0,004071
финансовый 1,714798 0,010911
владимир 1,373049 0,002912
либо 0,013423 0,000014
федеральный 0,013423 0,000071
нажимать 0,013423 0,000014
справка 1,791759 0,001900
треть 3,064725 0,003250
развитие 2,066196 0,002191
поиск 0,013423 0,000014
форум 3,218876 0,003413
попробовать 0,013423 0,000014
заполнение 0,013423 0,000100
господдержка 3,401197 0,003607
инициатива 3,218876 0,003413
внимание 0,013423 0,000014
принимать 0,013423 0,000014
соц 2,371578 0,002515
условие 1,321756 0,001402
всм 3,624341 0,003843
ипотечный 4,317488 0,004578
выпуск 0,013423 0,000014
надзор 0,013423 0,000014
контент 3,624341 0,007687
ввести 2,931194 0,003108
предприятие 0,013423 0,000057
способ 0,013423 0,000028
наука 0,283247 0,000300
какой 1,399717 0,002969
доцент 2,708050 0,005743
обратный 0,013423 0,000100
продукт 0,135438 0,000144
произойти 0,013423 0,000014
