автомобиль 2,612740 0,013555
истечь 0,013423 0,000017
лента 0,006689 0,000017
законный 0,013423 0,000017
госавтоинспекция 5,010635 0,006499
новый 0,006689 0,000017
найти 0,013423 0,000017
письмо 0,013423 0,000035
сфера 0,013423 0,000017
электронный 0,013423 0,000017
спасибо 0,013423 0,000017
спорт 0,190354 0,000247
расширить 0,006689 0,000009
свидетельство 0,013423 0,000017
согласие 0,013423 0,000035
центр 0,166448 0,000432
комментирование 0,013423 0,000035
погода 3,064725 0,003975
доступ 0,013423 0,000035
блокироваться 0,013423 0,000017
миа 0,013423 0,000122
задать 0,013423 0,000017
помощь 1,321756 0,001714
связаться 0,013423 0,000104
правило 0,013423 0,000087
сохранить 0,013423 0,000017
отмечаться 3,064725 0,003975
г 0,013423 0,000035
реклама 0,013423 0,000035
фото 0,013423 0,000052
политика 0,013423 0,000087
связь 0,006689 0,000069
м 2,302585 0,035838
применение 0,013423 0,000017
взаимодействие 0,013423 0,000035
о 0,013423 0,000017
дать 0,013423 0,000035
пресс 0,013423 0,000035
согласный 0,013423 0,000052
персональный 0,013423 0,000139
средство 2,120264 0,011000
перетянуть 0,013423 0,000017
течение 0,013423 0,000017
смочь 0,006689 0,000009
авария 4,317488 0,016800
использоваться 0,006689 0,000009
готовый 0,006689 0,000017
обращаться 2,371578 0,003076
дата 0,006689 0,000009
мир 0,223144 0,000289
пройти 0,006689 0,000009
заголовок 0,013423 0,000035
одноклассник 0,013423 0,000035
недопустимый 0,013423 0,000017
информационный 0,013423 0,000070
вы 0,013423 0,000017
автодорога 5,010635 0,006499
фио 0,013423 0,000017
водитель 3,912023 0,005074
восстановить 0,013423 0,000017
пожалуйста 0,013423 0,000017
рассмотреть 0,013423 0,000017
расположить 0,013423 0,000035
специалист 2,371578 0,003076
фобосой 5,010635 0,006499
время 0,013423 0,000035
версия 0,013423 0,000017
ниже 0,013423 0,000052
кнопка 0,013423 0,000017
россия 0,006689 0,000104
тег 0,190354 0,000247
данный 2,014903 0,002613
зарегистрировать 0,013423 0,000017
сильный 1,919593 0,004979
ранее 0,013423 0,000035
подкаст 0,292136 0,000379
главный 0,013423 0,000017
проблема 0,013423 0,000017
данные 0,013423 0,000139
город 0,013423 0,000017
разблокировать 0,013423 0,000052
фотография 0,013423 0,000017
сайт 0,013423 0,000052
поле 0,013423 0,000139
час 0,013423 0,000035
чат 0,013423 0,000035
полезный 0,143101 0,000186
новостеймолния 0,013423 0,000017
написать 0,013423 0,000017
галочка 0,013423 0,000017
заблокировать 0,013423 0,000035
перетащить 0,013423 0,000052
соглашаться 0,013423 0,000017
туризм 0,283247 0,000367
сотрудник 1,791759 0,002324
сначала 0,013423 0,000017
поддерживаетсяполучить 0,013423 0,000017
адрес 0,013423 0,000087
другой 0,013423 0,000052
соответствие 0,013423 0,000035
унитарный 0,013423 0,000052
утро 3,401197 0,004411
давать 0,013423 0,000035
показать 0,013423 0,000017
отправка 0,013423 0,000017
загрузить 0,013423 0,000035
направление 0,013423 0,000017
телефон 0,013423 0,000017
пароль 0,013423 0,000192
редакция 0,013423 0,000052
подмосковье 2,238047 0,017417
удалить 0,013423 0,000070
последствие 1,544899 0,002004
вход 0,013423 0,000035
должный 0,013423 0,000017
читать 0,791128 0,001026
описать 0,013423 0,000017
размещение 0,013423 0,000017
порекомендовать 4,317488 0,005600
сколько 0,006689 0,000009
говориться 2,371578 0,003076
автор 0,013423 0,000017
старый 0,013423 0,000017
сообщение 0,013423 0,000244
полиция 3,624341 0,009402
трасса 3,218876 0,050099
происшествие 0,292136 0,002273
повреждение 3,401197 0,004411
подтвердить 0,013423 0,000017
километр 3,401197 0,004411
путь 2,120264 0,002750
тишковца 5,010635 0,032494
подтверждать 0,013423 0,000017
гаврилов 0,013423 0,000017
учредитель 0,013423 0,000017
главка 5,010635 0,006499
авторизация 0,013423 0,000017
религия 0,283247 0,000367
рейтинг 0,006689 0,000009
форма 0,013423 0,000209
дон 3,064725 0,047700
ссылка 0,013423 0,000070
сторона 1,609438 0,006262
коммуникация 0,013423 0,000017
мой 0,013423 0,000087
культура 0,292136 0,000379
архив 0,190354 0,000247
помочь 0,013423 0,000017
статья 0,013423 0,000017
описание 0,013423 0,000017
процесс 0,013423 0,000017
недвижимость 0,292136 0,000379
роскомнадзор 0,013423 0,000017
технология 0,013423 0,000035
редактор 0,013423 0,000017
фгуп 0,499776 0,003241
настоящий 2,302585 0,002986
получить 0,985284 0,001278
контакт 0,013423 0,000017
пятница 3,624341 0,004701
пострадать 2,708050 0,010537
москва 0,006689 0,000104
воспользоваться 0,013423 0,000070
ожидаться 3,401197 0,004411
тема 0,013423 0,000052
сервис 0,174353 0,000226
государственный 0,013423 0,000052
дискуссия 0,013423 0,000035
результат 1,714798 0,002224
связанный 0,013423 0,000035
дорожный 3,912023 0,005074
служба 0,006689 0,000009
риа 0,006689 0,000095
заметить 0,013423 0,000017
закрытый 0,013423 0,000017
обращать 0,013423 0,000017
рекомендательный 0,013423 0,000017
далее 0,013423 0,000035
ликвидировать 2,708050 0,003512
выпасть 4,317488 0,005600
механический 3,912023 0,005074
движение 2,813411 0,010947
объезд 5,010635 0,006499
год 0,006689 0,000009
хотеть 0,006689 0,000009
открывать 0,013423 0,000035
перейти 0,013423 0,000017
международный 0,013423 0,000052
медицинский 3,064725 0,003975
ведущий 2,120264 0,002750
работать 1,966113 0,002550
участок 3,218876 0,004175
обращение 0,013423 0,000052
агентство 0,013423 0,000070
массовый 0,013423 0,000157
спецпроект 0,190354 0,000247
обработка 0,013423 0,000087
это 0,013423 0,000017
авторизоваться 0,013423 0,000035
дтп 3,064725 0,035775
два 1,514128 0,001964
выбрать 0,013423 0,000052
сегодня 0,013423 0,000192
ограничить 2,525729 0,009828
новость 0,006689 0,000113
просить 0,013423 0,000017
мвд 3,401197 0,004411
новыесначала 0,013423 0,000017
зарегистрироваться 0,013423 0,000087
пожаловаться 0,006689 0,000009
войти 0,006689 0,000035
примерно 2,177422 0,002824
предварительный 3,218876 0,004175
место 1,272966 0,001651
шапка 0,013423 0,000017
отправить 0,013423 0,000244
транспортный 3,218876 0,020875
продолжить 0,006689 0,000009
решение 0,006689 0,000009
ознакомить 0,013423 0,000017
ведомство 3,218876 0,004175
вакансия 0,013423 0,000017
эл 0,013423 0,000017
мы 0,013423 0,000122
проставлять 0,013423 0,000017
участие 0,006689 0,000043
радио 0,274437 0,000356
дзен 0,851752 0,001105
аккаунт 0,013423 0,000087
месячный 3,624341 0,004701
экономика 0,292136 0,000379
защита 0,013423 0,000070
канал 3,064725 0,003975
регистрация 0,013423 0,000087
обсуждение 0,013423 0,000035
снегопад 2,177422 0,005648
опечатка 0,013423 0,000017
использовать 0,013423 0,000017
почему 0,013423 0,000017
восстановление 0,013423 0,000070
осадки 3,912023 0,005074
онлайн 0,013423 0,000017
почта 0,013423 0,000122
блокировка 0,013423 0,000070
осуществляться 0,013423 0,000017
апрель 0,013423 0,000017
вконтакте 0,013423 0,000035
фамилия 0,013423 0,000017
евгений 2,238047 0,011611
логин 0,013423 0,000017
конфиденциальность 0,013423 0,000070
нарушение 0,013423 0,000052
навсегда 0,013423 0,000017
яндекс 0,013423 0,000035
действие 0,013423 0,000017
либо 0,013423 0,000017
федеральный 0,013423 0,000070
релиз 0,013423 0,000017
нажимать 0,013423 0,000017
назад 0,013423 0,000087
список 0,013423 0,000017
треть 3,064725 0,003975
поиск 0,013423 0,000017
происшествиямоскваевгений 5,010635 0,006499
пять 1,966113 0,007650
норма 2,525729 0,003276
обязательный 0,013423 0,000122
ошибка 0,013423 0,000052
вопрос 0,006689 0,000035
зубовский 0,013423 0,000035
никто 2,445686 0,003172
попробовать 0,013423 0,000017
заполнение 0,013423 0,000122
заполнить 0,013423 0,000122
внимание 0,013423 0,000017
принимать 0,013423 0,000017
ваш 0,013423 0,000279
общество 0,257045 0,000333
имя 0,013423 0,000087
выпуск 0,013423 0,000017
срок 0,013423 0,000035
основание 0,013423 0,000017
информация 2,066196 0,002680
издание 0,013423 0,000017
бульвар 0,013423 0,000035
сетевой 0,013423 0,000017
подмосковный 3,624341 0,014102
надзор 0,013423 0,000017
зима 1,919593 0,002490
использование 0,013423 0,000017
фев 1,399717 0,001815
вновь 0,013423 0,000017
самый 0,967584 0,001255
сменить 0,013423 0,000017
предприятие 0,013423 0,000052
способ 0,013423 0,000035
материал 0,013423 0,000139
наука 0,283247 0,000367
участвовать 0,013423 0,000035
сообщить 0,013423 0,000070
обратный 0,013423 0,000122
выбирать 2,014903 0,002613
произойти 0,013423 0,000209
продукт 0,135438 0,000176
быть 0,013423 0,000017
успешно 0,013423 0,000017
скриншот 0,013423 0,000052
