蟹邪泻芯薪薪褘泄 0,013423 0,000011
薪芯胁褘泄 0,006689 0,000016
写械薪褜 0,591795 0,000484
薪邪泄褌懈 0,013423 0,000011
谐邪蟹邪 3,064725 0,002506
锌懈褋褜屑芯 0,013423 0,000022
锌褉芯懈褋褏芯写懈褌褜 2,177422 0,001780
褋锌邪褋懈斜芯 0,013423 0,000011
褉邪褋褕懈褉懈褌褜 0,006689 0,000005
褋褌懈谢褜 3,218876 0,002632
薪邪褋械谢械薪懈械 2,813411 0,004601
褋芯谐谢邪褋懈械 0,013423 0,000022
褑械薪褌褉 0,166448 0,000136
屑懈褉械泻褍斜邪褉芯褋褋懈褟褋褕邪褉邪褍谢懈褌褜 5,010635 0,004097
胁邪卸薪褘泄 1,297063 0,003182
写芯褋褌褍锌 0,013423 0,000022
泻芯屑锌邪褉褌懈褟 5,010635 0,004097
屑懈邪 0,013423 0,000055
写芯谢谐芯 3,064725 0,002506
泻芯薪褎懈褋泻芯胁邪褌褜 5,010635 0,004097
蟹邪褟胁谢械薪懈械 2,066196 0,001689
屑薪芯谐芯屑械褋褟褔薪褘泄 5,010635 0,004097
蟹邪写邪褌褜 0,013423 0,000011
写械屑芯薪褋褌褉邪褌懈胁薪芯 5,010635 0,004097
锌褉械写谢芯卸懈褌褜 2,066196 0,001689
褋胁褟蟹邪褌褜褋褟 0,013423 0,000066
谐 0,013423 0,000022
褉械泻谢邪屑邪 0,013423 0,000022
芯褌泻邪蟹邪褌褜褋褟 2,708050 0,002214
褎芯褌芯 0,013423 0,000011
锌芯谢懈褌懈泻邪 0,013423 0,000055
卸懈胁芯泄 3,912023 0,003199
褋胁褟蟹褜 0,006689 0,000044
屑 2,302585 0,001883
懈薪芯褋褌褉邪薪薪褘泄 2,177422 0,003561
芯褖褍褌懈屑褘泄 5,010635 0,004097
芯 0,013423 0,000011
胁械薪械褋褍褝谢邪 3,218876 0,002632
谢芯胁褍褕泻邪 3,912023 0,003199
褋褍写 1,791759 0,001465
褌械褔械薪懈械 0,013423 0,000011
泻懈褌邪泄 1,714798 0,002804
斜褉邪褌褋泻懈泄 5,010635 0,008194
褌褉邪屑锌芯胁褋泻懈泄 5,010635 0,004097
屑懈褉 0,223144 0,000912
胁械褋褜 1,021651 0,000835
蟹邪锌邪写 1,966113 0,001608
锌褉芯泄褌懈 0,006689 0,000005
蟹邪谐芯谢芯胁芯泻 0,013423 0,000022
懈薪褎芯褉屑邪褑懈芯薪薪褘泄 0,013423 0,000044
褋褑械薪邪褉懈泄 4,317488 0,003530
写械谢芯 1,249435 0,003065
芯褉谐邪薪懈蟹邪褌芯褉 3,912023 0,003199
褉邪褋褋屑芯褌褉械褌褜 0,013423 0,000011
褉邪褋锌芯谢芯卸懈褌褜 0,013423 0,000022
邪斜褋芯谢褞褌薪芯 3,624341 0,002963
锌谢邪薪懈褉芯胁邪褌褜 2,612740 0,002136
锌褉芯锌褍褋泻邪褌褜 5,010635 0,004097
泻芯薪械褑 1,643339 0,001344
胁褉械屑褟 0,013423 0,000011
械写懈薪褋褌胁械薪薪褘泄 2,525729 0,004130
泻薪芯锌泻邪 0,013423 0,000011
褋懈谢褜薪褘泄 1,919593 0,001570
褉邪薪械械 0,013423 0,000011
褋懈褌褍邪褑懈褟 1,643339 0,001344
锌褉芯斜谢械屑邪 0,013423 0,000022
锌芯写泻邪褋褌 0,292136 0,000239
谐谢邪胁薪褘泄 0,013423 0,000011
褉械卸懈屑 2,066196 0,003379
锌褉懈褔褢屑 2,708050 0,004429
写邪薪薪褘械 0,013423 0,000088
屑邪泻褋懈屑邪谢褜薪芯 3,401197 0,002781
胁褌芯褉卸械薪懈械 5,010635 0,004097
芯褌褉械蟹邪褌褜 3,624341 0,002963
褎褉芯薪褌 3,064725 0,002506
褋械褉谐械泄 1,544899 0,001263
褔谢械薪 2,238047 0,001830
锌芯褟胁懈褌褜褋褟 2,120264 0,003467
谐芯褉芯写 0,013423 0,000011
褉邪蟹斜谢芯泻懈褉芯胁邪褌褜 0,013423 0,000033
薪械芯褎懈褑懈邪谢褜薪褘泄 5,010635 0,012291
芯褌褔邪褟褌褜褋褟 5,010635 0,004097
褎芯褌芯谐褉邪褎懈褟 0,013423 0,000011
写屑懈褌褉懈泄 1,576648 0,001289
褉邪褋泻芯谢芯褌褜 2,525729 0,002065
褔邪褋 0,013423 0,000022
褔邪褌 0,013423 0,000022
褋芯褞蟹薪懈泻 3,912023 0,009596
邪泻褌懈胁 2,931194 0,002397
薪芯胁芯褋褌械泄屑芯谢薪懈褟 0,013423 0,000011
薪邪锌懈褋邪褌褜 0,013423 0,000011
锌芯写谐芯褌芯胁懈褌械谢褜薪褘泄 5,010635 0,004097
褝谢懈褌邪 3,624341 0,002963
褋芯谐谢邪褕邪褌褜褋褟 0,013423 0,000011
薪械芯褋褍褖械褋褌胁懈屑褘泄 5,010635 0,004097
褋薪邪褔邪谢邪 0,013423 0,000022
薪邪褏芯写懈褌褜褋褟 2,177422 0,001780
写械褋邪薪褌 5,010635 0,004097
褋泻芯谢褜 5,010635 0,004097
锌芯泻邪蟹邪褌褜 0,013423 0,000011
芯斜械褋锌械褔懈胁邪褌褜 2,813411 0,002300
锌邪褉芯谢褜 0,013423 0,000121
褏芯褌褟 2,371578 0,003878
芯写薪邪泻芯 1,966113 0,001608
褍写邪谢懈褌褜 0,013423 0,000044
谐褍屑邪薪懈褌邪褉薪褘泄 3,218876 0,002632
斜褍薪褌 3,912023 0,006397
写褉褍卸械褋泻懈泄 4,317488 0,007060
胁褏芯写 0,013423 0,000022
褔懈褌邪褌褜 0,791128 0,000647
芯锌懈褋邪褌褜 0,013423 0,000011
褉邪蟹屑械褖械薪懈械 0,013423 0,000011
写芯薪邪谢褜写 2,371578 0,007757
褋泻芯谢褜泻芯 0,006689 0,000005
屑邪写褍褉褘泄 3,912023 0,003199
芯写懈薪 1,098612 0,002695
胁褘褋邪写懈褌褜褋褟 5,010635 0,004097
懈屑械褌褜 1,544899 0,002526
芯褌褉械褔械薪懈械 5,010635 0,004097
锌芯谢薪芯褋褌褜褞 2,014903 0,003295
褋懈谢褜薪芯 2,708050 0,002214
锌芯写褌胁械褉卸写邪褌褜 0,013423 0,000022
谐邪胁褉懈谢芯胁 0,013423 0,000011
褍褔褉械写懈褌械谢褜 0,013423 0,000011
褔邪褋褌褜 1,373049 0,001123
谢懈褕褜 2,371578 0,001939
褉邪褍谢褜 5,010635 0,057358
褋褋褘谢泻邪 0,013423 0,000044
褋褌芯褉芯薪邪 1,609438 0,002632
泻芯屑屑褍薪懈泻邪褑懈褟 0,013423 0,000011
泻褋褌邪褌懈 4,317488 0,003530
褋褌芯谢械褌懈械 4,317488 0,003530
屑芯泄 0,013423 0,000055
邪褉褏懈胁 0,190354 0,000156
锌芯屑芯褔褜 0,013423 0,000011
泻褍褉褋 3,401197 0,002781
蟹邪褟胁懈褌褜 1,272966 0,001041
褋褕邪 1,118815 0,006404
芯锌懈褋邪薪懈械 0,013423 0,000011
屑械褌芯写 2,931194 0,002397
谢懈写械褉 2,813411 0,002300
锌褉芯褑械褋褋 0,013423 0,000011
褎懈写械谢褜 5,010635 0,004097
褞卸薪褘泄 2,931194 0,002397
谐芯胁芯褉懈褌褜 1,714798 0,002804
芯褋胁芯斜芯卸写械薪懈械 2,708050 0,002214
写械谢邪褌褜 1,427116 0,001167
褉芯褋泻芯屑薪邪写蟹芯褉 0,013423 0,000011
褌械褏薪芯谢芯谐懈褟 0,013423 0,000022
褋芯斜褋褌胁械薪薪芯褋褌褜 2,813411 0,002300
锌芯胁褌芯褉懈褌褜 3,218876 0,002632
褍泄褌懈 3,218876 0,005264
褉邪泻械褌邪 3,401197 0,002781
泻邪薪邪写褋泻懈泄 4,317488 0,003530
屑芯褋泻胁邪 0,006689 0,000016
胁芯褋锌芯谢褜蟹芯胁邪褌褜褋褟 0,013423 0,000044
邪写屑懈薪懈褋褌褉邪褑懈褟 3,218876 0,002632
胁懈写懈屑芯褋褌褜 4,317488 0,003530
斜褉邪蟹懈谢懈褟 3,912023 0,003199
胁褘谐谢褟写械褌褜 2,445686 0,002000
谢懈褑芯 1,714798 0,001402
写邪谢械械 0,013423 0,000022
褟胁谢褟褌褜褋褟 1,875141 0,001533
懈褋泻谢褞褔懈褌褜 3,064725 0,005012
褍褋懈谢懈械 3,218876 0,002632
褏芯褌械褌褜 0,006689 0,000044
芯褌泻褉褘胁邪褌褜 0,013423 0,000022
锌械褉械泄褌懈 0,013423 0,000022
褍写褍褕械薪懈械 5,010635 0,004097
褋褘薪 3,624341 0,005927
锌褉褟屑芯 2,931194 0,002397
薪械褎褌褜 3,218876 0,002632
褍谐褉芯蟹邪 2,238047 0,001830
褋褌邪褌褜 0,851752 0,002089
斜懈褌褜 2,612740 0,002136
谐邪胁邪薪邪 4,317488 0,003530
芯锌褉芯胁械褉谐邪褌褜 5,010635 0,004097
胁褔械褉邪 1,576648 0,003867
褋芯胁屑械褋褌薪褘泄 3,912023 0,003199
芯斜褉邪褖械薪懈械 0,013423 0,000033
褌芯锌谢懈胁薪褘泄 5,010635 0,004097
芯斜褖懈薪邪 3,912023 0,003199
芯锌械褉邪褑懈褟 1,752539 0,004299
褝褌芯 0,013423 0,000143
褋锌械褑锌褉芯械泻褌 0,190354 0,000156
屑邪褋褋芯胁褘泄 0,013423 0,000011
芯斜褉邪斜芯褌泻邪 0,013423 0,000055
邪屑械褉懈泻邪薪械褑 2,525729 0,006196
褋屑械薪邪 3,912023 0,003199
写胁邪 1,514128 0,001238
褌芯谢泻 5,010635 0,004097
褉邪蟹芯斜褉邪褌褜褋褟 4,317488 0,003530
锌芯胁褌芯褉懈屑褘泄 5,010635 0,004097
薪芯胁芯褋褌褜 0,006689 0,000060
胁邪褕懈薪谐褌芯薪 2,120264 0,001734
泻芯芯褉写懈薪邪褑懈褟 4,317488 0,003530
泻邪褌邪褋褌褉芯褎邪 3,064725 0,005012
芯褋褌邪谢褜薪芯泄 2,177422 0,001780
谐懈谢褜械褉屑芯 5,010635 0,004097
锌芯薪褟褌薪芯 3,624341 0,002963
褋写邪褌褜褋褟 5,010635 0,004097
锌褉芯褌懈胁芯褋褌芯褟薪懈械 3,064725 0,002506
斜褉邪褌 3,624341 0,005927
锌邪褉褉懈谢褜褟 5,010635 0,004097
蟹邪褉械谐懈褋褌褉懈褉芯胁邪褌褜褋褟 0,013423 0,000055
锌芯卸邪谢芯胁邪褌褜褋褟 0,006689 0,000005
胁芯泄褌懈 0,006689 0,000022
写械褉卸邪褌褜 2,931194 0,002397
薪械胁芯械薪薪褘泄 5,010635 0,004097
褝谢 0,013423 0,000011
芯斜褗褟褋薪懈屑褘泄 5,010635 0,004097
褉邪写懈芯 0,274437 0,000224
写蟹械薪 0,851752 0,000696
泻邪褋褌褉芯写芯薪邪谢褜写 5,010635 0,004097
蟹邪褖懈褌邪 0,013423 0,000044
芯褋褌褉芯胁 3,064725 0,007518
褝薪械褉谐械褌懈褔械褋泻懈泄 2,371578 0,001939
胁芯褋褌芯泻 2,612740 0,002136
褉械谐懈褋褌褉邪褑懈褟 0,013423 0,000055
写懈锌谢芯屑邪褌懈褟 3,401197 0,002781
褍褏芯写 3,624341 0,002963
锌芯褔械屑褍 0,013423 0,000011
胁屑械褕邪褌械谢褜褋褌胁芯 3,218876 0,002632
胁芯褋褋褌邪薪芯胁谢械薪懈械 0,013423 0,000044
褌邪泄薪褘泄 3,064725 0,002506
褌褉邪屑锌褉邪褍谢褜邪薪邪谢懈褌懈泻 5,010635 0,004097
褞谐 3,401197 0,002781
泻褍斜懈薪械褑 4,317488 0,010591
胁泻芯薪褌邪泻褌械 0,013423 0,000022
卸写邪褌褜 1,919593 0,009417
芯斜褘褔薪褘泄 2,813411 0,002300
胁谢邪褋褌褜 2,371578 0,007757
谢芯谐懈薪 0,013423 0,000011
泻芯薪褎懈写械薪褑懈邪谢褜薪芯褋褌褜 0,013423 0,000044
薪邪褉褍褕械薪懈械 0,013423 0,000033
薪邪胁褋械谐写邪 0,013423 0,000011
锌褍褌懈薪 1,373049 0,008982
锌芯褋褌邪胁谢褟褌褜 4,317488 0,003530
写械泄褋褌胁懈械 0,013423 0,000011
褉械谢懈蟹 0,013423 0,000011
薪邪蟹邪写 0,013423 0,000055
锌械褉胁褘泄 0,883501 0,000722
褋锌懈褋芯泻 0,013423 0,000011
锌芯褋褌 2,302585 0,001883
锌褟褌褜 1,966113 0,001608
芯斜褟蟹邪褌械谢褜薪褘泄 0,013423 0,000077
褎械胁褉邪谢褜 0,567984 0,000929
锌褉邪泻褌懈褔械褋泻懈 2,445686 0,003999
芯褕懈斜泻邪 0,013423 0,000033
懈写褌懈 1,919593 0,003139
锌芯谢懈褌蟹邪泻谢褞褔褢薪薪褘泄 5,010635 0,004097
邪薪邪谢懈褌懈泻邪 2,177422 0,005341
胁芯锌褉芯褋 0,006689 0,000033
蟹褍斜芯胁褋泻懈泄 0,013423 0,000022
薪懈泻褌芯 2,445686 0,002000
蟹邪锌芯谢薪懈褌褜 0,013423 0,000077
褍褋褌邪薪芯胁泻邪 3,401197 0,002781
懈屑械薪薪芯 2,066196 0,001689
胁邪褕 0,013423 0,000176
锌褉懈械屑谢械褌 5,010635 0,004097
芯斜褖械褋褌胁芯 0,257045 0,000210
懈屑褟 0,013423 0,000055
芯褌胁械褌 1,791759 0,010255
褍谐芯写薪褘泄 4,317488 0,003530
褋褌邪褉褕懈泄 2,612740 0,002136
褋褉芯泻 0,013423 0,000022
锌芯褏懈褖械薪懈械 4,317488 0,003530
芯褋薪芯胁邪薪懈械 0,013423 0,000011
懈蟹写邪薪懈械 0,013423 0,000011
斜褍谢褜胁邪褉 0,013423 0,000022
褋械褌械胁芯泄 0,013423 0,000011
谐谢芯斜邪谢褜薪褘泄 3,218876 0,002632
写邪谢褜薪械泄褕懈泄 2,813411 0,002300
褉褍斜懈芯 3,218876 0,005264
懈褋锌芯谢褜蟹芯胁邪薪懈械 0,013423 0,000011
邪胁谐褍褋褌 1,752539 0,001433
胁薪芯胁褜 0,013423 0,000011
褋邪屑褘泄 0,967584 0,000791
褋屑械薪懈褌褜 0,013423 0,000011
屑邪褌械褉懈邪谢 0,013423 0,000099
褍褌械褔泻邪 3,912023 0,003199
褍褔邪褋褌胁芯胁邪褌褜 0,013423 0,000033
褋芯芯斜褖懈褌褜 0,013423 0,000011
胁褘械蟹写 3,912023 0,003199
斜褘褌褜 0,013423 0,000044
械胁褉芯锌械泄褋泻懈泄 1,791759 0,001465
褍褋锌械褕薪芯 0,013423 0,000011
褌芯褔薪械械 3,912023 0,003199
谢邪褌懈薪芯邪屑械褉懈泻邪薪褋泻懈泄 5,010635 0,004097
褋泻褉懈薪褕芯褌 0,013423 0,000033
懈褋褌械褔褜 0,013423 0,000011
芯褌屑械褔邪褌褜 1,399717 0,001144
谢械薪褌邪 0,006689 0,000011
邪褉械褋褌 2,445686 0,002000
邪谢械褏邪薪写褉芯 5,010635 0,004097
褋褎械褉邪 0,013423 0,000011
褝谢械泻褌褉芯薪薪褘泄 0,013423 0,000011
褋锌芯褉褌 0,190354 0,000156
胁薪褍泻 3,218876 0,021056
屑芯褔褜 1,399717 0,003433
懈褉邪薪褋泻懈泄 4,317488 0,003530
屑械褋褟褑 1,003302 0,000820
褋褉械写薪械褋褉芯褔薪褘泄 4,317488 0,003530
褋邪屑 1,875141 0,006133
褋胁懈写械褌械谢褜褋褌胁芯 0,013423 0,000011
斜芯褉褜斜邪 3,218876 0,005264
泻芯屑屑械薪褌懈褉芯胁邪薪懈械 0,013423 0,000022
褋泻邪蟹邪褌褜 2,371578 0,001939
锌邪谢械褋褌懈薪械褑 5,010635 0,004097
斜谢芯泻懈褉芯胁邪褌褜褋褟 0,013423 0,000011
锌褉芯褌褟卸械薪懈械 3,624341 0,002963
斜谢懈卸薪懈泄 3,064725 0,002506
薪邪屑械泻邪褌褜 3,912023 0,003199
锌褉邪胁懈谢芯 0,013423 0,000055
褋芯褏褉邪薪懈褌褜 0,013423 0,000011
屑邪褉泻芯 3,912023 0,003199
薪械斜芯 3,401197 0,002781
褏邪褉邪泻褌械褉 3,624341 0,002963
锌褉懈屑械薪械薪懈械 0,013423 0,000011
胁蟹邪懈屑芯写械泄褋褌胁懈械 0,013423 0,000022
薪械芯锌褉械写械谢褢薪薪芯褋褌褜 3,912023 0,003199
芯褌薪械褋褌懈 4,317488 0,003530
写邪褌褜 0,013423 0,000033
锌褉械褋褋 0,013423 0,000022
褋芯谐谢邪褋薪褘泄 0,013423 0,000033
锌械褉褋芯薪邪谢褜薪褘泄 0,013423 0,000088
褋屑懈褉懈褌褜褋褟 4,317488 0,003530
胁芯蟹屑芯卸薪褘泄 1,576648 0,001289
锌械褉械褌褟薪褍褌褜 0,013423 0,000011
锌芯蟹胁芯谢懈褌褜 2,708050 0,002214
胁械泻 2,813411 0,002300
褋屑芯褔褜 0,006689 0,000016
懈褋锌芯谢褜蟹芯胁邪褌褜褋褟 0,006689 0,000005
锌褉懈胁械褌 3,218876 0,018424
谢邪褌懈薪褋泻懈泄 4,317488 0,003530
锌褢褌褉 2,238047 0,007320
谐芯褌芯胁褘泄 0,006689 0,000016
写邪褌邪 0,006689 0,000005
胁锌械褉胁褘械 2,238047 0,001830
斜褉芯褋邪褌褜 4,317488 0,003530
芯写薪芯泻谢邪褋褋薪懈泻 0,013423 0,000022
薪械写芯锌褍褋褌懈屑褘泄 0,013423 0,000011
胁褘 0,013423 0,000011
芯褋褌邪胁懈褌褜 1,966113 0,001608
褎懈芯 0,013423 0,000011
胁芯褋褋褌邪薪芯胁懈褌褜 0,013423 0,000011
锌芯卸邪谢褍泄褋褌邪 0,013423 0,000022
谢邪胁褉芯胁 3,401197 0,002781
褉芯褋褋懈泄褋泻懈泄 0,883501 0,000722
锌褉芯胁芯写懈褌褜 2,445686 0,002000
褑械谢褜 1,966113 0,003215
锌褉芯褋褌芯 1,714798 0,002804
褝泻芯薪芯屑懈褔械褋泻懈泄 2,302585 0,003765
胁械褉褋懈褟 0,013423 0,000011
薪懈卸械 0,013423 0,000033
褉芯褋褋懈褟 0,006689 0,000109
褋谐械薪械褉懈褉芯胁邪褌褜 2,708050 0,006643
褌械谐 0,190354 0,000156
褋胁芯泄 0,867501 0,001419
蟹邪褉械谐懈褋褌褉懈褉芯胁邪褌褜 0,013423 0,000011
褌褉械斜芯胁邪薪懈械 1,832581 0,001498
褟薪胁邪褉褜 1,040343 0,000851
懈懈懈蟹芯斜褉邪卸械薪懈械 2,931194 0,002397
褌芯褉谐芯胁褘泄 3,912023 0,003199
薪械芯斜褏芯写懈屑芯褋褌褜 2,177422 0,001780
褋邪泄褌 0,013423 0,000033
锌芯谢械 0,013423 0,000088
邪屑械褉懈泻邪薪褋泻懈泄 1,966113 0,011253
蟹邪锌懈褋邪褌褜 4,317488 0,003530
褉芯卸写械薪懈械 2,931194 0,002397
锌芯谢械蟹薪褘泄 0,143101 0,000117
谐邪谢芯褔泻邪 0,013423 0,000011
褋谢芯卸薪褘泄 1,966113 0,001608
屑薪芯谐芯褔懈褋谢械薪薪褘泄 3,401197 0,002781
褕褌邪褌 2,014903 0,006590
蟹邪斜谢芯泻懈褉芯胁邪褌褜 0,013423 0,000022
锌械褉械褌邪褖懈褌褜 0,013423 0,000033
薪邪斜谢褞写邪褌褜 3,064725 0,002506
锌褉械写褋褌邪胁懈褌械谢褜 2,302585 0,001883
褌褍褉懈蟹屑 0,283247 0,000232
锌芯写写械褉卸懈胁邪械褌褋褟锌芯谢褍褔懈褌褜 0,013423 0,000011
邪写褉械褋 0,013423 0,000055
泻邪褌械谐芯褉懈褔械褋泻懈 3,912023 0,003199
写褉褍谐芯泄 0,013423 0,000044
锌褉械写褋褌邪胁懈褌褜 2,014903 0,001648
褋芯芯褌胁械褌褋褌胁懈械 0,013423 0,000022
褍薪懈褌邪褉薪褘泄 0,013423 0,000033
写邪胁邪褌褜 0,013423 0,000022
芯褌锌褉邪胁泻邪 0,013423 0,000011
蟹邪谐褉褍蟹懈褌褜 0,013423 0,000022
薪邪锌褉邪胁谢械薪懈械 0,013423 0,000022
褌械谢械褎芯薪 0,013423 0,000011
褉械写邪泻褑懈褟 0,013423 0,000033
屑械泻褋懈泻邪 5,010635 0,008194
褏芯写 2,238047 0,001830
蟹邪褖懈褖邪褌褜 3,912023 0,003199
褋芯褉芯泻邪芯写薪芯谢械褌薪懈泄 5,010635 0,004097
写芯谢卸薪褘泄 0,013423 0,000011
褔懈褋谢芯 1,643339 0,001344
薪械褌邪薪褜褟褏褍 3,218876 0,002632
蟹薪邪褌褜 2,238047 0,001830
泻芯薪褌褉芯谢褜 2,371578 0,001939
邪胁褌芯褉 0,013423 0,000011
胁芯蟹胁褉邪褌 3,912023 0,003199
褋褌邪褉褘泄 0,013423 0,000011
褋芯芯斜褖械薪懈械 0,013423 0,000154
锌褉芯懈褋褕械褋褌胁懈械 0,292136 0,000239
褋锌芯泻芯泄薪芯 3,624341 0,002963
锌芯写褌胁械褉写懈褌褜 0,013423 0,000011
芯斜薪芯胁懈褌褜 0,985284 0,000806
褋薪褟褌褜 2,371578 0,001939
写芯胁械褉械薪薪褘泄 5,010635 0,004097
泻褍斜邪 5,010635 0,081940
锌芯谢芯卸械薪懈械 2,612740 0,002136
锌褉邪胁懈褌褜 5,010635 0,004097
褋褌褉邪褌械谐懈褔械褋泻懈 5,010635 0,008194
邪胁褌芯褉懈蟹邪褑懈褟 0,013423 0,000011
褉械谢懈谐懈褟 0,283247 0,000232
褉械泄褌懈薪谐 0,006689 0,000005
褎芯褉屑邪 0,013423 0,000132
斜褉邪褌褜 2,445686 0,002000
邪泻芯锌芯胁 3,218876 0,010528
泻褍谢褜褌褍褉邪 0,292136 0,000239
褋胁芯斜芯写薪褘泄 3,218876 0,002632
芯褔械褉械写薪芯泄 2,813411 0,002300
懈褉邪薪 2,445686 0,002000
泻褍斜懈薪褋泻懈泄 5,010635 0,024582
褋褍褖械褋褌胁芯胁邪褌褜 2,302585 0,001883
褋褌邪褌褜褟 0,013423 0,000011
锌芯蟹懈褑懈褟 2,708050 0,002214
屑械写胁械写械胁 2,612740 0,002136
芯褌薪芯褕械薪懈械 1,791759 0,002930
薪械写胁懈卸懈屑芯褋褌褜 0,292136 0,000239
薪邪褕 1,919593 0,001570
褉械写邪泻褌芯褉 0,013423 0,000011
谐械薪芯褑懈写 5,010635 0,004097
褎谐褍锌 0,499776 0,001226
锌芯谢褍褔懈褌褜 0,985284 0,000806
泻芯薪褌邪泻褌 0,013423 0,000033
锌芯褋褌褉邪写邪褌褜 2,708050 0,002214
懈褟 2,813411 0,004601
锌谢邪薪 1,678431 0,001372
褌械屑邪 0,013423 0,000033
屑械褔褌邪褌褜 3,401197 0,002781
褋械褉胁懈褋 0,174353 0,000143
谐芯褋褍写邪褉褋褌胁械薪薪褘泄 0,013423 0,000033
锌械褉械写邪褌褜 2,612740 0,012818
写懈褋泻褍褋褋懈褟 0,013423 0,000022
褍褋褌褉邪懈胁邪褌褜 5,010635 0,004097
懈薪胁械褋褌懈褑懈褟 3,218876 0,005264
褌械芯褉械褌懈褔械褋泻懈 3,624341 0,002963
褋写械谢邪褌褜 1,226446 0,002006
褌芯锌谢懈胁芯 3,912023 0,003199
褋胁褟蟹邪薪薪褘泄 0,013423 0,000022
褋谢褍卸斜邪 0,006689 0,000005
褉懈邪 0,006689 0,000049
懈蟹芯斜褉邪卸械薪懈械 2,708050 0,004429
蟹邪屑械褌懈褌褜 0,013423 0,000011
蟹邪泻褉褘褌褘泄 0,013423 0,000011
芯斜褉邪褖邪褌褜 0,013423 0,000011
褉械泻芯屑械薪写邪褌械谢褜薪褘泄 0,013423 0,000011
懈械褉邪褉褏懈褟 5,010635 0,004097
锌械褉械谐芯胁芯褉褘 1,875141 0,007666
锌褉芯谐薪褍褌褜 5,010635 0,008194
邪泻褌褍邪谢褜薪褘泄 3,401197 0,002781
谐芯写 0,006689 0,000016
褋锌邪褋褌懈 2,238047 0,001830
屑懈薪懈褋褌褉 2,525729 0,004130
屑械卸写褍薪邪褉芯写薪褘泄 0,013423 0,000033
泻邪褋褌褉芯 3,218876 0,052639
屑谢邪写褕懈泄 4,317488 0,003530
锌芯褌械褉褟 2,066196 0,001689
褍褋褌褍锌泻邪 3,218876 0,002632
褌褉邪屑锌 1,544899 0,027791
泻芯褌芯褉褘泄 0,603916 0,002963
锌芯褝褌芯屑褍 2,014903 0,004943
褍斜褉邪褌褜 2,302585 0,003765
屑芯褉懈褌褜 5,010635 0,004097
斜谢芯泻邪写邪 3,624341 0,011854
邪谐械薪褌褋褌胁芯 0,013423 0,000044
褋谢械写褍褞褖懈泄 1,427116 0,001167
褉芯写褉懈谐械褋 5,010635 0,004097
锌械褉褋锌械泻褌懈胁邪 2,708050 0,004429
锌芯斜械写邪 2,066196 0,003379
褔褉械蟹胁褘褔邪泄薪褘泄 2,931194 0,002397
锌褉懈胁械褋褌懈 2,371578 0,001939
邪胁褌芯褉懈蟹芯胁邪褌褜褋褟 0,013423 0,000022
胁褘斜褉邪褌褜 0,013423 0,000033
锌芯谢懈褌懈褔械褋泻懈泄 2,813411 0,002300
褋械谐芯写薪褟 0,013423 0,000088
褋褌褉邪薪邪 1,139434 0,002795
锌褉械蟹懈写械薪褌 1,643339 0,001344
锌褉芯褋懈褌褜 0,013423 0,000011
褋谢褍褔邪泄 1,643339 0,001344
锌褉械写芯褋褌邪褌芯褔薪芯 4,317488 0,003530
褌邪泻芯泄 1,098612 0,002695
芯写懈薪芯褔械褋褌胁芯 4,317488 0,003530
邪屑械褉懈泻邪 2,708050 0,006643
锌芯谢薪芯褑械薪薪褘泄 4,317488 0,003530
胁屑械褋褌械 2,302585 0,001883
卸懈褌褜 3,218876 0,002632
薪芯胁褘械褋薪邪褔邪谢邪 0,013423 0,000011
薪褍卸薪褘泄 1,643339 0,002687
薪械褋泻芯谢褜泻芯 1,544899 0,001263
蟹邪褋褌邪胁懈褌褜 3,064725 0,002506
褕邪锌泻邪 0,013423 0,000011
芯褌锌褉邪胁懈褌褜 0,013423 0,000154
锌褉芯写芯谢卸懈褌褜 0,006689 0,000005
褉械褕械薪懈械 0,006689 0,000005
薪懈泻邪泻芯泄 2,708050 0,004429
褋芯斜懈褉邪褌褜褋褟 2,813411 0,006901
锌褉芯褏芯写懈褌褜 2,177422 0,001780
芯蟹薪邪泻芯屑懈褌褜 0,013423 0,000011
泻邪锌懈褌褍谢褟褑懈褟 3,624341 0,005927
胁芯械薪薪褘泄 1,514128 0,002476
胁邪泻邪薪褋懈褟 0,013423 0,000011
谢械褌薪懈泄 1,919593 0,003139
屑褘 0,013423 0,000077
锌褉芯褋褌邪胁谢褟褌褜 0,013423 0,000011
褍褔邪褋褌懈械 0,006689 0,000005
写械泄褋褌胁懈褌械谢褜薪芯 3,624341 0,002963
邪泻泻邪褍薪褌 0,013423 0,000055
褝泻芯薪芯屑懈泻邪 0,292136 0,000478
薪械褔械谐芯 4,317488 0,003530
芯斜褋褍卸写械薪懈械 0,013423 0,000022
懈褋锌芯谢褜蟹芯胁邪褌褜 0,013423 0,000022
芯锌械褔邪褌泻邪 0,013423 0,000011
屑械泻褋懈泻邪薪褋泻懈泄 3,218876 0,002632
斜褉褍薪芯 4,317488 0,007060
褋谢芯卸薪芯 3,218876 0,005264
褉邪蟹谐芯胁邪褉懈胁邪褌褜 4,317488 0,003530
芯薪谢邪泄薪 0,013423 0,000011
锌芯褔褌邪 0,013423 0,000077
斜谢芯泻懈褉芯胁泻邪 0,013423 0,000044
芯褋褍褖械褋褌胁谢褟褌褜褋褟 0,013423 0,000011
胁褘蟹胁邪褌褜 2,371578 0,001939
胁薪械褕薪懈泄 3,401197 0,002781
邪锌褉械谢褜 0,013423 0,000011
褎邪屑懈谢懈褟 0,013423 0,000011
褟薪写械泻褋 0,013423 0,000022
褍褉芯胁械薪褜 2,014903 0,003295
胁谢邪写懈屑懈褉 1,373049 0,002245
褎懈薪邪薪褋芯胁褘泄 1,714798 0,001402
谢懈斜芯 0,013423 0,000011
褎械写械褉邪谢褜薪褘泄 0,013423 0,000044
薪邪卸懈屑邪褌褜 0,013423 0,000011
褌褉械褌褜 3,064725 0,002506
褋械屑褜褟 2,014903 0,006590
锌芯懈褋泻 0,013423 0,000011
懈褋褌芯褉懈褔械褋泻懈泄 2,612740 0,002136
芯褎懈褑懈邪谢褜薪褘泄 2,177422 0,003561
谐芯谢芯写 3,912023 0,003199
锌芯薪懈屑邪褌褜 2,708050 0,002214
薪械褋谢芯卸薪芯 5,010635 0,004097
锌芯锌褉芯斜芯胁邪褌褜 0,013423 0,000011
蟹邪锌芯谢薪械薪懈械 0,013423 0,000077
胁薪懈屑邪薪懈械 0,013423 0,000011
锌褉懈薪懈屑邪褌褜 0,013423 0,000022
懈褋锌褍谐邪褌褜 5,010635 0,004097
褟褉芯褋褌薪芯 3,624341 0,002963
褍褋谢芯胁懈械 1,321756 0,001081
芯斜褗褟胁懈褌褜 2,525729 0,002065
胁芯蟹屑芯卸薪芯褋褌褜 1,752539 0,001433
芯褌胁械褔邪褌褜 2,931194 0,002397
锌谢芯褏芯泄 2,708050 0,002214
锌械褉械写邪胁邪褌褜 3,624341 0,002963
胁械薪械褋褍褝谢褜褋泻懈泄 4,317488 0,007060
写褍屑邪褌褜 3,401197 0,002781
蟹邪薪懈屑邪褌褜 2,525729 0,002065
胁褘锌褍褋泻 0,013423 0,000011
懈薪褎芯褉屑邪褑懈褟 2,066196 0,001689
薪械胁芯蟹屑芯卸薪褘泄 4,317488 0,003530
薪邪写蟹芯褉 0,013423 0,000011
写芯褉芯卸懈褌褜 5,010635 0,008194
芯褔械薪褜 1,678431 0,005490
锌褉械写锌褉懈褟褌懈械 0,013423 0,000044
褋锌芯褋芯斜 0,013423 0,000022
胁褘褋芯泻懈泄 2,238047 0,003660
薪邪褍泻邪 0,283247 0,000232
泻邪泻芯泄 1,399717 0,001144
芯斜褉邪褌薪褘泄 0,013423 0,000077
锌褉芯写褍泻褌 0,135438 0,000111
锌褉芯懈蟹芯泄褌懈 0,013423 0,000011
褋械屑械泄薪褘泄 2,525729 0,002065
