придумать 2,931194 0,004054
истечь 0,013423 0,000019
личный 2,177422 0,003012
лента 0,006689 0,000019
законный 0,013423 0,000019
новый 0,006689 0,000019
перемирие 4,317488 0,005972
найти 0,013423 0,000019
письмо 0,013423 0,000037
сфера 0,013423 0,000019
электронный 0,013423 0,000019
спасибо 0,013423 0,000037
санкция 2,931194 0,004054
спорт 0,190354 0,000263
расширить 0,006689 0,000009
обзор 2,371578 0,003280
месяц 1,003302 0,001388
этот 1,514128 0,002094
свидетельство 0,013423 0,000019
согласие 0,013423 0,000037
центр 0,166448 0,000230
комментирование 0,013423 0,000037
удар 2,120264 0,002933
доступ 0,013423 0,000037
блокироваться 0,013423 0,000019
миа 0,013423 0,000037
автоматически 2,931194 0,004054
задать 0,013423 0,000019
убивать 3,912023 0,010822
связаться 0,013423 0,000111
кран 5,010635 0,006930
правило 0,013423 0,000093
сохранить 0,013423 0,000019
г 0,013423 0,000037
реклама 0,013423 0,000037
фото 0,013423 0,000019
политика 0,013423 0,000093
связь 0,006689 0,000074
нащупать 5,010635 0,006930
применение 0,013423 0,000019
взаимодействие 0,013423 0,000037
о 0,013423 0,000019
дать 0,013423 0,000037
пресс 0,013423 0,000037
согласный 0,013423 0,000056
персональный 0,013423 0,000149
перетянуть 0,013423 0,000019
тридцать 3,912023 0,005411
течение 0,013423 0,000019
китай 1,714798 0,002372
смочь 0,006689 0,000009
использоваться 0,006689 0,000009
вражин 5,010635 0,006930
вредить 5,010635 0,006930
давос 5,010635 0,006930
готовый 0,006689 0,000019
дата 0,006689 0,000028
мир 0,223144 0,000617
вернуться 2,445686 0,003383
скандальный 5,010635 0,006930
пройти 0,006689 0,000009
заголовок 0,013423 0,000037
поворот 3,912023 0,005411
шампанское 5,010635 0,006930
одноклассник 0,013423 0,000037
недопустимый 0,013423 0,000019
отступать 5,010635 0,006930
информационный 0,013423 0,000074
вы 0,013423 0,000019
оставить 1,966113 0,002719
фио 0,013423 0,000019
кирилл 1,875141 0,005187
адский 5,010635 0,006930
восстановить 0,013423 0,000019
пожалуйста 0,013423 0,000019
русский 1,118815 0,003095
сво 1,919593 0,005310
кейс 5,010635 0,006930
окончательно 2,813411 0,003891
рассмотреть 0,013423 0,000019
расположить 0,013423 0,000037
быстро 2,177422 0,003012
версия 0,013423 0,000019
время 0,013423 0,000037
ниже 0,013423 0,000056
кнопка 0,013423 0,000019
россия 0,006689 0,000194
наглость 3,064725 0,004239
тег 0,190354 0,000263
праздновать 2,612740 0,003614
зарегистрировать 0,013423 0,000019
ранее 0,013423 0,000019
проблема 0,013423 0,000037
главный 0,013423 0,000037
подкаст 0,292136 0,000404
данные 0,013423 0,000149
резко 3,912023 0,005411
январь 1,040343 0,011511
разгромить 5,010635 0,006930
появиться 2,120264 0,005865
проведение 2,177422 0,003012
украина 1,160488 0,009631
дикий 3,401197 0,004704
город 0,013423 0,000019
разблокировать 0,013423 0,000056
публикация 2,177422 0,003012
аргумент 5,010635 0,006930
ложь 4,317488 0,005972
фотография 0,013423 0,000019
сайт 0,013423 0,000056
поле 0,013423 0,000149
час 0,013423 0,000037
чат 0,013423 0,000037
полезный 0,143101 0,000198
новостеймолния 0,013423 0,000019
написать 0,013423 0,000019
галочка 0,013423 0,000019
заблокировать 0,013423 0,000037
перетащить 0,013423 0,000056
соглашаться 0,013423 0,000019
туризм 0,283247 0,000392
сначала 0,013423 0,000019
поддерживаетсяполучить 0,013423 0,000019
адрес 0,013423 0,000093
зеленский 1,875141 0,002594
другой 0,013423 0,000056
соответствие 0,013423 0,000037
унитарный 0,013423 0,000056
популярность 2,612740 0,003614
надорваться 5,010635 0,006930
европа 1,455287 0,002013
давать 0,013423 0,000056
показать 0,013423 0,000019
отправка 0,013423 0,000019
загрузить 0,013423 0,000037
направление 0,013423 0,000019
телефон 0,013423 0,000019
пароль 0,013423 0,000204
слон 5,010635 0,006930
редакция 0,013423 0,000056
удалить 0,013423 0,000074
период 1,118815 0,001547
сдаваться 5,010635 0,006930
тихо 5,010635 0,006930
вход 0,013423 0,000037
должный 0,013423 0,000019
надёжно 4,317488 0,005972
поцелуй 4,317488 0,005972
описать 0,013423 0,000019
размещение 0,013423 0,000019
сколько 0,006689 0,000009
автор 0,013423 0,000037
изменить 2,931194 0,004054
сущность 5,010635 0,006930
старый 0,013423 0,000019
сообщение 0,013423 0,000260
цифровой 2,445686 0,003383
происшествие 0,292136 0,000404
пережить 3,624341 0,005013
подтвердить 0,013423 0,000019
отвратительный 5,010635 0,006930
полностью 2,014903 0,002787
торг 5,010635 0,006930
унижение 4,317488 0,005972
подтверждать 0,013423 0,000019
гаврилов 0,013423 0,000019
выясниться 3,624341 0,005013
учредитель 0,013423 0,000019
авторизация 0,013423 0,000019
религия 0,283247 0,000392
рейтинг 0,006689 0,000009
форма 0,013423 0,000223
последний 0,899761 0,002489
ожидать 2,612740 0,003614
звать 5,010635 0,006930
московский 1,678431 0,002321
ссылка 0,013423 0,000074
коммуникация 0,013423 0,000019
мой 0,013423 0,000093
культура 0,292136 0,000404
архив 0,190354 0,000263
помочь 0,013423 0,000019
штаны 5,010635 0,006930
нато 2,612740 0,003614
статья 0,013423 0,000019
позиция 2,708050 0,003746
сша 1,118815 0,006190
описание 0,013423 0,000019
щедро 3,218876 0,004452
процесс 0,013423 0,000019
отказать 3,218876 0,004452
недвижимость 0,292136 0,000404
роскомнадзор 0,013423 0,000019
мировой 2,371578 0,003280
технология 0,013423 0,000037
редактор 0,013423 0,000019
получить 0,985284 0,001363
контакт 0,013423 0,000019
сломать 3,912023 0,005411
москва 0,006689 0,000019
воспользоваться 0,013423 0,000074
гениальный 3,912023 0,005411
тема 0,013423 0,000056
мечтать 3,401197 0,004704
сервис 0,174353 0,000241
государственный 0,013423 0,000056
спина 3,624341 0,010026
дискуссия 0,013423 0,000037
предъявить 3,624341 0,005013
атомный 2,525729 0,003493
результат 1,714798 0,002372
скандал 2,813411 0,003891
связанный 0,013423 0,000037
служба 0,006689 0,000009
риа 0,006689 0,000019
заметить 0,013423 0,000019
враг 3,218876 0,004452
закрытый 0,013423 0,000019
обращать 0,013423 0,000019
рекомендательный 0,013423 0,000019
далее 0,013423 0,000037
оплатить 2,708050 0,003746
переговоры 1,875141 0,005187
год 0,006689 0,000019
иуда 3,912023 0,005411
хотеть 0,006689 0,000019
открывать 0,013423 0,000037
перейти 0,013423 0,000019
армия 2,120264 0,002933
международный 0,013423 0,000056
замуж 5,010635 0,006930
трамп 1,544899 0,002137
который 0,603916 0,000835
вчера 1,576648 0,002181
обращение 0,013423 0,000056
агентство 0,013423 0,000074
спецпроект 0,190354 0,000263
массовый 0,013423 0,000019
обработка 0,013423 0,000093
это 0,013423 0,000019
авторизоваться 0,013423 0,000037
уничтожать 3,218876 0,004452
выбрать 0,013423 0,000056
сегодня 0,013423 0,000093
новость 0,006689 0,000028
попасться 4,317488 0,005972
просить 0,013423 0,000019
америка 2,708050 0,007491
новыесначала 0,013423 0,000019
доверять 4,317488 0,005972
зарегистрироваться 0,013423 0,000093
пожаловаться 0,006689 0,000009
войти 0,006689 0,000037
место 1,272966 0,001761
шапка 0,013423 0,000019
отправить 0,013423 0,000260
продолжить 0,006689 0,000009
решение 0,006689 0,000009
спецоперация 2,445686 0,003383
ознакомить 0,013423 0,000019
вакансия 0,013423 0,000019
эл 0,013423 0,000019
мы 0,013423 0,000130
проставлять 0,013423 0,000019
радио 0,274437 0,000380
участие 0,006689 0,000009
аккаунт 0,013423 0,000093
экономика 0,292136 0,000404
защита 0,013423 0,000074
энергетический 2,371578 0,003280
регистрация 0,013423 0,000093
глаз 2,931194 0,004054
обсуждение 0,013423 0,000037
опечатка 0,013423 0,000019
использовать 0,013423 0,000019
почему 0,013423 0,000019
хребет 4,317488 0,005972
восстановление 0,013423 0,000074
онлайн 0,013423 0,000019
ломаться 5,010635 0,006930
колено 4,317488 0,005972
почта 0,013423 0,000130
блокировка 0,013423 0,000074
воевать 2,813411 0,003891
осуществляться 0,013423 0,000019
перекрыть 4,317488 0,005972
киев 1,832581 0,002535
идеальный 2,445686 0,003383
апрель 0,013423 0,000019
вконтакте 0,013423 0,000037
фамилия 0,013423 0,000019
логин 0,013423 0,000019
навсегда 0,013423 0,000037
конфиденциальность 0,013423 0,000074
нарушение 0,013423 0,000056
яндекс 0,013423 0,000037
путин 1,373049 0,001899
действие 0,013423 0,000019
либо 0,013423 0,000019
федеральный 0,013423 0,000074
релиз 0,013423 0,000019
нажимать 0,013423 0,000019
назад 0,013423 0,000093
список 0,013423 0,000019
тысяча 1,919593 0,002655
поиск 0,013423 0,000019
итог 2,302585 0,003185
обязательный 0,013423 0,000130
февраль 0,567984 0,008642
ошибка 0,013423 0,000056
слабый 2,708050 0,003746
вопрос 0,006689 0,000037
зубовский 0,013423 0,000037
попробовать 0,013423 0,000019
заполнение 0,013423 0,000130
заполнить 0,013423 0,000130
внимание 0,013423 0,000019
яростно 3,624341 0,005013
принимать 0,013423 0,000019
ваш 0,013423 0,000297
общество 0,257045 0,000356
имя 0,013423 0,000093
плохой 2,708050 0,003746
выпуск 0,013423 0,000019
срок 0,013423 0,000037
убитый 4,317488 0,005972
основание 0,013423 0,000019
кто 2,014903 0,002787
издание 0,013423 0,000019
бульвар 0,013423 0,000037
сетевой 0,013423 0,000019
усилить 3,912023 0,005411
раскрыть 2,612740 0,003614
событие 1,544899 0,002137
надзор 0,013423 0,000019
разводиться 5,010635 0,006930
использование 0,013423 0,000019
пора 2,525729 0,003493
вновь 0,013423 0,000019
неделя 1,181994 0,001635
стрельников 3,218876 0,008904
самый 0,967584 0,001338
сменить 0,013423 0,000019
способ 0,013423 0,000056
предприятие 0,013423 0,000056
материал 0,013423 0,000186
принудить 5,010635 0,006930
наука 0,283247 0,000392
участвовать 0,013423 0,000037
сообщить 0,013423 0,000019
обратный 0,013423 0,000130
продукт 0,135438 0,000187
произойти 0,013423 0,000019
быть 0,013423 0,000056
погубить 2,931194 0,004054
успешно 0,013423 0,000019
второй 1,427116 0,001974
скриншот 0,013423 0,000056
