芯斜褏芯写懈褌褜褋褟 3,912023 0,003040
锌芯写邪褔邪 2,120264 0,001647
屑械写懈邪斜邪薪泻泻邪褉褌芯褎械谢褜薪褘泄 5,010635 0,003893
写芯谢谐懈泄 3,218876 0,002501
写芯褋褌邪胁泻邪 3,624341 0,002816
胁邪褉褢薪褘泄 3,218876 0,002501
蟹邪泻芯薪薪褘泄 0,013423 0,000010
薪芯胁褘泄 0,006689 0,000010
褋懈薪懈褔械薪泻芯 5,010635 0,003893
芯褉械褏 3,218876 0,002501
薪邪泄褌懈 0,013423 0,000010
锌懈褋褜屑芯 0,013423 0,000021
褋锌邪褋懈斜芯 0,013423 0,000010
褉邪褋褕懈褉懈褌褜 0,006689 0,000005
泻芯褉芯褔泻邪 3,401197 0,002643
褋芯谐谢邪褋懈械 0,013423 0,000021
泻邪褋邪褌褜褋褟 2,371578 0,001843
写芯褋褌褍锌 0,013423 0,000021
屑懈邪 0,013423 0,000031
褋芯写械褉卸懈屑芯械 3,624341 0,005632
蟹邪写邪褌褜 0,013423 0,000010
胁屑械褕邪褌褜 4,317488 0,006709
褋胁褟蟹邪褌褜褋褟 0,013423 0,000063
写械泻邪斜褉褜 0,985284 0,000766
谐芯褌芯胁薪芯褋褌褜 2,238047 0,006956
谐芯褉褔懈褑邪 3,401197 0,002643
褔械谢芯胁械泻 1,118815 0,000869
屑褍褋泻邪褌薪褘泄 4,317488 0,003355
谐 0,013423 0,000136
薪械屑薪芯谐芯 2,177422 0,003384
褉械泻谢邪屑邪 0,013423 0,000010
褎芯褌芯 0,013423 0,000010
褉邪褋锌褉芯褋褌褉邪薪懈褌褜褋褟 4,317488 0,003355
褎芯谢褜谐邪 4,317488 0,006709
锌芯谢懈褌懈泻邪 0,013423 0,000042
屑邪泻邪褉芯薪褘 3,912023 0,003040
褋胁褟蟹褜 0,006689 0,000042
芯 0,013423 0,000010
褉械锌褔邪褌褘泄 3,064725 0,004763
褌械褔械薪懈械 0,013423 0,000010
褔 2,612740 0,002030
锌懈褖械胁芯泄 2,120264 0,003295
锌芯胁邪褉 2,238047 0,008695
胁邪褉懈邪薪褌 1,966113 0,003055
薪邪写邪胁懈褌褜 4,317488 0,006709
屑懈褉 0,223144 0,000173
胁械褋褜 1,021651 0,001588
谐芯褌芯胁泻邪 1,919593 0,001492
锌褉芯泄褌懈 0,006689 0,000005
蟹邪谐芯谢芯胁芯泻 0,013423 0,000021
懈薪褎芯褉屑邪褑懈芯薪薪褘泄 0,013423 0,000042
褕邪谐 1,791759 0,025060
褋谢芯卸薪芯褋褌褜 2,371578 0,005528
褌芯薪泻懈泄 2,612740 0,004060
屑褍褋邪泻邪 5,010635 0,003893
褉邪褋褋屑芯褌褉械褌褜 0,013423 0,000010
褋泻芯褌 4,317488 0,003355
褉邪褋锌芯谢芯卸懈褌褜 0,013423 0,000021
泻谢邪褋褋懈褔械褋泻懈泄 1,752539 0,004085
胁褉械屑褟 0,013423 0,000063
斜褘褋褌褉芯 2,177422 0,003384
泻薪芯锌泻邪 0,013423 0,000010
胁芯褋泻芯胁芯泄 5,010635 0,003893
卸械谢褌芯泻 3,624341 0,002816
芯褔懈褋褌懈褌褜 2,238047 0,010434
褉邪薪械械 0,013423 0,000010
谐谢邪胁薪褘泄 0,013423 0,000021
锌褉芯斜谢械屑邪 0,013423 0,000010
褉械卸懈屑 2,066196 0,003211
写邪薪薪褘械 0,013423 0,000083
褋械褉谐械泄 1,544899 0,003601
锌芯写邪褌褜 2,238047 0,001739
泻褍谢懈薪邪褉 2,813411 0,002186
谐芯褉芯写 0,013423 0,000010
褉邪蟹斜谢芯泻懈褉芯胁邪褌褜 0,013423 0,000031
胁泻褍褋薪芯 2,813411 0,006558
褎芯褌芯谐褉邪褎懈褟 0,013423 0,000010
褔邪褋 0,013423 0,000031
褔邪褌 0,013423 0,000021
屑芯谢芯褔薪褘泄 2,931194 0,004555
锌褉芯褌懈胁械薪褜 3,912023 0,009119
谢械谐泻芯 1,791759 0,001392
薪芯胁芯褋褌械泄屑芯谢薪懈褟 0,013423 0,000010
薪邪锌懈褋邪褌褜 0,013423 0,000010
褋薪芯胁邪 2,612740 0,004060
褋芯谐谢邪褕邪褌褜褋褟 0,013423 0,000010
褋薪邪褔邪谢邪 0,013423 0,000010
褍锌芯褌褉械斜谢褟褌褜 3,401197 0,002643
薪邪褔邪褌褜 1,966113 0,001528
褍胁懈写械褌褜 3,218876 0,002501
锌芯泻邪蟹邪褌褜 0,013423 0,000010
芯褋薪芯胁薪褘泄 1,791759 0,005569
褍屑械薪褜褕懈褌褜 3,401197 0,005285
锌邪褉芯谢褜 0,013423 0,000115
褋谢芯泄 2,813411 0,015302
褍写邪谢懈褌褜 0,013423 0,000042
泻邪谢芯褉懈泄薪芯褋褌褜 2,120264 0,001647
锌懈褉芯谐 3,064725 0,002381
胁褏芯写 0,013423 0,000021
薪邪褉械蟹邪褌褜褋褟 5,010635 0,003893
芯锌懈褋邪褌褜 0,013423 0,000010
褉邪蟹屑械褖械薪懈械 0,013423 0,000010
泻泻邪谢 2,302585 0,001789
芯写薪芯褉芯写薪褘泄 3,064725 0,002381
褋泻芯谢褜泻芯 0,006689 0,000005
蟹邪锌械泻邪褌褜 3,218876 0,010004
褉械泻芯屑械薪写芯胁邪褌褜 2,371578 0,001843
褉械褑械锌褌褘械胁褉芯锌邪泻褍谢懈薪邪褉懈褟械写邪褉械褑械锌褌 5,010635 0,003893
泻褉邪褏屑邪谢懈褋褌褘泄 5,010635 0,007787
锌芯褋褌械锌械薪薪芯 2,931194 0,002278
芯写懈薪 1,098612 0,002561
谐褉邪褌薪褘泄 5,010635 0,003893
褋屑械褋褜 2,371578 0,007371
褋芯胁械褌 1,226446 0,006671
褋屑械褌邪薪邪 2,708050 0,002104
锌芯写褌胁械褉卸写邪褌褜 0,013423 0,000010
谐邪胁褉懈谢芯胁 0,013423 0,000010
褍褔褉械写懈褌械谢褜 0,013423 0,000010
褔邪褋褌褜 1,373049 0,004267
泻芯卸褍褉邪 2,813411 0,004372
薪邪褉械蟹邪褌褜 2,120264 0,008237
褋褋褘谢泻邪 0,013423 0,000042
泻芯屑屑褍薪懈泻邪褑懈褟 0,013423 0,000010
屑懈薪褍褌邪 1,226446 0,003812
褕械褎 2,238047 0,012173
屑芯泄 0,013423 0,000052
胁褘谢芯卸懈褌褜 2,708050 0,012625
锌芯屑芯褔褜 0,013423 0,000010
斜褉械薪写 3,064725 0,004763
褋邪谢邪褌 2,120264 0,001647
芯锌懈褋邪薪懈械 0,013423 0,000010
褕褌 2,238047 0,006956
锌褉芯褑械褋褋 0,013423 0,000010
蟹邪谢懈褌褜 2,445686 0,003801
懈褋褌械褔械薪懈械 3,401197 0,005285
蟹邪屑械薪懈褌褜 2,813411 0,002186
屑褍泻邪 3,912023 0,003040
褉芯褋泻芯屑薪邪写蟹芯褉 0,013423 0,000010
泻褍褉懈薪褘泄 2,371578 0,001843
褌械褏薪芯谢芯谐懈褟 0,013423 0,000021
斜械谢泻邪 2,371578 0,001843
邪褕邪 5,010635 0,003893
褎谢芯褌褋泻懈 5,010635 0,003893
薪褍褌褉懈褑懈芯谢芯谐 3,624341 0,002816
写褍褏芯胁泻邪 2,708050 0,033667
泻芯褉薪械锌谢芯写 4,317488 0,020128
屑芯褋泻胁邪 0,006689 0,000016
褍蟹芯褉 3,624341 0,002816
胁芯褋锌芯谢褜蟹芯胁邪褌褜褋褟 0,013423 0,000042
薪邪褉懈褋芯胁邪褌褜 4,317488 0,003355
写芯斜邪胁谢褟褌褜 1,919593 0,001492
斜褍谢褜芯薪 3,624341 0,005632
锌邪胁械谢 2,238047 0,003478
褋谢懈胁泻邪 2,931194 0,004555
写邪谢械械 0,013423 0,000042
谐褉械褑懈褟 4,317488 0,003355
锌芯褋褘锌邪褌褜 2,612740 0,004060
褔懈褋褌懈褌褜 4,317488 0,003355
褏芯褌械褌褜 0,006689 0,000005
褋褘褌薪褘泄 2,612740 0,006090
芯褌泻褉褘胁邪褌褜 0,013423 0,000021
锌械褉械泄褌懈 0,013423 0,000031
锌芯写谐芯褌芯胁泻邪 2,177422 0,001692
褋褘褉 2,708050 0,012625
锌芯谢芯胁懈薪邪 2,813411 0,004372
薪褍卸薪芯 1,455287 0,006785
泻芯薪褔懈泻 4,317488 0,006709
芯谐谢邪胁谢械薪懈械 1,791759 0,001392
褔邪褋邪褉械褑械锌褌 2,813411 0,002186
芯斜褉邪褖械薪懈械 0,013423 0,000031
锌芯褉褑懈褟 2,238047 0,001739
褝褌芯 0,013423 0,000021
芯斜褉邪斜芯褌泻邪 0,013423 0,000063
屑邪褋褋芯胁褘泄 0,013423 0,000010
锌邪褋褌褍褕懈泄 5,010635 0,003893
胁泻褍褋 1,752539 0,005447
械写邪 2,177422 0,006767
薪芯胁芯褋褌褜 0,006689 0,000042
胁蟹褟褌褜 1,832581 0,002848
胁邪褉泻邪 3,401197 0,002643
褋械薪褌褟斜褉褜 1,427116 0,002218
锌褞褉懈褉芯胁邪薪懈械 5,010635 0,003893
芯褋褌邪谢褜薪芯泄 2,177422 0,003384
蟹邪褉械谐懈褋褌褉懈褉芯胁邪褌褜褋褟 0,013423 0,000052
锌芯卸邪谢芯胁邪褌褜褋褟 0,006689 0,000005
褋褉械写薪懈泄 1,832581 0,002848
胁芯泄褌懈 0,006689 0,000026
褝谢 0,013423 0,000010
蟹邪褖懈褌邪 0,013423 0,000042
褉械谐懈褋褌褉邪褑懈褟 0,013423 0,000052
锌芯褔械屑褍 0,013423 0,000010
锌褉懈褋褘锌邪褌褜 5,010635 0,003893
胁芯褋褋褌邪薪芯胁谢械薪懈械 0,013423 0,000042
斜褘褋褌褉褘泄 1,714798 0,001332
褏芯褉芯褕懈泄 1,059392 0,000823
写芯斜邪胁懈褌褜 1,514128 0,009412
蟹邪褋褌械谢懈褌褜 5,010635 0,007787
胁泻褍褋薪褘泄 1,752539 0,004085
胁泻芯薪褌邪泻褌械 0,013423 0,000021
蟹邪褌械屑 1,791759 0,001392
卸懈褉 2,238047 0,001739
谢芯谐懈薪 0,013423 0,000010
斜谢褞写褉械褑械锌褌 3,218876 0,002501
泻芯薪褎懈写械薪褑懈邪谢褜薪芯褋褌褜 0,013423 0,000042
薪邪褉褍褕械薪懈械 0,013423 0,000031
薪邪胁褋械谐写邪 0,013423 0,000010
褋芯谢褜 2,066196 0,009633
胁懈谢泻邪 3,912023 0,003040
写械泄褋褌胁懈械 0,013423 0,000010
褉邪胁薪芯屑械褉薪芯 3,218876 0,005002
谢懈褋懈褑褘薪 3,218876 0,005002
褉械谢懈蟹 0,013423 0,000010
褉邪褋褌芯谢芯褔褜 4,317488 0,006709
薪邪蟹邪写 0,013423 0,000052
锌械褉胁褘泄 0,883501 0,001373
褋锌懈褋芯泻 0,013423 0,000010
蟹邪锌械泻邪薪懈械 3,624341 0,008448
屑邪褋褋邪 2,813411 0,002186
褋芯褋褌芯褟薪懈械 1,919593 0,002983
卸懈褉薪芯褋褌褜 3,624341 0,002816
谢褍泻 2,302585 0,008946
芯斜褟蟹邪褌械谢褜薪褘泄 0,013423 0,000073
芯褕懈斜泻邪 0,013423 0,000031
胁芯锌褉芯褋 0,006689 0,000021
蟹褍斜芯胁褋泻懈泄 0,013423 0,000021
蟹邪锌芯谢薪懈褌褜 0,013423 0,000073
褉邪蟹屑械褉 2,014903 0,003131
锌褞褉械 3,064725 0,023813
胁邪褕 0,013423 0,000167
懈屑褟 0,013423 0,000052
屑械写懈邪锌谢邪褌褎芯褉屑邪 4,317488 0,006709
锌褉懈褋褍褌褋褌胁芯胁邪褌褜 3,218876 0,002501
斜谢褞写芯 1,609438 0,012505
锌褉芯褌械褉械褌褜 5,010635 0,003893
褋褉芯泻 0,013423 0,000021
锌褉芯屑褘褌褜 2,612740 0,004060
芯褋薪芯胁邪薪懈械 0,013423 0,000010
懈蟹写邪薪懈械 0,013423 0,000010
斜褍谢褜胁邪褉 0,013423 0,000021
褋械褌械胁芯泄 0,013423 0,000010
褋褔懈褌邪褌褜褋褟 2,525729 0,001962
锌芯褌褉械斜芯胁邪褌褜褋褟 2,525729 0,001962
褉邪褋锌褉芯褋褌褉邪薪械薪懈械 3,401197 0,002643
谢械薪懈胁褘泄 5,010635 0,003893
泻褍褏薪懈褉械褑械锌褌 2,612740 0,002030
懈褋锌芯谢褜蟹芯胁邪薪懈械 0,013423 0,000010
胁薪芯胁褜 0,013423 0,000010
屑懈薪邪 2,445686 0,001900
褋屑械薪懈褌褜 0,013423 0,000010
锌芯谢褞斜懈褌褜褋褟 5,010635 0,003893
屑邪褌械褉懈邪谢 0,013423 0,000094
卸邪褉芯锌褉芯褔薪褘泄 5,010635 0,007787
褍褔邪褋褌胁芯胁邪褌褜 0,013423 0,000021
褋芯芯斜褖懈褌褜 0,013423 0,000010
械胁褉芯锌械泄褋泻懈泄 1,791759 0,005569
斜褘褌褜 0,013423 0,000010
锌芯褕邪谐芯胁褘泄 1,455287 0,003392
褍褋锌械褕薪芯 0,013423 0,000010
褋泻褉懈薪褕芯褌 0,013423 0,000031
懈褋褌械褔褜 0,013423 0,000010
谢械薪褌邪 0,006689 0,000010
锌褉懈谐芯褌芯胁懈褌褜 1,643339 0,008938
褟泄褑芯 1,966113 0,012221
褉邪褋锌褉械写械谢懈褌褜 3,401197 0,005285
褋褎械褉邪 0,013423 0,000010
褝谢械泻褌褉芯薪薪褘泄 0,013423 0,000010
薪邪褑懈芯薪邪谢褜薪褘泄 2,302585 0,001789
褎褉邪薪褑懈褟 2,708050 0,002104
褋胁懈写械褌械谢褜褋褌胁芯 0,013423 0,000010
泻芯屑屑械薪褌懈褉芯胁邪薪懈械 0,013423 0,000021
斜谢芯泻懈褉芯胁邪褌褜褋褟 0,013423 0,000010
褌胁褢褉写褘泄 3,401197 0,005285
锌褉邪胁懈谢芯 0,013423 0,000052
褋芯褏褉邪薪懈褌褜 0,013423 0,000010
谢芯卸泻邪 2,525729 0,003925
锌褉懈屑械薪械薪懈械 0,013423 0,000010
胁蟹邪懈屑芯写械泄褋褌胁懈械 0,013423 0,000021
写邪褌褜 0,013423 0,000052
锌褉械褋褋 0,013423 0,000010
褋芯谐谢邪褋薪褘泄 0,013423 0,000031
锌械褉褋芯薪邪谢褜薪褘泄 0,013423 0,000083
泻褍谢懈薪邪褉懈褟 2,371578 0,001843
锌懈泻邪薪褌薪芯褋褌褜 3,624341 0,002816
锌械褉械褌褟薪褍褌褜 0,013423 0,000010
屑懈薪懈屑邪谢褜薪褘泄 2,708050 0,002104
泻邪褉褌芯褎械谢褜 2,445686 0,062710
胁械泻 2,813411 0,002186
褋屑芯褔褜 0,006689 0,000005
懈褋锌芯谢褜蟹芯胁邪褌褜褋褟 0,006689 0,000010
褟懈褔薪褘泄 3,064725 0,004763
褌褉械褌懈泄 1,919593 0,002983
谐芯褌芯胁褘泄 0,006689 0,000010
锌邪褉屑邪薪褌褜械 5,010635 0,003893
褍谐谢械胁芯写 2,445686 0,001900
褉褍屑褟薪褘泄 3,401197 0,002643
褑械薪薪芯褋褌褜 2,120264 0,001647
胁褔械褉邪褕薪懈泄 4,317488 0,003355
写邪褌邪 0,006689 0,000005
芯写薪芯泻谢邪褋褋薪懈泻 0,013423 0,000021
薪械写芯锌褍褋褌懈屑褘泄 0,013423 0,000010
屑邪谐邪蟹懈薪 3,064725 0,002381
胁褘 0,013423 0,000010
褎懈芯 0,013423 0,000010
胁芯褋褋褌邪薪芯胁懈褌褜 0,013423 0,000010
锌芯卸邪谢褍泄褋褌邪 0,013423 0,000010
泻邪褉褌芯褕泻邪 2,813411 0,004372
胁芯谢薪邪 3,912023 0,003040
褋褌芯谢 1,832581 0,001424
薪械芯斜褏芯写懈屑芯 1,791759 0,002784
蟹邪锌械泻邪薪泻邪 3,401197 0,071354
锌褉芯褋褌芯 1,714798 0,001332
胁蟹斜懈褌褜 3,064725 0,004763
屑芯褉褋泻芯泄 3,218876 0,005002
胁械褉褋懈褟 0,013423 0,000010
薪懈卸械 0,013423 0,000031
褉芯褋褋懈褟 0,006689 0,000047
褉邪蟹芯谐褉械胁邪褌褜 3,624341 0,002816
锌褉芯褋褌芯泄 1,272966 0,004945
懈蟹屑械谢褜褔懈褌褜 2,931194 0,002278
褋胁芯泄 0,867501 0,000674
蟹邪褉械谐懈褋褌褉懈褉芯胁邪褌褜 0,013423 0,000010
蟹邪谢懈胁泻邪 4,317488 0,006709
锌芯褋褘锌泻邪 5,010635 0,007787
锌芯谢褍褔懈褌褜褋褟 2,177422 0,005076
褉邪褑懈芯薪 3,912023 0,003040
斜邪谢泻邪薪褘 5,010635 0,003893
泻褍斜懈泻 2,525729 0,003925
褋邪泄褌 0,013423 0,000031
锌芯谢械 0,013423 0,000083
锌褉邪胁懈谢褜薪芯 2,066196 0,001605
褋胁褟蟹邪褌褜 2,445686 0,001900
褋谢械谐泻邪 2,708050 0,016833
锌芯谢械蟹薪褘泄 0,143101 0,000111
谐邪谢芯褔泻邪 0,013423 0,000010
褌械褏薪芯谢芯谐 3,624341 0,002816
蟹邪斜谢芯泻懈褉芯胁邪褌褜 0,013423 0,000021
锌械褉械褌邪褖懈褌褜 0,013423 0,000031
屑械谢泻懈泄 2,371578 0,003685
锌芯写写械褉卸懈胁邪械褌褋褟锌芯谢褍褔懈褌褜 0,013423 0,000010
锌械褉械褑 2,445686 0,009501
邪写褉械褋 0,013423 0,000052
写褉褍谐芯泄 0,013423 0,000042
褋芯芯褌胁械褌褋褌胁懈械 0,013423 0,000021
褍薪懈褌邪褉薪褘泄 0,013423 0,000031
械胁褉芯锌邪 1,455287 0,002262
写邪胁邪褌褜 0,013423 0,000021
芯褌锌褉邪胁泻邪 0,013423 0,000010
蟹邪谐褉褍蟹懈褌褜 0,013423 0,000021
薪邪锌褉邪胁谢械薪懈械 0,013423 0,000010
褌械谢械褎芯薪 0,013423 0,000010
锌褉芯谐褉械褌褜 3,401197 0,005285
褉械写邪泻褑懈褟 0,013423 0,000031
褔褢褉薪褘泄 2,238047 0,001739
写芯谢卸薪褘泄 0,013423 0,000042
褖褢褌泻邪 5,010635 0,007787
褋械薪 3,401197 0,002643
褌械褉屑懈褔械褋泻懈泄 3,624341 0,002816
邪胁褌芯褉 0,013423 0,000010
褋褌邪褉褘泄 0,013423 0,000010
褋芯芯斜褖械薪懈械 0,013423 0,000146
锌械褔褢薪褘泄 4,317488 0,003355
写芯褋褌邪褌褜 3,218876 0,010004
泻褉芯屑械 1,919593 0,001492
泻褉邪斜芯胁褘泄 2,931194 0,002278
锌械褔褜 3,624341 0,002816
锌谢芯褌薪褘泄 3,401197 0,002643
懈薪谐褉械写懈械薪褌 1,919593 0,002983
锌芯写褌胁械褉写懈褌褜 0,013423 0,000010
谢械斜械写械胁 3,624341 0,002816
屑邪褋谢芯 2,238047 0,012173
邪胁褌芯褉懈蟹邪褑懈褟 0,013423 0,000010
褉械泄褌懈薪谐 0,006689 0,000005
褎芯褉屑邪 0,013423 0,000188
泻芯薪胁械泻褑懈褟 5,010635 0,007787
锌芯胁械褉褏薪芯褋褌褜 2,813411 0,002186
斜褉邪褌褜 2,445686 0,001900
锌芯褉褑懈芯薪薪褘泄 3,064725 0,002381
蟹械谢械薪褜 2,371578 0,001843
屑褟谐泻芯褋褌褜 3,218876 0,005002
锌芯谢褍褔邪褌褜褋褟 2,708050 0,002104
褋褌邪褌褜褟 0,013423 0,000010
胁械谢懈泻芯斜褉懈褌邪薪懈褟 3,218876 0,002501
褝褎褎械泻褌薪褘泄 5,010635 0,003893
泻褉褍卸芯褔械泻 3,624341 0,008448
谢褞斜芯泄 1,576648 0,001225
泻褍褋芯褔械泻 2,708050 0,002104
屑械谢泻芯 2,525729 0,003925
褕懈褉芯泻芯 3,401197 0,002643
褉械写邪泻褌芯褉 0,013423 0,000010
褎谐褍锌 0,499776 0,000388
屑薪芯谐懈泄 3,064725 0,002381
屑褟褋芯 2,445686 0,003801
泻芯薪褌邪泻褌 0,013423 0,000010
褌械屑邪 0,013423 0,000031
褋械褉胁懈褋 0,174353 0,000135
谐芯褋褍写邪褉褋褌胁械薪薪褘泄 0,013423 0,000031
写懈褋泻褍褋褋懈褟 0,013423 0,000021
邪锌锌械褌懈褌薪褘泄 3,401197 0,002643
褋写械谢邪褌褜 1,226446 0,001906
褋胁褟蟹邪薪薪褘泄 0,013423 0,000021
褋谢褍卸斜邪 0,006689 0,000005
褉懈邪 0,006689 0,000036
蟹邪屑械褌懈褌褜 0,013423 0,000010
蟹邪泻褉褘褌褘泄 0,013423 0,000010
泻谢邪褋褌褜 3,064725 0,002381
芯斜褉邪褖邪褌褜 0,013423 0,000010
褉械泻芯屑械薪写邪褌械谢褜薪褘泄 0,013423 0,000010
斜械谢褘泄 2,371578 0,001843
泻褉褍卸泻邪 4,317488 0,003355
褉邪蟹薪褘泄 1,484275 0,002307
卸懈褉薪褘泄 3,401197 0,002643
谐芯谢褍斜械褑 5,010635 0,003893
泻谐 3,064725 0,007144
谐芯写 0,006689 0,000005
屑械写懈邪斜邪薪泻 1,321756 0,001027
褋褉械写薪械 2,813411 0,002186
卸懈写泻芯褋褌褜 3,218876 0,002501
泻褉邪褏屑邪谢 3,912023 0,003040
泻褍褏薪褟 1,576648 0,003675
泻褍蟹薪械褑芯胁 3,401197 0,007928
屑械卸写褍薪邪褉芯写薪褘泄 0,013423 0,000031
邪薪写褉械泄 2,302585 0,001789
褌褢褉褌褘泄 2,931194 0,009110
泻芯褌芯褉褘泄 0,603916 0,001408
薪邪锌褉懈屑械褉 1,714798 0,002665
邪谐械薪褌褋褌胁芯 0,013423 0,000042
锌褉懈谐芯褌芯胁谢械薪懈械 1,484275 0,010380
锌芯锌械褉褔懈褌褜 3,218876 0,010004
锌懈褖邪 2,813411 0,002186
邪胁褌芯褉懈蟹芯胁邪褌褜褋褟 0,013423 0,000021
胁褘斜褉邪褌褜 0,013423 0,000031
褋械谐芯写薪褟 0,013423 0,000063
褋褌褉邪薪邪 1,139434 0,000885
锌褉芯褋懈褌褜 0,013423 0,000010
锌械褉械胁械褉薪褍褌褜 3,218876 0,005002
褋褉邪蟹褍 1,832581 0,001424
褌邪泻芯泄 1,098612 0,000854
褎邪褉褕 3,912023 0,024317
褔械褋薪芯泻 2,612740 0,002030
褌械褋薪芯 5,010635 0,003893
薪芯胁褘械褋薪邪褔邪谢邪 0,013423 0,000010
褋胁械褉褏褍 3,064725 0,007144
薪械褋泻芯谢褜泻芯 1,544899 0,001200
锌芯褋芯谢懈褌褜 2,813411 0,008744
锌褉懈屑械褉薪芯 2,177422 0,006767
褕邪锌泻邪 0,013423 0,000010
芯褌锌褉邪胁懈褌褜 0,013423 0,000188
芯胁芯褖 2,120264 0,003295
锌褉芯写芯谢卸懈褌褜 0,006689 0,000005
褉械蟹邪褌褜 5,010635 0,007787
褉械褕械薪懈械 0,006689 0,000005
芯蟹薪邪泻芯屑懈褌褜 0,013423 0,000010
锌褘褕薪褘泄 3,218876 0,002501
胁邪泻邪薪褋懈褟 0,013423 0,000010
屑褘 0,013423 0,000073
锌褉芯褋褌邪胁谢褟褌褜 0,013423 0,000010
褍褔邪褋褌懈械 0,006689 0,000005
邪泻泻邪褍薪褌 0,013423 0,000052
芯斜褋褍卸写械薪懈械 0,013423 0,000021
懈褋锌芯谢褜蟹芯胁邪褌褜 0,013423 0,000021
芯锌械褔邪褌泻邪 0,013423 0,000010
褋褌邪斜懈谢懈蟹懈褉芯胁邪褌褜褋褟 5,010635 0,003893
芯薪谢邪泄薪 0,013423 0,000010
锌芯褔褌邪 0,013423 0,000073
斜谢芯泻懈褉芯胁泻邪 0,013423 0,000042
褉械褑械锌褌 1,118815 0,011301
褋芯胁械褌芯胁邪褌褜 3,064725 0,007144
芯褋褍褖械褋褌胁谢褟褌褜褋褟 0,013423 0,000010
懈褋褌芯褉懈褟 1,139434 0,000885
薪邪谐褉械胁 4,317488 0,006709
蟹邪锌械褔褜 3,624341 0,005632
懈写械邪谢褜薪褘泄 2,445686 0,001900
邪锌褉械谢褜 0,013423 0,000010
芯斜卸邪褉懈褌褜 3,064725 0,002381
泻邪褌械谐芯褉懈褟 1,576648 0,001225
褎邪屑懈谢懈褟 0,013423 0,000010
泻芯谢懈褔械褋褌胁芯 1,919593 0,001492
褋胁械褌谢邪薪邪 2,813411 0,002186
褟薪写械泻褋 0,013423 0,000021
褋谢懈胁芯褔薪褘泄 2,931194 0,009110
谢懈斜芯 0,013423 0,000010
芯褋褌褘褌褜 2,525729 0,003925
褎械写械褉邪谢褜薪褘泄 0,013423 0,000042
薪邪卸懈屑邪褌褜 0,013423 0,000010
褉邪蟹芯谐褉械褌褜 2,931194 0,009110
泻芯褉屑 5,010635 0,003893
锌褉械写谢邪谐邪褌褜 2,445686 0,001900
锌芯懈褋泻 0,013423 0,000010
屑芯谢芯写芯泄 2,525729 0,001962
褉械褑械锌褌褘锌褉芯褋褌芯泄 2,813411 0,002186
锌芯锌褉芯斜芯胁邪褌褜 0,013423 0,000010
蟹邪锌芯谢薪械薪懈械 0,013423 0,000073
褋屑邪蟹褘胁邪褌褜 4,317488 0,003355
胁芯蟹写褍褕薪褘泄 3,064725 0,002381
胁薪懈屑邪薪懈械 0,013423 0,000010
锌褉懈薪懈屑邪褌褜 0,013423 0,000010
薪邪谢懈胁邪褌褜 5,010635 0,003893
泻谢褍斜械薪褜 5,010635 0,007787
屑芯谢芯泻芯 2,445686 0,011402
胁褘泻谢邪写褘胁邪薪懈械 5,010635 0,007787
胁褘锌褍褋泻 0,013423 0,000010
泻邪褉褌芯褎械谢褜薪褘泄 3,401197 0,039641
薪械屑芯泄 2,612740 0,002030
薪邪写蟹芯褉 0,013423 0,000010
锌褉械写锌褉懈褟褌懈械 0,013423 0,000031
褋锌芯褋芯斜 0,013423 0,000021
芯斜褉邪褌薪褘泄 0,013423 0,000073
胁芯褋锌褉懈薪懈屑邪褌褜褋褟 5,010635 0,003893
锌褉芯懈蟹芯泄褌懈 0,013423 0,000010
褋屑邪蟹邪褌褜 2,931194 0,006833
锌褉芯胁械褉懈褌褜 2,302585 0,003578
锌褉懈薪褟褌懈械 3,064725 0,002381
胁褌芯褉芯泄 1,427116 0,002218
