蟹邪泻芯薪薪褘泄 0,013423 0,000016
薪芯胁褘泄 0,006689 0,000031
锌芯泻褉邪褋懈褌褜 2,813411 0,009769
薪邪泄褌懈 0,013423 0,000016
锌懈褋褜屑芯 0,013423 0,000031
褋锌邪褋懈斜芯 0,013423 0,000016
褉邪褋褕懈褉懈褌褜 0,006689 0,000015
褌褘泻胁械薪薪褘泄 4,317488 0,004997
褋芯谐谢邪褋懈械 0,013423 0,000031
写芯褋褌褍锌 0,013423 0,000031
屑懈邪 0,013423 0,000031
蟹邪写邪褌褜 0,013423 0,000016
褋胁褟蟹邪褌褜褋褟 0,013423 0,000093
写械泻邪斜褉褜 0,985284 0,003421
胁芯写邪 1,576648 0,001825
谐 0,013423 0,000031
褉械泻谢邪屑邪 0,013423 0,000016
褎芯褌芯 0,013423 0,000031
胁邪褉懈褌褜 2,371578 0,002745
锌芯谢懈褌懈泻邪 0,013423 0,000062
褋胁褟蟹褜 0,006689 0,000062
芯 0,013423 0,000016
褌械褔械薪懈械 0,013423 0,000016
褟谐芯写邪 2,525729 0,002923
褋褍锌 2,302585 0,007995
锌芯胁邪褉 2,238047 0,002590
锌褉芯泄褌懈 0,006689 0,000008
蟹邪谐芯谢芯胁芯泻 0,013423 0,000031
懈薪褎芯褉屑邪褑懈芯薪薪褘泄 0,013423 0,000062
褉械褑械锌褌褘芯斜褖械褋褌胁芯褉械谢懈谐懈褟懈懈褋褍褋 5,010635 0,005799
锌械褋芯褔薪褘泄 5,010635 0,005799
芯褋胁械卸邪褌褜 2,612740 0,006048
褉褍褋褋泻懈泄 1,118815 0,005180
褉邪褋褋屑芯褌褉械褌褜 0,013423 0,000016
泻邪锌褍褋褌邪 2,708050 0,006269
屑懈屑芯蟹邪 3,064725 0,003547
褉邪褋锌芯谢芯卸懈褌褜 0,013423 0,000031
泻谢邪褋褋懈褔械褋泻懈泄 1,752539 0,004057
斜褘褋褌褉芯 2,177422 0,002520
谢邪锌褕邪 5,010635 0,005799
胁褉械屑褟 0,013423 0,000016
泻薪芯锌泻邪 0,013423 0,000016
写械褋械褉褌 2,525729 0,002923
褉邪薪械械 0,013423 0,000016
谐谢邪胁薪褘泄 0,013423 0,000016
锌褉芯斜谢械屑邪 0,013423 0,000016
写邪薪薪褘械 0,013423 0,000124
胁褘锌械褔泻邪 2,612740 0,003024
胁芯褋泻褉械褋械薪懈械泻邪褌芯谢懈褔械褋泻懈泄 4,317488 0,004997
谐芯褉芯写 0,013423 0,000016
褉邪蟹斜谢芯泻懈褉芯胁邪褌褜 0,013423 0,000047
胁泻褍褋薪芯 2,813411 0,006513
褎芯褌芯谐褉邪褎懈褟 0,013423 0,000016
褔邪褋 0,013423 0,000093
褔邪褌 0,013423 0,000031
屑芯谢芯褔薪褘泄 2,931194 0,003393
谢械谐泻芯 1,791759 0,012443
薪芯胁芯褋褌械泄屑芯谢薪懈褟 0,013423 0,000016
薪邪锌懈褋邪褌褜 0,013423 0,000016
锌懈泻薪懈泻 4,317488 0,004997
褋芯谐谢邪褕邪褌褜褋褟 0,013423 0,000016
褋薪邪褔邪谢邪 0,013423 0,000016
褉械褑械锌褌褘锌邪褋褏邪芯斜褖械褋褌胁芯褉芯褋褋懈褟褉械谢懈谐懈褟褋胁械褌谢褘泄 4,317488 0,004997
褍卸懈薪 3,401197 0,003937
锌芯泻邪蟹邪褌褜 0,013423 0,000031
褉械褑械锌褌褘薪褍褌褜 5,010635 0,005799
锌邪褉芯谢褜 0,013423 0,000171
褍写邪谢懈褌褜 0,013423 0,000062
锌懈褉芯谐 3,064725 0,003547
胁褏芯写 0,013423 0,000031
芯锌懈褋邪褌褜 0,013423 0,000016
褉邪蟹屑械褖械薪懈械 0,013423 0,000016
泻械褎懈褉 2,931194 0,006785
褋泻芯谢褜泻芯 0,006689 0,000008
褌芯褉褌 3,624341 0,008390
褋褍褏邪褉懈泻 4,317488 0,004997
斜褍褌械褉斜褉芯写 2,525729 0,002923
锌芯写褌胁械褉卸写邪褌褜 0,013423 0,000016
斜褍谢芯褔泻邪 4,317488 0,004997
谐邪胁褉懈谢芯胁 0,013423 0,000016
褍褔褉械写懈褌械谢褜 0,013423 0,000016
谐褉械褔薪械胁褘泄 3,624341 0,004195
褋褋褘谢泻邪 0,013423 0,000062
泻芯屑屑褍薪懈泻邪褑懈褟 0,013423 0,000016
屑懈薪褍褌邪 1,226446 0,009936
褕械褎 2,238047 0,002590
懈薪褋褌褉褍泻褑懈褟 1,966113 0,002276
屑芯泄 0,013423 0,000078
泻邪褉泻邪写 3,401197 0,003937
锌芯屑芯褔褜 0,013423 0,000016
褉械褑械锌褌褘泻褍谢懈薪邪褉懈褟锌褉芯写褍泻褌褘褋邪谢邪褌 4,317488 0,004997
褋邪谢邪褌 2,120264 0,014724
芯锌懈褋邪薪懈械 0,013423 0,000016
锌褉芯褑械褋褋 0,013423 0,000016
写械谢邪褌褜 1,427116 0,001652
泻褍褉懈褑邪 2,931194 0,010178
褉芯褋泻芯屑薪邪写蟹芯褉 0,013423 0,000016
褌械褏薪芯谢芯谐懈褟 0,013423 0,000031
写褍褏芯胁泻邪 2,708050 0,006269
褏褉懈褋褌芯胁 2,708050 0,018806
褋械泻褉械褌 2,445686 0,002831
屑芯褋泻胁邪 0,006689 0,000015
胁芯褋锌芯谢褜蟹芯胁邪褌褜褋褟 0,013423 0,000062
褎褉邪薪褑褍蟹褋泻懈 3,624341 0,004195
谐邪蟹懈褉芯胁邪褌褜 3,912023 0,004528
写邪谢械械 0,013423 0,000031
褕邪褕谢褘泻 3,218876 0,003726
褉械褑械锌褌褘锌邪褋褏邪褋胁械褌谢褘泄 5,010635 0,005799
褉械褑械锌褌褘褉械褑械锌褌 1,875141 0,032555
褏芯褌械褌褜 0,006689 0,000008
褋褘褌薪褘泄 2,612740 0,003024
芯褌泻褉褘胁邪褌褜 0,013423 0,000031
锌械褉械泄褌懈 0,013423 0,000016
褟锌芯薪褋泻懈泄 2,931194 0,003393
褋褘褉 2,708050 0,003134
薪械卸薪褘泄 2,177422 0,005040
褔邪褋邪褉械褑械锌褌 2,813411 0,003256
芯斜褉邪褖械薪懈械 0,013423 0,000047
泻邪泻邪芯 4,317488 0,004997
懈蟹褘褋泻邪薪薪褘泄 3,624341 0,008390
屑邪褋褋芯胁褘泄 0,013423 0,000016
芯斜褉邪斜芯褌泻邪 0,013423 0,000078
褝褌芯 0,013423 0,000016
褖邪胁械谢械胁褘泄 4,317488 0,004997
薪芯胁芯褋褌褜 0,006689 0,000023
屑芯褉芯卸械薪芯械 3,401197 0,003937
褋械薪褌褟斜褉褜 1,427116 0,001652
蟹邪褉械谐懈褋褌褉懈褉芯胁邪褌褜褋褟 0,013423 0,000078
褏褉懈褋褌芯褋锌褉邪胁芯褋谢邪胁懈械褉褍褋褋泻懈泄 5,010635 0,005799
锌芯卸邪谢芯胁邪褌褜褋褟 0,006689 0,000008
胁芯泄褌懈 0,006689 0,000031
褕芯泻芯谢邪写薪褘泄 3,912023 0,004528
褝谢 0,013423 0,000016
泻褉械屑 3,624341 0,004195
蟹邪褖懈褌邪 0,013423 0,000062
褉械谐懈褋褌褉邪褑懈褟 0,013423 0,000078
锌芯褔械屑褍 0,013423 0,000031
胁芯褋褋褌邪薪芯胁谢械薪懈械 0,013423 0,000062
褏芯褉芯褕懈泄 1,059392 0,003678
胁懈薪邪 2,371578 0,002745
胁泻褍褋薪褘泄 1,752539 0,004057
胁泻芯薪褌邪泻褌械 0,013423 0,000031
屑懈褉械褉芯褋褋懈褟锌邪褋褏邪褉械谢懈谐懈芯蟹薪褘泄 5,010635 0,005799
谢芯谐懈薪 0,013423 0,000016
泻芯薪褎懈写械薪褑懈邪谢褜薪芯褋褌褜 0,013423 0,000062
薪邪褉褍褕械薪懈械 0,013423 0,000047
薪邪胁褋械谐写邪 0,013423 0,000016
屑懈薪褍褌褉械褑械锌褌 2,708050 0,003134
写械泄褋褌胁懈械 0,013423 0,000016
写械褌褋泻懈泄 2,612740 0,003024
褉械谢懈蟹 0,013423 0,000016
褋懈斜懈褉褋泻懈泄 3,218876 0,003726
薪邪蟹邪写 0,013423 0,000078
锌邪褋褏邪锌邪褋褏邪 3,912023 0,013583
褋锌懈褋芯泻 0,013423 0,000016
胁褘锌械褔泻懈褉械褑械锌褌 3,401197 0,003937
芯斜褟蟹邪褌械谢褜薪褘泄 0,013423 0,000109
芯褕懈斜泻邪 0,013423 0,000047
褑械褉泻芯胁褜褌褉邪写懈褑懈懈锌邪褋褏邪褋胁械褌谢褘泄 5,010635 0,005799
胁芯锌褉芯褋 0,006689 0,000031
屑褟谐泻懈泄 2,445686 0,002831
蟹褍斜芯胁褋泻懈泄 0,013423 0,000031
蟹邪锌芯谢薪懈褌褜 0,013423 0,000109
褌褉邪写懈褑懈褟 1,919593 0,002222
胁邪褕 0,013423 0,000249
懈屑褟 0,013423 0,000078
斜邪褉斜械泻褞 5,010635 0,005799
褏芯谢芯写薪懈泻 4,317488 0,004997
褋褉芯泻 0,013423 0,000031
芯褋薪芯胁邪薪懈械 0,013423 0,000016
懈蟹写邪薪懈械 0,013423 0,000016
斜褍谢褜胁邪褉 0,013423 0,000031
褉械褑械锌褌褘褉芯褋褋懈褟械写邪锌褉芯褋褌褘泄 4,317488 0,004997
褋械褌械胁芯泄 0,013423 0,000016
懈褋锌芯谢褜蟹芯胁邪薪懈械 0,013423 0,000016
胁薪芯胁褜 0,013423 0,000016
褋屑械薪懈褌褜 0,013423 0,000016
褉械褑械锌褌褘芯斜褖械褋褌胁芯锌褉芯写褍泻褌褘械写邪泻褍谢懈薪邪褉懈褟褉芯褋褋懈褟 4,317488 0,004997
屑邪褌械褉懈邪谢 0,013423 0,000140
褍褔邪褋褌胁芯胁邪褌褜 0,013423 0,000031
褋芯芯斜褖懈褌褜 0,013423 0,000016
褋芯褉斜械褌邪 4,317488 0,004997
泻褉邪褋懈褌褜 2,931194 0,003393
斜褘褌褜 0,013423 0,000031
锌芯褕邪谐芯胁褘泄 1,455287 0,006737
褍褋锌械褕薪芯 0,013423 0,000016
褋泻褉懈薪褕芯褌 0,013423 0,000047
懈褋褌械褔褜 0,013423 0,000016
斜谢懈薪褔懈泻 3,401197 0,003937
谢械薪褌邪 0,006689 0,000015
锌褉懈谐芯褌芯胁懈褌褜 1,643339 0,001902
褟泄褑芯 1,966113 0,009102
褋褎械褉邪 0,013423 0,000016
褝谢械泻褌褉芯薪薪褘泄 0,013423 0,000016
褋邪写 3,218876 0,003726
泻芯泻褌械泄谢褜 3,624341 0,004195
褋胁懈写械褌械谢褜褋褌胁芯 0,013423 0,000016
泻芯屑屑械薪褌懈褉芯胁邪薪懈械 0,013423 0,000031
斜谢芯泻懈褉芯胁邪褌褜褋褟 0,013423 0,000016
邪胁芯泻邪写芯 3,218876 0,003726
锌褉邪胁懈谢芯 0,013423 0,000078
褋芯褏褉邪薪懈褌褜 0,013423 0,000016
褌胁芯褉芯谐 3,401197 0,003937
锌褉懈屑械薪械薪懈械 0,013423 0,000016
胁蟹邪懈屑芯写械泄褋褌胁懈械 0,013423 0,000031
写邪褌褜 0,013423 0,000031
锌褉械褋褋 0,013423 0,000016
褋芯谐谢邪褋薪褘泄 0,013423 0,000047
锌械褉褋芯薪邪谢褜薪褘泄 0,013423 0,000124
锌械褉械褌褟薪褍褌褜 0,013423 0,000016
锌褉邪胁芯褋谢邪胁薪褘泄 2,525729 0,005847
泻邪褉褌芯褎械谢褜 2,445686 0,002831
褌芯褉褌芯胁褘泄 3,218876 0,003726
褋屑芯褔褜 0,006689 0,000008
懈褋锌芯谢褜蟹芯胁邪褌褜褋褟 0,006689 0,000008
谐邪褉邪薪褌懈褟 3,218876 0,003726
褟懈褔薪褘泄 3,064725 0,003547
褎邪谢邪褎械谢褜 5,010635 0,005799
谐芯褌芯胁褘泄 0,006689 0,000015
写邪褌邪 0,006689 0,000008
褋芯褔薪褘泄 2,525729 0,005847
褌褉邪写懈褑懈芯薪薪褘泄 1,919593 0,002222
褑胁械褌 2,238047 0,002590
芯写薪芯泻谢邪褋褋薪懈泻 0,013423 0,000031
薪械写芯锌褍褋褌懈屑褘泄 0,013423 0,000016
胁褘 0,013423 0,000016
褉械褑械锌褌褘泻褍谢懈薪邪褉懈褟械写邪锌褉芯褋褌褘泄 3,401197 0,003937
褎懈芯 0,013423 0,000016
胁芯褋褋褌邪薪芯胁懈褌褜 0,013423 0,000016
锌芯卸邪谢褍泄褋褌邪 0,013423 0,000016
泻邪褉褌芯褕泻邪 2,813411 0,003256
褝褋泻懈屑芯 4,317488 0,004997
锌褉芯褋褌芯 1,714798 0,001985
蟹邪锌械泻邪薪泻邪 3,401197 0,003937
胁械褉褋懈褟 0,013423 0,000016
薪懈卸械 0,013423 0,000047
芯泻褉芯褕泻邪 3,218876 0,011177
褉芯褋褋懈褟 0,006689 0,000054
褌械褋褌 2,445686 0,002831
锌褉芯褋褌芯泄 1,272966 0,002947
褋胁芯泄 0,867501 0,001004
褑械褉泻芯胁褜锌褉邪胁芯褋谢邪胁懈械褌褉邪写懈褑懈褟 4,317488 0,004997
蟹邪褉械谐懈褋褌褉懈褉芯胁邪褌褜 0,013423 0,000016
褋邪泄褌 0,013423 0,000047
锌芯谢械 0,013423 0,000124
锌褉邪胁懈谢褜薪芯 2,066196 0,002391
谐邪谢芯褔泻邪 0,013423 0,000016
蟹邪斜谢芯泻懈褉芯胁邪褌褜 0,013423 0,000031
锌械褉械褌邪褖懈褌褜 0,013423 0,000047
锌芯写写械褉卸懈胁邪械褌褋褟锌芯谢褍褔懈褌褜 0,013423 0,000016
邪写褉械褋 0,013423 0,000078
写褉褍谐芯泄 0,013423 0,000047
褋芯芯褌胁械褌褋褌胁懈械 0,013423 0,000031
泻褉械胁械褌泻邪 2,813411 0,006513
褍薪懈褌邪褉薪褘泄 0,013423 0,000047
写邪胁邪褌褜 0,013423 0,000031
芯褌锌褉邪胁泻邪 0,013423 0,000016
蟹邪谐褉褍蟹懈褌褜 0,013423 0,000031
薪邪锌褉邪胁谢械薪懈械 0,013423 0,000016
褌械谢械褎芯薪 0,013423 0,000016
褉械写邪泻褑懈褟 0,013423 0,000047
薪邪褋褘锌薪芯泄 4,317488 0,004997
谢懈屑芯薪薪懈泻 5,010635 0,005799
锌褉邪蟹写薪懈泻 1,427116 0,001652
写芯谢卸薪褘泄 0,013423 0,000016
泻胁邪褋 3,624341 0,012585
邪胁褌芯褉 0,013423 0,000016
褋褌邪褉褘泄 0,013423 0,000016
褋芯芯斜褖械薪懈械 0,013423 0,000218
谢褢谐泻懈泄 2,120264 0,002454
泻褉邪斜芯胁褘泄 2,931194 0,003393
锌芯写褌胁械褉写懈褌褜 0,013423 0,000016
泻褍褏薪懈薪芯胁芯谐芯写薪懈泄 4,317488 0,004997
谐褉褍蟹懈薪褋泻懈泄 2,813411 0,003256
褎褉褍泻褌 3,064725 0,003547
褋胁械褌谢褘泄 2,612740 0,009072
锌邪褋褏邪 2,525729 0,014616
褎邪褋芯谢褜 3,912023 0,004528
写芯屑邪褕薪懈泄 2,177422 0,002520
褔邪褋邪褋谢芯卸薪褘泄 5,010635 0,005799
邪胁褌芯褉懈蟹邪褑懈褟 0,013423 0,000016
褉械泄褌懈薪谐 0,006689 0,000008
褎芯褉屑邪 0,013423 0,000186
写芯屑 1,514128 0,001752
褌褍褕懈褌褜 3,624341 0,004195
邪褉芯屑邪褌薪褘泄 2,302585 0,005330
邪写卸邪锌褋邪薪写邪谢懈 4,317488 0,004997
褋褌邪褌褜褟 0,013423 0,000016
芯褉懈谐懈薪邪谢褜薪褘泄 2,238047 0,002590
写褉芯卸卸懈 3,401197 0,003937
褉械写邪泻褌芯褉 0,013423 0,000016
屑褟褋芯 2,445686 0,008492
薪邪褋褌芯褟褖懈泄 2,302585 0,002665
斜芯褉褖 3,624341 0,004195
褉褍泻泻芯谢邪 5,010635 0,005799
泻芯薪褌邪泻褌 0,013423 0,000016
屑邪褉懈薪邪写 3,624341 0,004195
褌械屑邪 0,013423 0,000047
谐芯褋褍写邪褉褋褌胁械薪薪褘泄 0,013423 0,000047
写懈褋泻褍褋褋懈褟 0,013423 0,000031
褎褉褍泻褌芯胁褘泄 3,218876 0,003726
邪锌锌械褌懈褌薪褘泄 3,401197 0,003937
锌械泻懈薪褋泻懈泄 3,912023 0,004528
褋胁褟蟹邪薪薪褘泄 0,013423 0,000031
褋谢褍卸斜邪 0,006689 0,000008
褉懈邪 0,006689 0,000015
蟹邪屑械褌懈褌褜 0,013423 0,000016
蟹邪泻褉褘褌褘泄 0,013423 0,000016
芯斜褉邪褖邪褌褜 0,013423 0,000016
褉械泻芯屑械薪写邪褌械谢褜薪褘泄 0,013423 0,000016
褉邪蟹薪褘泄 1,484275 0,001718
谐芯写 0,006689 0,000023
褋褉械写薪械 2,813411 0,006513
泻褍褏薪褟 1,576648 0,009124
屑械卸写褍薪邪褉芯写薪褘泄 0,013423 0,000047
懈写械褟 2,931194 0,003393
邪谐械薪褌褋褌胁芯 0,013423 0,000062
屑邪泻 5,010635 0,005799
锌褉懈谐芯褌芯胁谢械薪懈械 1,484275 0,015461
邪胁褌芯褉懈蟹芯胁邪褌褜褋褟 0,013423 0,000031
泻邪褕邪 3,401197 0,003937
胁褘斜褉邪褌褜 0,013423 0,000047
褋械谐芯写薪褟 0,013423 0,000078
锌褉芯褋懈褌褜 0,013423 0,000016
褉械褑械锌褌褘褋谢芯卸薪褘泄 5,010635 0,005799
芯胁褋褟薪褘泄 3,624341 0,004195
锌谢芯屑斜懈褉 4,317488 0,004997
薪芯胁褘械褋薪邪褔邪谢邪 0,013423 0,000016
斜邪薪邪薪芯胁褘泄 3,624341 0,004195
褕邪锌泻邪 0,013423 0,000016
芯褌锌褉邪胁懈褌褜 0,013423 0,000218
芯胁芯褖 2,120264 0,002454
锌褉芯写芯谢卸懈褌褜 0,006689 0,000008
褉械褕械薪懈械 0,006689 0,000008
褉褍泻邪 1,791759 0,002074
芯蟹薪邪泻芯屑懈褌褜 0,013423 0,000016
薪械芯斜褘褔薪褘泄 2,014903 0,002332
屑邪褉褌 1,514128 0,001752
胁邪泻邪薪褋懈褟 0,013423 0,000016
谢械褌薪懈泄 1,919593 0,002222
屑褘 0,013423 0,000109
锌褉芯褋褌邪胁谢褟褌褜 0,013423 0,000016
褍褔邪褋褌懈械 0,006689 0,000008
邪泻泻邪褍薪褌 0,013423 0,000078
褋胁械卸懈泄 2,066196 0,002391
芯斜褋褍卸写械薪懈械 0,013423 0,000031
芯锌械褔邪褌泻邪 0,013423 0,000016
懈褋锌芯谢褜蟹芯胁邪褌褜 0,013423 0,000016
褋谢芯卸薪芯 3,218876 0,007451
芯薪谢邪泄薪 0,013423 0,000016
胁芯褋泻褉械褋械薪懈械 2,612740 0,012096
写褉邪薪懈泻 5,010635 0,005799
锌芯褔褌邪 0,013423 0,000109
卸械谢械 3,912023 0,004528
斜谢芯泻懈褉芯胁泻邪 0,013423 0,000062
褉械褑械锌褌 1,118815 0,050502
芯褋褍褖械褋褌胁谢褟褌褜褋褟 0,013423 0,000016
懈褋褌芯褉懈褟 1,139434 0,001319
邪褉邪斜褋泻懈泄 3,218876 0,003726
邪锌褉械谢褜 0,013423 0,000202
锌芯褟胁谢械薪懈械 2,525729 0,002923
褎邪屑懈谢懈褟 0,013423 0,000016
蟹邪泻褍褋芯泻褉械褑械锌褌 2,708050 0,003134
锌懈褌邪褌械谢褜薪褘泄 2,931194 0,006785
褟薪写械泻褋 0,013423 0,000031
褏谢械斜 2,371578 0,002745
褟谐芯写薪褘泄 3,624341 0,004195
褏芯谢芯写薪褘泄 2,066196 0,002391
谢懈斜芯 0,013423 0,000016
褎械写械褉邪谢褜薪褘泄 0,013423 0,000062
薪邪卸懈屑邪褌褜 0,013423 0,000016
泻芯谢斜邪褋邪 3,064725 0,003547
锌芯懈褋泻 0,013423 0,000031
锌懈褉芯谐芯胁褉械褑械锌褌 5,010635 0,005799
锌褘褕泻邪 4,317488 0,004997
褉械褑械锌褌褘锌褉芯褋褌芯泄 2,813411 0,003256
锌械褌械褉斜褍褉谐褋泻懈泄 3,401197 0,003937
锌芯锌褉芯斜芯胁邪褌褜 0,013423 0,000016
蟹邪锌芯谢薪械薪懈械 0,013423 0,000109
写械褋械褉褌芯胁褉械褑械锌褌 3,401197 0,011810
胁薪懈屑邪薪懈械 0,013423 0,000016
锌褉懈薪懈屑邪褌褜 0,013423 0,000016
褍褋谢芯胁懈械 1,321756 0,001530
褔械褉褢屑褍褏芯胁褘泄 4,317488 0,004997
泻芯薪褋械褉胁褘 3,064725 0,003547
胁褘锌褍褋泻 0,013423 0,000016
泻邪褉褌芯褎械谢褜薪褘泄 3,401197 0,007873
薪邪写蟹芯褉 0,013423 0,000016
芯褔械薪褜 1,678431 0,003885
褟锌芯薪褋泻懈 5,010635 0,005799
褌懈谐褉芯胁褘泄 4,317488 0,004997
褋锌芯褋芯斜 0,013423 0,000047
胁芯褋泻褉械褋械薪懈械褉褍褋褋泻懈泄 4,317488 0,004997
锌褉械写锌褉懈褟褌懈械 0,013423 0,000047
芯斜褉邪褌薪褘泄 0,013423 0,000109
锌褉芯懈蟹芯泄褌懈 0,013423 0,000016
褋械屑械泄薪褘泄 2,525729 0,002923
