годтс 5,010635 0,005700
истечь 0,013423 0,000015
лента 0,006689 0,000015
законный 0,013423 0,000015
архивный 1,347074 0,001533
новый 0,006689 0,000015
ак 2,612740 0,002972
образ 2,066196 0,002351
хачан 2,612740 0,002972
тун 5,010635 0,005700
рпл 2,371578 0,002698
найти 0,013423 0,000015
письмо 0,013423 0,000031
сфера 0,013423 0,000015
электронный 0,013423 0,000015
спасибо 0,013423 0,000015
спорт 0,190354 0,002382
теннис 2,525729 0,005747
расширить 0,006689 0,000008
франция 2,708050 0,003081
ахмат 4,317488 0,004912
перерыв 2,371578 0,002698
апл 2,612740 0,002972
аренда 3,401197 0,003869
свидетельство 0,013423 0,000015
согласие 0,013423 0,000031
центр 0,166448 0,001136
комментирование 0,013423 0,000031
вингер 3,064725 0,024406
сборная 3,624341 0,004123
доступ 0,013423 0,000031
блокироваться 0,013423 0,000015
миа 0,013423 0,000107
задать 0,013423 0,000015
александр 1,373049 0,003124
связаться 0,013423 0,000092
мик 4,317488 0,004912
виллиам 5,010635 0,005700
правило 0,013423 0,000076
сохранить 0,013423 0,000015
г 0,013423 0,000031
реклама 0,013423 0,000031
фото 0,013423 0,000031
политика 0,013423 0,000061
связь 0,006689 0,000061
й 2,014903 0,002292
к 2,177422 0,002477
применение 0,013423 0,000015
взаимодействие 0,013423 0,000031
о 0,013423 0,000015
алайбегович 5,010635 0,005700
зож 2,302585 0,002620
дать 0,013423 0,000031
пресс 0,013423 0,000031
кхл 2,525729 0,002873
согласный 0,013423 0,000046
персональный 0,013423 0,000122
исследование 3,064725 0,003487
перетянуть 0,013423 0,000015
диакон 5,010635 0,005700
течение 0,013423 0,000015
вурмбранд 5,010635 0,005700
смочь 0,006689 0,000008
использоваться 0,006689 0,000008
сезон 2,445686 0,002782
авто 2,238047 0,002546
кубок 3,912023 0,004451
спортивный 3,064725 0,003487
игрок 2,708050 0,018485
готовый 0,006689 0,000015
рапид 5,010635 0,005700
сочи 2,238047 0,002546
футбол 2,238047 0,022915
дата 0,006689 0,000008
мир 0,223144 0,000508
весь 1,021651 0,001162
пройти 0,006689 0,000008
заголовок 0,013423 0,000031
одноклассник 0,013423 0,000031
недопустимый 0,013423 0,000015
информационный 0,013423 0,000061
вы 0,013423 0,000015
фио 0,013423 0,000015
кирилл 1,875141 0,014933
восстановить 0,013423 0,000015
пожалуйста 0,013423 0,000015
аякс 5,010635 0,005700
испания 3,912023 0,004451
рассмотреть 0,013423 0,000015
црвена 2,612740 0,002972
расположить 0,013423 0,000031
этан 5,010635 0,005700
версия 0,013423 0,000031
время 0,013423 0,000015
ниже 0,013423 0,000046
кнопка 0,013423 0,000015
россия 0,006689 0,000107
грозненский 5,010635 0,005700
шесть 2,371578 0,002698
тег 0,190354 0,000217
глебовпфк 5,010635 0,005700
зарегистрировать 0,013423 0,000015
сильный 1,919593 0,004368
амоако 5,010635 0,005700
ранее 0,013423 0,000015
главный 0,013423 0,000015
проблема 0,013423 0,000015
данные 0,013423 0,000122
псв 5,010635 0,005700
город 0,013423 0,000015
разблокировать 0,013423 0,000046
италия 2,014903 0,002292
фотография 0,013423 0,000015
сайт 0,013423 0,000046
поле 0,013423 0,000122
час 0,013423 0,000031
чат 0,013423 0,000031
актив 2,931194 0,003335
полезный 0,143101 0,000163
новостеймолния 0,013423 0,000015
написать 0,013423 0,000015
галочка 0,013423 0,000015
единоборство 2,371578 0,002698
заблокировать 0,013423 0,000031
перетащить 0,013423 0,000046
соглашаться 0,013423 0,000015
выступать 2,931194 0,013339
сначала 0,013423 0,000015
поддерживаетсяполучить 0,013423 0,000015
адрес 0,013423 0,000076
другой 0,013423 0,000046
соответствие 0,013423 0,000031
унитарный 0,013423 0,000046
европа 1,455287 0,001656
давать 0,013423 0,000031
показать 0,013423 0,000015
отправка 0,013423 0,000015
передача 3,064725 0,003487
загрузить 0,013423 0,000031
направление 0,013423 0,000015
телефон 0,013423 0,000015
пароль 0,013423 0,000168
редакция 0,013423 0,000046
мейхтереть 5,010635 0,005700
удалить 0,013423 0,000061
вход 0,013423 0,000031
должный 0,013423 0,000015
число 1,643339 0,001870
клуб 3,218876 0,003662
читать 0,791128 0,000900
описать 0,013423 0,000015
эсмира 5,010635 0,005700
размещение 0,013423 0,000015
гомес 5,010635 0,005700
сколько 0,006689 0,000008
автор 0,013423 0,000015
старый 0,013423 0,000015
сообщение 0,013423 0,000214
сет 2,612740 0,002972
мото 2,525729 0,002873
евролига 2,612740 0,002972
подтвердить 0,013423 0,000015
обновить 0,985284 0,001121
биатлон 2,525729 0,002873
футболист 3,912023 0,008901
подтверждать 0,013423 0,000015
гаврилов 0,013423 0,000015
фенербахча 2,612740 0,002972
учредитель 0,013423 0,000015
авторизация 0,013423 0,000015
рейтинг 0,006689 0,000008
форма 0,013423 0,000183
среднее 2,445686 0,002782
московский 1,678431 0,005728
завершить 2,445686 0,002782
ссылка 0,013423 0,000061
пфк 5,010635 0,017101
коммуникация 0,013423 0,000015
минута 1,226446 0,004186
мой 0,013423 0,000076
сыграть 3,912023 0,004451
архив 0,190354 0,000217
помочь 0,013423 0,000015
мамад 5,010635 0,005700
статья 0,013423 0,000015
ноттингем 2,612740 0,002972
описание 0,013423 0,000015
процесс 0,013423 0,000015
глеб 5,010635 0,057004
игровой 5,010635 0,005700
мяч 5,010635 0,005700
роскомнадзор 0,013423 0,000015
технология 0,013423 0,000031
редактор 0,013423 0,000015
среди 2,813411 0,003201
фгуп 0,499776 0,002843
нба 2,612740 0,002972
суперкубок 4,317488 0,004912
контакт 0,013423 0,000031
москва 0,006689 0,000030
воспользоваться 0,013423 0,000061
тема 0,013423 0,000046
хоккей 2,238047 0,007638
сервис 0,174353 0,000198
государственный 0,013423 0,000046
дискуссия 0,013423 0,000031
гол 3,912023 0,004451
спортинг 5,010635 0,005700
результат 1,714798 0,001951
связанный 0,013423 0,000031
служба 0,006689 0,000008
риа 0,006689 0,000091
выглядеть 2,445686 0,002782
заметить 0,013423 0,000015
восьмой 4,317488 0,004912
жеовани 5,010635 0,005700
команда 2,708050 0,003081
анализ 2,708050 0,003081
закрытый 0,013423 0,000015
обращать 0,013423 0,000015
рекомендательный 0,013423 0,000015
далее 0,013423 0,000031
селтик 2,612740 0,002972
право 2,066196 0,002351
серия 2,302585 0,002620
цска 2,813411 0,048010
нападать 4,317488 0,009824
год 0,006689 0,000084
пака 2,612740 0,002972
медиабанк 1,321756 0,001504
забить 2,931194 0,003335
хотеть 0,006689 0,000008
открывать 0,013423 0,000031
перейти 0,013423 0,000076
международный 0,013423 0,000061
матч 2,066196 0,011753
завоевать 3,064725 0,003487
обращение 0,013423 0,000046
десятка 2,525729 0,025861
агентство 0,013423 0,000076
ла 2,612740 0,002972
динамо 2,238047 0,002546
провести 1,919593 0,002184
следующий 1,427116 0,001624
норшелланна 5,010635 0,005700
спецпроект 0,190354 0,000217
массовый 0,013423 0,000015
форресть 2,612740 0,002972
обработка 0,013423 0,000076
это 0,013423 0,000015
вне 3,401197 0,007739
джуниор 5,010635 0,005700
авторизоваться 0,013423 0,000031
крайний 3,218876 0,007324
два 1,514128 0,001723
выбрать 0,013423 0,000046
текущий 3,218876 0,003662
сегодня 0,013423 0,000153
страна 1,139434 0,001296
новость 0,006689 0,000107
просить 0,013423 0,000015
лада 2,612740 0,002972
футболспорткирилл 5,010635 0,005700
штутгарт 2,612740 0,002972
новыесначала 0,013423 0,000015
медиабанккирилл 5,010635 0,005700
зарегистрироваться 0,013423 0,000076
пожаловаться 0,006689 0,000008
войти 0,006689 0,000099
вингера 5,010635 0,005700
место 1,272966 0,001448
шапка 0,013423 0,000015
отправить 0,013423 0,000214
нхл 2,525729 0,002873
продолжить 0,006689 0,000008
решение 0,006689 0,000008
лига 1,966113 0,029078
ознакомить 0,013423 0,000015
возраст 2,177422 0,004954
байрактаревич 5,010635 0,005700
вакансия 0,013423 0,000015
эл 0,013423 0,000015
принс 5,010635 0,005700
мы 0,013423 0,000107
проставлять 0,013423 0,000015
участие 0,006689 0,000008
дзен 0,851752 0,000969
аккаунт 0,013423 0,000076
топ 2,708050 0,021566
состав 2,120264 0,002412
защита 0,013423 0,000061
регистрация 0,013423 0,000076
обсуждение 0,013423 0,000031
барс 2,612740 0,002972
опечатка 0,013423 0,000015
использовать 0,013423 0,000015
почему 0,013423 0,000015
восстановление 0,013423 0,000061
онлайн 0,013423 0,000015
хороший 1,059392 0,010847
брюгге 5,010635 0,005700
германия 2,525729 0,002873
керим 5,010635 0,005700
почта 0,013423 0,000107
блокировка 0,013423 0,000061
совершать 3,912023 0,004451
осуществляться 0,013423 0,000015
апрель 0,013423 0,000015
вконтакте 0,013423 0,000031
фигурный 2,302585 0,002620
звезда 2,371578 0,002698
фамилия 0,013423 0,000015
логин 0,013423 0,000015
конфиденциальность 0,013423 0,000061
нарушение 0,013423 0,000046
навсегда 0,013423 0,000015
количество 1,919593 0,004368
яндекс 0,013423 0,000031
действие 0,013423 0,000061
сельт 2,612740 0,002972
либо 0,013423 0,000015
глебов 5,010635 0,011401
федеральный 0,013423 0,000061
релиз 0,013423 0,000015
нажимать 0,013423 0,000015
согласно 2,371578 0,002698
назад 0,013423 0,000076
зальцбург 5,010635 0,005700
список 0,013423 0,000015
поиск 0,013423 0,000015
чемпион 2,612740 0,002972
пять 1,966113 0,002237
франц 4,317488 0,004912
обязательный 0,013423 0,000107
ошибка 0,013423 0,000046
вопрос 0,006689 0,000030
зубовский 0,013423 0,000031
катание 2,302585 0,002620
попробовать 0,013423 0,000015
заполнение 0,013423 0,000107
десяток 3,912023 0,004451
заполнить 0,013423 0,000107
внимание 0,013423 0,000015
николаус 5,010635 0,005700
принимать 0,013423 0,000015
алькарас 2,612740 0,002972
голевой 5,010635 0,017101
ваш 0,013423 0,000244
имя 0,013423 0,000076
главное 1,609438 0,001831
порт 3,912023 0,004451
встреча 1,832581 0,002085
выпуск 0,013423 0,000015
срок 0,013423 0,000031
основание 0,013423 0,000015
издание 0,013423 0,000015
занять 3,218876 0,003662
бульвар 0,013423 0,000031
сетевой 0,013423 0,000015
бундеслига 2,612740 0,002972
надзор 0,013423 0,000015
кенд 5,010635 0,005700
использование 0,013423 0,000015
фев 1,399717 0,001592
англия 3,912023 0,004451
вновь 0,013423 0,000015
сменить 0,013423 0,000015
вильф 5,010635 0,011401
предприятие 0,013423 0,000046
способ 0,013423 0,000031
материал 0,013423 0,000122
лилль 2,612740 0,002972
участвовать 0,013423 0,000031
сообщить 0,013423 0,000015
обратный 0,013423 0,000107
продукт 0,135438 0,000154
произойти 0,013423 0,000015
быть 0,013423 0,000015
успешно 0,013423 0,000015
скриншот 0,013423 0,000046
