состояться 2,708050 0,006269
истечь 0,013423 0,000016
лента 0,006689 0,000015
законный 0,013423 0,000016
поаплодировать 5,010635 0,005799
архивный 1,347074 0,001559
жёлтый 3,912023 0,004528
новый 0,006689 0,000015
ак 2,612740 0,003024
поведение 3,064725 0,003547
хачан 2,612740 0,003024
рпл 2,371578 0,002745
найти 0,013423 0,000016
тур 3,912023 0,013583
письмо 0,013423 0,000031
сфера 0,013423 0,000016
электронный 0,013423 0,000016
карточка 4,317488 0,009994
спасибо 0,013423 0,000016
спорт 0,190354 0,002423
теннис 2,525729 0,005847
расширить 0,006689 0,000008
франция 2,708050 0,028209
перерыв 2,371578 0,002745
апл 2,612740 0,003024
свидетельство 0,013423 0,000016
согласие 0,013423 0,000031
центр 0,166448 0,000963
комментирование 0,013423 0,000031
доступ 0,013423 0,000031
блокироваться 0,013423 0,000016
миа 0,013423 0,000109
задать 0,013423 0,000016
александр 1,373049 0,012713
связаться 0,013423 0,000093
сохранить 0,013423 0,000109
правило 0,013423 0,000078
жермен 5,010635 0,005799
г 0,013423 0,000031
монегаск 5,010635 0,005799
реклама 0,013423 0,000031
фото 0,013423 0,000062
неспортивный 5,010635 0,005799
политика 0,013423 0,000062
связь 0,006689 0,000077
й 2,014903 0,006996
манера 5,010635 0,005799
к 2,177422 0,002520
применение 0,013423 0,000016
взаимодействие 0,013423 0,000031
уефа 5,010635 0,011599
о 0,013423 0,000016
зож 2,302585 0,002665
дать 0,013423 0,000031
пресс 0,013423 0,000062
кхл 2,525729 0,002923
согласный 0,013423 0,000047
персональный 0,013423 0,000124
перетянуть 0,013423 0,000016
ланс 5,010635 0,023197
течение 0,013423 0,000016
смочь 0,006689 0,000008
использоваться 0,006689 0,000008
авто 2,238047 0,002590
готовый 0,006689 0,000015
сочи 2,238047 0,002590
футбол 2,238047 0,023313
дата 0,006689 0,000008
весь 1,021651 0,001182
пройти 0,006689 0,000008
заголовок 0,013423 0,000031
чемпионат 2,708050 0,012537
одноклассник 0,013423 0,000031
недопустимый 0,013423 0,000016
информационный 0,013423 0,000062
вы 0,013423 0,000016
фио 0,013423 0,000016
восстановить 0,013423 0,000016
пожалуйста 0,013423 0,000016
рассмотреть 0,013423 0,000016
црвена 2,612740 0,003024
расположить 0,013423 0,000031
версия 0,013423 0,000016
время 0,013423 0,000016
ниже 0,013423 0,000047
кнопка 0,013423 0,000016
россия 0,006689 0,000093
го 2,177422 0,007560
тег 0,190354 0,000220
зарегистрировать 0,013423 0,000016
ранее 0,013423 0,000016
пари 5,010635 0,005799
главный 0,013423 0,000016
проблема 0,013423 0,000016
данные 0,013423 0,000124
плей 5,010635 0,005799
город 0,013423 0,000016
разблокировать 0,013423 0,000047
фотография 0,013423 0,000016
сайт 0,013423 0,000062
поле 0,013423 0,000124
час 0,013423 0,000031
чат 0,013423 0,000031
полезный 0,143101 0,000166
новостеймолния 0,013423 0,000016
написать 0,013423 0,000016
галочка 0,013423 0,000016
единоборство 2,371578 0,002745
заблокировать 0,013423 0,000031
перетащить 0,013423 0,000047
соглашаться 0,013423 0,000016
россиянин 1,576648 0,003650
сначала 0,013423 0,000016
поддерживаетсяполучить 0,013423 0,000016
адрес 0,013423 0,000078
другой 0,013423 0,000047
соответствие 0,013423 0,000031
унитарный 0,013423 0,000047
европа 1,455287 0,001684
спортфранциячемпионат 5,010635 0,005799
давать 0,013423 0,000031
показать 0,013423 0,000016
отправка 0,013423 0,000016
эмоция 3,401197 0,003937
наказать 4,317488 0,009994
загрузить 0,013423 0,000031
направление 0,013423 0,000016
телефон 0,013423 0,000016
пароль 0,013423 0,000171
судья 3,064725 0,007094
редакция 0,013423 0,000047
удалить 0,013423 0,000062
вход 0,013423 0,000031
должный 0,013423 0,000016
читать 0,791128 0,000916
описать 0,013423 0,000016
размещение 0,013423 0,000016
сколько 0,006689 0,000008
сен 3,401197 0,003937
автор 0,013423 0,000016
старый 0,013423 0,000016
сообщение 0,013423 0,000218
сет 2,612740 0,003024
мото 2,525729 0,002923
лансмонаконантлига 5,010635 0,005799
евролига 2,612740 0,003024
подтвердить 0,013423 0,000016
биатлон 2,525729 0,002923
витинья 5,010635 0,023197
подтверждать 0,013423 0,000016
гаврилов 0,013423 0,000016
фенербахча 2,612740 0,003024
учредитель 0,013423 0,000016
домашний 2,177422 0,002520
авторизация 0,013423 0,000016
рейтинг 0,006689 0,000008
форма 0,013423 0,000186
завершить 2,445686 0,002831
ссылка 0,013423 0,000062
сторона 1,609438 0,001863
коммуникация 0,013423 0,000016
минута 1,226446 0,002839
мой 0,013423 0,000078
дисциплинарный 4,317488 0,004997
агрессивный 5,010635 0,005799
архив 0,190354 0,000220
помочь 0,013423 0,000016
раунд 2,931194 0,003393
статья 0,013423 0,000016
удаление 3,624341 0,008390
ноттингем 2,612740 0,003024
описание 0,013423 0,000016
избежать 2,525729 0,008770
процесс 0,013423 0,000016
роскомнадзор 0,013423 0,000016
умерить 5,010635 0,005799
негативный 3,624341 0,004195
технология 0,013423 0,000031
редактор 0,013423 0,000016
фгуп 0,499776 0,002892
нба 2,612740 0,003024
получить 0,985284 0,001140
фол 5,010635 0,005799
контакт 0,013423 0,000031
монако 5,010635 0,063793
москва 0,006689 0,000031
воспользоваться 0,013423 0,000062
тема 0,013423 0,000047
хоккей 2,238047 0,007771
сервис 0,174353 0,000202
государственный 0,013423 0,000047
дискуссия 0,013423 0,000031
результат 1,714798 0,001985
головинвитинья 5,010635 0,005799
связанный 0,013423 0,000031
служба 0,006689 0,000023
риа 0,006689 0,000077
заметить 0,013423 0,000031
закрытый 0,013423 0,000016
обращать 0,013423 0,000016
рекомендательный 0,013423 0,000016
далее 0,013423 0,000031
офф 5,010635 0,005799
селтик 2,612740 0,003024
серия 2,302585 0,002665
год 0,006689 0,000008
пака 2,612740 0,003024
увеличение 3,064725 0,010641
обратиться 2,302585 0,002665
хотеть 0,006689 0,000008
открывать 0,013423 0,000031
перейти 0,013423 0,000031
международный 0,013423 0,000047
матч 2,066196 0,033480
счёт 2,014903 0,002332
соперник 4,317488 0,004997
который 0,603916 0,000699
вчера 1,576648 0,001825
футбольный 3,218876 0,003726
обращение 0,013423 0,000047
агентство 0,013423 0,000078
ла 2,612740 0,003024
динамо 2,238047 0,002590
спецпроект 0,190354 0,000220
массовый 0,013423 0,000016
форресть 2,612740 0,003024
обработка 0,013423 0,000078
это 0,013423 0,000016
победа 2,066196 0,002391
авторизоваться 0,013423 0,000031
гостевой 4,317488 0,004997
выбрать 0,013423 0,000047
прямой 3,218876 0,003726
рассказать 0,933098 0,001080
сегодня 0,013423 0,000155
комиссия 2,931194 0,003393
новость 0,006689 0,000093
пропустить 2,931194 0,003393
просить 0,013423 0,000016
лада 2,612740 0,003024
штутгарт 2,612740 0,003024
новыесначала 0,013423 0,000016
зарегистрироваться 0,013423 0,000078
головин 3,218876 0,067060
пожаловаться 0,006689 0,000008
войти 0,006689 0,000031
шапка 0,013423 0,000016
отправить 0,013423 0,000218
нхл 2,525729 0,002923
продолжить 0,006689 0,000008
нант 5,010635 0,034796
решение 0,006689 0,000015
лига 1,966113 0,045512
рука 1,791759 0,002074
ознакомить 0,013423 0,000016
стыковой 5,010635 0,005799
вакансия 0,013423 0,000016
эл 0,013423 0,000016
мы 0,013423 0,000109
проставлять 0,013423 0,000016
участие 0,006689 0,000008
дзен 0,851752 0,000986
арбитр 5,010635 0,005799
аккаунт 0,013423 0,000078
защита 0,013423 0,000062
регистрация 0,013423 0,000078
обсуждение 0,013423 0,000031
барс 2,612740 0,003024
опечатка 0,013423 0,000016
использовать 0,013423 0,000016
почему 0,013423 0,000016
восстановление 0,013423 0,000062
онлайн 0,013423 0,000016
поздний 3,218876 0,003726
почта 0,013423 0,000109
блокировка 0,013423 0,000062
красный 1,966113 0,002276
осуществляться 0,013423 0,000016
дисквалификация 3,218876 0,033530
апрель 0,013423 0,000016
вконтакте 0,013423 0,000031
фигурный 2,302585 0,002665
звезда 2,371578 0,002745
фамилия 0,013423 0,000016
логин 0,013423 0,000016
конфиденциальность 0,013423 0,000062
нарушение 0,013423 0,000047
навсегда 0,013423 0,000016
яндекс 0,013423 0,000031
сельт 2,612740 0,003024
действие 0,013423 0,000016
либо 0,013423 0,000016
федеральный 0,013423 0,000062
релиз 0,013423 0,000016
нажимать 0,013423 0,000016
назад 0,013423 0,000078
первый 0,883501 0,001023
список 0,013423 0,000016
поиск 0,013423 0,000016
чемпион 2,612740 0,015120
обязательный 0,013423 0,000109
февраль 0,567984 0,001315
ошибка 0,013423 0,000047
полузащитник 5,010635 0,034796
суббота 2,931194 0,003393
вопрос 0,006689 0,000031
зубовский 0,013423 0,000031
катание 2,302585 0,002665
игра 1,609438 0,001863
попробовать 0,013423 0,000016
заполнение 0,013423 0,000109
заполнить 0,013423 0,000109
внимание 0,013423 0,000016
принимать 0,013423 0,000016
алькарас 2,612740 0,003024
против 1,966113 0,011378
ваш 0,013423 0,000249
имя 0,013423 0,000078
профессиональный 2,612740 0,003024
главное 1,609438 0,001863
завершиться 2,931194 0,003393
встреча 1,832581 0,002121
срок 0,013423 0,000078
выпуск 0,013423 0,000016
сообщаться 4,317488 0,009994
основание 0,013423 0,000016
издание 0,013423 0,000016
бульвар 0,013423 0,000031
сёмин 5,010635 0,005799
сетевой 0,013423 0,000016
бундеслига 2,612740 0,003024
надзор 0,013423 0,000016
использование 0,013423 0,000016
фев 1,399717 0,001620
вновь 0,013423 0,000016
сменить 0,013423 0,000016
саркастичный 5,010635 0,005799
предприятие 0,013423 0,000047
способ 0,013423 0,000031
материал 0,013423 0,000124
лилль 2,612740 0,003024
участвовать 0,013423 0,000031
сообщить 0,013423 0,000016
обратный 0,013423 0,000109
продукт 0,135438 0,000157
произойти 0,013423 0,000016
быть 0,013423 0,000016
успешно 0,013423 0,000016
второй 1,427116 0,001652
скриншот 0,013423 0,000047
