усыновить 4,317488 0,017260
рф 1,181994 0,003713
личный 2,177422 0,001244
банк 1,966113 0,000561
велосипед 4,317488 0,001233
законный 0,013423 0,000008
аварийный 3,624341 0,001035
подыскать 5,010635 0,001431
капиталь 5,010635 0,001431
день 0,591795 0,001014
хватать 5,010635 0,001431
забрать 3,912023 0,001117
найти 0,013423 0,000004
письмо 0,013423 0,000019
лишиться 3,912023 0,001117
спасибо 0,013423 0,000004
расширить 0,006689 0,000002
мама 3,912023 0,003351
вынесение 3,912023 0,001117
делиться 3,401197 0,000971
согласие 0,013423 0,000011
центр 0,166448 0,000048
ст 2,813411 0,002410
прикрепить 3,912023 0,001117
заявление 2,066196 0,004720
юридический 2,813411 0,000803
пол 3,624341 0,002070
связаться 0,013423 0,000023
декабрь 0,985284 0,000844
человек 1,118815 0,001278
машинка 5,010635 0,001431
лично 3,401197 0,000971
подробный 2,813411 0,000803
помещение 3,624341 0,001035
дистанционный 4,317488 0,001233
реклама 0,013423 0,000008
содержание 2,931194 0,000837
фото 0,013423 0,000004
поделить 3,912023 0,001117
полгода 3,401197 0,000971
связь 0,006689 0,000017
обязательство 2,931194 0,001674
суд 1,791759 0,004605
студент 3,912023 0,001117
область 1,427116 0,004890
многодетный 3,912023 0,003351
тележка 5,010635 0,001431
владелец 3,064725 0,002625
весь 1,021651 0,000292
пройти 0,006689 0,000002
заголовок 0,013423 0,000008
информационный 0,013423 0,000015
необходимый 2,238047 0,001917
дело 1,249435 0,000714
рассмотреть 0,013423 0,000004
расположить 0,013423 0,000008
проект 2,014903 0,000575
оплачивать 3,401197 0,001942
называть 2,120264 0,000605
социальный 1,678431 0,004793
сфр 4,317488 0,007397
несовершеннолетний 2,931194 0,001674
иванов 3,218876 0,001838
фз 3,064725 0,003501
данный 2,014903 0,000575
республика 2,302585 0,001315
заесть 5,010635 0,001431
главный 0,013423 0,000008
ситуация 1,643339 0,000469
подкаст 0,292136 0,000083
проблема 0,013423 0,000004
данные 0,013423 0,000031
потребовать 3,064725 0,000875
иной 2,238047 0,001278
также 1,139434 0,001627
появиться 2,120264 0,003633
индивидуальный 3,218876 0,002757
поддержание 4,317488 0,001233
фотография 0,013423 0,000004
медиабанкпрохожий 5,010635 0,001431
достоверность 5,010635 0,001431
мебель 5,010635 0,002862
снова 2,612740 0,000746
адыгея 5,010635 0,002862
соглашаться 0,013423 0,000004
россиянин 1,576648 0,000450
сначала 0,013423 0,000004
территория 2,302585 0,002630
находиться 2,177422 0,001244
родить 3,218876 0,011949
изменение 2,525729 0,003606
вечерний 4,317488 0,001233
сидеть 3,624341 0,002070
королева 5,010635 0,008585
силовой 4,317488 0,001233
продление 5,010635 0,002862
устанавливаться 3,218876 0,000919
лоток 5,010635 0,001431
климатический 4,317488 0,001233
приговор 3,064725 0,000875
однако 1,966113 0,001684
удалить 0,013423 0,000015
законопроект 3,624341 0,001035
маткапитал 5,010635 0,062955
подматрацный 5,010635 0,002862
субъект 3,064725 0,001750
предназначить 2,813411 0,002410
часы 3,912023 0,001117
система 1,919593 0,000548
размещение 0,013423 0,000004
сколько 0,006689 0,000006
отказ 2,302585 0,005260
июнь 1,875141 0,000535
база 2,302585 0,001315
рублейв 5,010635 0,001431
поддержка 2,445686 0,006984
один 1,098612 0,000314
медико 4,317488 0,001233
иметь 1,544899 0,007058
кооператив 5,010635 0,001431
ипра 5,010635 0,001431
совет 1,226446 0,001051
полностью 2,014903 0,001726
контролировать 3,064725 0,000875
усыновительница 5,010635 0,001431
грудничка 5,010635 0,001431
часть 1,373049 0,003921
практический 3,624341 0,003105
некоторый 2,014903 0,001151
часто 2,371578 0,002032
пфр 4,317488 0,002466
формирование 2,931194 0,005022
платёжный 4,317488 0,001233
функциональный 5,010635 0,001431
архив 0,190354 0,000054
обувь 3,912023 0,001117
заявить 1,272966 0,000363
описание 0,013423 0,000004
аппарат 4,317488 0,002466
процесс 0,013423 0,000004
июль 1,609438 0,001379
красовский 5,010635 0,011446
райсуд 5,010635 0,001431
клавиатура 5,010635 0,001431
говорить 1,714798 0,001469
одновременно 3,401197 0,000971
следствие 3,624341 0,002070
качество 2,177422 0,000622
подряд 3,401197 0,000971
выписка 3,624341 0,001035
компенсация 3,218876 0,001838
взрослый 2,931194 0,000837
врач 2,014903 0,000575
субсидия 3,912023 0,002234
оформление 2,813411 0,003213
снос 5,010635 0,001431
поступить 3,401197 0,000971
постройка 5,010635 0,002862
назначить 3,624341 0,002070
проживание 4,317488 0,003699
астапкович 4,317488 0,002466
банкротство 3,064725 0,001750
брайль 5,010635 0,004292
являться 1,875141 0,002142
получать 2,238047 0,005113
очки 3,912023 0,001117
предоставляться 3,624341 0,004140
единый 2,177422 0,000622
потратить 3,624341 0,019664
портативный 5,010635 0,005723
перейти 0,013423 0,000042
калькулятор 3,624341 0,001035
одновременный 5,010635 0,001431
портал 2,931194 0,004185
привлекательность 4,317488 0,001233
нужно 1,455287 0,003324
счёт 2,014903 0,002877
медицинский 3,064725 0,000875
оглавление 1,791759 0,000512
двукратный 4,317488 0,001233
ненецкий 5,010635 0,001431
совместный 3,912023 0,002234
дошкольный 4,317488 0,002466
доска 3,624341 0,004140
стимуляция 5,010635 0,001431
спецпроект 0,190354 0,000054
гулять 3,064725 0,001750
закон 2,445686 0,011872
слово 1,514128 0,001729
ответственность 2,931194 0,001674
рост 2,708050 0,000773
предусмотреть 2,813411 0,000803
едв 4,317488 0,001233
процент 2,612740 0,001492
взять 1,832581 0,001047
реабилитация 3,401197 0,000971
измерение 3,912023 0,001117
опорный 5,010635 0,001431
принадлежность 3,912023 0,002234
проблемный 4,317488 0,002466
студенческий 5,010635 0,002862
направляться 3,912023 0,001117
наколенный 5,010635 0,001431
относиться 2,371578 0,000677
обналичивание 5,010635 0,001431
радиочастотный 5,010635 0,001431
эл 0,013423 0,000004
исполниться 5,010635 0,002862
дзен 0,851752 0,000243
утвердить 3,064725 0,000875
коляска 4,317488 0,004931
заёмщик 3,912023 0,002234
почему 0,013423 0,000004
ежегодно 3,218876 0,000919
платёжеспособность 5,010635 0,001431
реконструкция 5,010635 0,008585
канат 5,010635 0,001431
спор 3,624341 0,004140
тренировка 3,624341 0,001035
добавить 1,514128 0,000432
индексироваться 4,317488 0,001233
эскроу 5,010635 0,001431
вконтакте 0,013423 0,000008
жильё 3,218876 0,008272
логин 0,013423 0,000004
гражданство 3,624341 0,003105
конфиденциальность 0,013423 0,000015
нарушение 0,013423 0,000011
навсегда 0,013423 0,000004
строп 5,010635 0,001431
включительно 4,317488 0,001233
симферополь 5,010635 0,002862
ориентация 4,317488 0,001233
чувствительность 5,010635 0,001431
детский 2,612740 0,005222
назад 0,013423 0,000019
медиабанкипотека 5,010635 0,001431
продолжать 2,371578 0,000677
дача 4,317488 0,001233
список 0,013423 0,000008
дополнение 3,064725 0,000875
кабинет 2,813411 0,000803
норма 2,525729 0,000721
наследство 3,912023 0,001117
азбука 4,317488 0,001233
исполнить 5,010635 0,002862
бюджет 3,401197 0,000971
зубовский 0,013423 0,000008
юрист 2,371578 0,006772
величина 4,317488 0,001233
заполнить 0,013423 0,000027
статус 2,813411 0,000803
сохранять 3,401197 0,000971
общество 0,257045 0,000587
профессиональный 2,612740 0,000746
материнский 4,317488 0,085068
основание 0,013423 0,000008
издание 0,013423 0,000004
бульвар 0,013423 0,000008
сетевой 0,013423 0,000004
ухудшиться 5,010635 0,001431
потребоваться 2,525729 0,000721
капитал 2,931194 0,063612
черчение 5,010635 0,001431
позволять 2,238047 0,000639
вновь 0,013423 0,000004
сменить 0,013423 0,000004
участвовать 0,013423 0,000008
товар 3,064725 0,007876
сообщить 0,013423 0,000008
быть 0,013423 0,000008
европейский 1,791759 0,000512
пошаговый 1,455287 0,000416
точка 2,813411 0,000803
скриншот 0,013423 0,000011
автомобиль 2,612740 0,002238
истечь 0,013423 0,000004
отмечать 1,399717 0,000400
исключение 2,813411 0,000803
вести 3,218876 0,000919
отделение 2,612740 0,002984
электронный 0,013423 0,000019
пластик 5,010635 0,001431
установить 2,302585 0,001315
спорт 0,190354 0,000054
кредит 2,302585 0,003945
приобретение 3,624341 0,005175
вознаграждение 5,010635 0,001431
этот 1,514128 0,000865
аренда 3,401197 0,000971
претендовать 5,010635 0,001431
признанный 3,912023 0,001117
курсор 5,010635 0,001431
продать 4,317488 0,001233
оформлять 3,401197 0,001942
сохранить 0,013423 0,000004
край 2,371578 0,001354
схема 3,218876 0,000919
обязанность 3,218876 0,000919
взаимодействие 0,013423 0,000008
потолок 5,010635 0,001431
основное 3,624341 0,001035
альтернативный 3,624341 0,001035
согласный 0,013423 0,000011
хронометр 5,010635 0,001431
преодоление 5,010635 0,001431
перетянуть 0,013423 0,000004
котяк 5,010635 0,001431
использоваться 0,006689 0,000004
женщина 1,832581 0,007849
стоя 5,010635 0,001431
важно 2,120264 0,000605
медиабанкженщина 3,624341 0,001035
впервые 2,238047 0,000639
неистраченный 5,010635 0,002862
фио 0,013423 0,000004
доказать 3,624341 0,001035
головной 3,912023 0,001117
пожалуйста 0,013423 0,000004
образование 2,708050 0,007733
рождаемость 5,010635 0,001431
паспорт 2,525729 0,000721
цель 1,966113 0,002246
стол 1,832581 0,001047
условно 3,912023 0,001117
ниже 0,013423 0,000015
версия 0,013423 0,000008
слуга 3,401197 0,000971
комментировать 3,064725 0,000875
спустя 2,813411 0,000803
смотреть 1,966113 0,001123
мурманский 3,624341 0,001035
шесть 2,371578 0,000677
тег 0,190354 0,000054
выделить 2,931194 0,004185
зарегистрировать 0,013423 0,000008
позиционирование 5,010635 0,001431
парить 4,317488 0,002466
требование 1,832581 0,000523
февралять 5,010635 0,001431
единовременный 4,317488 0,002466
популярный 1,752539 0,000500
калужский 3,912023 0,001117
соблюсти 5,010635 0,001431
мальгавкий 3,912023 0,002234
доля 3,401197 0,011655
поле 0,013423 0,000031
конституционный 4,317488 0,001233
перетащить 0,013423 0,000011
наблюдать 3,064725 0,000875
положить 1,966113 0,001684
особенность 2,120264 0,000605
туризм 0,283247 0,000081
адрес 0,013423 0,000019
представить 2,014903 0,000575
соответствие 0,013423 0,000011
компьютер 3,064725 0,002625
сертификат 3,912023 0,026810
работа 1,427116 0,001223
инфузионный 4,317488 0,001233
долг 2,445686 0,001397
оставаться 2,238047 0,001917
передача 3,064725 0,000875
тактильный 5,010635 0,002862
загрузить 0,013423 0,000008
сеть 2,371578 0,000677
направление 0,013423 0,000011
телефон 0,013423 0,000008
чеченский 5,010635 0,001431
редакция 0,013423 0,000011
запретить 2,708050 0,000773
наказание 3,218876 0,000919
определять 3,624341 0,001035
период 1,118815 0,000319
должный 0,013423 0,000042
усыновитель 5,010635 0,002862
заседание 3,401197 0,000971
параметр 3,401197 0,000971
волгоградский 4,317488 0,001233
автор 0,013423 0,000004
возврат 3,912023 0,002234
старый 0,013423 0,000004
сообщение 0,013423 0,000054
севастополь 3,912023 0,002234
кроме 1,919593 0,002193
новостистраховой 5,010635 0,001431
линза 4,317488 0,001233
жительница 4,317488 0,001233
происшествие 0,292136 0,000083
внести 2,612740 0,002984
рампа 5,010635 0,001431
подтвердить 0,013423 0,000008
индукционный 5,010635 0,001431
правительство 1,875141 0,001071
оба 2,612740 0,000746
ред 3,912023 0,001117
страховой 3,401197 0,000971
кодекс 3,912023 0,001117
прохожий 4,317488 0,001233
эксперт 1,373049 0,003137
положение 2,612740 0,000746
предмет 2,302585 0,000658
назначаться 3,912023 0,001117
указывать 2,708050 0,000773
звуковой 5,010635 0,001431
согласиться 5,010635 0,001431
обналичить 4,317488 0,004931
разделить 3,401197 0,000971
публиковаться 3,401197 0,000971
обучаться 3,912023 0,002234
пропасть 3,401197 0,000971
культура 0,292136 0,000083
интеграция 5,010635 0,005723
процедура 2,813411 0,000803
существовать 2,302585 0,000658
статья 0,013423 0,000004
загс 5,010635 0,001431
отношение 1,791759 0,001535
ограничение 2,813411 0,004017
ответить 2,238047 0,000639
бумага 3,912023 0,001117
редактор 0,013423 0,000004
ранний 2,612740 0,000746
фгуп 0,499776 0,000428
подставка 4,317488 0,001233
опека 5,010635 0,001431
получатель 3,064725 0,000875
получить 0,985284 0,008722
прибавляться 4,317488 0,001233
контакт 0,013423 0,000004
территориальный 3,624341 0,001035
направить 2,371578 0,004063
уплата 3,912023 0,002234
покупка 2,931194 0,004185
государственный 0,013423 0,000034
поступать 3,401197 0,000971
колёсико 5,010635 0,001431
инвестиция 3,218876 0,000919
оксана 3,064725 0,007001
связанный 0,013423 0,000011
квартира 2,612740 0,002238
различный 2,525729 0,000721
риа 0,006689 0,000040
пишущий 5,010635 0,001431
закрытый 0,013423 0,000004
обращать 0,013423 0,000004
право 2,066196 0,020060
будущее 2,238047 0,000639
год 0,006689 0,000145
совместно 4,317488 0,001233
кроватка 5,010635 0,001431
международный 0,013423 0,000011
мать 3,401197 0,013597
малыш 3,912023 0,007820
вопросыгода 5,010635 0,001431
супруг 4,317488 0,001233
потеря 2,066196 0,000590
ведущий 2,120264 0,000605
повседневный 3,912023 0,001117
поэтому 2,014903 0,001151
расход 3,218876 0,001838
уведомление 3,064725 0,000875
привод 5,010635 0,004292
прожиточный 4,317488 0,003699
агентство 0,013423 0,000015
предлагаться 3,912023 0,001117
выплата 2,931194 0,025947
есиа 5,010635 0,001431
вещь 3,912023 0,001117
законобществосемьядетипенсионный 5,010635 0,001431
однократно 5,010635 0,001431
прикреплять 5,010635 0,001431
сегодня 0,013423 0,000031
страна 1,139434 0,000325
вместо 2,813411 0,000803
просить 0,013423 0,000004
кресло 3,912023 0,007820
инструмент 3,218876 0,001838
сразу 1,832581 0,001047
зарядье 5,010635 0,002862
итак 5,010635 0,001431
такой 1,098612 0,001569
ощущение 4,317488 0,001233
учёт 2,813411 0,000803
рассказывать 2,014903 0,000575
прожить 4,317488 0,001233
лестница 4,317488 0,001233
шапка 0,013423 0,000004
отправить 0,013423 0,000054
регион 1,919593 0,004385
продолжить 0,006689 0,000002
решение 0,006689 0,000017
новорождённый 5,010635 0,001431
ознакомить 0,013423 0,000004
март 1,514128 0,001297
проставлять 0,013423 0,000004
фонд 3,064725 0,007001
лишить 3,401197 0,003885
аккаунт 0,013423 0,000023
экономика 0,292136 0,000083
носитель 4,317488 0,001233
тот 1,576648 0,000900
обсуждение 0,013423 0,000008
указать 2,708050 0,002320
организация 2,066196 0,001180
гражданин 2,066196 0,001180
соглашение 3,064725 0,000875
кровь 3,218876 0,000919
госдума 2,708050 0,002320
электрический 5,010635 0,001431
поздний 3,218876 0,000919
почта 0,013423 0,000027
блокировка 0,013423 0,000015
строительство 2,931194 0,005859
разрешать 4,317488 0,001233
история 1,139434 0,000651
три 2,120264 0,002422
сидение 5,010635 0,007154
фамилия 0,013423 0,000004
кровать 4,317488 0,004931
книгодержатель 5,010635 0,001431
школа 2,813411 0,001607
яндекс 0,013423 0,000008
университет 1,919593 0,000548
либо 0,013423 0,000011
фиктивный 4,317488 0,002466
понадобиться 2,813411 0,001607
нажимать 0,013423 0,000004
согласно 2,371578 0,001354
автономный 4,317488 0,001233
беззаявительный 5,010635 0,001431
семья 2,014903 0,024740
тысяча 1,919593 0,001644
тульский 3,401197 0,000971
поиск 0,013423 0,000004
парка 3,912023 0,002234
застройщик 5,010635 0,001431
оформляться 5,010635 0,002862
заочный 5,010635 0,001431
посадка 5,010635 0,002862
алексей 1,966113 0,001123
условие 1,321756 0,006416
родитель 2,931194 0,008370
отсутствовать 3,218876 0,001838
ипотечный 4,317488 0,004931
стоимость 2,525729 0,001442
достижение 2,708050 0,003093
принять 1,791759 0,002558
немой 2,612740 0,000746
оборудование 3,401197 0,001942
переводить 4,317488 0,001233
финансирование 2,708050 0,000773
малоимущий 5,010635 0,001431
способ 0,013423 0,000011
высокий 2,238047 0,000639
стадия 3,912023 0,001117
продукт 0,135438 0,000039
компьютерный 3,912023 0,002234
второй 1,427116 0,008965
семейный 2,525729 0,004327
подача 2,120264 0,000605
покрыть 2,931194 0,000837
специальный 1,514128 0,000432
новый 0,006689 0,000006
калининградский 5,010635 0,002862
пленарный 5,010635 0,001431
образ 2,066196 0,000590
ввод 3,912023 0,002234
частичный 3,912023 0,001117
вынести 2,813411 0,000803
частично 3,912023 0,001117
индексация 3,912023 0,003351
местный 2,708050 0,000773
население 2,813411 0,000803
ребенкаматкапитать 5,010635 0,001431
коммуникационный 5,010635 0,001431
петербург 2,302585 0,000658
менее 2,177422 0,000622
важный 1,297063 0,000370
касаться 2,371578 0,000677
доступ 0,013423 0,000008
миа 0,013423 0,000019
полный 1,678431 0,001438
автоматически 2,931194 0,000837
задать 0,013423 0,000004
очный 3,912023 0,003351
александр 1,373049 0,000784
помощь 1,321756 0,001510
нести 3,218876 0,000919
секретарь 2,931194 0,000837
г 0,013423 0,000011
политика 0,013423 0,000019
й 2,014903 0,000575
роженица 5,010635 0,001431
о 0,013423 0,000004
п 3,218876 0,001838
санкт 2,525729 0,000721
р 5,010635 0,001431
она 5,010635 0,001431
средство 2,120264 0,017558
течение 0,013423 0,000011
х 3,401197 0,000971
родительский 3,218876 0,008272
дополнительный 2,066196 0,001770
они 3,624341 0,001035
авто 2,238047 0,000639
первоначальный 5,010635 0,001431
земля 2,708050 0,001547
оно 2,302585 0,000658
тратить 3,401197 0,001942
сила 1,455287 0,000416
мир 0,223144 0,000064
входить 2,813411 0,000803
небольшой 2,014903 0,000575
планировать 2,612740 0,000746
конец 1,643339 0,000939
время 0,013423 0,000011
товарищество 5,010635 0,001431
непригодный 5,010635 0,001431
единственный 2,525729 0,002885
кнопка 0,013423 0,000004
денежный 3,064725 0,000875
недостоверный 5,010635 0,001431
красноярский 4,317488 0,001233
ранее 0,013423 0,000034
автоматический 3,401197 0,001942
причём 2,708050 0,000773
составлять 2,238047 0,001278
госуслуга 2,708050 0,004640
вручную 4,317488 0,001233
навигатор 2,931194 0,002511
получение 2,302585 0,014465
подать 2,238047 0,003195
навигатордетский 5,010635 0,001431
город 0,013423 0,000004
разблокировать 0,013423 0,000011
жилищный 3,912023 0,007820
ванна 5,010635 0,007154
мошенничество 3,912023 0,002234
час 0,013423 0,000008
вправе 3,218876 0,002757
чат 0,013423 0,000008
наряду 3,912023 0,001117
отец 2,931194 0,008370
дуплекс 5,010635 0,001431
опора 3,624341 0,001035
региональный 3,064725 0,007001
актив 2,931194 0,001674
новостеймолния 0,013423 0,000004
написать 0,013423 0,000004
млн 3,401197 0,002914
прийтись 2,708050 0,000773
зависимость 1,966113 0,001123
ленинградский 3,401197 0,000971
вырасти 2,931194 0,000837
вднх 4,317488 0,002466
построить 3,912023 0,002234
маркировка 5,010635 0,002862
требовать 2,120264 0,000605
показать 0,013423 0,000004
впоследствии 3,912023 0,001117
отсутствие 2,014903 0,001151
основный 1,791759 0,001023
уменьшить 3,401197 0,000971
пароль 0,013423 0,000042
порядок 1,832581 0,001047
вступить 3,401197 0,001942
платформа 3,218876 0,004596
оформить 3,064725 0,000875
вход 0,013423 0,000008
читать 0,791128 0,000452
описать 0,013423 0,000008
сумма 2,302585 0,012493
садоводческий 5,010635 0,001431
пользование 4,317488 0,001233
потребность 3,912023 0,001117
подгузник 5,010635 0,001431
цифровой 2,445686 0,000698
финансироваться 5,010635 0,001431
купить 3,218876 0,001838
родиться 5,010635 0,007154
погашение 3,912023 0,005585
падать 5,010635 0,001431
удочерить 5,010635 0,001431
обязательно 2,931194 0,000837
мера 1,875141 0,003748
подтверждать 0,013423 0,000019
задавать 4,317488 0,003699
пользоваться 2,931194 0,000837
гаврилов 0,013423 0,000004
учредитель 0,013423 0,000004
распоряжение 3,624341 0,002070
расторжение 3,912023 0,001117
московский 1,678431 0,000959
ссылка 0,013423 0,000015
возникать 3,064725 0,002625
коммуникация 0,013423 0,000004
инструкция 1,966113 0,000561
мой 0,013423 0,000019
подпадать 4,317488 0,001233
шрифт 5,010635 0,001431
помочь 0,013423 0,000004
расходник 5,010635 0,001431
константин 3,064725 0,001750
истечение 3,401197 0,000971
украсть 5,010635 0,001431
пояснять 2,371578 0,002032
переносный 5,010635 0,001431
роскомнадзор 0,013423 0,000004
технология 0,013423 0,000008
собственность 2,813411 0,001607
тыс 3,624341 0,001035
подобный 3,624341 0,001035
выплачивать 3,624341 0,002070
девушка 2,931194 0,000837
накопительный 3,912023 0,006702
развивать 3,218876 0,000919
похожий 3,401197 0,000971
выносить 3,912023 0,001117
москва 0,006689 0,000015
воспользоваться 0,013423 0,000034
предоставлять 2,813411 0,000803
материальный 3,912023 0,001117
предоставление 2,931194 0,001674
спина 3,624341 0,001035
превышать 2,931194 0,002511
забайкалье 5,010635 0,001431
смерть 2,612740 0,001492
результат 1,714798 0,000490
мобильный 2,708050 0,002320
деньга 2,066196 0,007670
лицо 1,714798 0,000979
свыше 3,064725 0,001750
далее 0,013423 0,000008
оплатить 2,708050 0,001547
выдача 3,064725 0,006126
документ 2,371578 0,008804
последующий 3,218876 0,011030
маткапиталахв 5,010635 0,001431
чек 4,317488 0,001233
хотеть 0,006689 0,000002
открывать 0,013423 0,000008
взнос 3,912023 0,003351
повторный 3,064725 0,000875
обучение 3,401197 0,005827
установленный 2,931194 0,002511
приобретать 3,064725 0,000875
обращение 0,013423 0,000015
восстанавливать 3,624341 0,001035
это 0,013423 0,000015
массовый 0,013423 0,000004
обработка 0,013423 0,000019
два 1,514128 0,001729
ограничить 2,525729 0,000721
петлевой 5,010635 0,001431
новость 0,006689 0,000048
законодательство 2,813411 0,001607
зарегистрироваться 0,013423 0,000019
законодательный 3,912023 0,002234
утверждение 4,317488 0,001233
пожаловаться 0,006689 0,000002
войти 0,006689 0,000008
брак 4,317488 0,003699
чтение 3,624341 0,001035
пособие 3,401197 0,001942
измениться 2,813411 0,000803
возраст 2,177422 0,003731
лишение 3,218876 0,002757
память 3,218876 0,000919
сожаление 3,912023 0,001117
радио 0,274437 0,000078
вспомогательный 5,010635 0,010016
пригласить 2,708050 0,000773
защита 0,013423 0,000015
считать 2,014903 0,001151
регистрация 0,013423 0,000027
минимум 2,371578 0,002032
алфавит 5,010635 0,001431
рубль 2,302585 0,024328
восстановление 0,013423 0,000015
регулировать 3,218876 0,000919
инфляция 3,624341 0,001035
программа 1,919593 0,006578
разместить 3,218876 0,000919
повторно 4,317488 0,001233
мфц 3,218876 0,001838
путин 1,373049 0,000392
действие 0,013423 0,000008
фгис 5,010635 0,001431
релиз 0,013423 0,000004
первый 0,883501 0,006559
разрешить 2,931194 0,001674
продлить 3,624341 0,001035
пять 1,966113 0,000561
обязательный 0,013423 0,000034
февраль 0,567984 0,000811
ошибка 0,013423 0,000011
значение 2,238047 0,000639
вопрос 0,006689 0,000021
отметка 3,912023 0,001117
частное 4,317488 0,001233
деятельность 2,612740 0,000746
игра 1,609438 0,000460
установка 3,401197 0,000971
размер 2,014903 0,006329
кредитный 3,624341 0,001035
представляться 5,010635 0,001431
ваш 0,013423 0,000061
имя 0,013423 0,000019
старший 2,612740 0,000746
рекомендация 2,708050 0,002320
срок 0,013423 0,000027
прокуратура 2,931194 0,000837
кто 2,014903 0,000575
выделение 3,912023 0,004468
медиабанкпосетитель 4,317488 0,001233
снилс 5,010635 0,001431
использование 0,013423 0,000023
август 1,752539 0,000500
неделя 1,181994 0,000338
допустимый 3,912023 0,001117
самый 0,967584 0,000276
материал 0,013423 0,000050
успешно 0,013423 0,000004
полагать 3,401197 0,000971
лицензия 3,912023 0,001117
лента 0,006689 0,000004
маткапиталь 5,010635 0,001431
съёмный 5,010635 0,002862
роль 3,401197 0,000971
сфера 0,013423 0,000004
ряд 2,612740 0,002984
сад 3,218876 0,001838
проверка 2,708050 0,000773
стационарный 3,912023 0,001117
мочь 1,399717 0,002398
месяц 1,003302 0,000286
свидетельство 0,013423 0,000027
комментирование 0,013423 0,000008
запись 2,931194 0,000837
блокироваться 0,013423 0,000004
погасить 4,317488 0,003699
ивановский 5,010635 0,001431
правило 0,013423 0,000019
платный 3,624341 0,001035
жительство 3,401197 0,000971
темевыплата 5,010635 0,001431
применение 0,013423 0,000004
дать 0,013423 0,000008
персональный 0,013423 0,000038
пресс 0,013423 0,000008
действовать 2,445686 0,000698
возможный 1,576648 0,000450
смочь 0,006689 0,000011
ассистент 5,010635 0,001431
адаптация 3,624341 0,006210
третий 1,919593 0,012607
двигательный 5,010635 0,001431
инвалид 3,218876 0,007353
душа 3,218876 0,002757
готовый 0,006689 0,000004
признать 1,966113 0,002246
перечень 3,401197 0,002914
вестибулярный 5,010635 0,001431
дата 0,006689 0,000010
постановление 3,218876 0,001838
развод 5,010635 0,002862
проиндексировать 3,912023 0,003351
одноклассник 0,013423 0,000008
недопустимый 0,013423 0,000004
остаток 3,064725 0,001750
вы 0,013423 0,000004
ежемесячный 3,912023 0,011171
восстановить 0,013423 0,000004
пенсионный 3,912023 0,008937
проводить 2,445686 0,000698
гд 3,912023 0,001117
краснодарский 3,218876 0,000919
специалист 2,371578 0,001354
просто 1,714798 0,000490
жилой 3,624341 0,002070
томск 5,010635 0,001431
узнать 2,014903 0,000575
россия 0,006689 0,000031
го 2,177422 0,001865
высадка 4,317488 0,002466
судебный 2,612740 0,001492
вяткин 4,317488 0,002466
свой 0,867501 0,000495
рисование 5,010635 0,002862
нужда 3,912023 0,003351
образовательный 3,624341 0,006210
январь 1,040343 0,005644
настольный 5,010635 0,001431
устройство 3,624341 0,005175
компенсировать 3,218876 0,000919
оплата 3,624341 0,002070
рукопись 5,010635 0,001431
услуга 2,445686 0,008380
сайт 0,013423 0,000015
телефонный 5,010635 0,001431
усилитель 5,010635 0,001431
рождение 2,931194 0,023436
утратить 3,624341 0,001035
полезный 0,143101 0,000041
галочка 0,013423 0,000004
заблокировать 0,013423 0,000008
нуждаться 3,624341 0,001035
округ 3,912023 0,001117
поддерживаетсяполучить 0,013423 0,000004
другой 0,013423 0,000034
новосибирский 5,010635 0,001431
унитарный 0,013423 0,000011
прийти 2,445686 0,000698
папа 3,912023 0,001117
давать 0,013423 0,000015
рабочий 2,708050 0,001547
уголовный 3,401197 0,002914
отправка 0,013423 0,000004
перемещение 5,010635 0,005723
подвесить 5,010635 0,001431
расценить 5,010635 0,001431
собственный 2,445686 0,000698
питание 2,302585 0,000658
число 1,643339 0,001877
выдать 3,064725 0,000875
факт 2,302585 0,000658
ипотека 3,624341 0,007245
причина 2,066196 0,000590
пенсия 3,064725 0,007001
вид 1,399717 0,001599
мошенник 3,624341 0,001035
ребёнок 1,514128 0,054910
бумажный 3,401197 0,001942
первенец 5,010635 0,001431
доход 3,218876 0,000919
общежитие 5,010635 0,001431
чтец 5,010635 0,001431
трефил 4,317488 0,002466
подчёркивать 2,813411 0,000803
обновить 0,985284 0,000281
реализация 3,064725 0,000875
договор 2,931194 0,000837
мост 3,912023 0,002234
авторизация 0,013423 0,000004
религия 0,283247 0,000081
рейтинг 0,006689 0,000002
форма 0,013423 0,000069
насос 5,010635 0,001431
дом 1,514128 0,003459
егрн 4,317488 0,001233
среднее 2,445686 0,000698
секция 5,010635 0,001431
лишённый 5,010635 0,001431
зависеть 2,066196 0,001180
некоммерческий 5,010635 0,001431
советский 2,371578 0,000677
блокировать 3,912023 0,001117
любой 1,576648 0,001801
недвижимость 0,292136 0,000417
прекратить 3,401197 0,000971
граница 2,931194 0,000837
удобный 2,931194 0,000837
посредством 4,317488 0,001233
повышение 3,401197 0,001942
план 1,678431 0,000959
среднедушевой 5,010635 0,001431
игрушка 3,912023 0,001117
тема 0,013423 0,000011
объяснить 2,612740 0,000746
сервис 0,174353 0,000050
прибор 3,912023 0,001117
дискуссия 0,013423 0,000008
посетитель 4,317488 0,001233
лицензированный 5,010635 0,001431
служба 0,006689 0,000004
заметить 0,013423 0,000004
анализ 2,708050 0,000773
загородный 5,010635 0,001431
рекомендательный 0,013423 0,000004
кружка 4,317488 0,001233
назначать 5,010635 0,001431
механический 3,912023 0,001117
стена 4,317488 0,001233
медиабанк 1,321756 0,001887
возвести 5,010635 0,001431
четвёртый 3,624341 0,001035
заявитель 3,912023 0,001117
ручной 3,401197 0,001942
машина 3,218876 0,000919
обратиться 2,302585 0,002630
медиабанкработа 3,401197 0,000971
омский 4,317488 0,001233
верховный 3,218876 0,000919
михальчевский 4,317488 0,002466
набережная 5,010635 0,002862
суррогатный 5,010635 0,002862
младший 4,317488 0,001233
двое 3,218876 0,001838
который 0,603916 0,004484
участок 3,218876 0,000919
например 1,714798 0,004897
следующий 1,427116 0,001223
потребительский 3,624341 0,001035
воспитывать 4,317488 0,001233
заём 3,624341 0,001035
авторизоваться 0,013423 0,000008
поступление 3,624341 0,001035
выбрать 0,013423 0,000011
частный 2,525729 0,001442
рассказать 0,933098 0,000533
елена 2,931194 0,005022
президент 1,643339 0,000469
случай 1,643339 0,006570
подлежащее 5,010635 0,001431
подтверждение 3,401197 0,000971
новыесначала 0,013423 0,000004
нужный 1,643339 0,000469
таунхаус 5,010635 0,001431
несколько 1,544899 0,000882
предоставить 2,066196 0,001770
свет 2,708050 0,000773
место 1,272966 0,000363
страхование 4,317488 0,002466
государство 2,177422 0,001244
транспортный 3,218876 0,002757
фактический 5,010635 0,001431
подъёмник 5,010635 0,007154
вакансия 0,013423 0,000004
мы 0,013423 0,000027
участие 0,006689 0,000002
попытка 3,218876 0,000919
использовать 0,013423 0,000057
выбор 2,066196 0,000590
опечатка 0,013423 0,000004
самостоятельно 2,708050 0,000773
каждый 1,399717 0,000400
онлайн 0,013423 0,000004
экспертиза 4,317488 0,001233
писать 1,752539 0,000500
осуществляться 0,013423 0,000004
апрель 0,013423 0,000008
появление 2,525729 0,000721
повлечь 5,010635 0,001431
дисплей 5,010635 0,004292
начинать 2,445686 0,002095
подписать 2,612740 0,001492
уровень 2,014903 0,000575
заключение 3,064725 0,002625
финансовый 1,714798 0,000979
владимир 1,373049 0,002352
составить 2,931194 0,004185
лейнхаус 5,010635 0,001431
снт 5,010635 0,001431
федеральный 0,013423 0,000042
орган 2,708050 0,001547
уточнять 2,445686 0,000698
обязать 2,813411 0,000803
умереть 2,445686 0,003492
мужчина 2,612740 0,001492
завершение 2,708050 0,000773
якутия 3,624341 0,001035
контактный 3,912023 0,001117
лестничный 5,010635 0,001431
регулироваться 3,401197 0,000971
официальный 2,177422 0,000622
расширять 4,317488 0,001233
попробовать 0,013423 0,000004
заполнение 0,013423 0,000027
усыновление 5,010635 0,014308
вернуть 2,120264 0,000605
господдержка 3,401197 0,001942
внимание 0,013423 0,000004
принимать 0,013423 0,000004
инвалидность 3,218876 0,000919
сведение 2,931194 0,002511
возможность 1,752539 0,002002
рфсоциальный 5,010635 0,001431
выпуск 0,013423 0,000004
информация 2,066196 0,001180
регулировка 5,010635 0,001431
надзор 0,013423 0,000004
ввести 2,931194 0,000837
одежда 2,813411 0,000803
очень 1,678431 0,000479
улучшение 3,624341 0,005175
миллион 2,445686 0,001397
предприятие 0,013423 0,000011
оказание 4,317488 0,001233
наука 0,283247 0,000081
какой 1,399717 0,000400
наличие 3,064725 0,000875
обратный 0,013423 0,000027
учреждение 3,401197 0,001942
занятие 3,401197 0,000971
произойти 0,013423 0,000011
принятие 3,064725 0,000875
книга 3,218876 0,000919
