районный 3,218876 0,003565
истечь 0,013423 0,000015
рф 1,181994 0,002618
специальный 1,514128 0,001677
лента 0,006689 0,000022
законный 0,013423 0,000015
новый 0,006689 0,000022
день 0,591795 0,001966
заимствование 5,010635 0,005549
образ 2,066196 0,002288
найти 0,013423 0,000015
письмо 0,013423 0,000045
сфера 0,013423 0,000015
электронный 0,013423 0,000015
спасибо 0,013423 0,000015
спорт 0,190354 0,000211
расширить 0,006689 0,000007
ряд 2,612740 0,002893
страница 3,401197 0,011300
обзор 2,371578 0,002626
радиоэфир 3,624341 0,004014
мочь 1,399717 0,001550
обозначить 3,912023 0,004332
свидетельство 0,013423 0,000015
согласие 0,013423 0,000030
центр 0,166448 0,000184
комментирование 0,013423 0,000030
доступ 0,013423 0,000030
блокироваться 0,013423 0,000015
миа 0,013423 0,000119
открытый 3,401197 0,003767
проверять 4,317488 0,004781
задать 0,013423 0,000015
связаться 0,013423 0,000089
медиагруппый 5,010635 0,005549
правило 0,013423 0,000268
сохранить 0,013423 0,000015
россиясегодний 5,010635 0,011098
соответствовать 2,612740 0,002893
г 0,013423 0,000030
реклама 0,013423 0,000030
фото 0,013423 0,000059
отказаться 2,708050 0,002999
содержание 2,931194 0,003246
политика 0,013423 0,000074
связь 0,006689 0,000074
визуальный 5,010635 0,005549
применение 0,013423 0,000015
взаимодействие 0,013423 0,000030
о 0,013423 0,000015
дать 0,013423 0,000030
пресс 0,013423 0,000030
согласный 0,013423 0,000045
персональный 0,013423 0,000119
средство 2,120264 0,002348
суд 1,791759 0,003968
действовать 2,445686 0,008125
перетянуть 0,013423 0,000015
течение 0,013423 0,000015
смочь 0,006689 0,000007
использоваться 0,006689 0,000007
третий 1,919593 0,006377
готовый 0,006689 0,000015
обращаться 2,371578 0,002626
сила 1,455287 0,001612
дата 0,006689 0,000007
мир 0,223144 0,000988
инфографик 2,177422 0,007234
весь 1,021651 0,001131
пройти 0,006689 0,000007
заголовок 0,013423 0,000030
одноклассник 0,013423 0,000030
недопустимый 0,013423 0,000015
вы 0,013423 0,000030
информационный 0,013423 0,000059
фио 0,013423 0,000015
восстановить 0,013423 0,000015
пожалуйста 0,013423 0,000015
российский 0,883501 0,002935
гиперссылка 5,010635 0,011098
цель 1,966113 0,002177
рассмотреть 0,013423 0,000015
необходимо 1,791759 0,003968
расположить 0,013423 0,000030
соблюдать 3,064725 0,003394
время 0,013423 0,000030
односторонний 4,317488 0,004781
версия 0,013423 0,000015
ниже 0,013423 0,000045
кнопка 0,013423 0,000015
россия 0,006689 0,000119
интернет 2,708050 0,005998
тег 0,190354 0,000211
правообладатель 5,010635 0,016647
зарегистрировать 0,013423 0,000015
ранее 0,013423 0,000015
подкаст 0,292136 0,000647
главный 0,013423 0,000015
проблема 0,013423 0,000015
данные 0,013423 0,000119
иной 2,238047 0,004957
получение 2,302585 0,015300
город 0,013423 0,000045
разблокировать 0,013423 0,000045
фотография 0,013423 0,000030
авторский 3,912023 0,008665
арбитражный 5,010635 0,005549
сайт 0,013423 0,000045
поле 0,013423 0,000119
час 0,013423 0,000030
чат 0,013423 0,000030
допускать 3,401197 0,003767
написать 0,013423 0,000030
полезный 0,143101 0,000158
новостеймолния 0,013423 0,000015
галочка 0,013423 0,000015
заблокировать 0,013423 0,000030
перетащить 0,013423 0,000045
соглашаться 0,013423 0,000015
туризм 0,283247 0,000314
сначала 0,013423 0,000015
поддерживаетсяполучить 0,013423 0,000015
адрес 0,013423 0,000119
другой 0,013423 0,000045
соответствие 0,013423 0,000030
изменение 2,525729 0,002797
унитарный 0,013423 0,000045
обладатель 3,624341 0,004014
давать 0,013423 0,000030
показать 0,013423 0,000015
отправка 0,013423 0,000015
загрузить 0,013423 0,000030
сеть 2,371578 0,005253
направление 0,013423 0,000015
разногласие 5,010635 0,005549
живопись 5,010635 0,005549
телефон 0,013423 0,000015
пароль 0,013423 0,000164
регулярно 3,401197 0,003767
редакция 0,013423 0,000059
запретить 2,708050 0,005998
удалить 0,013423 0,000059
порядок 1,832581 0,004059
себя 2,445686 0,002708
должный 0,013423 0,000045
вход 0,013423 0,000030
коммерческий 3,401197 0,003767
система 1,919593 0,002126
вступать 3,912023 0,004332
описать 0,013423 0,000015
размещение 0,013423 0,000030
сколько 0,006689 0,000007
изменить 2,931194 0,003246
автор 0,013423 0,000015
старый 0,013423 0,000015
сообщение 0,013423 0,000208
вид 1,399717 0,001550
кроме 1,919593 0,002126
происшествие 0,292136 0,000324
подтвердить 0,013423 0,000015
видео 1,832581 0,006088
реализация 3,064725 0,003394
положение 2,612740 0,005787
подтверждать 0,013423 0,000015
предмет 2,302585 0,002550
гаврилов 0,013423 0,000015
учредитель 0,013423 0,000015
авторизация 0,013423 0,000015
религия 0,283247 0,000314
рейтинг 0,006689 0,000007
форма 0,013423 0,000223
оперативный 3,064725 0,003394
последний 0,899761 0,000996
ссылка 0,013423 0,000059
возникать 3,064725 0,003394
коммуникация 0,013423 0,000015
мой 0,013423 0,000074
культура 0,292136 0,000324
свободный 3,218876 0,003565
момент 2,014903 0,002231
графика 4,317488 0,004781
архив 0,190354 0,000211
помочь 0,013423 0,000015
указанный 2,931194 0,003246
статья 0,013423 0,000015
описание 0,013423 0,000015
индивидуализация 5,010635 0,005549
любой 1,576648 0,005238
процесс 0,013423 0,000015
отношение 1,791759 0,005953
музыка 3,401197 0,003767
недвижимость 0,292136 0,000324
роскомнадзор 0,013423 0,000015
технология 0,013423 0,000030
редактор 0,013423 0,000015
фгуп 0,499776 0,002767
контакт 0,013423 0,000015
заказ 5,010635 0,005549
москва 0,006689 0,000044
письменный 3,401197 0,007533
воспользоваться 0,013423 0,000059
процессуальный 5,010635 0,005549
тема 0,013423 0,000089
сервис 0,174353 0,000193
государственный 0,013423 0,000045
переработка 4,317488 0,004781
материальный 3,912023 0,004332
дискуссия 0,013423 0,000030
обязываться 4,317488 0,009563
результат 1,714798 0,001899
связанный 0,013423 0,000045
соблюдение 3,624341 0,004014
новостной 3,912023 0,004332
служба 0,006689 0,000007
риа 0,006689 0,000111
заметить 0,013423 0,000015
лицо 1,714798 0,005697
печатный 5,010635 0,005549
анализ 2,708050 0,002999
закрытый 0,013423 0,000015
обращать 0,013423 0,000015
далее 0,013423 0,000104
рекомендательный 0,013423 0,000015
право 2,066196 0,006864
текст 3,401197 0,003767
являться 1,875141 0,004153
год 0,006689 0,000007
аналитический 4,317488 0,009563
произведение 4,317488 0,014344
хотеть 0,006689 0,000007
открывать 0,013423 0,000030
перейти 0,013423 0,000015
международный 0,013423 0,000045
который 0,603916 0,001338
возможно 2,708050 0,005998
установленный 2,931194 0,003246
уведомление 3,064725 0,003394
обращение 0,013423 0,000045
агентство 0,013423 0,000059
следующий 1,427116 0,001580
спецпроект 0,190354 0,000211
массовый 0,013423 0,000015
обработка 0,013423 0,000074
это 0,013423 0,000015
хамовнический 5,010635 0,005549
ответственность 2,931194 0,003246
авторизоваться 0,013423 0,000030
предусмотреть 2,813411 0,006231
выбрать 0,013423 0,000045
прямой 3,218876 0,003565
сегодня 0,013423 0,000164
новость 0,006689 0,000148
просить 0,013423 0,000015
случай 1,643339 0,001820
стоить 1,678431 0,001859
законодательство 2,813411 0,012463
такой 1,098612 0,001217
интеллектуальный 3,912023 0,004332
новыесначала 0,013423 0,000015
зарегистрироваться 0,013423 0,000074
пожаловаться 0,006689 0,000007
войти 0,006689 0,000030
место 1,272966 0,001410
предварительный 3,218876 0,003565
начало 1,643339 0,001820
шапка 0,013423 0,000015
отправить 0,013423 0,000208
продолжить 0,006689 0,000007
располагаться 5,010635 0,005549
решение 0,006689 0,000007
подлежать 3,624341 0,004014
ознакомить 0,013423 0,000015
вакансия 0,013423 0,000015
устный 4,317488 0,004781
эл 0,013423 0,000015
аудиоматериал 5,010635 0,005549
мы 0,013423 0,000104
проставлять 0,013423 0,000015
радио 0,274437 0,001216
участие 0,006689 0,000007
разрешение 3,401197 0,026366
аккаунт 0,013423 0,000074
экономика 0,292136 0,000324
аудиовизуальный 3,912023 0,008665
защита 0,013423 0,000059
регистрация 0,013423 0,000074
обсуждение 0,013423 0,000030
использовать 0,013423 0,000030
опечатка 0,013423 0,000015
почему 0,013423 0,000015
указать 2,708050 0,002999
восстановление 0,013423 0,000059
онлайн 0,013423 0,000015
спор 3,624341 0,004014
почта 0,013423 0,000104
блокировка 0,013423 0,000059
осуществляться 0,013423 0,000015
учитывать 2,813411 0,003116
апрель 0,013423 0,000015
вконтакте 0,013423 0,000030
разместить 3,218876 0,007129
фамилия 0,013423 0,000015
непосредственно 3,218876 0,007129
логин 0,013423 0,000015
нарушение 0,013423 0,000074
конфиденциальность 0,013423 0,000059
навсегда 0,013423 0,000015
яндекс 0,013423 0,000030
либо 0,013423 0,000045
медиагруппа 5,010635 0,016647
действие 0,013423 0,000015
федеральный 0,013423 0,000059
релиз 0,013423 0,000015
нажимать 0,013423 0,000015
назад 0,013423 0,000074
упоминание 3,218876 0,003565
список 0,013423 0,000015
дополнение 3,064725 0,003394
поиск 0,013423 0,000015
телепрограмма 5,010635 0,005549
обязательный 0,013423 0,000104
ошибка 0,013423 0,000045
вопрос 0,006689 0,000037
регулироваться 3,401197 0,003767
дизайн 3,912023 0,004332
зубовский 0,013423 0,000030
деятельность 2,612740 0,002893
попробовать 0,013423 0,000015
заполнение 0,013423 0,000104
заполнить 0,013423 0,000134
внимание 0,013423 0,000015
принимать 0,013423 0,000015
ваш 0,013423 0,000238
общество 0,257045 0,000285
имя 0,013423 0,000074
федерация 2,066196 0,006864
поисковый 4,317488 0,004781
выпуск 0,013423 0,000015
срок 0,013423 0,000030
предусмотренный 4,317488 0,004781
основание 0,013423 0,000015
информация 2,066196 0,006864
издание 0,013423 0,000015
бульвар 0,013423 0,000030
сетевой 0,013423 0,000015
влечь 3,624341 0,004014
событие 1,544899 0,005133
пользователь 3,401197 0,007533
надзор 0,013423 0,000015
контент 3,624341 0,072246
использование 0,013423 0,000342
вновь 0,013423 0,000015
самый 0,967584 0,001072
сменить 0,013423 0,000015
предприятие 0,013423 0,000045
способ 0,013423 0,000030
материал 0,013423 0,000193
наука 0,283247 0,000314
участвовать 0,013423 0,000030
какой 1,399717 0,001550
сообщить 0,013423 0,000015
обратный 0,013423 0,000119
продукт 0,135438 0,000150
произойти 0,013423 0,000015
быть 0,013423 0,000015
успешно 0,013423 0,000015
источник 1,966113 0,002177
скриншот 0,013423 0,000045
