париж 4,317488 0,003510
польский 2,708050 0,008807
законный 0,013423 0,000011
новый 0,006689 0,000011
день 0,591795 0,000962
оборона 2,066196 0,003360
найти 0,013423 0,000011
авиабаза 4,317488 0,007020
письмо 0,013423 0,000022
целое 3,218876 0,005234
спасибо 0,013423 0,000011
расширить 0,006689 0,000005
местный 2,708050 0,002202
отвести 5,010635 0,004074
ставка 2,813411 0,002287
согласие 0,013423 0,000022
частность 3,064725 0,004983
центр 0,166448 0,000135
менее 2,177422 0,001770
касаться 2,371578 0,001928
доступ 0,013423 0,000022
миа 0,013423 0,000076
заявление 2,066196 0,006719
задать 0,013423 0,000011
юридический 2,813411 0,002287
конфликт 2,371578 0,001928
связаться 0,013423 0,000065
человек 1,118815 0,000910
г 0,013423 0,000022
реклама 0,013423 0,000022
фото 0,013423 0,000022
политика 0,013423 0,000055
связь 0,006689 0,000044
м 2,302585 0,001872
неприятность 5,010635 0,004074
о 0,013423 0,000011
исследование 3,064725 0,002492
инициировать 5,010635 0,004074
ядерный 2,813411 0,034310
течение 0,013423 0,000011
приветствие 5,010635 0,008147
очевидный 3,401197 0,002765
они 3,624341 0,002947
самолёт 3,401197 0,002765
вариант 1,966113 0,003197
сила 1,455287 0,001183
мир 0,223144 0,000181
пройти 0,006689 0,000005
заголовок 0,013423 0,000022
успеть 3,218876 0,002617
информационный 0,013423 0,000044
шаг 1,791759 0,001457
рассмотреть 0,013423 0,000011
расположить 0,013423 0,000033
медиабанкцеремония 5,010635 0,004074
проект 2,014903 0,001638
время 0,013423 0,000033
называть 2,120264 0,001724
кнопка 0,013423 0,000011
внутренний 3,218876 0,005234
ранее 0,013423 0,000011
проблема 0,013423 0,000033
ситуация 1,643339 0,001336
подкаст 0,292136 0,000238
главный 0,013423 0,000011
данные 0,013423 0,000087
присоединиться 5,010635 0,004074
сергей 1,544899 0,001256
рамштайна 4,317488 0,007020
одобрить 3,624341 0,002947
украина 1,160488 0,005661
город 0,013423 0,000011
разблокировать 0,013423 0,000033
фотография 0,013423 0,000011
прошлый 3,218876 0,005234
час 0,013423 0,000022
националист 5,010635 0,004074
чат 0,013423 0,000022
союзник 3,912023 0,006361
новостеймолния 0,013423 0,000011
написать 0,013423 0,000011
пытаться 2,708050 0,002202
соглашаться 0,013423 0,000011
сначала 0,013423 0,000022
заблуждение 5,010635 0,004074
сосед 4,317488 0,003510
чреватый 4,317488 0,007020
уничтожение 3,624341 0,002947
показать 0,013423 0,000011
уклончиво 5,010635 0,004074
пароль 0,013423 0,000120
абдуллин 5,010635 0,004074
вооружённый 2,014903 0,001638
хотя 2,371578 0,001928
продолжиться 5,010635 0,004074
однако 1,966113 0,001598
формально 3,624341 0,002947
удалить 0,013423 0,000044
последствие 1,544899 0,001256
вход 0,013423 0,000022
дуда 5,010635 0,020368
читать 0,791128 0,000643
система 1,919593 0,001561
описать 0,013423 0,000011
размещение 0,013423 0,000033
дональд 2,371578 0,001928
сколько 0,006689 0,000005
база 2,302585 0,001872
надеяться 2,931194 0,002383
мерц 5,010635 0,004074
зарубежье 5,010635 0,004074
польша 2,931194 0,057194
пример 2,813411 0,002287
подтверждать 0,013423 0,000011
громкий 3,401197 0,005530
гаврилов 0,013423 0,000011
учредитель 0,013423 0,000011
хотеться 3,218876 0,002617
часть 1,373049 0,001116
практический 3,624341 0,005893
ссылка 0,013423 0,000044
коммуникация 0,013423 0,000011
журналист 3,064725 0,002492
мой 0,013423 0,000055
архив 0,190354 0,000155
помочь 0,013423 0,000011
помимо 2,708050 0,004403
курс 3,401197 0,002765
сторонник 5,010635 0,004074
заявить 1,272966 0,001035
сша 1,118815 0,013644
описание 0,013423 0,000011
процесс 0,013423 0,000011
медиабанкежегодный 5,010635 0,004074
варшава 4,317488 0,049142
кортун 5,010635 0,016295
щит 5,010635 0,008147
делать 1,427116 0,001160
говорить 1,714798 0,002788
пояснять 2,371578 0,001928
роскомнадзор 0,013423 0,000011
негативный 3,624341 0,002947
технология 0,013423 0,000022
зрение 3,401197 0,002765
москва 0,006689 0,000022
надежда 2,302585 0,003744
воспользоваться 0,013423 0,000044
батальон 5,010635 0,012221
общеевропейский 5,010635 0,004074
администрация 3,218876 0,002617
добавлять 1,919593 0,001561
большой 1,832581 0,001490
энергетика 3,064725 0,002492
далее 0,013423 0,000022
уличный 3,218876 0,005234
конференция 3,401197 0,016591
сигнал 2,931194 0,014299
ожиш 5,010635 0,008147
популистский 5,010635 0,012221
перспективный 4,317488 0,003510
хотеть 0,006689 0,000005
открывать 0,013423 0,000022
перейти 0,013423 0,000076
армия 2,120264 0,001724
угроза 2,238047 0,001820
нужно 1,455287 0,003549
независимость 3,624341 0,005893
достаточно 2,445686 0,001988
интерес 2,525729 0,002053
дискуссионный 5,010635 0,004074
наступательный 4,317488 0,003510
обращение 0,013423 0,000033
массовый 0,013423 0,000022
это 0,013423 0,000044
спецпроект 0,190354 0,000155
обработка 0,013423 0,000055
поддерживать 2,371578 0,001928
ограничивать 3,624341 0,002947
американец 2,525729 0,002053
опрос 2,931194 0,002383
излюбить 5,010635 0,004074
новость 0,006689 0,000114
дипломатический 3,624341 0,005893
консультация 3,624341 0,002947
стоить 1,678431 0,002729
зарегистрироваться 0,013423 0,000055
ухудшить 5,010635 0,004074
пожаловаться 0,006689 0,000005
войти 0,006689 0,000022
михаш 5,010635 0,004074
относиться 2,371578 0,001928
эл 0,013423 0,000011
радио 0,274437 0,000223
дзен 0,851752 0,000692
защита 0,013423 0,000044
считать 2,014903 0,003276
канал 3,064725 0,002492
регистрация 0,013423 0,000055
почему 0,013423 0,000011
восстановление 0,013423 0,000044
хороший 1,059392 0,000861
спор 3,624341 0,002947
германия 2,525729 0,008214
добавить 1,514128 0,001231
постелить 5,010635 0,004074
значит 2,612740 0,002124
вконтакте 0,013423 0,000022
программа 1,919593 0,001561
ждать 1,919593 0,003121
разместить 3,218876 0,002617
власть 2,371578 0,003856
логин 0,013423 0,000011
конфиденциальность 0,013423 0,000044
нарушение 0,013423 0,000033
навсегда 0,013423 0,000011
действие 0,013423 0,000022
релиз 0,013423 0,000011
назад 0,013423 0,000055
первый 0,883501 0,000718
дуданатомюнхенский 5,010635 0,004074
список 0,013423 0,000011
озвучить 5,010635 0,004074
обрести 5,010635 0,004074
норма 2,525729 0,002053
обязательный 0,013423 0,000076
февраль 0,567984 0,000462
ошибка 0,013423 0,000033
институт 3,401197 0,002765
идти 1,919593 0,001561
планироваться 3,624341 0,002947
вопрос 0,006689 0,000033
зубовский 0,013423 0,000022
яо 5,010635 0,024442
никто 2,445686 0,001988
уточнить 2,931194 0,002383
поскольку 2,612740 0,004248
заполнить 0,013423 0,000076
аэс 3,624341 0,005893
статус 2,813411 0,002287
присоединение 5,010635 0,004074
стратегия 3,912023 0,003181
именно 2,066196 0,001680
против 1,966113 0,001598
ваш 0,013423 0,000175
общество 0,257045 0,000209
имя 0,013423 0,000055
мнение 2,238047 0,001820
риска 3,912023 0,006361
срок 0,013423 0,000022
угодить 4,317488 0,003510
основание 0,013423 0,000011
повысить 3,624341 0,002947
издание 0,013423 0,000011
нераспространение 5,010635 0,008147
бульвар 0,013423 0,000022
сетевой 0,013423 0,000011
реакция 3,064725 0,004983
использование 0,013423 0,000011
фев 1,399717 0,001138
вновь 0,013423 0,000011
сменить 0,013423 0,000011
материал 0,013423 0,000109
участвовать 0,013423 0,000022
сообщить 0,013423 0,000022
беседа 3,912023 0,003181
быть 0,013423 0,000011
нынешний 3,624341 0,005893
успешно 0,013423 0,000011
точка 2,813411 0,002287
скриншот 0,013423 0,000033
истечь 0,013423 0,000011
полагать 3,401197 0,002765
терять 3,912023 0,003181
лента 0,006689 0,000011
архивный 1,347074 0,001095
социологический 5,010635 0,004074
исходить 3,401197 0,002765
сфера 0,013423 0,000011
электронный 0,013423 0,000011
ввс 3,912023 0,006361
спорт 0,190354 0,000155
ряд 2,612740 0,002124
задуматься 5,010635 0,008147
франция 2,708050 0,004403
туск 5,010635 0,004074
мочь 1,399717 0,001138
обозначить 3,912023 0,003181
этот 1,514128 0,001231
свидетельство 0,013423 0,000011
соломка 3,624341 0,002947
комментирование 0,013423 0,000022
пристально 4,317488 0,003510
блокироваться 0,013423 0,000011
вооружение 4,317488 0,003510
отметить 2,014903 0,003276
бурный 4,317488 0,003510
вообще 2,931194 0,004766
правило 0,013423 0,000055
сохранить 0,013423 0,000011
применение 0,013423 0,000011
взаимодействие 0,013423 0,000022
неопределённость 3,912023 0,003181
коалиция 4,317488 0,003510
дать 0,013423 0,000022
пресс 0,013423 0,000022
согласный 0,013423 0,000033
персональный 0,013423 0,000087
оружие 2,445686 0,023860
сложиться 3,624341 0,002947
возможный 1,576648 0,001282
перетянуть 0,013423 0,000011
организовать 2,931194 0,004766
смочь 0,006689 0,000005
использоваться 0,006689 0,000005
навроцкий 5,010635 0,040737
готовый 0,006689 0,000011
выступление 3,064725 0,002492
церемония 3,912023 0,003181
дата 0,006689 0,000005
вернуться 2,445686 0,001988
одноклассник 0,013423 0,000022
недопустимый 0,013423 0,000011
вы 0,013423 0,000011
предшественник 3,912023 0,003181
фио 0,013423 0,000011
стратегический 2,931194 0,004766
восстановить 0,013423 0,000011
пожалуйста 0,013423 0,000011
партнёр 2,302585 0,003744
российский 0,883501 0,002155
проводить 2,445686 0,003977
необходимо 1,791759 0,001457
специалист 2,371578 0,001928
речь 2,813411 0,002287
просто 1,714798 0,002788
версия 0,013423 0,000011
ниже 0,013423 0,000033
неформальный 4,317488 0,003510
россия 0,006689 0,000103
простой 1,272966 0,001035
тег 0,190354 0,000155
свой 0,867501 0,001411
зарегистрировать 0,013423 0,000011
боеголовка 4,317488 0,007020
канцлер 3,624341 0,002947
чёткий 3,218876 0,018319
необходимость 2,177422 0,001770
сайт 0,013423 0,000033
поле 0,013423 0,000087
американский 1,966113 0,006394
полезный 0,143101 0,000116
галочка 0,013423 0,000011
мюнхен 4,317488 0,003510
правый 5,010635 0,004074
заблокировать 0,013423 0,000022
перетащить 0,013423 0,000033
туризм 0,283247 0,000230
руководство 2,931194 0,004766
исходящий 5,010635 0,004074
поддерживаетсяполучить 0,013423 0,000011
адрес 0,013423 0,000055
другой 0,013423 0,000033
соответствие 0,013423 0,000022
унитарный 0,013423 0,000033
европа 1,455287 0,003549
оставаться 2,238047 0,001820
давать 0,013423 0,000022
независимый 3,912023 0,003181
отправка 0,013423 0,000011
загрузить 0,013423 0,000022
скорее 3,064725 0,004983
медиабанкбатальон 5,010635 0,004074
направление 0,013423 0,000011
собственный 2,445686 0,009942
телефон 0,013423 0,000011
редакция 0,013423 0,000033
пока 1,919593 0,001561
ес 2,445686 0,003977
период 1,118815 0,000910
должный 0,013423 0,000011
клуб 3,218876 0,005234
насчёт 4,317488 0,003510
автор 0,013423 0,000011
флаг 3,218876 0,005234
старый 0,013423 0,000011
сообщение 0,013423 0,000153
происшествие 0,292136 0,000238
спокойно 3,624341 0,002947
подтвердить 0,013423 0,000011
правительство 1,875141 0,001525
анджей 5,010635 0,016295
путь 2,120264 0,001724
обновить 0,985284 0,000801
блогер 3,218876 0,002617
поляк 3,624341 0,005893
эксперт 1,373049 0,003349
договор 2,931194 0,007149
депутат 3,218876 0,002617
приступить 5,010635 0,004074
указывать 2,708050 0,002202
авторизация 0,013423 0,000011
религия 0,283247 0,000230
рейтинг 0,006689 0,000005
форма 0,013423 0,000131
сыграть 3,912023 0,003181
включая 2,525729 0,004107
культура 0,292136 0,000238
очередной 2,813411 0,002287
нато 2,612740 0,023366
статья 0,013423 0,000011
высказывание 5,010635 0,008147
возглавлять 3,218876 0,002617
позиция 2,708050 0,002202
верить 3,624341 0,002947
традиционно 2,612740 0,002124
гражданский 2,371578 0,001928
отношение 1,791759 0,002913
промышленность 2,813411 0,002287
временной 3,064725 0,002492
недвижимость 0,292136 0,000238
ответить 2,238047 0,001820
наш 1,919593 0,001561
редактор 0,013423 0,000011
фгуп 0,499776 0,002032
граница 2,931194 0,002383
конвертироваться 5,010635 0,004074
западный 2,813411 0,002287
близкий 2,066196 0,003360
получить 0,985284 0,000801
контакт 0,013423 0,000011
план 1,678431 0,005458
тема 0,013423 0,000044
электорат 5,010635 0,004074
объяснить 2,612740 0,002124
предпринять 3,912023 0,006361
сервис 0,174353 0,000142
государственный 0,013423 0,000033
следить 2,612740 0,002124
навроцкийанджа 5,010635 0,004074
дискуссия 0,013423 0,000022
теоретически 3,624341 0,002947
атомный 2,525729 0,004107
связанный 0,013423 0,000022
фрг 4,317488 0,010530
ренат 5,010635 0,004074
служба 0,006689 0,000005
риа 0,006689 0,000103
заметить 0,013423 0,000011
технический 2,612740 0,002124
стрингер 3,624341 0,011786
закрытый 0,013423 0,000011
предупредить 2,708050 0,002202
вроде 4,317488 0,003510
обращать 0,013423 0,000011
рекомендательный 0,013423 0,000011
берег 3,401197 0,002765
год 0,006689 0,000016
движение 2,813411 0,004575
медиабанк 1,321756 0,003224
совместно 4,317488 0,003510
популизм 5,010635 0,004074
международный 0,013423 0,000044
андрей 2,302585 0,001872
безопасность 1,919593 0,009364
который 0,603916 0,000982
поэтому 2,014903 0,004914
выслуживаться 5,010635 0,012221
рассуждать 5,010635 0,004074
агентство 0,013423 0,000044
адекватно 5,010635 0,004074
перспектива 2,708050 0,002202
располагать 4,317488 0,003510
приближать 3,218876 0,015702
авторизоваться 0,013423 0,000022
выбрать 0,013423 0,000033
политический 2,813411 0,002287
сегодня 0,013423 0,000109
страна 1,139434 0,004632
президент 1,643339 0,008016
просить 0,013423 0,000011
случай 1,643339 0,004008
риторика 5,010635 0,012221
кароль 5,010635 0,024442
новыесначала 0,013423 0,000011
нужный 1,643339 0,001336
создание 2,302585 0,001872
ермаков 5,010635 0,008147
марш 5,010635 0,008147
шапка 0,013423 0,000011
отправить 0,013423 0,000153
продолжить 0,006689 0,000005
решение 0,006689 0,000011
многонациональный 5,010635 0,008147
никакой 2,708050 0,002202
ознакомить 0,013423 0,000011
вакансия 0,013423 0,000011
включать 2,813411 0,002287
щерба 4,317488 0,003510
мы 0,013423 0,000076
проставлять 0,013423 0,000011
некий 3,401197 0,002765
участие 0,006689 0,000011
аккаунт 0,013423 0,000055
попытка 3,218876 0,002617
экономика 0,292136 0,000238
тот 1,576648 0,001282
конфронтационный 5,010635 0,004074
обсуждение 0,013423 0,000022
опечатка 0,013423 0,000011
использовать 0,013423 0,000011
наиболее 2,813411 0,002287
соглашение 3,064725 0,004983
онлайн 0,013423 0,000011
почта 0,013423 0,000076
блокировка 0,013423 0,000044
прокомментировать 2,371578 0,001928
строительство 2,931194 0,002383
осуществляться 0,013423 0,000011
апрель 0,013423 0,000011
провокационный 5,010635 0,004074
фамилия 0,013423 0,000011
непосредственно 3,218876 0,002617
подписать 2,612740 0,004248
яндекс 0,013423 0,000022
националистический 5,010635 0,008147
обратить 2,813411 0,002287
либо 0,013423 0,000011
федеральный 0,013423 0,000044
нажимать 0,013423 0,000011
поиск 0,013423 0,000011
политолог 3,218876 0,002617
подчеркнуть 2,931194 0,002383
мюнхенский 3,401197 0,011061
фридрих 5,010635 0,004074
возражать 3,912023 0,003181
попробовать 0,013423 0,000011
заполнение 0,013423 0,000076
валдай 5,010635 0,004074
участник 1,752539 0,002850
инициатива 3,218876 0,002617
внимание 0,013423 0,000011
принимать 0,013423 0,000011
рися 5,010635 0,004074
условие 1,321756 0,001075
премьер 2,931194 0,002383
возможность 1,752539 0,002850
завершиться 2,931194 0,002383
краткосрочный 5,010635 0,004074
серьёзно 3,912023 0,006361
выпуск 0,013423 0,000011
достижение 2,708050 0,002202
ежегодный 3,912023 0,003181
опасный 3,401197 0,002765
принять 1,791759 0,001457
надзор 0,013423 0,000011
аудитория 3,624341 0,002947
предприятие 0,013423 0,000033
способ 0,013423 0,000022
прочь 5,010635 0,004074
наука 0,283247 0,000230
какой 1,399717 0,001138
обратный 0,013423 0,000076
польшаваршавасшакароль 5,010635 0,004074
продукт 0,135438 0,000110
произойти 0,013423 0,000011
