апр 4,317488 0,003862
горка 3,401197 0,003042
состоять 3,218876 0,002879
покрыть 2,931194 0,002622
законный 0,013423 0,000012
новый 0,006689 0,000012
покрасить 2,813411 0,032714
найти 0,013423 0,000012
католический 2,931194 0,007865
письмо 0,013423 0,000024
спасибо 0,013423 0,000012
расширить 0,006689 0,000006
сварить 3,624341 0,012967
аллергиисвященник 4,317488 0,003862
корочка 3,401197 0,003042
согласие 0,013423 0,000024
доступ 0,013423 0,000024
закипание 3,624341 0,003242
миа 0,013423 0,000060
задать 0,013423 0,000012
декорирование 5,010635 0,008964
помощь 1,321756 0,003547
связаться 0,013423 0,000072
тёплый 2,708050 0,004844
вода 1,576648 0,002820
пава 3,912023 0,010497
г 0,013423 0,000036
алкогольный 3,912023 0,003499
помещение 3,624341 0,003242
реклама 0,013423 0,000012
фото 0,013423 0,000012
политика 0,013423 0,000048
связь 0,006689 0,000048
о 0,013423 0,000012
мерцать 4,317488 0,011585
кастрюля 2,371578 0,006364
течение 0,013423 0,000012
пищевой 2,120264 0,007586
повар 2,238047 0,002002
скорлупа 3,401197 0,012169
вариант 1,966113 0,001759
пасхойкак 4,317488 0,003862
пройти 0,006689 0,000006
заголовок 0,013423 0,000024
информационный 0,013423 0,000048
блестящий 4,317488 0,003862
рассмотреть 0,013423 0,000012
расположить 0,013423 0,000024
время 0,013423 0,000012
кнопка 0,013423 0,000012
христианский 3,624341 0,003242
тренд 3,912023 0,010497
проникновение 4,317488 0,003862
ранее 0,013423 0,000012
главный 0,013423 0,000012
проблема 0,013423 0,000012
данные 0,013423 0,000096
чай 3,912023 0,006998
коричневый 3,912023 0,006998
воскресениекатолический 4,317488 0,003862
город 0,013423 0,000012
разблокировать 0,013423 0,000036
фотография 0,013423 0,000012
следовать 2,014903 0,003604
час 0,013423 0,000048
чат 0,013423 0,000024
легко 1,791759 0,001603
новостеймолния 0,013423 0,000012
написать 0,013423 0,000012
зависимость 1,966113 0,001759
соглашаться 0,013423 0,000012
сначала 0,013423 0,000012
рецептыпасхаобществороссиярелигиясветлый 4,317488 0,003862
симптом 3,624341 0,003242
показать 0,013423 0,000012
пароль 0,013423 0,000132
удалить 0,013423 0,000048
вход 0,013423 0,000024
рекомендоваться 3,218876 0,005758
описать 0,013423 0,000012
размещение 0,013423 0,000012
полчаса 3,401197 0,003042
сколько 0,006689 0,000006
проветривать 5,010635 0,004482
нержавеющий 5,010635 0,004482
оттенок 2,612740 0,009348
иметь 1,544899 0,001382
полностью 2,014903 0,003604
подтверждать 0,013423 0,000012
плита 3,064725 0,002741
гаврилов 0,013423 0,000012
учредитель 0,013423 0,000012
ссылка 0,013423 0,000048
возникать 3,064725 0,002741
коммуникация 0,013423 0,000012
минута 1,226446 0,003291
инструкция 1,966113 0,012310
мой 0,013423 0,000060
каркад 3,401197 0,009127
выложить 2,708050 0,004844
момент 2,014903 0,001802
помочь 0,013423 0,000012
любимый 2,813411 0,002516
бюджетный 3,064725 0,002741
описание 0,013423 0,000012
метод 2,931194 0,002622
процесс 0,013423 0,000036
желательно 3,912023 0,003499
залить 2,445686 0,004375
роскомнадзор 0,013423 0,000012
куриный 2,371578 0,002121
технология 0,013423 0,000024
растрескаться 5,010635 0,004482
христов 2,708050 0,019378
москва 0,006689 0,000018
воспользоваться 0,013423 0,000048
крашеный 4,317488 0,003862
подойти 2,813411 0,005033
блёстка 4,317488 0,007724
сорт 2,931194 0,002622
добавлять 1,919593 0,001717
результат 1,714798 0,001534
влиять 2,445686 0,008750
виноград 5,010635 0,004482
далее 0,013423 0,000024
поставить 2,014903 0,001802
хотеть 0,006689 0,000006
открывать 0,013423 0,000024
перейти 0,013423 0,000012
подготовка 2,177422 0,005843
салфетка 3,401197 0,006084
алёна 3,624341 0,009725
стать 0,851752 0,001524
нужно 1,455287 0,001302
обтирать 5,010635 0,004482
возможно 2,708050 0,002422
оглавление 1,791759 0,001603
приобретать 3,064725 0,002741
обращение 0,013423 0,000036
десятка 2,525729 0,002259
бархатистый 4,317488 0,003862
огонь 1,966113 0,001759
обработка 0,013423 0,000072
массовый 0,013423 0,000012
это 0,013423 0,000012
вкус 1,752539 0,007838
новость 0,006689 0,000054
варка 3,401197 0,006084
стоить 1,678431 0,001501
эффект 3,401197 0,006084
эмалировать 3,912023 0,003499
менять 2,525729 0,002259
зарегистрироваться 0,013423 0,000060
пожаловаться 0,006689 0,000006
сладкое 3,401197 0,003042
войти 0,006689 0,000024
комнатный 3,064725 0,005483
темеврач 4,317488 0,003862
эл 0,013423 0,000012
защита 0,013423 0,000048
луковый 3,912023 0,006998
регистрация 0,013423 0,000060
почему 0,013423 0,000072
восстановление 0,013423 0,000048
вино 3,624341 0,071320
органический 5,010635 0,004482
вина 2,371578 0,044547
пыль 4,317488 0,003862
добавить 1,514128 0,001354
красный 1,966113 0,008793
испортить 3,912023 0,003499
литр 3,401197 0,009127
вконтакте 0,013423 0,000024
логин 0,013423 0,000012
конфиденциальность 0,013423 0,000048
нарушение 0,013423 0,000036
навсегда 0,013423 0,000012
подарить 3,218876 0,002879
путин 1,373049 0,001228
действие 0,013423 0,000012
общий 2,014903 0,005407
равномерно 3,218876 0,002879
релиз 0,013423 0,000012
назад 0,013423 0,000060
пасхапасха 3,912023 0,003499
список 0,013423 0,000012
обязательный 0,013423 0,000084
ошибка 0,013423 0,000036
значение 2,238047 0,004004
проварить 3,912023 0,003499
кладбище 3,624341 0,003242
вопрос 0,006689 0,000048
зубовский 0,013423 0,000024
набирать 5,010635 0,004482
заполнить 0,013423 0,000084
традиция 1,919593 0,003434
крышка 3,218876 0,002879
ваш 0,013423 0,000192
общество 0,257045 0,000690
имя 0,013423 0,000060
главное 1,609438 0,002879
рекомендация 2,708050 0,007267
возникнуть 2,931194 0,002622
срок 0,013423 0,000024
промыть 2,612740 0,002337
основание 0,013423 0,000012
издание 0,013423 0,000012
бульвар 0,013423 0,000024
сетевой 0,013423 0,000012
использование 0,013423 0,000036
вновь 0,013423 0,000012
сменить 0,013423 0,000012
материал 0,013423 0,000108
участвовать 0,013423 0,000024
сообщить 0,013423 0,000012
выбирать 2,014903 0,001802
красить 2,931194 0,007865
быть 0,013423 0,000036
пошаговый 1,455287 0,007810
успешно 0,013423 0,000012
скриншот 0,013423 0,000036
истечь 0,013423 0,000012
лента 0,006689 0,000012
яйцо 1,966113 0,079137
переливаться 4,317488 0,003862
сфера 0,013423 0,000012
электронный 0,013423 0,000012
винный 4,317488 0,003862
мочь 1,399717 0,001252
этот 1,514128 0,001354
свидетельство 0,013423 0,000012
комментирование 0,013423 0,000024
блокироваться 0,013423 0,000012
друг 2,612740 0,004674
налётом 5,010635 0,004482
изготовить 3,912023 0,003499
правило 0,013423 0,000060
сохранить 0,013423 0,000012
яйцопутин 4,317488 0,003862
взаимодействие 0,013423 0,000036
применение 0,013423 0,000012
кипение 2,931194 0,005244
дать 0,013423 0,000036
сербский 3,624341 0,006484
пресс 0,013423 0,000012
согласный 0,013423 0,000036
персональный 0,013423 0,000096
действовать 2,445686 0,002188
перетянуть 0,013423 0,000012
смочь 0,006689 0,000006
использоваться 0,006689 0,000006
яичный 3,064725 0,005483
готовый 0,006689 0,000018
важно 2,120264 0,001896
дата 0,006689 0,000006
традиционный 1,919593 0,003434
цвет 2,238047 0,006005
одноклассник 0,013423 0,000024
недопустимый 0,013423 0,000012
вы 0,013423 0,000012
оставить 1,966113 0,007034
фио 0,013423 0,000012
затонировать 5,010635 0,004482
патриарх 3,218876 0,005758
восстановить 0,013423 0,000012
пожалуйста 0,013423 0,000012
необходимо 1,791759 0,001603
просто 1,714798 0,001534
версия 0,013423 0,000012
ниже 0,013423 0,000036
снижать 3,218876 0,002879
россия 0,006689 0,000084
аккуратно 2,813411 0,002516
свой 0,867501 0,000776
зарегистрировать 0,013423 0,000012
розовый 3,912023 0,013997
популярный 1,752539 0,004703
космический 3,912023 0,003499
назвать 1,347074 0,001205
кристаллик 4,317488 0,003862
сайт 0,013423 0,000036
поле 0,013423 0,000096
правильно 2,066196 0,007392
галочка 0,013423 0,000012
заблокировать 0,013423 0,000024
перетащить 0,013423 0,000036
крашенок 5,010635 0,004482
мелкий 2,371578 0,006364
спиртное 5,010635 0,004482
поддерживаетсяполучить 0,013423 0,000012
адрес 0,013423 0,000060
другой 0,013423 0,000036
соответствие 0,013423 0,000024
унитарный 0,013423 0,000036
популярность 2,612740 0,002337
давать 0,013423 0,000024
отправка 0,013423 0,000012
полусладкое 5,010635 0,004482
окрасить 4,317488 0,007724
загрузить 0,013423 0,000024
направление 0,013423 0,000012
телефон 0,013423 0,000012
сода 3,912023 0,003499
редакция 0,013423 0,000036
чёрный 2,238047 0,002002
иначе 2,931194 0,002622
сухой 2,813411 0,002516
праздник 1,427116 0,001276
должный 0,013423 0,000024
термический 3,624341 0,003242
автор 0,013423 0,000012
старый 0,013423 0,000012
сообщение 0,013423 0,000168
достать 3,218876 0,002879
лёгкий 2,120264 0,001896
вымыть 3,401197 0,003042
бумажный 3,401197 0,003042
подтвердить 0,013423 0,000012
обновить 0,985284 0,000881
порфирий 3,624341 0,003242
снять 2,371578 0,002121
остужаться 5,010635 0,004482
светлый 2,612740 0,016359
пасха 2,525729 0,058738
посуда 2,813411 0,007549
испаряться 5,010635 0,008964
предмет 2,302585 0,002060
авторизация 0,013423 0,000012
религия 0,283247 0,000760
рейтинг 0,006689 0,000006
форма 0,013423 0,000144
поверхность 2,813411 0,002516
брать 2,445686 0,002188
получаться 2,708050 0,002422
статья 0,013423 0,000012
перламутровый 4,317488 0,003862
повод 3,401197 0,003042
оригинальный 2,238047 0,004004
ходить 2,813411 0,002516
редактор 0,013423 0,000012
фгуп 0,499776 0,001341
получить 0,985284 0,002644
контакт 0,013423 0,000012
внутрь 5,010635 0,004482
тема 0,013423 0,000036
государственный 0,013423 0,000036
дискуссия 0,013423 0,000024
около 2,177422 0,001948
сделать 1,226446 0,001097
связанный 0,013423 0,000024
служба 0,006689 0,000006
риа 0,006689 0,000042
заметить 0,013423 0,000012
закрытый 0,013423 0,000012
обращать 0,013423 0,000012
рекомендательный 0,013423 0,000012
бордовый 3,912023 0,003499
белый 2,371578 0,012728
алкоголь 3,624341 0,003242
разный 1,484275 0,001328
довести 2,931194 0,002622
прокипятить 3,912023 0,003499
трещина 3,912023 0,010497
год 0,006689 0,000024
упаковка 3,912023 0,003499
международный 0,013423 0,000036
кальций 5,010635 0,004482
осыпаться 5,010635 0,004482
который 0,603916 0,001621
поэтому 2,014903 0,003604
сахар 2,525729 0,004518
карбонат 4,317488 0,003862
мерцание 4,317488 0,003862
агентство 0,013423 0,000048
приготовление 1,484275 0,003983
авторизоваться 0,013423 0,000024
выбрать 0,013423 0,000072
рассказать 0,933098 0,000835
сегодня 0,013423 0,000096
просить 0,013423 0,000012
температура 2,445686 0,004375
такой 1,098612 0,000983
крашенка 4,317488 0,019309
новыесначала 0,013423 0,000012
нужный 1,643339 0,001470
примерно 2,177422 0,003895
свет 2,708050 0,002422
шапка 0,013423 0,000012
отправить 0,013423 0,000168
покрыться 4,317488 0,003862
поздравить 2,525729 0,002259
продолжить 0,006689 0,000006
изготовление 4,317488 0,007724
решение 0,006689 0,000006
ознакомить 0,013423 0,000012
необычный 2,014903 0,001802
вакансия 0,013423 0,000012
мы 0,013423 0,000084
проставлять 0,013423 0,000012
участие 0,006689 0,000006
утверждать 2,302585 0,002060
аккаунт 0,013423 0,000060
свежий 2,066196 0,001848
обсуждение 0,013423 0,000024
использовать 0,013423 0,000024
опечатка 0,013423 0,000012
образоваться 3,218876 0,005758
блестеть 5,010635 0,017927
онлайн 0,013423 0,000012
воскресение 2,612740 0,016359
почта 0,013423 0,000084
блокировка 0,013423 0,000048
рецепт 1,118815 0,005004
осуществляться 0,013423 0,000012
история 1,139434 0,002038
апрель 0,013423 0,000060
появление 2,525729 0,002259
фамилия 0,013423 0,000012
краситель 3,624341 0,016209
содержаться 3,218876 0,002879
яндекс 0,013423 0,000024
прикасаться 5,010635 0,004482
либо 0,013423 0,000012
напиток 2,371578 0,008485
остыть 2,525729 0,002259
понадобиться 2,813411 0,007549
федеральный 0,013423 0,000048
нажимать 0,013423 0,000012
куркума 4,317488 0,007724
накрыть 3,218876 0,002879
поиск 0,013423 0,000012
пасхальный 2,931194 0,005244
попробовать 0,013423 0,000012
заполнение 0,013423 0,000084
внимание 0,013423 0,000012
принимать 0,013423 0,000012
условие 1,321756 0,001182
осмотреть 5,010635 0,004482
кислота 3,064725 0,005483
выпуск 0,013423 0,000012
шелуха 4,317488 0,007724
подготовить 2,120264 0,001896
надзор 0,013423 0,000012
окрашивание 3,912023 0,017496
способ 0,013423 0,000060
предприятие 0,013423 0,000036
какой 1,399717 0,003756
обратный 0,013423 0,000084
продукт 0,135438 0,000242
произойти 0,013423 0,000012
никак 3,064725 0,002741
заранее 2,708050 0,002422
