придумать 2,931194 0,020883
специальный 1,514128 0,009807
рф 1,181994 0,000766
владлен 5,010635 0,003245
законный 0,013423 0,000009
новый 0,006689 0,000017
день 0,591795 0,000383
найти 0,013423 0,000009
паводок 4,317488 0,002796
письмо 0,013423 0,000017
невероятный 3,401197 0,002203
происходить 2,177422 0,001410
спасибо 0,013423 0,000009
расширить 0,006689 0,000004
согласие 0,013423 0,000017
центр 0,166448 0,000108
петербург 2,302585 0,004474
рискнуть 5,010635 0,003245
доступ 0,013423 0,000017
пойти 2,708050 0,001754
миа 0,013423 0,000017
народный 2,177422 0,012692
задать 0,013423 0,000009
помощь 1,321756 0,003424
спасать 3,912023 0,007601
связаться 0,013423 0,000052
квадроцикл 5,010635 0,003245
сто 3,912023 0,002534
обжечь 5,010635 0,003245
человек 1,118815 0,050723
производство 2,612740 0,001692
вода 1,576648 0,001021
г 0,013423 0,000017
подробный 2,813411 0,001822
реклама 0,013423 0,000017
фото 0,013423 0,000009
политика 0,013423 0,000043
связь 0,006689 0,000035
к 2,177422 0,001410
о 0,013423 0,000009
санкт 2,525729 0,003272
нога 3,218876 0,002085
областьдонецкий 5,010635 0,009736
студент 3,912023 0,002534
мотоцикл 4,317488 0,002796
течение 0,013423 0,000009
область 1,427116 0,012016
пекло 5,010635 0,003245
многодетный 3,912023 0,007601
француженка 5,010635 0,003245
диагноз 4,317488 0,005593
мир 0,223144 0,000145
херсонский 4,317488 0,002796
весь 1,021651 0,001323
пройти 0,006689 0,000009
черекский 5,010635 0,003245
заголовок 0,013423 0,000017
курилы 4,317488 0,005593
информационный 0,013423 0,000035
житель 2,612740 0,016922
маскировочный 5,010635 0,009736
выживать 4,317488 0,002796
рассмотреть 0,013423 0,000009
расположить 0,013423 0,000017
боец 3,401197 0,052868
бывший 2,302585 0,001491
время 0,013423 0,000009
кнопка 0,013423 0,000009
забыть 3,218876 0,004170
добиваться 5,010635 0,003245
поверить 5,010635 0,006490
прислать 3,401197 0,002203
новгород 3,218876 0,002085
данный 2,014903 0,001305
республика 2,302585 0,005965
подарок 2,931194 0,005695
сильный 1,919593 0,001243
ранее 0,013423 0,000009
проблема 0,013423 0,000035
главный 0,013423 0,000017
подкаст 0,292136 0,000189
данные 0,013423 0,000070
фронт 3,064725 0,049623
отрезать 3,624341 0,002347
татарский 5,010635 0,003245
областьорелединый 5,010635 0,003245
украина 1,160488 0,007516
разведчик 3,624341 0,004695
город 0,013423 0,000017
разблокировать 0,013423 0,000026
фотография 0,013423 0,000009
час 0,013423 0,000017
чат 0,013423 0,000017
отец 2,931194 0,001898
людироссиягеническхерсонский 5,010635 0,003245
новостеймолния 0,013423 0,000009
написать 0,013423 0,000009
соглашаться 0,013423 0,000009
сначала 0,013423 0,000026
начаться 2,813411 0,001822
удмуртский 5,010635 0,003245
эффективно 4,317488 0,002796
колымский 5,010635 0,003245
показать 0,013423 0,000009
победить 3,218876 0,002085
людиорловский 5,010635 0,003245
пароль 0,013423 0,000096
задача 2,177422 0,001410
подмосковье 2,238047 0,001450
удалить 0,013423 0,000035
гуманитарный 3,218876 0,004170
лезть 4,317488 0,002796
мирный 2,525729 0,001636
инженер 4,317488 0,002796
девочка 2,612740 0,001692
вход 0,013423 0,000017
система 1,919593 0,001243
описать 0,013423 0,000009
кубань 4,317488 0,005593
размещение 0,013423 0,000009
сколько 0,006689 0,000004
раненый 5,010635 0,003245
спецоборудование 5,010635 0,006490
один 1,098612 0,000712
пережить 3,624341 0,007042
беженец 5,010635 0,003245
видео 1,832581 0,001187
пожертвовать 4,317488 0,002796
подтверждать 0,013423 0,000009
воспитанник 5,010635 0,006490
гаврилов 0,013423 0,000009
хирург 5,010635 0,003245
учредитель 0,013423 0,000009
гумпомощь 5,010635 0,003245
лишь 2,371578 0,001536
последний 0,899761 0,000583
воронежский 3,912023 0,005067
московский 1,678431 0,001087
зажать 5,010635 0,003245
ссылка 0,013423 0,000035
сторона 1,609438 0,003127
коммуникация 0,013423 0,000009
людихерсонский 5,010635 0,003245
мой 0,013423 0,000043
носовсовет 5,010635 0,003245
помочь 0,013423 0,000043
архив 0,190354 0,000123
подросток 4,317488 0,005593
описание 0,013423 0,000009
грозить 2,612740 0,001692
процесс 0,013423 0,000009
областьвладимир 5,010635 0,003245
школьница 5,010635 0,003245
немалый 5,010635 0,003245
тыл 4,317488 0,005593
говорить 1,714798 0,001111
делать 1,427116 0,002773
роскомнадзор 0,013423 0,000009
технология 0,013423 0,000017
остаться 1,919593 0,001243
уйти 3,218876 0,002085
актриса 3,401197 0,002203
лнр 4,317488 0,005593
случиться 3,218876 0,002085
москва 0,006689 0,000035
сломать 3,912023 0,002534
воспользоваться 0,013423 0,000035
людиобщероссийский 5,010635 0,003245
врач 2,014903 0,001305
спина 3,624341 0,002347
запорожский 3,912023 0,002534
отдача 5,010635 0,003245
мобильный 2,708050 0,003508
казачий 5,010635 0,003245
деньга 2,066196 0,001338
урал 3,064725 0,001985
рфединый 5,010635 0,003245
энергетика 3,064725 0,003970
далее 0,013423 0,000017
удивить 3,218876 0,002085
детектор 5,010635 0,006490
утром 3,218876 0,002085
бывать 3,218876 0,004170
провожать 5,010635 0,003245
страшно 5,010635 0,003245
единый 2,177422 0,005641
белгородчин 5,010635 0,003245
хотеть 0,006689 0,000004
людикабардино 5,010635 0,003245
открывать 0,013423 0,000017
зона 2,371578 0,019968
возить 4,317488 0,002796
потратить 3,624341 0,002347
перейти 0,013423 0,000009
освободить 2,708050 0,003508
сын 3,624341 0,002347
решать 3,912023 0,005067
стать 0,851752 0,001103
нужно 1,455287 0,000943
вчера 1,576648 0,002042
фейк 5,010635 0,003245
голый 4,317488 0,002796
обращение 0,013423 0,000026
отечество 3,401197 0,002203
операция 1,752539 0,011351
выручать 4,317488 0,002796
восстанавливать 3,624341 0,002347
позывной 4,317488 0,002796
это 0,013423 0,000061
массовый 0,013423 0,000017
спецпроект 0,190354 0,000123
обработка 0,013423 0,000043
поддерживать 2,371578 0,001536
донбасс 2,612740 0,011845
ветеран 3,401197 0,013217
сахалинский 3,912023 0,002534
атаман 5,010635 0,003245
новость 0,006689 0,000017
взять 1,832581 0,001187
реабилитация 3,401197 0,002203
жертвовать 5,010635 0,003245
областьсеверо 5,010635 0,003245
жизнь 1,714798 0,004442
научиться 5,010635 0,003245
зарегистрироваться 0,013423 0,000043
пожаловаться 0,006689 0,000004
партизанить 5,010635 0,003245
войти 0,006689 0,000017
дорога 3,064725 0,001985
областьсергей 5,010635 0,003245
спецоперация 2,445686 0,001584
наладить 3,912023 0,005067
республикабоевой 5,010635 0,003245
учить 4,317488 0,002796
эл 0,013423 0,000009
радио 0,274437 0,000178
защита 0,013423 0,000035
регистрация 0,013423 0,000043
почему 0,013423 0,000017
водовоз 5,010635 0,003245
тюмень 5,010635 0,003245
восстановление 0,013423 0,000035
мгер 5,010635 0,003245
заключить 3,064725 0,001985
белгородский 5,010635 0,003245
воевать 2,813411 0,001822
доехать 5,010635 0,003245
вконтакте 0,013423 0,000017
ждать 1,919593 0,002487
логин 0,013423 0,000009
конфиденциальность 0,013423 0,000035
нарушение 0,013423 0,000026
навсегда 0,013423 0,000009
подарить 3,218876 0,002085
оренбург 4,317488 0,002796
казачество 4,317488 0,002796
путин 1,373049 0,000889
защитник 3,218876 0,002085
действие 0,013423 0,000009
медик 3,624341 0,002347
релиз 0,013423 0,000009
назад 0,013423 0,000043
первый 0,883501 0,000572
список 0,013423 0,000009
остановиться 4,317488 0,002796
техника 2,708050 0,003508
районкабардино 5,010635 0,003245
дед 3,912023 0,002534
носов 5,010635 0,006490
работник 3,401197 0,002203
обязательный 0,013423 0,000061
ошибка 0,013423 0,000035
февраль 0,567984 0,005886
идти 1,919593 0,001243
вопрос 0,006689 0,000022
повсюду 5,010635 0,003245
зубовский 0,013423 0,000017
никто 2,445686 0,001584
юрист 2,371578 0,001536
заполнить 0,013423 0,000061
рэб 4,317488 0,002796
активист 5,010635 0,003245
людиобществороссиядонецкий 5,010635 0,003245
ваш 0,013423 0,000156
имя 0,013423 0,000052
общество 0,257045 0,000166
губернатор 4,317488 0,002796
так 2,525729 0,001636
ставить 3,218876 0,002085
федерация 2,066196 0,001338
детсад 5,010635 0,006490
срок 0,013423 0,000017
основание 0,013423 0,000009
издание 0,013423 0,000009
бульвар 0,013423 0,000017
сетевой 0,013423 0,000009
белгород 5,010635 0,006490
столкнуться 3,401197 0,008811
использование 0,013423 0,000009
вновь 0,013423 0,000009
самый 0,967584 0,001880
сменить 0,013423 0,000009
сапёр 5,010635 0,003245
материал 0,013423 0,000078
участвовать 0,013423 0,000017
сообщить 0,013423 0,000009
выезд 3,912023 0,002534
быть 0,013423 0,000009
успешно 0,013423 0,000009
устать 3,912023 0,002534
курск 5,010635 0,003245
скриншот 0,013423 0,000026
автомобиль 2,612740 0,001692
оторвать 5,010635 0,003245
истечь 0,013423 0,000009
боевой 3,218876 0,004170
лента 0,006689 0,000009
ростовский 3,401197 0,002203
летать 5,010635 0,003245
линия 2,813411 0,003644
партия 3,912023 0,005067
сфера 0,013423 0,000009
электронный 0,013423 0,000009
людиобществобоевой 5,010635 0,003245
спорт 0,190354 0,000123
район 2,525729 0,003272
учитель 4,317488 0,005593
тамбов 4,317488 0,002796
областьандрей 5,010635 0,003245
россиявладимир 4,317488 0,002796
мочь 1,399717 0,002720
выполнять 3,218876 0,002085
этот 1,514128 0,000981
сам 1,875141 0,001214
турчак 5,010635 0,003245
свидетельство 0,013423 0,000009
комментирование 0,013423 0,000017
переехать 5,010635 0,003245
сбу 3,912023 0,002534
блокироваться 0,013423 0,000009
далёкий 3,218876 0,002085
правило 0,013423 0,000043
сохранить 0,013423 0,000009
донецк 5,010635 0,006490
тяжелораненый 5,010635 0,003245
известный 2,066196 0,001338
заново 5,010635 0,003245
применение 0,013423 0,000009
взаимодействие 0,013423 0,000017
снайпер 4,317488 0,002796
дать 0,013423 0,000017
пресс 0,013423 0,000017
согласный 0,013423 0,000026
персональный 0,013423 0,000070
оружие 2,445686 0,001584
якушевалександр 5,010635 0,006490
перетянуть 0,013423 0,000009
организовать 2,931194 0,001898
смочь 0,006689 0,000004
использоваться 0,006689 0,000004
питерский 5,010635 0,003245
отправлять 3,624341 0,002347
готовый 0,006689 0,000009
гораздо 3,218876 0,004170
чужой 3,624341 0,002347
дата 0,006689 0,000004
вернуться 2,445686 0,001584
решиться 4,317488 0,016778
одноклассник 0,013423 0,000017
недопустимый 0,013423 0,000009
вы 0,013423 0,000009
фио 0,013423 0,000009
республикасергей 5,010635 0,003245
восстановить 0,013423 0,000009
пожалуйста 0,013423 0,000009
сво 1,919593 0,039784
российский 0,883501 0,000572
спасатель 3,912023 0,002534
просто 1,714798 0,001111
версия 0,013423 0,000009
ниже 0,013423 0,000026
людироссияанный 5,010635 0,003245
балкарский 5,010635 0,006490
россия 0,006689 0,000061
перестать 5,010635 0,003245
испугаться 4,317488 0,002796
эвакуировать 5,010635 0,003245
застенок 5,010635 0,003245
лечить 4,317488 0,002796
передышка 5,010635 0,003245
рано 3,624341 0,002347
тег 0,190354 0,000123
свой 0,867501 0,000562
зарегистрировать 0,013423 0,000009
тревожный 3,912023 0,002534
груз 5,010635 0,006490
плен 4,317488 0,002796
киров 5,010635 0,003245
сидякинединый 5,010635 0,006490
областьмолодать 5,010635 0,003245
ехать 5,010635 0,006490
цена 1,966113 0,001273
сайт 0,013423 0,000026
поле 0,013423 0,000070
сладость 2,445686 0,001584
полезный 0,143101 0,000093
галочка 0,013423 0,000009
заблокировать 0,013423 0,000017
перетащить 0,013423 0,000026
стоматолог 4,317488 0,005593
волонтёр 4,317488 0,044741
страшный 5,010635 0,006490
предприниматель 3,912023 0,002534
туризм 0,283247 0,000183
россиимгер 5,010635 0,003245
поддерживаетсяполучить 0,013423 0,000009
адрес 0,013423 0,000043
другой 0,013423 0,000026
соответствие 0,013423 0,000017
курильскдонецкий 5,010635 0,003245
унитарный 0,013423 0,000026
долг 2,445686 0,001584
тяжело 3,624341 0,002347
оставаться 2,238047 0,002899
прошедшее 3,624341 0,002347
давать 0,013423 0,000017
отправка 0,013423 0,000009
загрузить 0,013423 0,000017
сеть 2,371578 0,004608
алтайкурский 5,010635 0,003245
направление 0,013423 0,000009
телефон 0,013423 0,000009
редакция 0,013423 0,000026
иначе 2,931194 0,001898
пленный 5,010635 0,003245
фура 5,010635 0,003245
должный 0,013423 0,000009
дрон 2,931194 0,013289
число 1,643339 0,001064
донецкий 3,218876 0,002085
автор 0,013423 0,000009
старый 0,013423 0,000009
сообщение 0,013423 0,000122
братство 5,010635 0,006490
возвращаться 2,931194 0,001898
жительница 4,317488 0,002796
ребёнок 1,514128 0,000981
происшествие 0,292136 0,000189
днр 3,912023 0,002534
подтвердить 0,013423 0,000009
доход 3,218876 0,002085
доброволец 3,912023 0,002534
людиалександр 5,010635 0,003245
депутат 3,218876 0,004170
спрос 3,401197 0,002203
краснодар 3,624341 0,002347
война 2,238047 0,002899
авторизация 0,013423 0,000009
религия 0,283247 0,000183
рейтинг 0,006689 0,000004
форма 0,013423 0,000104
сплести 5,010635 0,006490
ожидать 2,612740 0,001692
лимаренкомолодать 5,010635 0,003245
цивилевавладимир 5,010635 0,003245
культура 0,292136 0,000189
поставка 3,624341 0,002347
уязвимый 4,317488 0,005593
крым 3,624341 0,002347
валерий 3,064725 0,001985
несмотря 2,708050 0,001754
костюм 4,317488 0,002796
статья 0,013423 0,000009
подвиг 5,010635 0,003245
якушевсергей 5,010635 0,003245
музыка 3,401197 0,002203
недвижимость 0,292136 0,000189
гусев 3,624341 0,002347
неизвестный 3,624341 0,002347
морально 5,010635 0,003245
взрослеть 5,010635 0,003245
наш 1,919593 0,002487
редактор 0,013423 0,000009
ранний 2,612740 0,001692
фашист 5,010635 0,003245
школьник 3,218876 0,002085
аптечка 5,010635 0,003245
заходить 4,317488 0,002796
орловский 3,912023 0,005067
контакт 0,013423 0,000009
республикахерсонский 4,317488 0,002796
людимагаданский 5,010635 0,016226
тема 0,013423 0,000026
сервис 0,174353 0,000113
государственный 0,013423 0,000026
оказаться 2,525729 0,001636
людитюменьтюменский 5,010635 0,003245
передать 2,612740 0,006769
дискуссия 0,013423 0,000017
алтай 3,624341 0,002347
бандеровец 4,317488 0,002796
сделать 1,226446 0,001589
связанный 0,013423 0,000017
авдеевка 5,010635 0,003245
служба 0,006689 0,000004
риа 0,006689 0,000009
заметить 0,013423 0,000009
тонна 3,624341 0,004695
закрытый 0,013423 0,000009
предупредить 2,708050 0,003508
обращать 0,013423 0,000009
рекомендательный 0,013423 0,000009
дрг 5,010635 0,003245
год 0,006689 0,000017
движение 2,813411 0,001822
спасти 2,238047 0,004349
разминировать 5,010635 0,003245
второклассник 5,010635 0,003245
международный 0,013423 0,000026
мать 3,401197 0,004406
магаданский 4,317488 0,013982
стараться 2,813411 0,001822
выживание 5,010635 0,003245
решить 1,919593 0,001243
мариуполь 4,317488 0,005593
онкобольной 5,010635 0,003245
передовой 3,624341 0,007042
агентство 0,013423 0,000035
семь 2,708050 0,001754
критический 3,624341 0,002347
дончанин 5,010635 0,003245
авторизоваться 0,013423 0,000017
выбрать 0,013423 0,000026
республикашахтёрск 5,010635 0,003245
сегодня 0,013423 0,000043
просить 0,013423 0,000017
сразу 1,832581 0,002374
такой 1,098612 0,000712
священник 2,525729 0,003272
понять 3,912023 0,005067
коммунальщик 3,064725 0,001985
учёт 2,813411 0,001822
новыесначала 0,013423 0,000009
пенсионерка 4,317488 0,002796
заставить 3,064725 0,001985
суджа 5,010635 0,006490
начало 1,643339 0,001064
шапка 0,013423 0,000009
отправить 0,013423 0,000226
регион 1,919593 0,001243
поздравить 2,525729 0,001636
продолжить 0,006689 0,000004
решение 0,006689 0,000004
рука 1,791759 0,003481
ознакомить 0,013423 0,000009
село 3,064725 0,001985
ради 3,912023 0,020270
военный 1,514128 0,017652
вакансия 0,013423 0,000009
мы 0,013423 0,000078
летний 1,919593 0,002487
проставлять 0,013423 0,000009
фонд 3,064725 0,001985
участие 0,006689 0,000004
аккаунт 0,013423 0,000043
экономика 0,292136 0,000189
глаз 2,931194 0,001898
обсуждение 0,013423 0,000017
выбор 2,066196 0,001338
опечатка 0,013423 0,000009
использовать 0,013423 0,000009
надёжный 2,813411 0,162172
каждый 1,399717 0,000907
отправиться 3,912023 0,002534
охотиться 3,912023 0,002534
онлайн 0,013423 0,000009
неочевидный 5,010635 0,003245
айтишник 5,010635 0,003245
почта 0,013423 0,000061
людиреспублика 5,010635 0,003245
блокировка 0,013423 0,000035
ужас 3,912023 0,005067
осуществляться 0,013423 0,000009
уральский 3,401197 0,002203
история 1,139434 0,001476
людичерекский 5,010635 0,003245
сахалин 5,010635 0,003245
апрель 0,013423 0,000009
фамилия 0,013423 0,000009
яндекс 0,013423 0,000017
владимир 1,373049 0,000889
бог 3,218876 0,002085
либо 0,013423 0,000009
федеральный 0,013423 0,000035
нажимать 0,013423 0,000009
формат 2,120264 0,001373
бой 2,445686 0,003168
гвардия 3,912023 0,007601
тысяча 1,919593 0,002487
семья 2,014903 0,001305
курский 4,317488 0,016778
поиск 0,013423 0,000009
всу 2,238047 0,002899
сотня 3,624341 0,002347
молодой 2,525729 0,001636
вдохновить 5,010635 0,003245
невозможно 2,525729 0,001636
попробовать 0,013423 0,000009
заполнение 0,013423 0,000061
участник 1,752539 0,001135
внимание 0,013423 0,000009
соцконтракт 5,010635 0,003245
принимать 0,013423 0,000009
инвалидность 3,218876 0,002085
помогать 2,445686 0,026928
кубанка 5,010635 0,003245
россиягосдум 5,010635 0,003245
правда 2,612740 0,001692
защитный 5,010635 0,003245
прокурор 4,317488 0,002796
выпуск 0,013423 0,000009
подготовить 2,120264 0,002746
людигерманиясталинградвеликий 5,010635 0,003245
баня 4,317488 0,005593
луганск 3,401197 0,002203
земляк 4,317488 0,002796
опасный 3,401197 0,002203
принять 1,791759 0,001160
людисахалинский 5,010635 0,006490
надзор 0,013423 0,000009
приграничий 4,317488 0,008389
скорый 2,931194 0,001898
предприятие 0,013423 0,000026
способ 0,013423 0,000017
высокий 2,238047 0,001450
наука 0,283247 0,000183
кбр 5,010635 0,016226
браузер 2,612740 0,001692
обратный 0,013423 0,000061
продукт 0,135438 0,000088
произойти 0,013423 0,000009
стая 4,317488 0,002796
