褌褉邪锌械蟹邪 3,624341 0,003856
懈褋褌械褔褜 0,013423 0,000014
锌芯谢褜褋泻懈泄 2,708050 0,002881
斜谢懈薪褔懈泻 3,401197 0,014473
屑邪褋谢械薪懈褑邪 2,120264 0,002256
谢械薪褌邪 0,006689 0,000014
蟹邪泻芯薪薪褘泄 0,013423 0,000014
薪芯胁褘泄 0,006689 0,000028
写械薪褜 0,591795 0,000630
褉褘斜薪褘泄 3,218876 0,003424
邪胁褋褌褉懈泄褋泻懈泄 3,218876 0,003424
薪邪泄褌懈 0,013423 0,000014
锌懈褋褜屑芯 0,013423 0,000029
懈褋锌邪薪褋泻懈泄 3,218876 0,003424
褋褎械褉邪 0,013423 0,000014
褝谢械泻褌褉芯薪薪褘泄 0,013423 0,000014
褋锌邪褋懈斜芯 0,013423 0,000014
褉邪褋褕懈褉懈褌褜 0,006689 0,000007
屑械褋褟褑 1,003302 0,001067
褌褘泻胁械薪薪褘泄 4,317488 0,004593
褋胁懈写械褌械谢褜褋褌胁芯 0,013423 0,000014
褋芯谐谢邪褋懈械 0,013423 0,000029
泻芯屑屑械薪褌懈褉芯胁邪薪懈械 0,013423 0,000029
写芯褋褌褍锌 0,013423 0,000029
斜谢芯泻懈褉芯胁邪褌褜褋褟 0,013423 0,000014
屑懈邪 0,013423 0,000029
蟹邪写邪褌褜 0,013423 0,000014
褋胁褟蟹邪褌褜褋褟 0,013423 0,000086
胁芯写邪 1,576648 0,003355
褌邪泄褋泻懈泄 3,401197 0,003618
锌褉邪胁懈谢芯 0,013423 0,000086
褋芯褏褉邪薪懈褌褜 0,013423 0,000014
谐 0,013423 0,000029
褌械褋褌芯胁褘泄 3,218876 0,003424
褉械泻谢邪屑邪 0,013423 0,000014
褎芯褌芯 0,013423 0,000014
褌胁芯褉芯谐 3,401197 0,003618
锌芯谢懈褌懈泻邪 0,013423 0,000057
褋胁褟蟹褜 0,006689 0,000057
锌褉懈屑械薪械薪懈械 0,013423 0,000014
胁蟹邪懈屑芯写械泄褋褌胁懈械 0,013423 0,000029
芯 0,013423 0,000014
写邪褌褜 0,013423 0,000029
锌褉械褋褋 0,013423 0,000014
褋芯谐谢邪褋薪褘泄 0,013423 0,000043
锌械褉褋芯薪邪谢褜薪褘泄 0,013423 0,000114
锌械褉械褌褟薪褍褌褜 0,013423 0,000014
薪械屑械褑泻懈泄 2,708050 0,002881
褌械褔械薪懈械 0,013423 0,000014
锌邪薪邪蟹懈邪褌褋泻懈泄 3,401197 0,003618
褟谐芯写邪 2,525729 0,002687
褌芯褉褌芯胁褘泄 3,218876 0,003424
褋屑芯褔褜 0,006689 0,000007
懈褋锌芯谢褜蟹芯胁邪褌褜褋褟 0,006689 0,000007
泻懈褌邪泄泻褋泻懈泄 3,401197 0,003618
褋褍锌 2,302585 0,012248
谐芯褌芯胁褘泄 0,006689 0,000014
写邪褌邪 0,006689 0,000007
谐芯褌芯胁泻邪 1,919593 0,002042
锌褉芯泄褌懈 0,006689 0,000007
褌褉邪写懈褑懈芯薪薪褘泄 1,919593 0,002042
蟹邪谐芯谢芯胁芯泻 0,013423 0,000029
芯写薪芯泻谢邪褋褋薪懈泻 0,013423 0,000029
薪械写芯锌褍褋褌懈屑褘泄 0,013423 0,000014
懈薪褎芯褉屑邪褑懈芯薪薪褘泄 0,013423 0,000057
胁褘 0,013423 0,000014
褉械褑械锌褌褘泻褍谢懈薪邪褉懈褟械写邪锌褉芯褋褌褘泄 3,401197 0,003618
褎懈芯 0,013423 0,000014
胁芯褋褋褌邪薪芯胁懈褌褜 0,013423 0,000014
褉褍褋褋泻懈泄 1,118815 0,028565
锌芯卸邪谢褍泄褋褌邪 0,013423 0,000014
褋谢芯卸薪芯褋褌褜 2,371578 0,007569
褌芯薪泻懈泄 2,612740 0,002780
泻邪褉褌芯褕泻邪 2,813411 0,002993
懈褌邪谢褜褟薪褋泻懈泄 2,813411 0,002993
褉邪褋褋屑芯褌褉械褌褜 0,013423 0,000014
泻邪锌褍褋褌邪 2,708050 0,005762
褉邪褋锌芯谢芯卸懈褌褜 0,013423 0,000029
蟹邪锌械泻邪薪泻邪 3,401197 0,003618
泻谢邪褋褋懈褔械褋泻懈泄 1,752539 0,001864
胁褉械屑褟 0,013423 0,000043
胁械褉褋懈褟 0,013423 0,000014
薪懈卸械 0,013423 0,000043
谢械褋薪芯泄 5,010635 0,005330
泻薪芯锌泻邪 0,013423 0,000014
褉芯褋褋懈褟 0,006689 0,000050
锌褉芯褋褌芯泄 1,272966 0,002708
谐芯褉褟褔懈泄 1,966113 0,002092
泻邪胁泻邪蟹泻邪 3,401197 0,003618
写械褋械褉褌 2,525729 0,002687
泻胁邪褕械薪褘泄 4,317488 0,004593
蟹邪褉械谐懈褋褌褉懈褉芯胁邪褌褜 0,013423 0,000014
褉邪薪械械 0,013423 0,000014
谐谢邪胁薪褘泄 0,013423 0,000014
锌褉芯斜谢械屑邪 0,013423 0,000014
写邪薪薪褘械 0,013423 0,000114
褌褍褉械褑泻懈泄 3,401197 0,003618
胁褘锌械褔泻邪 2,612740 0,013898
斜械谢芯褉褍褋褋泻懈泄 3,218876 0,003424
谐芯褉芯写 0,013423 0,000014
褉邪蟹斜谢芯泻懈褉芯胁邪褌褜 0,013423 0,000043
褎芯褌芯谐褉邪褎懈褟 0,013423 0,000014
褋邪泄褌 0,013423 0,000043
锌芯谢械 0,013423 0,000114
邪褉屑褟薪褋泻懈泄 2,708050 0,002881
褔邪褋 0,013423 0,000114
邪屑械褉懈泻邪薪褋泻懈泄 1,966113 0,002092
褔邪褌 0,013423 0,000029
谢械谐泻芯 1,791759 0,007625
褋谢邪写芯褋褌褜 2,445686 0,002602
胁械谢懈泻懈泄 2,120264 0,002256
锌芯谢械蟹薪褘泄 0,143101 0,000152
薪芯胁芯褋褌械泄屑芯谢薪懈褟 0,013423 0,000014
薪邪锌懈褋邪褌褜 0,013423 0,000014
谐邪谢芯褔泻邪 0,013423 0,000014
褋谢芯卸薪褘泄 1,966113 0,002092
蟹邪斜谢芯泻懈褉芯胁邪褌褜 0,013423 0,000029
锌械褉械褌邪褖懈褌褜 0,013423 0,000043
褋芯谐谢邪褕邪褌褜褋褟 0,013423 0,000014
褋薪邪褔邪谢邪 0,013423 0,000014
胁褜械褌薪邪屑褋泻懈泄 3,218876 0,003424
锌芯写写械褉卸懈胁邪械褌褋褟锌芯谢褍褔懈褌褜 0,013423 0,000014
邪写褉械褋 0,013423 0,000071
写褉褍谐芯泄 0,013423 0,000043
褋芯芯褌胁械褌褋褌胁懈械 0,013423 0,000029
褍薪懈褌邪褉薪褘泄 0,013423 0,000043
写邪胁邪褌褜 0,013423 0,000029
锌芯泻邪蟹邪褌褜 0,013423 0,000014
芯褌锌褉邪胁泻邪 0,013423 0,000014
泻邪斜邪褔泻芯胁褘泄 3,912023 0,004162
蟹邪谐褉褍蟹懈褌褜 0,013423 0,000029
薪邪锌褉邪胁谢械薪懈械 0,013423 0,000014
芯褋薪芯胁薪褘泄 1,791759 0,001906
褌械谢械褎芯薪 0,013423 0,000014
锌邪褉芯谢褜 0,013423 0,000157
褉械写邪泻褑懈褟 0,013423 0,000043
薪邪褋褘锌薪芯泄 4,317488 0,004593
褍写邪谢懈褌褜 0,013423 0,000057
锌械褉械泻褍褋 3,064725 0,003260
锌懈褌邪薪懈械 2,302585 0,002450
锌懈褉芯谐 3,064725 0,013041
锌褉邪蟹写薪懈泻 1,427116 0,001518
胁褏芯写 0,013423 0,000029
写芯谢卸薪褘泄 0,013423 0,000014
芯锌懈褋邪褌褜 0,013423 0,000014
褉邪蟹屑械褖械薪懈械 0,013423 0,000014
褋泻芯谢褜泻芯 0,006689 0,000007
邪胁褌芯褉 0,013423 0,000014
褋褌邪褉褘泄 0,013423 0,000014
褋芯芯斜褖械薪懈械 0,013423 0,000200
锌芯褋褌薪褘泄 2,931194 0,003118
褋泻邪薪写懈薪邪胁褋泻懈泄 3,401197 0,003618
褌芯褉褌 3,624341 0,003856
泻褍褏薪懈锌褉邪蟹写薪芯胁邪薪懈械 5,010635 0,021322
褋芯褍褋 2,525729 0,002687
锌芯写褌胁械褉写懈褌褜 0,013423 0,000014
谐邪褉薪懈褉 3,218876 0,003424
斜褉懈褌邪薪褋泻懈泄 2,371578 0,002523
谐褉褍蟹懈薪褋泻懈泄 2,813411 0,002993
斜褍褌械褉斜褉芯写 2,525729 0,002687
泻褍褏薪懈褉械褑械锌褌褘褉械褑械锌褌 3,912023 0,020809
屑邪褋谢械薪懈褑褘褉械褑械锌褌 5,010635 0,005330
褋屑械褌邪薪邪 2,708050 0,005762
蟹邪泻褍褋芯泻褉械褑械锌褌褘薪芯胁芯谐芯写薪懈泄 5,010635 0,005330
谐褉械褔械褋泻懈泄 2,612740 0,002780
锌芯写褌胁械褉卸写邪褌褜 0,013423 0,000014
谐邪胁褉懈谢芯胁 0,013423 0,000014
褍褔褉械写懈褌械谢褜 0,013423 0,000014
邪胁褌芯褉懈蟹邪褑懈褟 0,013423 0,000014
褉械泄褌懈薪谐 0,006689 0,000007
褎芯褉屑邪 0,013423 0,000171
锌芯褋谢械写薪懈泄 0,899761 0,000957
械胁褉械泄褋泻懈泄 3,218876 0,003424
褋褋褘谢泻邪 0,013423 0,000057
泻芯屑屑褍薪懈泻邪褑懈褟 0,013423 0,000014
屑懈薪褍褌邪 1,226446 0,013047
屑芯泄 0,013423 0,000071
褉邪褋褌懈褌械谢褜薪褘泄 2,931194 0,003118
邪褉芯屑邪褌薪褘泄 2,302585 0,002450
锌芯屑芯褔褜 0,013423 0,000014
褋褌邪褌褜褟 0,013423 0,000014
褋邪谢邪褌 2,120264 0,002256
芯锌懈褋邪薪懈械 0,013423 0,000014
锌褉芯褑械褋褋 0,013423 0,000014
褋褉械写懈蟹械屑薪芯屑芯褉褋泻懈泄 3,218876 0,003424
邪蟹懈邪褌褋泻懈泄 3,218876 0,003424
褉芯褋泻芯屑薪邪写蟹芯褉 0,013423 0,000014
写褉芯卸卸懈 3,401197 0,007237
褌械褏薪芯谢芯谐懈褟 0,013423 0,000029
褉械写邪泻褌芯褉 0,013423 0,000014
斜芯褉褖 3,624341 0,003856
胁芯褋褌芯褔薪褘泄 2,708050 0,002881
泻芯薪褌邪泻褌 0,013423 0,000014
屑芯褋泻胁邪 0,006689 0,000014
胁芯褋锌芯谢褜蟹芯胁邪褌褜褋褟 0,013423 0,000057
褌械屑邪 0,013423 0,000043
卸邪褉械薪褘泄 3,401197 0,003618
谐芯褋褍写邪褉褋褌胁械薪薪褘泄 0,013423 0,000043
写懈褋泻褍褋褋懈褟 0,013423 0,000029
锌芯褉褌褍谐邪谢褜褋泻懈泄 3,401197 0,003618
邪卸褍褉薪褘泄 3,218876 0,003424
褋胁褟蟹邪薪薪褘泄 0,013423 0,000029
褋谢褍卸斜邪 0,006689 0,000007
褉懈邪 0,006689 0,000014
褋褍锌芯胁褉械褑械锌褌 5,010635 0,005330
蟹邪屑械褌懈褌褜 0,013423 0,000014
蟹邪泻褍褋泻邪 2,302585 0,007349
蟹邪泻褉褘褌褘泄 0,013423 0,000014
褋谢懈胁泻邪 2,931194 0,003118
芯斜褉邪褖邪褌褜 0,013423 0,000014
褉械泻芯屑械薪写邪褌械谢褜薪褘泄 0,013423 0,000014
写邪谢械械 0,013423 0,000029
褉邪蟹薪褘泄 1,484275 0,001579
褉械褑械锌褌褘褉械褑械锌褌 1,875141 0,009974
谐芯写 0,006689 0,000028
褋褉械写薪械 2,813411 0,002993
褏芯褌械褌褜 0,006689 0,000007
褋褘褌薪褘泄 2,612740 0,005559
芯褌泻褉褘胁邪褌褜 0,013423 0,000029
泻褍褏薪褟 1,576648 0,065414
锌械褉械泄褌懈 0,013423 0,000014
屑械卸写褍薪邪褉芯写薪褘泄 0,013423 0,000043
褟锌芯薪褋泻懈泄 2,931194 0,003118
邪褎褉懈泻邪薪褋泻懈泄 3,064725 0,003260
薪械卸薪褘泄 2,177422 0,006949
褔邪褋邪褉械褑械锌褌 2,813411 0,002993
芯斜褉邪褖械薪懈械 0,013423 0,000043
邪谐械薪褌褋褌胁芯 0,013423 0,000057
锌褉懈谐芯褌芯胁谢械薪懈械 1,484275 0,009474
斜谢懈薪 2,014903 0,017148
懈蟹褘褋泻邪薪薪褘泄 3,624341 0,003856
屑邪褋褋芯胁褘泄 0,013423 0,000014
芯斜褉邪斜芯褌泻邪 0,013423 0,000071
褝褌芯 0,013423 0,000014
褋械屑褜 2,708050 0,002881
褌褍褕褢薪褘泄 5,010635 0,005330
褍泻褉邪懈薪褋泻懈泄 1,576648 0,001677
邪胁褌芯褉懈蟹芯胁邪褌褜褋褟 0,013423 0,000029
屑邪褋谢械薪懈褑褘锌褉邪蟹写薪懈泻懈屑邪褋谢械薪懈褑邪褉械褑械锌褌 5,010635 0,005330
胁褘斜褉邪褌褜 0,013423 0,000043
薪邪褋褘褖械薪薪褘泄 2,931194 0,003118
褋械谐芯写薪褟 0,013423 0,000071
褋褌褉邪薪邪 1,139434 0,001212
薪芯胁芯褋褌褜 0,006689 0,000028
胁邪褉械薪懈械 3,218876 0,003424
锌褉芯褋懈褌褜 0,013423 0,000014
褎邪褉褕 3,912023 0,008323
屑邪褋谢械薪懈褑褘屑邪褋谢械薪懈褑邪褉械褑械锌褌褘褉械褑械锌褌 4,317488 0,004593
薪芯胁褘械褋薪邪褔邪谢邪 0,013423 0,000014
蟹邪褉械谐懈褋褌褉懈褉芯胁邪褌褜褋褟 0,013423 0,000071
锌芯卸邪谢芯胁邪褌褜褋褟 0,006689 0,000007
褋褉械写薪懈泄 1,832581 0,003899
胁芯泄褌懈 0,006689 0,000028
褕邪锌泻邪 0,013423 0,000014
芯褌锌褉邪胁懈褌褜 0,013423 0,000200
锌褉芯写芯谢卸懈褌褜 0,006689 0,000007
写褉芯卸卸械胁 3,912023 0,004162
褍蟹斜械泻褋泻懈泄 3,401197 0,003618
褉械褕械薪懈械 0,006689 0,000007
芯蟹薪邪泻芯屑懈褌褜 0,013423 0,000014
薪械芯斜褘褔薪褘泄 2,014903 0,002144
锌褘褕薪褘泄 3,218876 0,006849
屑邪褉褌 1,514128 0,001611
胁邪泻邪薪褋懈褟 0,013423 0,000014
褝谢 0,013423 0,000014
屑褘 0,013423 0,000100
锌褉芯褋褌邪胁谢褟褌褜 0,013423 0,000014
褍褔邪褋褌懈械 0,006689 0,000007
邪泻泻邪褍薪褌 0,013423 0,000071
蟹邪褖懈褌邪 0,013423 0,000057
褉械谐懈褋褌褉邪褑懈褟 0,013423 0,000071
芯斜褋褍卸写械薪懈械 0,013423 0,000029
斜谢懈薪芯胁锌褉芯褋褌褘泄 5,010635 0,005330
芯锌械褔邪褌泻邪 0,013423 0,000014
懈褋锌芯谢褜蟹芯胁邪褌褜 0,013423 0,000014
屑械泻褋懈泻邪薪褋泻懈泄 3,218876 0,003424
泻邪谢械薪写邪褉褜 2,120264 0,002256
锌芯褔械屑褍 0,013423 0,000014
褋谢芯卸薪芯 3,218876 0,003424
胁芯褋褋褌邪薪芯胁谢械薪懈械 0,013423 0,000057
斜褘褋褌褉褘泄 1,714798 0,005473
芯薪谢邪泄薪 0,013423 0,000014
褏芯褉芯褕懈泄 1,059392 0,001127
锌芯褔褌邪 0,013423 0,000100
斜谢芯泻懈褉芯胁泻邪 0,013423 0,000057
褉械褑械锌褌 1,118815 0,126164
芯褋褍褖械褋褌胁谢褟褌褜褋褟 0,013423 0,000014
胁泻褍褋薪褘泄 1,752539 0,005593
邪褉邪斜褋泻懈泄 3,218876 0,003424
邪锌褉械谢褜 0,013423 0,000071
胁泻芯薪褌邪泻褌械 0,013423 0,000029
泻邪褌械谐芯褉懈褟 1,576648 0,001677
褎邪屑懈谢懈褟 0,013423 0,000014
谢芯谐懈薪 0,013423 0,000014
泻芯薪褎懈写械薪褑懈邪谢褜薪芯褋褌褜 0,013423 0,000057
薪邪褉褍褕械薪懈械 0,013423 0,000043
薪邪胁褋械谐写邪 0,013423 0,000014
锌懈褌邪褌械谢褜薪褘泄 2,931194 0,003118
褟薪写械泻褋 0,013423 0,000029
褏谢械斜 2,371578 0,002523
泻芯褉械泄褋泻懈泄 3,218876 0,003424
褍褉芯胁械薪褜 2,014903 0,002144
锌懈泻邪薪褌薪褘泄 3,401197 0,003618
屑懈薪褍褌褉械褑械锌褌 2,708050 0,002881
褏芯谢芯写薪褘泄 2,066196 0,002198
写械泄褋褌胁懈械 0,013423 0,000014
谢懈斜芯 0,013423 0,000014
薪邪锌懈褌芯泻 2,371578 0,002523
褎械写械褉邪谢褜薪褘泄 0,013423 0,000057
褉械谢懈蟹 0,013423 0,000014
薪邪卸懈屑邪褌褜 0,013423 0,000014
褋懈斜懈褉褋泻懈泄 3,218876 0,003424
薪邪蟹邪写 0,013423 0,000071
褋锌懈褋芯泻 0,013423 0,000014
锌芯褋褌 2,302585 0,002450
锌芯懈褋泻 0,013423 0,000014
胁褘锌械褔泻懈褉械褑械锌褌 3,401197 0,010855
芯斜褟蟹邪褌械谢褜薪褘泄 0,013423 0,000100
屑邪褋谢械薪懈褑褘屑邪褋谢械薪懈褑邪锌褉邪蟹写薪懈泻懈褉械褑械锌褌褘褉械褑械锌褌 5,010635 0,005330
褎械胁褉邪谢褜 0,567984 0,000604
芯褕懈斜泻邪 0,013423 0,000043
锌褘褕泻邪 4,317488 0,004593
胁芯锌褉芯褋 0,006689 0,000028
蟹褍斜芯胁褋泻懈泄 0,013423 0,000029
锌械褌械褉斜褍褉谐褋泻懈泄 3,401197 0,003618
锌芯锌褉芯斜芯胁邪褌褜 0,013423 0,000014
蟹邪锌芯谢薪械薪懈械 0,013423 0,000100
蟹邪锌芯谢薪懈褌褜 0,013423 0,000100
写械褋械褉褌芯胁褉械褑械锌褌 3,401197 0,003618
谢懈褋懈褔泻邪 5,010635 0,005330
胁薪懈屑邪薪懈械 0,013423 0,000014
锌褉懈薪懈屑邪褌褜 0,013423 0,000014
懈薪写懈泄褋泻懈泄 3,401197 0,003618
褌褉邪写懈褑懈褟 1,919593 0,002042
锌褞褉械 3,064725 0,003260
胁邪褕 0,013423 0,000228
懈屑褟 0,013423 0,000071
褎褉邪薪褑褍蟹褋泻懈泄 2,445686 0,002602
褔械褉褢屑褍褏芯胁褘泄 4,317488 0,004593
谐褉懈斜 2,813411 0,005986
屑芯谢芯泻芯 2,445686 0,005204
斜谢褞写芯 1,609438 0,005137
褕胁械泄褑邪褉褋泻懈泄 3,401197 0,003618
胁褘锌褍褋泻 0,013423 0,000014
褋褉芯泻 0,013423 0,000029
芯褋薪芯胁邪薪懈械 0,013423 0,000014
懈蟹写邪薪懈械 0,013423 0,000014
斜褍谢褜胁邪褉 0,013423 0,000029
褋械褌械胁芯泄 0,013423 0,000014
薪邪写蟹芯褉 0,013423 0,000014
泻褍褏薪懈褉械褑械锌褌 2,612740 0,016677
懈褋锌芯谢褜蟹芯胁邪薪懈械 0,013423 0,000014
褎懈谢褜褌褉褘褋泻褉褘褌褜 3,624341 0,003856
胁薪芯胁褜 0,013423 0,000014
薪械写械谢褟 1,181994 0,001257
褋邪屑褘泄 0,967584 0,001029
褋屑械薪懈褌褜 0,013423 0,000014
泻褍褏薪懈屑邪褋谢械薪懈褑邪斜谢懈薪褘褉械褑械锌褌褘褉械褑械锌褌 5,010635 0,005330
锌褉械写锌褉懈褟褌懈械 0,013423 0,000043
褋锌芯褋芯斜 0,013423 0,000029
屑邪褌械褉懈邪谢 0,013423 0,000129
褍褔邪褋褌胁芯胁邪褌褜 0,013423 0,000029
褋芯芯斜褖懈褌褜 0,013423 0,000014
芯斜褉邪褌薪褘泄 0,013423 0,000100
褔械褕褋泻懈泄 3,401197 0,003618
锌褉芯懈蟹芯泄褌懈 0,013423 0,000014
械胁褉芯锌械泄褋泻懈泄 1,791759 0,001906
斜褘褌褜 0,013423 0,000014
泻褍褏薪懈锌褉芯褋褌芯泄 5,010635 0,010661
锌芯褕邪谐芯胁褘泄 1,455287 0,004645
褍褋锌械褕薪芯 0,013423 0,000014
胁褌芯褉芯泄 1,427116 0,001518
泻褍褏薪懈锌褉邪蟹写薪懈泻懈锌褉芯褋褌褘泄 5,010635 0,005330
泻褍褏薪懈褉械褑械锌褌褘褋谢芯卸薪褘泄 5,010635 0,005330
锌械褔械薪懈械 3,218876 0,003424
褋泻褉懈薪褕芯褌 0,013423 0,000043
