истечь 0,013423 0,000015
лента 0,006689 0,000015
законный 0,013423 0,000015
новый 0,006689 0,000015
найти 0,013423 0,000015
письмо 0,013423 0,000029
сфера 0,013423 0,000015
электронный 0,013423 0,000015
целое 3,218876 0,007005
спасибо 0,013423 0,000015
расширить 0,006689 0,000007
свидетельство 0,013423 0,000015
согласие 0,013423 0,000029
комментирование 0,013423 0,000029
доступ 0,013423 0,000029
блокироваться 0,013423 0,000015
миа 0,013423 0,000044
задать 0,013423 0,000015
связаться 0,013423 0,000088
правило 0,013423 0,000073
сохранить 0,013423 0,000015
сладкий 2,302585 0,007517
г 0,013423 0,000073
реклама 0,013423 0,000015
фото 0,013423 0,000015
политика 0,013423 0,000058
связь 0,006689 0,000058
применение 0,013423 0,000015
взаимодействие 0,013423 0,000029
о 0,013423 0,000015
существующий 3,401197 0,007402
дать 0,013423 0,000029
укроп 2,445686 0,010645
пресс 0,013423 0,000015
согласный 0,013423 0,000044
персональный 0,013423 0,000117
пикантность 3,624341 0,007888
перетянуть 0,013423 0,000015
репчатый 3,064725 0,006670
кастрюля 2,371578 0,010322
течение 0,013423 0,000015
ч 2,612740 0,002843
смочь 0,006689 0,000007
использоваться 0,006689 0,000007
пищевой 2,120264 0,002307
готовый 0,006689 0,000015
сочность 3,624341 0,007888
углевод 2,445686 0,002661
кинза 4,317488 0,018792
перемешать 2,238047 0,009741
ценность 2,120264 0,002307
дата 0,006689 0,000007
обеспечить 2,120264 0,004614
сочный 2,525729 0,002748
готовка 1,919593 0,002089
пройти 0,006689 0,000007
традиционный 1,919593 0,004178
заголовок 0,013423 0,000029
цвет 2,238047 0,009741
одноклассник 0,013423 0,000029
недопустимый 0,013423 0,000015
информационный 0,013423 0,000058
вы 0,013423 0,000015
оставить 1,966113 0,004279
фио 0,013423 0,000015
шаг 1,791759 0,019497
восстановить 0,013423 0,000015
пожалуйста 0,013423 0,000015
рассмотреть 0,013423 0,000015
расположить 0,013423 0,000029
отложить 3,912023 0,008514
классический 1,752539 0,003814
небольшой 2,014903 0,004385
время 0,013423 0,000058
версия 0,013423 0,000015
ниже 0,013423 0,000044
кнопка 0,013423 0,000015
россия 0,006689 0,000058
аккуратно 2,813411 0,006123
свой 0,867501 0,001888
зарегистрировать 0,013423 0,000015
очистить 2,238047 0,004871
ранее 0,013423 0,000015
главный 0,013423 0,000015
проблема 0,013423 0,000015
данные 0,013423 0,000117
составлять 2,238047 0,004871
полукольцо 3,624341 0,007888
город 0,013423 0,000015
разблокировать 0,013423 0,000044
фотография 0,013423 0,000015
сайт 0,013423 0,000044
поле 0,013423 0,000117
час 0,013423 0,000058
чат 0,013423 0,000029
новостеймолния 0,013423 0,000015
написать 0,013423 0,000015
галочка 0,013423 0,000015
заблокировать 0,013423 0,000029
перетащить 0,013423 0,000044
соглашаться 0,013423 0,000015
сначала 0,013423 0,000015
поддерживаетсяполучить 0,013423 0,000015
перец 2,445686 0,013306
базилик 3,218876 0,014010
адрес 0,013423 0,000073
другой 0,013423 0,000044
соответствие 0,013423 0,000029
потемнеть 5,010635 0,010905
унитарный 0,013423 0,000044
давать 0,013423 0,000029
показать 0,013423 0,000015
отправка 0,013423 0,000015
загрузить 0,013423 0,000029
направление 0,013423 0,000015
основный 1,791759 0,003899
телефон 0,013423 0,000015
пароль 0,013423 0,000161
редакция 0,013423 0,000044
филипп 2,445686 0,002661
удалить 0,013423 0,000058
пока 1,919593 0,004178
калорийность 2,120264 0,002307
вход 0,013423 0,000029
должный 0,013423 0,000015
горечь 4,317488 0,009396
смешаться 5,010635 0,010905
описать 0,013423 0,000015
размещение 0,013423 0,000015
ккал 2,302585 0,002506
сколько 0,006689 0,000007
автор 0,013423 0,000015
старый 0,013423 0,000015
сообщение 0,013423 0,000204
лёгкий 2,120264 0,004614
один 1,098612 0,002391
ингредиент 1,919593 0,006266
подтвердить 0,013423 0,000015
смесь 2,371578 0,010322
снизить 2,931194 0,006379
грузинский 2,813411 0,021430
масло 2,238047 0,014612
что 4,317488 0,004698
подтверждать 0,013423 0,000015
богатый 3,624341 0,007888
гаврилов 0,013423 0,000015
учредитель 0,013423 0,000015
болгарский 3,401197 0,007402
кожура 2,813411 0,006123
авторизация 0,013423 0,000015
рейтинг 0,006689 0,000007
форма 0,013423 0,000175
пластина 5,010635 0,010905
среднее 2,445686 0,005322
нарезать 2,120264 0,027686
ссылка 0,013423 0,000058
зелень 2,371578 0,010322
коммуникация 0,013423 0,000015
баклажан 3,912023 0,038311
минута 1,226446 0,005338
мой 0,013423 0,000073
тушить 3,624341 0,007888
завершать 3,912023 0,008514
помочь 0,013423 0,000015
аджапсандали 4,317488 0,046980
получаться 2,708050 0,002947
статья 0,013423 0,000015
овощной 2,612740 0,017058
золотистый 2,931194 0,012758
описание 0,013423 0,000015
шт 2,238047 0,029224
кусочек 2,708050 0,005893
процесс 0,013423 0,000015
основа 2,120264 0,009229
мелко 2,525729 0,010993
роскомнадзор 0,013423 0,000015
технология 0,013423 0,000029
белка 2,371578 0,002581
редактор 0,013423 0,000015
фгуп 0,499776 0,000544
настоящий 2,302585 0,007517
помидор 2,931194 0,015948
контакт 0,013423 0,000015
москва 0,006689 0,000022
воспользоваться 0,013423 0,000058
тема 0,013423 0,000044
государственный 0,013423 0,000044
следить 2,612740 0,005686
дискуссия 0,013423 0,000029
связанный 0,013423 0,000029
придать 2,813411 0,006123
служба 0,006689 0,000007
риа 0,006689 0,000051
заметить 0,013423 0,000015
филипповаджапсандать 5,010635 0,005452
закрытый 0,013423 0,000015
обращать 0,013423 0,000015
рекомендательный 0,013423 0,000015
далее 0,013423 0,000029
рецептырецепт 1,875141 0,002040
кг 3,064725 0,020009
год 0,006689 0,000007
хотеть 0,006689 0,000007
открывать 0,013423 0,000029
кухня 1,576648 0,005147
перейти 0,013423 0,000015
международный 0,013423 0,000044
стать 0,851752 0,001854
который 0,603916 0,001314
аромат 2,708050 0,011787
холодильник 2,525729 0,005497
обращение 0,013423 0,000044
агентство 0,013423 0,000058
порция 2,238047 0,002435
приготовление 1,484275 0,004845
огонь 1,966113 0,004279
это 0,013423 0,000190
массовый 0,013423 0,000015
обработка 0,013423 0,000073
вкус 1,752539 0,019070
авторизоваться 0,013423 0,000029
выбрать 0,013423 0,000044
насыщенный 2,931194 0,012758
сегодня 0,013423 0,000088
новость 0,006689 0,000058
привлекать 3,624341 0,007888
просить 0,013423 0,000015
петрушка 2,813411 0,012246
чеснок 2,612740 0,017058
новыесначала 0,013423 0,000015
зарегистрироваться 0,013423 0,000073
несколько 1,544899 0,003362
пожаловаться 0,006689 0,000007
посолить 2,813411 0,012246
войти 0,006689 0,000029
мм 5,010635 0,010905
примерно 2,177422 0,004739
шапка 0,013423 0,000015
отправить 0,013423 0,000234
овощ 2,120264 0,013843
продолжить 0,006689 0,000007
решение 0,006689 0,000007
ознакомить 0,013423 0,000015
благодаря 2,302585 0,002506
насыщенность 3,401197 0,007402
вакансия 0,013423 0,000015
эл 0,013423 0,000015
мы 0,013423 0,000102
проставлять 0,013423 0,000015
участие 0,006689 0,000007
аккаунт 0,013423 0,000073
защита 0,013423 0,000058
свежий 2,066196 0,004497
регистрация 0,013423 0,000073
обсуждение 0,013423 0,000029
опечатка 0,013423 0,000015
использовать 0,013423 0,000015
мара 2,931194 0,003190
почему 0,013423 0,000015
особый 1,752539 0,003814
невероятно 5,010635 0,005452
восстановление 0,013423 0,000058
онлайн 0,013423 0,000015
рагу 5,010635 0,021809
подсолнечный 3,912023 0,025541
почта 0,013423 0,000102
добавить 1,514128 0,016476
блокировка 0,013423 0,000058
рецепт 1,118815 0,006087
красный 1,966113 0,008558
осуществляться 0,013423 0,000015
апрель 0,013423 0,000015
вконтакте 0,013423 0,000029
обжарить 3,064725 0,026679
категория 1,576648 0,001716
фамилия 0,013423 0,000015
жир 2,238047 0,002435
логин 0,013423 0,000015
конфиденциальность 0,013423 0,000058
нарушение 0,013423 0,000044
навсегда 0,013423 0,000015
соль 2,066196 0,004497
кавказский 4,317488 0,009396
питательный 2,931194 0,003190
яндекс 0,013423 0,000029
действие 0,013423 0,000015
либо 0,013423 0,000015
федеральный 0,013423 0,000058
релиз 0,013423 0,000015
нажимать 0,013423 0,000015
назад 0,013423 0,000073
продолжать 2,371578 0,005161
список 0,013423 0,000015
поиск 0,013423 0,000015
лук 2,302585 0,015033
обязательный 0,013423 0,000102
ошибка 0,013423 0,000044
приобрести 2,302585 0,005011
объединять 3,401197 0,007402
вопрос 0,006689 0,000029
зубовский 0,013423 0,000029
попробовать 0,013423 0,000015
заполнение 0,013423 0,000102
заполнить 0,013423 0,000102
внимание 0,013423 0,000015
принимать 0,013423 0,000015
алексей 1,966113 0,004279
ваш 0,013423 0,000292
имя 0,013423 0,000073
блюдо 1,609438 0,019264
выпуск 0,013423 0,000015
срок 0,013423 0,000029
основание 0,013423 0,000015
издание 0,013423 0,000015
бульвар 0,013423 0,000029
сетевой 0,013423 0,000015
надзор 0,013423 0,000015
использование 0,013423 0,000015
вновь 0,013423 0,000015
сменить 0,013423 0,000015
предприятие 0,013423 0,000044
способ 0,013423 0,000029
толщина 3,624341 0,007888
материал 0,013423 0,000117
участвовать 0,013423 0,000029
сообщить 0,013423 0,000015
обратный 0,013423 0,000102
произойти 0,013423 0,000015
быть 0,013423 0,000015
успешно 0,013423 0,000015
скриншот 0,013423 0,000044
