рф 1,181994 0,005382
специальный 1,514128 0,001379
законный 0,013423 0,000012
новый 0,006689 0,000213
день 0,591795 0,000539
оборона 2,066196 0,001882
гидрометцентр 5,010635 0,009127
найти 0,013423 0,000012
письмо 0,013423 0,000024
спасибо 0,013423 0,000012
чехловаклинический 5,010635 0,004563
расширить 0,006689 0,000006
ск 2,931194 0,008009
согласие 0,013423 0,000024
центр 0,166448 0,000152
важный 1,297063 0,002363
доступ 0,013423 0,000024
миа 0,013423 0,000024
открытый 3,401197 0,003098
задать 0,013423 0,000012
встретить 2,813411 0,002562
связаться 0,013423 0,000073
декабрь 0,985284 0,017947
тёплый 2,708050 0,002466
манежный 3,624341 0,003301
тв 4,317488 0,003932
человек 1,118815 0,001019
отмечаться 3,064725 0,002791
сладкий 2,302585 0,002097
г 0,013423 0,000024
реклама 0,013423 0,000024
фото 0,013423 0,000024
аномально 3,912023 0,003563
политика 0,013423 0,000061
марина 3,912023 0,003563
москвич 3,218876 0,002932
связь 0,006689 0,000049
м 2,302585 0,002097
о 0,013423 0,000012
течение 0,013423 0,000012
область 1,427116 0,010398
китай 1,714798 0,004685
авто 2,238047 0,004077
мир 0,223144 0,000203
весь 1,021651 0,000930
пройти 0,006689 0,000006
заголовок 0,013423 0,000024
информационный 0,013423 0,000049
кухонный 5,010635 0,004563
дело 1,249435 0,004552
рассмотреть 0,013423 0,000012
расположить 0,013423 0,000024
классический 1,752539 0,001596
время 0,013423 0,000024
кнопка 0,013423 0,000012
посмотреть 2,177422 0,005949
тренд 3,912023 0,003563
праздновать 2,612740 0,002380
красноярский 4,317488 0,007864
пробовать 3,624341 0,003301
республика 2,302585 0,010485
подарок 2,931194 0,002670
сильный 1,919593 0,001748
ранее 0,013423 0,000012
мистика 2,813411 0,002562
ситуация 1,643339 0,001497
подкаст 0,292136 0,000266
главный 0,013423 0,000012
проблема 0,013423 0,000012
данные 0,013423 0,000098
украина 1,160488 0,001057
город 0,013423 0,000012
разблокировать 0,013423 0,000037
фотография 0,013423 0,000012
погибнуть 3,218876 0,002932
час 0,013423 0,000024
чат 0,013423 0,000024
новостеймолния 0,013423 0,000012
написать 0,013423 0,000012
научный 2,302585 0,002097
соглашаться 0,013423 0,000012
грузовик 5,010635 0,009127
сначала 0,013423 0,000012
вред 2,445686 0,002227
развлечение 3,912023 0,003563
показать 0,013423 0,000012
международник 3,624341 0,003301
мороз 3,218876 0,002932
выставка 2,302585 0,002097
пароль 0,013423 0,000134
подмосковье 2,238047 0,004077
удалить 0,013423 0,000049
последствие 1,544899 0,001407
ирина 2,931194 0,005339
девочка 2,612740 0,004759
вход 0,013423 0,000024
описать 0,013423 0,000012
сочельник 3,624341 0,003301
размещение 0,013423 0,000012
сколько 0,006689 0,000006
огненный 3,064725 0,013956
леус 5,010635 0,022817
ёлка 3,401197 0,003098
пережить 3,624341 0,003301
стихийный 2,813411 0,002562
гибдд 5,010635 0,004563
бутерброд 2,525729 0,002300
подтверждать 0,013423 0,000012
гаврилов 0,013423 0,000012
учредитель 0,013423 0,000012
последний 0,899761 0,000819
воронежский 3,912023 0,010689
московский 1,678431 0,003057
ссылка 0,013423 0,000049
коммуникация 0,013423 0,000012
пекин 3,401197 0,003098
мой 0,013423 0,000061
архив 0,190354 0,000173
помочь 0,013423 0,000012
салат 2,120264 0,003862
описание 0,013423 0,000012
процесс 0,013423 0,000012
курица 2,931194 0,002670
роскомнадзор 0,013423 0,000012
технология 0,013423 0,000024
нутрициолог 3,624341 0,003301
каток 2,612740 0,002380
москва 0,006689 0,000158
воспользоваться 0,013423 0,000049
взрослый 2,931194 0,005339
врач 2,014903 0,001835
перепад 5,010635 0,004563
смерть 2,612740 0,004759
закуска 2,302585 0,004194
далее 0,013423 0,000024
праздничный 2,238047 0,002038
новогодний 2,120264 0,013517
хотеть 0,006689 0,000006
открывать 0,013423 0,000024
перейти 0,013423 0,000012
стать 0,851752 0,000776
гончаровапсихотерапевт 5,010635 0,004563
вчера 1,576648 0,002872
обращение 0,013423 0,000037
операция 1,752539 0,001596
спецпроект 0,190354 0,000173
массовый 0,013423 0,000012
обработка 0,013423 0,000061
это 0,013423 0,000012
еда 2,177422 0,001983
два 1,514128 0,001379
ковш 5,010635 0,004563
новость 0,006689 0,000043
снежный 3,218876 0,002932
михаил 2,525729 0,011501
красивый 2,445686 0,002227
синоптик 3,912023 0,010689
зарегистрироваться 0,013423 0,000061
пожаловаться 0,006689 0,000006
войти 0,006689 0,000024
миллерчемпион 5,010635 0,004563
мингазовповаринесса 5,010635 0,004563
эл 0,013423 0,000012
радио 0,274437 0,000250
защита 0,013423 0,000049
николаев 4,317488 0,003932
политик 3,401197 0,003098
восток 2,612740 0,002380
регистрация 0,013423 0,000061
почему 0,013423 0,000012
снегоуборочный 5,010635 0,004563
восстановление 0,013423 0,000049
хороший 1,059392 0,002895
музей 2,612740 0,007139
тайный 3,064725 0,002791
красный 1,966113 0,001791
следственный 3,401197 0,006195
играть 4,317488 0,003932
вконтакте 0,013423 0,000024
логин 0,013423 0,000012
атаковать 4,317488 0,003932
конфиденциальность 0,013423 0,000049
нарушение 0,013423 0,000037
навсегда 0,013423 0,000012
подарить 3,218876 0,002932
действие 0,013423 0,000012
релиз 0,013423 0,000012
назад 0,013423 0,000061
ночь 2,708050 0,002466
список 0,013423 0,000012
пять 1,966113 0,003581
обязательный 0,013423 0,000086
февраль 0,567984 0,007242
ошибка 0,013423 0,000037
идти 1,919593 0,001748
суббота 2,931194 0,002670
вопрос 0,006689 0,000024
подкова 3,912023 0,003563
дизайн 3,912023 0,003563
зубовский 0,013423 0,000024
игра 1,609438 0,001466
заполнить 0,013423 0,000086
традиция 1,919593 0,005245
ваш 0,013423 0,000196
общество 0,257045 0,002107
имя 0,013423 0,000061
профессиональный 2,612740 0,002380
голова 2,612740 0,002380
срок 0,013423 0,000024
основание 0,013423 0,000012
издание 0,013423 0,000012
оливье 3,218876 0,002932
бульвар 0,013423 0,000024
сетевой 0,013423 0,000012
возбудить 3,218876 0,008795
столкнуться 3,401197 0,009293
использование 0,013423 0,000012
неделя 1,181994 0,002153
вновь 0,013423 0,000012
самый 0,967584 0,002644
сменить 0,013423 0,000012
беспилотник 3,624341 0,003301
материал 0,013423 0,000110
шаховаастролог 4,317488 0,003932
участвовать 0,013423 0,000024
конкурс 3,401197 0,003098
сообщить 0,013423 0,000012
общественный 3,218876 0,002932
трёхмесячный 5,010635 0,004563
быть 0,013423 0,000012
пошаговый 1,455287 0,002651
успешно 0,013423 0,000012
скриншот 0,013423 0,000037
автомобиль 2,612740 0,002380
истечь 0,013423 0,000012
мчс 3,218876 0,002932
лента 0,006689 0,000012
приготовить 1,643339 0,001497
сант 5,010635 0,004563
ряскинаастролог 4,317488 0,003932
деревня 4,317488 0,003932
зимний 1,919593 0,001748
сфера 0,013423 0,000012
электронный 0,013423 0,000012
спорт 0,190354 0,000173
район 2,525729 0,011501
навигация 3,912023 0,003563
месяц 1,003302 0,000914
легковушка 5,010635 0,009127
свидетельство 0,013423 0,000012
открытка 3,624341 0,003301
комментирование 0,013423 0,000024
погода 3,064725 0,008374
блокироваться 0,013423 0,000012
правило 0,013423 0,000073
сохранить 0,013423 0,000012
министерство 1,966113 0,001791
край 2,371578 0,004320
морковкинэкономист 2,931194 0,002670
применение 0,013423 0,000012
взаимодействие 0,013423 0,000024
чебоксары 5,010635 0,018254
дать 0,013423 0,000024
пресс 0,013423 0,000024
согласный 0,013423 0,000037
персональный 0,013423 0,000098
перетянуть 0,013423 0,000012
рамиль 3,912023 0,003563
смочь 0,006689 0,000006
использоваться 0,006689 0,000006
адаптация 3,624341 0,003301
женщина 1,832581 0,001669
готовый 0,006689 0,000012
дата 0,006689 0,000006
вернуться 2,445686 0,002227
цвет 2,238047 0,004077
одноклассник 0,013423 0,000024
недопустимый 0,013423 0,000012
вы 0,013423 0,000012
фио 0,013423 0,000012
костомукша 5,010635 0,004563
восстановить 0,013423 0,000012
пожалуйста 0,013423 0,000012
разбить 3,624341 0,003301
погибший 3,912023 0,003563
китайский 2,238047 0,010191
стол 1,832581 0,003338
трактор 5,010635 0,004563
версия 0,013423 0,000012
ниже 0,013423 0,000037
россия 0,006689 0,000122
простой 1,272966 0,001159
смотреть 1,966113 0,001791
тег 0,190354 0,000347
виктор 3,624341 0,003301
зарегистрировать 0,013423 0,000012
недвижимостьриа 3,401197 0,003098
январь 1,040343 0,000947
консультант 3,624341 0,003301
историкалександр 3,912023 0,003563
ногтевой 5,010635 0,004563
сайт 0,013423 0,000037
поле 0,013423 0,000098
двухлетний 5,010635 0,004563
знак 3,218876 0,002932
полезный 0,143101 0,000130
галочка 0,013423 0,000012
технолог 3,624341 0,003301
заблокировать 0,013423 0,000024
перетащить 0,013423 0,000037
туризм 0,283247 0,000258
сотрудник 1,791759 0,001632
поддерживаетсяполучить 0,013423 0,000012
адрес 0,013423 0,000073
другой 0,013423 0,000037
соответствие 0,013423 0,000024
рождественский 3,218876 0,002932
унитарный 0,013423 0,000037
давать 0,013423 0,000024
отправка 0,013423 0,000012
загрузить 0,013423 0,000024
направление 0,013423 0,000012
телефон 0,013423 0,000012
редакция 0,013423 0,000037
азия 4,317488 0,003932
похолодание 5,010635 0,004563
индустрия 3,624341 0,003301
питание 2,302585 0,002097
период 1,118815 0,001019
праздник 1,427116 0,002599
должный 0,013423 0,000012
психолог 3,624341 0,009903
лошадь 3,064725 0,011165
автор 0,013423 0,000012
старый 0,013423 0,000012
сообщение 0,013423 0,000171
постный 2,931194 0,002670
вид 1,399717 0,001275
польза 2,302585 0,002097
ребёнок 1,514128 0,002758
происшествие 0,292136 0,003193
мастер 3,064725 0,002791
подтвердить 0,013423 0,000012
правительство 1,875141 0,001708
картинка 3,624341 0,003301
эксперт 1,373049 0,003752
бизнес 2,708050 0,002466
маргарита 4,317488 0,003932
москино 5,010635 0,004563
авторизация 0,013423 0,000012
религия 0,283247 0,000258
рейтинг 0,006689 0,000006
форма 0,013423 0,000147
дон 3,064725 0,002791
олег 3,912023 0,003563
культура 0,292136 0,001596
заяцповар 5,010635 0,004563
статья 0,013423 0,000012
больница 2,931194 0,002670
дагестан 3,218876 0,014658
украсить 2,708050 0,004933
гражданский 2,371578 0,002160
недвижимость 0,292136 0,000266
редактор 0,013423 0,000012
нарядить 5,010635 0,004563
мясо 2,445686 0,002227
поздняков 5,010635 0,009127
контакт 0,013423 0,000012
ликвидация 2,813411 0,002562
тема 0,013423 0,000037
сервис 0,174353 0,000318
государственный 0,013423 0,000037
автобус 4,317488 0,003932
оказаться 2,525729 0,002300
дискуссия 0,013423 0,000024
маникюр 5,010635 0,004563
связанный 0,013423 0,000037
служба 0,006689 0,000006
риа 0,006689 0,000012
заметить 0,013423 0,000012
здоровье 1,832581 0,001669
бедствие 2,813411 0,002562
закрытый 0,013423 0,000024
сходить 2,931194 0,005339
предупредить 2,708050 0,002466
обращать 0,013423 0,000012
рекомендательный 0,013423 0,000012
магарамкентский 4,317488 0,011796
карелия 3,401197 0,006195
год 0,006689 0,000231
навигаторриа 2,445686 0,002227
маркетолог 4,317488 0,003932
международный 0,013423 0,000049
комитет 2,708050 0,004933
резкий 3,624341 0,006602
ведущий 2,120264 0,001931
идея 2,931194 0,010678
агентство 0,013423 0,000049
гололедица 5,010635 0,004563
чрезвычайный 2,931194 0,002670
авторизоваться 0,013423 0,000024
дтп 3,064725 0,011165
выбрать 0,013423 0,000049
рассказать 0,933098 0,003399
сегодня 0,013423 0,000073
яухо 5,010635 0,004563
тайна 2,445686 0,002227
просить 0,013423 0,000012
мвд 3,401197 0,003098
температура 2,445686 0,002227
дальний 3,401197 0,003098
новыесначала 0,013423 0,000012
начало 1,643339 0,002993
шапка 0,013423 0,000012
отправить 0,013423 0,000171
продолжить 0,006689 0,000006
решение 0,006689 0,000006
ознакомить 0,013423 0,000012
необычный 2,014903 0,001835
бахтияроварелигиовед 3,624341 0,003301
военный 1,514128 0,001379
отдых 3,218876 0,002932
вакансия 0,013423 0,000012
мы 0,013423 0,000086
проставлять 0,013423 0,000012
участие 0,006689 0,000012
аккаунт 0,013423 0,000061
топ 2,708050 0,002466
экономика 0,292136 0,000266
обсуждение 0,013423 0,000024
анна 2,931194 0,002670
комната 3,912023 0,003563
опечатка 0,013423 0,000012
использовать 0,013423 0,000012
процессовдмитрий 5,010635 0,004563
организация 2,066196 0,001882
онлайн 0,013423 0,000012
мандарин 3,912023 0,003563
воскресение 2,612740 0,002380
почта 0,013423 0,000086
блокировка 0,013423 0,000049
рецепт 1,118815 0,006114
осуществляться 0,013423 0,000012
три 2,120264 0,001931
апрель 0,013423 0,000012
фамилия 0,013423 0,000012
татьяна 3,064725 0,005582
яндекс 0,013423 0,000024
университет 1,919593 0,001748
уровень 2,014903 0,001835
финансовый 1,714798 0,003123
владимир 1,373049 0,001251
холодный 2,066196 0,001882
либо 0,013423 0,000012
федеральный 0,013423 0,000049
нажимать 0,013423 0,000012
хакасия 5,010635 0,004563
справка 1,791759 0,001632
макаров 4,317488 0,003932
тульский 3,401197 0,006195
ксения 3,218876 0,002932
карьерный 3,912023 0,003563
поиск 0,013423 0,000012
политолог 3,218876 0,002932
попробовать 0,013423 0,000012
мартынов 4,317488 0,003932
заполнение 0,013423 0,000086
внимание 0,013423 0,000012
принимать 0,013423 0,000012
соц 2,371578 0,002160
фильм 2,813411 0,002562
пп 3,624341 0,003301
богучарский 4,317488 0,007864
выпуск 0,013423 0,000012
надзор 0,013423 0,000012
предприятие 0,013423 0,000037
способ 0,013423 0,000024
наука 0,283247 0,000258
обратный 0,013423 0,000086
стенькорелигиовед 3,624341 0,003301
произойти 0,013423 0,000024
продукт 0,135438 0,000123
яркий 2,302585 0,002097
встречать 4,317488 0,003932
мкад 4,317488 0,003932
