истечь 0,013423 0,000019
лента 0,006689 0,000019
законный 0,013423 0,000019
новый 0,006689 0,000019
найти 0,013423 0,000039
письмо 0,013423 0,000039
сфера 0,013423 0,000019
электронный 0,013423 0,000019
брюссель 3,624341 0,005260
спасибо 0,013423 0,000019
спорт 0,190354 0,000276
расширить 0,006689 0,000010
си 4,317488 0,012533
обзор 2,371578 0,003442
франция 2,708050 0,003930
внук 3,218876 0,004672
месяц 1,003302 0,001456
сам 1,875141 0,002722
свидетельство 0,013423 0,000019
согласие 0,013423 0,000039
центр 0,166448 0,000242
остановить 3,401197 0,004936
комментирование 0,013423 0,000039
доступ 0,013423 0,000039
блокироваться 0,013423 0,000019
миа 0,013423 0,000039
задать 0,013423 0,000019
связаться 0,013423 0,000117
правило 0,013423 0,000097
сохранить 0,013423 0,000019
г 0,013423 0,000039
реклама 0,013423 0,000039
фото 0,013423 0,000019
политика 0,013423 0,000097
связь 0,006689 0,000078
разговор 5,010635 0,007272
применение 0,013423 0,000019
взаимодействие 0,013423 0,000039
о 0,013423 0,000019
венесуэла 3,218876 0,004672
дать 0,013423 0,000039
пресс 0,013423 0,000039
согласный 0,013423 0,000058
персональный 0,013423 0,000156
перетянуть 0,013423 0,000019
течение 0,013423 0,000019
смочь 0,006689 0,000019
использоваться 0,006689 0,000010
привет 3,218876 0,004672
пётр 2,238047 0,006497
собрать 3,218876 0,004672
готовый 0,006689 0,000019
дата 0,006689 0,000029
чужой 3,624341 0,005260
гораздо 3,218876 0,004672
мир 0,223144 0,000648
пройти 0,006689 0,000010
заголовок 0,013423 0,000039
одноклассник 0,013423 0,000039
недопустимый 0,013423 0,000019
информационный 0,013423 0,000078
вы 0,013423 0,000019
фио 0,013423 0,000019
восстановить 0,013423 0,000019
пожалуйста 0,013423 0,000019
русский 1,118815 0,003248
рассмотреть 0,013423 0,000019
расположить 0,013423 0,000039
уехать 4,317488 0,006266
версия 0,013423 0,000019
время 0,013423 0,000039
ниже 0,013423 0,000058
кнопка 0,013423 0,000019
россия 0,006689 0,000068
тег 0,190354 0,000276
свой 0,867501 0,001259
зарегистрировать 0,013423 0,000019
ранее 0,013423 0,000019
подкаст 0,292136 0,000424
главный 0,013423 0,000019
проблема 0,013423 0,000019
израиль 2,931194 0,004254
данные 0,013423 0,000156
канцлер 3,624341 0,005260
январь 1,040343 0,016609
украина 1,160488 0,001684
город 0,013423 0,000019
разблокировать 0,013423 0,000058
публикация 2,177422 0,003160
лукашенко 3,401197 0,004936
честно 3,624341 0,005260
фотография 0,013423 0,000019
понравиться 4,317488 0,006266
сайт 0,013423 0,000058
поле 0,013423 0,000156
час 0,013423 0,000039
чат 0,013423 0,000039
полезный 0,143101 0,000208
новостеймолния 0,013423 0,000019
написать 0,013423 0,000019
галочка 0,013423 0,000019
штат 2,014903 0,005849
заблокировать 0,013423 0,000039
перетащить 0,013423 0,000058
соглашаться 0,013423 0,000019
туризм 0,283247 0,000411
сначала 0,013423 0,000019
поддерживаетсяполучить 0,013423 0,000019
адрес 0,013423 0,000097
другой 0,013423 0,000058
соответствие 0,013423 0,000039
желанный 4,317488 0,006266
унитарный 0,013423 0,000058
популярность 2,612740 0,003792
европа 1,455287 0,008449
давать 0,013423 0,000039
показать 0,013423 0,000019
отправка 0,013423 0,000019
крутой 4,317488 0,006266
загрузить 0,013423 0,000039
направление 0,013423 0,000019
миллиард 3,064725 0,004448
телефон 0,013423 0,000019
пароль 0,013423 0,000214
редакция 0,013423 0,000058
удалить 0,013423 0,000078
период 1,118815 0,001624
должный 0,013423 0,000039
вход 0,013423 0,000039
описать 0,013423 0,000019
знать 2,238047 0,003248
размещение 0,013423 0,000019
сколько 0,006689 0,000010
автор 0,013423 0,000039
старый 0,013423 0,000019
сообщение 0,013423 0,000273
напугать 5,010635 0,007272
происшествие 0,292136 0,000424
один 1,098612 0,001595
подтвердить 0,013423 0,000019
совет 1,226446 0,001780
научить 5,010635 0,007272
ультиматум 5,010635 0,007272
зуб 4,317488 0,006266
жар 5,010635 0,007272
подтверждать 0,013423 0,000019
гаврилов 0,013423 0,000019
учредитель 0,013423 0,000019
война 2,238047 0,003248
авторизация 0,013423 0,000019
религия 0,283247 0,000411
рейтинг 0,006689 0,000010
форма 0,013423 0,000234
последний 0,899761 0,001306
япония 3,218876 0,004672
ссылка 0,013423 0,000078
коммуникация 0,013423 0,000019
немец 4,317488 0,006266
акопов 3,218876 0,009344
ненастоящий 5,010635 0,007272
мой 0,013423 0,000097
культура 0,292136 0,000424
иран 2,445686 0,003550
архив 0,190354 0,000276
помочь 0,013423 0,000019
статья 0,013423 0,000019
германский 4,317488 0,006266
евросоюз 2,238047 0,006497
описание 0,013423 0,000019
процесс 0,013423 0,000019
бомба 4,317488 0,006266
отказать 3,218876 0,004672
недвижимость 0,292136 0,000424
делать 1,427116 0,002071
роскомнадзор 0,013423 0,000019
технология 0,013423 0,000039
редактор 0,013423 0,000019
получить 0,985284 0,002860
контакт 0,013423 0,000019
москва 0,006689 0,000019
воспользоваться 0,013423 0,000078
загребать 5,010635 0,007272
тема 0,013423 0,000058
сервис 0,174353 0,000253
государственный 0,013423 0,000058
оказаться 2,525729 0,003666
передать 2,612740 0,003792
дискуссия 0,013423 0,000039
предложение 2,612740 0,003792
атомный 2,525729 0,003666
сделать 1,226446 0,001780
связанный 0,013423 0,000039
служба 0,006689 0,000010
риа 0,006689 0,000019
заметить 0,013423 0,000019
закрытый 0,013423 0,000019
предупредить 2,708050 0,007861
обращать 0,013423 0,000019
рекомендательный 0,013423 0,000019
далее 0,013423 0,000039
год 0,006689 0,000029
полюбить 5,010635 0,007272
нюанс 3,401197 0,004936
хотеть 0,006689 0,000039
открывать 0,013423 0,000039
перейти 0,013423 0,000019
международный 0,013423 0,000058
кастро 3,218876 0,004672
независимость 3,624341 0,005260
трамп 1,544899 0,022422
определиться 3,401197 0,004936
награда 3,401197 0,004936
обращение 0,013423 0,000058
агентство 0,013423 0,000078
спецпроект 0,190354 0,000276
массовый 0,013423 0,000019
обработка 0,013423 0,000097
это 0,013423 0,000019
вираж 5,010635 0,007272
авторизоваться 0,013423 0,000039
выбрать 0,013423 0,000058
сегодня 0,013423 0,000097
милитаризация 3,912023 0,011356
новость 0,006689 0,000029
вашингтон 2,120264 0,003077
привлекать 3,624341 0,005260
просить 0,013423 0,000019
разлюбить 5,010635 0,007272
новыесначала 0,013423 0,000019
зарегистрироваться 0,013423 0,000097
пожаловаться 0,006689 0,000010
войти 0,006689 0,000039
управлять 3,401197 0,004936
шапка 0,013423 0,000019
отправить 0,013423 0,000273
продолжить 0,006689 0,000010
решение 0,006689 0,000010
рука 1,791759 0,002601
далеко 4,317488 0,006266
ознакомить 0,013423 0,000019
капитуляция 3,624341 0,005260
вакансия 0,013423 0,000019
эл 0,013423 0,000019
мы 0,013423 0,000136
проставлять 0,013423 0,000019
радио 0,274437 0,000398
участие 0,006689 0,000010
аккаунт 0,013423 0,000097
экономика 0,292136 0,000424
защита 0,013423 0,000078
регистрация 0,013423 0,000097
обсуждение 0,013423 0,000039
опечатка 0,013423 0,000019
использовать 0,013423 0,000019
почему 0,013423 0,000019
восстановление 0,013423 0,000078
онлайн 0,013423 0,000019
почта 0,013423 0,000136
блокировка 0,013423 0,000078
осуществляться 0,013423 0,000019
апрель 0,013423 0,000019
вконтакте 0,013423 0,000039
ждать 1,919593 0,002786
фамилия 0,013423 0,000019
логин 0,013423 0,000019
конфиденциальность 0,013423 0,000078
нарушение 0,013423 0,000058
навсегда 0,013423 0,000019
гренландия 3,912023 0,011356
яндекс 0,013423 0,000039
путин 1,373049 0,007971
принести 2,371578 0,003442
действие 0,013423 0,000019
либо 0,013423 0,000019
федеральный 0,013423 0,000078
релиз 0,013423 0,000019
нажимать 0,013423 0,000019
назад 0,013423 0,000097
первый 0,883501 0,001282
список 0,013423 0,000019
поиск 0,013423 0,000019
обязательный 0,013423 0,000136
февраль 0,567984 0,006595
ошибка 0,013423 0,000058
вопрос 0,006689 0,000039
зубовский 0,013423 0,000039
никто 2,445686 0,003550
попробовать 0,013423 0,000019
заполнение 0,013423 0,000136
заполнить 0,013423 0,000136
вернуть 2,120264 0,003077
внимание 0,013423 0,000039
принимать 0,013423 0,000019
ариец 5,010635 0,007272
против 1,966113 0,002854
ваш 0,013423 0,000312
общество 0,257045 0,000373
имя 0,013423 0,000097
ответ 1,791759 0,002601
спаситель 3,401197 0,004936
плохой 2,708050 0,011791
полушарие 4,317488 0,006266
выпуск 0,013423 0,000019
срок 0,013423 0,000039
основание 0,013423 0,000019
кто 2,014903 0,002924
издание 0,013423 0,000019
эпштейн 2,525729 0,003666
бульвар 0,013423 0,000039
сетевой 0,013423 0,000019
принять 1,791759 0,002601
событие 1,544899 0,002242
надзор 0,013423 0,000019
использование 0,013423 0,000019
вновь 0,013423 0,000019
неделя 1,181994 0,001716
сменить 0,013423 0,000019
предприятие 0,013423 0,000058
способ 0,013423 0,000039
материал 0,013423 0,000195
наука 0,283247 0,000411
участвовать 0,013423 0,000039
сообщить 0,013423 0,000019
обратный 0,013423 0,000136
продукт 0,135438 0,000197
произойти 0,013423 0,000019
ермак 3,912023 0,005678
быть 0,013423 0,000019
успешно 0,013423 0,000019
скриншот 0,013423 0,000058
