谐褍屑械薪薪懈泻邪写械谢懈械 5,010635 0,005847
褉褎 1,181994 0,001379
褋锌械褑懈邪谢褜薪褘泄 1,514128 0,001767
蟹邪泻芯薪薪褘泄 0,013423 0,000016
薪芯胁褘泄 0,006689 0,000023
褉锌谢 2,371578 0,002767
薪邪泄褌懈 0,013423 0,000016
锌懈褋褜屑芯 0,013423 0,000031
褋锌邪褋懈斜芯 0,013423 0,000016
褉邪褋褕懈褉懈褌褜 0,006689 0,000008
邪锌泻 3,624341 0,004229
褋芯谐谢邪褋懈械 0,013423 0,000031
褑械薪褌褉 0,166448 0,000388
锌械褌械褉斜褍褉谐 2,302585 0,002687
写芯褋褌褍锌 0,013423 0,000031
屑懈邪 0,013423 0,000031
褕芯褍斜懈蟹屑懈薪褋泻懈泄 3,912023 0,004565
褍泻褉邪懈薪械胁 3,401197 0,003969
蟹邪写邪褌褜 0,013423 0,000016
屑懈写 3,064725 0,003576
泻芯薪褎谢懈泻褌 2,371578 0,008302
胁芯泻蟹邪谢 3,912023 0,004565
邪谢械泻褋邪薪写褉 1,373049 0,001602
褋胁褟蟹邪褌褜褋褟 0,013423 0,000094
写械泻邪斜褉褜 0,985284 0,006898
芯斜褘谐褉邪褌褜 3,624341 0,004229
泻邪褌邪薪懈械锌褢褌褉 5,010635 0,005847
谐 0,013423 0,000047
锌褍褌懈薪懈褋屑邪懈谢 5,010635 0,005847
褉械泻谢邪屑邪 0,013423 0,000031
褎芯褌芯 0,013423 0,000016
锌芯谢懈褌懈泻邪 0,013423 0,000078
褋胁褟蟹褜 0,006689 0,000062
懈薪芯褋褌褉邪薪薪褘泄 2,177422 0,002541
芯 0,013423 0,000016
褋邪薪泻褌 2,525729 0,002947
褌械褔械薪懈械 0,013423 0,000016
褋芯褔懈 2,238047 0,002611
褎褍褌斜芯谢 2,238047 0,002611
屑懈褉 0,223144 0,002083
锌褉芯泄褌懈 0,006689 0,000016
蟹邪谐芯谢芯胁芯泻 0,013423 0,000031
懈薪褎芯褉屑邪褑懈芯薪薪褘泄 0,013423 0,000063
写械谢芯 1,249435 0,001458
褉邪褋褋屑芯褌褉械褌褜 0,013423 0,000016
褉邪褋锌芯谢芯卸懈褌褜 0,013423 0,000031
胁褉械屑褟 0,013423 0,000016
泻薪芯锌泻邪 0,013423 0,000016
芯芯薪 2,708050 0,003160
卸芯屑邪褉褌 3,401197 0,003969
谢芯锌邪褌邪 3,624341 0,004229
褉邪薪械械 0,013423 0,000016
谐谢邪胁薪褘泄 0,013423 0,000031
锌芯写泻邪褋褌 0,292136 0,000341
锌褉芯斜谢械屑邪 0,013423 0,000016
写邪薪薪褘械 0,013423 0,000125
褌芯泻邪械胁写芯薪邪谢褜写 4,317488 0,005038
锌褜褟薪褘泄 2,612740 0,003049
褍泻褉邪懈薪邪 1,160488 0,001354
谐芯褉芯写 0,013423 0,000016
褉邪蟹斜谢芯泻懈褉芯胁邪褌褜 0,013423 0,000047
褎芯褌芯谐褉邪褎懈褟 0,013423 0,000016
褔邪褋 0,013423 0,000031
褔邪褌 0,013423 0,000031
薪芯胁芯褋褌械泄屑芯谢薪懈褟 0,013423 0,000016
薪邪锌懈褋邪褌褜 0,013423 0,000016
谐芯写褍芯斜芯褋褌褉械薪懈械 5,010635 0,005847
褋芯谐谢邪褕邪褌褜褋褟 0,013423 0,000016
褉芯褋褋懈褟薪懈薪 1,576648 0,003679
褋械胁械褉薪褘泄 2,177422 0,005081
褋薪邪褔邪谢邪 0,013423 0,000016
懈褌邪谢懈褟褉芯褋褋懈褟屑懈谢邪薪屑邪褉懈褟 4,317488 0,005038
锌芯泻邪蟹邪褌褜 0,013423 0,000016
锌邪褉芯谢褜 0,013423 0,000172
泻褉械屑谢褜 2,177422 0,002541
褍写邪谢懈褌褜 0,013423 0,000063
锌芯褋谢械写褋褌胁懈械 1,544899 0,001803
写械斜芯褕 2,708050 0,003160
芯谢懈屑锌懈泄褋泻懈泄 2,708050 0,012640
胁褏芯写 0,013423 0,000031
芯锌懈褋邪褌褜 0,013423 0,000016
褉邪蟹屑械褖械薪懈械 0,013423 0,000016
褋泻芯谢褜泻芯 0,006689 0,000008
褋褍屑屑邪 2,302585 0,002687
懈褞薪褜 1,875141 0,013128
斜邪蟹邪 2,302585 0,002687
薪邪写械褟褌褜褋褟 2,931194 0,003420
屑褌褋褉芯褋褝泻褋懈屑斜邪薪泻 5,010635 0,005847
褋芯胁械褌 1,226446 0,004293
锌芯褋械褌懈褌褜 3,218876 0,003756
蟹薪邪褔懈褌械谢褜薪褘泄 2,931194 0,003420
褍泻褉邪懈薪械褉芯褋褋懈褟褍泻褉邪懈薪邪写屑懈褌褉懈泄 3,912023 0,004565
芯斜谢邪褋褌褜胁邪 3,912023 0,004565
褎褍褌斜芯谢懈褋褌 3,912023 0,004565
锌芯写褌胁械褉卸写邪褌褜 0,013423 0,000016
蟹邪褟胁泻邪 2,708050 0,003160
芯褑械薪懈褌褜 2,525729 0,002947
谐邪胁褉懈谢芯胁 0,013423 0,000016
褍褔褉械写懈褌械谢褜 0,013423 0,000016
锌褉芯懈蟹胁芯谢褜薪褘泄 3,912023 0,004565
褋褋褘谢泻邪 0,013423 0,000063
褋褌褞邪褉写 4,317488 0,005038
泻芯屑屑褍薪懈泻邪褑懈褟 0,013423 0,000016
胁芯蟹芯斜薪芯胁懈褌褜 3,624341 0,004229
屑芯泄 0,013423 0,000078
斜邪薪薪械褉 4,317488 0,005038
邪褉褏懈胁 0,190354 0,000666
锌芯屑芯褔褜 0,013423 0,000016
蟹邪褟胁懈褌褜 1,272966 0,001485
褋褕邪 1,118815 0,001306
芯锌懈褋邪薪懈械 0,013423 0,000016
锌褉芯褑械褋褋 0,013423 0,000016
懈褞谢褜 1,609438 0,011268
褉芯褋泻芯屑薪邪写蟹芯褉 0,013423 0,000016
褌械褏薪芯谢芯谐懈褟 0,013423 0,000031
褋邪锌褉褘泻懈薪 2,708050 0,003160
泻邪褌芯泻 2,612740 0,003049
屑芯褋泻胁邪 0,006689 0,000031
褝泻褋锌芯褉褌薪褘泄 3,218876 0,003756
胁芯褋锌芯谢褜蟹芯胁邪褌褜褋褟 0,013423 0,000063
胁械褔械褉 2,931194 0,003420
褌褉邪薪褋褎械褉 4,317488 0,005038
芯斜褉褍褕懈褌褜褋褟 2,931194 0,003420
褋泻谢邪写 3,401197 0,003969
薪芯褟斜褉褜 1,514128 0,010601
写邪谢械械 0,013423 0,000031
胁芯泻蟹邪谢屑芯褋泻胁邪 4,317488 0,005038
褝泻芯薪芯屑懈泻邪褉芯褋褋懈褟褉芯褋褋懈泄褋泻懈泄 5,010635 0,005847
泻邪褌邪薪懈械邪写械谢懈械 5,010635 0,011693
褌褉邪屑锌褉褝褍 3,912023 0,004565
蟹械薪懈褌 3,624341 0,004229
械写懈薪褘泄 2,177422 0,005081
褏芯褌械褌褜 0,006689 0,000008
芯褌泻褉褘胁邪褌褜 0,013423 0,000031
锌械褉械泄褌懈 0,013423 0,000016
斜邪褕屑械褌 4,317488 0,005038
褋褌邪褌褜 0,851752 0,000994
锌邪谢械褋褌懈薪芯 3,624341 0,008458
芯斜褉邪褖械薪懈械 0,013423 0,000047
褔邪泄泻芯胁褋泻懈泄 3,912023 0,004565
芯锌械褉邪褑懈褟 1,752539 0,002045
褋锌械褑锌褉芯械泻褌 0,190354 0,000222
屑邪褋褋芯胁褘泄 0,013423 0,000016
芯斜褉邪斜芯褌泻邪 0,013423 0,000078
褝褌芯 0,013423 0,000016
泻邪谢谢邪褋锌邪胁械褌褜 3,624341 0,004229
褉械褔薪芯泄 2,612740 0,006097
芯谐褉邪薪懈褔懈褌褜 2,525729 0,002947
薪芯胁芯褋褌褜 0,006689 0,000031
褌邪褟薪懈锌邪褉邪谢懈屑锌懈泄褋泻懈泄 4,317488 0,005038
褋械薪褌褟斜褉褜 1,427116 0,009991
锌芯泻褍锌邪褌褜 2,612740 0,003049
蟹邪褉械谐懈褋褌褉懈褉芯胁邪褌褜褋褟 0,013423 0,000078
锌芯卸邪谢芯胁邪褌褜褋褟 0,006689 0,000016
胁芯泄褌懈 0,006689 0,000031
蟹邪褏邪褉芯胁 2,813411 0,003283
褎褍褌斜芯谢褋锌芯褉褌泻褉褘谢芯 5,010635 0,005847
泻邪褌邪薪懈械褋锌芯褉褌邪写械谢懈械 5,010635 0,005847
斜械褉懈薪谐芯胁 3,401197 0,003969
褝谢 0,013423 0,000016
褉邪写懈芯 0,274437 0,000320
蟹邪褖懈褌邪 0,013423 0,000063
褉械谐懈褋褌褉邪褑懈褟 0,013423 0,000078
锌芯褔械屑褍 0,013423 0,000016
胁芯褋褋褌邪薪芯胁谢械薪懈械 0,013423 0,000063
芯褌褉械邪谐懈褉芯胁邪褌褜 3,064725 0,007152
胁泻芯薪褌邪泻褌械 0,013423 0,000031
褎懈谐褍褉薪褘泄 2,302585 0,016121
锌褉芯谐褉邪屑屑邪 1,919593 0,004480
谢芯谐懈薪 0,013423 0,000016
泻芯薪褎懈写械薪褑懈邪谢褜薪芯褋褌褜 0,013423 0,000063
薪邪褉褍褕械薪懈械 0,013423 0,000047
薪邪胁褋械谐写邪 0,013423 0,000016
锌邪褉邪谢懈屑锌懈邪写邪 3,218876 0,003756
写械泄褋褌胁懈械 0,013423 0,000016
褉械谢懈蟹 0,013423 0,000016
薪邪蟹邪写 0,013423 0,000078
褋锌懈褋芯泻 0,013423 0,000016
邪褉谐械薪褌懈薪褋泻懈泄 3,912023 0,004565
褔邪泄泻芯胁褋泻懈泄褞褉懈泄 5,010635 0,005847
芯斜褟蟹邪褌械谢褜薪褘泄 0,013423 0,000110
褎械胁褉邪谢褜 0,567984 0,004639
芯褕懈斜泻邪 0,013423 0,000047
褉褝褑 3,401197 0,007937
胁芯锌褉芯褋 0,006689 0,000031
胁褘锌芯谢薪懈褌褜 3,401197 0,003969
蟹褍斜芯胁褋泻懈泄 0,013423 0,000031
懈谐褉邪 1,609438 0,007512
蟹邪锌芯谢薪懈褌褜 0,013423 0,000110
胁邪褕 0,013423 0,000251
懈屑褟 0,013423 0,000094
芯斜褖械褋褌胁芯 0,257045 0,000300
褎械写械褉邪褑懈褟 2,066196 0,002411
褋褉芯泻 0,013423 0,000031
芯褋薪芯胁邪薪懈械 0,013423 0,000016
懈蟹写邪薪懈械 0,013423 0,000016
斜褍谢褜胁邪褉 0,013423 0,000031
褋械褌械胁芯泄 0,013423 0,000016
褍褉邪谢屑邪褕 4,317488 0,005038
褋芯斜褘褌懈械 1,544899 0,001803
懈褋锌芯谢褜蟹芯胁邪薪懈械 0,013423 0,000016
邪胁谐褍褋褌 1,752539 0,012270
胁薪芯胁褜 0,013423 0,000016
褋屑械薪懈褌褜 0,013423 0,000016
斜械褉懈薪谐 3,624341 0,004229
锌褉懈褋屑邪褌褉懈胁邪褌褜 3,401197 0,003969
屑邪褌械褉懈邪谢 0,013423 0,000141
褍褔邪褋褌胁芯胁邪褌褜 0,013423 0,000031
褋芯芯斜褖懈褌褜 0,013423 0,000016
懈蟹褉邪懈谢褜褋泻懈泄 3,401197 0,007937
斜褘褌褜 0,013423 0,000016
褍褋锌械褕薪芯 0,013423 0,000016
褋泻褉懈薪褕芯褌 0,013423 0,000047
懈褋褌械褔褜 0,013423 0,000016
谢械薪褌邪 0,006689 0,000016
蟹懈屑薪懈泄 1,919593 0,004480
褋褎械褉邪 0,013423 0,000016
褝谢械泻褌褉芯薪薪褘泄 0,013423 0,000016
褋锌芯褉褌 0,190354 0,000444
锌褉芯谢懈胁 3,218876 0,003756
邪褉械薪写邪 3,401197 0,003969
褋胁懈写械褌械谢褜褋褌胁芯 0,013423 0,000016
泻芯屑屑械薪褌懈褉芯胁邪薪懈械 0,013423 0,000031
斜谢芯泻懈褉芯胁邪褌褜褋褟 0,013423 0,000016
褋斜芯褉 2,708050 0,003160
锌谢械褏邪薪芯胁邪褌褜 4,317488 0,005038
锌械褋泻芯胁泻邪泄褟 3,912023 0,004565
锌褉邪胁懈谢芯 0,013423 0,000078
褋芯褏褉邪薪懈褌褜 0,013423 0,000016
锌褉懈屑械薪械薪懈械 0,013423 0,000016
胁蟹邪懈屑芯写械泄褋褌胁懈械 0,013423 0,000031
写邪褌褜 0,013423 0,000031
锌褉械褋褋 0,013423 0,000031
褋芯谐谢邪褋薪褘泄 0,013423 0,000047
锌械褉褋芯薪邪谢褜薪褘泄 0,013423 0,000125
斜邪褋泻械褌斜芯谢褋锌芯褉褌褍褉邪谢屑邪褕蟹械薪懈褌 5,010635 0,005847
胁芯蟹屑芯卸薪褘泄 1,576648 0,001840
锌械褉械褌褟薪褍褌褜 0,013423 0,000016
褋屑芯褔褜 0,006689 0,000008
懈褋锌芯谢褜蟹芯胁邪褌褜褋褟 0,006689 0,000008
褋褕邪泻邪褋褘屑 4,317488 0,005038
卸械薪褖懈薪邪 1,832581 0,002138
谐芯褌芯胁褘泄 0,006689 0,000023
胁褘褋褌褍锌谢械薪懈械 3,064725 0,007152
泻褉芯胁谢褟 3,624341 0,004229
写邪褌邪 0,006689 0,000008
褔械屑锌懈芯薪邪褌 2,708050 0,003160
芯写薪芯泻谢邪褋褋薪懈泻 0,013423 0,000031
薪械写芯锌褍褋褌懈屑褘泄 0,013423 0,000016
胁褘 0,013423 0,000016
泻芯屑锌芯蟹懈褌芯褉 3,624341 0,004229
褎懈芯 0,013423 0,000016
胁芯褋褋褌邪薪芯胁懈褌褜 0,013423 0,000016
锌芯卸邪谢褍泄褋褌邪 0,013423 0,000016
褉芯褋褋懈泄褋泻懈泄 0,883501 0,001031
褎械褋褌懈胁邪谢褜 2,931194 0,006841
泻褉褘谢芯 3,401197 0,003969
胁械褉褋懈褟 0,013423 0,000016
薪懈卸械 0,013423 0,000047
褉芯褋褋懈褟 0,006689 0,000070
褋屑芯褌褉械褌褜 1,966113 0,002294
褌械谐 0,190354 0,000222
锌械褌褉芯褋褟薪泻邪芯褉邪褌褜 5,010635 0,005847
胁褘写械谢懈褌褜 2,931194 0,003420
蟹邪褉械谐懈褋褌褉懈褉芯胁邪褌褜 0,013423 0,000016
褌褉械斜芯胁邪薪懈械 1,832581 0,006415
懈蟹褉邪懈谢褜 2,931194 0,003420
褟薪胁邪褉褜 1,040343 0,008498
芯斜褖械褋褌胁芯褋薪械谐芯锌邪写 4,317488 0,005038
薪邪蟹胁邪褌褜 1,347074 0,001572
泻邪蟹邪褏褋褌邪薪 3,218876 0,003756
褋邪泄褌 0,013423 0,000047
锌芯谢械 0,013423 0,000125
蟹邪褏邪褉芯胁邪邪薪褌芯薪懈芯 4,317488 0,005038
锌芯谢械蟹薪褘泄 0,143101 0,000167
谐邪谢芯褔泻邪 0,013423 0,000016
褕褌邪褌 2,014903 0,002351
蟹邪斜谢芯泻懈褉芯胁邪褌褜 0,013423 0,000031
锌械褉械褌邪褖懈褌褜 0,013423 0,000047
褕邪褉邪锌芯胁 4,317488 0,005038
褌褍褉懈蟹屑 0,283247 0,000331
锌芯写写械褉卸懈胁邪械褌褋褟锌芯谢褍褔懈褌褜 0,013423 0,000016
邪写褉械褋 0,013423 0,000078
写褉褍谐芯泄 0,013423 0,000047
褋芯芯褌胁械褌褋褌胁懈械 0,013423 0,000031
褉邪斜芯褌邪 1,427116 0,001665
褍薪懈褌邪褉薪褘泄 0,013423 0,000047
写邪胁邪褌褜 0,013423 0,000031
斜褉邪褔薪褘泄 3,624341 0,004229
芯褌锌褉邪胁泻邪 0,013423 0,000016
蟹邪谐褉褍蟹懈褌褜 0,013423 0,000031
薪邪锌褉邪胁谢械薪懈械 0,013423 0,000016
褌械谢械褎芯薪 0,013423 0,000016
褉械写邪泻褑懈褟 0,013423 0,000047
写芯谢卸薪褘泄 0,013423 0,000016
锌褉懈褔懈薪邪 2,066196 0,002411
邪胁褌芯褉 0,013423 0,000016
褋褌邪褉褘泄 0,013423 0,000016
褋芯芯斜褖械薪懈械 0,013423 0,000219
锌邪谢械褋褌懈薪邪 2,813411 0,003283
锌褉芯懈褋褕械褋褌胁懈械 0,292136 0,000682
锌芯写芯谢褜褋泻 3,624341 0,004229
屑芯褋泻胁邪胁邪泄谢写斜械褉褉懈蟹 4,317488 0,005038
锌芯写褌胁械褉写懈褌褜 0,013423 0,000016
褝泻褋锌械褉褌 1,373049 0,003204
邪胁褌芯褉懈蟹邪褑懈褟 0,013423 0,000016
褉械谢懈谐懈褟 0,283247 0,000331
褉械泄褌懈薪谐 0,006689 0,000008
褎芯褉屑邪 0,013423 0,000188
褌褉邪薪褋谢褟褑懈褟 3,912023 0,013694
蟹邪褉褍斜懈薪械胁褉芯褋芯褞蟹胁褘泄 3,912023 0,004565
锌械褌褉芯褋褟薪蟹懈屑薪懈泄 4,317488 0,015114
泻褍谢褜褌褍褉邪 0,292136 0,000341
泻芯谢谢械谐邪 2,371578 0,002767
邪褎械褉懈褋褌 3,624341 0,004229
褋褌邪褌褜褟 0,013423 0,000016
芯胁芯褖薪芯泄 2,612740 0,003049
锌械褌褉芯褋褟薪 3,624341 0,008458
芯褋屑邪褌褉懈胁邪褌褜 3,624341 0,004229
泻邪谢谢邪褋 2,612740 0,003049
薪械写胁懈卸懈屑芯褋褌褜 0,292136 0,000341
褉械写邪泻褌芯褉 0,013423 0,000016
屑懈褉械褋褕邪邪胁褋褌褉邪谢懈褟褟锌芯薪懈褟写芯薪邪谢褜写 4,317488 0,005038
泻芯薪褌邪泻褌 0,013423 0,000016
锌谢邪薪 1,678431 0,001958
褌械屑邪 0,013423 0,000047
褋械褉胁懈褋 0,174353 0,000203
谐芯褋褍写邪褉褋褌胁械薪薪褘泄 0,013423 0,000047
写懈褋泻褍褋褋懈褟 0,013423 0,000031
褌芯薪薪械谢褜 3,401197 0,003969
褋胁褟蟹邪薪薪褘泄 0,013423 0,000031
褋芯褔懈褋芯褔懈褉芯褋褋懈褟邪谢械泻褋邪薪写褉 5,010635 0,005847
褋谢褍卸斜邪 0,006689 0,000008
褉懈邪 0,006689 0,000016
蟹邪屑械褌懈褌褜 0,013423 0,000016
蟹邪泻褉褘褌褘泄 0,013423 0,000016
褌褉邪薪褋锌芯褉褌懈褉芯胁泻邪 3,401197 0,003969
褍锌褉邪胁谢械薪懈褟芯斜芯褋褌褉械薪懈械 5,010635 0,005847
芯斜褉邪褖邪褌褜 0,013423 0,000016
褉械泻芯屑械薪写邪褌械谢褜薪褘泄 0,013423 0,000016
斜褍写褍褖械械 2,238047 0,002611
谐芯写 0,006689 0,000008
屑械卸写褍薪邪褉芯写薪褘泄 0,013423 0,000063
屑邪褌褔 2,066196 0,007233
褍泻褉邪懈薪邪泻懈械胁屑胁褎屑懈褉薪褘泄 4,317488 0,005038
芯泻褌褟斜褉褜 1,714798 0,012006
锌褉芯写褍泻褑懈褟 3,401197 0,003969
褌褉邪屑锌 1,544899 0,003605
懈褋泻褍褋褋褌胁芯 3,401197 0,003969
芯褌薪芯褕械薪懈褟芯斜褖械褋褌胁芯 4,317488 0,005038
褏邪薪懈褟褋械褉谐械泄 5,010635 0,005847
屑邪泄 1,643339 0,011505
邪谐械薪褌褋褌胁芯 0,013423 0,000063
锌械褉褋锌械泻褌懈胁邪 2,708050 0,003160
邪胁褌芯褉懈蟹芯胁邪褌褜褋褟 0,013423 0,000031
胁褘斜褉邪褌褜 0,013423 0,000047
褋械谐芯写薪褟 0,013423 0,000078
锌褉芯褋懈褌褜 0,013423 0,000016
锌褉芯谢懈胁褉芯褋褋懈褟褋褕邪写芯薪邪谢褜写 4,317488 0,005038
薪芯胁褘械褋薪邪褔邪谢邪 0,013423 0,000016
邪泻褌褢褉 2,371578 0,002767
褕邪锌泻邪 0,013423 0,000016
芯褌锌褉邪胁懈褌褜 0,013423 0,000219
锌褉芯写芯谢卸懈褌褜 0,006689 0,000008
褉械褕械薪懈械 0,006689 0,000008
谢懈谐邪 1,966113 0,004588
芯蟹薪邪泻芯屑懈褌褜 0,013423 0,000016
屑邪褉褌 1,514128 0,010601
胁芯械薪薪褘泄 1,514128 0,001767
胁邪泻邪薪褋懈褟 0,013423 0,000016
屑褘 0,013423 0,000110
锌褉芯褋褌邪胁谢褟褌褜 0,013423 0,000016
斜芯谢械谢褜褖懈泻 3,064725 0,003576
褍褔邪褋褌懈械 0,006689 0,000008
邪泻泻邪褍薪褌 0,013423 0,000078
褝泻芯薪芯屑懈泻邪 0,292136 0,000341
芯谢懈屑锌懈邪写邪 2,445686 0,008561
芯斜褋褍卸写械薪懈械 0,013423 0,000031
褋薪械谐芯锌邪写 2,177422 0,002541
芯锌械褔邪褌泻邪 0,013423 0,000016
懈褋锌芯谢褜蟹芯胁邪褌褜 0,013423 0,000016
褌褉邪屑锌芯芯薪 4,317488 0,005038
芯薪谢邪泄薪 0,013423 0,000016
屑胁褎 3,624341 0,004229
懈谐褉褘屑懈薪懈褋褌械褉褋褌胁芯 4,317488 0,005038
锌芯褔褌邪 0,013423 0,000110
斜谢芯泻懈褉芯胁泻邪 0,013423 0,000063
褋褌褉芯懈褌械谢褜褋褌胁芯 2,931194 0,003420
芯褋褍褖械褋褌胁谢褟褌褜褋褟 0,013423 0,000016
懈褋褌芯褉懈褟 1,139434 0,001330
邪锌褉械谢褜 0,013423 0,000110
褎邪屑懈谢懈褟 0,013423 0,000016
褋邪泻邪屑芯褌芯蟹懈屑薪懈泄 5,010635 0,005847
薪邪褔懈薪邪褌褜 2,445686 0,002854
褟薪写械泻褋 0,013423 0,000031
褍薪懈胁械褉褋懈褌械褌 1,919593 0,002240
谢懈斜芯 0,013423 0,000016
褎械写械褉邪谢褜薪褘泄 0,013423 0,000063
薪邪卸懈屑邪褌褜 0,013423 0,000016
屑懈褉械锌邪谢械褋褌懈薪邪懈蟹褉邪懈谢褜褉芯褋褋懈褟胁谢邪写懈屑懈褉 5,010635 0,005847
锌芯懈褋泻 0,013423 0,000016
锌械褉械褕械谢胁邪 4,317488 0,005038
屑懈褉械泻邪蟹邪褏褋褌邪薪胁邪褕懈薪谐褌芯薪 4,317488 0,005038
泻邪褌邪薪懈械 2,302585 0,005374
锌芯锌褉芯斜芯胁邪褌褜 0,013423 0,000016
蟹邪锌芯谢薪械薪懈械 0,013423 0,000110
褍褔邪褋褌薪懈泻 1,752539 0,002045
谐芯褋锌芯写写械褉卸泻邪 3,401197 0,003969
胁薪懈屑邪薪懈械 0,013423 0,000016
锌褉懈薪懈屑邪褌褜 0,013423 0,000016
褉邪褋锌懈褋邪薪懈械 2,525729 0,002947
胁褘锌褍褋泻 0,013423 0,000016
薪邪写蟹芯褉 0,013423 0,000016
褎懈薪邪薪褋懈褉芯胁邪薪懈械 2,708050 0,003160
胁褌斜 3,912023 0,009130
谢邪胁褉芯胁褏邪屑邪褋芯芯薪谐芯褋褍写邪褉褋褌胁械薪薪褘泄 5,010635 0,005847
锌褉械写锌褉懈褟褌懈械 0,013423 0,000047
褋锌芯褋芯斜 0,013423 0,000031
薪邪褍泻邪 0,283247 0,000331
褌芯泻邪泄 3,401197 0,003969
芯斜褉邪褌薪褘泄 0,013423 0,000110
锌褉懈蟹薪邪泻 3,064725 0,003576
褋芯胁械褌芯胁懈薪褋褌懈褌褍褌芯褉锌谢 5,010635 0,005847
锌褉芯写褍泻褌 0,135438 0,000158
锌褉芯懈蟹芯泄褌懈 0,013423 0,000016
