калий 4,317488 0,001241
банк 1,966113 0,009042
законный 0,013423 0,000004
утолять 5,010635 0,002881
день 0,591795 0,003912
батон 4,317488 0,001241
колотевквасный 5,010635 0,001440
калин 5,010635 0,001440
найти 0,013423 0,000004
свекольный 3,912023 0,010120
ритуал 3,624341 0,001042
письмо 0,013423 0,000008
спасибо 0,013423 0,000004
расширить 0,006689 0,000002
балтийский 4,317488 0,001241
пена 3,912023 0,001124
вытекать 5,010635 0,001440
литровый 5,010635 0,001440
согласие 0,013423 0,000008
центр 0,166448 0,000048
ст 2,813411 0,007278
содержимое 3,624341 0,004167
концентрат 5,010635 0,004321
прохладный 3,624341 0,002084
множество 2,931194 0,002528
встретить 2,813411 0,000809
связаться 0,013423 0,000023
тёплый 2,708050 0,014011
смочить 5,010635 0,001440
вода 1,576648 0,032176
человек 1,118815 0,000643
немного 2,177422 0,000626
реклама 0,013423 0,000008
фото 0,013423 0,000035
связь 0,006689 0,000015
подсластить 5,010635 0,001440
кастрюля 2,371578 0,007499
область 1,427116 0,000820
гречишный 5,010635 0,007201
хмель 5,010635 0,001440
суп 2,302585 0,000662
перемешать 2,238047 0,010936
укутать 5,010635 0,002881
клюква 4,317488 0,001241
пройти 0,006689 0,000002
заголовок 0,013423 0,000008
информационный 0,013423 0,000015
водитель 3,912023 0,001124
обжаривать 3,624341 0,001042
препятствовать 4,317488 0,001241
рассмотреть 0,013423 0,000004
капуста 2,708050 0,000778
расположить 0,013423 0,000008
кормить 4,317488 0,001241
употребление 4,317488 0,002482
сегодняшний 5,010635 0,001440
простота 3,624341 0,001042
данный 2,014903 0,000579
очистить 2,238047 0,001930
готовить 1,966113 0,005651
главный 0,013423 0,000008
подкаст 0,292136 0,000084
проблема 0,013423 0,000004
данные 0,013423 0,000031
иной 2,238047 0,000643
также 1,139434 0,002948
отрезать 3,624341 0,001042
появиться 2,120264 0,001828
фотография 0,013423 0,000004
легко 1,791759 0,000515
предварительно 2,931194 0,000843
трава 3,064725 0,002643
соглашаться 0,013423 0,000004
сначала 0,013423 0,000004
употреблять 3,401197 0,003911
разбавить 4,317488 0,002482
вред 2,445686 0,000703
начать 1,966113 0,000565
редька 3,912023 0,004498
биологический 3,912023 0,001124
поминальный 3,912023 0,001124
сухарь 5,010635 0,030245
однако 1,966113 0,000565
удалить 0,013423 0,000015
закрыть 3,624341 0,002084
сырьё 4,317488 0,001241
брусника 4,317488 0,001241
размещение 0,013423 0,000004
сколько 0,006689 0,000002
крепкий 4,317488 0,002482
яблочный 4,317488 0,003723
ресторан 3,912023 0,001124
один 1,098612 0,000316
оттенок 2,612740 0,002253
иметь 1,544899 0,000888
совет 1,226446 0,001410
мучной 5,010635 0,002881
обряд 3,624341 0,001042
богатый 3,624341 0,003125
самостоятельный 3,912023 0,001124
гречневый 3,624341 0,001042
кожура 2,813411 0,001617
нарезать 2,120264 0,003657
торговля 3,401197 0,000978
приносить 4,317488 0,001241
минута 1,226446 0,001410
кислый 3,912023 0,001124
выложить 2,708050 0,001557
некоторый 2,014903 0,001158
вишня 3,912023 0,001124
архив 0,190354 0,000055
кардамон 5,010635 0,001440
кипяток 2,813411 0,008087
частый 2,445686 0,000703
описание 0,013423 0,000004
шт 2,238047 0,003860
метод 2,931194 0,000843
процесс 0,013423 0,000008
залить 2,445686 0,016872
мука 3,912023 0,020240
южный 2,931194 0,000843
говорить 1,714798 0,000493
подрумяниться 5,010635 0,001440
положительно 4,317488 0,001241
хранить 3,218876 0,003701
щи 3,912023 0,001124
кишечник 5,010635 0,002881
качество 2,177422 0,000626
мальтозный 5,010635 0,001440
опустить 3,624341 0,001042
влиять 2,445686 0,001406
екатерина 2,445686 0,000703
встречаться 3,401197 0,001955
поставить 2,014903 0,005212
являться 1,875141 0,001078
наполнить 3,912023 0,003373
солнце 3,064725 0,000881
тмин 5,010635 0,004321
перейти 0,013423 0,000012
прессовать 5,010635 0,001440
обладать 3,064725 0,002643
нужно 1,455287 0,004183
солодовый 5,010635 0,001440
закрепить 3,624341 0,006251
гастрит 5,010635 0,001440
оглавление 1,791759 0,000515
изменять 4,317488 0,001241
группа 2,302585 0,000662
огонь 1,966113 0,001130
спецпроект 0,190354 0,000055
слово 1,514128 0,000870
литовский 4,317488 0,003723
осадка 5,010635 0,002881
газ 2,612740 0,001502
слив 5,010635 0,001440
плод 3,401197 0,001955
стоить 1,678431 0,000965
вылить 3,912023 0,001124
эффект 3,401197 0,000978
понятно 3,624341 0,001042
жажда 5,010635 0,002881
эмалировать 3,912023 0,001124
карельски 5,010635 0,001440
стакан 3,064725 0,007047
отварить 2,813411 0,000809
трое 3,912023 0,006747
относиться 2,371578 0,000682
эл 0,013423 0,000004
идеально 2,612740 0,000751
дзен 0,851752 0,000245
охлаждение 3,401197 0,001955
рисовый 3,912023 0,004498
почему 0,013423 0,000004
быстрый 1,714798 0,001972
добавить 1,514128 0,021326
отключить 3,401197 0,001955
вкусный 1,752539 0,000504
готовиться 2,931194 0,000843
вконтакте 0,013423 0,000008
логин 0,013423 0,000004
конфиденциальность 0,013423 0,000015
нарушение 0,013423 0,000012
навсегда 0,013423 0,000004
общий 2,014903 0,000579
натереть 2,708050 0,000778
назад 0,013423 0,000019
остудить 2,931194 0,017693
болезнь 3,624341 0,001042
список 0,013423 0,000004
масса 2,813411 0,001617
состояние 1,919593 0,000552
садиться 5,010635 0,001440
пузырёк 3,912023 0,001124
приобрести 2,302585 0,000662
слабый 2,708050 0,000778
цинк 4,317488 0,001241
зубовский 0,013423 0,000008
заполнить 0,013423 0,000027
сохранять 3,401197 0,000978
традиция 1,919593 0,000552
общество 0,257045 0,000074
главное 1,609438 0,000463
так 2,525729 0,000726
хмелить 4,317488 0,001241
процедить 3,218876 0,022206
промыть 2,612740 0,003004
основание 0,013423 0,000004
лимон 3,064725 0,008809
издание 0,013423 0,000004
бульвар 0,013423 0,000008
активный 2,813411 0,001617
сетевой 0,013423 0,000004
напрямую 3,218876 0,000925
сусло 5,010635 0,023044
вновь 0,013423 0,000004
мина 2,445686 0,002109
сменить 0,013423 0,000004
подождать 5,010635 0,001440
урусов 5,010635 0,001440
добавка 3,401197 0,001955
участвовать 0,013423 0,000008
сообщить 0,013423 0,000004
быть 0,013423 0,000004
пошаговый 1,455287 0,000837
трёхлитровый 5,010635 0,007201
скриншот 0,013423 0,000012
ценный 3,912023 0,001124
квасной 5,010635 0,005761
истечь 0,013423 0,000004
налить 3,218876 0,003701
солод 5,010635 0,018723
отмечать 1,399717 0,001207
черносмородиновый 5,010635 0,004321
приготовить 1,643339 0,008502
преподаватель 3,912023 0,001124
электронный 0,013423 0,000004
спорт 0,190354 0,000055
бактерия 4,317488 0,001241
плодовый 5,010635 0,001440
национальный 2,302585 0,001986
топинамбур 4,317488 0,001241
этот 1,514128 0,000435
полстакана 5,010635 0,001440
глубокий 2,931194 0,000843
цедра 3,912023 0,002249
протяжение 3,624341 0,001042
классификация 5,010635 0,004321
медь 5,010635 0,001440
аналогично 4,317488 0,001241
проявлять 5,010635 0,001440
пряный 3,218876 0,000925
сохранить 0,013423 0,000004
ложка 2,525729 0,002904
народ 2,238047 0,001930
чайный 3,912023 0,002249
взаимодействие 0,013423 0,000008
илья 3,218876 0,001850
кипение 2,931194 0,000843
согласный 0,013423 0,000012
перетянуть 0,013423 0,000004
ёмкость 3,401197 0,016620
использоваться 0,006689 0,000010
женщина 1,832581 0,000527
хранение 3,064725 0,001762
впервые 2,238047 0,000643
размешивать 5,010635 0,001440
базовый 3,624341 0,002084
оставить 1,966113 0,023171
фио 0,013423 0,000004
кусок 3,401197 0,004888
сесть 4,317488 0,001241
пожалуйста 0,013423 0,000004
гастроэнтеролог 3,912023 0,001124
стол 1,832581 0,001580
необходимо 1,791759 0,004635
марля 3,624341 0,032295
луговой 5,010635 0,005761
насыпать 3,912023 0,001124
ниже 0,013423 0,000015
морской 3,218876 0,000925
версия 0,013423 0,000004
окрошка 3,218876 0,005551
спустя 2,813411 0,004852
сутки 2,371578 0,011589
шесть 2,371578 0,000682
тег 0,190354 0,000055
измельчить 2,931194 0,004213
зарегистрировать 0,013423 0,000004
вытащить 3,624341 0,002084
микроэлемент 5,010635 0,001440
молочнокислый 5,010635 0,001440
влить 3,064725 0,004405
поле 0,013423 0,000031
гуща 5,010635 0,001440
перетащить 0,013423 0,000012
положить 1,966113 0,002826
русь 3,912023 0,002249
туризм 0,283247 0,000081
мелкий 2,371578 0,001363
адрес 0,013423 0,000019
соответствие 0,013423 0,000008
работа 1,427116 0,000410
загрузить 0,013423 0,000008
направление 0,013423 0,000004
телефон 0,013423 0,000004
рябиновый 5,010635 0,002881
редакция 0,013423 0,000012
чёрный 2,238047 0,003217
пока 1,919593 0,001104
определять 3,624341 0,001042
должный 0,013423 0,000004
сибирь 5,010635 0,001440
донецкий 3,218876 0,002776
благотворно 5,010635 0,002881
отвар 3,624341 0,001042
автор 0,013423 0,000004
старый 0,013423 0,000008
карамельный 4,317488 0,002482
сообщение 0,013423 0,000054
кроме 1,919593 0,001104
польза 2,302585 0,001986
тёрка 2,813411 0,000809
лёгкий 2,120264 0,001219
происшествие 0,292136 0,000084
подавать 2,302585 0,001324
ингредиент 1,919593 0,022071
подтвердить 0,013423 0,000004
правительство 1,875141 0,000539
бодрящий 5,010635 0,001440
эксперт 1,373049 0,000789
фрукт 3,064725 0,001762
посуда 2,813411 0,001617
белорус 3,912023 0,001124
квасник 5,010635 0,001440
сосуд 5,010635 0,002881
культура 0,292136 0,000084
свободный 3,218876 0,000925
ароматный 2,302585 0,001986
получаться 2,708050 0,000778
статья 0,013423 0,000004
дрожжи 3,401197 0,055725
грамм 3,912023 0,002249
редактор 0,013423 0,000004
фгуп 0,499776 0,000431
внутри 3,912023 0,002249
получить 0,985284 0,002266
подсушить 4,317488 0,002482
очищать 3,624341 0,001042
контакт 0,013423 0,000004
хлебный 3,624341 0,020836
письменный 3,401197 0,000978
государственный 0,013423 0,000012
дождаться 3,624341 0,001042
сделать 1,226446 0,002468
тщательно 2,445686 0,004218
различный 2,525729 0,002904
связанный 0,013423 0,000008
мочекаменный 5,010635 0,001440
риа 0,006689 0,000019
вскипятить 4,317488 0,004964
марганец 5,010635 0,001440
закрытый 0,013423 0,000004
обращать 0,013423 0,000004
алкоголь 3,624341 0,002084
разный 1,484275 0,001707
тепло 3,912023 0,008996
карелия 3,401197 0,000978
год 0,006689 0,000004
распространить 3,064725 0,001762
отпарить 5,010635 0,001440
можжевеловый 5,010635 0,004321
кухня 1,576648 0,001813
лечение 3,064725 0,000881
международный 0,013423 0,000012
беременная 5,010635 0,001440
тёртый 2,931194 0,000843
руль 5,010635 0,001440
поэтому 2,014903 0,000579
сахар 2,525729 0,045012
столовый 3,624341 0,002084
май 1,643339 0,000472
агентство 0,013423 0,000015
укупорить 5,010635 0,001440
рис 3,912023 0,003373
сегодня 0,013423 0,000031
супербыстрый 5,010635 0,001440
просить 0,013423 0,000004
сразу 1,832581 0,000527
температура 2,445686 0,007030
такой 1,098612 0,000632
спровоцировать 5,010635 0,001440
овсяный 3,624341 0,016668
кипячёный 4,317488 0,003723
прокиснуть 5,010635 0,001440
малый 2,612740 0,000751
ботвинья 5,010635 0,002881
вкусовой 2,813411 0,000809
рецептура 5,010635 0,002881
шапка 0,013423 0,000004
отправить 0,013423 0,000058
овощ 2,120264 0,001828
предпочитать 3,401197 0,000978
регион 1,919593 0,000552
продолжить 0,006689 0,000002
решение 0,006689 0,000002
ознакомить 0,013423 0,000004
растворить 5,010635 0,001440
морошка 5,010635 0,001440
благодаря 2,302585 0,000662
проставлять 0,013423 0,000004
аккаунт 0,013423 0,000019
экономика 0,292136 0,000084
состав 2,120264 0,001219
тот 1,576648 0,000453
обсуждение 0,013423 0,000008
наиболее 2,813411 0,000809
кукурузный 3,624341 0,002084
миска 2,612740 0,003004
содержать 2,931194 0,000843
почта 0,013423 0,000027
блокировка 0,013423 0,000015
рецепт 1,118815 0,008040
пищеварение 5,010635 0,001440
история 1,139434 0,001638
раздать 5,010635 0,001440
вариация 3,912023 0,004498
три 2,120264 0,000609
хозяйка 3,401197 0,001955
фамилия 0,013423 0,000004
евгений 2,238047 0,001287
довольно 3,401197 0,002933
питательный 2,931194 0,000843
яндекс 0,013423 0,000008
хлеб 2,371578 0,025904
университет 1,919593 0,000552
медовый 3,624341 0,002084
ягодный 3,624341 0,002084
холодный 2,066196 0,003563
гипертония 5,010635 0,001440
либо 0,013423 0,000008
напиток 2,371578 0,021814
остыть 2,525729 0,003630
понадобиться 2,813411 0,008896
растворение 4,317488 0,002482
нажимать 0,013423 0,000004
сыворотка 5,010635 0,002881
накрыть 3,218876 0,021280
название 2,813411 0,000809
тонизировать 5,010635 0,001440
поиск 0,013423 0,000004
корица 4,317488 0,001241
бородинский 4,317488 0,006205
желудок 4,317488 0,001241
квасов 5,010635 0,001440
придерживаться 4,317488 0,001241
железо 5,010635 0,001440
спиртовой 5,010635 0,001440
пшено 5,010635 0,001440
низкий 3,401197 0,002933
условие 1,321756 0,000760
противопоказанный 5,010635 0,001440
кафе 3,912023 0,001124
насчитываться 4,317488 0,001241
настояться 3,064725 0,000881
устойчивый 3,624341 0,001042
кислота 3,064725 0,005286
немой 2,612740 0,000751
зима 1,919593 0,000552
пахучий 5,010635 0,001440
способ 0,013423 0,000019
груша 4,317488 0,002482
признак 3,064725 0,000881
продукт 0,135438 0,000117
отруби 4,317488 0,003723
буханка 5,010635 0,001440
витамин 3,912023 0,003373
польский 2,708050 0,001557
язва 5,010635 0,001440
новый 0,006689 0,000006
размешать 3,624341 0,007292
образ 2,066196 0,000594
вынести 2,813411 0,000809
происходить 2,177422 0,000626
долить 5,010635 0,005761
местный 2,708050 0,000778
пить 3,912023 0,002249
менее 2,177422 0,000626
доступ 0,013423 0,000008
миа 0,013423 0,000019
хлопья 5,010635 0,014403
охладиться 4,317488 0,001241
полный 1,678431 0,000965
задать 0,013423 0,000004
расстройство 4,317488 0,001241
помощь 1,321756 0,000760
растолкать 5,010635 0,001440
г 0,013423 0,000413
сладкий 2,302585 0,000662
кислинка 3,218876 0,000925
варить 2,371578 0,001363
качественный 3,218876 0,000925
политика 0,013423 0,000019
л 2,525729 0,033396
подходить 2,445686 0,002109
плотно 3,624341 0,001042
о 0,013423 0,000004
латыш 5,010635 0,001440
применять 3,401197 0,001955
х 3,401197 0,000978
течение 0,013423 0,000012
ягода 2,525729 0,004356
кипячение 3,912023 0,001124
ч 2,612740 0,003755
дополнительный 2,066196 0,000594
бредис 4,317488 0,001241
земляника 5,010635 0,001440
выдержать 3,624341 0,003125
вариант 1,966113 0,000565
мир 0,223144 0,000064
семечковый 5,010635 0,001440
русский 1,118815 0,001286
освежать 2,612740 0,000751
поместить 3,064725 0,002643
порошок 3,401197 0,002933
небольшой 2,014903 0,001158
классический 1,752539 0,001007
крепость 3,912023 0,001124
время 0,013423 0,000027
нехлебный 5,010635 0,005761
охладить 2,931194 0,012638
кнопка 0,013423 0,000004
цикорий 5,010635 0,008642
бутылка 4,317488 0,019856
обед 3,912023 0,001124
выходить 3,064725 0,000881
румынский 3,912023 0,002249
ранее 0,013423 0,000004
болезнетворный 5,010635 0,001440
чистый 3,218876 0,005551
сергей 1,544899 0,000444
получение 2,302585 0,000662
город 0,013423 0,000004
разблокировать 0,013423 0,000012
оставлять 3,064725 0,000881
сбраживание 5,010635 0,004321
кондитер 3,401197 0,001955
следовать 2,014903 0,001158
час 0,013423 0,000108
чат 0,013423 0,000008
молочный 2,931194 0,004213
новостеймолния 0,013423 0,000004
написать 0,013423 0,000004
северный 2,177422 0,000626
начаться 2,813411 0,000809
вечный 3,912023 0,001124
зарубежный 3,912023 0,001124
плёнка 3,624341 0,001042
показать 0,013423 0,000004
пароль 0,013423 0,000042
калорийность 2,120264 0,000609
цветочный 5,010635 0,001440
настаивать 4,317488 0,001241
вход 0,013423 0,000008
рекомендоваться 3,218876 0,001850
читать 0,791128 0,000227
описать 0,013423 0,000004
дозревать 5,010635 0,001440
полчаса 3,401197 0,001955
фермерский 4,317488 0,001241
однородный 3,064725 0,001762
ячменный 5,010635 0,004321
древний 2,525729 0,000726
приятный 3,218876 0,000925
горсть 5,010635 0,002881
смородина 4,317488 0,003723
перемешивать 3,624341 0,001042
смесь 2,371578 0,002727
сухарик 4,317488 0,001241
подтверждать 0,013423 0,000004
гаврилов 0,013423 0,000004
учредитель 0,013423 0,000004
шишка 5,010635 0,001440
славянский 3,624341 0,001042
московский 1,678431 0,000482
ссылка 0,013423 0,000015
коммуникация 0,013423 0,000004
активность 3,218876 0,000925
срезать 4,317488 0,001241
мой 0,013423 0,000019
князь 3,912023 0,001124
помочь 0,013423 0,000008
отобрать 4,317488 0,001241
добавление 2,931194 0,001685
желательно 3,912023 0,001124
наймушиный 3,912023 0,002249
основа 2,120264 0,002438
делать 1,427116 0,000820
роскомнадзор 0,013423 0,000004
герметичный 4,317488 0,001241
технология 0,013423 0,000008
градус 2,931194 0,007583
остаться 1,919593 0,000552
духовка 2,708050 0,006227
москва 0,006689 0,000006
изюм 4,317488 0,049641
воспользоваться 0,013423 0,000015
специфический 3,912023 0,001124
зерно 3,624341 0,001042
сорт 2,931194 0,001685
отдельный 2,525729 0,001452
добавлять 1,919593 0,002759
пауза 4,317488 0,003723
особенно 2,612740 0,000751
укрыть 4,317488 0,002482
рынок 2,708050 0,000778
большой 1,832581 0,001054
мятый 3,912023 0,002249
далее 0,013423 0,000015
свыше 3,064725 0,000881
дозреть 5,010635 0,001440
кипятить 3,912023 0,001124
сковорода 2,525729 0,000726
виктория 2,931194 0,000843
рецептырецепт 1,875141 0,000539
овёс 5,010635 0,001440
температурный 4,317488 0,002482
расчёт 2,708050 0,000778
хотеть 0,006689 0,000002
открывать 0,013423 0,000008
высыпать 3,912023 0,001124
достаточно 2,445686 0,001406
стать 0,851752 0,000245
разновидность 3,624341 0,003125
отличный 3,401197 0,000978
нежный 2,177422 0,000626
обращение 0,013423 0,000012
это 0,013423 0,000023
массовый 0,013423 0,000004
обработка 0,013423 0,000019
переложить 3,064725 0,002643
вкус 1,752539 0,006549
лимонный 2,931194 0,013481
тара 4,317488 0,002482
два 1,514128 0,000435
бродить 5,010635 0,001440
насыщенный 2,931194 0,001685
сироп 4,317488 0,006205
новость 0,006689 0,000023
доступный 2,302585 0,000662
диабет 4,317488 0,001241
зарегистрироваться 0,013423 0,000019
пожаловаться 0,006689 0,000002
превосходить 4,317488 0,001241
войти 0,006689 0,000008
брожение 5,010635 0,024484
дрожжев 3,912023 0,002249
особенный 4,317488 0,001241
питьевой 5,010635 0,002881
комнатный 3,064725 0,007047
стеклянный 4,317488 0,003723
радио 0,274437 0,000079
защита 0,013423 0,000015
регистрация 0,013423 0,000019
минимум 2,371578 0,000682
яблоко 3,912023 0,003373
белок 3,064725 0,000881
клубника 3,624341 0,001042
особый 1,752539 0,001007
гвоздик 5,010635 0,001440
восстановление 0,013423 0,000015
литр 3,401197 0,003911
употребить 5,010635 0,001440
профилактика 4,317488 0,001241
учитывать 2,813411 0,000809
современность 4,317488 0,002482
страдать 3,624341 0,001042
затем 1,791759 0,004635
ждать 1,919593 0,001104
кумаленький 5,010635 0,001440
соль 2,066196 0,002376
действие 0,013423 0,000004
релиз 0,013423 0,000004
ночь 2,708050 0,001557
первый 0,883501 0,000254
вещество 3,624341 0,004167
лист 2,708050 0,003114
отделить 3,218876 0,001850
пять 1,966113 0,001130
закваска 5,010635 0,031686
слить 3,401197 0,006843
обязательный 0,013423 0,000027
ошибка 0,013423 0,000012
вопрос 0,006689 0,000008
деятельность 2,612740 0,000751
компания 1,919593 0,000552
крышка 3,218876 0,001850
колотеть 5,010635 0,001440
ваш 0,013423 0,000062
имя 0,013423 0,000019
старший 2,612740 0,000751
свёкла 3,064725 0,006166
ставить 3,218876 0,000925
имбирь 3,624341 0,007292
блюдо 1,609438 0,000925
срок 0,013423 0,000008
вентиляция 5,010635 0,002881
профильтровать 5,010635 0,001440
песок 2,177422 0,000626
закиснуть 5,010635 0,005761
распространение 3,401197 0,000978
подборка 4,317488 0,001241
жкт 5,010635 0,001440
использование 0,013423 0,000012
пчелиный 5,010635 0,001440
август 1,752539 0,000504
пора 2,525729 0,000726
допустимый 3,912023 0,001124
материал 0,013423 0,000039
имбирный 4,317488 0,004964
успешно 0,013423 0,000004
нотка 3,218876 0,000925
берёзовый 5,010635 0,010082
разлить 3,401197 0,011732
лента 0,006689 0,000004
архивный 1,347074 0,002710
миля 5,010635 0,001440
сфера 0,013423 0,000004
пивовар 5,010635 0,001440
свидетельство 0,013423 0,000004
комментирование 0,013423 0,000008
сердце 3,064725 0,000881
блокироваться 0,013423 0,000004
лимонов 5,010635 0,001440
правило 0,013423 0,000027
одеяло 5,010635 0,001440
свадебный 5,010635 0,001440
осторожность 5,010635 0,002881
применение 0,013423 0,000004
дать 0,013423 0,000023
пресс 0,013423 0,000008
персональный 0,013423 0,000031
развести 3,401197 0,006843
пикантность 3,624341 0,001042
крестина 5,010635 0,001440
анастасия 3,624341 0,001042
век 2,813411 0,004043
киевский 2,931194 0,000843
смочь 0,006689 0,000002
матвеев 5,010635 0,001440
окрошечный 5,010635 0,001440
запариваться 5,010635 0,002881
готовый 0,006689 0,000012
настаивание 5,010635 0,001440
ценность 2,120264 0,000609
тминный 5,010635 0,001440
известно 2,931194 0,000843
дата 0,006689 0,000002
традиционный 1,919593 0,002207
цвет 2,238047 0,000643
одноклассник 0,013423 0,000008
недопустимый 0,013423 0,000004
вы 0,013423 0,000004
придание 3,912023 0,001124
восстановить 0,013423 0,000004
святославич 5,010635 0,001440
приказать 4,317488 0,001241
просто 1,714798 0,000493
сырой 3,401197 0,000978
потребление 3,912023 0,001124
россия 0,006689 0,000023
медиабанкчёрный 5,010635 0,001440
простой 1,272966 0,000366
горячий 1,966113 0,001130
целебный 5,010635 0,002881
свой 0,867501 0,000249
аминокислота 5,010635 0,001440
грейнрусый 5,010635 0,001440
пара 2,177422 0,000626
объём 2,445686 0,000703
хрен 5,010635 0,004321
столовая 2,931194 0,001685
фермент 5,010635 0,001440
душица 5,010635 0,005761
сайт 0,013423 0,000012
правильно 2,066196 0,000594
слегка 2,708050 0,000778
полезный 0,143101 0,000329
галочка 0,013423 0,000004
технолог 3,624341 0,001042
окисление 5,010635 0,001440
заблокировать 0,013423 0,000008
помнить 3,624341 0,001042
поддерживаетсяполучить 0,013423 0,000004
другой 0,013423 0,000035
ржаной 3,912023 0,031485
унитарный 0,013423 0,000012
давать 0,013423 0,000012
отправка 0,013423 0,000004
перелить 4,317488 0,009928
полотенце 3,401197 0,002933
прогреть 3,401197 0,000978
питание 2,302585 0,000662
сухой 2,813411 0,011322
праздник 1,427116 0,000410
сушёный 3,624341 0,002084
квас 3,624341 0,151058
фомченков 5,010635 0,004321
специя 2,813411 0,000809
жаркий 3,401197 0,000978
цельный 4,317488 0,001241
вид 1,399717 0,000402
пряность 4,317488 0,002482
путём 3,401197 0,000978
ребёнок 1,514128 0,000435
хвостик 3,912023 0,001124
сложить 3,401197 0,000978
строго 3,624341 0,001042
замочить 3,401197 0,000978
свойство 3,912023 0,002249
подчёркивать 2,813411 0,000809
пивной 4,317488 0,001241
обновить 0,985284 0,000283
светлый 2,612740 0,002253
поляк 3,624341 0,001042
остывание 4,317488 0,001241
домашний 2,177422 0,008136
авторизация 0,013423 0,000004
религия 0,283247 0,000081
рейтинг 0,006689 0,000002
осетинский 5,010635 0,002881
форма 0,013423 0,000046
процеживать 5,010635 0,001440
нагревать 5,010635 0,001440
завершать 3,912023 0,001124
зависеть 2,066196 0,000594
обмен 3,218876 0,001850
овощной 2,612740 0,000751
традиционно 2,612740 0,001502
отличаться 2,708050 0,001557
мята 3,064725 0,002643
оригинальный 2,238047 0,001287
организм 3,218876 0,000925
сахарный 3,912023 0,001124
недвижимость 0,292136 0,000084
наш 1,919593 0,000552
можжевельник 5,010635 0,001440
ольга 2,612740 0,002253
пшеничный 4,317488 0,008687
борщ 3,624341 0,003125
промилле 5,010635 0,001440
всыпать 3,912023 0,003373
тема 0,013423 0,000012
сыровец 5,010635 0,001440
сервис 0,174353 0,000050
сит 5,010635 0,002881
шипение 5,010635 0,001440
дискуссия 0,013423 0,000008
созревание 5,010635 0,002881
фруктовый 3,218876 0,001850
сухофрукты 5,010635 0,001440
придать 2,813411 0,000809
служба 0,006689 0,000002
заметить 0,013423 0,000004
класть 3,064725 0,000881
рекомендательный 0,013423 0,000004
белый 2,371578 0,001363
мёд 3,218876 0,012953
довести 2,931194 0,002528
выдержка 5,010635 0,001440
прокипятить 3,912023 0,002249
кг 3,064725 0,004405
медиабанк 1,321756 0,000380
диастатический 5,010635 0,001440
жидкость 3,218876 0,004626
ломтик 2,931194 0,000843
кофе 3,401197 0,004888
прекрасно 3,218876 0,000925
колит 5,010635 0,001440
двое 3,218876 0,000925
аромат 2,708050 0,001557
который 0,603916 0,000174
убрать 2,302585 0,000662
холодильник 2,525729 0,007986
диетический 3,624341 0,001042
приготовление 1,484275 0,025172
следующий 1,427116 0,000820
тюря 5,010635 0,001440
пища 2,813411 0,000809
авторизоваться 0,013423 0,000008
сказываться 4,317488 0,001241
выбрать 0,013423 0,000015
четверть 3,912023 0,001124
случай 1,643339 0,001417
сито 3,401197 0,001955
классика 3,401197 0,000978
кулинарный 3,064725 0,001762
отравление 3,624341 0,001042
репа 5,010635 0,004321
новыесначала 0,013423 0,000004
несколько 1,544899 0,000444
крещение 3,912023 0,001124
отличать 5,010635 0,001440
мл 2,612740 0,003755
безглютеновое 4,317488 0,001241
место 1,272966 0,005123
начало 1,643339 0,001417
примерно 2,177422 0,001252
заквасить 5,010635 0,001440
натуральный 3,064725 0,001762
тёмный 3,624341 0,008334
вакансия 0,013423 0,000004
противопоказание 4,317488 0,002482
мы 0,013423 0,000046
прекрасный 3,218876 0,000925
участие 0,006689 0,000002
раствориться 3,912023 0,001124
свежий 2,066196 0,002970
использовать 0,013423 0,000035
опечатка 0,013423 0,000004
каждый 1,399717 0,000805
онлайн 0,013423 0,000004
маленький 2,371578 0,000682
осуществляться 0,013423 0,000004
чертановский 5,010635 0,004321
апрель 0,013423 0,000004
сок 2,813411 0,012939
количество 1,919593 0,002207
содержаться 3,218876 0,001850
финансовый 1,714798 0,000493
владимир 1,373049 0,000395
федеральный 0,013423 0,000015
разогреть 2,931194 0,002528
упоминание 3,218876 0,000925
развитие 2,066196 0,001188
крупа 3,218876 0,002776
рябина 5,010635 0,005761
поделиться 3,218876 0,001850
растворимый 5,010635 0,005761
попробовать 0,013423 0,000004
заполнение 0,013423 0,000027
внимание 0,013423 0,000004
принимать 0,013423 0,000004
суворовский 5,010635 0,002881
смешать 2,813411 0,001617
молоко 2,445686 0,001406
малина 4,317488 0,001241
выпуск 0,013423 0,000004
огромный 2,302585 0,001324
склонный 4,317488 0,001241
надзор 0,013423 0,000004
айва 5,010635 0,001440
очень 1,678431 0,000482
улучшение 3,624341 0,001042
июл 4,317488 0,001241
относительный 5,010635 0,001440
предприятие 0,013423 0,000012
терпкий 3,624341 0,001042
забродить 5,010635 0,001440
наука 0,283247 0,000081
обратный 0,013423 0,000027
похлёбка 5,010635 0,001440
произойти 0,013423 0,000004
проверить 2,302585 0,001986
источник 1,966113 0,000565
книга 3,218876 0,000925
