邪胁褌芯屑芯斜懈谢褜 2,612740 0,003137
懈褋褌械褔褜 0,013423 0,000016
褉褎 1,181994 0,008514
蟹邪泻芯薪薪褘泄 0,013423 0,000032
谢械薪褌邪 0,006689 0,000016
薪芯胁褘泄 0,006689 0,000072
邪褉褏懈胁薪褘泄 1,347074 0,001617
写械薪褜 0,591795 0,000710
薪邪泄褌懈 0,013423 0,000032
锌懈褋褜屑芯 0,013423 0,000032
褋褎械褉邪 0,013423 0,000016
褝谢械泻褌褉芯薪薪褘泄 0,013423 0,000016
褋锌邪褋懈斜芯 0,013423 0,000016
褋锌芯褉褌 0,190354 0,000229
褉邪褋褕懈褉懈褌褜 0,006689 0,000008
褋泻 2,931194 0,038707
褋芯谐谢邪褋懈械 0,013423 0,000048
褋胁懈写械褌械谢褜褋褌胁芯 0,013423 0,000016
褑械薪褌褉 0,166448 0,000200
泻芯屑屑械薪褌懈褉芯胁邪薪懈械 0,013423 0,000032
褋褌 2,813411 0,003377
写芯褋褌褍锌 0,013423 0,000032
斜谢芯泻懈褉芯胁邪褌褜褋褟 0,013423 0,000016
屑懈邪 0,013423 0,000113
蟹邪写邪褌褜 0,013423 0,000016
褋胁褟蟹邪褌褜褋褟 0,013423 0,000097
写械泻邪斜褉褜 0,985284 0,001183
褉邪蟹褘褋泻邪褌褜 5,010635 0,006015
锌褉邪胁懈谢芯 0,013423 0,000081
褋芯褏褉邪薪懈褌褜 0,013423 0,000016
谐 0,013423 0,000032
褉械泻谢邪屑邪 0,013423 0,000032
褎芯褌芯 0,013423 0,000064
锌芯谢懈褌懈泻邪 0,013423 0,000081
褋胁褟蟹褜 0,006689 0,000064
芯斜褟蟹邪薪薪芯褋褌褜 3,218876 0,003864
锌褉懈屑械薪械薪懈械 0,013423 0,000016
胁蟹邪懈屑芯写械泄褋褌胁懈械 0,013423 0,000032
芯 0,013423 0,000016
写邪褌褜 0,013423 0,000032
锌褉械褋褋 0,013423 0,000048
褋芯谐谢邪褋薪褘泄 0,013423 0,000048
锌械褉褋芯薪邪谢褜薪褘泄 0,013423 0,000129
写械泄褋褌胁芯胁邪褌褜 2,445686 0,002936
锌械褉械褌褟薪褍褌褜 0,013423 0,000016
褋褍褋泻 5,010635 0,012030
褌械褔械薪懈械 0,013423 0,000016
褉芯写懈褌械谢褜褋泻懈泄 3,218876 0,003864
褔 2,612740 0,003137
褋屑芯褔褜 0,006689 0,000008
懈褋锌芯谢褜蟹芯胁邪褌褜褋褟 0,006689 0,000008
谐芯褌芯胁褘泄 0,006689 0,000016
芯褌写械谢 4,317488 0,005183
写邪褌邪 0,006689 0,000008
屑懈褉 0,223144 0,000268
锌褉芯泄褌懈 0,006689 0,000008
褍泻 3,912023 0,004696
蟹邪谐芯谢芯胁芯泻 0,013423 0,000032
芯写薪芯泻谢邪褋褋薪懈泻 0,013423 0,000032
薪械写芯锌褍褋褌懈屑褘泄 0,013423 0,000016
懈薪褎芯褉屑邪褑懈芯薪薪褘泄 0,013423 0,000064
胁褘 0,013423 0,000016
芯褋褌邪胁懈褌褜 1,966113 0,002360
褎懈芯 0,013423 0,000016
胁芯褋褋褌邪薪芯胁懈褌褜 0,013423 0,000016
锌芯卸邪谢褍泄褋褌邪 0,013423 0,000016
写械谢芯 1,249435 0,016499
褉芯褋褋懈泄褋泻懈泄 0,883501 0,002121
锌芯屑械褋褌懈褌褜 3,064725 0,003679
褉邪褋褋屑芯褌褉械褌褜 0,013423 0,000016
褉邪褋锌芯谢芯卸懈褌褜 0,013423 0,000032
锌芯谢薪芯屑芯褔懈械 3,401197 0,012249
胁械褉褋懈褟 0,013423 0,000016
胁褉械屑褟 0,013423 0,000016
薪懈卸械 0,013423 0,000048
泻薪芯锌泻邪 0,013423 0,000016
褉芯褋褋懈褟 0,006689 0,000185
锌褉芯懈褋褕械褋褌胁懈褟褉芯褋褋懈褟胁械谢懈泻懈泄 5,010635 0,006015
薪芯胁谐芯褉芯写 3,218876 0,038642
褌械谐 0,190354 0,000229
蟹邪褉械谐懈褋褌褉懈褉芯胁邪褌褜 0,013423 0,000016
褉邪薪械械 0,013423 0,000016
锌芯写泻邪褋褌 0,292136 0,000351
谐谢邪胁薪褘泄 0,013423 0,000016
锌褉芯斜谢械屑邪 0,013423 0,000016
写邪薪薪褘械 0,013423 0,000129
褟薪胁邪褉褜 1,040343 0,003747
褉邪蟹写械褌褘泄 5,010635 0,006015
谐芯褉芯写 0,013423 0,000016
褉邪蟹斜谢芯泻懈褉芯胁邪褌褜 0,013423 0,000048
褎芯褌芯谐褉邪褎懈褟 0,013423 0,000016
褋邪泄褌 0,013423 0,000048
锌芯谢械 0,013423 0,000129
褔邪褋 0,013423 0,000032
褔邪褌 0,013423 0,000032
胁械谢懈泻懈泄 2,120264 0,025453
褉械谐懈芯薪邪谢褜薪褘泄 3,064725 0,003679
锌芯谢械蟹薪褘泄 0,143101 0,000172
薪芯胁芯褋褌械泄屑芯谢薪懈褟 0,013423 0,000016
薪邪锌懈褋邪褌褜 0,013423 0,000016
谐邪谢芯褔泻邪 0,013423 0,000016
蟹邪斜谢芯泻懈褉芯胁邪褌褜 0,013423 0,000032
锌械褉械褌邪褖懈褌褜 0,013423 0,000048
芯泻褉褍谐 3,912023 0,014089
褋芯谐谢邪褕邪褌褜褋褟 0,013423 0,000016
锌褉械写褋褌邪胁懈褌械谢褜 2,302585 0,002764
褌褍褉懈蟹屑 0,283247 0,000340
褋芯褌褉褍写薪懈泻 1,791759 0,006453
褋薪邪褔邪谢邪 0,013423 0,000016
锌芯写写械褉卸懈胁邪械褌褋褟锌芯谢褍褔懈褌褜 0,013423 0,000016
邪写褉械褋 0,013423 0,000081
写褉褍谐芯泄 0,013423 0,000048
褋芯芯褌胁械褌褋褌胁懈械 0,013423 0,000032
褍薪懈褌邪褉薪褘泄 0,013423 0,000048
写邪胁邪褌褜 0,013423 0,000032
锌芯泻邪蟹邪褌褜 0,013423 0,000016
褍谐芯谢芯胁薪褘泄 3,401197 0,016332
芯褌锌褉邪胁泻邪 0,013423 0,000016
锌械褉械写邪褔邪 3,064725 0,003679
蟹邪谐褉褍蟹懈褌褜 0,013423 0,000032
薪邪锌褉邪胁谢械薪懈械 0,013423 0,000016
褌械谢械褎芯薪 0,013423 0,000016
锌邪褉芯谢褜 0,013423 0,000177
褉械写邪泻褑懈褟 0,013423 0,000048
褍写邪谢懈褌褜 0,013423 0,000064
写械胁芯褔泻邪 2,612740 0,034502
胁褏芯写 0,013423 0,000032
写芯谢卸薪褘泄 0,013423 0,000016
胁褘写邪褌褜 3,064725 0,003679
褔懈褌邪褌褜 0,791128 0,000950
褎邪泻褌 2,302585 0,002764
芯锌懈褋邪褌褜 0,013423 0,000016
褉邪蟹屑械褖械薪懈械 0,013423 0,000016
褋泻芯谢褜泻芯 0,006689 0,000008
谐芯胁芯褉懈褌褜褋褟 2,371578 0,002847
邪胁褌芯褉 0,013423 0,000016
褋芯芯斜褖械薪懈械 0,013423 0,000242
褋褌邪褉褘泄 0,013423 0,000016
锌芯谢懈褑懈褟 3,624341 0,004351
薪芯胁谐芯褉芯写褋泻懈泄 2,813411 0,020265
锌褉芯懈褋褕械褋褌胁懈械 0,292136 0,001403
褉械斜褢薪芯泻 1,514128 0,009088
芯写懈薪 1,098612 0,001319
锌芯写褌胁械褉写懈褌褜 0,013423 0,000016
褎械写械褉邪褑懈懈邪胁褌芯屑芯斜懈谢褜 5,010635 0,006015
锌褉芯褏芯卸懈泄 4,317488 0,005183
锌褉械胁褘褕械薪懈械 4,317488 0,015549
薪械蟹邪锌械褉褌褘泄 5,010635 0,006015
锌芯写褌胁械褉卸写邪褌褜 0,013423 0,000016
薪械懈褋锌芯谢薪械薪懈械 4,317488 0,005183
谐邪胁褉懈谢芯胁 0,013423 0,000016
胁褘褟褋薪懈褌褜褋褟 3,624341 0,004351
褍褔褉械写懈褌械谢褜 0,013423 0,000016
邪胁褌芯褉懈蟹邪褑懈褟 0,013423 0,000016
褉械谢懈谐懈褟 0,283247 0,000340
褉械泄褌懈薪谐 0,006689 0,000008
褎芯褉屑邪 0,013423 0,000193
褋褋褘谢泻邪 0,013423 0,000064
泻芯屑屑褍薪懈泻邪褑懈褟 0,013423 0,000016
屑芯泄 0,013423 0,000081
泻褍谢褜褌褍褉邪 0,292136 0,000351
胁械褉褏薪懈泄 2,525729 0,027289
邪褉褏懈胁 0,190354 0,000229
锌芯屑芯褔褜 0,013423 0,000016
褋褌邪褌褜褟 0,013423 0,000016
斜芯谢褜薪懈褑邪 2,931194 0,003519
芯锌懈褋邪薪懈械 0,013423 0,000016
锌褉芯褑械褋褋 0,013423 0,000016
胁褉械屑械薪薪芯泄 3,064725 0,003679
薪械写胁懈卸懈屑芯褋褌褜 0,292136 0,000351
褉芯褋泻芯屑薪邪写蟹芯褉 0,013423 0,000016
褌械褏薪芯谢芯谐懈褟 0,013423 0,000032
褉械写邪泻褌芯褉 0,013423 0,000016
芯斜薪邪褉褍卸械薪懈械 5,010635 0,006015
褎谐褍锌 0,499776 0,003000
褍泄褌懈 3,218876 0,003864
泻芯薪褌邪泻褌 0,013423 0,000016
屑芯褋泻胁邪 0,006689 0,000016
胁芯褋锌芯谢褜蟹芯胁邪褌褜褋褟 0,013423 0,000064
褌械屑邪 0,013423 0,000048
屑褍薪懈褑懈锌邪谢褜薪褘泄 3,912023 0,004696
褋械褉胁懈褋 0,174353 0,000209
谐芯褋褍写邪褉褋褌胁械薪薪褘泄 0,013423 0,000048
蟹邪胁械褋褌懈 3,064725 0,025754
锌械褉械写邪褌褜 2,612740 0,003137
写懈褋泻褍褋褋懈褟 0,013423 0,000032
邪写屑懈薪懈褋褌褉邪褑懈褟 3,218876 0,015457
泻胁邪褉褌懈褉邪 2,612740 0,003137
褋胁褟蟹邪薪薪褘泄 0,013423 0,000032
褋谢褍卸斜邪 0,006689 0,000016
褖褍褋械胁 5,010635 0,006015
褉懈邪 0,006689 0,000080
蟹邪屑械褌懈褌褜 0,013423 0,000016
谢懈褑芯 1,714798 0,002059
蟹邪泻褉褘褌褘泄 0,013423 0,000016
芯斜褉邪褖邪褌褜 0,013423 0,000016
褉械泻芯屑械薪写邪褌械谢褜薪褘泄 0,013423 0,000016
写邪谢械械 0,013423 0,000032
薪械写芯褋屑芯褌褉 5,010635 0,006015
薪芯胁谐芯褉芯写褋谢械写褋褌胁械薪薪褘泄 5,010635 0,006015
谐芯写 0,006689 0,000016
褏芯褌械褌褜 0,006689 0,000008
芯褌泻褉褘胁邪褌褜 0,013423 0,000032
褉芯写褋褌胁械薪薪懈褑邪 5,010635 0,018046
锌械褉械泄褌懈 0,013423 0,000016
屑械卸写褍薪邪褉芯写薪褘泄 0,013423 0,000048
泻芯屑懈褌械褌 2,708050 0,026008
屑邪褌褜 3,401197 0,004083
褍锌褉邪胁谢械薪懈械 2,371578 0,002847
泻芯褌芯褉褘泄 0,603916 0,000725
芯斜褉邪褖械薪懈械 0,013423 0,000048
邪谐械薪褌褋褌胁芯 0,013423 0,000064
褋锌械褑锌褉芯械泻褌 0,190354 0,000229
屑邪褋褋芯胁褘泄 0,013423 0,000016
芯斜褉邪斜芯褌泻邪 0,013423 0,000081
褝褌芯 0,013423 0,000016
谐褍谢褟褌褜 3,064725 0,022075
邪胁褌芯褉懈蟹芯胁邪褌褜褋褟 0,013423 0,000032
芯斜薪邪褉褍卸懈褌褜 3,912023 0,004696
胁褘斜褉邪褌褜 0,013423 0,000048
褋械谐芯写薪褟 0,013423 0,000161
薪芯胁芯褋褌褜 0,006689 0,000096
锌褉芯褋懈褌褜 0,013423 0,000016
屑械卸褉邪泄芯薪薪褘泄 5,010635 0,006015
薪邪褋谢邪褌褜 2,445686 0,005872
蟹邪泻芯薪芯写邪褌械谢褜褋褌胁芯 2,813411 0,003377
薪芯胁褘械褋薪邪褔邪谢邪 0,013423 0,000016
蟹邪褉械谐懈褋褌褉懈褉芯胁邪褌褜褋褟 0,013423 0,000081
薪械褋泻芯谢褜泻芯 1,544899 0,001855
锌芯卸邪谢芯胁邪褌褜褋褟 0,006689 0,000008
胁芯泄褌懈 0,006689 0,000032
褍谢懈褑邪 2,612740 0,018819
薪邪褔邪谢芯 1,643339 0,005918
褕邪锌泻邪 0,013423 0,000016
芯褌锌褉邪胁懈褌褜 0,013423 0,000226
写械屑褟薪褋泻懈泄 5,010635 0,024061
褉械谐懈芯薪 1,919593 0,002304
锌褉芯写芯谢卸懈褌褜 0,006689 0,000008
褉械褕械薪懈械 0,006689 0,000008
芯蟹薪邪泻芯屑懈褌褜 0,013423 0,000016
胁邪泻邪薪褋懈褟 0,013423 0,000016
褝谢 0,013423 0,000016
谢械褌薪懈泄 1,919593 0,002304
屑褘 0,013423 0,000113
锌褉芯褋褌邪胁谢褟褌褜 0,013423 0,000016
褉邪写懈芯 0,274437 0,000329
褍褔邪褋褌懈械 0,006689 0,000008
写蟹械薪 0,851752 0,001023
褉邪蟹褉械褕械薪懈械 3,401197 0,004083
邪泻泻邪褍薪褌 0,013423 0,000081
褝泻芯薪芯屑懈泻邪 0,292136 0,000351
蟹邪褖懈褌邪 0,013423 0,000064
褉械谐懈褋褌褉邪褑懈褟 0,013423 0,000081
芯斜褋褍卸写械薪懈械 0,013423 0,000032
芯锌械褔邪褌泻邪 0,013423 0,000016
懈褋锌芯谢褜蟹芯胁邪褌褜 0,013423 0,000016
锌芯褔械屑褍 0,013423 0,000016
写芯谢卸薪芯褋褌薪芯泄 4,317488 0,020732
胁芯褋褋褌邪薪芯胁谢械薪懈械 0,013423 0,000064
芯薪谢邪泄薪 0,013423 0,000016
锌芯蟹写薪懈泄 3,218876 0,003864
锌芯褔褌邪 0,013423 0,000113
斜谢芯泻懈褉芯胁泻邪 0,013423 0,000064
褋谢械写褋褌胁械薪薪褘泄 3,401197 0,032665
芯褋褍褖械褋褌胁谢褟褌褜褋褟 0,013423 0,000016
邪锌褉械谢褜 0,013423 0,000016
胁泻芯薪褌邪泻褌械 0,013423 0,000032
胁褋泻芯褉械 4,317488 0,005183
褎邪屑懈谢懈褟 0,013423 0,000016
谢芯谐懈薪 0,013423 0,000016
薪邪褉褍褕械薪懈械 0,013423 0,000064
泻芯薪褎懈写械薪褑懈邪谢褜薪芯褋褌褜 0,013423 0,000064
薪邪胁褋械谐写邪 0,013423 0,000016
褟薪写械泻褋 0,013423 0,000032
写械泄褋褌胁懈械 0,013423 0,000016
谢懈斜芯 0,013423 0,000016
写械褌褋泻懈泄 2,612740 0,003137
褎械写械褉邪谢褜薪褘泄 0,013423 0,000064
褉械谢懈蟹 0,013423 0,000016
薪邪卸懈屑邪褌褜 0,013423 0,000016
褍褌芯褔薪褟褌褜 2,445686 0,002936
薪邪蟹邪写 0,013423 0,000081
褋锌懈褋芯泻 0,013423 0,000016
锌芯懈褋泻 0,013423 0,000016
芯斜褟蟹邪褌械谢褜薪褘泄 0,013423 0,000113
芯褕懈斜泻邪 0,013423 0,000048
胁芯锌褉芯褋 0,006689 0,000032
褋谢械写芯胁邪褌械谢褜 3,912023 0,004696
蟹褍斜芯胁褋泻懈泄 0,013423 0,000032
锌芯锌褉芯斜芯胁邪褌褜 0,013423 0,000016
蟹邪锌芯谢薪械薪懈械 0,013423 0,000113
蟹邪锌芯谢薪懈褌褜 0,013423 0,000113
胁薪懈屑邪薪懈械 0,013423 0,000016
锌褉懈薪懈屑邪褌褜 0,013423 0,000016
胁邪褕 0,013423 0,000258
芯斜褖械褋褌胁芯 0,257045 0,000309
懈屑褟 0,013423 0,000081
褎械写械褉邪褑懈褟 2,066196 0,002480
胁褘锌褍褋泻 0,013423 0,000016
褋褉芯泻 0,013423 0,000032
芯褋薪芯胁邪薪懈械 0,013423 0,000016
懈蟹写邪薪懈械 0,013423 0,000016
斜褍谢褜胁邪褉 0,013423 0,000032
褋械褌械胁芯泄 0,013423 0,000016
胁芯蟹斜褍写懈褌褜 3,218876 0,015457
薪邪写蟹芯褉 0,013423 0,000016
芯写械卸写邪 2,813411 0,030397
懈褋锌芯谢褜蟹芯胁邪薪懈械 0,013423 0,000016
褎械胁 1,399717 0,001680
胁薪芯胁褜 0,013423 0,000016
褋屑械薪懈褌褜 0,013423 0,000016
锌褉械写锌褉懈褟褌懈械 0,013423 0,000048
褋锌芯褋芯斜 0,013423 0,000032
屑邪褌械褉懈邪谢 0,013423 0,000129
薪邪褍泻邪 0,283247 0,000340
褍褔邪褋褌胁芯胁邪褌褜 0,013423 0,000032
褋芯芯斜褖懈褌褜 0,013423 0,000032
胁邪谢写邪泄褋泻懈泄 4,317488 0,005183
芯斜褉邪褌薪褘泄 0,013423 0,000113
芯斜谢邪褋褌薪芯泄 3,401197 0,004083
锌褉芯写褍泻褌 0,135438 0,000163
锌褉芯懈蟹芯泄褌懈 0,013423 0,000016
斜褘褌褜 0,013423 0,000016
褍褋锌械褕薪芯 0,013423 0,000016
褋泻褉懈薪褕芯褌 0,013423 0,000048
