покачиваться 5,010635 0,006490
ругаться 5,010635 0,006490
истечь 0,013423 0,000017
лента 0,006689 0,000017
законный 0,013423 0,000017
новый 0,006689 0,000017
день 0,591795 0,000767
поведение 3,064725 0,003970
вести 3,218876 0,004170
собеседник 3,064725 0,003970
найти 0,013423 0,000017
письмо 0,013423 0,000035
сфера 0,013423 0,000017
электронный 0,013423 0,000017
спасибо 0,013423 0,000017
спорт 0,190354 0,000247
ангел 5,010635 0,019471
расширить 0,006689 0,000009
свидетельство 0,013423 0,000017
согласие 0,013423 0,000035
центр 0,166448 0,000216
прошлое 2,813411 0,003644
комментирование 0,013423 0,000035
сказать 2,371578 0,003072
доступ 0,013423 0,000035
блокироваться 0,013423 0,000017
миа 0,013423 0,000122
шоубизминский 3,912023 0,005067
задать 0,013423 0,000017
связаться 0,013423 0,000104
путать 5,010635 0,006490
правило 0,013423 0,000087
сохранить 0,013423 0,000017
г 0,013423 0,000035
реклама 0,013423 0,000035
фото 0,013423 0,000017
политика 0,013423 0,000087
связь 0,006689 0,000069
применение 0,013423 0,000017
взаимодействие 0,013423 0,000035
о 0,013423 0,000017
дать 0,013423 0,000035
пресс 0,013423 0,000035
согласный 0,013423 0,000052
персональный 0,013423 0,000139
перетянуть 0,013423 0,000017
течение 0,013423 0,000017
область 1,427116 0,012940
смочь 0,006689 0,000009
использоваться 0,006689 0,000009
бросить 5,010635 0,006490
готовый 0,006689 0,000017
дата 0,006689 0,000009
мир 0,223144 0,001445
съёмочный 5,010635 0,019471
пройти 0,006689 0,000009
заголовок 0,013423 0,000035
одноклассник 0,013423 0,000035
недопустимый 0,013423 0,000017
информационный 0,013423 0,000070
вы 0,013423 0,000017
фио 0,013423 0,000017
восстановить 0,013423 0,000017
пожалуйста 0,013423 0,000017
разбить 3,624341 0,004695
рассмотреть 0,013423 0,000017
расположить 0,013423 0,000035
приехать 2,931194 0,003797
версия 0,013423 0,000017
время 0,013423 0,000017
ниже 0,013423 0,000052
кнопка 0,013423 0,000017
россия 0,006689 0,000104
тег 0,190354 0,000247
свой 0,867501 0,001124
зарегистрировать 0,013423 0,000017
ранее 0,013423 0,000017
подкаст 0,292136 0,000378
главный 0,013423 0,000017
проблема 0,013423 0,000017
данные 0,013423 0,000139
также 1,139434 0,001476
член 2,238047 0,005798
пьяный 2,612740 0,040613
город 0,013423 0,000017
разблокировать 0,013423 0,000052
фотография 0,013423 0,000017
сайт 0,013423 0,000052
поле 0,013423 0,000139
час 0,013423 0,000035
чат 0,013423 0,000035
слегка 2,708050 0,003508
полезный 0,143101 0,000185
новостеймолния 0,013423 0,000017
написать 0,013423 0,000017
галочка 0,013423 0,000017
заблокировать 0,013423 0,000035
перетащить 0,013423 0,000052
соглашаться 0,013423 0,000017
туризм 0,283247 0,000367
сначала 0,013423 0,000017
поддерживаетсяполучить 0,013423 0,000017
адрес 0,013423 0,000087
другой 0,013423 0,000052
соответствие 0,013423 0,000035
унитарный 0,013423 0,000052
давать 0,013423 0,000035
показать 0,013423 0,000017
отправка 0,013423 0,000017
загрузить 0,013423 0,000035
новостикузьма 5,010635 0,006490
театр 3,064725 0,003970
направление 0,013423 0,000017
трубка 4,317488 0,005593
телефон 0,013423 0,000017
пароль 0,013423 0,000191
редакция 0,013423 0,000052
удалить 0,013423 0,000070
дебош 2,708050 0,024555
вход 0,013423 0,000035
должный 0,013423 0,000017
читать 0,791128 0,001025
описать 0,013423 0,000017
размещение 0,013423 0,000017
сколько 0,006689 0,000009
автор 0,013423 0,000017
старый 0,013423 0,000017
сообщение 0,013423 0,000243
происшествие 0,292136 0,000378
один 1,098612 0,001423
подтвердить 0,013423 0,000017
областьва 3,912023 0,005067
подтверждать 0,013423 0,000017
гаврилов 0,013423 0,000017
учредитель 0,013423 0,000017
авторизация 0,013423 0,000017
распоряжение 3,624341 0,004695
религия 0,283247 0,000367
рейтинг 0,006689 0,000009
форма 0,013423 0,000209
ссылка 0,013423 0,000070
коммуникация 0,013423 0,000017
мой 0,013423 0,000087
культура 0,292136 0,000378
архив 0,190354 0,000247
помочь 0,013423 0,000017
съёмка 3,912023 0,040539
коллега 2,371578 0,030720
статья 0,013423 0,000017
окружение 5,010635 0,006490
описание 0,013423 0,000017
процесс 0,013423 0,000017
недвижимость 0,292136 0,000378
роскомнадзор 0,013423 0,000017
технология 0,013423 0,000035
сапрыкин 2,708050 0,045602
редактор 0,013423 0,000017
фгуп 0,499776 0,003237
актриса 3,401197 0,004406
контакт 0,013423 0,000017
москва 0,006689 0,000026
минский 3,624341 0,032863
воспользоваться 0,013423 0,000070
тема 0,013423 0,000052
сервис 0,174353 0,000226
государственный 0,013423 0,000052
оказаться 2,525729 0,003272
дискуссия 0,013423 0,000035
результат 1,714798 0,002221
громко 5,010635 0,006490
связанный 0,013423 0,000035
служба 0,006689 0,000009
риа 0,006689 0,000130
заметить 0,013423 0,000017
лицо 1,714798 0,002221
закрытый 0,013423 0,000017
обращать 0,013423 0,000017
рекомендательный 0,013423 0,000017
далее 0,013423 0,000035
текст 3,401197 0,004406
год 0,006689 0,000017
хотеть 0,006689 0,000009
открывать 0,013423 0,000035
перейти 0,013423 0,000017
международный 0,013423 0,000052
стать 0,851752 0,001103
который 0,603916 0,003911
приезжать 3,624341 0,018779
обращение 0,013423 0,000052
агентство 0,013423 0,000087
картина 3,218876 0,008339
группа 2,302585 0,005965
отснять 5,010635 0,006490
спецпроект 0,190354 0,000247
массовый 0,013423 0,000017
обработка 0,013423 0,000087
это 0,013423 0,000017
слово 1,514128 0,001961
мат 3,218876 0,004170
интерн 5,010635 0,006490
авторизоваться 0,013423 0,000035
выбрать 0,013423 0,000052
рассказать 0,933098 0,001209
срывать 4,317488 0,016778
сегодня 0,013423 0,000174
новость 0,006689 0,000139
просить 0,013423 0,000017
новыесначала 0,013423 0,000017
актёр 2,371578 0,036864
зарегистрироваться 0,013423 0,000087
пожаловаться 0,006689 0,000087
войти 0,006689 0,000035
оскорблять 4,317488 0,005593
шапка 0,013423 0,000017
отправить 0,013423 0,000243
сериал 4,317488 0,005593
продолжить 0,006689 0,000009
решение 0,006689 0,000009
проходить 2,177422 0,008461
ознакомить 0,013423 0,000017
март 1,514128 0,001961
вакансия 0,013423 0,000017
эл 0,013423 0,000017
корреспондент 4,317488 0,005593
мы 0,013423 0,000122
проставлять 0,013423 0,000017
радио 0,274437 0,000355
участие 0,006689 0,000009
дзен 0,851752 0,001103
аккаунт 0,013423 0,000087
экономика 0,292136 0,000378
защита 0,013423 0,000070
регистрация 0,013423 0,000087
кузьма 5,010635 0,019471
обсуждение 0,013423 0,000035
опечатка 0,013423 0,000017
использовать 0,013423 0,000017
почему 0,013423 0,000017
восстановление 0,013423 0,000070
онлайн 0,013423 0,000017
почта 0,013423 0,000122
добавить 1,514128 0,001961
блокировка 0,013423 0,000070
осуществляться 0,013423 0,000017
белоруссия 3,218876 0,008339
апрель 0,013423 0,000017
вконтакте 0,013423 0,000035
фамилия 0,013423 0,000017
логин 0,013423 0,000017
конфиденциальность 0,013423 0,000070
нарушение 0,013423 0,000052
навсегда 0,013423 0,000017
сцена 3,912023 0,005067
яндекс 0,013423 0,000035
действие 0,013423 0,000017
либо 0,013423 0,000017
федеральный 0,013423 0,000070
релиз 0,013423 0,000017
нажимать 0,013423 0,000017
назад 0,013423 0,000087
список 0,013423 0,000017
кадр 3,624341 0,004695
поиск 0,013423 0,000017
площадка 3,064725 0,019849
общаться 4,317488 0,005593
шоубиз 3,624341 0,014084
запланировать 3,624341 0,004695
обязательный 0,013423 0,000122
ошибка 0,013423 0,000052
агрессивно 5,010635 0,012981
вопрос 0,006689 0,000043
зубовский 0,013423 0,000035
попробовать 0,013423 0,000017
заполнение 0,013423 0,000122
заполнить 0,013423 0,000122
внимание 0,013423 0,000017
принимать 0,013423 0,000017
ваш 0,013423 0,000278
общество 0,257045 0,000333
имя 0,013423 0,000087
отвечать 2,931194 0,003797
фильм 2,813411 0,021866
выпуск 0,013423 0,000017
срок 0,013423 0,000035
основание 0,013423 0,000017
издание 0,013423 0,000017
бульвар 0,013423 0,000035
сетевой 0,013423 0,000017
надзор 0,013423 0,000017
использование 0,013423 0,000017
фев 1,399717 0,001813
август 1,752539 0,002270
вновь 0,013423 0,000017
сменить 0,013423 0,000017
предприятие 0,013423 0,000052
способ 0,013423 0,000035
перекрещиваться 5,010635 0,006490
материал 0,013423 0,000139
наука 0,283247 0,000367
участвовать 0,013423 0,000035
сообщить 0,013423 0,000035
обратный 0,013423 0,000122
продукт 0,135438 0,000175
произойти 0,013423 0,000017
быть 0,013423 0,000017
успешно 0,013423 0,000017
источник 1,966113 0,005094
скриншот 0,013423 0,000052
