состоять 3,218876 0,001282
зажечь 5,010635 0,003993
радоница 3,912023 0,003117
масленица 2,120264 0,003379
законный 0,013423 0,000005
воздвижение 5,010635 0,005989
день 0,591795 0,015797
найти 0,013423 0,000005
письмо 0,013423 0,000011
спасибо 0,013423 0,000005
расширить 0,006689 0,000003
стиль 3,218876 0,003847
празднество 4,317488 0,001720
делиться 3,401197 0,001355
согласие 0,013423 0,000011
центр 0,166448 0,000066
россияиисус 5,010635 0,001996
народный 2,177422 0,000867
старец 5,010635 0,001996
встретить 2,813411 0,001121
связаться 0,013423 0,000032
декабрь 0,985284 0,002748
человек 1,118815 0,001783
отмечаться 3,064725 0,004884
кафедральный 5,010635 0,003993
реклама 0,013423 0,000011
фото 0,013423 0,000059
явление 3,912023 0,001559
связь 0,006689 0,000024
продолжаться 3,401197 0,002710
новосибирск 3,064725 0,002442
переходящий 5,010635 0,015970
весь 1,021651 0,001628
пройти 0,006689 0,000003
праздноваться 5,010635 0,001996
заголовок 0,013423 0,000011
информационный 0,013423 0,000021
подготовиться 4,317488 0,005160
дело 1,249435 0,002489
рассмотреть 0,013423 0,000005
расположить 0,013423 0,000011
честной 4,317488 0,001720
называть 2,120264 0,001689
христианский 3,624341 0,002888
праздновать 2,612740 0,001041
главный 0,013423 0,000037
подкаст 0,292136 0,000116
проблема 0,013423 0,000005
данные 0,013423 0,000043
иной 2,238047 0,000892
также 1,139434 0,002270
трансформироваться 5,010635 0,001996
фотография 0,013423 0,000005
вера 3,401197 0,001355
соглашаться 0,013423 0,000005
сначала 0,013423 0,000005
территория 2,302585 0,001835
вечерний 4,317488 0,001720
поминальный 3,912023 0,001559
удалить 0,013423 0,000021
новообращённый 5,010635 0,001996
сочельник 3,624341 0,002888
размещение 0,013423 0,000005
солунский 5,010635 0,001996
сколько 0,006689 0,000003
июнь 1,875141 0,003735
святитель 4,317488 0,006880
постепенно 2,931194 0,001168
поддержка 2,445686 0,000974
один 1,098612 0,000438
мученический 5,010635 0,003993
настоятель 5,010635 0,003993
языческий 5,010635 0,001996
недвунадесятый 5,010635 0,011978
иметь 1,544899 0,001231
кижский 5,010635 0,003993
димитриевский 5,010635 0,003993
обряд 3,624341 0,002888
страстный 4,317488 0,001720
пример 2,813411 0,003363
двухнедельный 3,912023 0,003117
предтеча 5,010635 0,011978
прибавление 5,010635 0,001996
рождество 3,401197 0,014906
историко 5,010635 0,003993
последний 0,899761 0,000358
некоторый 2,014903 0,001606
архив 0,190354 0,000076
частый 2,445686 0,000974
описание 0,013423 0,000011
процесс 0,013423 0,000005
июль 1,609438 0,007053
племя 5,010635 0,005989
говорить 1,714798 0,001366
библия 5,010635 0,001996
равноапостольный 5,010635 0,005989
производить 4,317488 0,003440
усопший 4,317488 0,010321
пятидесятый 5,010635 0,001996
патриарший 4,317488 0,003440
нарушить 3,912023 0,001559
сопровождаться 4,317488 0,001720
религиовед 4,317488 0,005160
вычисление 5,010635 0,001996
кончина 4,317488 0,001720
становиться 2,177422 0,000867
ева 5,010635 0,001996
ноябрь 1,514128 0,004826
враг 3,218876 0,001282
праздничный 2,238047 0,001783
являться 1,875141 0,001494
пятаковый 3,912023 0,003117
наоборот 3,401197 0,001355
длиться 4,317488 0,005160
евангельский 5,010635 0,001996
солнце 3,064725 0,002442
перейти 0,013423 0,000112
подготовка 2,177422 0,001735
слияние 5,010635 0,001996
сытый 5,010635 0,001996
оглавление 1,791759 0,000714
желать 2,612740 0,002082
вычисляться 5,010635 0,001996
спецпроект 0,190354 0,000076
восход 5,010635 0,001996
слово 1,514128 0,000603
петров 3,401197 0,005420
божий 5,010635 0,001996
разница 3,912023 0,001559
плод 3,401197 0,001355
начинаться 2,813411 0,004484
взять 1,832581 0,000730
цикл 3,624341 0,001444
григорианский 5,010635 0,001996
жизнь 1,714798 0,002733
лехмуса 5,010635 0,003993
архитектурный 4,317488 0,003440
менять 2,525729 0,001006
противостояние 3,064725 0,001221
покров 3,912023 0,009351
дева 5,010635 0,001996
эл 0,013423 0,000005
дзен 0,851752 0,000339
веровать 5,010635 0,019963
почему 0,013423 0,000005
песаха 5,010635 0,001996
ежегодно 3,218876 0,001282
фавор 5,010635 0,001996
тайный 3,064725 0,001221
господень 5,010635 0,005989
совершать 3,912023 0,001559
вконтакте 0,013423 0,000011
искушение 5,010635 0,001996
логин 0,013423 0,000005
конфиденциальность 0,013423 0,000021
нарушение 0,013423 0,000016
навсегда 0,013423 0,000005
назад 0,013423 0,000027
завет 5,010635 0,003993
список 0,013423 0,000005
крестный 3,624341 0,002888
дневный 4,317488 0,006880
зло 4,317488 0,003440
крещенский 4,317488 0,003440
невский 4,317488 0,001720
зубовский 0,013423 0,000011
заполнить 0,013423 0,000037
традиция 1,919593 0,009177
общество 0,257045 0,000102
основание 0,013423 0,000005
храм 3,624341 0,012996
издание 0,013423 0,000005
бульвар 0,013423 0,000011
сетевой 0,013423 0,000005
мощи 5,010635 0,005989
вновь 0,013423 0,000005
сменить 0,013423 0,000005
величие 5,010635 0,001996
участвовать 0,013423 0,000011
сообщить 0,013423 0,000005
ученик 4,317488 0,003440
примечание 5,010635 0,001996
быть 0,013423 0,000011
учение 3,624341 0,001444
смелость 5,010635 0,001996
скриншот 0,013423 0,000016
истечь 0,013423 0,000005
отмечать 1,399717 0,003346
церковьиерусалить 5,010635 0,001996
кряжевый 3,401197 0,002710
электронный 0,013423 0,000005
установить 2,302585 0,000917
спорт 0,190354 0,000076
услышать 3,912023 0,001559
этот 1,514128 0,001206
сказать 2,371578 0,000945
протяжение 3,624341 0,002888
приход 4,317488 0,003440
юлианский 5,010635 0,005989
отметить 2,014903 0,002408
глава 1,919593 0,002294
изготовить 3,912023 0,003117
сохранить 0,013423 0,000011
народ 2,238047 0,003567
богослужение 3,624341 0,008664
бахтияров 5,010635 0,017966
известный 2,066196 0,000823
фиксировать 3,624341 0,002888
взаимодействие 0,013423 0,000011
илья 3,218876 0,002565
согласный 0,013423 0,000016
перетянуть 0,013423 0,000005
использоваться 0,006689 0,000003
лунный 3,218876 0,005130
легенда 3,624341 0,001444
наступать 3,401197 0,001355
пётр 2,238047 0,004458
беда 3,912023 0,003117
поворот 3,912023 0,001559
медиабанкикона 5,010635 0,001996
фио 0,013423 0,000005
кирилл 1,875141 0,000747
пожалуйста 0,013423 0,000005
мясопустный 5,010635 0,003993
памятный 5,010635 0,003993
завершаться 5,010635 0,003993
соблюдать 3,064725 0,001221
чудо 3,624341 0,001444
дерево 3,401197 0,002710
отличиться 5,010635 0,001996
медиабанкперёд 5,010635 0,001996
моисей 5,010635 0,001996
версия 0,013423 0,000005
ниже 0,013423 0,000016
спустя 2,813411 0,002242
сутки 2,371578 0,000945
тег 0,190354 0,000076
зарегистрировать 0,013423 0,000005
бедняк 3,912023 0,003117
популярный 1,752539 0,000698
полнолуние 5,010635 0,001996
поле 0,013423 0,000043
связать 2,445686 0,000974
многодневный 4,317488 0,006880
живоначальный 5,010635 0,003993
перетащить 0,013423 0,000016
наблюдать 3,064725 0,001221
особенность 2,120264 0,000845
русь 3,912023 0,001559
туризм 0,283247 0,000113
адрес 0,013423 0,000027
соответствие 0,013423 0,000016
запрет 3,218876 0,003847
пророк 5,010635 0,005989
перенесение 5,010635 0,003993
загрузить 0,013423 0,000011
направление 0,013423 0,000005
телефон 0,013423 0,000005
редакция 0,013423 0,000016
устав 5,010635 0,001996
складываться 5,010635 0,001996
период 1,118815 0,001783
должный 0,013423 0,000011
знать 2,238047 0,000892
апостольский 3,401197 0,002710
говориться 2,371578 0,000945
автор 0,013423 0,000005
старый 0,013423 0,000021
ветхий 5,010635 0,001996
сообщение 0,013423 0,000075
кроме 1,919593 0,000765
духовный 3,624341 0,005776
происшествие 0,292136 0,000116
троица 5,010635 0,023955
подтвердить 0,013423 0,000005
эксперт 1,373049 0,001641
медиабанкпразднование 5,010635 0,001996
тип 3,064725 0,001221
четыредесятница 5,010635 0,001996
разделить 3,401197 0,001355
адам 5,010635 0,001996
культура 0,292136 0,000116
молитва 5,010635 0,003993
статья 0,013423 0,000005
современный 2,813411 0,001121
познание 5,010635 0,003993
соответственно 3,401197 0,002710
честь 4,317488 0,006880
отношение 1,791759 0,000714
скрижаль 5,010635 0,001996
вторник 3,401197 0,001355
посвятить 3,218876 0,003847
редактор 0,013423 0,000005
фгуп 0,499776 0,000597
получить 0,985284 0,000393
контакт 0,013423 0,000005
пятница 3,624341 0,005776
государственный 0,013423 0,000027
выстраиваться 5,010635 0,001996
медиабанкдевушка 3,912023 0,001559
связанный 0,013423 0,000011
риа 0,006689 0,000077
закрытый 0,013423 0,000005
обращать 0,013423 0,000005
разный 1,484275 0,000591
карелия 3,401197 0,002710
год 0,006689 0,000083
увеличение 3,064725 0,001221
медиабанкуличный 5,010635 0,001996
характерный 3,401197 0,002710
приходиться 3,912023 0,009351
международный 0,013423 0,000016
поэтому 2,014903 0,000803
фотохост 5,010635 0,003993
длительность 3,912023 0,001559
покровитель 5,010635 0,001996
православие 3,218876 0,003847
празднование 2,708050 0,010789
май 1,643339 0,008511
агентство 0,013423 0,000032
поклоняться 5,010635 0,001996
икона 4,317488 0,001720
несовпадение 5,010635 0,001996
креститель 5,010635 0,003993
сегодня 0,013423 0,000048
весна 3,218876 0,001282
просить 0,013423 0,000005
завоевание 5,010635 0,001996
такой 1,098612 0,001313
иерусалим 3,912023 0,015586
вместе 2,302585 0,000917
усмотреть 5,010635 0,001996
рассказывать 2,014903 0,000803
давид 3,218876 0,001282
оклад 4,317488 0,003440
шапка 0,013423 0,000005
отправить 0,013423 0,000075
продолжить 0,006689 0,000003
решение 0,006689 0,000005
богообщение 5,010635 0,001996
проходить 2,177422 0,000867
ознакомить 0,013423 0,000005
историк 3,624341 0,001444
село 3,064725 0,002442
накануне 3,218876 0,001282
март 1,514128 0,003016
успение 5,010635 0,009981
включать 2,813411 0,001121
летний 1,919593 0,000765
проставлять 0,013423 0,000005
некий 3,401197 0,001355
мученик 5,010635 0,001996
аккаунт 0,013423 0,000027
совершаться 5,010635 0,001996
экономика 0,292136 0,000116
преображение 3,912023 0,003117
тот 1,576648 0,000628
обсуждение 0,013423 0,000011
сретение 3,401197 0,002710
календарь 2,120264 0,021118
наиболее 2,813411 0,001121
почитание 5,010635 0,007985
иерусалимский 5,010635 0,001996
датировать 5,010635 0,001996
воскресение 2,612740 0,016655
иудей 5,010635 0,005989
крест 5,010635 0,009981
десять 2,445686 0,000974
сливаться 5,010635 0,001996
почта 0,013423 0,000037
блокировка 0,013423 0,000021
прихожанин 5,010635 0,003993
история 1,139434 0,002270
воин 5,010635 0,003993
фамилия 0,013423 0,000005
евгений 2,238047 0,001783
непосредственно 3,218876 0,001282
освящение 5,010635 0,003993
предательство 4,317488 0,003440
яндекс 0,013423 0,000011
принести 2,371578 0,000945
либо 0,013423 0,000027
бог 3,218876 0,001282
приблизительно 4,317488 0,001720
нажимать 0,013423 0,000005
согласно 2,371578 0,000945
распять 5,010635 0,001996
название 2,813411 0,005604
христианин 4,317488 0,001720
ксения 3,218876 0,001282
поиск 0,013423 0,000005
желудок 4,317488 0,001720
установление 3,218876 0,001282
петербургский 3,401197 0,001355
солнцеворот 5,010635 0,001996
серафим 5,010635 0,001996
алексей 1,966113 0,001567
условие 1,321756 0,000527
родитель 2,931194 0,001168
сергий 4,317488 0,003440
встреча 1,832581 0,001460
канун 4,317488 0,005160
свеча 3,624341 0,001444
подготовить 2,120264 0,000845
библейский 5,010635 0,003993
принять 1,791759 0,002142
медиабанксвеча 5,010635 0,001996
способ 0,013423 0,000011
продукт 0,135438 0,000054
яркий 2,302585 0,000917
встречать 4,317488 0,001720
определённый 2,813411 0,001121
телесный 5,010635 0,001996
новый 0,006689 0,000019
образ 2,066196 0,003293
чудотворец 4,317488 0,008601
происходить 2,177422 0,001735
добро 4,317488 0,003440
важный 1,297063 0,001550
касаться 2,371578 0,000945
доступ 0,013423 0,000011
миа 0,013423 0,000027
задать 0,013423 0,000005
помощь 1,321756 0,001580
александр 1,373049 0,001641
иисус 3,218876 0,014107
г 0,013423 0,000011
рпц 3,624341 0,001444
царь 5,010635 0,001996
политика 0,013423 0,000027
й 2,014903 0,008830
четверг 3,401197 0,002710
к 2,177422 0,000867
м 2,302585 0,000917
о 0,013423 0,000005
предстать 4,317488 0,001720
средство 2,120264 0,000845
течение 0,013423 0,000005
родительский 3,218876 0,008977
они 3,624341 0,002888
усекновение 5,010635 0,005989
земля 2,708050 0,002158
выдержать 3,624341 0,001444
димитрий 5,010635 0,001996
обращаться 2,371578 0,001890
мир 0,223144 0,000178
миф 3,912023 0,001559
земной 3,912023 0,003117
русский 1,118815 0,002229
выпадать 4,317488 0,008601
этап 2,931194 0,001168
практика 2,612740 0,001041
время 0,013423 0,000043
конец 1,643339 0,001309
новолетие 5,010635 0,001996
кнопка 0,013423 0,000005
очищение 5,010635 0,005989
ранее 0,013423 0,000005
составлять 2,238047 0,000892
сергей 1,544899 0,002462
город 0,013423 0,000005
разблокировать 0,013423 0,000016
носить 4,317488 0,003440
следовать 2,014903 0,000803
час 0,013423 0,000011
чат 0,013423 0,000011
отец 2,931194 0,004671
новостеймолния 0,013423 0,000005
написать 0,013423 0,000005
воздержание 5,010635 0,003993
зависимость 1,966113 0,003133
начаться 2,813411 0,001121
вечный 3,912023 0,001559
показать 0,013423 0,000005
пароль 0,013423 0,000059
хотя 2,371578 0,000945
вход 0,013423 0,000043
читать 0,791128 0,000315
описать 0,013423 0,000005
вспоминать 4,317488 0,006880
древний 2,525729 0,001006
животворящий 5,010635 0,003993
мера 1,875141 0,000747
подтверждать 0,013423 0,000005
пользоваться 2,931194 0,001168
гаврилов 0,013423 0,000005
учредитель 0,013423 0,000005
обычай 3,624341 0,001444
славянский 3,624341 0,001444
московский 1,678431 0,002006
ссылка 0,013423 0,000021
возникать 3,064725 0,001221
коммуникация 0,013423 0,000005
мой 0,013423 0,000027
князь 3,912023 0,001559
помочь 0,013423 0,000011
апостол 5,010635 0,011978
помимо 2,708050 0,003237
благовещение 5,010635 0,003993
константин 3,064725 0,002442
римлянин 5,010635 0,003993
среда 2,612740 0,003123
пояснять 2,371578 0,000945
роскомнадзор 0,013423 0,000005
технология 0,013423 0,000011
вознесение 4,317488 0,006880
антипасха 5,010635 0,001996
девушка 2,931194 0,001168
саровский 5,010635 0,001996
совпадать 3,624341 0,002888
случиться 3,218876 0,001282
распростереть 5,010635 0,001996
христов 2,708050 0,007552
москва 0,006689 0,000013
воспользоваться 0,013423 0,000021
иудейский 5,010635 0,001996
смерть 2,612740 0,009368
отдельный 2,525729 0,001006
священный 4,317488 0,001720
христос 2,931194 0,019853
павел 2,238047 0,007133
далее 0,013423 0,000011
кулич 3,218876 0,001282
уличный 3,218876 0,001282
сказание 4,317488 0,001720
написание 4,317488 0,001720
предок 3,624341 0,004332
богородица 5,010635 0,031940
хотеть 0,006689 0,000003
открывать 0,013423 0,000016
стать 0,851752 0,001357
возможно 2,708050 0,001079
заря 4,317488 0,003440
обращение 0,013423 0,000016
внутренне 5,010635 0,001996
поститься 5,010635 0,015970
это 0,013423 0,000037
массовый 0,013423 0,000005
обработка 0,013423 0,000027
два 1,514128 0,000603
заповедник 3,218876 0,002565
новость 0,006689 0,000083
сентябрь 1,427116 0,006254
остальной 2,177422 0,000867
мефодий 5,010635 0,001996
верующий 3,624341 0,001444
дидах 5,010635 0,001996
двойной 3,624341 0,001444
тримифунтский 5,010635 0,001996
зарегистрироваться 0,013423 0,000027
пожаловаться 0,006689 0,000003
однодневный 5,010635 0,005989
войти 0,006689 0,000011
чтить 5,010635 0,001996
память 3,218876 0,021801
особо 3,912023 0,006234
радио 0,274437 0,000109
пригласить 2,708050 0,001079
защита 0,013423 0,000032
божество 5,010635 0,003993
считать 2,014903 0,000803
регистрация 0,013423 0,000027
особый 1,752539 0,000698
восстановление 0,013423 0,000021
музей 2,612740 0,002082
феврония 5,010635 0,001996
медиабанккулич 5,010635 0,001996
седмица 3,401197 0,008130
просиять 4,317488 0,001720
тимин 3,912023 0,003117
действие 0,013423 0,000005
релиз 0,013423 0,000005
первый 0,883501 0,001760
религиозный 2,708050 0,001079
пост 2,302585 0,056877
вербный 3,401197 0,008130
пять 1,966113 0,000783
обязательный 0,013423 0,000037
февраль 0,567984 0,002263
купала 5,010635 0,007985
практически 2,445686 0,002923
ошибка 0,013423 0,000016
суббота 2,931194 0,014014
вопрос 0,006689 0,000011
продлиться 2,813411 0,002242
преподобный 5,010635 0,003993
преобразиться 5,010635 0,001996
приписывать 3,912023 0,001559
ваш 0,013423 0,000086
имя 0,013423 0,000037
старший 2,612740 0,001041
спаситель 3,401197 0,005420
таинство 5,010635 0,003993
больший 2,014903 0,000803
срок 0,013423 0,000011
идеал 5,010635 0,001996
событие 1,544899 0,001846
использование 0,013423 0,000005
неделя 1,181994 0,002825
август 1,752539 0,009077
самый 0,967584 0,001542
материал 0,013423 0,000053
успешно 0,013423 0,000005
лента 0,006689 0,000005
архивный 1,347074 0,005367
повествовать 5,010635 0,001996
зимний 1,919593 0,001530
сфера 0,013423 0,000005
район 2,525729 0,002013
торжество 3,912023 0,001559
месяц 1,003302 0,003198
мочь 1,399717 0,000558
церковь 2,708050 0,006473
страдание 5,010635 0,003993
непереходящий 5,010635 0,025951
свидетельство 0,013423 0,000005
потомство 5,010635 0,001996
комментирование 0,013423 0,000011
почитать 5,010635 0,009981
блокироваться 0,013423 0,000005
христосрусский 5,010635 0,001996
правило 0,013423 0,000032
симеон 5,010635 0,001996
ангела 5,010635 0,001996
применение 0,013423 0,000005
символизировать 3,912023 0,003117
существующий 3,401197 0,001355
дать 0,013423 0,000011
пресс 0,013423 0,000011
персональный 0,013423 0,000043
заповедь 5,010635 0,001996
организовать 2,931194 0,001168
православный 2,525729 0,036226
век 2,813411 0,003363
смочь 0,006689 0,000003
пресвятой 5,010635 0,025951
душа 3,218876 0,002565
готовый 0,006689 0,000005
дата 0,006689 0,000045
одноклассник 0,013423 0,000011
недопустимый 0,013423 0,000005
вы 0,013423 0,000005
восстановить 0,013423 0,000005
обрезание 5,010635 0,003993
солнечный 3,624341 0,005776
весенний 3,401197 0,001355
гора 3,624341 0,002888
синай 5,010635 0,001996
узнать 2,014903 0,000803
россия 0,006689 0,000040
го 2,177422 0,000867
вяткин 4,317488 0,003440
матрона 5,010635 0,001996
свой 0,867501 0,000691
январь 1,040343 0,004559
иоанн 5,010635 0,013974
медиабанкверовать 5,010635 0,001996
культ 5,010635 0,003993
сайт 0,013423 0,000016
рождение 2,931194 0,004671
великий 2,120264 0,021118
латный 5,010635 0,003993
полезный 0,143101 0,000057
галочка 0,013423 0,000005
заблокировать 0,013423 0,000011
зародиться 5,010635 0,001996
поддерживаетсяполучить 0,013423 0,000005
другой 0,013423 0,000021
рождественский 3,218876 0,008977
унитарный 0,013423 0,000016
давать 0,013423 0,000011
введение 5,010635 0,003993
отправка 0,013423 0,000005
сплошной 3,912023 0,001559
константинополь 5,010635 0,001996
праздник 1,427116 0,031840
число 1,643339 0,001964
человечество 5,010635 0,001996
постный 2,931194 0,003503
равноденствие 4,317488 0,001720
вытеснить 5,010635 0,001996
купать 5,010635 0,001996
троицкий 4,317488 0,003440
бобылев 4,317488 0,003440
путь 2,120264 0,000845
обновить 0,985284 0,000393
светлый 2,612740 0,003123
пасха 2,525729 0,023144
богоявление 5,010635 0,001996
авторизация 0,013423 0,000005
религия 0,283247 0,000339
рейтинг 0,006689 0,000003
форма 0,013423 0,000064
взойти 5,010635 0,001996
радонежский 5,010635 0,003993
зависеть 2,066196 0,000823
скоромный 5,010635 0,001996
служение 5,010635 0,003993
прощёный 4,317488 0,001720
двунадесятый 5,010635 0,013974
традиционно 2,612740 0,001041
господний 3,218876 0,025648
недвижимость 0,292136 0,000116
закат 5,010635 0,001996
покаяние 4,317488 0,001720
вертеп 5,010635 0,003993
тема 0,013423 0,000016
сервис 0,174353 0,000069
дискуссия 0,013423 0,000011
эпизод 4,317488 0,001720
писание 5,010635 0,001996
служба 0,006689 0,000005
съесть 4,317488 0,001720
спиридон 5,010635 0,003993
заметить 0,013423 0,000005
стрингер 3,624341 0,002888
вознесенский 5,010635 0,003993
святой 2,708050 0,024815
шаман 4,317488 0,001720
рекомендательный 0,013423 0,000005
медиабанк 1,321756 0,005266
иуда 3,912023 0,003117
октябрь 1,714798 0,004782
который 0,603916 0,001444
николай 3,624341 0,008664
шествие 5,010635 0,003993
например 1,714798 0,002733
понедельник 4,317488 0,001720
следующий 1,427116 0,001137
победа 2,066196 0,001646
никола 5,010635 0,001996
пища 2,813411 0,002242
авторизоваться 0,013423 0,000011
угодник 5,010635 0,001996
выбрать 0,013423 0,000016
рассказать 0,933098 0,000372
священник 2,525729 0,002013
строгий 3,624341 0,010108
жить 3,218876 0,001282
новыесначала 0,013423 0,000005
нужный 1,643339 0,000655
молиться 3,912023 0,001559
крещение 3,912023 0,010910
иван 3,401197 0,005420
кижи 3,064725 0,002442
несколько 1,544899 0,000615
начало 1,643339 0,004583
дух 3,218876 0,002565
пятидесятница 5,010635 0,007985
вакансия 0,013423 0,000005
мы 0,013423 0,000043
участие 0,006689 0,000003
церковный 2,931194 0,015181
анна 2,931194 0,010510
использовать 0,013423 0,000011
опечатка 0,013423 0,000005
собор 3,912023 0,006234
обретение 5,010635 0,007985
каждый 1,399717 0,000558
фомин 5,010635 0,001996
онлайн 0,013423 0,000005
славянин 4,317488 0,001720
служащий 5,010635 0,001996
осуществляться 0,013423 0,000005
блаженный 4,317488 0,001720
апрель 0,013423 0,000102
сазонов 5,010635 0,003993
солнцестояние 3,912023 0,003117
начинать 2,445686 0,000974
приурочить 5,010635 0,001996
владимир 1,373049 0,001641
составить 2,931194 0,001168
поминовение 4,317488 0,015481
продолжительность 3,401197 0,001355
федеральный 0,013423 0,000021
уточнять 2,445686 0,000974
упоминание 3,218876 0,002565
епанчинец 3,912023 0,003117
он 3,064725 0,001221
погребение 4,317488 0,001720
успенский 5,010635 0,005989
семилукский 5,010635 0,003993
попробовать 0,013423 0,000005
заполнение 0,013423 0,000037
перенять 5,010635 0,001996
внимание 0,013423 0,000005
принимать 0,013423 0,000005
вечеря 5,010635 0,001996
вселенский 5,010635 0,005989
выпуск 0,013423 0,000005
надзор 0,013423 0,000005
благочестивый 5,010635 0,001996
предприятие 0,013423 0,000016
наука 0,283247 0,000113
какой 1,399717 0,001673
поклонение 5,010635 0,001996
обратный 0,013423 0,000037
произойти 0,013423 0,000011
утренний 4,317488 0,001720
медиабанкнастоятель 5,010635 0,003993
изнеможение 5,010635 0,001996
фарисей 5,010635 0,001996
