банк 1,966113 0,001920
законный 0,013423 0,000013
коронавирус 5,010635 0,029359
новый 0,006689 0,000020
день 0,591795 0,001156
покрасить 2,813411 0,005495
найти 0,013423 0,000013
католический 2,931194 0,080150
академия 2,931194 0,002862
газета 3,218876 0,003143
письмо 0,013423 0,000026
спасибо 0,013423 0,000013
расширить 0,006689 0,000007
балтийский 4,317488 0,004216
согласие 0,013423 0,000026
центр 0,166448 0,000163
петербург 2,302585 0,002249
су 3,624341 0,003539
доступ 0,013423 0,000026
йорк 3,064725 0,002993
верба 5,010635 0,004893
миа 0,013423 0,000026
миг 5,010635 0,004893
задать 0,013423 0,000013
связаться 0,013423 0,000079
алабино 5,010635 0,004893
кемеровский 4,317488 0,004216
жертва 2,813411 0,002747
иисус 3,218876 0,009430
г 0,013423 0,000026
реклама 0,013423 0,000026
фото 0,013423 0,000092
экспоцентр 5,010635 0,004893
политика 0,013423 0,000066
связь 0,006689 0,000052
взрыв 2,813411 0,002747
о 0,013423 0,000013
санкт 2,525729 0,002467
новосибирск 3,064725 0,002993
британец 3,401197 0,003321
течение 0,013423 0,000013
область 1,427116 0,002787
китай 1,714798 0,003349
мир 0,223144 0,001743
пройти 0,006689 0,000007
заголовок 0,013423 0,000026
информационный 0,013423 0,000052
русский 1,118815 0,003278
хорх 3,912023 0,007641
рассмотреть 0,013423 0,000013
миннесота 5,010635 0,004893
расположить 0,013423 0,000026
мировоззрение 4,317488 0,025298
дели 5,010635 0,004893
время 0,013423 0,000039
кнопка 0,013423 0,000013
исландия 5,010635 0,004893
праздновать 2,612740 0,002552
ранее 0,013423 0,000013
подкаст 0,292136 0,000285
главный 0,013423 0,000013
проблема 0,013423 0,000013
данные 0,013423 0,000105
украина 1,160488 0,002267
город 0,013423 0,000026
разблокировать 0,013423 0,000039
мода 3,912023 0,007641
майами 5,010635 0,004893
фотография 0,013423 0,000013
лазар 4,317488 0,004216
армянский 2,708050 0,002645
час 0,013423 0,000026
чат 0,013423 0,000026
новостеймолния 0,013423 0,000013
написать 0,013423 0,000013
ленинградский 3,401197 0,003321
соглашаться 0,013423 0,000013
северный 2,177422 0,002126
сначала 0,013423 0,000013
бангкок 5,010635 0,004893
показать 0,013423 0,000013
теракт 3,912023 0,003820
пароль 0,013423 0,000144
татуировка 5,010635 0,004893
полина 5,010635 0,009786
удалить 0,013423 0,000052
акционер 5,010635 0,004893
селфи 5,010635 0,004893
вход 0,013423 0,000026
описать 0,013423 0,000013
размещение 0,013423 0,000013
сколько 0,006689 0,000007
холокост 5,010635 0,004893
белфаст 5,010635 0,004893
ветка 3,624341 0,007079
совет 1,226446 0,001198
чехия 3,218876 0,003143
видео 1,832581 0,001790
подтверждать 0,013423 0,000013
гаврилов 0,013423 0,000013
кубинка 5,010635 0,004893
учредитель 0,013423 0,000013
шляпа 5,010635 0,004893
последний 0,899761 0,001757
московский 1,678431 0,003278
еврейский 3,218876 0,003143
ссылка 0,013423 0,000052
коммуникация 0,013423 0,000013
инструкция 1,966113 0,001920
выпустить 3,912023 0,003820
берл 4,317488 0,004216
мой 0,013423 0,000066
вена 3,912023 0,003820
архив 0,190354 0,000186
помочь 0,013423 0,000013
мавзолей 5,010635 0,004893
борис 3,912023 0,007641
частый 2,445686 0,002388
сша 1,118815 0,002185
описание 0,013423 0,000013
процесс 0,013423 0,000013
освящать 3,401197 0,003321
потерять 2,525729 0,002467
варшава 4,317488 0,008433
роскомнадзор 0,013423 0,000013
всемирный 3,912023 0,003820
римский 4,317488 0,012649
технология 0,013423 0,000026
георгиевский 5,010635 0,009786
христов 2,708050 0,013223
католик 5,010635 0,004893
москва 0,006689 0,000059
воспользоваться 0,013423 0,000052
парад 4,317488 0,004216
ереван 3,912023 0,007641
бразилия 3,912023 0,003820
христос 2,931194 0,008587
павел 2,238047 0,002186
ланка 5,010635 0,014680
далее 0,013423 0,000026
лос 3,401197 0,003321
кулич 3,218876 0,003143
удивить 3,218876 0,003143
кровавый 5,010635 0,004893
чей 2,931194 0,002862
стегать 3,624341 0,007079
мадрид 4,317488 0,004216
хотеть 0,006689 0,000007
открывать 0,013423 0,000026
перейти 0,013423 0,000013
франциск 3,912023 0,007641
пожар 4,317488 0,004216
обращение 0,013423 0,000039
мельников 3,912023 0,003820
община 3,912023 0,003820
огонь 1,966113 0,001920
спецпроект 0,190354 0,000186
массовый 0,013423 0,000013
обработка 0,013423 0,000066
это 0,013423 0,000013
стычка 4,317488 0,004216
египет 4,317488 0,008433
новость 0,006689 0,000059
сентябрь 1,427116 0,002787
ватикан 3,624341 0,003539
зарегистрироваться 0,013423 0,000066
пожаловаться 0,006689 0,000007
войти 0,006689 0,000026
анджелес 3,401197 0,003321
трое 3,912023 0,003820
память 3,218876 0,003143
эл 0,013423 0,000013
радио 0,274437 0,000268
защита 0,013423 0,000052
регистрация 0,013423 0,000066
почему 0,013423 0,000013
александрия 5,010635 0,004893
восстановление 0,013423 0,000052
хороший 1,059392 0,002069
музей 2,612740 0,002552
германия 2,525729 0,002467
вина 2,371578 0,004632
марсоход 5,010635 0,004893
вконтакте 0,013423 0,000026
логин 0,013423 0,000013
конфиденциальность 0,013423 0,000052
нарушение 0,013423 0,000039
навсегда 0,013423 0,000013
красавица 5,010635 0,004893
действие 0,013423 0,000013
релиз 0,013423 0,000013
назад 0,013423 0,000066
религиозный 2,708050 0,005289
список 0,013423 0,000013
вулкан 4,317488 0,004216
крестный 3,624341 0,003539
константинопольский 5,010635 0,009786
вербный 3,401197 0,003321
патриархат 3,912023 0,003820
обязательный 0,013423 0,000092
ошибка 0,013423 0,000039
аналитика 2,177422 0,012758
вопрос 0,006689 0,000026
зубовский 0,013423 0,000026
заполнить 0,013423 0,000092
ваш 0,013423 0,000210
общество 0,257045 0,001506
имя 0,013423 0,000066
федерация 2,066196 0,002018
срок 0,013423 0,000026
основание 0,013423 0,000013
таймыр 5,010635 0,004893
издание 0,013423 0,000013
поделка 5,010635 0,004893
бульвар 0,013423 0,000026
сетевой 0,013423 0,000013
распространение 3,401197 0,003321
джастин 4,317488 0,008433
гундяев 3,624341 0,003539
использование 0,013423 0,000013
неделя 1,181994 0,002309
англия 3,912023 0,003820
вновь 0,013423 0,000013
сменить 0,013423 0,000013
материал 0,013423 0,000118
участвовать 0,013423 0,000026
сообщить 0,013423 0,000013
выбирать 2,014903 0,001968
быть 0,013423 0,000039
пошаговый 1,455287 0,002842
успешно 0,013423 0,000013
скриншот 0,013423 0,000039
истечь 0,013423 0,000013
корнуолл 5,010635 0,004893
лента 0,006689 0,000013
яйцо 1,966113 0,003840
сфера 0,013423 0,000013
электронный 0,013423 0,000013
одесса 4,317488 0,004216
спорт 0,190354 0,000186
ленточка 5,010635 0,009786
месяц 1,003302 0,000980
церковь 2,708050 0,018512
свидетельство 0,013423 0,000013
бибер 4,317488 0,008433
комментирование 0,013423 0,000026
блокироваться 0,013423 0,000013
сияние 3,624341 0,003539
самоизоляция 5,010635 0,004893
швеция 4,317488 0,004216
пецци 5,010635 0,004893
правило 0,013423 0,000066
сохранить 0,013423 0,000013
край 2,371578 0,002316
поклонник 3,912023 0,003820
применение 0,013423 0,000013
взаимодействие 0,013423 0,000026
дать 0,013423 0,000026
пресс 0,013423 0,000026
согласный 0,013423 0,000039
персональный 0,013423 0,000105
перетянуть 0,013423 0,000013
православный 2,525729 0,012333
смочь 0,006689 0,000013
использоваться 0,006689 0,000007
готовый 0,006689 0,000013
шри 5,010635 0,014680
дата 0,006689 0,000013
вакцинация 4,317488 0,004216
одноклассник 0,013423 0,000026
недопустимый 0,013423 0,000013
вы 0,013423 0,000013
фио 0,013423 0,000013
патриарх 3,218876 0,003143
кирилл 1,875141 0,001831
восстановить 0,013423 0,000013
пожалуйста 0,013423 0,000013
нэшвилл 5,010635 0,004893
протест 3,624341 0,003539
версия 0,013423 0,000013
ниже 0,013423 0,000039
россия 0,006689 0,000085
простой 1,272966 0,001243
нью 3,624341 0,003539
тег 0,190354 0,000186
свой 0,867501 0,000847
зарегистрировать 0,013423 0,000013
израиль 2,931194 0,005725
альбом 5,010635 0,004893
игорь 2,708050 0,002645
благодатный 3,401197 0,003321
сайт 0,013423 0,000039
поле 0,013423 0,000105
биньямин 4,317488 0,004216
полезный 0,143101 0,000140
галочка 0,013423 0,000013
заблокировать 0,013423 0,000026
перетащить 0,013423 0,000039
туризм 0,283247 0,000277
базель 5,010635 0,004893
поддерживаетсяполучить 0,013423 0,000013
адрес 0,013423 0,000066
другой 0,013423 0,000039
соответствие 0,013423 0,000026
унитарный 0,013423 0,000039
папа 3,912023 0,011461
давать 0,013423 0,000026
отправка 0,013423 0,000013
загрузить 0,013423 0,000026
бергольо 3,912023 0,007641
джонсон 5,010635 0,014680
направление 0,013423 0,000013
телефон 0,013423 0,000013
редакция 0,013423 0,000039
ход 2,238047 0,002186
период 1,118815 0,001093
праздник 1,427116 0,006968
гагарин 4,317488 0,008433
должный 0,013423 0,000013
нетаньяху 3,218876 0,003143
апостольский 3,401197 0,003321
автор 0,013423 0,000013
старый 0,013423 0,000013
сообщение 0,013423 0,000184
духовный 3,624341 0,003539
ребёнок 1,514128 0,001479
происшествие 0,292136 0,000285
подтвердить 0,013423 0,000013
юар 4,317488 0,004216
светлый 2,612740 0,012758
эксперт 1,373049 0,001341
пасха 2,525729 0,128260
авторизация 0,013423 0,000013
религия 0,283247 0,006085
рейтинг 0,006689 0,000007
форма 0,013423 0,000157
культура 0,292136 0,000856
марио 3,624341 0,007079
статья 0,013423 0,000013
венгрия 3,912023 0,003820
великобритания 3,218876 0,003143
хайдарабад 5,010635 0,004893
отличаться 2,708050 0,002645
оригинальный 2,238047 0,002186
музыка 3,401197 0,003321
недвижимость 0,292136 0,000285
ил 4,317488 0,004216
редактор 0,013423 0,000013
море 2,931194 0,002862
контакт 0,013423 0,000013
тема 0,013423 0,000039
зоопарк 4,317488 0,004216
сервис 0,174353 0,000170
государственный 0,013423 0,000039
дождаться 3,624341 0,003539
дискуссия 0,013423 0,000026
связанный 0,013423 0,000026
служба 0,006689 0,000007
риа 0,006689 0,000026
заметить 0,013423 0,000013
закрытый 0,013423 0,000013
обращать 0,013423 0,000013
ковалевский 5,010635 0,004893
рекомендательный 0,013423 0,000013
цска 2,813411 0,002747
альфа 5,010635 0,004893
близко 4,317488 0,004216
год 0,006689 0,000026
ангелина 5,010635 0,004893
пес 5,010635 0,004893
международный 0,013423 0,000052
празднование 2,708050 0,005289
рим 3,912023 0,007641
агентство 0,013423 0,000052
леонов 4,317488 0,004216
протестант 5,010635 0,004893
авторизоваться 0,013423 0,000026
стамбул 5,010635 0,004893
выбрать 0,013423 0,000039
рассказать 0,933098 0,000911
сегодня 0,013423 0,000079
просить 0,013423 0,000013
акция 2,931194 0,002862
иерусалим 3,912023 0,007641
новыесначала 0,013423 0,000013
марсианский 4,317488 0,004216
шапка 0,013423 0,000013
отправить 0,013423 0,000184
поздравить 2,525729 0,002467
продолжить 0,006689 0,000007
решение 0,006689 0,000007
рука 1,791759 0,001750
алтайский 3,064725 0,002993
ознакомить 0,013423 0,000013
марс 5,010635 0,004893
римско 4,317488 0,004216
март 1,514128 0,002957
вакансия 0,013423 0,000013
мы 0,013423 0,000092
проставлять 0,013423 0,000013
участие 0,006689 0,000007
аккаунт 0,013423 0,000066
экономика 0,292136 0,000285
тот 1,576648 0,001540
обсуждение 0,013423 0,000026
опечатка 0,013423 0,000013
использовать 0,013423 0,000013
календарь 2,120264 0,002071
онлайн 0,013423 0,000013
воскресение 2,612740 0,017861
медведь 4,317488 0,004216
почта 0,013423 0,000092
блокировка 0,013423 0,000052
рецепт 1,118815 0,001093
осуществляться 0,013423 0,000013
вциома 4,317488 0,004216
апрель 0,013423 0,000262
осудить 3,401197 0,003321
фамилия 0,013423 0,000013
яндекс 0,013423 0,000026
норвегия 5,010635 0,004893
владимир 1,373049 0,001341
либо 0,013423 0,000013
миннеаполис 4,317488 0,004216
федеральный 0,013423 0,000052
нажимать 0,013423 0,000013
справка 1,791759 0,010499
упоминание 3,218876 0,003143
христианин 4,317488 0,004216
поиск 0,013423 0,000013
попробовать 0,013423 0,000013
заполнение 0,013423 0,000092
внимание 0,013423 0,000013
принимать 0,013423 0,000013
алексей 1,966113 0,001920
условие 1,321756 0,001291
премьер 2,931194 0,002862
женева 2,238047 0,002186
правда 2,612740 0,002552
выпуск 0,013423 0,000013
уникальный 2,014903 0,003935
надзор 0,013423 0,000013
предприятие 0,013423 0,000039
способ 0,013423 0,000026
наука 0,283247 0,000277
обратный 0,013423 0,000092
продукт 0,135438 0,000132
произойти 0,013423 0,000013
ленин 5,010635 0,004893
