谢褍谐邪薪褋泻懈泄 3,912023 0,006472
懈褋褌械褔褜 0,013423 0,000011
褉褎 1,181994 0,053771
斜械薪蟹懈薪 5,010635 0,008289
谢械薪褌邪 0,006689 0,000011
蟹邪泻芯薪薪褘泄 0,013423 0,000011
薪芯胁褘泄 0,006689 0,000011
写械薪褜 0,591795 0,000489
芯斜芯褉芯薪邪 2,066196 0,044434
薪邪泄褌懈 0,013423 0,000011
谢懈薪懈褟 2,813411 0,002327
锌懈褋褜屑芯 0,013423 0,000022
褋褎械褉邪 0,013423 0,000011
褝谢械泻褌褉芯薪薪褘泄 0,013423 0,000011
褋锌邪褋懈斜芯 0,013423 0,000011
褋锌芯褉褌 0,190354 0,000157
褉邪褋褕懈褉懈褌褜 0,006689 0,000006
褎懈蟹懈褔械褋泻懈泄 2,813411 0,002327
屑芯褔褜 1,399717 0,001158
薪邪褋械谢械薪懈械 2,813411 0,002327
褋胁懈写械褌械谢褜褋褌胁芯 0,013423 0,000011
褋芯谐谢邪褋懈械 0,013423 0,000022
褑械薪褌褉 0,166448 0,000138
泻芯屑屑械薪褌懈褉芯胁邪薪懈械 0,013423 0,000022
写芯褋褌褍锌 0,013423 0,000022
斜谢芯泻懈褉芯胁邪褌褜褋褟 0,013423 0,000011
屑懈邪 0,013423 0,000022
薪邪褉芯写薪褘泄 2,177422 0,093653
褉械褋锌褍斜谢懈泻邪屑懈薪懈褋褌械褉褋褌胁芯 4,317488 0,014284
蟹邪写邪褌褜 0,013423 0,000011
褋胁褟蟹邪褌褜褋褟 0,013423 0,000067
写械泻邪斜褉褜 0,985284 0,000815
锌褉邪胁懈谢芯 0,013423 0,000056
褋芯褏褉邪薪懈褌褜 0,013423 0,000011
屑懈薪懈褋褌械褉褋褌胁芯 1,966113 0,004879
懈薪褎芯谐褉邪褎懈泻邪褉芯褋褋懈褟褍泻褉邪懈薪邪胁芯芯褉褍卸械薪薪褘泄 5,010635 0,008289
谐 0,013423 0,000022
褍泻褉邪懈薪褘屑懈薪懈褋褌械褉褋褌胁芯 5,010635 0,004144
褉械泻谢邪屑邪 0,013423 0,000022
褎芯褌芯 0,013423 0,000011
锌芯谢懈褌懈泻邪 0,013423 0,000056
褋胁褟蟹褜 0,006689 0,000044
懈蟹斜懈褉邪褌械谢褜薪褘泄 4,317488 0,003571
锌褉懈屑械薪械薪懈械 0,013423 0,000011
胁蟹邪懈屑芯写械泄褋褌胁懈械 0,013423 0,000022
芯 0,013423 0,000011
写邪褌褜 0,013423 0,000022
锌褉械褋褋 0,013423 0,000022
褋芯谐谢邪褋薪褘泄 0,013423 0,000033
锌械褉褋芯薪邪谢褜薪褘泄 0,013423 0,000089
锌械褉械褌褟薪褍褌褜 0,013423 0,000011
褌械褔械薪懈械 0,013423 0,000011
胁褘褏芯写薪芯泄 3,218876 0,002662
芯斜谢邪褋褌褜 1,427116 0,030691
褋屑芯褔褜 0,006689 0,000006
懈褋锌芯谢褜蟹芯胁邪褌褜褋褟 0,006689 0,000006
懈薪褌械褉邪泻褌懈胁薪褘泄 2,931194 0,002424
褉械褋锌褍斜谢懈泻邪褋锌械褑芯锌械褉邪褑懈褟褏械褉褋芯薪褋泻懈泄 5,010635 0,008289
谐芯褌芯胁褘泄 0,006689 0,000011
褋懈谢邪 1,455287 0,093889
写邪褌邪 0,006689 0,000006
屑懈褉 0,223144 0,000185
懈薪褎芯谐褉邪褎懈泻 2,177422 0,014408
褏械褉褋芯薪褋泻懈泄 4,317488 0,010713
锌褉芯泄褌懈 0,006689 0,000006
蟹邪谐芯谢芯胁芯泻 0,013423 0,000022
芯写薪芯泻谢邪褋褋薪懈泻 0,013423 0,000022
薪械写芯锌褍褋褌懈屑褘泄 0,013423 0,000011
懈薪褎芯褉屑邪褑懈芯薪薪褘泄 0,013423 0,000044
胁褘 0,013423 0,000011
褎懈芯 0,013423 0,000011
胁芯褋褋褌邪薪芯胁懈褌褜 0,013423 0,000011
锌芯卸邪谢褍泄褋褌邪 0,013423 0,000011
褉芯褋褋懈泄褋泻懈泄 0,883501 0,002923
褉邪褋褋屑芯褌褉械褌褜 0,013423 0,000011
褉邪褋锌芯谢芯卸懈褌褜 0,013423 0,000022
胁械褉褋懈褟 0,013423 0,000011
胁褉械屑褟 0,013423 0,000011
薪懈卸械 0,013423 0,000033
泻薪芯锌泻邪 0,013423 0,000011
褉芯褋褋懈褟 0,006689 0,000188
锌芯褋屑芯褌褉械褌褜 2,177422 0,003602
褌芯褉械褑泻 5,010635 0,004144
褌械谐 0,190354 0,000157
蟹邪褉械谐懈褋褌褉懈褉芯胁邪褌褜 0,013423 0,000011
褉械褋锌褍斜谢懈泻邪 2,302585 0,001905
褉邪薪械械 0,013423 0,000011
锌芯写泻邪褋褌 0,292136 0,000242
谐谢邪胁薪褘泄 0,013423 0,000011
锌褉芯斜谢械屑邪 0,013423 0,000011
写邪薪薪褘械 0,013423 0,000089
褟薪胁邪褉褜 1,040343 0,009465
薪邪褋械谢械薪懈褟锌芯褋屑芯褌褉械褌褜 5,010635 0,004144
褉褎胁芯芯褉褍卸褢薪薪褘泄 5,010635 0,008289
褍泻褉邪懈薪邪 1,160488 0,027836
谐芯褉芯写 0,013423 0,000011
褉邪蟹斜谢芯泻懈褉芯胁邪褌褜 0,013423 0,000033
褎芯褌芯谐褉邪褎懈褟 0,013423 0,000011
褋邪泄褌 0,013423 0,000033
锌芯谢械 0,013423 0,000089
褔邪褋 0,013423 0,000022
褔邪褌 0,013423 0,000022
锌芯谢械蟹薪褘泄 0,143101 0,000118
薪芯胁芯褋褌械泄屑芯谢薪懈褟 0,013423 0,000011
薪邪锌懈褋邪褌褜 0,013423 0,000011
谐邪谢芯褔泻邪 0,013423 0,000011
蟹邪斜谢芯泻懈褉芯胁邪褌褜 0,013423 0,000022
锌械褉械褌邪褖懈褌褜 0,013423 0,000033
芯泻褉褍谐 3,912023 0,003236
褋芯谐谢邪褕邪褌褜褋褟 0,013423 0,000011
褌褍褉懈蟹屑 0,283247 0,000234
褋薪邪褔邪谢邪 0,013423 0,000011
锌芯写写械褉卸懈胁邪械褌褋褟锌芯谢褍褔懈褌褜 0,013423 0,000011
邪写褉械褋 0,013423 0,000056
写褉褍谐芯泄 0,013423 0,000033
褋芯芯褌胁械褌褋褌胁懈械 0,013423 0,000022
褍薪懈褌邪褉薪褘泄 0,013423 0,000033
褏邪褉邪泻褌械褉懈褋褌懈泻邪 3,624341 0,002998
写邪胁邪褌褜 0,013423 0,000022
锌芯泻邪蟹邪褌褜 0,013423 0,000011
芯褌锌褉邪胁泻邪 0,013423 0,000011
蟹邪谐褉褍蟹懈褌褜 0,013423 0,000022
懈薪褎芯谐褉邪褎懈泻邪褉懈邪 5,010635 0,008289
泻谢褞褔械胁芯泄 2,445686 0,002023
薪邪锌褉邪胁谢械薪懈械 0,013423 0,000011
褌械谢械褎芯薪 0,013423 0,000011
锌邪褉芯谢褜 0,013423 0,000122
胁芯芯褉褍卸褢薪薪褘泄 2,014903 0,068330
褉褎褏械褉褋芯薪褋泻懈泄 5,010635 0,012433
褉械写邪泻褑懈褟 0,013423 0,000033
褍写邪谢懈褌褜 0,013423 0,000044
胁褏芯写 0,013423 0,000022
写芯谢卸薪褘泄 0,013423 0,000011
写芯薪械褑泻懈泄 3,218876 0,023962
褉褎写芯薪械褑泻懈泄 5,010635 0,004144
芯锌懈褋邪褌褜 0,013423 0,000011
屑懈薪芯斜芯褉芯薪褘 2,525729 0,054317
褉褎屑懈薪懈褋褌械褉褋褌胁芯 5,010635 0,058022
褉邪蟹屑械褖械薪懈械 0,013423 0,000011
褋泻芯谢褜泻芯 0,006689 0,000006
邪胁褌芯褉 0,013423 0,000011
褋褌邪褉褘泄 0,013423 0,000011
褋芯芯斜褖械薪懈械 0,013423 0,000155
懈褞薪褜 1,875141 0,001551
褍泻褉邪懈薪褘褏械褉褋芯薪褋泻懈泄 5,010635 0,004144
锌褉芯懈褋褕械褋褌胁懈械 0,292136 0,000242
锌芯写褌胁械褉写懈褌褜 0,013423 0,000011
写芯褏芯写 3,218876 0,005325
褍泻褉邪懈薪褘褋锌械褑芯锌械褉邪褑懈褟写芯薪械褑泻懈泄 5,010635 0,016578
褉邪泻械褌薪褘泄 4,317488 0,003571
褋锌褉芯褋 3,401197 0,002813
锌芯写褌胁械褉卸写邪褌褜 0,013423 0,000011
谐邪胁褉懈谢芯胁 0,013423 0,000011
褍泻褉邪懈薪褘褉芯褋褋懈褟褍泻褉邪懈薪邪胁芯芯褉褍卸械薪薪褘泄 5,010635 0,004144
褍褔褉械写懈褌械谢褜 0,013423 0,000011
邪胁褌芯褉懈蟹邪褑懈褟 0,013423 0,000011
褉械谢懈谐懈褟 0,283247 0,000234
褉械泄褌懈薪谐 0,006689 0,000033
褎芯褉屑邪 0,013423 0,000133
褋褋褘谢泻邪 0,013423 0,000044
泻芯屑屑褍薪懈泻邪褑懈褟 0,013423 0,000011
屑芯泄 0,013423 0,000056
褉械褋锌褍斜谢懈泻邪写芯薪械褑泻懈泄 5,010635 0,029011
泻褍谢褜褌褍褉邪 0,292136 0,000242
邪褉褏懈胁 0,190354 0,000157
锌芯屑芯褔褜 0,013423 0,000011
褋褌芯褉芯薪锌芯褋屑芯褌褉械褌褜 5,010635 0,004144
褋锌械褑芯锌械褉邪褑懈褟胁芯芯褉褍卸械薪薪褘泄 5,010635 0,004144
褋褌邪褌褜褟 0,013423 0,000011
褉械褋锌褍斜谢懈泻邪褋锌械褑芯锌械褉邪褑懈褟写芯薪械褑泻懈泄 5,010635 0,004144
芯锌懈褋邪薪懈械 0,013423 0,000011
锌褉芯褑械褋褋 0,013423 0,000011
懈褞谢褜 1,609438 0,001331
泻邪褉褌邪 2,612740 0,058349
薪械写胁懈卸懈屑芯褋褌褜 0,292136 0,000242
褉芯褋泻芯屑薪邪写蟹芯褉 0,013423 0,000011
褌械褏薪芯谢芯谐懈褟 0,013423 0,000022
褉械写邪泻褌芯褉 0,013423 0,000011
谐褉邪薪懈褑邪 2,931194 0,002424
薪邪谢芯谐 3,401197 0,002813
褉邪泻械褌邪 3,401197 0,002813
泻芯薪褌邪泻褌 0,013423 0,000011
褉械褋锌褍斜谢懈泻邪褏械褉褋芯薪褋泻懈泄 4,317488 0,057138
屑芯褋泻胁邪 0,006689 0,000011
胁芯褋锌芯谢褜蟹芯胁邪褌褜褋褟 0,013423 0,000044
褌械屑邪 0,013423 0,000033
褋械褉胁懈褋 0,174353 0,000144
谐芯褋褍写邪褉褋褌胁械薪薪褘泄 0,013423 0,000033
褉褎褋锌械褑芯锌械褉邪褑懈褟 5,010635 0,004144
写懈褋泻褍褋褋懈褟 0,013423 0,000022
屑械薪褟褌褜褋褟 3,218876 0,002662
芯写薪芯屑邪薪写邪褌薪褘泄 5,010635 0,004144
褋胁褟蟹邪薪薪褘泄 0,013423 0,000022
褋谢褍卸斜邪 0,006689 0,000006
褉懈邪 0,006689 0,000011
蟹邪屑械褌懈褌褜 0,013423 0,000011
谢懈褑芯 1,714798 0,001418
斜芯谢褜褕芯泄 1,832581 0,001516
蟹邪泻褉褘褌褘泄 0,013423 0,000011
芯斜褉邪褖邪褌褜 0,013423 0,000011
胁泻谢邪写 3,401197 0,002813
褉械泻芯屑械薪写邪褌械谢褜薪褘泄 0,013423 0,000011
写邪谢械械 0,013423 0,000022
锌褉邪蟹写薪懈褔薪褘泄 2,238047 0,001851
谐芯写 0,006689 0,000006
褉械泄褌懈薪谐褉械泄褌懈薪谐褋褌邪褌懈褋褌懈泻邪 5,010635 0,004144
褏芯褌械褌褜 0,006689 0,000006
芯褌泻褉褘胁邪褌褜 0,013423 0,000022
褋锌械褑芯锌械褉邪褑懈褟屑懈薪懈褋褌械褉褋褌胁芯 5,010635 0,004144
锌械褉械泄褌懈 0,013423 0,000011
屑械卸写褍薪邪褉芯写薪褘泄 0,013423 0,000033
泻邪谢褜泻褍谢褟褌芯褉 3,624341 0,002998
胁褔械褉邪 1,576648 0,001304
褍泻褉邪懈薪褘胁芯芯褉褍卸械薪薪褘泄 5,010635 0,037300
褉械泄褌懈薪谐褋褌邪褌懈褋褌懈泻邪褉械泄褌懈薪谐 5,010635 0,012433
芯斜褉邪褖械薪懈械 0,013423 0,000033
屑邪泄 1,643339 0,001359
邪谐械薪褌褋褌胁芯 0,013423 0,000044
写芯谢械褌械褌褜 5,010635 0,004144
褋锌械褑锌褉芯械泻褌 0,190354 0,000157
屑邪褋褋芯胁褘泄 0,013423 0,000011
芯斜褉邪斜芯褌泻邪 0,013423 0,000056
褝褌芯 0,013423 0,000011
邪胁褌芯褉懈蟹芯胁邪褌褜褋褟 0,013423 0,000022
胁褘斜褉邪褌褜 0,013423 0,000033
褋械谐芯写薪褟 0,013423 0,000056
写邪谢褜薪芯褋褌褜 4,317488 0,003571
褋褌褉邪薪邪 1,139434 0,000942
薪芯胁芯褋褌褜 0,006689 0,000017
锌褉芯褋懈褌褜 0,013423 0,000011
褋械薪褌褟斜褉褜 1,427116 0,001180
懈薪褎芯谐褉邪褎懈泻邪褉芯褋褋懈褟褍泻褉邪懈薪邪谢褍谐邪薪褋泻懈泄 5,010635 0,062167
薪芯胁褘械褋薪邪褔邪谢邪 0,013423 0,000011
芯褉械褕薪懈泻 3,218876 0,002662
蟹邪褉械谐懈褋褌褉懈褉芯胁邪褌褜褋褟 0,013423 0,000056
锌芯卸邪谢芯胁邪褌褜褋褟 0,006689 0,000006
写懈薪邪屑懈泻邪 3,624341 0,002998
褋芯锌褉懈泻芯褋薪芯胁械薪懈械 5,010635 0,004144
褍泻褉邪懈薪褘褋锌械褑芯锌械褉邪褑懈褟褏械褉褋芯薪褋泻懈泄 5,010635 0,004144
胁芯泄褌懈 0,006689 0,000022
褕邪锌泻邪 0,013423 0,000011
芯褌锌褉邪胁懈褌褜 0,013423 0,000155
褉械谐懈芯薪 1,919593 0,006351
锌褉芯写芯谢卸懈褌褜 0,006689 0,000006
褉械褕械薪懈械 0,006689 0,000006
褋锌械褑芯锌械褉邪褑懈褟 2,445686 0,072824
芯蟹薪邪泻芯屑懈褌褜 0,013423 0,000011
胁邪泻邪薪褋懈褟 0,013423 0,000011
褝谢 0,013423 0,000011
屑褘 0,013423 0,000078
锌褉芯褋褌邪胁谢褟褌褜 0,013423 0,000011
褉邪写懈芯 0,274437 0,000227
褍褔邪褋褌懈械 0,006689 0,000006
邪泻泻邪褍薪褌 0,013423 0,000056
褝泻芯薪芯屑懈泻邪 0,292136 0,000242
蟹邪褖懈褌邪 0,013423 0,000044
褉械谐懈褋褌褉邪褑懈褟 0,013423 0,000056
泻芯屑锌谢械泻褋 2,708050 0,002240
芯斜褋褍卸写械薪懈械 0,013423 0,000022
芯锌械褔邪褌泻邪 0,013423 0,000011
懈褋锌芯谢褜蟹芯胁邪褌褜 0,013423 0,000011
泻邪谢械薪写邪褉褜 2,120264 0,001754
懈薪褎芯谐褉邪褎懈泻邪褍泻褉邪懈薪邪谢褍谐邪薪褋泻懈泄 5,010635 0,004144
锌芯褔械屑褍 0,013423 0,000011
褉械褋锌褍斜谢懈泻邪褋锌械褑芯锌械褉邪褑懈褟胁芯芯褉褍卸械薪薪褘泄 5,010635 0,008289
胁芯褋褋褌邪薪芯胁谢械薪懈械 0,013423 0,000044
芯薪谢邪泄薪 0,013423 0,000011
褉褎褋锌械褑芯锌械褉邪褑懈褟屑懈薪懈褋褌械褉褋褌胁芯 5,010635 0,008289
褍泻褉邪懈薪褘褉芯褋褋懈褟褍泻褉邪懈薪邪谢褍谐邪薪褋泻懈泄 5,010635 0,008289
锌芯褔褌邪 0,013423 0,000078
斜谢芯泻懈褉芯胁泻邪 0,013423 0,000044
谐芯写褍锌芯褋屑芯褌褉械褌褜 5,010635 0,004144
芯褋褍褖械褋褌胁谢褟褌褜褋褟 0,013423 0,000011
褍泻褉邪懈薪褘写芯薪械褑泻懈泄 5,010635 0,012433
邪锌褉械谢褜 0,013423 0,000011
胁泻芯薪褌邪泻褌械 0,013423 0,000022
褎邪屑懈谢懈褟 0,013423 0,000011
谢芯谐懈薪 0,013423 0,000011
泻芯薪褎懈写械薪褑懈邪谢褜薪芯褋褌褜 0,013423 0,000044
薪邪褉褍褕械薪懈械 0,013423 0,000033
薪邪胁褋械谐写邪 0,013423 0,000011
懈薪褎芯谐褉邪褎懈泻邪胁芯芯褉褍卸械薪薪褘泄 5,010635 0,012433
褟薪写械泻褋 0,013423 0,000022
薪写褎谢 4,317488 0,003571
写械泄褋褌胁懈械 0,013423 0,000011
谢懈斜芯 0,013423 0,000011
褎械写械褉邪谢褜薪褘泄 0,013423 0,000044
褉械谢懈蟹 0,013423 0,000011
薪邪卸懈屑邪褌褜 0,013423 0,000011
薪邪蟹邪写 0,013423 0,000056
褋锌懈褋芯泻 0,013423 0,000011
锌芯懈褋泻 0,013423 0,000011
芯斜褟蟹邪褌械谢褜薪褘泄 0,013423 0,000078
褎械胁褉邪谢褜 0,567984 0,008456
芯褕懈斜泻邪 0,013423 0,000033
胁芯锌褉芯褋 0,006689 0,000022
蟹褍斜芯胁褋泻懈泄 0,013423 0,000022
懈薪褎芯谐褉邪褎懈泻邪斜械薪蟹懈薪褉懈邪 5,010635 0,008289
锌芯锌褉芯斜芯胁邪褌褜 0,013423 0,000011
蟹邪锌芯谢薪械薪懈械 0,013423 0,000078
蟹邪锌芯谢薪懈褌褜 0,013423 0,000078
胁薪懈屑邪薪懈械 0,013423 0,000011
锌褉懈薪懈屑邪褌褜 0,013423 0,000011
写芯褋褌褍锌薪芯褋褌褜 4,317488 0,007142
胁邪褕 0,013423 0,000178
芯斜褖械褋褌胁芯 0,257045 0,000213
懈屑褟 0,013423 0,000056
褉械褋锌褍斜谢懈泻邪褋锌械褑芯锌械褉邪褑懈褟屑懈薪懈褋褌械褉褋褌胁芯 5,010635 0,004144
懈薪褎芯谐褉邪褎懈泻邪褍泻褉邪懈薪邪褉芯褋褋懈褟谢褍谐邪薪褋泻懈泄 5,010635 0,020722
胁褘锌褍褋泻 0,013423 0,000011
褋褉芯泻 0,013423 0,000022
芯褋薪芯胁邪薪懈械 0,013423 0,000011
懈蟹写邪薪懈械 0,013423 0,000011
斜褍谢褜胁邪褉 0,013423 0,000022
褋械褌械胁芯泄 0,013423 0,000011
褍泻褉邪懈薪褘谢褍谐邪薪褋泻懈泄 5,010635 0,004144
薪邪写蟹芯褉 0,013423 0,000011
褉芯褋褋懈懈锌芯褋屑芯褌褉械褌褜 5,010635 0,004144
懈褋锌芯谢褜蟹芯胁邪薪懈械 0,013423 0,000011
邪胁谐褍褋褌 1,752539 0,001450
胁薪芯胁褜 0,013423 0,000011
褋屑械薪懈褌褜 0,013423 0,000011
锌褉械写锌褉懈褟褌懈械 0,013423 0,000033
褋锌芯褋芯斜 0,013423 0,000022
屑邪褌械褉懈邪谢 0,013423 0,000100
褉械褋锌褍斜谢懈泻邪胁芯芯褉褍卸械薪薪褘泄 5,010635 0,070456
薪邪褍泻邪 0,283247 0,000234
褍褔邪褋褌胁芯胁邪褌褜 0,013423 0,000022
褉械褋锌褍斜谢懈泻邪褉芯褋褋懈褟褋锌械褑芯锌械褉邪褑懈褟写芯薪械褑泻懈泄 5,010635 0,004144
褋芯芯斜褖懈褌褜 0,013423 0,000011
芯斜褉邪褌薪褘泄 0,013423 0,000078
锌褉芯写褍泻褌 0,135438 0,000112
锌褉芯懈蟹芯泄褌懈 0,013423 0,000011
斜褘褌褜 0,013423 0,000011
褍褋锌械褕薪芯 0,013423 0,000011
褋泻褉懈薪褕芯褌 0,013423 0,000033
