истечь 0,013423 0,000019
рф 1,181994 0,001677
лента 0,006689 0,000019
законный 0,013423 0,000019
новый 0,006689 0,000019
детство 2,931194 0,004158
угол 4,317488 0,006124
найти 0,013423 0,000019
победпроект 5,010635 0,007107
письмо 0,013423 0,000038
сфера 0,013423 0,000019
электронный 0,013423 0,000019
прославить 5,010635 0,007107
спасибо 0,013423 0,000019
супергерой 5,010635 0,007107
спорт 0,190354 0,000270
расширить 0,006689 0,000009
свидетельство 0,013423 0,000019
согласие 0,013423 0,000038
центр 0,166448 0,000236
комментирование 0,013423 0,000038
сердце 3,064725 0,004347
доступ 0,013423 0,000038
блокироваться 0,013423 0,000019
миа 0,013423 0,000038
народный 2,177422 0,003089
задать 0,013423 0,000019
александр 1,373049 0,001948
связаться 0,013423 0,000114
декабрь 0,985284 0,002795
шоубиза 5,010635 0,007107
правило 0,013423 0,000095
сохранить 0,013423 0,000019
г 0,013423 0,000038
реклама 0,013423 0,000038
фото 0,013423 0,000019
политика 0,013423 0,000095
связь 0,006689 0,000076
применение 0,013423 0,000019
взаимодействие 0,013423 0,000038
о 0,013423 0,000019
дать 0,013423 0,000038
пресс 0,013423 0,000038
согласный 0,013423 0,000057
персональный 0,013423 0,000152
оружие 2,445686 0,003469
перетянуть 0,013423 0,000019
течение 0,013423 0,000019
век 2,813411 0,003991
смочь 0,006689 0,000009
использоваться 0,006689 0,000009
знакомый 3,064725 0,004347
пётр 2,238047 0,003175
флотоводец 5,010635 0,007107
готовый 0,006689 0,000019
роскошь 5,010635 0,007107
сила 1,455287 0,002064
дата 0,006689 0,000009
мир 0,223144 0,000317
пройти 0,006689 0,000009
заголовок 0,013423 0,000038
одноклассник 0,013423 0,000038
недопустимый 0,013423 0,000019
информационный 0,013423 0,000076
вы 0,013423 0,000019
фио 0,013423 0,000019
восстановить 0,013423 0,000019
пожалуйста 0,013423 0,000019
русский 1,118815 0,011109
рассмотреть 0,013423 0,000019
расположить 0,013423 0,000038
проект 2,014903 0,005716
крыло 3,401197 0,004824
время 0,013423 0,000114
версия 0,013423 0,000019
ниже 0,013423 0,000057
времявместе 5,010635 0,007107
кнопка 0,013423 0,000019
россия 0,006689 0,000066
невельский 5,010635 0,007107
призёр 3,912023 0,005549
тег 0,190354 0,000270
коко 5,010635 0,007107
зарегистрировать 0,013423 0,000019
ранее 0,013423 0,000019
подкаст 0,292136 0,002072
главный 0,013423 0,000038
мистика 2,813411 0,003991
проблема 0,013423 0,000019
данные 0,013423 0,000152
флот 3,064725 0,008694
январь 1,040343 0,001476
голосование 4,317488 0,006124
судно 3,401197 0,004824
город 0,013423 0,000019
разблокировать 0,013423 0,000057
грозный 4,317488 0,006124
фотография 0,013423 0,000019
поле 0,013423 0,000171
сайт 0,013423 0,000057
час 0,013423 0,000038
чат 0,013423 0,000038
утратить 3,624341 0,005141
полезный 0,143101 0,000203
новостеймолния 0,013423 0,000019
написать 0,013423 0,000019
галочка 0,013423 0,000019
заблокировать 0,013423 0,000038
перетащить 0,013423 0,000057
соглашаться 0,013423 0,000019
туризм 0,283247 0,000402
сначала 0,013423 0,000019
волхов 5,010635 0,007107
поддерживаетсяполучить 0,013423 0,000019
адрес 0,013423 0,000095
другой 0,013423 0,000057
соответствие 0,013423 0,000038
унитарный 0,013423 0,000057
ледокол 5,010635 0,007107
давать 0,013423 0,000038
показать 0,013423 0,000019
победить 3,218876 0,004566
отправка 0,013423 0,000019
загрузить 0,013423 0,000038
выставка 2,302585 0,003266
ключевой 2,445686 0,003469
направление 0,013423 0,000019
телефон 0,013423 0,000019
пароль 0,013423 0,000209
редакция 0,013423 0,000057
амурский 5,010635 0,007107
удалить 0,013423 0,000076
шум 5,010635 0,014215
вход 0,013423 0,000038
должный 0,013423 0,000019
описать 0,013423 0,000019
размещение 0,013423 0,000019
граф 4,317488 0,006124
полководец 5,010635 0,007107
сколько 0,006689 0,000009
автор 0,013423 0,000019
старый 0,013423 0,000019
сообщение 0,013423 0,000267
июнь 1,875141 0,002660
вид 1,399717 0,001985
происшествие 0,292136 0,000414
подтвердить 0,013423 0,000019
поражение 3,218876 0,004566
куликовый 4,317488 0,006124
плавание 5,010635 0,007107
эксперт 1,373049 0,003895
подтверждать 0,013423 0,000019
яснопонятный 5,010635 0,007107
гаврилов 0,013423 0,000019
учредитель 0,013423 0,000019
авторизация 0,013423 0,000019
религия 0,283247 0,000402
рейтинг 0,006689 0,000009
форма 0,013423 0,000228
брать 2,445686 0,003469
ссылка 0,013423 0,000076
коммуникация 0,013423 0,000019
мой 0,013423 0,000095
культура 0,292136 0,000414
чечня 4,317488 0,006124
биться 4,317488 0,006124
архив 0,190354 0,000270
помочь 0,013423 0,000019
статья 0,013423 0,000019
сомелье 5,010635 0,007107
описание 0,013423 0,000019
пятый 3,401197 0,004824
процесс 0,013423 0,000019
июль 1,609438 0,004566
музыка 3,401197 0,004824
странный 3,912023 0,005549
недвижимость 0,292136 0,000414
посвятить 3,218876 0,004566
освобождение 2,708050 0,003841
делать 1,427116 0,004049
роскомнадзор 0,013423 0,000019
технология 0,013423 0,000038
редактор 0,013423 0,000019
наследие 4,317488 0,006124
контакт 0,013423 0,000019
донбассарассказывать 5,010635 0,007107
москва 0,006689 0,000019
воспользоваться 0,013423 0,000076
тема 0,013423 0,000057
сервис 0,174353 0,000247
государственный 0,013423 0,000057
дискуссия 0,013423 0,000038
фрилансер 5,010635 0,007107
атомный 2,525729 0,003583
связанный 0,013423 0,000038
служба 0,006689 0,000009
риа 0,006689 0,000019
ноябрь 1,514128 0,002148
заметить 0,013423 0,000019
тело 2,612740 0,003706
закрытый 0,013423 0,000019
обращать 0,013423 0,000019
рекомендательный 0,013423 0,000019
далее 0,013423 0,000038
берег 3,401197 0,004824
усадьба 4,317488 0,006124
творчество 3,624341 0,005141
год 0,006689 0,000019
чей 2,931194 0,004158
хотеть 0,006689 0,000009
открывать 0,013423 0,000038
аракчеев 5,010635 0,007107
перейти 0,013423 0,000019
международный 0,013423 0,000057
октябрь 1,714798 0,014594
русски 4,317488 0,006124
стать 0,851752 0,001208
двое 3,218876 0,004566
обращение 0,013423 0,000057
май 1,643339 0,009324
агентство 0,013423 0,000076
обогнать 4,317488 0,036745
сохраниться 3,912023 0,005549
это 0,013423 0,000076
спецпроект 0,190354 0,000270
массовый 0,013423 0,000019
обработка 0,013423 0,000095
победа 2,066196 0,005862
авторизоваться 0,013423 0,000038
выбрать 0,013423 0,000057
рассказать 0,933098 0,001324
страх 3,218876 0,004566
сегодня 0,013423 0,000095
побеждать 5,010635 0,007107
новость 0,006689 0,000028
роман 3,064725 0,004347
просить 0,013423 0,000019
новороссия 5,010635 0,014215
архитектурный 4,317488 0,006124
жизнь 1,714798 0,002432
рассказывать 2,014903 0,002858
экспедиция 3,624341 0,005141
новыесначала 0,013423 0,000019
гений 5,010635 0,021322
зарегистрироваться 0,013423 0,000095
мархи 5,010635 0,007107
пожаловаться 0,006689 0,000009
шедевр 3,912023 0,005549
войти 0,006689 0,000038
мечеть 4,317488 0,006124
шапка 0,013423 0,000019
отправить 0,013423 0,000267
продолжить 0,006689 0,000009
решение 0,006689 0,000009
ознакомить 0,013423 0,000019
март 1,514128 0,002148
вакансия 0,013423 0,000019
эл 0,013423 0,000019
мы 0,013423 0,000152
проставлять 0,013423 0,000019
радио 0,274437 0,000389
участие 0,006689 0,000009
точно 2,612740 0,003706
аккаунт 0,013423 0,000095
экономика 0,292136 0,000414
защита 0,013423 0,000076
регистрация 0,013423 0,000095
тот 1,576648 0,002236
обсуждение 0,013423 0,000038
опечатка 0,013423 0,000019
использовать 0,013423 0,000019
почему 0,013423 0,000019
восстановление 0,013423 0,000076
онлайн 0,013423 0,000019
премия 3,624341 0,010282
почта 0,013423 0,000133
блокировка 0,013423 0,000076
осуществляться 0,013423 0,000019
история 1,139434 0,004849
вконтакте 0,013423 0,000057
апрель 0,013423 0,000019
фамилия 0,013423 0,000019
подводный 4,317488 0,006124
логин 0,013423 0,000019
конфиденциальность 0,013423 0,000076
нарушение 0,013423 0,000057
навсегда 0,013423 0,000019
яндекс 0,013423 0,000057
танк 3,912023 0,005549
бог 3,218876 0,004566
действие 0,013423 0,000019
либо 0,013423 0,000019
федеральный 0,013423 0,000076
релиз 0,013423 0,000019
нажимать 0,013423 0,000019
назад 0,013423 0,000095
список 0,013423 0,000019
флотавместе 5,010635 0,007107
умереть 2,445686 0,003469
поиск 0,013423 0,000019
обязательный 0,013423 0,000133
февраль 0,567984 0,000806
ошибка 0,013423 0,000057
вопрос 0,006689 0,000047
ритм 4,317488 0,006124
невский 4,317488 0,006124
зубовский 0,013423 0,000038
петербургский 3,401197 0,004824
попробовать 0,013423 0,000019
заполнение 0,013423 0,000133
заполнить 0,013423 0,000133
грузино 5,010635 0,007107
внимание 0,013423 0,000019
принимать 0,013423 0,000019
ваш 0,013423 0,000305
имя 0,013423 0,000114
общество 0,257045 0,000365
главное 1,609438 0,002283
ответ 1,791759 0,002542
поморский 4,317488 0,006124
фронтир 5,010635 0,007107
правда 2,612740 0,007412
выпуск 0,013423 0,000019
срок 0,013423 0,000038
основание 0,013423 0,000019
издание 0,013423 0,000019
судостроение 5,010635 0,007107
бульвар 0,013423 0,000038
сетевой 0,013423 0,000019
событие 1,544899 0,002191
надзор 0,013423 0,000019
использование 0,013423 0,000019
август 1,752539 0,009943
фронтиррассказать 5,010635 0,007107
вновь 0,013423 0,000019
сменить 0,013423 0,000019
предприятие 0,013423 0,000057
способ 0,013423 0,000038
материал 0,013423 0,000152
наука 0,283247 0,000402
участвовать 0,013423 0,000038
какой 1,399717 0,001985
сообщить 0,013423 0,000019
обратный 0,013423 0,000133
продукт 0,135438 0,000192
произойти 0,013423 0,000019
быть 0,013423 0,000019
успешно 0,013423 0,000019
скриншот 0,013423 0,000057
