рф 1,181994 0,003089
специальный 1,514128 0,007914
банк 1,966113 0,001713
масленица 2,120264 0,001847
законный 0,013423 0,000012
пуденкотреветь 5,010635 0,004365
новый 0,006689 0,000029
день 0,591795 0,000516
экспертлюбовь 5,010635 0,004365
найти 0,013423 0,000012
академия 2,931194 0,002553
письмо 0,013423 0,000023
спасибо 0,013423 0,000012
расширить 0,006689 0,000006
физический 2,813411 0,004901
апк 3,624341 0,003157
согласие 0,013423 0,000023
центр 0,166448 0,000290
важный 1,297063 0,001130
доступ 0,013423 0,000023
сусловадоцент 5,010635 0,004365
миа 0,013423 0,000023
народный 2,177422 0,001897
полный 1,678431 0,001462
задать 0,013423 0,000012
красовскаяведущий 5,010635 0,004365
мид 3,064725 0,002670
конфликт 2,371578 0,006198
александр 1,373049 0,002392
связаться 0,013423 0,000070
декабрь 0,985284 0,006866
майский 3,218876 0,002804
коллапс 3,624341 0,003157
шириковтеолог 3,624341 0,006314
г 0,013423 0,000035
реклама 0,013423 0,000023
фото 0,013423 0,000012
политика 0,013423 0,000070
связь 0,006689 0,000047
иностранный 2,177422 0,001897
о 0,013423 0,000012
течение 0,013423 0,000012
макс 4,317488 0,003761
область 1,427116 0,002486
балл 2,931194 0,002553
сочи 2,238047 0,005849
лидерство 3,624341 0,003157
сила 1,455287 0,001268
мир 0,223144 0,001944
наступить 3,218876 0,002804
пройти 0,006689 0,000012
заголовок 0,013423 0,000023
информационный 0,013423 0,000047
дело 1,249435 0,001088
екатеринбург 2,813411 0,002451
рассмотреть 0,013423 0,000012
расположить 0,013423 0,000023
проект 2,014903 0,001755
время 0,013423 0,000023
кнопка 0,013423 0,000012
социальный 1,678431 0,002924
ноженкоюрист 4,317488 0,003761
оон 2,708050 0,007077
жомарт 3,401197 0,002963
славяный 5,010635 0,004365
ранее 0,013423 0,000012
подкаст 0,292136 0,000254
главный 0,013423 0,000012
проблема 0,013423 0,000012
данные 0,013423 0,000094
хурма 5,010635 0,004365
сергей 1,544899 0,013457
навигатор 2,931194 0,002553
город 0,013423 0,000023
украина 1,160488 0,010109
разблокировать 0,013423 0,000035
италия 2,014903 0,001755
фотография 0,013423 0,000012
дмитрий 1,576648 0,016481
час 0,013423 0,000035
чат 0,013423 0,000023
новостеймолния 0,013423 0,000012
написать 0,013423 0,000012
научный 2,302585 0,002006
соглашаться 0,013423 0,000012
россиянин 1,576648 0,001373
сначала 0,013423 0,000012
кадровый 3,401197 0,002963
вред 2,445686 0,002130
васильеваюрист 3,912023 0,003408
показать 0,013423 0,000012
фотокорова 3,624341 0,003157
австралия 3,401197 0,002963
выставка 2,302585 0,002006
ключевой 2,445686 0,002130
пароль 0,013423 0,000129
задача 2,177422 0,001897
кремль 2,177422 0,001897
вооружённый 2,014903 0,001755
удалить 0,013423 0,000047
последствие 1,544899 0,004037
калорийность 2,120264 0,001847
порядок 1,832581 0,003193
мирный 2,525729 0,002200
вход 0,013423 0,000023
описать 0,013423 0,000012
размещение 0,013423 0,000012
дональд 2,371578 0,006198
сколько 0,006689 0,000012
соинвестор 5,010635 0,004365
сумма 2,302585 0,002006
хамас 4,317488 0,003761
надеяться 2,931194 0,002553
трудоустройство 3,218876 0,002804
совет 1,226446 0,003205
значительный 2,931194 0,002553
совинформбюро 4,317488 0,003761
подтверждать 0,013423 0,000012
заявка 2,708050 0,002359
халдей 4,317488 0,003761
оценить 2,525729 0,002200
гаврилов 0,013423 0,000012
ярый 4,317488 0,003761
учредитель 0,013423 0,000012
обычай 3,624341 0,003157
локомотив 3,401197 0,002963
исмаил 4,317488 0,003761
последний 0,899761 0,000784
гразионврач 5,010635 0,004365
япония 3,218876 0,002804
ссылка 0,013423 0,000047
коммуникация 0,013423 0,000012
мой 0,013423 0,000058
хааскеантрополог 5,010635 0,004365
архив 0,190354 0,000166
помочь 0,013423 0,000012
дарья 3,912023 0,003408
заявить 1,272966 0,005544
сша 1,118815 0,003898
описание 0,013423 0,000012
процесс 0,013423 0,000012
освобождение 2,708050 0,004718
наработка 3,401197 0,002963
роскомнадзор 0,013423 0,000012
посевная 5,010635 0,004365
технология 0,013423 0,000023
безсмертнаядекан 5,010635 0,004365
религиовед 4,317488 0,003761
кайя 3,912023 0,003408
москва 0,006689 0,000023
надежда 2,302585 0,002006
экспортный 3,218876 0,002804
воспользоваться 0,013423 0,000047
вечер 2,931194 0,002553
сорт 2,931194 0,002553
прижиться 4,317488 0,003761
лицо 1,714798 0,002987
тверь 4,317488 0,003761
павел 2,238047 0,001950
далее 0,013423 0,000023
банкротство 3,064725 0,005339
единый 2,177422 0,018967
хотеть 0,006689 0,000006
открывать 0,013423 0,000023
перейти 0,013423 0,000012
армия 2,120264 0,001847
пенсионер 3,401197 0,002963
башмет 4,317488 0,003761
палестино 3,624341 0,006314
бпнуть 3,401197 0,002963
отелейекатерин 5,010635 0,004365
обращение 0,013423 0,000035
чайковский 3,912023 0,006815
операция 1,752539 0,009160
это 0,013423 0,000023
спецпроект 0,190354 0,000166
массовый 0,013423 0,000012
обработка 0,013423 0,000058
ограничить 2,525729 0,002200
новость 0,006689 0,000041
вашингтон 2,120264 0,001847
мтс 4,317488 0,003761
начинаться 2,813411 0,002451
михаил 2,525729 0,002200
противостояние 3,064725 0,002670
пристав 3,624341 0,003157
зарегистрироваться 0,013423 0,000058
пожаловаться 0,006689 0,000006
войти 0,006689 0,000023
захаров 2,813411 0,004901
спецоперация 2,445686 0,002130
измениться 2,813411 0,002451
берингов 3,401197 0,002963
эл 0,013423 0,000012
горнолыжный 5,010635 0,004365
радио 0,274437 0,000239
залужный 3,624341 0,006314
защита 0,013423 0,000047
регистрация 0,013423 0,000058
почему 0,013423 0,000012
директор 2,612740 0,002276
восстановление 0,013423 0,000047
хороший 1,059392 0,000923
росжелдор 3,912023 0,003408
музей 2,612740 0,002276
аанрис 5,010635 0,004365
отреагировать 3,064725 0,005339
вконтакте 0,013423 0,000023
программа 1,919593 0,001672
логин 0,013423 0,000012
ван 5,010635 0,004365
конфиденциальность 0,013423 0,000047
нарушение 0,013423 0,000035
навсегда 0,013423 0,000012
паралимпиада 3,218876 0,002804
ханий 4,317488 0,003761
путин 1,373049 0,001196
действие 0,013423 0,000012
релиз 0,013423 0,000012
назад 0,013423 0,000058
список 0,013423 0,000012
пост 2,302585 0,004011
паралимпийский 3,624341 0,003157
рэу 3,912023 0,003408
обязательный 0,013423 0,000082
февраль 0,567984 0,003958
ошибка 0,013423 0,000035
рэц 3,401197 0,005925
приобрести 2,302585 0,002006
антонио 3,912023 0,003408
открыть 2,302585 0,002006
вопрос 0,006689 0,000023
мишустин 3,624341 0,003157
зубовский 0,013423 0,000023
юрист 2,371578 0,002066
игра 1,609438 0,001402
отдыхать 3,912023 0,003408
заполнить 0,013423 0,000082
зеленоград 4,317488 0,003761
традиция 1,919593 0,005016
стиллавина 3,401197 0,026664
ваш 0,013423 0,000187
храмешинбогослов 5,010635 0,004365
имя 0,013423 0,000070
общество 0,257045 0,001343
железнодорожный 3,064725 0,002670
профессиональный 2,612740 0,002276
федерация 2,066196 0,001800
срок 0,013423 0,000035
высказаться 2,525729 0,002200
основание 0,013423 0,000012
кто 2,014903 0,001755
издание 0,013423 0,000012
песок 2,177422 0,001897
бульвар 0,013423 0,000023
сетевой 0,013423 0,000012
событие 1,544899 0,002691
использование 0,013423 0,000012
неделя 1,181994 0,003089
вновь 0,013423 0,000012
сменить 0,013423 0,000012
беринг 3,624341 0,003157
присматривать 3,401197 0,002963
материал 0,013423 0,000105
недвижимостьнавигатор 3,064725 0,002670
шаховаастролог 4,317488 0,003761
участвовать 0,013423 0,000023
технологический 2,813411 0,004901
сообщить 0,013423 0,000012
быть 0,013423 0,000023
израильский 3,401197 0,005925
успешно 0,013423 0,000012
скриншот 0,013423 0,000035
истечь 0,013423 0,000012
лента 0,006689 0,000012
зимний 1,919593 0,003344
сфера 0,013423 0,000012
электронный 0,013423 0,000012
спорт 0,190354 0,000166
транспорт 3,064725 0,002670
навигация 3,912023 0,003408
кредит 2,302585 0,002006
месяц 1,003302 0,001748
пролив 3,218876 0,005608
свидетельство 0,013423 0,000012
комментирование 0,013423 0,000023
блокироваться 0,013423 0,000012
росэксимбанк 4,317488 0,003761
рындинакоммерческий 5,010635 0,004365
сбор 2,708050 0,002359
правило 0,013423 0,000070
сохранить 0,013423 0,000012
министерство 1,966113 0,001713
народ 2,238047 0,001950
менеджер 5,010635 0,004365
морковкинэкономист 2,931194 0,002553
юрий 3,624341 0,003157
применение 0,013423 0,000012
взаимодействие 0,013423 0,000023
дать 0,013423 0,000023
пресс 0,013423 0,000023
согласный 0,013423 0,000035
персональный 0,013423 0,000094
возможный 1,576648 0,002747
перетянуть 0,013423 0,000012
смысл 2,708050 0,002359
православный 2,525729 0,004400
выходной 3,218876 0,002804
смочь 0,006689 0,000006
использоваться 0,006689 0,000012
адаптация 3,624341 0,003157
лунный 3,218876 0,002804
латинский 4,317488 0,003761
наступать 3,401197 0,002963
готовый 0,006689 0,000017
прогноз 3,064725 0,002670
дата 0,006689 0,000017
важность 3,624341 0,003157
одноклассник 0,013423 0,000023
недопустимый 0,013423 0,000012
сажать 4,317488 0,003761
фронтовой 3,624341 0,003157
вы 0,013423 0,000012
композитор 3,624341 0,003157
фио 0,013423 0,000012
восстановить 0,013423 0,000012
пожалуйста 0,013423 0,000012
лавров 3,401197 0,002963
российский 0,883501 0,002309
зарубина 3,912023 0,003408
сво 1,919593 0,003344
фестиваль 2,931194 0,005107
китайский 2,238047 0,001950
профессор 3,912023 0,003408
версия 0,013423 0,000012
ниже 0,013423 0,000035
россия 0,006689 0,000262
диетолог 3,912023 0,003408
рудныхгенеральный 5,010635 0,004365
судебный 2,612740 0,002276
тег 0,190354 0,000166
выделить 2,931194 0,002553
зарегистрировать 0,013423 0,000012
израиль 2,931194 0,007660
требование 1,832581 0,003193
январь 1,040343 0,001812
назвать 1,347074 0,003520
консультант 3,624341 0,003157
отражение 4,317488 0,003761
цена 1,966113 0,001713
казахстан 3,218876 0,005608
сайт 0,013423 0,000035
поле 0,013423 0,000094
великий 2,120264 0,001847
полезный 0,143101 0,000125
галочка 0,013423 0,000012
факультет 4,317488 0,003761
сложный 1,966113 0,001713
штат 2,014903 0,001755
заблокировать 0,013423 0,000023
перетащить 0,013423 0,000035
туризм 0,283247 0,000247
сотрудник 1,791759 0,001561
поддерживаетсяполучить 0,013423 0,000012
адрес 0,013423 0,000058
зеленский 1,875141 0,003267
другой 0,013423 0,000035
соответствие 0,013423 0,000023
работа 1,427116 0,001243
рфекатерина 4,317488 0,003761
унитарный 0,013423 0,000035
долг 2,445686 0,002130
давать 0,013423 0,000023
отправка 0,013423 0,000012
загрузить 0,013423 0,000023
сеть 2,371578 0,002066
направление 0,013423 0,000012
телефон 0,013423 0,000012
редакция 0,013423 0,000035
ер 3,401197 0,002963
период 1,118815 0,000975
праздник 1,427116 0,004973
должный 0,013423 0,000012
причина 2,066196 0,003600
психолог 3,624341 0,003157
литвинов 5,010635 0,004365
автор 0,013423 0,000012
старый 0,013423 0,000012
сообщение 0,013423 0,000164
пенсия 3,064725 0,002670
палестина 2,813411 0,007352
мария 2,813411 0,002451
польза 2,302585 0,002006
происшествие 0,292136 0,000254
подтвердить 0,013423 0,000012
масленичный 3,912023 0,003408
правительство 1,875141 0,006534
путь 2,120264 0,001847
эксперт 1,373049 0,002392
бизнес 2,708050 0,002359
предмет 2,302585 0,002006
авторизация 0,013423 0,000012
религия 0,283247 0,000247
рейтинг 0,006689 0,000012
форма 0,013423 0,000140
грёкий 5,010635 0,004365
лейонис 5,010635 0,004365
культура 0,292136 0,000254
компетенция 3,218876 0,002804
валерий 3,064725 0,002670
нато 2,612740 0,002276
советский 2,371578 0,002066
статья 0,013423 0,000012
великобритания 3,218876 0,002804
евросоюз 2,238047 0,001950
медведев 2,612740 0,045518
каллас 2,612740 0,004552
господний 3,218876 0,002804
организм 3,218876 0,002804
недвижимость 0,292136 0,000254
плеханов 3,912023 0,003408
редактор 0,013423 0,000012
контакт 0,013423 0,000012
исключительно 2,708050 0,002359
план 1,678431 0,001462
тема 0,013423 0,000035
государственный 0,013423 0,000047
сервис 0,174353 0,000152
дискуссия 0,013423 0,000023
курорт 4,317488 0,003761
абитуриентариа 2,931194 0,002553
оксана 3,064725 0,002670
тоннель 3,401197 0,002963
связанный 0,013423 0,000023
служба 0,006689 0,000012
риа 0,006689 0,000012
огэ 3,912023 0,003408
заметить 0,013423 0,000012
милан 3,401197 0,002963
закрытый 0,013423 0,000012
транспортировка 3,401197 0,002963
обращать 0,013423 0,000012
святой 2,708050 0,002359
рекомендательный 0,013423 0,000012
право 2,066196 0,001800
будущее 2,238047 0,001950
год 0,006689 0,000082
навигаторриа 2,445686 0,002130
международный 0,013423 0,000047
забота 3,401197 0,002963
продукция 3,401197 0,002963
отелейинный 5,010635 0,004365
управление 2,371578 0,002066
безопасность 1,919593 0,005016
ведущий 2,120264 0,001847
трамп 1,544899 0,005383
искусство 3,401197 0,002963
сталинградский 3,624341 0,003157
агентство 0,013423 0,000058
перспектива 2,708050 0,002359
фссп 3,624341 0,003157
победа 2,066196 0,001800
выплата 2,931194 0,002553
авторизоваться 0,013423 0,000023
валентина 3,624341 0,003157
выбрать 0,013423 0,000035
рассказать 0,933098 0,001626
сегодня 0,013423 0,000070
страна 1,139434 0,000993
просить 0,013423 0,000012
потеплеть 5,010635 0,004365
создать 1,875141 0,001633
битва 2,708050 0,002359
новыесначала 0,013423 0,000012
шапка 0,013423 0,000012
отправить 0,013423 0,000164
продолжить 0,006689 0,000006
решение 0,006689 0,000006
ознакомить 0,013423 0,000012
бахтияроварелигиовед 3,624341 0,003157
историк 3,624341 0,003157
россииоксана 5,010635 0,004365
широкий 3,064725 0,002670
военный 1,514128 0,007914
вакансия 0,013423 0,000012
мы 0,013423 0,000082
проставлять 0,013423 0,000012
участие 0,006689 0,000006
аккаунт 0,013423 0,000058
экономика 0,292136 0,001018
церковный 2,931194 0,002553
обсуждение 0,013423 0,000023
анна 2,931194 0,002553
сретение 3,401197 0,002963
опечатка 0,013423 0,000012
использовать 0,013423 0,000012
календарь 2,120264 0,009235
таянуть 4,317488 0,003761
каждый 1,399717 0,001219
онлайн 0,013423 0,000012
почта 0,013423 0,000082
блокировка 0,013423 0,000047
строительство 2,931194 0,002553
осуществляться 0,013423 0,000012
обеспечение 2,612740 0,002276
уральский 3,401197 0,002963
история 1,139434 0,003970
апрель 0,013423 0,000012
фамилия 0,013423 0,000012
евгений 2,238047 0,001950
начинать 2,445686 0,002130
яндекс 0,013423 0,000023
университет 1,919593 0,008361
финансовый 1,714798 0,005975
владимир 1,373049 0,002392
либо 0,013423 0,000012
федеральный 0,013423 0,000070
нажимать 0,013423 0,000012
формат 2,120264 0,001847
справка 1,791759 0,001561
развитие 2,066196 0,001800
ксения 3,218876 0,002804
карьерный 3,912023 0,003408
поиск 0,013423 0,000012
альперт 4,317488 0,003761
лариса 4,317488 0,003761
способствовать 2,813411 0,002451
попробовать 0,013423 0,000012
заполнение 0,013423 0,000082
господдержка 3,401197 0,002963
участник 1,752539 0,003053
внимание 0,013423 0,000012
принимать 0,013423 0,000012
алексей 1,966113 0,003425
ленинград 3,401197 0,002963
соц 2,371578 0,002066
касым 4,317488 0,003761
сергий 4,317488 0,003761
всм 3,624341 0,003157
расписание 2,525729 0,002200
выпуск 0,013423 0,000012
стоимость 2,525729 0,004400
луганск 3,401197 0,005925
надзор 0,013423 0,000012
предприятие 0,013423 0,000035
способ 0,013423 0,000023
наука 0,283247 0,000247
обострение 3,912023 0,006815
доцент 2,708050 0,002359
токай 3,401197 0,005925
обратный 0,013423 0,000082
продукт 0,135438 0,000118
произойти 0,013423 0,000012
