обходиться 3,912023 0,000935
банк 1,966113 0,001879
законный 0,013423 0,000003
хлебобулочный 5,010635 0,002395
батон 4,317488 0,010317
рыбный 3,218876 0,001538
найти 0,013423 0,000003
свекольный 3,912023 0,003739
письмо 0,013423 0,000006
спасибо 0,013423 0,000003
расширить 0,006689 0,000002
корочка 3,401197 0,009753
согласие 0,013423 0,000006
центр 0,166448 0,000119
придумывать 5,010635 0,002395
кростиня 5,010635 0,003592
вместиться 5,010635 0,002395
сыровяленый 5,010635 0,009578
связаться 0,013423 0,000019
декабрь 0,985284 0,001413
человек 1,118815 0,000535
немного 2,177422 0,001561
реклама 0,013423 0,000003
содержание 2,931194 0,001401
фото 0,013423 0,000010
связь 0,006689 0,000013
внешне 5,010635 0,002395
плавить 5,010635 0,002395
верёвкин 5,010635 0,009578
собрать 3,218876 0,001538
перемешать 2,238047 0,004278
пройти 0,006689 0,000002
заголовок 0,013423 0,000006
информационный 0,013423 0,000013
шаг 1,791759 0,033823
сложность 2,371578 0,004533
итальянский 2,813411 0,002689
рассмотреть 0,013423 0,000003
расположить 0,013423 0,000006
брускеттный 5,010635 0,002395
слишком 2,708050 0,001294
быстро 2,177422 0,000520
создавать 2,371578 0,001133
десерт 2,525729 0,001207
очистить 2,238047 0,001070
готовить 1,966113 0,000470
главный 0,013423 0,000003
проблема 0,013423 0,000003
режим 2,066196 0,000987
данные 0,013423 0,000026
поджарить 4,317488 0,002063
также 1,139434 0,001634
появиться 2,120264 0,001013
фотография 0,013423 0,000003
предварительно 2,931194 0,001401
противень 3,912023 0,001870
легко 1,791759 0,002997
снова 2,612740 0,001249
разложить 3,218876 0,001538
соглашаться 0,013423 0,000003
сёмга 5,010635 0,011973
сначала 0,013423 0,000003
буженина 5,010635 0,009578
цитрусовый 5,010635 0,002395
тост 5,010635 0,002395
нож 3,064725 0,001465
однако 1,966113 0,000470
удалить 0,013423 0,000013
себя 2,445686 0,001169
размещение 0,013423 0,000003
сколько 0,006689 0,000002
запекать 3,218876 0,001538
подсушиться 5,010635 0,002395
огненный 3,064725 0,000732
треугольный 5,010635 0,002395
один 1,098612 0,001575
размять 4,317488 0,002063
совет 1,226446 0,001465
филе 3,912023 0,004674
бутерброд 2,525729 0,044057
пример 2,813411 0,000672
хотеться 3,218876 0,001538
кожура 2,813411 0,001345
часть 1,373049 0,000656
нарезать 2,120264 0,031918
сторона 1,609438 0,003077
минута 1,226446 0,006447
шеф 2,238047 0,001604
полутвёрдый 4,317488 0,003095
выложить 2,708050 0,020060
часто 2,371578 0,000567
надеть 5,010635 0,002395
сочетаться 3,624341 0,001732
брускетта 4,317488 0,013412
золотистый 2,931194 0,004202
описание 0,013423 0,000003
шт 2,238047 0,039574
процесс 0,013423 0,000006
заменить 2,813411 0,002689
говорить 1,714798 0,002868
помидор 2,931194 0,014708
качество 2,177422 0,002601
игристый 5,010635 0,001197
закуска 2,302585 0,036863
поставить 2,014903 0,000963
праздничный 2,238047 0,006952
посыпать 2,612740 0,003746
гриль 3,912023 0,004674
осетровый 5,010635 0,002395
новогодний 2,120264 0,012666
каперсовый 5,010635 0,002395
сытный 2,612740 0,001249
перейти 0,013423 0,000003
подготовка 2,177422 0,004162
сыр 2,708050 0,031060
обладать 3,064725 0,001465
нужно 1,455287 0,001043
закрепить 3,624341 0,001732
квадратный 4,317488 0,002063
оглавление 1,791759 0,000428
порция 2,238047 0,002674
начинка 3,912023 0,014956
слово 1,514128 0,000724
еда 2,177422 0,008325
стоить 1,678431 0,002406
петрушка 2,813411 0,008067
красивый 2,445686 0,000584
средний 1,832581 0,000876
шампанский 5,010635 0,001197
канапе 4,317488 0,006190
эл 0,013423 0,000003
точно 2,612740 0,001873
почему 0,013423 0,000003
быстрый 1,714798 0,000819
хороший 1,059392 0,000759
наносить 3,912023 0,001870
ромбовидный 5,010635 0,002395
добавить 1,514128 0,007598
красный 1,966113 0,012685
змея 2,708050 0,000647
продегустировать 5,010635 0,002395
вкусный 1,752539 0,001675
готовиться 2,931194 0,000700
вконтакте 0,013423 0,000006
логин 0,013423 0,000003
конфиденциальность 0,013423 0,000013
нарушение 0,013423 0,000010
навсегда 0,013423 0,000003
натереть 2,708050 0,009059
назад 0,013423 0,000016
список 0,013423 0,000010
запекание 3,624341 0,001732
масса 2,813411 0,001345
желание 2,813411 0,004034
состояние 1,919593 0,001835
лук 2,302585 0,007703
зубовский 0,013423 0,000006
никто 2,445686 0,001169
заполнить 0,013423 0,000022
минь 3,624341 0,000866
именно 2,066196 0,000494
главное 1,609438 0,001154
медиаплатформа 4,317488 0,001032
французский 2,445686 0,002338
бекон 3,912023 0,009348
фет 5,010635 0,007184
бальзамический 4,317488 0,002063
основание 0,013423 0,000003
лимон 3,064725 0,012449
издание 0,013423 0,000003
бульвар 0,013423 0,000006
сетевой 0,013423 0,000003
привыкнуть 4,317488 0,001032
вновь 0,013423 0,000003
мина 2,445686 0,009350
сменить 0,013423 0,000003
спаржа 5,010635 0,001197
символ 2,813411 0,000672
участвовать 0,013423 0,000006
сообщить 0,013423 0,000003
быть 0,013423 0,000006
пошаговый 1,455287 0,000695
сырный 5,010635 0,004789
скриншот 0,013423 0,000010
истечь 0,013423 0,000003
отмечать 1,399717 0,000669
яйцо 1,966113 0,002819
приготовить 1,643339 0,001571
распределить 3,401197 0,001625
электронный 0,013423 0,000003
лепесток 4,317488 0,004127
бар 5,010635 0,002395
косточка 3,912023 0,003739
промазать 4,317488 0,002063
пульсация 5,010635 0,002395
этот 1,514128 0,000362
соломка 3,624341 0,001732
вкрутую 3,401197 0,001625
цедра 3,912023 0,001870
далёкий 3,218876 0,001538
оливка 5,010635 0,002395
авокадо 3,218876 0,008461
отлично 3,401197 0,001625
пряный 3,218876 0,001538
сохранить 0,013423 0,000003
ложка 2,525729 0,002414
основной 2,371578 0,001700
чайный 3,912023 0,001870
палочка 4,317488 0,013412
взаимодействие 0,013423 0,000006
согласный 0,013423 0,000010
перетянуть 0,013423 0,000003
диагональный 5,010635 0,002395
картофель 2,445686 0,002338
использоваться 0,006689 0,000002
важно 2,120264 0,002027
пармезан 4,317488 0,008253
пополам 3,624341 0,001732
румяный 3,401197 0,001625
углевод 2,445686 0,002922
оставить 1,966113 0,000940
рецептыкулинарияедапростый 3,401197 0,000813
фио 0,013423 0,000003
кусок 3,401197 0,006502
пожалуйста 0,013423 0,000003
образование 2,708050 0,001294
тарелка 2,813411 0,001345
стол 1,832581 0,010072
маслина 5,010635 0,020354
разнообразить 4,317488 0,005158
взбить 3,064725 0,000732
версия 0,013423 0,000003
ниже 0,013423 0,000010
комментировать 3,064725 0,000732
измельчить 2,931194 0,002802
запекаться 4,317488 0,002063
выделить 2,931194 0,000700
зарегистрировать 0,013423 0,000003
популярный 1,752539 0,002513
оборвать 5,010635 0,002395
густой 3,401197 0,001625
поле 0,013423 0,000026
перетащить 0,013423 0,000010
положить 1,966113 0,002819
альтернатива 3,624341 0,000866
мелкий 2,371578 0,004533
адрес 0,013423 0,000016
представить 2,014903 0,000963
соответствие 0,013423 0,000006
креветка 2,813411 0,008739
загрузить 0,013423 0,000006
направление 0,013423 0,000003
телефон 0,013423 0,000003
редакция 0,013423 0,000010
чёрный 2,238047 0,009091
сочетание 2,708050 0,004530
пока 1,919593 0,002752
подпечься 5,010635 0,002395
должный 0,013423 0,000016
знать 2,238047 0,001070
автор 0,013423 0,000003
старый 0,013423 0,000003
сообщение 0,013423 0,000045
миксовать 5,010635 0,001197
достать 3,218876 0,003077
рукола 5,010635 0,002395
тёрка 2,813411 0,005378
подавать 2,302585 0,003301
ингредиент 1,919593 0,012384
подтвердить 0,013423 0,000003
сбрызнуть 4,317488 0,002063
кухниновогодний 4,317488 0,001032
майонез 3,218876 0,009230
оба 2,612740 0,004994
излишек 3,401197 0,001625
эксперт 1,373049 0,002625
фрукт 3,064725 0,002197
посуда 2,813411 0,001345
греческий 2,612740 0,001249
свежеть 3,401197 0,001625
порционный 3,064725 0,001465
ароматный 2,302585 0,001100
статья 0,013423 0,000003
кружочек 3,624341 0,010392
кусочек 2,708050 0,007765
срез 5,010635 0,002395
редактор 0,013423 0,000003
цельнозернов 5,010635 0,001197
фгуп 0,499776 0,001672
многий 3,064725 0,001465
подсушить 4,317488 0,004127
контакт 0,013423 0,000003
хлебный 3,624341 0,003464
жареный 3,401197 0,001625
государственный 0,013423 0,000010
сделать 1,226446 0,002051
связанный 0,013423 0,000006
риа 0,006689 0,000029
гость 3,218876 0,002307
нанести 2,813411 0,001345
закрытый 0,013423 0,000003
зелёный 2,708050 0,006471
обращать 0,013423 0,000010
солёный 3,912023 0,005609
форшмак 5,010635 0,001197
разный 1,484275 0,000355
год 0,006689 0,000050
средне 2,813411 0,000672
кухня 1,576648 0,008288
кузнецов 3,401197 0,008127
международный 0,013423 0,000010
шампиньон 4,317488 0,001032
ореховый 4,317488 0,002063
тёртый 2,931194 0,002802
повседневный 3,912023 0,001870
поэтому 2,014903 0,000963
сахар 2,525729 0,002414
крупный 2,120264 0,001013
агентство 0,013423 0,000013
оливковый 3,912023 0,022435
огурец 2,931194 0,023814
сегодня 0,013423 0,000061
пропустить 2,931194 0,001401
просить 0,013423 0,000003
сразу 1,832581 0,000876
такой 1,098612 0,001313
вместе 2,302585 0,001100
чеснок 2,612740 0,018105
орегано 3,912023 0,004674
тонко 4,317488 0,004127
вкусовой 2,813411 0,002689
шапка 0,013423 0,000003
отправить 0,013423 0,000064
овощ 2,120264 0,003040
продолжить 0,006689 0,000002
решение 0,006689 0,000003
ознакомить 0,013423 0,000003
необычный 2,014903 0,004815
благодаря 2,302585 0,001100
гренка 4,317488 0,006190
проставлять 0,013423 0,000003
паштет 5,010635 0,001197
аккаунт 0,013423 0,000016
состав 2,120264 0,001013
тот 1,576648 0,001507
обсуждение 0,013423 0,000006
кукурузный 3,624341 0,001732
миска 2,612740 0,002497
почта 0,013423 0,000022
блокировка 0,013423 0,000013
рецепт 1,118815 0,028071
нагрев 4,317488 0,002063
перо 5,010635 0,002395
хозяйка 3,401197 0,001625
обжарить 3,064725 0,013182
фамилия 0,013423 0,000003
закусокрецепт 2,708050 0,000647
краситель 3,624341 0,001732
яндекс 0,013423 0,000006
хлеб 2,371578 0,025501
сливочный 2,931194 0,014008
слабосолёный 5,010635 0,002395
вдоль 3,912023 0,001870
либо 0,013423 0,000003
остыть 2,525729 0,001207
нажимать 0,013423 0,000003
редко 3,624341 0,000866
колбаса 3,064725 0,010252
семья 2,014903 0,000481
предлагать 2,445686 0,002338
поиск 0,013423 0,000003
бородинский 4,317488 0,002063
молодой 2,525729 0,001207
голод 3,912023 0,000935
помогать 2,445686 0,000584
кислота 3,064725 0,001465
тимьян 3,912023 0,014022
род 3,624341 0,001732
подготовить 2,120264 0,000507
груша 4,317488 0,003095
способ 0,013423 0,000006
толщина 3,624341 0,001732
творожный 3,218876 0,006153
продукт 0,135438 0,000097
яркий 2,302585 0,000550
заранее 2,708050 0,001294
хрустеть 3,064725 0,004394
подача 2,120264 0,000507
покрыть 2,931194 0,002802
доставка 3,624341 0,001732
новый 0,006689 0,000046
орех 3,218876 0,003077
детство 2,931194 0,001401
полоска 3,912023 0,003739
сервелат 5,010635 0,002395
блендер 3,624341 0,003464
сварить 3,624341 0,003464
сладковатый 5,010635 0,002395
доступ 0,013423 0,000006
миа 0,013423 0,000051
задать 0,013423 0,000003
вмешать 4,317488 0,002063
предложить 2,066196 0,001481
помощь 1,321756 0,000632
пригореть 3,912023 0,001870
готовность 2,238047 0,001070
горчица 3,401197 0,003251
г 0,013423 0,000350
сладкий 2,302585 0,002751
политика 0,013423 0,000013
о 0,013423 0,000003
течение 0,013423 0,000003
ягода 2,525729 0,000604
они 3,624341 0,001732
пищевой 2,120264 0,002533
сельдь 4,317488 0,006190
вариант 1,966113 0,002819
прижарить 5,010635 0,004789
готовка 1,919593 0,003669
структура 3,624341 0,001732
хумуса 5,010635 0,001197
русский 1,118815 0,007218
тонкий 2,612740 0,016232
бояться 3,624341 0,000866
классический 1,752539 0,001675
небольшой 2,014903 0,001926
планировать 2,612740 0,001249
время 0,013423 0,000064
кнопка 0,013423 0,000003
томат 3,624341 0,004330
ранее 0,013423 0,000003
чипсы 5,010635 0,004789
порадовать 3,912023 0,000935
сергей 1,544899 0,007383
кулинар 2,813411 0,002689
подать 2,238047 0,001070
город 0,013423 0,000003
разблокировать 0,013423 0,000010
вкусно 2,813411 0,001345
хота 5,010635 0,004789
час 0,013423 0,000006
чат 0,013423 0,000006
новостеймолния 0,013423 0,000003
написать 0,013423 0,000003
тратиться 5,010635 0,002395
зависимость 1,966113 0,000940
базилик 3,218876 0,010768
нарубить 5,010635 0,002395
показать 0,013423 0,000003
тапенад 5,010635 0,009578
уменьшить 3,401197 0,001625
основный 1,791759 0,000428
пароль 0,013423 0,000035
калорийность 2,120264 0,002533
тарталетка 4,317488 0,001032
намазка 5,010635 0,003592
зерновой 4,317488 0,002063
несложный 5,010635 0,001197
вход 0,013423 0,000006
описать 0,013423 0,000003
ккал 2,302585 0,002751
горгонзола 5,010635 0,003592
рекомендовать 2,371578 0,001700
соус 2,525729 0,006639
смесь 2,371578 0,002267
интересный 2,177422 0,003122
сильно 2,708050 0,001294
подтверждать 0,013423 0,000003
бальзамик 5,010635 0,002395
мякоть 4,317488 0,002063
булочка 4,317488 0,004127
гаврилов 0,013423 0,000003
подрумянить 5,010635 0,001197
учредитель 0,013423 0,000003
неповторимый 3,912023 0,001870
ссылка 0,013423 0,000013
коммуникация 0,013423 0,000003
мой 0,013423 0,000016
фаворит 5,010635 0,002395
помочь 0,013423 0,000003
бренд 3,064725 0,002197
любимый 2,813411 0,002017
помимо 2,708050 0,000647
салат 2,120264 0,003546
основа 2,120264 0,001520
делать 1,427116 0,001364
роскомнадзор 0,013423 0,000003
технология 0,013423 0,000006
белка 2,371578 0,002833
остаться 1,919593 0,000917
среди 2,813411 0,002017
градус 2,931194 0,001401
выдавить 4,317488 0,004127
девушка 2,931194 0,001401
слайс 5,010635 0,004789
духовка 2,708050 0,006471
похожий 3,401197 0,003251
москва 0,006689 0,000005
воспользоваться 0,013423 0,000013
меню 3,218876 0,003077
отдельный 2,525729 0,001207
добавлять 1,919593 0,001376
миндаль 5,010635 0,009578
далее 0,013423 0,000019
сковорода 2,525729 0,012674
рецептырецепт 1,875141 0,000448
жидкий 3,218876 0,001538
хотеть 0,006689 0,000002
шпажка 3,912023 0,005609
открывать 0,013423 0,000006
скучно 5,010635 0,002395
салфетка 3,401197 0,003251
достаточно 2,445686 0,001753
стать 0,851752 0,001628
придавать 2,612740 0,000624
нежный 2,177422 0,001041
обращение 0,013423 0,000010
изысканный 3,624341 0,003464
это 0,013423 0,000022
массовый 0,013423 0,000003
обработка 0,013423 0,000016
разрезать 3,624341 0,006062
вкус 1,752539 0,013401
четвертинка 5,010635 0,001197
лимонный 2,931194 0,001401
раскрываться 5,010635 0,002395
песто 5,010635 0,004789
новость 0,006689 0,000030
глазунья 5,010635 0,002395
йогурт 3,401197 0,001625
остальной 2,177422 0,001041
доступный 2,302585 0,001100
селёдка 3,912023 0,004674
зарегистрироваться 0,013423 0,000016
пожаловаться 0,006689 0,000002
войти 0,006689 0,000006
крем 3,624341 0,003464
защита 0,013423 0,000013
регистрация 0,013423 0,000016
минимум 2,371578 0,001133
особый 1,752539 0,001256
восстановление 0,013423 0,000013
вино 3,624341 0,000866
обычный 2,813411 0,000672
жир 2,238047 0,005883
волокнистый 4,317488 0,002063
соль 2,066196 0,005925
пикантный 3,401197 0,001625
минутрецепт 2,708050 0,000647
действие 0,013423 0,000003
релиз 0,013423 0,000003
смешанный 4,317488 0,001032
лист 2,708050 0,001294
слить 3,401197 0,001625
обязательный 0,013423 0,000022
ошибка 0,013423 0,000010
покорить 5,010635 0,002395
вопрос 0,006689 0,000006
подкова 3,912023 0,000935
искусственный 3,218876 0,001538
мягкий 2,445686 0,002922
каперс 5,010635 0,004789
вяленый 4,317488 0,004127
ваш 0,013423 0,000051
имя 0,013423 0,000016
свёкла 3,064725 0,007323
равнодушный 5,010635 0,002395
блюдо 1,609438 0,005769
срок 0,013423 0,000006
верхушка 5,010635 0,002395
предпочтение 2,708050 0,001941
использование 0,013423 0,000003
пора 2,525729 0,001207
самый 0,967584 0,000925
риета 5,010635 0,001197
материал 0,013423 0,000029
выбирать 2,014903 0,000963
успешно 0,013423 0,000003
шпрот 3,912023 0,013087
нотка 3,218876 0,000769
лента 0,006689 0,000003
архивный 1,347074 0,000322
пучок 3,624341 0,001732
нашинковать 3,624341 0,003464
экспериментировать 3,912023 0,000935
сфера 0,013423 0,000003
долька 3,401197 0,013003
бургер 5,010635 0,001197
сам 1,875141 0,000448
свидетельство 0,013423 0,000003
комментирование 0,013423 0,000006
блокироваться 0,013423 0,000003
веточка 3,624341 0,003464
твёрдый 3,401197 0,003251
правило 0,013423 0,000016
козий 5,010635 0,007184
применение 0,013423 0,000003
дать 0,013423 0,000022
укроп 2,445686 0,005844
пресс 0,013423 0,000010
персональный 0,013423 0,000026
кулинария 2,371578 0,007934
листик 3,912023 0,001870
смочь 0,006689 0,000002
яичный 3,064725 0,001465
оказываться 3,401197 0,000813
готовый 0,006689 0,000010
ценность 2,120264 0,002533
утолить 5,010635 0,001197
дата 0,006689 0,000002
консервант 5,010635 0,002395
традиционный 1,919593 0,001376
шуба 3,912023 0,000935
одноклассник 0,013423 0,000006
недопустимый 0,013423 0,000003
остаток 3,064725 0,001465
вы 0,013423 0,000003
восстановить 0,013423 0,000003
батат 5,010635 0,019157
глутамат 5,010635 0,002395
просто 1,714798 0,000819
приправить 4,317488 0,001032
россия 0,006689 0,000034
простой 1,272966 0,012167
горячий 1,966113 0,001409
декор 3,624341 0,001732
свой 0,867501 0,000622
насечка 4,317488 0,002063
получиться 2,177422 0,002081
пара 2,177422 0,002081
лёгкость 3,912023 0,002804
столовая 2,931194 0,001401
моцарелла 5,010635 0,001197
кубик 2,525729 0,006035
авторский 3,912023 0,001870
сайт 0,013423 0,000010
правильно 2,066196 0,000987
слегка 2,708050 0,002588
полезный 0,143101 0,000068
галочка 0,013423 0,000003
заблокировать 0,013423 0,000006
мясной 3,912023 0,000935
поддерживаетсяполучить 0,013423 0,000003
перец 2,445686 0,005260
рыба 2,931194 0,003502
другой 0,013423 0,000016
чиабатта 5,010635 0,022748
унитарный 0,013423 0,000010
давать 0,013423 0,000006
отправка 0,013423 0,000003
декорировать 5,010635 0,005986
прогреть 3,401197 0,001625
багет 5,010635 0,028735
почистить 3,912023 0,001870
сухой 2,813411 0,004034
питание 2,302585 0,001100
раскалить 4,317488 0,002063
праздник 1,427116 0,001023
сушёный 3,624341 0,003464
ветчина 5,010635 0,001197
лошадь 3,064725 0,001465
специя 2,813411 0,005378
печёный 4,317488 0,002063
постный 2,931194 0,000700
вид 1,399717 0,001003
присмотреться 5,010635 0,002395
продавливаться 5,010635 0,002395
крабовый 2,931194 0,010506
семечко 4,317488 0,001032
плотный 3,401197 0,001625
сбалансированный 3,912023 0,001870
веревкино 5,010635 0,002395
обновить 0,985284 0,000235
масло 2,238047 0,027808
обеспокоить 5,010635 0,002395
авторизация 0,013423 0,000003
рейтинг 0,006689 0,000002
форма 0,013423 0,000042
среднее 2,445686 0,001169
зелень 2,371578 0,001700
квадратик 5,010635 0,002395
растительный 2,931194 0,004202
черри 5,010635 0,001197
зависеть 2,066196 0,000494
овощной 2,612740 0,001873
дог 5,010635 0,004789
любой 1,576648 0,001884
украсить 2,708050 0,010353
традиционно 2,612740 0,000624
отличаться 2,708050 0,000647
оригинальный 2,238047 0,000535
изделие 3,624341 0,001732
мелко 2,525729 0,009656
яичница 5,010635 0,002395
антипригарный 5,010635 0,002395
компонент 2,931194 0,001401
неклассический 5,010635 0,002395
тема 0,013423 0,000010
воткнуть 3,912023 0,001870
сервис 0,174353 0,000083
дискуссия 0,013423 0,000006
аппетитный 3,401197 0,001625
служба 0,006689 0,000002
заметить 0,013423 0,000003
рекомендательный 0,013423 0,000003
белый 2,371578 0,002267
жирный 3,401197 0,001625
фракция 3,064725 0,001465
жидкость 3,218876 0,001538
ломтик 2,931194 0,044125
новинка 3,912023 0,000935
максимум 2,931194 0,001401
который 0,603916 0,000577
убрать 2,302585 0,001100
например 1,714798 0,001229
приготовление 1,484275 0,006739
поперчить 3,218876 0,003077
королевский 3,218876 0,001538
авторизоваться 0,013423 0,000006
выбрать 0,013423 0,000013
овощечистка 5,010635 0,002395
четверть 3,912023 0,001870
классика 3,401197 0,003251
рукол 5,010635 0,002395
паста 3,624341 0,003464
беконовый 5,010635 0,004789
поэкспериментировать 5,010635 0,002395
миндальный 4,317488 0,002063
бокал 4,317488 0,002063
вынуть 3,912023 0,001870
новыесначала 0,013423 0,000003
фетой 5,010635 0,004789
сверху 3,064725 0,011717
несколько 1,544899 0,000369
посолить 2,813411 0,004034
мл 2,612740 0,006243
примерно 2,177422 0,001041
место 1,272966 0,001217
заправить 3,912023 0,001870
сердцевина 5,010635 0,002395
икра 3,624341 0,025115
натуральный 3,064725 0,001465
тростниковый 4,317488 0,004127
вакансия 0,013423 0,000003
мы 0,013423 0,000022
участие 0,006689 0,000002
действительно 3,624341 0,001732
свежий 2,066196 0,005925
использовать 0,013423 0,000032
опечатка 0,013423 0,000003
каждый 1,399717 0,006020
онлайн 0,013423 0,000003
мандарин 3,912023 0,001870
намазать 5,010635 0,007184
любитель 3,624341 0,001732
маленький 2,371578 0,001133
колорит 5,010635 0,002395
привычный 3,401197 0,004064
советовать 3,064725 0,004394
осуществляться 0,013423 0,000003
идеальный 2,445686 0,001169
апрель 0,013423 0,000003
категория 1,576648 0,003014
сок 2,813411 0,004706
нектарин 5,010635 0,014367
федеральный 0,013423 0,000013
разогреть 2,931194 0,004202
кедровый 4,317488 0,002063
подчеркнуть 2,931194 0,002802
рецептыпростой 2,813411 0,000672
невозможно 2,525729 0,001207
нагреться 5,010635 0,002395
попробовать 0,013423 0,000003
заполнение 0,013423 0,000022
внимание 0,013423 0,000013
принимать 0,013423 0,000003
застолье 3,624341 0,003464
смешать 2,813411 0,009412
занимать 2,525729 0,003018
выпуск 0,013423 0,000003
уникальный 2,014903 0,000481
зубчик 3,912023 0,007478
надзор 0,013423 0,000003
очень 1,678431 0,001604
предприятие 0,013423 0,000010
какой 1,399717 0,000334
забывать 5,010635 0,001197
обратный 0,013423 0,000022
произойти 0,013423 0,000003
смазать 2,931194 0,007004
проверить 2,302585 0,001100
изысканность 5,010635 0,002395
неспроста 5,010635 0,002395
