褏褋褋写械褌褜 5,010635 0,004687
邪薪邪谢懈褌懈泻邪邪薪邪谢懈褌懈泻邪械胁褉芯锌邪褉芯褋褋懈褟泻懈褌邪泄褋褕邪褝泻芯薪芯屑懈泻 5,010635 0,004687
屑械褉褑械胁褉芯褋芯褞蟹褎械写械褉邪谢褜薪褘泄 5,010635 0,004687
蟹邪泻芯薪薪褘泄 0,013423 0,000013
薪芯胁褘泄 0,006689 0,000038
邪薪邪谢懈褌懈泻邪褋胁械褌谢邪褌褜 5,010635 0,004687
褑蟹懈薪褜锌懈薪械胁褉芯褋芯褞蟹褎械写械褉邪谢褜薪褘泄 5,010635 0,004687
薪邪泄褌懈 0,013423 0,000013
锌懈褋褜屑芯 0,013423 0,000025
胁褘蟹芯胁 3,218876 0,003011
褋锌邪褋懈斜芯 0,013423 0,000013
邪褉屑懈褟褔懈薪谐懈蟹 5,010635 0,004687
褉邪褋褕懈褉懈褌褜 0,006689 0,000006
胁芯泻褉褍谐 3,064725 0,002867
褋芯谐谢邪褋懈械 0,013423 0,000025
褑械薪褌褉 0,166448 0,000156
写芯褋褌褍锌 0,013423 0,000025
屑懈邪 0,013423 0,000025
蟹邪写邪褌褜 0,013423 0,000013
邪谢械泻褋邪薪写褉 1,373049 0,002569
褋胁褟蟹邪褌褜褋褟 0,013423 0,000075
写械泻邪斜褉褜 0,985284 0,007373
屑懈褉械褋褕邪褋褋褋褉褉芯褋褋懈褟褉懈褔邪褉写 5,010635 0,004687
薪懈泻褋芯薪邪胁褉邪邪屑 5,010635 0,004687
褑懈胁懈谢懈蟹邪褑懈芯薪薪褘泄 5,010635 0,009374
谐 0,013423 0,000025
褉械泻谢邪屑邪 0,013423 0,000025
褎芯褌芯 0,013423 0,000013
锌芯谢懈褌懈泻邪 0,013423 0,000063
褋胁褟蟹褜 0,006689 0,000050
褋褕邪斜褉懈泻褋写芯薪邪谢褜写 5,010635 0,004687
懈薪芯褋褌褉邪薪薪褘泄 2,177422 0,004074
芯 0,013423 0,000013
胁械薪械褋褍褝谢邪 3,218876 0,006022
邪薪邪谢懈褌懈泻邪褌褜 3,912023 0,029276
褌械褔械薪懈械 0,013423 0,000013
泻懈褌邪泄 1,714798 0,001604
褎褉懈写屑邪薪蟹芯泄 5,010635 0,004687
邪泄褌屑邪褌芯胁褉懈邪 5,010635 0,004687
屑懈褉 0,223144 0,001252
褋邪屑屑懈褌 3,401197 0,003182
懈薪写懈褟 3,912023 0,007319
蟹邪锌邪写 1,966113 0,005518
锌褉芯泄褌懈 0,006689 0,000006
蟹邪谐芯谢芯胁芯泻 0,013423 0,000025
懈薪褎芯褉屑邪褑懈芯薪薪褘泄 0,013423 0,000050
褉邪蟹芯褉械薪懈械 5,010635 0,009374
褉械蟹械褉胁薪褘泄 3,912023 0,010979
褉褍褋褋泻懈泄 1,118815 0,001047
写械谢芯 1,249435 0,002338
邪薪邪谢懈褌懈泻邪褉芯褋褋懈褟锌邪褉懈卸褌褜 5,010635 0,004687
褉邪褋褋屑芯褌褉械褌褜 0,013423 0,000013
胁懈蟹懈褌 3,912023 0,007319
褉邪褋锌芯谢芯卸懈褌褜 0,013423 0,000025
锌褉芯械泻褌 2,014903 0,001885
邪薪邪谢懈褌懈泻邪邪薪邪谢懈褌懈泻邪褉芯褋褋懈褟褍泻褉邪懈薪邪械胁褉芯锌邪薪邪褌芯写芯薪邪谢褜写 5,010635 0,004687
胁褉械屑褟 0,013423 0,000025
泻薪芯锌泻邪 0,013423 0,000013
芯芯薪 2,708050 0,002533
褋褍褖械褋褌胁芯胁邪薪懈械 4,317488 0,004039
褉邪薪械械 0,013423 0,000013
褋懈褌褍邪褑懈褟 1,643339 0,003075
锌褉芯斜谢械屑邪 0,013423 0,000025
锌芯写泻邪褋褌 0,292136 0,000273
谐谢邪胁薪褘泄 0,013423 0,000013
写邪薪薪褘械 0,013423 0,000100
褍泻褉邪懈薪邪 1,160488 0,002171
谐芯褉芯写 0,013423 0,000013
褉邪蟹斜谢芯泻懈褉芯胁邪褌褜 0,013423 0,000038
褎芯褌芯谐褉邪褎懈褟 0,013423 0,000013
褔邪褋 0,013423 0,000025
褔邪褌 0,013423 0,000025
薪芯胁芯褋褌械泄屑芯谢薪懈褟 0,013423 0,000013
薪邪锌懈褋邪褌褜 0,013423 0,000013
褋懈泻芯褉褋泻懈泄薪邪褌芯械胁褉芯褋芯褞蟹褏写褋 5,010635 0,004687
锌褘褌邪褌褜褋褟 2,708050 0,005067
褋芯谐谢邪褕邪褌褜褋褟 0,013423 0,000013
褋薪邪褔邪谢邪 0,013423 0,000013
褉械褎芯褉屑懈褉芯胁邪薪懈械 5,010635 0,004687
邪薪邪谢懈褌懈泻邪邪薪邪谢懈褌懈泻邪懈蟹褉邪懈谢褜锌邪谢械褋褌懈薪邪斜懈薪褜褟屑懈薪 5,010635 0,004687
锌芯泻邪蟹邪褌褜 0,013423 0,000013
锌邪褉芯谢褜 0,013423 0,000138
泻褉械邪褌懈胁薪褘泄 4,317488 0,012116
褍写邪谢懈褌褜 0,013423 0,000050
锌芯褉褟写芯泻 1,832581 0,003429
胁褏芯写 0,013423 0,000025
褋懈褋褌械屑邪 1,919593 0,007183
芯锌懈褋邪褌褜 0,013423 0,000013
锌褉芯械泻褑懈褟 5,010635 0,009374
褉邪蟹屑械褖械薪懈械 0,013423 0,000013
褋泻芯谢褜泻芯 0,006689 0,000006
懈褞薪褜 1,875141 0,005262
谐芯薪泻邪 4,317488 0,004039
斜邪薪泻写芯薪邪谢褜写 5,010635 0,004687
屑懈褉械褍泻褉邪懈薪邪锌芯谢褜褕邪械胁褉芯锌 5,010635 0,004687
褉械胁芯谢褞褑懈褟 3,624341 0,003390
锌褉懈谢械锌懈褌褜褋褟 5,010635 0,004687
斜谢邪谐芯锌芯谢褍褔懈械 3,624341 0,006781
褋谢邪薪褑械胁褘泄 5,010635 0,004687
锌芯写褌胁械褉卸写邪褌褜 0,013423 0,000013
泻芯薪褌褉芯谢懈褉芯胁邪褌褜 3,064725 0,005734
芯褑械薪懈褌褜 2,525729 0,002363
谐邪胁褉懈谢芯胁 0,013423 0,000013
褍褔褉械写懈褌械谢褜 0,013423 0,000013
屑懈褉械褋褕邪胁芯褋褌芯泻懈薪写懈褟邪薪褌芯薪懈褍 5,010635 0,004687
褋褋褘谢泻邪 0,013423 0,000050
泻芯屑屑褍薪懈泻邪褑懈褟 0,013423 0,000013
屑芯泄 0,013423 0,000063
褎芯褉屑懈褉芯胁邪薪懈械 2,931194 0,002742
褝锌芯褏邪 3,912023 0,003660
邪褉褏懈胁 0,190354 0,000178
锌芯屑芯褔褜 0,013423 0,000013
褎芯褉写斜褉懈泻褋芯芯薪褋芯写褉褍卸械褋褌胁芯 5,010635 0,004687
谐械芯锌芯谢懈褌懈褔械褋泻懈泄 3,912023 0,007319
褋褕邪 1,118815 0,006280
锌褉懈褉芯写薪褘泄 2,931194 0,002742
褉械褋褍褉褋 2,612740 0,002444
芯锌懈褋邪薪懈械 0,013423 0,000013
锌褉芯褑械褋褋 0,013423 0,000025
芯褋薪芯胁邪 2,120264 0,003967
懈褞谢褜 1,609438 0,003011
褉邪蟹斜懈褌褘泄 4,317488 0,004039
褉芯褋泻芯屑薪邪写蟹芯褉 0,013423 0,000013
胁褋械屑懈褉薪褘泄 3,912023 0,003660
褌械褏薪芯谢芯谐懈褟 0,013423 0,000025
屑芯褋泻胁邪 0,006689 0,000013
褌褉邪屑锌写卸芯 5,010635 0,004687
胁芯褋锌芯谢褜蟹芯胁邪褌褜褋褟 0,013423 0,000050
褋褕邪胁褋械屑懈褉薪褘泄 5,010635 0,004687
褋褌邪薪芯胁懈褌褜褋褟 2,177422 0,004074
芯锌褘褌 2,931194 0,002742
薪芯褟斜褉褜 1,514128 0,008498
写邪谢械械 0,013423 0,000025
泻芯薪褎械褉械薪褑懈褟 3,401197 0,006363
邪薪邪谢懈褌懈泻邪褉芯褋褋懈褟邪谢械泻褋邪薪写褉 5,010635 0,004687
屑械褕邪褌褜 3,624341 0,003390
褏芯褌械褌褜 0,006689 0,000019
芯褌泻褉褘胁邪褌褜 0,013423 0,000025
锌械褉械泄褌懈 0,013423 0,000013
邪褉褏懈褌械泻褌褍褉邪 5,010635 0,014062
锌褉械写写胁械褉懈械 5,010635 0,009374
邪褎褉懈泻邪薪褋泻懈泄 3,064725 0,002867
褋褕邪斜褉懈泻褋 5,010635 0,004687
芯斜褉邪褖械薪懈械 0,013423 0,000038
屑懈薪写懈褔 4,317488 0,004039
邪薪邪谢懈褌懈泻邪邪薪邪谢懈褌懈泻邪泻懈褌邪泄褋褕邪邪屑械褉懈泻邪褋懈 5,010635 0,004687
褋锌械褑锌褉芯械泻褌 0,190354 0,000178
屑邪褋褋芯胁褘泄 0,013423 0,000013
芯斜褉邪斜芯褌泻邪 0,013423 0,000063
褝褌芯 0,013423 0,000013
褉邪胁薪褘泄 3,624341 0,003390
褍泻褉邪懈薪褋泻懈泄 1,576648 0,001475
屑懈谢懈褌邪褉懈蟹邪褑懈褟 3,912023 0,003660
薪芯胁芯褋褌褜 0,006689 0,000332
芯芯薪斜褉懈泻褋芯芯薪邪薪邪谢懈褌懈泻 5,010635 0,004687
褋械薪褌褟斜褉褜 1,427116 0,013350
蟹邪褉械谐懈褋褌褉懈褉芯胁邪褌褜褋褟 0,013423 0,000063
锌芯卸邪谢芯胁邪褌褜褋褟 0,006689 0,000006
胁芯泄褌懈 0,006689 0,000038
写械泻芯薪褋褌褉褍泻褑懈褟 5,010635 0,004687
褝谢 0,013423 0,000013
褉邪写懈芯 0,274437 0,000257
蟹邪褖懈褌邪 0,013423 0,000050
褋褔懈褌邪褌褜 2,014903 0,003770
胁芯褋褌芯泻 2,612740 0,007332
芯褋褌褉芯胁 3,064725 0,002867
邪薪邪谢懈褌懈泻邪邪薪邪谢懈褌懈泻 5,010635 0,004687
褉械谐懈褋褌褉邪褑懈褟 0,013423 0,000063
锌褉芯斜薪褘泄 5,010635 0,009374
锌芯褔械屑褍 0,013423 0,000013
胁芯褋褋褌邪薪芯胁谢械薪懈械 0,013423 0,000050
谐械褉屑邪薪懈褟 2,525729 0,004725
褟泻芯胁械薪泻芯 5,010635 0,028123
褞谐 3,401197 0,003182
胁泻芯薪褌邪泻褌械 0,013423 0,000025
褋芯胁褉械屑械薪薪芯褋褌褜 4,317488 0,008078
谢芯谐懈薪 0,013423 0,000013
泻芯薪褎懈写械薪褑懈邪谢褜薪芯褋褌褜 0,013423 0,000050
薪邪褉褍褕械薪懈械 0,013423 0,000038
薪邪胁褋械谐写邪 0,013423 0,000013
锌褍褌懈薪 1,373049 0,001284
写械泄褋褌胁懈械 0,013423 0,000013
褉械谢懈蟹 0,013423 0,000013
薪邪蟹邪写 0,013423 0,000063
褋褍胁械褉械薪薪褘泄 5,010635 0,004687
锌械褉胁褘泄 0,883501 0,000826
褋锌懈褋芯泻 0,013423 0,000013
懈褌芯谐 2,302585 0,006462
芯斜褟蟹邪褌械谢褜薪褘泄 0,013423 0,000088
褎械胁褉邪谢褜 0,567984 0,001063
芯褕懈斜泻邪 0,013423 0,000038
邪薪邪谢懈褌懈泻邪 2,177422 0,054996
胁芯锌褉芯褋 0,006689 0,000038
胁薪械褕薪械锌芯谢懈褌懈褔械褋泻懈泄 5,010635 0,009374
蟹褍斜芯胁褋泻懈泄 0,013423 0,000025
邪薪邪谢懈褌懈泻邪褝泻芯薪芯屑懈泻邪胁芯褋褌芯泻懈薪写芯薪械蟹懈褟褍蟹斜械泻懈褋褌邪薪 5,010635 0,004687
蟹邪锌芯谢薪懈褌褜 0,013423 0,000088
褌褞褌褔械胁褝薪写褉褞 5,010635 0,004687
褋褌褉邪褌械谐懈褟 3,912023 0,010979
邪屑械褉懈泻邪褉芯褋褋懈褟写芯薪邪谢褜写 5,010635 0,004687
胁邪褕 0,013423 0,000201
芯斜褖械褋褌胁芯 0,257045 0,000240
懈屑褟 0,013423 0,000063
斜芯谢褜褕懈泄 2,014903 0,007539
锌芯薪褟褌薪褘泄 3,912023 0,003660
褋褉芯泻 0,013423 0,000025
胁褘褋泻邪蟹邪褌褜褋褟 2,525729 0,004725
芯褋薪芯胁邪薪懈械 0,013423 0,000013
懈蟹写邪薪懈械 0,013423 0,000013
斜褍谢褜胁邪褉 0,013423 0,000025
褋芯褞蟹褋泻芯褌褌 5,010635 0,004687
褋械褌械胁芯泄 0,013423 0,000013
谐谢芯斜邪谢褜薪褘泄 3,218876 0,012044
懈褋锌芯谢褜蟹芯胁邪薪懈械 0,013423 0,000013
邪胁谐褍褋褌 1,752539 0,004918
胁薪芯胁褜 0,013423 0,000013
褋屑械薪懈褌褜 0,013423 0,000013
褝泻芯谢芯谐懈褔械褋泻懈泄 4,317488 0,004039
屑邪褌械褉懈邪谢 0,013423 0,000126
邪薪邪谢懈褌懈泻邪邪薪邪谢懈褌懈泻邪褉芯褋褋懈褟械胁褉芯锌邪褋褕邪褎械写芯褉邪 5,010635 0,004687
褍褔邪褋褌胁芯胁邪褌褜 0,013423 0,000025
褋芯芯斜褖懈褌褜 0,013423 0,000013
斜褘褌褜 0,013423 0,000013
褌褉邪屑锌写卸芯薪 5,010635 0,004687
褍褋锌械褕薪芯 0,013423 0,000013
褋泻褉懈薪褕芯褌 0,013423 0,000038
胁芯褋褌芯泻斜褉懈泻褋褕芯褋褋薪谐褉懈邪 5,010635 0,004687
懈褋褌械褔褜 0,013423 0,000013
褌械褉褟褌褜 3,912023 0,007319
谢械薪褌邪 0,006689 0,000013
褋褎械褉邪 0,013423 0,000013
褝谢械泻褌褉芯薪薪褘泄 0,013423 0,000013
褑蟹懈薪褜锌懈薪胁 5,010635 0,004687
褋锌芯褉褌 0,190354 0,000178
谐褉褍褕泻芯 5,010635 0,014062
褕芯褋 5,010635 0,004687
褋胁懈写械褌械谢褜褋褌胁芯 0,013423 0,000013
泻芯屑屑械薪褌懈褉芯胁邪薪懈械 0,013423 0,000025
褍褉械谐褍谢懈褉芯胁邪薪懈械 2,612740 0,002444
斜谢芯泻懈褉芯胁邪褌褜褋褟 0,013423 0,000013
斜谢懈卸薪懈泄 3,064725 0,005734
锌褉邪胁懈谢芯 0,013423 0,000063
褋芯褏褉邪薪懈褌褜 0,013423 0,000013
锌褉懈屑械薪械薪懈械 0,013423 0,000013
胁蟹邪懈屑芯写械泄褋褌胁懈械 0,013423 0,000025
写邪褌褜 0,013423 0,000025
锌褉械褋褋 0,013423 0,000050
褋芯谐谢邪褋薪褘泄 0,013423 0,000038
锌械褉褋芯薪邪谢褜薪褘泄 0,013423 0,000100
褌褉邪屑锌邪谢械泻褋邪薪写褉 5,010635 0,004687
褏械谢褜褋懈薪泻褋泻懈泄 5,010635 0,004687
锌械褉械褌褟薪褍褌褜 0,013423 0,000013
泻邪屑械薪褜 3,912023 0,007319
褋屑芯褔褜 0,006689 0,000019
懈褋锌芯谢褜蟹芯胁邪褌褜褋褟 0,006689 0,000006
褌褉械褌懈泄 1,919593 0,003591
谐芯褌芯胁褘泄 0,006689 0,000013
褌褉邪屑锌褉懈邪 5,010635 0,004687
写邪褌邪 0,006689 0,000006
芯写薪芯泻谢邪褋褋薪懈泻 0,013423 0,000025
薪械写芯锌褍褋褌懈屑褘泄 0,013423 0,000013
胁褘 0,013423 0,000013
褍锌褍褋褌懈褌褜 5,010635 0,004687
褎懈芯 0,013423 0,000013
胁芯褋褋褌邪薪芯胁懈褌褜 0,013423 0,000013
锌芯卸邪谢褍泄褋褌邪 0,013423 0,000013
褋褌芯谢 1,832581 0,003429
褝泻芯薪芯屑懈褔械褋泻懈泄 2,302585 0,008616
胁械褉褋懈褟 0,013423 0,000013
薪懈卸械 0,013423 0,000038
褉芯褋褋懈褟 0,006689 0,000138
褌械谐 0,190354 0,000178
褋胁芯泄 0,867501 0,001623
蟹邪褉械谐懈褋褌褉懈褉芯胁邪褌褜 0,013423 0,000013
胁褍蟹芯胁褋泻懈泄 5,010635 0,004687
褟薪胁邪褉褜 1,040343 0,005839
褋邪泄褌 0,013423 0,000038
锌芯谢械 0,013423 0,000100
锌芯谢械蟹薪褘泄 0,143101 0,000134
谐邪谢芯褔泻邪 0,013423 0,000013
蟹邪斜谢芯泻懈褉芯胁邪褌褜 0,013423 0,000025
锌械褉械褌邪褖懈褌褜 0,013423 0,000038
褔褍锌褕械胁邪邪谢械泻褋邪薪写褉 5,010635 0,004687
褌褍褉懈蟹屑 0,283247 0,000265
褋褌褉芯锌褌懈胁褘泄 5,010635 0,004687
邪谢褜褌械褉薪邪褌懈胁邪 3,624341 0,003390
锌芯写写械褉卸懈胁邪械褌褋褟锌芯谢褍褔懈褌褜 0,013423 0,000013
邪写褉械褋 0,013423 0,000063
写褉褍谐芯泄 0,013423 0,000038
褋芯芯褌胁械褌褋褌胁懈械 0,013423 0,000025
邪薪邪谢懈褌懈泻邪谐械褉屑邪薪懈褟械胁褉芯锌邪邪蟹懈褟械胁褉芯褋芯褞蟹 5,010635 0,004687
薪械褌邪薪褜褟褏褍褋褕邪械胁褉芯锌邪斜谢懈卸薪懈泄 5,010635 0,004687
褍薪懈褌邪褉薪褘泄 0,013423 0,000038
械胁褉芯锌邪 1,455287 0,006807
褍泻褉芯褖械薪懈械 5,010635 0,004687
写邪胁邪褌褜 0,013423 0,000025
芯褌锌褉邪胁泻邪 0,013423 0,000013
蟹邪谐褉褍蟹懈褌褜 0,013423 0,000025
屑懈褉械邪薪邪谢懈褌懈泻邪褋褕邪械胁褉芯锌邪褋褌懈 5,010635 0,004687
薪邪锌褉邪胁谢械薪懈械 0,013423 0,000013
褌械谢械褎芯薪 0,013423 0,000013
褉械写邪泻褑懈褟 0,013423 0,000038
写芯谢卸薪褘泄 0,013423 0,000013
薪械褌邪薪褜褟褏褍 3,218876 0,006022
邪胁褌芯褉 0,013423 0,000013
斜械褋褋械薪褌邪谢械泻褋邪薪写褉 5,010635 0,004687
褋褌邪褉褘泄 0,013423 0,000013
褋芯芯斜褖械薪懈械 0,013423 0,000176
锌褍褌懈薪谐械薪械褉邪谢褜薪褘泄 5,010635 0,004687
锌褉芯懈褋褕械褋褌胁懈械 0,292136 0,000273
锌芯写褌胁械褉写懈褌褜 0,013423 0,000013
胁薪褍褌褉懈锌芯谢懈褌懈褔械褋泻懈泄 5,010635 0,009374
褝泻褋锌械褉褌 1,373049 0,001284
薪邪褑懈泄写芯薪邪谢褜写 5,010635 0,004687
邪胁褌芯褉懈蟹邪褑懈褟 0,013423 0,000013
褉械谢懈谐懈褟 0,283247 0,000265
褉械泄褌懈薪谐 0,006689 0,000006
褎芯褉屑邪 0,013423 0,000151
泻褍谢褜褌褍褉邪 0,292136 0,000547
泻芯褉褘褌芯 5,010635 0,004687
写卸械泻褋芯薪褎褉懈写褉懈褏 5,010635 0,004687
薪械写械谢懈屑褘泄 5,010635 0,004687
褋褌邪褌褜褟 0,013423 0,000013
邪薪褌懈 5,010635 0,009374
芯褌薪芯褕械薪懈械 1,791759 0,003352
屑懈褉械邪薪邪谢懈褌懈泻邪械胁褉芯锌邪褉芯褋褋懈褟谐械褉屑邪薪懈褟写芯薪邪谢褜写 5,010635 0,004687
薪械写胁懈卸懈屑芯褋褌褜 0,292136 0,000273
邪褋褋邪屑斜谢械褟 5,010635 0,004687
屑懈褉芯胁芯泄 2,371578 0,004437
蟹邪屑屑懈薪懈褋褌褉邪 3,912023 0,007319
褉械写邪泻褌芯褉 0,013423 0,000013
谢懈薪泻芯谢褜薪屑胁褎褎械写械褉邪谢褜薪褘泄 5,010635 0,004687
蟹邪锌邪写薪褘泄 2,813411 0,007895
胁芯褋褌芯褔薪褘泄 2,708050 0,002533
泻芯薪褌邪泻褌 0,013423 0,000013
褟蟹褘泻 2,931194 0,002742
褟泻芯胁械薪泻芯褉芯褋褋懈褟褋邪薪泻褌 5,010635 0,004687
写芯谢谢邪褉 2,708050 0,005067
褌械屑邪 0,013423 0,000038
褋械褉胁懈褋 0,174353 0,000163
谐芯褋褍写邪褉褋褌胁械薪薪褘泄 0,013423 0,000038
写懈褋泻褍褋褋懈褟 0,013423 0,000025
褌褉邪薪褋褎芯褉屑邪褑懈褟 5,010635 0,014062
褋胁褟蟹邪薪薪褘泄 0,013423 0,000025
褋谢褍卸斜邪 0,006689 0,000006
褉懈邪 0,006689 0,000294
蟹邪屑械褌懈褌褜 0,013423 0,000013
斜邪泄写械薪褉芯褋褋懈褟 5,010635 0,004687
蟹邪泻褉褘褌褘泄 0,013423 0,000013
芯斜褉邪褖邪褌褜 0,013423 0,000013
褉械泻芯屑械薪写邪褌械谢褜薪褘泄 0,013423 0,000013
锌芯胁褋褌邪薪褔械褋泻懈泄 4,317488 0,004039
斜褍写褍褖械械 2,238047 0,008374
谐芯写 0,006689 0,000031
屑械卸写褍薪邪褉芯写薪褘泄 0,013423 0,000063
芯泻褌褟斜褉褜 1,714798 0,012833
褉械邪谢褜薪芯褋褌褜 3,064725 0,005734
泻褉褍谐谢褘泄 3,624341 0,006781
斜械蟹芯锌邪褋薪芯褋褌褜 1,919593 0,001796
褌褉邪屑锌 1,544899 0,008671
锌芯褋褌邪屑械褉懈泻邪薪褋泻懈泄 5,010635 0,009374
泻芯褌芯褉褘泄 0,603916 0,001130
泻褉褍锌薪褘泄 2,120264 0,001983
屑邪泄 1,643339 0,003075
邪谐械薪褌褋褌胁芯 0,013423 0,000050
锌械褉褋锌械泻褌懈胁邪 2,708050 0,007600
邪胁褌芯褉懈蟹芯胁邪褌褜褋褟 0,013423 0,000025
胁褘斜褉邪褌褜 0,013423 0,000038
褋械谐芯写薪褟 0,013423 0,000063
锌褉械蟹懈写械薪褌 1,643339 0,003075
屑懈褉械褋褕邪邪屑械褉懈泻邪褉芯褋褋懈褟邪谢械泻褋邪薪写褉 5,010635 0,004687
锌褉芯褋懈褌褜 0,013423 0,000013
写芯泻谢邪写 3,912023 0,007319
褋芯蟹写邪褌褜 1,875141 0,001754
邪屑械褉懈泻邪 2,708050 0,002533
锌褉邪胁芯锌芯褉褟写芯泻 5,010635 0,009374
谐械芯锌芯谢懈褌懈泻邪 5,010635 0,004687
薪芯胁褘械褋薪邪褔邪谢邪 0,013423 0,000013
谐褉邪薪褜 3,624341 0,006781
芯褌褉懈褑邪薪懈械 5,010635 0,004687
褋芯蟹写邪薪懈械 2,302585 0,002154
谐械褌褌芯 4,317488 0,004039
褕邪锌泻邪 0,013423 0,000013
芯褌锌褉邪胁懈褌褜 0,013423 0,000176
褋芯褏褉邪薪褟褌褜褋褟 3,401197 0,003182
邪薪邪谢懈褌懈泻邪褉懈邪 5,010635 0,004687
锌褉芯写芯谢卸懈褌褜 0,006689 0,000006
褉械褕械薪懈械 0,006689 0,000006
芯蟹薪邪泻芯屑懈褌褜 0,013423 0,000013
胁邪泻邪薪褋懈褟 0,013423 0,000013
屑褘 0,013423 0,000088
锌褉芯褋褌邪胁谢褟褌褜 0,013423 0,000013
褍褔邪褋褌懈械 0,006689 0,000006
邪泻泻邪褍薪褌 0,013423 0,000063
褝泻芯薪芯屑懈泻邪 0,292136 0,001093
芯斜褋褍卸写械薪懈械 0,013423 0,000025
芯锌械褔邪褌泻邪 0,013423 0,000013
懈褋锌芯谢褜蟹芯胁邪褌褜 0,013423 0,000013
褋褌褉邪褋褌褜 5,010635 0,004687
芯褉谐邪薪懈蟹邪褑懈褟 2,066196 0,001933
芯薪谢邪泄薪 0,013423 0,000013
锌械褉械锌褉芯褕懈褌褜 5,010635 0,004687
锌芯褔褌邪 0,013423 0,000088
斜谢芯泻懈褉芯胁泻邪 0,013423 0,000050
芯褋褍褖械褋褌胁谢褟褌褜褋褟 0,013423 0,000013
懈褋褌芯褉懈褟 1,139434 0,004264
泻懈械胁 1,832581 0,001714
锌械褌械褉斜褍褉谐斜谢懈卸薪懈泄 5,010635 0,004687
邪锌褉械谢褜 0,013423 0,000013
邪薪邪谢懈褌懈泻邪褍泻褉邪懈薪邪褉芯褋褋懈褟械胁褉芯锌邪写卸芯褉写卸 5,010635 0,004687
褎邪屑懈谢懈褟 0,013423 0,000013
褌褉邪屑锌邪薪邪谢懈褌懈泻 5,010635 0,004687
屑芯写械谢褜 3,624341 0,003390
褟薪写械泻褋 0,013423 0,000025
褎懈薪邪薪褋芯胁褘泄 1,714798 0,004812
谢懈斜芯 0,013423 0,000013
褎械写械褉邪谢褜薪褘泄 0,013423 0,000050
薪邪卸懈屑邪褌褜 0,013423 0,000013
锌芯懈褋泻 0,013423 0,000013
锌械褉械锌褉芯褕懈胁邪薪懈械 5,010635 0,009374
褎芯褉褍屑 3,218876 0,003011
锌芯锌褉芯斜芯胁邪褌褜 0,013423 0,000013
谐褍褌械褉褉懈褕胁谢邪写懈屑懈褉 5,010635 0,004687
蟹邪锌芯谢薪械薪懈械 0,013423 0,000088
胁薪懈屑邪薪懈械 0,013423 0,000013
锌褉懈薪懈屑邪褌褜 0,013423 0,000013
胁芯蟹屑芯卸薪芯褋褌褜 1,752539 0,001639
锌芯谢褍褕邪褉懈械 4,317488 0,008078
屑懈褉褕邪泄屑械褉褉邪写芯褋谢邪胁 5,010635 0,004687
胁褘锌褍褋泻 0,013423 0,000013
薪邪写蟹芯褉 0,013423 0,000013
锌械褉械胁芯写懈褌褜 4,317488 0,004039
屑懈褉械褋褕邪胁械薪械褋褍褝谢邪械胁褉芯锌邪写卸械褉邪谢褜写邪 5,010635 0,004687
屑懈褉械薪邪褌芯褕芯褋械胁褉邪蟹懈泄褋泻懈泄 5,010635 0,004687
锌褉械写锌褉懈褟褌懈械 0,013423 0,000038
褋锌芯褋芯斜 0,013423 0,000025
邪薪邪谢懈褌懈泻邪褉芯褋褋懈褟懈薪写懈褟 5,010635 0,004687
薪邪褍泻邪 0,283247 0,000265
芯斜褉邪褌薪褘泄 0,013423 0,000088
锌褉芯写褍泻褌 0,135438 0,000127
锌褉芯懈蟹芯泄褌懈 0,013423 0,000013
屑懈褉械褋褕邪褋械胁械褉薪褘泄 5,010635 0,004687
邪谢褟褋泻邪 3,624341 0,003390
