безъядерный 5,010635 0,007133
состояться 2,708050 0,003855
польский 2,708050 0,001927
рф 1,181994 0,001683
определённый 2,813411 0,002002
законный 0,013423 0,000010
оснащение 4,317488 0,006146
новый 0,006689 0,000043
оборона 2,066196 0,002941
разведка 3,401197 0,002421
промышленный 3,912023 0,002784
найти 0,013423 0,000010
авиабаза 4,317488 0,003073
килотонна 5,010635 0,007133
письмо 0,013423 0,000019
спасибо 0,013423 0,000010
расширить 0,006689 0,000005
поразить 3,624341 0,005159
согласие 0,013423 0,000019
центр 0,166448 0,000118
удар 2,120264 0,009055
менее 2,177422 0,001550
важный 1,297063 0,000923
доступ 0,013423 0,000019
миа 0,013423 0,000067
заявление 2,066196 0,001471
упавший 5,010635 0,003566
предел 2,931194 0,002086
задать 0,013423 0,000010
неоднократно 5,010635 0,003566
конфликт 2,371578 0,001688
александр 1,373049 0,000977
связаться 0,013423 0,000057
декабрь 0,985284 0,003506
исполнение 3,218876 0,002291
предположение 4,317488 0,003073
производство 2,612740 0,014877
отмечаться 3,064725 0,002181
г 0,013423 0,000019
реклама 0,013423 0,000019
фото 0,013423 0,000010
политика 0,013423 0,000048
орешкин 5,010635 0,003566
связь 0,006689 0,000038
взрыв 2,813411 0,004005
о 0,013423 0,000010
гиперзвуковой 5,010635 0,003566
средство 2,120264 0,001509
ядерный 2,813411 0,010012
течение 0,013423 0,000010
договориться 3,912023 0,002784
область 1,427116 0,001016
унифицировать 5,010635 0,003566
тактический 4,317488 0,003073
скоростной 3,912023 0,002784
мир 0,223144 0,000159
запад 1,966113 0,001399
пройти 0,006689 0,000005
заголовок 0,013423 0,000019
информационный 0,013423 0,000038
этаж 4,317488 0,003073
рассмотреть 0,013423 0,000010
расположить 0,013423 0,000029
опытный 4,317488 0,003073
террористический 5,010635 0,003566
проект 2,014903 0,004302
время 0,013423 0,000105
конец 1,643339 0,002339
редзиковый 5,010635 0,003566
единственный 2,525729 0,001798
кнопка 0,013423 0,000010
данный 2,014903 0,002868
ранее 0,013423 0,000010
подкаст 0,292136 0,000208
главный 0,013423 0,000010
проблема 0,013423 0,000010
данные 0,013423 0,000086
соответствующий 2,931194 0,002086
режим 2,066196 0,002941
составлять 2,238047 0,001593
также 1,139434 0,001622
сергей 1,544899 0,001100
рамштайна 4,317488 0,003073
одноимённый 3,912023 0,005569
украина 1,160488 0,004130
город 0,013423 0,000010
разблокировать 0,013423 0,000029
честно 3,624341 0,002580
лукашенко 3,401197 0,004842
фотография 0,013423 0,000010
прошлый 3,218876 0,002291
час 0,013423 0,000019
чат 0,013423 0,000019
новостеймолния 0,013423 0,000010
написать 0,013423 0,000010
зависимость 1,966113 0,001399
пытаться 2,708050 0,001927
соглашаться 0,013423 0,000010
зал 3,624341 0,002580
построить 3,912023 0,002784
сначала 0,013423 0,000010
находиться 2,177422 0,001550
твердотопливный 5,010635 0,003566
территория 2,302585 0,004917
показать 0,013423 0,000029
обеспечивать 2,813411 0,006007
ключевой 2,445686 0,001741
пароль 0,013423 0,000105
задача 2,177422 0,001550
массировать 4,317488 0,003073
удалить 0,013423 0,000038
себя 2,445686 0,003481
вход 0,013423 0,000019
завод 3,401197 0,004842
система 1,919593 0,005465
читать 0,791128 0,000563
производственный 3,624341 0,002580
описать 0,013423 0,000010
минобороны 2,525729 0,003595
размещение 0,013423 0,000038
сколько 0,006689 0,000005
база 2,302585 0,003278
предостережение 5,010635 0,003566
один 1,098612 0,001564
британский 2,371578 0,001688
видео 1,832581 0,001304
ракетный 4,317488 0,046094
польша 2,931194 0,008345
значительный 2,931194 0,002086
доставать 4,317488 0,003073
подтверждать 0,013423 0,000010
задаваться 5,010635 0,003566
оценить 2,525729 0,001798
гаврилов 0,013423 0,000010
ярый 4,317488 0,003073
учредитель 0,013423 0,000010
часть 1,373049 0,004886
заступить 5,010635 0,010699
класс 3,624341 0,007739
ссылка 0,013423 0,000038
коммуникация 0,013423 0,000010
минута 1,226446 0,002619
мой 0,013423 0,000048
момент 2,014903 0,001434
архив 0,190354 0,000135
помочь 0,013423 0,000010
заявить 1,272966 0,002718
описание 0,013423 0,000010
процесс 0,013423 0,000010
запустить 3,218876 0,009164
способный 3,064725 0,008725
делать 1,427116 0,001016
роскомнадзор 0,013423 0,000010
контрмера 5,010635 0,003566
технология 0,013423 0,000019
испытание 3,401197 0,002421
градус 2,931194 0,006259
досягаемость 5,010635 0,003566
ракета 3,401197 0,050836
развивать 3,218876 0,002291
дежурство 5,010635 0,017831
качество 2,177422 0,001550
москва 0,006689 0,000014
маневрировать 5,010635 0,003566
секрет 2,445686 0,001741
атака 2,931194 0,002086
воспользоваться 0,013423 0,000038
официально 3,624341 0,002580
результат 1,714798 0,001220
мобильный 2,708050 0,001927
ноябрь 1,514128 0,003233
свыше 3,064725 0,002181
далее 0,013423 0,000019
поставить 2,014903 0,001434
являться 1,875141 0,001335
секунда 3,218876 0,004582
россияукраинаракет 5,010635 0,003566
хотеть 0,006689 0,000005
солнце 3,064725 0,002181
открывать 0,013423 0,000019
капустин 4,317488 0,003073
перейти 0,013423 0,000010
половина 2,813411 0,002002
портал 2,931194 0,002086
стать 0,851752 0,001212
траектория 3,624341 0,002580
оглавление 1,791759 0,001275
натобрюссельгерманияпольша 5,010635 0,003566
обращение 0,013423 0,000029
подразделение 2,813411 0,002002
это 0,013423 0,000038
массовый 0,013423 0,000019
спецпроект 0,190354 0,000135
обработка 0,013423 0,000048
поддерживать 2,371578 0,001688
большинство 2,612740 0,001860
резиденция 3,624341 0,005159
украинский 1,576648 0,005611
слово 1,514128 0,002155
прямой 3,218876 0,002291
дальность 4,317488 0,021511
новость 0,006689 0,000048
заступление 5,010635 0,003566
конкурент 4,317488 0,003073
уничтожить 2,708050 0,001927
зарегистрироваться 0,013423 0,000048
пожаловаться 0,006689 0,000005
баллистический 5,010635 0,021398
средний 1,832581 0,005217
превосходить 4,317488 0,003073
войти 0,006689 0,000019
шахтный 5,010635 0,003566
размещаться 5,010635 0,003566
отличие 3,624341 0,005159
относиться 2,371578 0,005064
эл 0,013423 0,000010
радио 0,274437 0,000195
дзен 0,851752 0,000606
защита 0,013423 0,000038
канал 3,064725 0,002181
энергетический 2,371578 0,001688
регистрация 0,013423 0,000048
сбить 3,912023 0,002784
почему 0,013423 0,000019
директор 2,612740 0,001860
восстановление 0,013423 0,000038
германия 2,525729 0,008988
пыль 4,317488 0,003073
объект 2,708050 0,013492
белоруссия 3,218876 0,009164
вконтакте 0,013423 0,000019
программа 1,919593 0,001366
логин 0,013423 0,000010
атаковать 4,317488 0,003073
конфиденциальность 0,013423 0,000038
нарушение 0,013423 0,000029
навсегда 0,013423 0,000010
разделяться 5,010635 0,010699
глубина 3,624341 0,005159
воспринять 5,010635 0,003566
путин 1,373049 0,007818
действие 0,013423 0,000010
общий 2,014903 0,001434
инфографикановый 5,010635 0,003566
релиз 0,013423 0,000010
назад 0,013423 0,000048
ночь 2,708050 0,001927
первый 0,883501 0,001258
список 0,013423 0,000010
масса 2,813411 0,002002
техника 2,708050 0,001927
состояние 1,919593 0,002733
итог 2,302585 0,001639
пять 1,966113 0,001399
обязательный 0,013423 0,000067
ошибка 0,013423 0,000029
идти 1,919593 0,001366
вопрос 0,006689 0,000024
зубовский 0,013423 0,000019
подлётный 5,010635 0,014265
заряд 4,317488 0,006146
заполнить 0,013423 0,000067
статус 2,813411 0,008010
переход 3,912023 0,002784
высота 3,624341 0,002580
ваш 0,013423 0,000162
общество 0,257045 0,000183
имя 0,013423 0,000048
ответ 1,791759 0,001275
интервью 2,813411 0,002002
срок 0,013423 0,000019
основание 0,013423 0,000010
издание 0,013423 0,000010
бульвар 0,013423 0,000019
активный 2,813411 0,002002
сетевой 0,013423 0,000010
использование 0,013423 0,000010
вновь 0,013423 0,000010
сменить 0,013423 0,000010
цельсий 5,010635 0,007133
материал 0,013423 0,000076
укрепить 5,010635 0,003566
участвовать 0,013423 0,000019
сообщить 0,013423 0,000029
днепропетровский 4,317488 0,003073
быть 0,013423 0,000019
успешно 0,013423 0,000010
точка 2,813411 0,002002
скриншот 0,013423 0,000029
истечь 0,013423 0,000010
боевой 3,218876 0,025201
отмечать 1,399717 0,000996
лента 0,006689 0,000010
назначение 3,064725 0,002181
представлять 3,064725 0,004363
разработка 3,401197 0,014525
линия 2,813411 0,004005
южмаш 5,010635 0,003566
сфера 0,013423 0,000010
электронный 0,013423 0,000010
брюссель 3,624341 0,012898
спорт 0,190354 0,000135
суть 3,624341 0,002580
стационарный 3,912023 0,002784
этот 1,514128 0,001078
неизвестно 3,912023 0,002784
свидетельство 0,013423 0,000010
четыре 2,302585 0,006555
альянс 4,317488 0,003073
комментирование 0,013423 0,000019
блокироваться 0,013423 0,000010
классифицироваться 5,010635 0,007133
вооружение 4,317488 0,012292
правило 0,013423 0,000048
сохранить 0,013423 0,000010
основной 2,371578 0,005064
пониматься 5,010635 0,003566
известный 2,066196 0,001471
применение 0,013423 0,000067
взаимодействие 0,013423 0,000019
существующий 3,401197 0,002421
дать 0,013423 0,000019
пресс 0,013423 0,000019
согласный 0,013423 0,000029
персональный 0,013423 0,000076
оружие 2,445686 0,001741
перетянуть 0,013423 0,000010
оттого 5,010635 0,003566
элемент 3,218876 0,004582
киевский 2,931194 0,004173
смочь 0,006689 0,000005
шутка 5,010635 0,003566
использоваться 0,006689 0,000010
готовый 0,006689 0,000014
признать 1,966113 0,001399
известно 2,931194 0,012518
гораздо 3,218876 0,002291
дата 0,006689 0,000005
впервые 2,238047 0,007965
инфографик 2,177422 0,001550
одноклассник 0,013423 0,000019
недопустимый 0,013423 0,000010
вы 0,013423 0,000010
фио 0,013423 0,000010
стратегический 2,931194 0,002086
восстановить 0,013423 0,000010
пожалуйста 0,013423 0,000010
российский 0,883501 0,004402
цель 1,966113 0,013994
необходимо 1,791759 0,001275
заявлять 3,912023 0,002784
речь 2,813411 0,002002
версия 0,013423 0,000010
ниже 0,013423 0,000029
россия 0,006689 0,000119
го 2,177422 0,004649
существенно 4,317488 0,003073
полигон 5,010635 0,003566
скорость 3,912023 0,013922
шесть 2,371578 0,001688
тег 0,190354 0,000135
поражать 4,317488 0,006146
свой 0,867501 0,000617
зарегистрировать 0,013423 0,000010
штаб 3,912023 0,002784
боеголовка 4,317488 0,003073
январь 1,040343 0,000740
предсказуемый 4,317488 0,003073
сайт 0,013423 0,000029
поле 0,013423 0,000076
выполнение 2,612740 0,001860
американский 1,966113 0,002799
огневой 4,317488 0,003073
полезный 0,143101 0,000102
галочка 0,013423 0,000010
сложный 1,966113 0,001399
заблокировать 0,013423 0,000019
перетащить 0,013423 0,000029
ударить 3,912023 0,002784
особенность 2,120264 0,001509
туризм 0,283247 0,000202
поддерживаетсяполучить 0,013423 0,000010
адрес 0,013423 0,000048
зеленский 1,875141 0,001335
другой 0,013423 0,000038
соответствие 0,013423 0,000019
работа 1,427116 0,002031
унитарный 0,013423 0,000029
европа 1,455287 0,002072
характеристика 3,624341 0,020637
давать 0,013423 0,000019
полёт 3,912023 0,013922
блок 3,912023 0,002784
отправка 0,013423 0,000010
загрузить 0,013423 0,000019
направление 0,013423 0,000019
воинский 3,624341 0,002580
собственный 2,445686 0,001741
телефон 0,013423 0,000010
редакция 0,013423 0,000029
сочетание 2,708050 0,001927
держаться 3,401197 0,002421
должный 0,013423 0,000010
объяснять 2,813411 0,002002
дрон 2,931194 0,002086
знать 2,238047 0,001593
проделать 5,010635 0,003566
автор 0,013423 0,000010
сообщение 0,013423 0,000143
старый 0,013423 0,000010
вид 1,399717 0,000996
войско 3,064725 0,002181
происшествие 0,292136 0,000208
подтвердить 0,013423 0,000010
превращаться 4,317488 0,003073
доставить 3,401197 0,002421
километр 3,401197 0,019366
подчёркивать 2,813411 0,002002
что 4,317488 0,003073
эксперт 1,373049 0,000977
тип 3,064725 0,004363
пво 3,912023 0,002784
авторизация 0,013423 0,000010
религия 0,283247 0,000202
рейтинг 0,006689 0,000005
форма 0,013423 0,000115
сопоставимый 5,010635 0,014265
поверхность 2,813411 0,002002
тактико 4,317488 0,012292
разделить 3,401197 0,002421
публиковаться 3,401197 0,002421
максимальный 2,371578 0,001688
культура 0,292136 0,000208
поставка 3,624341 0,002580
образец 3,912023 0,002784
применяться 2,931194 0,002086
нато 2,612740 0,011158
советский 2,371578 0,003376
существовать 2,302585 0,001639
статья 0,013423 0,000010
современный 2,813411 0,002002
позиция 2,708050 0,001927
любой 1,576648 0,001122
серийный 4,317488 0,015365
бомба 4,317488 0,003073
недвижимость 0,292136 0,000208
посвятить 3,218876 0,002291
перемещаться 5,010635 0,007133
противоракетный 5,010635 0,003566
изделие 3,624341 0,002580
ответить 2,238047 0,001593
редактор 0,013423 0,000010
фгуп 0,499776 0,001779
получить 0,985284 0,000701
контакт 0,013423 0,000010
хиросима 5,010635 0,003566
тема 0,013423 0,000029
предпринять 3,912023 0,002784
сервис 0,174353 0,000124
государственный 0,013423 0,000029
грунтовый 5,010635 0,007133
дискуссия 0,013423 0,000019
эпицентр 5,010635 0,003566
связанный 0,013423 0,000048
квартира 2,612740 0,001860
служба 0,006689 0,000010
риа 0,006689 0,000038
заметить 0,013423 0,000010
североатлантический 5,010635 0,003566
технический 2,612740 0,007438
тонна 3,624341 0,002580
нанести 2,813411 0,002002
закрытый 0,013423 0,000010
телеграм 5,010635 0,003566
обращать 0,013423 0,000010
рекомендательный 0,013423 0,000010
противник 3,064725 0,002181
неядерный 5,010635 0,003566
год 0,006689 0,000043
фракция 3,064725 0,002181
базирование 4,317488 0,003073
мах 5,010635 0,007133
международный 0,013423 0,000029
модуль 3,912023 0,002784
октябрь 1,714798 0,001220
поражающий 5,010635 0,007133
который 0,603916 0,001290
поэтому 2,014903 0,001434
участок 3,218876 0,002291
крупный 2,120264 0,003018
агентство 0,013423 0,000038
рамка 2,708050 0,001927
критический 3,624341 0,010318
авторизоваться 0,013423 0,000019
выбрать 0,013423 0,000029
сегодня 0,013423 0,000096
запуск 3,912023 0,008353
страна 1,139434 0,000811
президент 1,643339 0,004679
просить 0,013423 0,000010
случай 1,643339 0,001170
сми 2,177422 0,001550
температура 2,445686 0,005222
создать 1,875141 0,001335
такой 1,098612 0,002346
высокозащищённый 5,010635 0,003566
малый 2,612740 0,007438
новыесначала 0,013423 0,000010
орешник 3,218876 0,100805
союз 3,218876 0,002291
брсд 5,010635 0,007133
создание 2,302585 0,001639
инфраструктура 3,064725 0,002181
несколько 1,544899 0,002199
начало 1,643339 0,001170
примерно 2,177422 0,001550
шапка 0,013423 0,000010
отправить 0,013423 0,000134
продолжить 0,006689 0,000005
решение 0,006689 0,000005
ознакомить 0,013423 0,000010
ведомство 3,218876 0,002291
благодаря 2,302585 0,001639
военный 1,514128 0,002155
вакансия 0,013423 0,000010
мы 0,013423 0,000067
проставлять 0,013423 0,000010
география 4,317488 0,009219
крайне 3,218876 0,004582
участие 0,006689 0,000005
подлёт 5,010635 0,010699
аккаунт 0,013423 0,000048
экономика 0,292136 0,000208
достигнуть 2,612740 0,003719
комплекс 2,708050 0,052041
обсуждение 0,013423 0,000019
использовать 0,013423 0,000019
опечатка 0,013423 0,000010
сложно 3,218876 0,002291
впк 3,912023 0,005569
онлайн 0,013423 0,000010
почта 0,013423 0,000067
блокировка 0,013423 0,000038
брянский 4,317488 0,003073
осуществляться 0,013423 0,000010
обеспечение 2,612740 0,001860
киев 1,832581 0,002609
три 2,120264 0,001509
внешний 3,401197 0,002421
апрель 0,013423 0,000010
фамилия 0,013423 0,000010
яндекс 0,013423 0,000019
подвижный 5,010635 0,010699
владимир 1,373049 0,003909
составить 2,931194 0,002086
мощность 3,064725 0,010906
либо 0,013423 0,000019
федеральный 0,013423 0,000038
нажимать 0,013423 0,000010
формат 2,120264 0,001509
название 2,813411 0,002002
тысяча 1,919593 0,004099
завершение 2,708050 0,001927
курский 4,317488 0,003073
поиск 0,013423 0,000010
всу 2,238047 0,001593
официальный 2,177422 0,004649
невозможно 2,525729 0,001798
крылатый 5,010635 0,007133
попробовать 0,013423 0,000010
ответный 3,401197 0,002421
заполнение 0,013423 0,000067
внимание 0,013423 0,000010
принимать 0,013423 0,000010
нарышкин 5,010635 0,003566
условие 1,321756 0,000941
значительно 3,218876 0,002291
оснастить 5,010635 0,007133
противовоздушный 5,010635 0,003566
выпуск 0,013423 0,000019
сократить 4,317488 0,003073
уникальный 2,014903 0,001434
подготовить 2,120264 0,001509
принять 1,791759 0,001275
немой 2,612740 0,001860
надзор 0,013423 0,000010
очень 1,678431 0,001195
элементарный 5,010635 0,003566
предприятие 0,013423 0,000038
способ 0,013423 0,000019
высокий 2,238047 0,004779
наука 0,283247 0,000202
какой 1,399717 0,002989
браузер 2,612740 0,001860
обратный 0,013423 0,000067
достигать 5,010635 0,003566
продукт 0,135438 0,000096
произойти 0,013423 0,000010
частица 5,010635 0,003566
заранее 2,708050 0,001927
модернизация 4,317488 0,003073
