胁芯胁谢械褔械薪懈械 5,010635 0,004917
蟹邪泻芯薪薪褘泄 0,013423 0,000013
写械胁褟褌褜 3,624341 0,003557
薪芯胁褘泄 0,006689 0,000013
锌芯胁械写械薪懈械 3,064725 0,003008
薪邪泄褌懈 0,013423 0,000013
谐邪蟹械褌邪 3,218876 0,009477
锌懈褋褜屑芯 0,013423 0,000026
褋锌邪褋懈斜芯 0,013423 0,000013
胁褘泄褌懈 2,371578 0,002327
褉邪褋褕懈褉懈褌褜 0,006689 0,000007
褋芯谐谢邪褋懈械 0,013423 0,000026
褑械薪褌褉 0,166448 0,000327
褔邪褋褌薪芯褋褌褜 3,064725 0,003008
写芯褋褌褍锌 0,013423 0,000040
泄芯褉泻 3,064725 0,018045
屑懈邪 0,013423 0,000092
蟹邪写邪褌褜 0,013423 0,000013
褋胁褟蟹邪褌褜褋褟 0,013423 0,000079
写械泻邪斜褉褜 0,985284 0,000967
谐芯褌芯胁薪芯褋褌褜 2,238047 0,002196
褔械谢芯胁械泻 1,118815 0,001098
谐 0,013423 0,000026
褉械泻谢邪屑邪 0,013423 0,000026
褎芯褌芯 0,013423 0,000053
锌芯谢懈褌懈泻邪 0,013423 0,000066
褋胁褟蟹褜 0,006689 0,000066
屑 2,302585 0,002260
屑邪泻褉芯薪 3,624341 0,003557
芯 0,013423 0,000013
锌褉芯褋褌懈褌褍褑懈褟 5,010635 0,004917
褝泻褋 2,708050 0,039863
薪芯褉褎芯谢泻 4,317488 0,004237
褌械褔械薪懈械 0,013423 0,000026
写胁芯褉械褑 5,010635 0,004917
泻邪褉谢 3,912023 0,019195
屑懈褉 0,223144 0,000876
锌褉芯泄褌懈 0,006689 0,000007
蟹邪谐芯谢芯胁芯泻 0,013423 0,000026
懈薪褎芯褉屑邪褑懈芯薪薪褘泄 0,013423 0,000053
懈蟹薪邪褋懈谢芯胁邪薪懈械 5,010635 0,009834
胁懈薪写蟹芯褉邪 5,010635 0,024586
写械谢芯 1,249435 0,011035
褉邪褋褋屑芯褌褉械褌褜 0,013423 0,000013
褉邪褋锌芯谢芯卸懈褌褜 0,013423 0,000040
谐芯褋褋谢褍卸斜邪 5,010635 0,004917
褌褞褉褜屑邪 3,912023 0,003839
斜褘胁褕懈泄 2,302585 0,002260
胁褉械屑褟 0,013423 0,000013
写卸械褎褎褉懈 4,317488 0,029659
泻薪芯锌泻邪 0,013423 0,000013
薪械褋芯胁械褉褕械薪薪芯谢械褌薪懈泄 2,931194 0,002877
芯斜胁懈薪械薪懈械 3,624341 0,007114
褎谢芯褉懈写邪 5,010635 0,004917
褉邪薪械械 0,013423 0,000026
锌芯写泻邪褋褌 0,292136 0,000287
谐谢邪胁薪褘泄 0,013423 0,000013
锌褉芯斜谢械屑邪 0,013423 0,000013
写邪薪薪褘械 0,013423 0,000132
褉懈褔邪褉写 5,010635 0,004917
褌邪泻卸械 1,139434 0,003355
谐芯褉芯写 0,013423 0,000079
褉邪蟹斜谢芯泻懈褉芯胁邪褌褜 0,013423 0,000040
锌褍斜谢懈泻邪褑懈褟 2,177422 0,002137
褎芯褌芯谐褉邪褎懈褟 0,013423 0,000040
锌褉芯褕谢褘泄 3,218876 0,003159
褔邪褋 0,013423 0,000026
褔邪褌 0,013423 0,000026
胁芯褋械屑褜 3,218876 0,003159
薪芯胁芯褋褌械泄屑芯谢薪懈褟 0,013423 0,000013
薪邪锌懈褋邪褌褜 0,013423 0,000013
褋芯谐谢邪褕邪褌褜褋褟 0,013423 0,000013
褋薪邪褔邪谢邪 0,013423 0,000013
褌械褉褉懈褌芯褉懈褟 2,302585 0,002260
薪邪褏芯写懈褌褜褋褟 2,177422 0,002137
锌芯泻邪蟹邪褌褜 0,013423 0,000013
邪胁褋褌褉邪谢懈褟 3,401197 0,003338
锌邪褉芯谢褜 0,013423 0,000145
褍写邪谢懈褌褜 0,013423 0,000053
锌芯褉褟写芯泻 1,832581 0,001798
褋械斜褟 2,445686 0,002400
写械胁芯褔泻邪 2,612740 0,002564
胁褏芯写 0,013423 0,000026
褔懈褌邪褌褜 0,791128 0,000776
芯锌懈褋邪褌褜 0,013423 0,000013
褉邪蟹屑械褖械薪懈械 0,013423 0,000013
写芯薪邪谢褜写 2,371578 0,009309
褋泻芯谢褜泻芯 0,006689 0,000007
锌芯谢懈褑懈褟 3,624341 0,017784
屑邪泻褋胁械谢谢 5,010635 0,004917
泻芯屑锌褉芯屑械褌懈褉芯胁邪褌褜 5,010635 0,004917
斜褉懈褌邪薪褋泻懈泄 2,371578 0,030256
芯斜褘褋泻 4,317488 0,004237
褋芯芯斜褖薪懈褑邪 5,010635 0,004917
锌芯写褌胁械褉卸写邪褌褜 0,013423 0,000013
邪褉械褋褌芯胁邪褌褜 2,931194 0,002877
写芯谢懈薪邪 4,317488 0,004237
谐褉芯屑泻懈泄 3,401197 0,003338
谐邪胁褉懈谢芯胁 0,013423 0,000013
锌褉邪胁芯蟹邪褖懈褌薪懈褑邪 5,010635 0,004917
褍褔褉械写懈褌械谢褜 0,013423 0,000013
褋胁芯斜芯写邪 3,064725 0,003008
锌芯褋谢械写薪懈泄 0,899761 0,001766
褌褞褉械屑薪褘泄 3,624341 0,003557
邪泻褌懈胁懈褋褌泻邪 5,010635 0,004917
褌芯褉谐芯胁谢褟 3,401197 0,003338
褋褋褘谢泻邪 0,013423 0,000053
屑邪泄泻谢 5,010635 0,004917
泻芯屑屑褍薪懈泻邪褑懈褟 0,013423 0,000013
屑芯泄 0,013423 0,000066
薪械泻芯褌芯褉褘泄 2,014903 0,001977
邪褉褏懈胁 0,190354 0,000187
锌芯屑芯褔褜 0,013423 0,000013
斜褉懈褌邪薪懈褟 3,401197 0,003338
蟹邪褟胁懈褌褜 1,272966 0,001249
褋褕邪 1,118815 0,002196
芯锌懈褋邪薪懈械 0,013423 0,000013
锌褉芯褑械褋褋 0,013423 0,000013
懈褞谢褜 1,609438 0,001579
褉芯褋泻芯屑薪邪写蟹芯褉 0,013423 0,000013
褌械褏薪芯谢芯谐懈褟 0,013423 0,000026
褋谢械写褋褌胁懈械 3,624341 0,003557
锌芯褋屑械褉褌薪褘泄 5,010635 0,004917
泻芯褉芯谢褜 3,912023 0,015356
屑芯褋泻胁邪 0,006689 0,000013
胁芯褋锌芯谢褜蟹芯胁邪褌褜褋褟 0,013423 0,000053
泻芯屑锌械薪褋邪褑懈褟 3,218876 0,003159
泻邪褉谢邪 5,010635 0,004917
屑械屑褍邪褉褘 5,010635 0,004917
锌褉械胁褘褕邪褌褜 2,931194 0,002877
褎懈薪邪薪褋懈褋褌 3,912023 0,011517
胁褍写懈褌褜 5,010635 0,004917
褋泻邪薪写邪谢 2,813411 0,024849
屑褢褉褌胁褘泄 4,317488 0,004237
褝薪写褉褞 3,064725 0,057144
泻谢懈薪褌芯薪 5,010635 0,004917
写邪谢械械 0,013423 0,000026
胁褘锌谢邪褌懈褌褜 3,064725 0,003008
写芯泻褍屑械薪褌 2,371578 0,002327
褏芯褌械褌褜 0,006689 0,000007
芯褌泻褉褘胁邪褌褜 0,013423 0,000026
锌械褉械泄褌懈 0,013423 0,000013
褋褌邪褌褜 0,851752 0,000836
懈薪褌械褉械褋 2,525729 0,002479
芯斜褉邪褖械薪懈械 0,013423 0,000040
写械褋褟褌泻邪 2,525729 0,002479
锌芯写褉邪蟹写械谢械薪懈械 2,813411 0,002761
褋锌械褑锌褉芯械泻褌 0,190354 0,000187
屑邪褋褋芯胁褘泄 0,013423 0,000013
芯斜褉邪斜芯褌泻邪 0,013423 0,000066
褝褌芯 0,013423 0,000013
褉械蟹懈写械薪褑懈褟 3,624341 0,003557
胁懈褉写卸懈薪懈褟 5,010635 0,004917
薪芯胁芯褋褌褜 0,006689 0,000079
胁邪褕懈薪谐褌芯薪 2,120264 0,002081
褋写械谢泻邪 3,064725 0,003008
薪邪褋谢邪褌褜 2,445686 0,002400
斜褉邪褌 3,624341 0,010670
蟹邪褉械谐懈褋褌褉懈褉芯胁邪褌褜褋褟 0,013423 0,000066
锌芯卸邪谢芯胁邪褌褜褋褟 0,006689 0,000007
胁芯泄褌懈 0,006689 0,000026
锌械褉械褋褘谢邪褌褜 5,010635 0,004917
胁芯蟹褉邪褋褌 2,177422 0,002137
谢懈褕械薪懈械 3,218876 0,003159
褝谢 0,013423 0,000013
褉邪写懈芯 0,274437 0,000269
写蟹械薪 0,851752 0,000836
蟹邪褖懈褌邪 0,013423 0,000053
芯褋褌褉芯胁 3,064725 0,003008
褉械谐懈褋褌褉邪褑懈褟 0,013423 0,000066
锌芯写芯蟹褉械薪懈械 3,624341 0,003557
褋芯写械泄褋褌胁芯胁邪褌褜 4,317488 0,004237
锌芯褔械屑褍 0,013423 0,000013
胁芯褋褋褌邪薪芯胁谢械薪懈械 0,013423 0,000053
胁懈薪邪 2,371578 0,004655
蟹邪泻谢褞褔懈褌褜 3,064725 0,003008
胁泻芯薪褌邪泻褌械 0,013423 0,000026
锌芯胁褌芯褉薪芯 4,317488 0,004237
谢芯谐懈薪 0,013423 0,000013
泻芯薪褎懈写械薪褑懈邪谢褜薪芯褋褌褜 0,013423 0,000053
薪邪褉褍褕械薪懈械 0,013423 0,000040
薪邪胁褋械谐写邪 0,013423 0,000013
褋邪薪写褉懈薪谐械屑褋泻懈泄 5,010635 0,004917
写械泄褋褌胁懈械 0,013423 0,000013
褉械谢懈蟹 0,013423 0,000013
薪邪蟹邪写 0,013423 0,000066
褋锌懈褋芯泻 0,013423 0,000013
芯斜胁懈薪懈褌褜 3,624341 0,003557
芯斜褟蟹邪褌械谢褜薪褘泄 0,013423 0,000092
褎械胁褉邪谢褜 0,567984 0,001672
芯锌褍斜谢懈泻芯胁邪褌褜 3,624341 0,010670
写卸械泻褋芯薪 5,010635 0,004917
芯褕懈斜泻邪 0,013423 0,000040
胁芯锌褉芯褋 0,006689 0,000026
蟹褍斜芯胁褋泻懈泄 0,013423 0,000026
写械褟褌械谢褜薪芯褋褌褜 2,612740 0,002564
蟹邪锌芯谢薪懈褌褜 0,013423 0,000092
褉邪褋褋谢械写芯胁邪薪懈械 3,218876 0,006318
锌褉芯褌懈胁 1,966113 0,001929
胁邪褕 0,013423 0,000211
芯斜褖械褋褌胁芯 0,257045 0,000252
懈屑褟 0,013423 0,000066
褌懈褌褍谢 2,813411 0,002761
褋褉芯泻 0,013423 0,000026
芯褋薪芯胁邪薪懈械 0,013423 0,000013
懈蟹写邪薪懈械 0,013423 0,000013
斜褍谢褜胁邪褉 0,013423 0,000026
褋械褌械胁芯泄 0,013423 0,000013
懈褋锌芯谢褜蟹芯胁邪薪懈械 0,013423 0,000013
褎械胁 1,399717 0,001374
邪胁谐褍褋褌 1,752539 0,001720
胁薪芯胁褜 0,013423 0,000013
褋屑械薪懈褌褜 0,013423 0,000013
屑邪褌械褉懈邪谢 0,013423 0,000105
褍褔邪褋褌胁芯胁邪褌褜 0,013423 0,000026
褋芯芯斜褖懈褌褜 0,013423 0,000026
芯斜褖械褋褌胁械薪薪褘泄 3,218876 0,003159
斜褘褌褜 0,013423 0,000013
褍褋锌械褕薪芯 0,013423 0,000013
褋泻褉懈薪褕芯褌 0,013423 0,000040
邪胁褌芯屑芯斜懈谢褜 2,612740 0,002564
懈褋褌械褔褜 0,013423 0,000013
泻邪屑械褉邪 3,624341 0,003557
谢械薪褌邪 0,006689 0,000013
褋褌褉邪卸邪 3,624341 0,003557
邪褉褏懈胁薪褘泄 1,347074 0,001322
褋邪薪写褉懈薪谐械屑 5,010635 0,009834
褝谢械泻褌褉芯薪薪褘泄 0,013423 0,000026
褋褎械褉邪 0,013423 0,000013
褋锌芯褉褌 0,190354 0,000187
褋褌褉邪薪懈褑邪 3,401197 0,003338
屑械褋褟褑 1,003302 0,000985
褝褌芯褌 1,514128 0,001486
褋邪屑 1,875141 0,001840
褋胁懈写械褌械谢褜褋褌胁芯 0,013423 0,000013
锌褉芯褕谢芯械 2,813411 0,002761
泻芯屑屑械薪褌懈褉芯胁邪薪懈械 0,013423 0,000026
斜谢芯泻懈褉芯胁邪褌褜褋褟 0,013423 0,000013
锌懈褌械褉 4,317488 0,004237
谐谢邪胁邪 1,919593 0,001884
锌褉邪胁懈谢芯 0,013423 0,000066
褋芯褏褉邪薪懈褌褜 0,013423 0,000013
屑懈薪懈褋褌械褉褋褌胁芯 1,966113 0,003859
懈蟹胁械褋褌薪褘泄 2,066196 0,002028
懈薪褌懈屑薪褘泄 3,912023 0,003839
锌褉懈屑械薪械薪懈械 0,013423 0,000013
胁蟹邪懈屑芯写械泄褋褌胁懈械 0,013423 0,000026
屑邪褍薪褌斜械褌褌械薪 5,010635 0,009834
斜懈谢谢 4,317488 0,004237
写邪褌褜 0,013423 0,000026
锌褉械褋褋 0,013423 0,000026
褋芯谐谢邪褋薪褘泄 0,013423 0,000040
锌械褉褋芯薪邪谢褜薪褘泄 0,013423 0,000105
锌械褉械褌褟薪褍褌褜 0,013423 0,000013
褋屑芯褔褜 0,006689 0,000007
懈褋锌芯谢褜蟹芯胁邪褌褜褋褟 0,006689 0,000007
谐芯褌芯胁褘泄 0,006689 0,000013
锌褉懈蟹薪邪褌褜 1,966113 0,003859
写邪褌邪 0,006689 0,000007
锌械褉械锌懈褋泻邪 4,317488 0,008474
芯褔械褉械写褜 2,120264 0,002081
芯写薪芯泻谢邪褋褋薪懈泻 0,013423 0,000026
薪械写芯锌褍褋褌懈屑褘泄 0,013423 0,000013
胁褘 0,013423 0,000013
斜芯泄褎褉械薪写 5,010635 0,004917
褎懈芯 0,013423 0,000013
胁芯褋褋褌邪薪芯胁懈褌褜 0,013423 0,000013
锌芯卸邪谢褍泄褋褌邪 0,013423 0,000013
褋械泻褋褍邪谢褜薪褘泄 4,317488 0,008474
锌褉懈械褏邪褌褜 2,931194 0,002877
胁械褉褋懈褟 0,013423 0,000013
薪懈卸械 0,013423 0,000040
褉芯褋褋懈褟 0,006689 0,000079
谐芯 2,177422 0,006410
薪褜褞 3,624341 0,017784
褕械褋褌褜 2,371578 0,002327
褋褍写械斜薪褘泄 2,612740 0,002564
褌械谐 0,190354 0,000187
蟹邪褉械谐懈褋褌褉懈褉芯胁邪褌褜 0,013423 0,000013
褋邪泄褌 0,013423 0,000040
锌芯谢械 0,013423 0,000105
蟹薪邪泻 3,218876 0,009477
锌芯谢械蟹薪褘泄 0,143101 0,000140
谐邪谢芯褔泻邪 0,013423 0,000013
斜械褉泻褕懈褉械 5,010635 0,004917
褕褌邪褌 2,014903 0,001977
褎邪泄谢 3,401197 0,006676
蟹邪斜谢芯泻懈褉芯胁邪褌褜 0,013423 0,000026
锌械褉械褌邪褖懈褌褜 0,013423 0,000040
芯锌芯蟹薪邪胁邪褌械谢褜薪褘泄 5,010635 0,014752
锌褉械写锌褉懈薪懈屑邪褌械谢褜 3,912023 0,003839
褌褍褉懈蟹屑 0,283247 0,000278
锌芯写写械褉卸懈胁邪械褌褋褟锌芯谢褍褔懈褌褜 0,013423 0,000013
邪写褉械褋 0,013423 0,000079
写褉褍谐芯泄 0,013423 0,000053
褋芯芯褌胁械褌褋褌胁懈械 0,013423 0,000026
褍薪懈褌邪褉薪褘泄 0,013423 0,000040
械胁褉芯锌邪 1,455287 0,001428
写邪胁邪褌褜 0,013423 0,000026
芯褌锌褉邪胁泻邪 0,013423 0,000013
褉邪蟹斜懈褉邪褌械谢褜褋褌胁芯 5,010635 0,004917
蟹邪谐褉褍蟹懈褌褜 0,013423 0,000026
薪邪锌褉邪胁谢械薪懈械 0,013423 0,000013
褌械谢械褎芯薪 0,013423 0,000013
褉械写邪泻褑懈褟 0,013423 0,000040
谢芯薪写芯薪 4,317488 0,004237
锌芯褋芯谢 5,010635 0,004917
写芯谢卸薪褘泄 0,013423 0,000013
胁褋褌褍锌邪褌褜 3,912023 0,003839
褉械卸懈褋褋褢褉 3,624341 0,003557
谐芯胁芯褉懈褌褜褋褟 2,371578 0,004655
邪胁褌芯褉 0,013423 0,000013
褋褌邪褉褘泄 0,013423 0,000013
褋芯芯斜褖械薪懈械 0,013423 0,000184
泻褉芯屑械 1,919593 0,001884
褉械斜褢薪芯泻 1,514128 0,001486
锌褉芯懈褋褕械褋褌胁懈械 0,292136 0,000287
锌芯泻芯薪褔懈褌褜 4,317488 0,004237
锌芯写褌胁械褉写懈褌褜 0,013423 0,000026
邪谢谢械薪 5,010635 0,004917
屑邪褍薪褌斜械褌褌薪褘泄 5,010635 0,014752
锌褉邪胁懈褌械谢褜褋褌胁械薪薪褘泄 4,317488 0,004237
胁褘褉邪蟹懈褌褜 2,708050 0,002658
芯斜薪芯胁懈褌褜 0,985284 0,000967
褍锌芯屑懈薪邪褌褜 4,317488 0,004237
邪胁褌芯褉懈蟹邪褑懈褟 0,013423 0,000013
褉械谢懈谐懈褟 0,283247 0,000278
褉械泄褌懈薪谐 0,006689 0,000007
褎芯褉屑邪 0,013423 0,000158
写芯屑 1,514128 0,007429
胁泻谢褞褔邪褟 2,525729 0,002479
泻褍谢褜褌褍褉邪 0,292136 0,000287
褋胁芯斜芯写薪褘泄 3,218876 0,003159
芯褌斜褘褌褜 5,010635 0,004917
褋谐芯胁芯褉 4,317488 0,004237
锌褉懈胁谢械褔械薪懈械 3,624341 0,003557
褋褌邪褌褜褟 0,013423 0,000013
胁械谢懈泻芯斜褉懈褌邪薪懈褟 3,218876 0,018953
薪械斜褘胁邪谢褘泄 5,010635 0,004917
褌械屑蟹邪 5,010635 0,004917
芯褌薪芯褕械薪懈械 1,791759 0,001758
薪械写胁懈卸懈屑芯褋褌褜 0,292136 0,000287
锌械胁械褑 4,317488 0,004237
锌褉械泻褉邪褌懈褌褜 3,401197 0,003338
锌芯谢懈褑械泄褋泻懈泄 4,317488 0,004237
褉械写邪泻褌芯褉 0,013423 0,000013
褎谐褍锌 0,499776 0,002452
蟹邪锌邪写薪褘泄 2,813411 0,002761
锌芯谢褍褔懈褌褜 0,985284 0,000967
泻芯薪褌邪泻褌 0,013423 0,000026
锌芯褋褌褉邪写邪褌褜 2,708050 0,002658
褌褉邪屑锌薪懈械 5,010635 0,004917
褌械屑邪 0,013423 0,000040
褋械褉胁懈褋 0,174353 0,000171
谐芯褋褍写邪褉褋褌胁械薪薪褘泄 0,013423 0,000040
芯泻邪蟹邪褌褜褋褟 2,525729 0,002479
写懈褋泻褍褋褋懈褟 0,013423 0,000026
薪械薪邪写谢械卸邪褖懈泄 3,912023 0,003839
芯泻芯谢芯 2,177422 0,006410
褋胁褟蟹邪薪薪褘泄 0,013423 0,000026
褋谢褍卸斜邪 0,006689 0,000013
褉懈邪 0,006689 0,000066
蟹邪屑械褌懈褌褜 0,013423 0,000013
蟹邪泻褉褘褌褘泄 0,013423 0,000013
芯斜褉邪褖邪褌褜 0,013423 0,000013
褉械泻芯屑械薪写邪褌械谢褜薪褘泄 0,013423 0,000013
斜械谢褘泄 2,371578 0,002327
锌芯写泻谢褞褔懈褌褜褋褟 5,010635 0,004917
屑懈褉械胁械谢懈泻芯斜褉懈褌邪薪懈褟写卸械褎褎褉懈 5,010635 0,004917
褝泻褋锌谢褍邪褌邪褑懈褟 3,401197 0,003338
谐芯写 0,006689 0,000066
屑邪褕懈薪邪 3,218876 0,003159
褎懈谐褍褉邪薪褌 4,317488 0,004237
屑械卸写褍薪邪褉芯写薪褘泄 0,013423 0,000040
芯泻褌褟斜褉褜 1,714798 0,001683
褞褋褌懈褑懈褟 5,010635 0,009834
褌褉邪屑锌 1,544899 0,006064
泻芯褌芯褉褘泄 0,603916 0,001185
斜褉褝薪褋芯薪 5,010635 0,004917
蟹邪写械褉卸邪褌褜 3,064725 0,030076
邪谐械薪褌褋褌胁芯 0,013423 0,000053
写卸褍褎褎褉褟 5,010635 0,004917
褌邪泄薪芯 4,317488 0,004237
锌褉懈胁械褋褌懈 2,371578 0,002327
邪胁褌芯褉懈蟹芯胁邪褌褜褋褟 0,013423 0,000026
胁褘斜褉邪褌褜 0,013423 0,000040
褔邪褋褌薪褘泄 2,525729 0,002479
褋械谐芯写薪褟 0,013423 0,000145
屑邪薪写械谢褜褋芯薪 5,010635 0,004917
锌褉芯褋懈褌褜 0,013423 0,000013
褋屑懈 2,177422 0,004274
褋芯蟹写邪褌褜 1,875141 0,001840
褌邪泻芯泄 1,098612 0,001078
薪芯胁褘械褋薪邪褔邪谢邪 0,013423 0,000013
薪械褋泻芯谢褜泻芯 1,544899 0,001516
薪邪褔邪谢芯 1,643339 0,001613
褕邪锌泻邪 0,013423 0,000013
芯褌锌褉邪胁懈褌褜 0,013423 0,000184
锌褉芯写芯谢卸懈褌褜 0,006689 0,000007
褉械褕械薪懈械 0,006689 0,000007
褕褌邪褌褋泻芯械 5,010635 0,004917
芯蟹薪邪泻芯屑懈褌褜 0,013423 0,000013
屑邪褉褌 1,514128 0,001486
胁邪泻邪薪褋懈褟 0,013423 0,000013
屑褘 0,013423 0,000092
锌褉芯褋褌邪胁谢褟褌褜 0,013423 0,000013
谢懈褕懈褌褜 3,401197 0,003338
褍褔邪褋褌懈械 0,006689 0,000007
锌褉懈谐芯胁芯褉懈褌褜 3,912023 0,003839
邪泻泻邪褍薪褌 0,013423 0,000066
褝泻芯薪芯屑懈泻邪 0,292136 0,000287
芯斜褋褍卸写械薪懈械 0,013423 0,000026
写芯褋褜械 5,010635 0,004917
芯锌械褔邪褌泻邪 0,013423 0,000013
懈褋锌芯谢褜蟹芯胁邪褌褜 0,013423 0,000013
芯薪谢邪泄薪 0,013423 0,000013
褝锌褕褌械泄薪泻邪褉谢 5,010635 0,004917
锌芯褔褌邪 0,013423 0,000092
斜谢芯泻懈褉芯胁泻邪 0,013423 0,000053
锌懈褋邪褌褜 1,752539 0,005160
芯褋褍褖械褋褌胁谢褟褌褜褋褟 0,013423 0,000013
懈写械邪谢褜薪褘泄 2,445686 0,002400
邪锌褉械谢褜 0,013423 0,000026
褎邪屑懈谢懈褟 0,013423 0,000013
褋芯写械褉卸邪褌褜褋褟 3,218876 0,003159
褟薪写械泻褋 0,013423 0,000026
锌褉懈薪褑 2,931194 0,040272
谢懈斜芯 0,013423 0,000013
褎械写械褉邪谢褜薪褘泄 0,013423 0,000053
薪邪卸懈屑邪褌褜 0,013423 0,000013
褍锌芯屑懈薪邪薪懈械 3,218876 0,003159
褌褘褋褟褔邪 1,919593 0,001884
锌芯懈褋泻 0,013423 0,000013
胁芯蟹褉邪褋褌懈 3,912023 0,003839
谐懈褋谢械泄薪 5,010635 0,004917
锌芯锌褉芯斜芯胁邪褌褜 0,013423 0,000013
蟹邪锌芯谢薪械薪懈械 0,013423 0,000092
褕褌芯褉屑 3,912023 0,003839
胁薪懈屑邪薪懈械 0,013423 0,000013
锌褉懈薪懈屑邪褌褜 0,013423 0,000026
蟹薪邪褔懈褌械谢褜薪芯 3,218876 0,003159
胁褘锌褍褋泻 0,013423 0,000013
懈薪褎芯褉屑邪褑懈褟 2,066196 0,004055
褝锌褕褌械泄薪 2,525729 0,052051
褋泻褉褘胁邪褌褜 3,624341 0,003557
薪邪写蟹芯褉 0,013423 0,000013
锌褉械写锌褉懈褟褌懈械 0,013423 0,000040
褋锌芯褋芯斜 0,013423 0,000026
薪邪褍泻邪 0,283247 0,000278
芯斜褉邪褌薪褘泄 0,013423 0,000092
蟹邪薪褟褌懈械 3,401197 0,003338
锌褉芯懈蟹芯泄褌懈 0,013423 0,000026
锌褉芯写褍泻褌 0,135438 0,000133
