поездка 3,401197 0,001374
макроконвертер 5,010635 0,002024
сфокусировать 5,010635 0,002024
накатывать 5,010635 0,002024
велосипед 4,317488 0,001744
законный 0,013423 0,000005
день 0,591795 0,000239
хутор 4,317488 0,001744
найти 0,013423 0,000016
письмо 0,013423 0,000011
прогулка 4,317488 0,001744
издалёка 5,010635 0,002024
спасибо 0,013423 0,000005
терраса 5,010635 0,004047
расширить 0,006689 0,000003
водоём 4,317488 0,006975
приморский 4,317488 0,001744
вокруг 3,064725 0,002476
делиться 3,401197 0,001374
согласие 0,013423 0,000011
центр 0,166448 0,000067
путешествие 3,912023 0,006320
арт 3,624341 0,002928
север 3,064725 0,004951
мало 3,218876 0,001300
встретить 2,813411 0,001136
обратно 3,912023 0,001580
связаться 0,013423 0,000033
декабрь 0,985284 0,001990
тёплый 2,708050 0,001094
стекло 5,010635 0,002024
вода 1,576648 0,004457
человек 1,118815 0,001807
дубай 2,813411 0,001136
немного 2,177422 0,000879
пеликан 5,010635 0,002024
реклама 0,013423 0,000011
фото 0,013423 0,000271
лес 5,010635 0,008095
выводить 5,010635 0,002024
явление 3,912023 0,003160
связь 0,006689 0,000024
насколько 3,624341 0,001464
восхождение 5,010635 0,002024
находка 5,010635 0,002024
челябинский 4,317488 0,001744
нога 3,218876 0,002600
область 1,427116 0,009798
термальный 5,010635 0,004047
природа 3,218876 0,007800
весь 1,021651 0,000825
пройти 0,006689 0,000005
заголовок 0,013423 0,000011
успеть 3,218876 0,001300
информационный 0,013423 0,000022
камчатка 3,912023 0,004740
житель 2,612740 0,001055
рассмотреть 0,013423 0,000005
расположить 0,013423 0,000011
кормить 4,317488 0,001744
григорьев 5,010635 0,004047
посмотреть 2,177422 0,001759
создавать 2,371578 0,000958
социальный 1,678431 0,000678
гастрофестиваль 5,010635 0,002024
республика 2,302585 0,003720
новиков 5,010635 0,008095
речка 5,010635 0,002024
сильный 1,919593 0,001551
главный 0,013423 0,000011
подкаст 0,292136 0,000118
проблема 0,013423 0,000005
данные 0,013423 0,000043
обитать 3,912023 0,001580
фотография 0,013423 0,000049
дмитрий 1,576648 0,005731
радуга 4,317488 0,001744
подкараулить 4,317488 0,001744
классный 3,912023 0,001580
корабль 3,624341 0,001464
трава 3,064725 0,001238
соглашаться 0,013423 0,000005
россиянин 1,576648 0,002547
сначала 0,013423 0,000005
территория 2,302585 0,001860
удержаться 5,010635 0,002024
начать 1,966113 0,000794
неумолимо 5,010635 0,002024
аул 5,010635 0,002024
сидеть 3,624341 0,001464
подсветить 5,010635 0,002024
стекать 4,317488 0,001744
малое 3,912023 0,001580
мороз 3,218876 0,002600
баренцев 5,010635 0,002024
однако 1,966113 0,000794
удалить 0,013423 0,000022
себя 2,445686 0,000988
арка 4,317488 0,001744
орёл 4,317488 0,001744
размещение 0,013423 0,000005
сколько 0,006689 0,000003
якутский 5,010635 0,002024
артём 3,401197 0,002747
крошечный 5,010635 0,002024
июнь 1,875141 0,002272
гнездиться 5,010635 0,002024
новгородский 2,813411 0,001136
тишина 3,912023 0,001580
зарастать 5,010635 0,002024
один 1,098612 0,001331
оттенок 2,612740 0,001055
нерпа 5,010635 0,002024
нарчук 5,010635 0,004047
зоря 5,010635 0,002024
конёк 3,912023 0,001580
скрыться 5,010635 0,002024
длина 4,317488 0,001744
смотреться 4,317488 0,003487
хотеться 3,218876 0,001300
часть 1,373049 0,001109
махматкул 5,010635 0,004047
едва 3,912023 0,003160
сторона 1,609438 0,001300
покой 4,317488 0,001744
минута 1,226446 0,000495
сычик 5,010635 0,002024
тюбинг 4,317488 0,001744
лето 2,931194 0,005919
иркутский 5,010635 0,004047
бежать 3,624341 0,001464
вена 3,912023 0,001580
архив 0,190354 0,000077
поесть 3,912023 0,001580
корточки 5,010635 0,002024
кндр 5,010635 0,002024
дарья 3,912023 0,003160
хобби 5,010635 0,002024
золотистый 2,931194 0,002368
природный 2,931194 0,001184
описание 0,013423 0,000005
процесс 0,013423 0,000005
июль 1,609438 0,000650
слоёный 5,010635 0,002024
нововочепнуть 5,010635 0,002024
стремительный 4,317488 0,001744
жираф 5,010635 0,002024
ромашка 5,010635 0,004047
говорить 1,714798 0,008311
оленевод 5,010635 0,002024
святилище 5,010635 0,002024
крестовый 5,010635 0,002024
пингвин 3,912023 0,003160
узор 3,624341 0,002928
нарисовать 4,317488 0,001744
погружаться 5,010635 0,004047
лютый 5,010635 0,002024
кожевник 3,218876 0,002600
барышевый 5,010635 0,002024
скала 5,010635 0,004047
видимость 4,317488 0,001744
осторожный 5,010635 0,002024
выглядеть 2,445686 0,001976
ноябрь 1,514128 0,000612
урал 3,064725 0,001238
екатерина 2,445686 0,001976
морозный 5,010635 0,006071
ласпинский 5,010635 0,002024
окружать 5,010635 0,002024
проводиться 3,401197 0,001374
авачинский 5,010635 0,002024
секунда 3,218876 0,001300
стопа 4,317488 0,001744
солнце 3,064725 0,002476
перейти 0,013423 0,000005
нужно 1,455287 0,000588
устроить 2,931194 0,001184
отвоёвывать 5,010635 0,002024
дирижёр 5,010635 0,002024
паратый 5,010635 0,004047
картина 3,218876 0,001300
озеро 3,624341 0,011710
огонь 1,966113 0,000794
спецпроект 0,190354 0,000077
автопутешествие 5,010635 0,002024
рост 2,708050 0,002187
цвести 4,317488 0,001744
еда 2,177422 0,002638
окрестность 5,010635 0,006071
петров 3,401197 0,002747
разница 3,912023 0,001580
туман 4,317488 0,006975
фёдор 4,317488 0,001744
звездчатка 5,010635 0,002024
рекордсмен 5,010635 0,002024
красивый 2,445686 0,003951
суша 4,317488 0,001744
удивляться 5,010635 0,002024
губа 4,317488 0,001744
жизнь 1,714798 0,001385
экспедиция 3,624341 0,002928
сфотографировать 5,010635 0,004047
сати 5,010635 0,002024
шедевр 3,912023 0,001580
конюх 5,010635 0,002024
калейдоскоп 5,010635 0,004047
запечатлеть 4,317488 0,005231
весёлый 4,317488 0,001744
фотохудожник 5,010635 0,004047
эл 0,013423 0,000011
точно 2,612740 0,001055
почему 0,013423 0,000005
подумать 3,912023 0,001580
быстрый 1,714798 0,002078
енисей 4,317488 0,001744
хороший 1,059392 0,001711
ботанический 5,010635 0,002024
столб 5,010635 0,004047
относительно 4,317488 0,003487
красный 1,966113 0,001588
акватория 5,010635 0,002024
юг 3,401197 0,004121
цепочка 5,010635 0,002024
вкусный 1,752539 0,000708
вконтакте 0,013423 0,000011
почувствовать 4,317488 0,001744
логин 0,013423 0,000005
навсегда 0,013423 0,000011
конфиденциальность 0,013423 0,000022
нарушение 0,013423 0,000016
облако 5,010635 0,004047
кульчан 5,010635 0,002024
назад 0,013423 0,000027
список 0,013423 0,000005
кадр 3,624341 0,011710
отдохнуть 3,912023 0,003160
состояние 1,919593 0,000775
вулкан 4,317488 0,008719
сайлюгемский 5,010635 0,002024
виталий 3,624341 0,005855
идти 1,919593 0,000775
открыть 2,302585 0,000930
появляться 5,010635 0,002024
зубовский 0,013423 0,000011
луч 5,010635 0,006071
зубарев 5,010635 0,004047
заполнить 0,013423 0,000038
минь 3,624341 0,001464
высота 3,624341 0,002928
присесть 5,010635 0,002024
мощь 3,912023 0,003160
отойти 5,010635 0,002024
традиция 1,919593 0,000775
общество 0,257045 0,000208
французский 2,445686 0,000988
интервью 2,813411 0,002273
отель 3,912023 0,003160
основание 0,013423 0,000005
издание 0,013423 0,000005
ломоносов 4,317488 0,001744
бульвар 0,013423 0,000011
активный 2,813411 0,001136
сетевой 0,013423 0,000005
фея 5,010635 0,002024
вновь 0,013423 0,000005
сменить 0,013423 0,000005
грохот 5,010635 0,002024
пёрышко 5,010635 0,002024
участвовать 0,013423 0,000011
сообщить 0,013423 0,000005
турухтан 5,010635 0,002024
бедный 4,317488 0,001744
байкальский 5,010635 0,004047
быть 0,013423 0,000005
скриншот 0,013423 0,000016
фламинго 5,010635 0,002024
истечь 0,013423 0,000005
отмечать 1,399717 0,001696
космонавт 3,912023 0,001580
жёлтый 3,912023 0,001580
воплощение 5,010635 0,002024
ласточка 5,010635 0,002024
линия 2,813411 0,001136
сквозь 5,010635 0,002024
электронный 0,013423 0,000005
всполох 5,010635 0,002024
спорт 0,190354 0,000077
путешественник 4,317488 0,003487
этот 1,514128 0,000612
небесный 4,317488 0,003487
напалкин 5,010635 0,004047
погода 3,064725 0,001238
друг 2,612740 0,002110
определяться 3,624341 0,001464
рыбачить 5,010635 0,002024
засидка 5,010635 0,002024
останец 5,010635 0,002024
далёкий 3,218876 0,002600
вадим 4,317488 0,003487
голубой 3,624341 0,001464
отметить 2,014903 0,001628
осенний 5,010635 0,004047
сохранить 0,013423 0,000011
край 2,371578 0,004789
выборгский 4,317488 0,001744
новокузнецкий 4,317488 0,001744
известный 2,066196 0,000834
аврор 5,010635 0,004047
воздух 3,218876 0,001300
взаимодействие 0,013423 0,000011
илья 3,218876 0,002600
трудность 4,317488 0,001744
согласный 0,013423 0,000016
перетянуть 0,013423 0,000005
станислав 3,624341 0,002928
камень 3,912023 0,001580
йошкара 5,010635 0,002024
использоваться 0,006689 0,000008
массив 4,317488 0,001744
наступать 3,401197 0,001374
многолетний 4,317488 0,001744
нацпарк 4,317488 0,001744
траулер 5,010635 0,002024
сходиться 5,010635 0,002024
фио 0,013423 0,000005
кирилл 1,875141 0,001515
килемарский 5,010635 0,002024
пожалуйста 0,013423 0,000005
российский 0,883501 0,000714
ран 2,931194 0,001184
волна 3,912023 0,006320
необходимо 1,791759 0,000724
октябрьский 3,912023 0,001580
дерево 3,401197 0,002747
караван 5,010635 0,002024
приехать 2,931194 0,001184
крыло 3,401197 0,002747
мутновский 5,010635 0,004047
снизу 3,912023 0,001580
чувствовать 4,317488 0,001744
версия 0,013423 0,000005
ниже 0,013423 0,000016
комментировать 3,064725 0,002476
пятизвёздочный 4,317488 0,001744
окрошка 3,218876 0,001300
териберка 5,010635 0,002024
соляный 5,010635 0,002024
смотреть 1,966113 0,000794
мурманский 3,624341 0,004391
тег 0,190354 0,000077
волнение 5,010635 0,002024
обычно 2,813411 0,002273
оркестр 5,010635 0,002024
зарегистрировать 0,013423 0,000005
соприкасаться 5,010635 0,002024
парить 4,317488 0,003487
популярный 1,752539 0,001416
пристань 4,317488 0,001744
густой 3,401197 0,002747
ходулочник 5,010635 0,002024
назвать 1,347074 0,005985
гид 3,912023 0,001580
дикий 3,401197 0,002747
фотограф 5,010635 0,024284
цена 1,966113 0,002382
игорь 2,708050 0,002187
оманский 5,010635 0,002024
поле 0,013423 0,000054
посчастливиться 5,010635 0,002024
словно 5,010635 0,002024
непогода 4,317488 0,001744
квадрокоптер 5,010635 0,002024
остапенко 5,010635 0,004047
перетащить 0,013423 0,000016
наблюдать 3,064725 0,002476
туризм 0,283247 0,004461
паренияначать 5,010635 0,002024
мелкий 2,371578 0,001916
адрес 0,013423 0,000027
соответствие 0,013423 0,000011
работа 1,427116 0,001729
ямал 5,010635 0,002024
эмоция 3,401197 0,001374
загрузить 0,013423 0,000011
вытянуться 5,010635 0,002024
направление 0,013423 0,000005
ариадна 5,010635 0,002024
телефон 0,013423 0,000005
редакция 0,013423 0,000022
чёрный 2,238047 0,000904
иначе 2,931194 0,001184
медянец 5,010635 0,004047
должный 0,013423 0,000005
дрон 2,931194 0,001184
клуб 3,218876 0,001300
знать 2,238047 0,000904
маршрут 3,218876 0,003900
автор 0,013423 0,000098
старый 0,013423 0,000005
сообщение 0,013423 0,000076
рго 4,317488 0,081956
короткий 3,401197 0,001374
севастополь 3,912023 0,001580
мария 2,813411 0,002273
линза 4,317488 0,001744
происшествие 0,292136 0,000118
подтвердить 0,013423 0,000005
прореха 5,010635 0,002024
поражение 3,218876 0,001300
блогер 3,218876 0,003900
снять 2,371578 0,000958
псекупс 5,010635 0,002024
морозов 5,010635 0,004047
манарага 5,010635 0,002024
речушка 5,010635 0,002024
полцена 4,317488 0,003487
подземный 4,317488 0,001744
дёшево 5,010635 0,002024
поверхность 2,813411 0,002273
сова 5,010635 0,002024
олег 3,912023 0,003160
снятой 5,010635 0,004047
культура 0,292136 0,000118
преодолеть 5,010635 0,002024
пространство 4,317488 0,001744
очередной 2,813411 0,001136
марий 5,010635 0,002024
нижегородский 5,010635 0,002024
описывать 5,010635 0,002024
схватить 5,010635 0,002024
статья 0,013423 0,000005
дагестан 3,218876 0,002600
захотеть 3,624341 0,001464
наталия 5,010635 0,004047
сбивать 4,317488 0,001744
довестись 5,010635 0,002024
пушистый 5,010635 0,002024
статика 5,010635 0,002024
бойко 5,010635 0,002024
отношение 1,791759 0,000724
рязанский 4,317488 0,001744
вологодский 5,010635 0,002024
рыболовный 5,010635 0,002024
монументальность 5,010635 0,002024
неизвестный 3,624341 0,001464
занести 5,010635 0,002024
карасев 5,010635 0,004047
стадо 5,010635 0,002024
редактор 0,013423 0,000005
ранний 2,612740 0,001055
полтора 3,912023 0,001580
сокровище 4,317488 0,001744
царство 5,010635 0,002024
многие 2,525729 0,001020
получить 0,985284 0,000796
волга 4,317488 0,001744
орловский 3,912023 0,001580
контакт 0,013423 0,000005
фон 3,218876 0,002600
направить 2,371578 0,000958
копировать 5,010635 0,002024
конденсация 5,010635 0,002024
материализоваться 5,010635 0,002024
нагреваться 5,010635 0,002024
зимой 2,813411 0,002273
зачастую 3,624341 0,001464
ведро 5,010635 0,002024
мечтать 3,401197 0,001374
зимовка 5,010635 0,004047
государственный 0,013423 0,000016
нежность 3,912023 0,004740
купаться 5,010635 0,004047
окрашиваться 5,010635 0,002024
настолько 4,317488 0,001744
сделать 1,226446 0,004458
связанный 0,013423 0,000011
казань 3,218876 0,001300
риа 0,006689 0,000005
усть 5,010635 0,004047
фотоохота 5,010635 0,002024
заселить 5,010635 0,002024
закрытый 0,013423 0,000011
обращать 0,013423 0,000005
куликов 4,317488 0,001744
вспышка 4,317488 0,003487
выпасть 4,317488 0,001744
творчество 3,624341 0,001464
магия 4,317488 0,001744
тепло 3,912023 0,001580
будущее 2,238047 0,001808
карелия 3,401197 0,001374
год 0,006689 0,000011
максим 2,525729 0,002040
цицина 5,010635 0,002024
андреи 5,010635 0,004047
международный 0,013423 0,000016
андрей 2,302585 0,005580
хариус 5,010635 0,002024
стараться 2,813411 0,002273
магаданский 4,317488 0,001744
лебедь 5,010635 0,002024
освещать 5,010635 0,002024
глина 5,010635 0,002024
ведущий 2,120264 0,000856
остывать 5,010635 0,002024
поэтому 2,014903 0,000814
заставлять 3,912023 0,003160
близ 5,010635 0,002024
съездить 4,317488 0,001744
антон 3,624341 0,002928
расстояние 5,010635 0,002024
май 1,643339 0,003982
агентство 0,013423 0,000022
блин 2,014903 0,000814
пляж 4,317488 0,001744
стильно 5,010635 0,002024
пашеничев 5,010635 0,004047
впечатлять 5,010635 0,002024
семён 5,010635 0,004047
сегодня 0,013423 0,000027
страна 1,139434 0,000460
мальдивы 5,010635 0,002024
просить 0,013423 0,000005
глубоко 4,317488 0,001744
лёд 3,218876 0,006500
оттуда 3,912023 0,001580
ток 5,010635 0,002024
создать 1,875141 0,000757
склон 5,010635 0,004047
температура 2,445686 0,001976
такой 1,098612 0,001331
бурангуловый 5,010635 0,002024
кайра 5,010635 0,002024
малый 2,612740 0,001055
ночной 5,010635 0,002024
рассказывать 2,014903 0,007324
динамика 3,624341 0,001464
домовый 4,317488 0,003487
шапка 0,013423 0,000005
отправить 0,013423 0,000076
регион 1,919593 0,000775
финалист 4,317488 0,001744
продолжить 0,006689 0,000005
осветитель 5,010635 0,002024
решение 0,006689 0,000003
евгения 5,010635 0,004047
алтайский 3,064725 0,001238
ознакомить 0,013423 0,000005
необычный 2,014903 0,008138
щипковый 5,010635 0,004047
сопка 5,010635 0,002024
село 3,064725 0,001238
кудрявый 5,010635 0,002024
март 1,514128 0,002446
благодаря 2,302585 0,000930
проставлять 0,013423 0,000005
разгораться 5,010635 0,002024
аккаунт 0,013423 0,000027
экономика 0,292136 0,000118
вестись 3,401197 0,001374
тот 1,576648 0,000637
тёща 4,317488 0,001744
обсуждение 0,013423 0,000011
охотиться 3,912023 0,001580
залив 3,912023 0,007900
скрытный 5,010635 0,002024
лапцов 5,010635 0,004047
дарить 3,401197 0,002747
почта 0,013423 0,000043
блокировка 0,013423 0,000022
рецепт 1,118815 0,000904
куркутский 5,010635 0,002024
история 1,139434 0,000460
поход 3,912023 0,001580
три 2,120264 0,000856
фамилия 0,013423 0,000005
евгений 2,238047 0,003616
непосредственно 3,218876 0,001300
светлана 2,813411 0,004545
яндекс 0,013423 0,000011
хлеб 2,371578 0,000958
островок 4,317488 0,001744
мелководный 5,010635 0,002024
вдоль 3,912023 0,003160
либо 0,013423 0,000005
напиток 2,371578 0,000958
остыть 2,525729 0,001020
нажимать 0,013423 0,000005
приваленко 5,010635 0,004047
выгодно 5,010635 0,002024
бой 2,445686 0,000988
телешов 5,010635 0,004047
предлагать 2,445686 0,000988
поиск 0,013423 0,000005
молодой 2,525729 0,001020
исторический 2,612740 0,001055
длинный 3,912023 0,001580
мурманск 4,317488 0,001744
осмотреться 5,010635 0,002024
улетать 5,010635 0,002024
неспокойно 5,010635 0,002024
кай 4,317488 0,001744
турист 3,218876 0,001300
лыжа 3,912023 0,001580
низкий 3,401197 0,001374
ложбина 5,010635 0,002024
кан 5,010635 0,002024
добывать 4,317488 0,001744
фильм 2,813411 0,001136
высунуться 5,010635 0,002024
крачка 5,010635 0,004047
рыбалка 5,010635 0,002024
динамичный 5,010635 0,002024
баня 4,317488 0,001744
могучий 5,010635 0,002024
ежов 5,010635 0,004047
постоянно 2,371578 0,000958
немой 2,612740 0,001055
зима 1,919593 0,003101
видеть 2,931194 0,001184
кукрин 5,010635 0,004047
баскунчак 5,010635 0,004047
способ 0,013423 0,000011
второе 5,010635 0,002024
продукт 0,135438 0,000055
яркий 2,302585 0,001860
заполярье 5,010635 0,002024
второй 1,427116 0,000576
воробей 5,010635 0,006071
стая 4,317488 0,001744
дачный 5,010635 0,002024
окова 5,010635 0,002024
ален 4,317488 0,001744
определённый 2,813411 0,001136
загадочный 3,912023 0,001580
новый 0,006689 0,000019
чохский 5,010635 0,002024
детство 2,931194 0,001184
стюардесса 5,010635 0,002024
происходить 2,177422 0,001759
река 3,624341 0,004391
снимать 3,401197 0,001374
местный 2,708050 0,002187
кругосветка 5,010635 0,002024
финский 3,912023 0,001580
важный 1,297063 0,000524
оля 5,010635 0,002024
доступ 0,013423 0,000011
рейс 3,912023 0,001580
миа 0,013423 0,000011
предел 2,931194 0,001184
полный 1,678431 0,000678
задать 0,013423 0,000005
помощь 1,321756 0,001068
александр 1,373049 0,004436
терем 5,010635 0,002024
рейд 5,010635 0,002024
мик 4,317488 0,003487
кемеровский 4,317488 0,001744
высотка 5,010635 0,002024
майский 3,218876 0,001300
ледяной 4,317488 0,006975
г 0,013423 0,000011
танцующий 4,317488 0,001744
политика 0,013423 0,000027
москвич 3,218876 0,001300
к 2,177422 0,000879
коми 5,010635 0,002024
белавина 5,010635 0,004047
н 4,317488 0,001744
плотно 3,624341 0,001464
о 0,013423 0,000005
мотоцикл 4,317488 0,003487
течение 0,013423 0,000011
надвигаться 3,912023 0,001580
ильяс 5,010635 0,002024
потрясать 4,317488 0,003487
земля 2,708050 0,003281
пернатый 5,010635 0,004047
удивительный 3,912023 0,003160
вертолёт 5,010635 0,002024
ё 5,010635 0,002024
ветер 3,912023 0,006320
сила 1,455287 0,001176
мир 0,223144 0,000721
земной 3,912023 0,001580
русский 1,118815 0,000452
екатеринбург 2,813411 0,001136
грустный 5,010635 0,002024
небольшой 2,014903 0,002441
конец 1,643339 0,001327
притиск 5,010635 0,004047
время 0,013423 0,000027
серебреник 5,010635 0,004047
архипелаг 4,317488 0,003487
кнопка 0,013423 0,000005
забыть 3,218876 0,001300
эль 5,010635 0,002024
патриотизм 4,317488 0,001744
пеликаний 5,010635 0,002024
пробовать 3,624341 0,001464
мощный 2,525729 0,001020
байкал 3,064725 0,003713
улахан 5,010635 0,002024
ранее 0,013423 0,000005
победитель 3,401197 0,002747
флот 3,064725 0,001238
сергей 1,544899 0,001872
город 0,013423 0,000038
разблокировать 0,013423 0,000016
прежде 3,218876 0,001300
вкусно 2,813411 0,001136
комплексный 5,010635 0,002024
час 0,013423 0,000011
чат 0,013423 0,000011
метр 3,401197 0,001374
новостеймолния 0,013423 0,000005
написать 0,013423 0,000005
полярный 5,010635 0,006071
алдергот 5,010635 0,004047
образовываться 5,010635 0,002024
ленинградский 3,401197 0,004121
северный 2,177422 0,004397
начаться 2,813411 0,001136
зарубежный 3,912023 0,001580
увидеть 3,218876 0,005200
поляков 5,010635 0,004047
показать 0,013423 0,000005
артерия 5,010635 0,002024
пароль 0,013423 0,000060
частичка 4,317488 0,001744
редкий 3,064725 0,001238
подмосковье 2,238047 0,000904
двадцать 4,317488 0,001744
подняться 5,010635 0,004047
вход 0,013423 0,000016
озарить 5,010635 0,002024
описать 0,013423 0,000005
даган 5,010635 0,002024
дрозд 5,010635 0,004047
решка 5,010635 0,002024
зубровый 5,010635 0,002024
вспоминать 4,317488 0,005231
древний 2,525729 0,002040
запечатлевать 5,010635 0,002024
художник 3,624341 0,001464
сказка 3,912023 0,001580
купить 3,218876 0,001300
еловый 5,010635 0,004047
цвета 5,010635 0,002024
выяснять 5,010635 0,002024
интересный 2,177422 0,002638
привезти 3,912023 0,001580
белощёкий 5,010635 0,004047
окрас 5,010635 0,002024
подтверждать 0,013423 0,000005
нить 5,010635 0,002024
шарг 5,010635 0,002024
гаврилов 0,013423 0,000005
учредитель 0,013423 0,000005
оскар 3,912023 0,001580
ссылка 0,013423 0,000022
коммуникация 0,013423 0,000005
прионежский 5,010635 0,002024
мой 0,013423 0,000033
момент 2,014903 0,000814
брей 5,010635 0,002024
помочь 0,013423 0,000005
круиз 3,218876 0,001300
любимый 2,813411 0,001136
бюджетный 3,064725 0,001238
гнать 5,010635 0,002024
астраханский 5,010635 0,002024
салал 5,010635 0,004047
выше 3,064725 0,002476
пояснять 2,371578 0,004789
роскомнадзор 0,013423 0,000005
технология 0,013423 0,000011
остаться 1,919593 0,002326
кольский 5,010635 0,002024
удача 4,317488 0,001744
полевой 5,010635 0,002024
верхнетуломский 5,010635 0,002024
кудым 5,010635 0,004047
левинский 5,010635 0,004047
секрет 2,445686 0,000988
москва 0,006689 0,000011
воспользоваться 0,013423 0,000022
возле 5,010635 0,002024
кулик 5,010635 0,002024
уменьшаться 3,912023 0,001580
добавлять 1,919593 0,001551
хабаровский 5,010635 0,002024
опыт 2,931194 0,001184
большой 1,832581 0,000740
павел 2,238047 0,003616
далее 0,013423 0,000011
шашлык 3,218876 0,001300
удивить 3,218876 0,002600
хвойный 3,912023 0,001580
утром 3,218876 0,002600
заказник 5,010635 0,002024
газукина 5,010635 0,004047
толща 5,010635 0,002024
животное 2,708050 0,002187
дербина 5,010635 0,004047
мечта 3,912023 0,001580
недалеко 4,317488 0,001744
хотеть 0,006689 0,000003
открывать 0,013423 0,000011
стать 0,851752 0,000344
сауна 5,010635 0,002024
вчера 1,576648 0,001274
заря 4,317488 0,001744
андреев 2,708050 0,002187
приобретать 3,064725 0,001238
обращение 0,013423 0,000016
восстанавливать 3,624341 0,001464
быт 5,010635 0,002024
квест 5,010635 0,002024
это 0,013423 0,000060
массовый 0,013423 0,000005
обработка 0,013423 0,000027
суеверие 3,401197 0,001374
белоснежный 5,010635 0,002024
встать 3,624341 0,002928
птенец 5,010635 0,002024
дружко 5,010635 0,002024
два 1,514128 0,000612
затмить 4,317488 0,001744
речной 2,612740 0,001055
аллак 5,010635 0,004047
заповедник 3,218876 0,003900
сахалинский 3,912023 0,001580
египет 4,317488 0,003487
новость 0,006689 0,000016
рядом 3,912023 0,001580
затоплять 5,010635 0,002024
ракурс 3,912023 0,001580
справиться 3,401197 0,001374
сентябрь 1,427116 0,002306
снежный 3,218876 0,001300
михаил 2,525729 0,002040
двойной 3,624341 0,001464
угинд 5,010635 0,002024
краска 4,317488 0,001744
аламейный 5,010635 0,002024
зарегистрироваться 0,013423 0,000027
пожаловаться 0,006689 0,000003
озёрный 5,010635 0,002024
войти 0,006689 0,000011
белов 5,010635 0,004047
водоросль 3,912023 0,001580
радио 0,274437 0,000111
защита 0,013423 0,000022
остров 3,064725 0,004951
воздействие 3,624341 0,002928
успевать 4,317488 0,003487
регистрация 0,013423 0,000027
буква 3,401197 0,001374
сокращаться 4,317488 0,001744
особый 1,752539 0,000708
лить 3,912023 0,001580
дмитренко 5,010635 0,004047
восстановление 0,013423 0,000022
шикарный 5,010635 0,002024
муж 4,317488 0,001744
замерзать 4,317488 0,001744
путешественница 5,010635 0,002024
былой 5,010635 0,002024
плыть 5,010635 0,002024
затем 1,791759 0,000724
ждать 1,919593 0,000775
программа 1,919593 0,000775
тимин 3,912023 0,001580
действие 0,013423 0,000005
релиз 0,013423 0,000005
поймать 4,317488 0,001744
первый 0,883501 0,001070
оранжевый 3,912023 0,001580
осень 2,708050 0,005469
обязательный 0,013423 0,000038
февраль 0,567984 0,001835
ошибка 0,013423 0,000016
жабский 5,010635 0,004047
косихинский 5,010635 0,002024
птица 3,912023 0,015800
вопрос 0,006689 0,000011
продлиться 2,813411 0,001136
игра 1,609438 0,000650
размер 2,014903 0,000814
изумрудный 5,010635 0,002024
ваш 0,013423 0,000087
имя 0,013423 0,000033
аист 5,010635 0,006071
впечатление 3,218876 0,001300
блюдо 1,609438 0,000650
больший 2,014903 0,003255
срок 0,013423 0,000011
раскрашивать 5,010635 0,002024
итальянец 5,010635 0,002024
ион 5,010635 0,002024
чистаять 5,010635 0,002024
событие 1,544899 0,000624
приполярный 5,010635 0,002024
сказочный 5,010635 0,002024
использование 0,013423 0,000005
стелиться 5,010635 0,002024
август 1,752539 0,001416
самый 0,967584 0,004689
материал 0,013423 0,000049
рассвет 5,010635 0,008095
конкурс 3,401197 0,002747
валдайский 4,317488 0,001744
наледь 5,010635 0,002024
успешно 0,013423 0,000005
вершина 4,317488 0,001744
устье 5,010635 0,002024
бачкова 5,010635 0,004047
приманка 5,010635 0,002024
лента 0,006689 0,000005
марийский 5,010635 0,002024
пучок 3,624341 0,001464
аэропорт 4,317488 0,001744
охота 4,317488 0,001744
переливаться 4,317488 0,001744
зимний 1,919593 0,001551
сфера 0,013423 0,000005
район 2,525729 0,012241
черно 5,010635 0,002024
сад 3,218876 0,002600
утихнуть 5,010635 0,002024
мгновение 5,010635 0,004047
льдинка 5,010635 0,002024
свидетельство 0,013423 0,000005
комментирование 0,013423 0,000011
распадаться 5,010635 0,002024
сердце 3,064725 0,001238
замок 5,010635 0,002024
блокироваться 0,013423 0,000005
африка 3,218876 0,001300
сияние 3,624341 0,007319
сувенир 5,010635 0,002024
правило 0,013423 0,000027
посёлок 4,317488 0,005231
юрий 3,624341 0,002928
небо 3,401197 0,006868
удаться 2,708050 0,004375
сергеев 5,010635 0,004047
воробьиный 5,010635 0,002024
достопримечательностейпосмотреть 5,010635 0,002024
применение 0,013423 0,000005
ва 4,317488 0,001744
дать 0,013423 0,000011
лиственница 5,010635 0,002024
пресс 0,013423 0,000011
персональный 0,013423 0,000043
снег 2,371578 0,001916
смочь 0,006689 0,000008
болото 4,317488 0,003487
повелитель 5,010635 0,002024
душа 3,218876 0,001300
готовый 0,006689 0,000005
признать 1,966113 0,000794
пейзаж 3,912023 0,001580
дата 0,006689 0,000003
голубеть 4,317488 0,003487
традиционный 1,919593 0,000775
фоторабота 5,010635 0,002024
одноклассник 0,013423 0,000011
недопустимый 0,013423 0,000005
вы 0,013423 0,000005
восстановить 0,013423 0,000005
обитатель 4,317488 0,001744
чох 5,010635 0,002024
походка 5,010635 0,002024
номинация 5,010635 0,008095
солнечный 3,624341 0,007319
весенний 3,401197 0,004121
штормить 5,010635 0,002024
гора 3,624341 0,004391
краснодарский 3,218876 0,002600
растение 3,624341 0,002928
подтаивать 5,010635 0,002024
дыхание 4,317488 0,001744
россия 0,006689 0,000059
оболочка 5,010635 0,002024
тест 2,445686 0,000988
го 2,177422 0,000879
горячий 1,966113 0,000794
порой 4,317488 0,001744
стоянка 4,317488 0,001744
рекорд 2,708050 0,002187
свой 0,867501 0,000701
январь 1,040343 0,003782
скульптура 5,010635 0,002024
живописный 3,912023 0,001580
получиться 2,177422 0,000879
казанов 5,010635 0,002024
палитра 5,010635 0,002024
брейкина 5,010635 0,002024
пара 2,177422 0,000879
дождев 5,010635 0,002024
геометрия 4,317488 0,001744
сайт 0,013423 0,000016
цветение 5,010635 0,002024
напомнить 4,317488 0,001744
полезный 0,143101 0,000058
галочка 0,013423 0,000005
многочисленный 3,401197 0,001374
заблокировать 0,013423 0,000011
путник 5,010635 0,002024
закатный 5,010635 0,002024
поддерживаетсяполучить 0,013423 0,000005
рыба 2,931194 0,002368
другой 0,013423 0,000016
континент 3,624341 0,001464
унитарный 0,013423 0,000016
давать 0,013423 0,000011
полёт 3,912023 0,001580
отправка 0,013423 0,000005
знаменитый 3,624341 0,001464
азия 4,317488 0,001744
гунибский 5,010635 0,002024
кина 5,010635 0,002024
праздник 1,427116 0,000576
число 1,643339 0,000664
объяснять 2,813411 0,005681
хаммам 5,010635 0,002024
ласкать 5,010635 0,002024
прилетать 5,010635 0,002024
окружающий 3,912023 0,001580
вид 1,399717 0,001131
козлов 4,317488 0,003487
волшебный 5,010635 0,002024
горный 4,317488 0,005231
строго 3,624341 0,001464
мастер 3,064725 0,003713
попасть 2,708050 0,002187
двигаться 4,317488 0,001744
туча 5,010635 0,002024
стихия 4,317488 0,003487
бухта 4,317488 0,001744
степь 5,010635 0,002024
подчёркивать 2,813411 0,001136
башкортостан 5,010635 0,002024
путь 2,120264 0,000856
реализация 3,064725 0,001238
темин 5,010635 0,002024
светлый 2,612740 0,001055
кандалакшский 5,010635 0,002024
загонять 5,010635 0,002024
тень 4,317488 0,001744
подбежать 5,010635 0,002024
авторизация 0,013423 0,000005
религия 0,283247 0,000114
рейтинг 0,006689 0,000003
монерон 5,010635 0,002024
форма 0,013423 0,000065
одинокий 4,317488 0,001744
съёмка 3,912023 0,006320
несмотря 2,708050 0,001094
объездить 5,010635 0,002024
ленский 5,010635 0,002024
любой 1,576648 0,000637
пещера 5,010635 0,008095
любим 5,010635 0,002024
недвижимость 0,292136 0,000118
прекратить 3,401197 0,001374
красота 3,401197 0,006868
морж 5,010635 0,002024
кататься 3,912023 0,001580
казаться 3,401197 0,001374
море 2,931194 0,004735
настоящий 2,302585 0,000930
рябчик 5,010635 0,004047
напоминать 3,064725 0,003713
тема 0,013423 0,000016
заснеженный 5,010635 0,004047
сервис 0,174353 0,000070
зверь 5,010635 0,002024
дискуссия 0,013423 0,000011
алтай 3,624341 0,005855
оконный 5,010635 0,002024
курорт 4,317488 0,006975
восторг 5,010635 0,002024
гроза 5,010635 0,002024
около 2,177422 0,000879
ловить 4,317488 0,003487
служба 0,006689 0,000003
заметить 0,013423 0,000005
арктика 3,401197 0,006868
тело 2,612740 0,001055
ермолин 5,010635 0,004047
голландец 4,317488 0,001744
белые 4,317488 0,001744
рекомендательный 0,013423 0,000005
берег 3,401197 0,006868
таинственно 5,010635 0,002024
окружить 4,317488 0,001744
географический 4,317488 0,001744
октябрь 1,714798 0,002078
поехать 3,218876 0,001300
поражаться 5,010635 0,002024
зимовать 5,010635 0,002024
решить 1,919593 0,000775
прекрасно 3,218876 0,001300
который 0,603916 0,002439
идея 2,931194 0,001184
лететь 4,317488 0,001744
турция 3,624341 0,001464
наталья 2,525729 0,004080
участок 3,218876 0,002600
награда 3,401197 0,001374
снимка 4,317488 0,012206
облетать 5,010635 0,002024
следующий 1,427116 0,000576
авторизоваться 0,013423 0,000011
учиться 3,218876 0,001300
выбрать 0,013423 0,000016
поддаваться 5,010635 0,002024
рассказать 0,933098 0,000754
растаять 4,317488 0,001744
моне 5,010635 0,002024
елена 2,931194 0,004735
фонарь 4,317488 0,001744
роман 3,064725 0,002476
радость 4,317488 0,001744
путешествовать 3,912023 0,001580
поколение 4,317488 0,001744
одиночество 4,317488 0,001744
жить 3,218876 0,001300
классно 4,317488 0,001744
пробираться 5,010635 0,002024
световой 5,010635 0,004047
новыесначала 0,013423 0,000005
кижи 3,064725 0,001238
несколько 1,544899 0,001248
сверху 3,064725 0,001238
предоставить 2,066196 0,037552
место 1,272966 0,002571
свет 2,708050 0,005469
начало 1,643339 0,000664
путёвка 3,912023 0,001580
дух 3,218876 0,001300
тундра 5,010635 0,004047
сетка 4,317488 0,001744
пушица 5,010635 0,002024
отдых 3,218876 0,001300
вакансия 0,013423 0,000005
раздольный 5,010635 0,002024
мы 0,013423 0,000054
пиксель 5,010635 0,002024
прекрасный 3,218876 0,001300
участие 0,006689 0,000003
водный 4,317488 0,001744
использовать 0,013423 0,000011
снегопад 2,177422 0,000879
опечатка 0,013423 0,000005
образоваться 3,218876 0,001300
самостоятельно 2,708050 0,001094
каждый 1,399717 0,001696
хребет 4,317488 0,001744
але 5,010635 0,002024
суровый 4,317488 0,003487
отправиться 3,912023 0,001580
онлайн 0,013423 0,000005
маленький 2,371578 0,002873
осуществляться 0,013423 0,000005
апрель 0,013423 0,000022
идеальный 2,445686 0,000988
югыд 5,010635 0,002024
появление 2,525729 0,001020
подводный 4,317488 0,001744
талисман 5,010635 0,002024
стаивать 5,010635 0,002024
начинать 2,445686 0,000988
достопримечательность 3,912023 0,001580
владимир 1,373049 0,001109
красноярск 3,218876 0,002600
федеральный 0,013423 0,000022
уточнять 2,445686 0,001976
называться 3,912023 0,001580
якутия 3,624341 0,004391
открыться 2,708050 0,001094
кора 5,010635 0,002024
дупло 5,010635 0,002024
карусель 5,010635 0,002024
телеведущий 4,317488 0,001744
невозможно 2,525729 0,001020
купрацевич 5,010635 0,008095
сон 3,624341 0,001464
попробовать 0,013423 0,000005
заполнение 0,013423 0,000038
шторм 3,912023 0,003160
внимание 0,013423 0,000005
принимать 0,013423 0,000011
гореть 3,912023 0,001580
возможность 1,752539 0,000708
кормиться 5,010635 0,004047
снимок 5,010635 0,012142
взгляд 2,931194 0,001184
сюжет 5,010635 0,004047
занимать 2,525729 0,001020
выпуск 0,013423 0,000005
безопасный 3,064725 0,001238
уникальный 2,014903 0,001628
огромный 2,302585 0,000930
пробиться 5,010635 0,002024
деревенский 5,010635 0,002024
надзор 0,013423 0,000005
сообщать 3,218876 0,001300
очень 1,678431 0,005423
проникать 5,010635 0,002024
миллион 2,445686 0,000988
взмах 5,010635 0,002024
предприятие 0,013423 0,000016
бабаюртовский 5,010635 0,002024
наука 0,283247 0,000114
какой 1,399717 0,000565
обратный 0,013423 0,000038
уходить 3,401197 0,001374
занятие 3,401197 0,001374
произойти 0,013423 0,000011
утренний 4,317488 0,005231
цепляться 5,010635 0,002024
красиво 4,317488 0,001744
захватывать 4,317488 0,001744
книга 3,218876 0,001300
источник 1,966113 0,000794
