истечь 0,013423 0,000019
лента 0,006689 0,000019
законный 0,013423 0,000019
новый 0,006689 0,000029
отомстить 5,010635 0,007262
слабоумие 5,010635 0,007262
детство 2,931194 0,004248
найти 0,013423 0,000019
письмо 0,013423 0,000039
сфера 0,013423 0,000019
электронный 0,013423 0,000019
спасибо 0,013423 0,000019
спорт 0,190354 0,000276
выйти 2,371578 0,003437
расширить 0,006689 0,000010
обзор 2,371578 0,003437
месяц 1,003302 0,001454
свидетельство 0,013423 0,000019
согласие 0,013423 0,000039
центр 0,166448 0,000241
комментирование 0,013423 0,000039
доступ 0,013423 0,000039
блокироваться 0,013423 0,000019
миа 0,013423 0,000039
казнокрад 5,010635 0,007262
задать 0,013423 0,000019
встретить 2,813411 0,004077
помощь 1,321756 0,001916
проиграть 3,401197 0,004929
связаться 0,013423 0,000117
декабрь 0,985284 0,004284
жертва 2,813411 0,004077
правило 0,013423 0,000097
сохранить 0,013423 0,000019
г 0,013423 0,000039
реклама 0,013423 0,000039
фото 0,013423 0,000019
отправляться 3,912023 0,005670
новокузнецкий 4,317488 0,006257
политика 0,013423 0,000097
й 2,014903 0,002920
связь 0,006689 0,000078
применение 0,013423 0,000019
взаимодействие 0,013423 0,000039
макрон 3,624341 0,010505
о 0,013423 0,000019
коалиция 4,317488 0,006257
дать 0,013423 0,000039
пресс 0,013423 0,000039
согласный 0,013423 0,000058
персональный 0,013423 0,000156
перетянуть 0,013423 0,000019
течение 0,013423 0,000019
смочь 0,006689 0,000010
использоваться 0,006689 0,000010
женщина 1,832581 0,002656
готовый 0,006689 0,000019
дата 0,006689 0,000029
мир 0,223144 0,000647
искать 3,624341 0,005253
весь 1,021651 0,001481
пройти 0,006689 0,000010
заголовок 0,013423 0,000039
одноклассник 0,013423 0,000039
недопустимый 0,013423 0,000019
информационный 0,013423 0,000078
вы 0,013423 0,000019
фио 0,013423 0,000019
восстановить 0,013423 0,000019
пожалуйста 0,013423 0,000019
дело 1,249435 0,001811
рассмотреть 0,013423 0,000019
расположить 0,013423 0,000039
версия 0,013423 0,000019
время 0,013423 0,000039
ниже 0,013423 0,000058
крушение 5,010635 0,007262
кнопка 0,013423 0,000019
россия 0,006689 0,000155
оон 2,708050 0,003925
ротшильд 5,010635 0,007262
выходить 3,064725 0,004442
тег 0,190354 0,000276
праздновать 2,612740 0,003787
отменить 2,813411 0,004077
свой 0,867501 0,002514
зарегистрировать 0,013423 0,000019
ранее 0,013423 0,000019
главный 0,013423 0,000039
европеец 3,912023 0,005670
подкаст 0,292136 0,000423
проблема 0,013423 0,000019
данные 0,013423 0,000156
январь 1,040343 0,016585
украина 1,160488 0,003364
город 0,013423 0,000019
разблокировать 0,013423 0,000058
публикация 2,177422 0,003156
фотография 0,013423 0,000019
сайт 0,013423 0,000058
поле 0,013423 0,000156
час 0,013423 0,000039
чат 0,013423 0,000039
тройка 3,401197 0,004929
вера 3,401197 0,004929
полезный 0,143101 0,000207
новостеймолния 0,013423 0,000019
написать 0,013423 0,000019
галочка 0,013423 0,000019
заблокировать 0,013423 0,000039
перетащить 0,013423 0,000058
элита 3,624341 0,005253
соглашаться 0,013423 0,000019
туризм 0,283247 0,000411
сначала 0,013423 0,000019
поддерживаетсяполучить 0,013423 0,000019
начаться 2,813411 0,004077
адрес 0,013423 0,000097
другой 0,013423 0,000058
иноагент 5,010635 0,007262
украинизация 5,010635 0,007262
соответствие 0,013423 0,000039
унитарный 0,013423 0,000058
популярность 2,612740 0,003787
европа 1,455287 0,008436
показать 0,013423 0,000039
давать 0,013423 0,000039
отправка 0,013423 0,000019
загрузить 0,013423 0,000039
направление 0,013423 0,000019
собственный 2,445686 0,003544
телефон 0,013423 0,000019
пароль 0,013423 0,000214
истинный 4,317488 0,006257
редакция 0,013423 0,000058
удалить 0,013423 0,000078
период 1,118815 0,001621
вход 0,013423 0,000039
должный 0,013423 0,000019
описать 0,013423 0,000019
размещение 0,013423 0,000019
сколько 0,006689 0,000010
автор 0,013423 0,000039
лошадь 3,064725 0,004442
старый 0,013423 0,000019
сообщение 0,013423 0,000272
происшествие 0,292136 0,000423
подавать 2,302585 0,003337
подтвердить 0,013423 0,000019
оттенок 2,612740 0,003787
русофобия 5,010635 0,007262
винатья 5,010635 0,007262
унижение 4,317488 0,006257
пример 2,813411 0,004077
подтверждать 0,013423 0,000019
гаврилов 0,013423 0,000019
учредитель 0,013423 0,000019
война 2,238047 0,003244
рождество 3,401197 0,009859
авторизация 0,013423 0,000019
религия 0,283247 0,000411
рейтинг 0,006689 0,000010
форма 0,013423 0,000233
последний 0,899761 0,002608
брать 2,445686 0,003544
ссылка 0,013423 0,000078
коммуникация 0,013423 0,000019
мой 0,013423 0,000097
культура 0,292136 0,000423
архив 0,190354 0,000276
помочь 0,013423 0,000019
нато 2,612740 0,003787
статья 0,013423 0,000019
евросоюз 2,238047 0,006487
сша 1,118815 0,001621
описание 0,013423 0,000019
процесс 0,013423 0,000019
гражданский 2,371578 0,003437
недвижимость 0,292136 0,000423
роскомнадзор 0,013423 0,000019
технология 0,013423 0,000039
управдом 5,010635 0,007262
редактор 0,013423 0,000019
скрытый 4,317488 0,006257
остаться 1,919593 0,002782
контакт 0,013423 0,000019
москва 0,006689 0,000019
надежда 2,302585 0,003337
воспользоваться 0,013423 0,000078
тема 0,013423 0,000058
сервис 0,174353 0,000253
государственный 0,013423 0,000058
дискуссия 0,013423 0,000039
смерть 2,612740 0,003787
боком 4,317488 0,006257
связанный 0,013423 0,000039
служба 0,006689 0,000010
риа 0,006689 0,000019
заметить 0,013423 0,000019
лицо 1,714798 0,002485
закрытый 0,013423 0,000019
обращать 0,013423 0,000019
рекомендательный 0,013423 0,000019
далее 0,013423 0,000039
год 0,006689 0,000019
хотеть 0,006689 0,000010
открывать 0,013423 0,000039
перейти 0,013423 0,000019
международный 0,013423 0,000058
интерес 2,525729 0,003660
трамп 1,544899 0,002239
желать 2,612740 0,003787
обращение 0,013423 0,000058
агентство 0,013423 0,000078
спецпроект 0,190354 0,000276
массовый 0,013423 0,000019
обработка 0,013423 0,000097
это 0,013423 0,000019
авторизоваться 0,013423 0,000039
американец 2,525729 0,003660
уничтожать 3,218876 0,004665
выбрать 0,013423 0,000058
роддом 5,010635 0,007262
елена 2,931194 0,008496
сегодня 0,013423 0,000097
тайна 2,445686 0,003544
новость 0,006689 0,000029
просить 0,013423 0,000019
такой 1,098612 0,001592
америка 2,708050 0,003925
новыесначала 0,013423 0,000019
уничтожить 2,708050 0,003925
зарегистрироваться 0,013423 0,000097
пожаловаться 0,006689 0,000010
заставить 3,064725 0,004442
войти 0,006689 0,000039
улица 2,612740 0,003787
место 1,272966 0,001845
шапка 0,013423 0,000019
отправить 0,013423 0,000272
продолжить 0,006689 0,000010
решение 0,006689 0,000010
рука 1,791759 0,002597
ознакомить 0,013423 0,000019
любовь 3,912023 0,011339
вакансия 0,013423 0,000019
эл 0,013423 0,000019
мы 0,013423 0,000156
проставлять 0,013423 0,000019
радио 0,274437 0,000398
участие 0,006689 0,000010
аккаунт 0,013423 0,000097
экономика 0,292136 0,000423
защита 0,013423 0,000078
регистрация 0,013423 0,000097
обсуждение 0,013423 0,000039
опечатка 0,013423 0,000019
использовать 0,013423 0,000019
трагедия 4,317488 0,006257
почему 0,013423 0,000019
кровь 3,218876 0,004665
восстановление 0,013423 0,000078
онлайн 0,013423 0,000019
предатель 5,010635 0,007262
караев 3,218876 0,009330
почта 0,013423 0,000136
блокировка 0,013423 0,000078
воевать 2,813411 0,004077
осуществляться 0,013423 0,000019
киев 1,832581 0,002656
готовиться 2,931194 0,008496
апрель 0,013423 0,000019
вконтакте 0,013423 0,000039
фамилия 0,013423 0,000019
логин 0,013423 0,000019
конфиденциальность 0,013423 0,000078
нарушение 0,013423 0,000058
навсегда 0,013423 0,000019
гренландия 3,912023 0,005670
яндекс 0,013423 0,000039
уровень 2,014903 0,002920
принести 2,371578 0,006874
действие 0,013423 0,000019
либо 0,013423 0,000019
шашни 5,010635 0,007262
федеральный 0,013423 0,000078
релиз 0,013423 0,000019
нажимать 0,013423 0,000019
назад 0,013423 0,000097
список 0,013423 0,000019
поиск 0,013423 0,000019
обязательный 0,013423 0,000136
февраль 0,567984 0,004116
ошибка 0,013423 0,000058
слабый 2,708050 0,003925
вопрос 0,006689 0,000039
зубовский 0,013423 0,000039
попробовать 0,013423 0,000019
заполнение 0,013423 0,000136
заполнить 0,013423 0,000136
вспомнить 4,317488 0,006257
внимание 0,013423 0,000019
принимать 0,013423 0,000019
ваш 0,013423 0,000311
общество 0,257045 0,000373
имя 0,013423 0,000097
ответ 1,791759 0,002597
французский 2,445686 0,003544
выпуск 0,013423 0,000019
срок 0,013423 0,000039
основание 0,013423 0,000019
род 3,624341 0,005253
издание 0,013423 0,000019
эпштейн 2,525729 0,003660
бульвар 0,013423 0,000039
сетевой 0,013423 0,000019
пятьдесят 4,317488 0,006257
считаться 2,525729 0,003660
событие 1,544899 0,002239
надзор 0,013423 0,000019
зима 1,919593 0,002782
использование 0,013423 0,000019
вновь 0,013423 0,000019
неделя 1,181994 0,001713
сменить 0,013423 0,000019
шпион 5,010635 0,007262
предприятие 0,013423 0,000058
способ 0,013423 0,000039
материал 0,013423 0,000195
наука 0,283247 0,000411
участвовать 0,013423 0,000039
отвага 5,010635 0,007262
сообщить 0,013423 0,000019
обратный 0,013423 0,000136
продукт 0,135438 0,000196
произойти 0,013423 0,000019
быть 0,013423 0,000019
успешно 0,013423 0,000019
устать 3,912023 0,005670
скриншот 0,013423 0,000058
