истечь 0,013423 0,000020
расстроить 5,010635 0,007304
лента 0,006689 0,000020
законный 0,013423 0,000020
новый 0,006689 0,000029
экспорт 3,401197 0,004958
угол 4,317488 0,006294
найти 0,013423 0,000020
письмо 0,013423 0,000039
вызов 3,218876 0,004692
сфера 0,013423 0,000020
электронный 0,013423 0,000020
спасибо 0,013423 0,000020
санкция 2,931194 0,004273
спорт 0,190354 0,000277
расширить 0,006689 0,000010
обзор 2,371578 0,003457
месяц 1,003302 0,001463
свидетельство 0,013423 0,000020
согласие 0,013423 0,000039
центр 0,166448 0,000243
комментирование 0,013423 0,000039
удар 2,120264 0,003091
доступ 0,013423 0,000039
блокироваться 0,013423 0,000020
миа 0,013423 0,000039
задать 0,013423 0,000020
связаться 0,013423 0,000117
декабрь 0,985284 0,004309
правило 0,013423 0,000098
сохранить 0,013423 0,000020
украинец 2,302585 0,003357
г 0,013423 0,000039
реклама 0,013423 0,000039
фото 0,013423 0,000020
политика 0,013423 0,000098
связь 0,006689 0,000078
применение 0,013423 0,000020
взаимодействие 0,013423 0,000039
о 0,013423 0,000020
самофалов 3,218876 0,009384
мясорубка 5,010635 0,007304
дать 0,013423 0,000039
болезненный 4,317488 0,006294
пресс 0,013423 0,000039
согласный 0,013423 0,000059
персональный 0,013423 0,000157
перетянуть 0,013423 0,000020
течение 0,013423 0,000020
китай 1,714798 0,007499
смочь 0,006689 0,000010
использоваться 0,006689 0,000010
биткоина 5,010635 0,007304
загнать 3,401197 0,004958
готовый 0,006689 0,000020
признать 1,966113 0,002866
дата 0,006689 0,000029
мир 0,223144 0,000325
запад 1,966113 0,011464
распробовать 5,010635 0,007304
весь 1,021651 0,001489
пройти 0,006689 0,000010
заголовок 0,013423 0,000039
одноклассник 0,013423 0,000039
недопустимый 0,013423 0,000020
информационный 0,013423 0,000078
вы 0,013423 0,000020
фио 0,013423 0,000020
шаг 1,791759 0,002612
восстановить 0,013423 0,000020
пожалуйста 0,013423 0,000020
российский 0,883501 0,003864
рассмотреть 0,013423 0,000020
расположить 0,013423 0,000039
крепость 3,912023 0,005703
морской 3,218876 0,004692
версия 0,013423 0,000020
время 0,013423 0,000039
ниже 0,013423 0,000059
кнопка 0,013423 0,000020
россия 0,006689 0,000156
верх 4,317488 0,006294
тег 0,190354 0,000277
зарегистрировать 0,013423 0,000020
ранее 0,013423 0,000020
подкаст 0,292136 0,000426
главный 0,013423 0,000020
проблема 0,013423 0,000020
данные 0,013423 0,000157
январь 1,040343 0,006066
нефтяной 3,912023 0,005703
город 0,013423 0,000020
разблокировать 0,013423 0,000059
публикация 2,177422 0,003174
фотография 0,013423 0,000020
сайт 0,013423 0,000059
поле 0,013423 0,000157
час 0,013423 0,000039
американский 1,966113 0,002866
чат 0,013423 0,000039
полезный 0,143101 0,000209
новостеймолния 0,013423 0,000020
написать 0,013423 0,000020
галочка 0,013423 0,000020
сложный 1,966113 0,002866
заблокировать 0,013423 0,000039
перетащить 0,013423 0,000059
снова 2,612740 0,003809
соглашаться 0,013423 0,000020
северный 2,177422 0,003174
туризм 0,283247 0,000413
сначала 0,013423 0,000020
поддерживаетсяполучить 0,013423 0,000020
адрес 0,013423 0,000098
другой 0,013423 0,000059
соответствие 0,013423 0,000039
унитарный 0,013423 0,000059
популярность 2,612740 0,003809
европа 1,455287 0,004243
показать 0,013423 0,000039
оставаться 2,238047 0,003262
давать 0,013423 0,000039
отправка 0,013423 0,000020
загрузить 0,013423 0,000039
направление 0,013423 0,000020
телефон 0,013423 0,000020
пароль 0,013423 0,000215
задача 2,177422 0,003174
редакция 0,013423 0,000059
удалить 0,013423 0,000078
период 1,118815 0,001631
дружеский 4,317488 0,006294
вход 0,013423 0,000039
должный 0,013423 0,000020
провернуть 5,010635 0,007304
описать 0,013423 0,000020
размещение 0,013423 0,000020
сколько 0,006689 0,000010
автор 0,013423 0,000039
старый 0,013423 0,000020
сообщение 0,013423 0,000274
цифровой 2,445686 0,003565
происшествие 0,292136 0,000426
подтвердить 0,013423 0,000020
путь 2,120264 0,006182
подтверждать 0,013423 0,000020
гаврилов 0,013423 0,000020
учредитель 0,013423 0,000020
авторизация 0,013423 0,000020
религия 0,283247 0,000413
рейтинг 0,006689 0,000010
форма 0,013423 0,000235
последний 0,899761 0,001312
ссылка 0,013423 0,000078
коммуникация 0,013423 0,000020
мой 0,013423 0,000098
культура 0,292136 0,000426
архив 0,190354 0,000277
помочь 0,013423 0,000020
статья 0,013423 0,000020
венгрия 3,912023 0,005703
взлететь 5,010635 0,007304
сша 1,118815 0,004893
описание 0,013423 0,000020
грозить 2,612740 0,003809
процесс 0,013423 0,000020
недвижимость 0,292136 0,000426
газовый 3,624341 0,005283
роскомнадзор 0,013423 0,000020
технология 0,013423 0,000039
ольга 2,612740 0,007617
редактор 0,013423 0,000020
компромат 4,317488 0,006294
контакт 0,013423 0,000020
москва 0,006689 0,000029
зимой 2,813411 0,004101
воспользоваться 0,013423 0,000078
тема 0,013423 0,000059
сервис 0,174353 0,000254
государственный 0,013423 0,000059
завести 3,064725 0,004468
дискуссия 0,013423 0,000039
амбиция 4,317488 0,006294
сделать 1,226446 0,003576
надолго 5,010635 0,007304
связанный 0,013423 0,000039
пауза 4,317488 0,006294
служба 0,006689 0,000010
риа 0,006689 0,000020
ноябрь 1,514128 0,004414
заметить 0,013423 0,000020
арктика 3,401197 0,004958
закрытый 0,013423 0,000020
обращать 0,013423 0,000020
рекомендательный 0,013423 0,000020
далее 0,013423 0,000039
поставить 2,014903 0,002937
год 0,006689 0,000020
хотеть 0,006689 0,000010
открывать 0,013423 0,000039
предстоять 3,401197 0,004958
перейти 0,013423 0,000020
распродажа 3,912023 0,005703
международный 0,013423 0,000059
октябрь 1,714798 0,007499
нефть 3,218876 0,014077
золото 3,401197 0,009916
стать 0,851752 0,001242
трамп 1,544899 0,006756
решить 1,919593 0,002798
блокада 3,624341 0,005283
обращение 0,013423 0,000059
агентство 0,013423 0,000078
это 0,013423 0,000039
спецпроект 0,190354 0,000277
массовый 0,013423 0,000020
обработка 0,013423 0,000098
украинский 1,576648 0,002298
авторизоваться 0,013423 0,000039
рост 2,708050 0,003948
выбрать 0,013423 0,000059
бензоколонка 5,010635 0,007304
сегодня 0,013423 0,000098
страна 1,139434 0,001661
новость 0,006689 0,000029
пропустить 2,931194 0,004273
газ 2,612740 0,003809
просить 0,013423 0,000020
сделка 3,064725 0,004468
сентябрь 1,427116 0,006241
никчёмность 5,010635 0,007304
дешеветь 5,010635 0,007304
новыесначала 0,013423 0,000020
зарегистрироваться 0,013423 0,000098
пожаловаться 0,006689 0,000010
войти 0,006689 0,000039
шапка 0,013423 0,000020
отправить 0,013423 0,000274
продолжить 0,006689 0,000010
решение 0,006689 0,000010
ознакомить 0,013423 0,000020
хитрый 4,317488 0,006294
вакансия 0,013423 0,000020
эл 0,013423 0,000020
мы 0,013423 0,000137
проставлять 0,013423 0,000020
радио 0,274437 0,000400
участие 0,006689 0,000010
аккаунт 0,013423 0,000098
экономика 0,292136 0,000426
защита 0,013423 0,000078
энергетический 2,371578 0,003457
регистрация 0,013423 0,000098
обсуждение 0,013423 0,000039
опечатка 0,013423 0,000020
использовать 0,013423 0,000020
почему 0,013423 0,000020
рубль 2,302585 0,003357
восстановление 0,013423 0,000078
онлайн 0,013423 0,000020
почта 0,013423 0,000137
блокировка 0,013423 0,000078
осуществляться 0,013423 0,000020
апрель 0,013423 0,000020
вконтакте 0,013423 0,000039
ждать 1,919593 0,002798
противостоять 5,010635 0,007304
фамилия 0,013423 0,000020
логин 0,013423 0,000020
конфиденциальность 0,013423 0,000078
нарушение 0,013423 0,000059
навсегда 0,013423 0,000020
яндекс 0,013423 0,000039
действие 0,013423 0,000020
либо 0,013423 0,000020
федеральный 0,013423 0,000078
релиз 0,013423 0,000020
нажимать 0,013423 0,000020
назад 0,013423 0,000098
рискованный 5,010635 0,007304
список 0,013423 0,000020
поиск 0,013423 0,000020
обязательный 0,013423 0,000137
февраль 0,567984 0,003312
ошибка 0,013423 0,000059
вопрос 0,006689 0,000039
закладывать 4,317488 0,006294
зубовский 0,013423 0,000039
игра 1,609438 0,002346
попробовать 0,013423 0,000020
заполнение 0,013423 0,000137
заполнить 0,013423 0,000137
внимание 0,013423 0,000020
принимать 0,013423 0,000020
против 1,966113 0,005732
помогать 2,445686 0,003565
ваш 0,013423 0,000313
общество 0,257045 0,000375
имя 0,013423 0,000098
выпуск 0,013423 0,000020
срок 0,013423 0,000039
основание 0,013423 0,000020
уникальный 2,014903 0,002937
издание 0,013423 0,000020
бульвар 0,013423 0,000039
сетевой 0,013423 0,000020
приготовиться 4,317488 0,006294
превосходство 4,317488 0,006294
событие 1,544899 0,002252
скоро 4,317488 0,006294
надзор 0,013423 0,000020
использование 0,013423 0,000020
вновь 0,013423 0,000020
неделя 1,181994 0,001723
самый 0,967584 0,001410
очень 1,678431 0,002447
сменить 0,013423 0,000020
предприятие 0,013423 0,000059
способ 0,013423 0,000039
материал 0,013423 0,000196
раскопать 4,317488 0,006294
наука 0,283247 0,000413
участвовать 0,013423 0,000039
технологический 2,813411 0,004101
сообщить 0,013423 0,000020
дискредитировать 5,010635 0,007304
обратный 0,013423 0,000137
продукт 0,135438 0,000197
произойти 0,013423 0,000020
погубить 2,931194 0,004273
быть 0,013423 0,000020
успешно 0,013423 0,000020
закончиться 3,401197 0,004958
скриншот 0,013423 0,000059
