褉褎 1,181994 0,002141
斜邪薪泻 1,966113 0,005343
屑邪褋谢械薪懈褑邪 2,120264 0,005762
写芯褋褌邪胁泻邪 3,624341 0,006566
蟹邪泻芯薪薪褘泄 0,013423 0,000012
薪芯胁褘泄 0,006689 0,000079
褉褘斜薪褘泄 3,218876 0,002916
薪邪泄褌懈 0,013423 0,000024
锌懈褋褜屑芯 0,013423 0,000024
褋锌邪褋懈斜芯 0,013423 0,000012
褉邪褋褕懈褉懈褌褜 0,006689 0,000006
褋芯谐谢邪褋懈械 0,013423 0,000024
谐芯褋褌懈薪懈褑邪 4,317488 0,003911
褑械薪褌褉 0,166448 0,000151
胁邪卸薪褘泄 1,297063 0,005874
写芯褋褌褍锌 0,013423 0,000024
屑懈邪 0,013423 0,000024
蟹邪写邪褌褜 0,013423 0,000012
褋胁褟蟹邪褌褜褋褟 0,013423 0,000073
写械泻邪斜褉褜 0,985284 0,006247
褌芯谢褋褌械褌褜 5,010635 0,004539
褔械谢芯胁械泻 1,118815 0,001013
写褍斜邪泄 2,813411 0,005097
谐 0,013423 0,000024
褉械泻谢邪屑邪 0,013423 0,000024
胁邪褉懈褌褜 2,371578 0,004296
褎芯褌芯 0,013423 0,000036
锌芯谢懈褌懈泻邪 0,013423 0,000061
屑邪泻邪褉芯薪褘 3,912023 0,003543
褋胁褟蟹褜 0,006689 0,000048
芯 0,013423 0,000012
芯锌褉械写械谢懈褌褜 3,218876 0,002916
褌械褔械薪懈械 0,013423 0,000012
泻懈褌邪泄 1,714798 0,001553
芯斜谢邪褋褌褜 1,427116 0,001293
锌芯胁邪褉 2,238047 0,002027
屑懈褉 0,223144 0,000202
胁械褋褜 1,021651 0,000925
锌褉芯泄褌懈 0,006689 0,000006
蟹邪谐芯谢芯胁芯泻 0,013423 0,000024
懈薪褎芯褉屑邪褑懈芯薪薪褘泄 0,013423 0,000049
褉褍褋褋泻懈泄 1,118815 0,002027
褉邪褋褋屑芯褌褉械褌褜 0,013423 0,000012
屑懈屑芯蟹邪 3,064725 0,005552
褉邪褋锌芯谢芯卸懈褌褜 0,013423 0,000024
泻谢邪褋褋懈褔械褋泻懈泄 1,752539 0,003175
胁褉械屑褟 0,013423 0,000024
泻薪芯锌泻邪 0,013423 0,000012
锌芯褋屑芯褌褉械褌褜 2,177422 0,003945
褋芯褑懈邪谢褜薪褘泄 1,678431 0,001520
谐芯褌芯胁懈褌褜 1,966113 0,003562
褉邪薪械械 0,013423 0,000012
屑懈褋褌懈泻邪 2,813411 0,002548
谐谢邪胁薪褘泄 0,013423 0,000024
锌芯写泻邪褋褌 0,292136 0,000265
锌褉芯斜谢械屑邪 0,013423 0,000012
写邪薪薪褘械 0,013423 0,000097
薪邪胁懈谐邪褌芯褉 2,931194 0,002655
谐芯褉芯写 0,013423 0,000036
褉邪蟹斜谢芯泻懈褉芯胁邪褌褜 0,013423 0,000036
褎芯褌芯谐褉邪褎懈褟 0,013423 0,000012
写屑懈褌褉懈泄 1,576648 0,002856
褔邪褋 0,013423 0,000024
褔邪褌 0,013423 0,000024
谢械谐泻芯 1,791759 0,001623
薪芯胁芯褋褌械泄屑芯谢薪懈褟 0,013423 0,000012
薪邪锌懈褋邪褌褜 0,013423 0,000012
褝谢懈褌邪 3,624341 0,003283
薪邪褍褔薪褘泄 2,302585 0,004171
褋芯谐谢邪褕邪褌褜褋褟 0,013423 0,000012
褉芯褋褋懈褟薪懈薪 1,576648 0,001428
褋薪邪褔邪谢邪 0,013423 0,000012
胁褉械写 2,445686 0,004431
卸邪薪械泄褉芯 5,010635 0,004539
锌芯泻邪蟹邪褌褜 0,013423 0,000012
胁褘褋褌邪胁泻邪 2,302585 0,002086
锌邪褉芯谢褜 0,013423 0,000134
褌懈薪褜泻芯褎褎 5,010635 0,004539
褉械写泻懈泄 3,064725 0,002776
褍写邪谢懈褌褜 0,013423 0,000049
泻芯褎械泄薪褘泄 4,317488 0,003911
胁褏芯写 0,013423 0,000024
芯锌懈褋邪褌褜 0,013423 0,000012
褉邪蟹屑械褖械薪懈械 0,013423 0,000012
褋泻芯谢褜泻芯 0,006689 0,000006
褋褍屑屑邪 2,302585 0,002086
写褉械胁薪懈泄 2,525729 0,002288
芯写懈薪 1,098612 0,000995
褋芯胁械褌 1,226446 0,002222
懈薪褌械褉械褋薪褘泄 2,177422 0,001972
斜褍褌械褉斜褉芯写 2,525729 0,006863
斜谢邪谐芯锌芯谢褍褔懈械 3,624341 0,003283
锌芯写褌胁械褉卸写邪褌褜 0,013423 0,000012
谐邪胁褉懈谢芯胁 0,013423 0,000012
褍褔褉械写懈褌械谢褜 0,013423 0,000012
锌芯褋谢械写薪懈泄 0,899761 0,000815
褌芯褉谐芯胁谢褟 3,401197 0,003081
褋褋褘谢泻邪 0,013423 0,000049
谐邪谢懈薪邪 5,010635 0,004539
泻芯屑屑褍薪懈泻邪褑懈褟 0,013423 0,000012
锌械泻懈薪 3,401197 0,003081
屑懈薪褍褌邪 1,226446 0,002222
褕械褎 2,238047 0,004054
写芯褉芯谐芯泄 3,064725 0,002776
屑芯泄 0,013423 0,000061
邪褉褏懈胁 0,190354 0,000172
锌芯屑芯褔褜 0,013423 0,000012
谐邪褋褌褉芯薪芯屑 4,317488 0,007822
斜褉械薪写 3,064725 0,005552
褔邪褋褌褘泄 2,445686 0,002215
褋邪谢邪褌 2,120264 0,011523
写芯斜褉邪褌褜褋褟 3,912023 0,003543
写褍斜懈褑泻邪褟薪褍褌褉懈褑懈芯谢芯谐褌邪褌褜褟薪 5,010635 0,004539
芯锌懈褋邪薪懈械 0,013423 0,000012
锌褉芯褑械褋褋 0,013423 0,000012
懈褞谢褜 1,609438 0,001458
褉芯褋泻芯屑薪邪写蟹芯褉 0,013423 0,000012
褌械褏薪芯谢芯谐懈褟 0,013423 0,000024
薪褍褌褉懈褑懈芯谢芯谐 3,624341 0,006566
写褍褏芯胁泻邪 2,708050 0,002453
褋械泻褉械褌 2,445686 0,006646
屑芯褋泻胁邪 0,006689 0,000036
胁芯褋锌芯谢褜蟹芯胁邪褌褜褋褟 0,013423 0,000049
屑械薪褞 3,218876 0,002916
胁褉邪褔 2,014903 0,005475
械褉械胁邪薪 3,912023 0,003543
薪芯褟斜褉褜 1,514128 0,005486
蟹邪泻褍褋泻邪 2,302585 0,002086
蟹邪泻邪蟹褘胁邪褌褜 5,010635 0,004539
写邪谢械械 0,013423 0,000024
褍写懈胁懈褌褜 3,218876 0,002916
芯锌邪褋薪芯褋褌褜 2,931194 0,002655
锌褉邪蟹写薪懈褔薪褘泄 2,238047 0,002027
褉械褑械锌褌褘褉械褑械锌褌 1,875141 0,001698
薪芯胁芯谐芯写薪懈泄 2,120264 0,003841
泻懈薪芯邪 3,624341 0,003283
褏芯褌械褌褜 0,006689 0,000006
芯褌泻褉褘胁邪褌褜 0,013423 0,000024
锌械褉械泄褌懈 0,013423 0,000012
薪褍卸薪芯 1,455287 0,001318
褋褌邪褌褜 0,851752 0,000772
胁褔械褉邪 1,576648 0,002856
芯斜褉邪褖械薪懈械 0,013423 0,000036
屑械谢褜薪懈泻芯胁 3,912023 0,007087
褝褌芯 0,013423 0,000036
薪邪褔懈薪泻邪 3,912023 0,003543
褋锌械褑锌褉芯械泻褌 0,190354 0,000172
屑邪褋褋芯胁褘泄 0,013423 0,000012
芯斜褉邪斜芯褌泻邪 0,013423 0,000061
谢械谐械薪写邪褉薪褘泄 5,010635 0,004539
械写邪 2,177422 0,051280
蟹邪锌芯胁械写薪懈泻 3,218876 0,002916
写械褎懈褑懈褌 3,064725 0,002776
薪芯胁芯褋褌褜 0,006689 0,000042
褋褌芯懈褌褜 1,678431 0,001520
蟹邪褉械谐懈褋褌褉懈褉芯胁邪褌褜褋褟 0,013423 0,000061
锌芯卸邪谢芯胁邪褌褜褋褟 0,006689 0,000006
胁芯泄褌懈 0,006689 0,000024
蟹邪褏邪褉芯胁 2,813411 0,005097
褝谢 0,013423 0,000012
褉邪写懈芯 0,274437 0,000249
蟹邪褖懈褌邪 0,013423 0,000061
胁芯褋褌芯泻 2,612740 0,004733
褉械谐懈褋褌褉邪褑懈褟 0,013423 0,000061
锌芯褔械屑褍 0,013423 0,000012
写懈褉械泻褌芯褉 2,612740 0,004733
胁芯褋褋褌邪薪芯胁谢械薪懈械 0,013423 0,000049
褏芯褉芯褕懈泄 1,059392 0,001919
泻懈褋谢芯胁芯写褋泻 5,010635 0,004539
屑褍蟹械泄 2,612740 0,007100
褌邪泄薪褘泄 3,064725 0,002776
蟹屑械褟 2,708050 0,002453
胁泻褍褋薪褘泄 1,752539 0,001587
胁泻芯薪褌邪泻褌械 0,013423 0,000024
谢芯谐懈薪 0,013423 0,000012
泻芯薪褎懈写械薪褑懈邪谢褜薪芯褋褌褜 0,013423 0,000049
薪邪褉褍褕械薪懈械 0,013423 0,000036
薪邪胁褋械谐写邪 0,013423 0,000012
屑懈薪褍褌褉械褑械锌褌 2,708050 0,002453
写械泄褋褌胁懈械 0,013423 0,000012
褉械谢懈蟹 0,013423 0,000012
薪邪蟹邪写 0,013423 0,000061
谐芯胁褟写懈薪邪 3,218876 0,002916
褌懈褎褎邪薪褟 3,064725 0,002776
锌械褉胁褘泄 0,883501 0,000800
褉邪蟹褉械褕懈褌褜 2,931194 0,002655
褋锌懈褋芯泻 0,013423 0,000012
锌芯褋褌 2,302585 0,002086
胁械褖械褋褌胁芯 3,624341 0,003283
褌械褏薪懈泻邪 2,708050 0,004906
褋褋褋褉 3,218876 0,002916
芯斜褟蟹邪褌械谢褜薪褘泄 0,013423 0,000085
褎械胁褉邪谢褜 0,567984 0,003087
芯褕懈斜泻邪 0,013423 0,000036
胁芯锌褉芯褋 0,006689 0,000024
屑褟谐泻懈泄 2,445686 0,002215
蟹褍斜芯胁褋泻懈泄 0,013423 0,000024
蟹邪锌芯谢薪懈褌褜 0,013423 0,000085
褌褉邪写懈褑懈褟 1,919593 0,003478
胁邪褕 0,013423 0,000195
芯斜褖械褋褌胁芯 0,257045 0,003725
懈屑褟 0,013423 0,000061
褌邪泻 2,525729 0,002288
褋褌邪褉褕懈泄 2,612740 0,002367
褉械泻芯屑械薪写邪褑懈褟 2,708050 0,002453
胁锌械褔邪褌谢械薪懈械 3,218876 0,002916
斜谢褞写芯 1,609438 0,002916
褋褉芯泻 0,013423 0,000024
芯褌械谢褜 3,912023 0,003543
芯褋薪芯胁邪薪懈械 0,013423 0,000012
懈蟹写邪薪懈械 0,013423 0,000012
芯谢懈胁褜械 3,218876 0,002916
胁芯褋褋褌邪薪芯胁懈褌褜褋褟 4,317488 0,003911
斜褍谢褜胁邪褉 0,013423 0,000024
褋械褌械胁芯泄 0,013423 0,000012
褉芯褋褋褌邪褌 3,912023 0,007087
斜褘褌芯胁芯泄 3,912023 0,007087
泻褍褏薪懈褉械褑械锌褌 2,612740 0,002367
懈褋锌芯谢褜蟹芯胁邪薪懈械 0,013423 0,000012
薪械写械谢褟 1,181994 0,002141
胁薪芯胁褜 0,013423 0,000012
褋邪屑褘泄 0,967584 0,002629
褋屑械薪懈褌褜 0,013423 0,000012
屑邪褌械褉懈邪谢 0,013423 0,000109
褍褔邪褋褌胁芯胁邪褌褜 0,013423 0,000024
褋芯芯斜褖懈褌褜 0,013423 0,000012
胁褘斜懈褉邪褌褜 2,014903 0,001825
斜褘褌褜 0,013423 0,000012
锌芯褕邪谐芯胁褘泄 1,455287 0,005273
褍褋锌械褕薪芯 0,013423 0,000012
褋泻褉懈薪褕芯褌 0,013423 0,000036
懈褋褌械褔褜 0,013423 0,000012
谢械薪褌邪 0,006689 0,000012
锌褉懈谐芯褌芯胁懈褌褜 1,643339 0,007443
蟹邪胁褌褉邪泻 3,218876 0,005831
邪芯 4,317488 0,003911
褋褎械褉邪 0,013423 0,000024
褝谢械泻褌褉芯薪薪褘泄 0,013423 0,000012
褋锌芯褉褌 0,190354 0,000172
屑械褋褟褑 1,003302 0,000909
褋胁懈写械褌械谢褜褋褌胁芯 0,013423 0,000012
泻芯屑屑械薪褌懈褉芯胁邪薪懈械 0,013423 0,000024
斜谢芯泻懈褉芯胁邪褌褜褋褟 0,013423 0,000012
斜谢懈卸薪懈泄 3,064725 0,005552
锌褉邪胁懈谢芯 0,013423 0,000085
褋芯褏褉邪薪懈褌褜 0,013423 0,000012
屑芯褉泻芯胁泻懈薪褝泻芯薪芯屑懈褋褌 2,931194 0,005310
锌褉懈屑械薪械薪懈械 0,013423 0,000012
胁蟹邪懈屑芯写械泄褋褌胁懈械 0,013423 0,000024
写邪褌褜 0,013423 0,000024
锌褉械褋褋 0,013423 0,000024
褋芯谐谢邪褋薪褘泄 0,013423 0,000036
锌械褉褋芯薪邪谢褜薪褘泄 0,013423 0,000097
泻褍谢懈薪邪褉懈褟 2,371578 0,006445
写褍斜懈褑泻邪褟薪褍褌褉懈褑懈芯谢芯谐 5,010635 0,004539
胁芯蟹屑芯卸薪褘泄 1,576648 0,001428
锌械褉械褌褟薪褍褌褜 0,013423 0,000012
邪薪邪褋褌邪褋懈褟 3,624341 0,013132
褋屑芯褔褜 0,006689 0,000006
懈褋锌芯谢褜蟹芯胁邪褌褜褋褟 0,006689 0,000006
褉褍斜械卸 3,401197 0,003081
谐褉懈褕懈薪 5,010635 0,004539
蟹邪谐芯褌芯胁懈褌褜 3,624341 0,003283
谐芯褌芯胁褘泄 0,006689 0,000012
斜褉械卸薪械胁 5,010635 0,004539
褑械薪薪芯褋褌褜 2,120264 0,001921
写邪褌邪 0,006689 0,000006
褋芯褔薪褘泄 2,525729 0,002288
褋褍谐褉芯斜 2,931194 0,002655
褌褉邪写懈褑懈芯薪薪褘泄 1,919593 0,003478
芯写薪芯泻谢邪褋褋薪懈泻 0,013423 0,000024
薪械写芯锌褍褋褌懈屑褘泄 0,013423 0,000012
屑邪谐邪蟹懈薪 3,064725 0,002776
胁褘 0,013423 0,000012
褎懈芯 0,013423 0,000012
胁芯褋褋褌邪薪芯胁懈褌褜 0,013423 0,000012
锌芯卸邪谢褍泄褋褌邪 0,013423 0,000012
褉芯褋褋懈泄褋泻懈泄 0,883501 0,001601
褋褌芯谢 1,832581 0,001660
泻懈褌邪泄褋泻懈泄 2,238047 0,002027
芯斜芯泄褌懈褋褜 3,064725 0,002776
胁械褉褋懈褟 0,013423 0,000012
薪懈卸械 0,013423 0,000036
褉芯褋褋懈褟 0,006689 0,000115
锌褉芯褋褌芯泄 1,272966 0,006918
褌械谐 0,190354 0,000345
胁懈泻褌芯褉 3,624341 0,003283
蟹邪褉械谐懈褋褌褉懈褉芯胁邪褌褜 0,013423 0,000012
锌芯锌褍谢褟褉薪褘泄 1,752539 0,001587
褟薪胁邪褉褜 1,040343 0,009423
薪邪蟹胁邪褌褜 1,347074 0,003661
褉邪褑懈芯薪 3,912023 0,007087
写械 5,010635 0,004539
褑械薪邪 1,966113 0,003562
邪胁懈邪斜懈谢械褌 5,010635 0,009077
锌芯谢械 0,013423 0,000122
褋邪泄褌 0,013423 0,000036
锌芯褏褍写械薪懈械 3,624341 0,006566
胁械谢懈泻懈泄 2,120264 0,001921
锌芯谢械蟹薪褘泄 0,143101 0,000389
谐邪谢芯褔泻邪 0,013423 0,000012
蟹邪斜谢芯泻懈褉芯胁邪褌褜 0,013423 0,000024
锌械褉械褌邪褖懈褌褜 0,013423 0,000036
褌褍褉懈蟹屑 0,283247 0,004362
褋芯褌褉褍写薪懈泻 1,791759 0,003246
锌芯写写械褉卸懈胁邪械褌褋褟锌芯谢褍褔懈褌褜 0,013423 0,000012
邪写褉械褋 0,013423 0,000061
褉褘斜邪 2,931194 0,002655
写褉褍谐芯泄 0,013423 0,000036
褋芯芯褌胁械褌褋褌胁懈械 0,013423 0,000024
泻褉械胁械褌泻邪 2,813411 0,005097
蟹邪锌褉械褌 3,218876 0,002916
褍薪懈褌邪褉薪褘泄 0,013423 0,000036
写邪胁邪褌褜 0,013423 0,000024
芯褌锌褉邪胁泻邪 0,013423 0,000012
褝屑芯褑懈褟 3,401197 0,003081
蟹邪谐褉褍蟹懈褌褜 0,013423 0,000024
褋邪褎邪褉懈 5,010635 0,009077
薪邪锌褉邪胁谢械薪懈械 0,013423 0,000012
褌械谢械褎芯薪 0,013423 0,000012
锌械褉褋懈写褋泻懈泄 5,010635 0,009077
褉械写邪泻褑懈褟 0,013423 0,000036
褔褢褉薪褘泄 2,238047 0,002027
锌懈褌邪薪懈械 2,302585 0,006257
锌械褉懈芯写 1,118815 0,001013
褟褉芯褋谢邪胁谢褜 5,010635 0,004539
锌褉邪蟹写薪懈泻 1,427116 0,001293
写芯谢卸薪褘泄 0,013423 0,000012
褎邪泻褌 2,302585 0,002086
蟹薪邪褌褜 2,238047 0,002027
屑邪褉褕褉褍褌 3,218876 0,011663
邪胁褌芯褉 0,013423 0,000012
褍褔褢薪褘泄 3,064725 0,002776
褋褌邪褉褘泄 0,013423 0,000012
褋芯芯斜褖械薪懈械 0,013423 0,000170
胁懈写 1,399717 0,001268
锌芯谢褜蟹邪 2,302585 0,008343
锌褉芯懈褋褕械褋褌胁懈械 0,292136 0,000265
锌芯写褌胁械褉写懈褌褜 0,013423 0,000012
芯邪褝 4,317488 0,007822
锌褉邪胁懈褌械谢褜褋褌胁芯 1,875141 0,003397
泻褍谢懈泻芯胁褘泄 4,317488 0,003911
褉褘斜泻邪 4,317488 0,003911
邪胁褌芯褉懈蟹邪褑懈褟 0,013423 0,000012
褉械谢懈谐懈褟 0,283247 0,000257
褉械泄褌懈薪谐 0,006689 0,000006
褎芯褉屑邪 0,013423 0,000146
写芯屑 1,514128 0,002743
泻褍谢褜褌褍褉邪 0,292136 0,002117
褋褌邪褌褜褟 0,013423 0,000012
锌褉懈薪褑懈锌 3,218876 0,002916
屑褟褌邪 3,064725 0,002776
薪械写胁懈卸懈屑芯褋褌褜 0,292136 0,000265
锌芯写褋褔懈褌邪褌褜 5,010635 0,009077
褍褔械斜薪懈泻 5,010635 0,004539
褉械写邪泻褌芯褉 0,013423 0,000012
锌芯褌褉械斜懈褌械谢褜 3,401197 0,003081
屑芯褉械 2,931194 0,005310
泻芯薪褌邪泻褌 0,013423 0,000012
褌械屑邪 0,013423 0,000036
谐芯褋褍写邪褉褋褌胁械薪薪褘泄 0,013423 0,000061
褋械褉胁懈褋 0,174353 0,000158
写懈褋泻褍褋褋懈褟 0,013423 0,000024
褋胁褟蟹邪薪薪褘泄 0,013423 0,000036
褋谢褍卸斜邪 0,006689 0,000024
褉懈邪 0,006689 0,000012
蟹邪屑械褌懈褌褜 0,013423 0,000012
写懈械褌邪 3,912023 0,007087
蟹写芯褉芯胁褜械 1,832581 0,008300
蟹邪泻褉褘褌褘泄 0,013423 0,000012
褋褏芯写懈褌褜 2,931194 0,002655
芯斜褉邪褖邪褌褜 0,013423 0,000012
褋芯谢褢薪褘泄 3,912023 0,003543
褉械泻芯屑械薪写邪褌械谢褜薪褘泄 0,013423 0,000012
锌褉邪胁芯 2,066196 0,001872
褞薪械褋泻芯 5,010635 0,004539
薪械泻谢褞写芯胁邪芯褋薪芯胁邪褌械谢褜 5,010635 0,009077
斜褍写褍褖械械 2,238047 0,002027
谐芯写 0,006689 0,000079
薪邪胁懈谐邪褌芯褉褉懈邪 2,445686 0,002215
泻褍褏薪褟 1,576648 0,001428
屑械卸写褍薪邪褉芯写薪褘泄 0,013423 0,000036
芯泻褌褟斜褉褜 1,714798 0,003107
锌芯械褏邪褌褜 3,218876 0,002916
泻芯褎械 3,401197 0,003081
胁械写褍褖懈泄 2,120264 0,003841
泻芯褌芯褉褘泄 0,603916 0,000547
谢械褌械褌褜 4,317488 0,007822
褍斜褉邪褌褜 2,302585 0,002086
锌褉邪蟹写薪芯胁邪薪懈械 2,708050 0,002453
胁邪褉械卸泻邪 3,064725 0,002776
邪谐械薪褌褋褌胁芯 0,013423 0,000049
褉懈芯 5,010635 0,004539
锌褉懈谐芯褌芯胁谢械薪懈械 1,484275 0,001344
斜谢懈薪 2,014903 0,007300
锌懈褖邪 2,813411 0,002548
邪胁褌芯褉懈蟹芯胁邪褌褜褋褟 0,013423 0,000024
锌械谢褜屑械薪褜 3,912023 0,003543
胁褘斜褉邪褌褜 0,013423 0,000036
褉邪褋褋泻邪蟹邪褌褜 0,933098 0,004226
褋械谐芯写薪褟 0,013423 0,000073
褌邪泄薪邪 2,445686 0,002215
锌褉芯褋懈褌褜 0,013423 0,000012
芯褌褉邪胁谢械薪懈械 3,624341 0,003283
锌褉邪胁懈谢褜薪褘泄 3,218876 0,002916
薪芯胁褘械褋薪邪褔邪谢邪 0,013423 0,000012
褕邪锌泻邪 0,013423 0,000012
芯褌锌褉邪胁懈褌褜 0,013423 0,000170
锌褉芯写芯谢卸懈褌褜 0,006689 0,000006
褉械褕械薪懈械 0,006689 0,000006
芯蟹薪邪泻芯屑懈褌褜 0,013423 0,000012
芯胁褋褟薪芯斜谢懈薪 4,317488 0,007822
谐械薪械褉邪谢褜薪褘泄 3,401197 0,006162
薪械芯斜褘褔薪褘泄 2,014903 0,003650
懈泻褉邪 3,624341 0,003283
屑邪褉褌 1,514128 0,004114
芯褌写褘褏 3,218876 0,011663
胁邪泻邪薪褋懈褟 0,013423 0,000012
屑褘 0,013423 0,000085
锌褉芯褋褌邪胁谢褟褌褜 0,013423 0,000012
褍褔邪褋褌懈械 0,006689 0,000006
邪泻泻邪褍薪褌 0,013423 0,000061
褝泻芯薪芯屑懈泻邪 0,292136 0,000529
芯斜褋褍卸写械薪懈械 0,013423 0,000024
褉芯褋锌芯褌褉械斜薪邪写蟹芯褉 4,317488 0,007822
芯锌械褔邪褌泻邪 0,013423 0,000012
懈褋锌芯谢褜蟹芯胁邪褌褜 0,013423 0,000012
芯薪谢邪泄薪 0,013423 0,000012
屑邪薪写邪褉懈薪 3,912023 0,007087
蟹邪谢懈胁 3,912023 0,007087
锌芯褔褌邪 0,013423 0,000085
斜谢芯泻懈褉芯胁泻邪 0,013423 0,000049
褉械褑械锌褌 1,118815 0,015201
锌芯谢械蟹薪芯 5,010635 0,004539
芯褋褍褖械褋褌胁谢褟褌褜褋褟 0,013423 0,000012
懈褋褌芯褉懈褟 1,139434 0,003096
邪锌褉械谢褜 0,013423 0,000012
褎邪屑懈谢懈褟 0,013423 0,000012
蟹邪泻褍褋芯泻褉械褑械锌褌 2,708050 0,002453
械谢懈褋械械胁褋泻懈泄 5,010635 0,009077
写芯褋褌芯锌褉懈屑械褔邪褌械谢褜薪芯褋褌褜 3,912023 0,003543
褋胁械褌谢邪薪邪 2,813411 0,005097
褌邪褌褜褟薪邪 3,064725 0,002776
褟薪写械泻褋 0,013423 0,000024
褍薪懈胁械褉褋懈褌械褌 1,919593 0,003478
褏谢械斜 2,371578 0,002148
褎懈薪邪薪褋芯胁褘泄 1,714798 0,003107
胁谢邪写懈屑懈褉 1,373049 0,001244
谢懈斜芯 0,013423 0,000012
锌褍褌械胁芯写懈褌械谢褜 5,010635 0,004539
薪邪锌懈褌芯泻 2,371578 0,002148
谢械褑懈褌懈薪 5,010635 0,004539
褎械写械褉邪谢褜薪褘泄 0,013423 0,000085
薪邪卸懈屑邪褌褜 0,013423 0,000012
褋锌褉邪胁泻邪 1,791759 0,001623
薪邪蟹褘胁邪褌褜褋褟 3,912023 0,003543
邪褉屑械薪懈褟 3,401197 0,006162
谐懈谢褟褉芯胁褋泻懈泄 5,010635 0,004539
褋械屑褜褟 2,014903 0,001825
泻褉褍锌邪 3,218876 0,002916
褌褍谢褜褋泻懈泄 3,401197 0,003081
锌芯懈褋泻 0,013423 0,000012
褋褌邪褌懈褋褌懈泻邪 4,317488 0,007822
懈蟹斜械谐邪褌褜 4,317488 0,003911
锌芯锌褉芯斜芯胁邪褌褜 0,013423 0,000012
蟹邪锌芯谢薪械薪懈械 0,013423 0,000085
胁械褉薪褍褌褜 2,120264 0,001921
褌褍褉懈褋褌 3,218876 0,005831
胁薪懈屑邪薪懈械 0,013423 0,000012
锌褉懈薪懈屑邪褌褜 0,013423 0,000012
蟹邪褋褌芯谢褜械 3,624341 0,003283
褋芯褑 2,371578 0,002148
泻芯薪褋械褉胁褘 3,064725 0,008328
胁褘锌褍褋泻 0,013423 0,000012
褋泻褉褘胁邪褌褜 3,624341 0,003283
薪邪写蟹芯褉 0,013423 0,000024
蟹懈屑邪 1,919593 0,001739
谐邪褋褌褉芯薪芯屑懈褟 3,401197 0,003081
锌褉械写锌褉懈褟褌懈械 0,013423 0,000036
褋锌芯褋芯斜 0,013423 0,000024
薪邪褍泻邪 0,283247 0,000770
泻邪泻芯泄 1,399717 0,003804
芯斜褉邪褌薪褘泄 0,013423 0,000085
锌褉芯写褍泻褌 0,135438 0,000736
锌褉芯懈蟹芯泄褌懈 0,013423 0,000012
