усыновить 4,317488 0,001149
протез 5,010635 0,004002
стандартный 3,218876 0,000857
рф 1,181994 0,008497
банк 1,966113 0,001047
законный 0,013423 0,000004
день 0,591795 0,001891
матушкин 5,010635 0,001334
оборона 2,066196 0,002751
найти 0,013423 0,000004
преференция 5,010635 0,008004
письмо 0,013423 0,000007
спасибо 0,013423 0,000004
госпитальный 5,010635 0,001334
расширить 0,006689 0,000002
вуз 3,912023 0,002083
стаж 3,912023 0,004166
вынесение 3,912023 0,001042
согласие 0,013423 0,000007
центр 0,166448 0,000532
частность 3,064725 0,001632
ст 2,813411 0,005243
заявление 2,066196 0,003301
юридический 2,813411 0,002247
выделять 4,317488 0,002299
связаться 0,013423 0,000021
декабрь 0,985284 0,001312
дополнительно 3,624341 0,000965
производство 2,612740 0,000696
соответствовать 2,612740 0,000696
реклама 0,013423 0,000007
содержание 2,931194 0,003902
фото 0,013423 0,000004
пункт 2,238047 0,001192
связь 0,006689 0,000016
обязательство 2,931194 0,002341
продолжаться 3,401197 0,001811
суд 1,791759 0,001431
тц 4,317488 0,002299
график 3,912023 0,001042
область 1,427116 0,001140
запас 3,401197 0,001811
собрать 3,218876 0,000857
весь 1,021651 0,000544
пройти 0,006689 0,000004
заголовок 0,013423 0,000007
ум 3,912023 0,002083
информационный 0,013423 0,000014
льгота 2,813411 0,037452
необходимый 2,238047 0,001788
рассмотреть 0,013423 0,000004
вдова 5,010635 0,001334
расположить 0,013423 0,000007
проект 2,014903 0,000536
внесение 4,317488 0,001149
социальный 1,678431 0,008937
несовершеннолетний 2,931194 0,000780
фз 3,064725 0,005712
подписание 3,912023 0,002083
главный 0,013423 0,000007
подкаст 0,292136 0,000078
проблема 0,013423 0,000004
данные 0,013423 0,000032
также 1,139434 0,003944
уплачивать 5,010635 0,002668
член 2,238047 0,007150
появиться 2,120264 0,000565
одобрить 3,624341 0,000965
украина 1,160488 0,000309
фотография 0,013423 0,000004
классный 3,912023 0,001042
распространяться 3,624341 0,002895
соглашаться 0,013423 0,000004
надбавка 4,317488 0,001149
сначала 0,013423 0,000007
степень 3,218876 0,003428
находиться 2,177422 0,001159
территория 2,302585 0,000613
окончание 3,064725 0,000816
начать 1,966113 0,001047
изменение 2,525729 0,002690
рогатый 5,010635 0,001334
санаторный 5,010635 0,008004
исчисление 5,010635 0,001334
мороз 3,218876 0,000857
устанавливаться 3,218876 0,000857
васильев 3,912023 0,005208
госнаграда 5,010635 0,004002
сверх 5,010635 0,001334
кремль 2,177422 0,000580
отбор 3,912023 0,002083
удалить 0,013423 0,000014
заявительный 5,010635 0,001334
освобождать 5,010635 0,002668
законопроект 3,624341 0,001930
субъект 3,064725 0,000816
предназначить 2,813411 0,000749
расторгаться 5,010635 0,001334
система 1,919593 0,000511
размещение 0,013423 0,000004
сколько 0,006689 0,000002
приостановить 5,010635 0,001334
база 2,302585 0,000613
постепенно 2,931194 0,000780
специальность 3,401197 0,000906
поддержка 2,445686 0,003907
один 1,098612 0,001170
медико 4,317488 0,002299
расчётный 3,912023 0,001042
иметь 1,544899 0,006992
списать 4,317488 0,001149
совет 1,226446 0,000980
очно 5,010635 0,001334
заявка 2,708050 0,000721
часть 1,373049 0,000366
должность 3,064725 0,002448
выход 3,218876 0,001714
теменовой 5,010635 0,001334
некоторый 2,014903 0,002146
флагманский 4,317488 0,002299
старость 3,912023 0,001042
формирование 2,931194 0,001561
архив 0,190354 0,000051
добавляться 3,912023 0,001042
труд 2,931194 0,000780
богодвид 3,218876 0,005142
описание 0,013423 0,000004
метод 2,931194 0,000780
процесс 0,013423 0,000004
июль 1,609438 0,000428
оздоровительный 4,317488 0,002299
отказать 3,218876 0,000857
майшева 4,317488 0,004598
говорить 1,714798 0,001826
одновременно 3,401197 0,000906
удостоверять 3,401197 0,000906
платёж 4,317488 0,002299
налог 3,401197 0,006339
компенсация 3,218876 0,007713
замена 3,624341 0,000965
муниципальный 3,912023 0,003125
вследствие 3,912023 0,001042
врач 2,014903 0,000536
субсидия 3,912023 0,001042
оформление 2,813411 0,004494
поступить 3,401197 0,001811
ноябрь 1,514128 0,001612
банкротство 3,064725 0,000816
вакантный 4,317488 0,001149
являться 1,875141 0,000998
получать 2,238047 0,004171
проводиться 3,401197 0,000906
предоставляться 3,624341 0,002895
единый 2,177422 0,000580
зона 2,371578 0,003788
перейти 0,013423 0,000089
армия 2,120264 0,000565
темеправительство 5,010635 0,001334
портал 2,931194 0,003122
счёт 2,014903 0,003219
нужно 1,455287 0,000775
техникум 4,317488 0,001149
медицинский 3,064725 0,008160
штраф 3,064725 0,000816
оглавление 1,791759 0,000477
дошкольный 4,317488 0,001149
группа 2,302585 0,006743
спецпроект 0,190354 0,000051
закон 2,445686 0,009116
слово 1,514128 0,002419
предусмотреть 2,813411 0,002996
едв 4,317488 0,001149
противный 4,317488 0,001149
процент 2,612740 0,004174
комиссия 2,931194 0,001561
перечисляться 5,010635 0,001334
реабилитация 3,401197 0,007244
начинаться 2,813411 0,000749
взять 1,832581 0,000488
звание 3,624341 0,002895
выноситься 5,010635 0,001334
привлечь 2,525729 0,000672
средний 1,832581 0,000488
направляться 3,912023 0,002083
спецоперация 2,445686 0,003907
лекарственный 4,317488 0,001149
относиться 2,371578 0,000631
эл 0,013423 0,000004
дзен 0,851752 0,000227
коляска 4,317488 0,001149
заёмщик 3,912023 0,005208
содействовать 4,317488 0,001149
почему 0,013423 0,000004
ведение 3,624341 0,001930
ежегодно 3,218876 0,001714
индексироваться 4,317488 0,001149
обслуживание 3,912023 0,003125
затрагивать 5,010635 0,001334
воевать 2,813411 0,000749
удостоверение 3,912023 0,002083
тариф 5,010635 0,001334
вконтакте 0,013423 0,000007
жильё 3,218876 0,001714
власть 2,371578 0,001263
логин 0,013423 0,000004
конфиденциальность 0,013423 0,000014
нарушение 0,013423 0,000011
навсегда 0,013423 0,000004
включительно 4,317488 0,001149
детский 2,612740 0,003478
назад 0,013423 0,000018
продолжать 2,371578 0,000631
отмена 2,931194 0,000780
список 0,013423 0,000007
двигатель 5,010635 0,001334
дополнение 3,064725 0,000816
состояние 1,919593 0,000511
ремонт 3,401197 0,000906
идти 1,919593 0,000511
открыть 2,302585 0,000613
бюджет 3,401197 0,000906
зубовский 0,013423 0,000007
юрист 2,371578 0,000631
трудовой 4,317488 0,003448
заполнить 0,013423 0,000025
статус 2,813411 0,005243
клиент 3,218876 0,001714
общество 0,257045 0,000274
профессиональный 2,612740 0,001391
материнский 4,317488 0,001149
федерация 2,066196 0,005501
приравнять 5,010635 0,001334
январягерой 5,010635 0,001334
возникнуть 2,931194 0,000780
основание 0,013423 0,000004
издание 0,013423 0,000004
бульвар 0,013423 0,000007
сетевой 0,013423 0,000004
возбудить 3,218876 0,000857
наградить 4,317488 0,001149
капитал 2,931194 0,000780
позволять 2,238047 0,001192
вновь 0,013423 0,000004
сменить 0,013423 0,000004
вводиться 5,010635 0,001334
участвовать 0,013423 0,000018
сообщить 0,013423 0,000007
быть 0,013423 0,000025
европейский 1,791759 0,000477
подразумевать 3,912023 0,001042
скриншот 0,013423 0,000011
автомобиль 2,612740 0,001391
определение 3,218876 0,000857
ступенеход 5,010635 0,001334
истечь 0,013423 0,000007
совфед 5,010635 0,001334
отмечать 1,399717 0,000373
ранение 3,624341 0,016404
росгвардия 3,912023 0,002083
ростовский 3,401197 0,000906
исключение 2,813411 0,000749
назначение 3,064725 0,007344
вести 3,218876 0,001714
перераспределение 3,912023 0,001042
отделение 2,612740 0,001391
электронный 0,013423 0,000004
установить 2,302585 0,002452
спорт 0,190354 0,000152
транспорт 3,064725 0,001632
кредит 2,302585 0,003065
национальный 2,302585 0,001226
добровольческий 5,010635 0,002668
этот 1,514128 0,000403
четыре 2,302585 0,001226
рассчитываться 3,624341 0,001930
признанный 3,912023 0,001042
определяться 3,624341 0,000965
оформлять 3,401197 0,001811
сохранить 0,013423 0,000004
тяжёлый 2,525729 0,005380
обязанность 3,218876 0,000857
фиксировать 3,624341 0,000965
взаимодействие 0,013423 0,000007
увлечение 5,010635 0,001334
согласный 0,013423 0,000011
перетянуть 0,013423 0,000004
дифференцированный 5,010635 0,001334
позволить 2,708050 0,000721
использоваться 0,006689 0,000002
женщина 1,832581 0,000488
примыкать 5,010635 0,004002
фио 0,013423 0,000004
диагностика 3,912023 0,001042
варьироваться 3,401197 0,000906
пожалуйста 0,013423 0,000004
образование 2,708050 0,000721
российский 0,883501 0,003058
паспорт 2,525729 0,001345
необходимо 1,791759 0,001431
версия 0,013423 0,000004
ниже 0,013423 0,000011
нахождение 3,912023 0,001042
тег 0,190354 0,000051
обычно 2,813411 0,000749
зарегистрировать 0,013423 0,000004
требование 1,832581 0,001952
единовременный 4,317488 0,026438
пребывание 5,010635 0,001334
следовательно 3,912023 0,001042
поле 0,013423 0,000029
выполнение 2,612740 0,003478
знак 3,218876 0,002571
увеличить 3,218876 0,001714
перетащить 0,013423 0,000011
волонтёр 4,317488 0,001149
положить 1,966113 0,009946
особенность 2,120264 0,000565
туризм 0,283247 0,000075
руководство 2,931194 0,001561
сотрудник 1,791759 0,001431
адрес 0,013423 0,000018
представить 2,014903 0,000536
соответствие 0,013423 0,000029
медиабанкиспользование 5,010635 0,001334
работа 1,427116 0,002280
тактика 5,010635 0,001334
долг 2,445686 0,003256
изумление 5,010635 0,001334
обладатель 3,624341 0,000965
списание 4,317488 0,001149
загрузить 0,013423 0,000007
послабление 5,010635 0,002668
направление 0,013423 0,000011
телефон 0,013423 0,000011
редакция 0,013423 0,000011
годный 5,010635 0,001334
период 1,118815 0,005064
должный 0,013423 0,000014
коммунальный 2,813411 0,002247
военнослужащий 3,401197 0,026261
волгоградский 4,317488 0,001149
автор 0,013423 0,000004
старый 0,013423 0,000004
сообщение 0,013423 0,000050
кроме 1,919593 0,004089
войско 3,064725 0,000816
лёгкий 2,120264 0,001694
происшествие 0,292136 0,000078
внести 2,612740 0,002087
подавать 2,302585 0,000613
подтвердить 0,013423 0,000004
правительство 1,875141 0,004493
рассмотрение 4,317488 0,001149
страховой 3,401197 0,009055
кодекс 3,912023 0,001042
эксперт 1,373049 0,002193
освобождаться 5,010635 0,004002
перечисление 5,010635 0,001334
бизнес 2,708050 0,000721
возмещаться 5,010635 0,001334
предмет 2,302585 0,000613
назначаться 3,912023 0,005208
посмертно 5,010635 0,001334
обналичить 4,317488 0,001149
брать 2,445686 0,000651
обучаться 3,912023 0,002083
включая 2,525729 0,002017
пропасть 3,401197 0,001811
культура 0,292136 0,000156
неустойка 4,317488 0,001149
залог 3,912023 0,001042
применяться 2,931194 0,002341
набор 2,931194 0,000780
процедура 2,813411 0,001498
статья 0,013423 0,000007
современный 2,813411 0,000749
соответственно 3,401197 0,000906
мобилизовать 3,912023 0,013540
разъяснить 5,010635 0,001334
предусматриваться 5,010635 0,001334
отношение 1,791759 0,001431
юбилейный 3,912023 0,001042
редактор 0,013423 0,000004
ранний 2,612740 0,000696
фгуп 0,499776 0,000665
близкий 2,066196 0,000550
получить 0,985284 0,004984
контакт 0,013423 0,000004
приёмный 5,010635 0,002668
территориальный 3,624341 0,000965
направить 2,371578 0,000631
реабилитационный 5,010635 0,001334
уплата 3,912023 0,008332
легковой 4,317488 0,001149
покупка 2,931194 0,000780
государственный 0,013423 0,000046
орден 3,624341 0,004825
поступать 3,401197 0,003622
предъявить 3,624341 0,000965
имущество 3,912023 0,001042
профобразование 5,010635 0,001334
оксана 3,064725 0,004080
фактически 3,912023 0,001042
сделать 1,226446 0,000327
различный 2,525729 0,001345
связанный 0,013423 0,000011
квартира 2,612740 0,000696
риа 0,006689 0,000061
закрытый 0,013423 0,000004
сантехника 5,010635 0,001334
обращать 0,013423 0,000004
прочий 4,317488 0,001149
право 2,066196 0,011002
медиабанкденежный 5,010635 0,001334
год 0,006689 0,000062
распространить 3,064725 0,000816
максим 2,525729 0,004035
продлеваться 5,010635 0,001334
контракт 3,624341 0,019299
министр 2,525729 0,000672
лечение 3,064725 0,007344
международный 0,013423 0,000011
учитываться 3,624341 0,000965
наравне 5,010635 0,001334
супруг 4,317488 0,006897
потеря 2,066196 0,001100
неуплата 4,317488 0,002299
длительность 3,912023 0,001042
расход 3,218876 0,002571
крупный 2,120264 0,000565
налогообложение 4,317488 0,001149
уведомление 3,064725 0,000816
май 1,643339 0,000438
передовой 3,624341 0,000965
агентство 0,013423 0,000014
рамка 2,708050 0,000721
семь 2,708050 0,000721
выплата 2,931194 0,065554
грант 5,010635 0,006670
сегодня 0,013423 0,000036
вместо 2,813411 0,000749
страна 1,139434 0,000303
повышенный 2,931194 0,000780
просить 0,013423 0,000004
кресло 3,912023 0,001042
мвд 3,401197 0,000906
создать 1,875141 0,000499
такой 1,098612 0,000877
руководитель 2,445686 0,000651
налоговый 3,624341 0,005790
учёт 2,813411 0,001498
рассказывать 2,014903 0,001073
оклад 4,317488 0,011495
шапка 0,013423 0,000004
отправить 0,013423 0,000050
сохраняться 3,401197 0,000906
регион 1,919593 0,003066
поздравить 2,525729 0,000672
продолжить 0,006689 0,000002
изготовление 4,317488 0,001149
решение 0,006689 0,000009
проходить 2,177422 0,004058
ознакомить 0,013423 0,000004
март 1,514128 0,000403
военный 1,514128 0,018947
включать 2,813411 0,000749
летний 1,919593 0,000511
проставлять 0,013423 0,000004
фонд 3,064725 0,004080
просрочить 5,010635 0,002668
кормилец 3,912023 0,002083
аккаунт 0,013423 0,000018
экономика 0,292136 0,000078
тот 1,576648 0,000420
обсуждение 0,013423 0,000007
указать 2,708050 0,002884
организация 2,066196 0,003851
гражданин 2,066196 0,003851
госдума 2,708050 0,002163
содержать 2,931194 0,000780
десять 2,445686 0,000651
медиабанкброшюра 5,010635 0,001334
почта 0,013423 0,000025
блокировка 0,013423 0,000014
прокомментировать 2,371578 0,000631
три 2,120264 0,001129
фамилия 0,013423 0,000004
фзвнести 5,010635 0,001334
школа 2,813411 0,000749
яндекс 0,013423 0,000007
университет 1,919593 0,002555
либо 0,013423 0,000011
обратить 2,813411 0,000749
мощность 3,064725 0,000816
нажимать 0,013423 0,000004
согласно 2,371578 0,002526
командир 3,912023 0,001042
гвардия 3,912023 0,002083
семья 2,014903 0,012875
тысяча 1,919593 0,000511
поиск 0,013423 0,000004
аналогичный 3,218876 0,000857
молодой 2,525729 0,000672
льготыроссиявооруженный 5,010635 0,001334
установление 3,218876 0,005142
участник 1,752539 0,033128
объявление 3,624341 0,002895
медорганизация 4,317488 0,001149
алексей 1,966113 0,005235
условие 1,321756 0,001056
родитель 2,931194 0,003902
зачисление 5,010635 0,001334
отсутствовать 3,218876 0,000857
газификация 5,010635 0,001334
приостанавливаться 5,010635 0,001334
достижение 2,708050 0,000721
прохождение 3,912023 0,004166
ежегодный 3,912023 0,001042
принять 1,791759 0,001431
оборудование 3,401197 0,003622
приграничий 4,317488 0,001149
каникулы 5,010635 0,005336
упрощённый 4,317488 0,001149
способ 0,013423 0,000007
пеня 4,317488 0,002299
доцент 2,708050 0,001442
продукт 0,135438 0,000036
выплатной 5,010635 0,001334
второй 1,427116 0,000380
опекун 5,010635 0,001334
подача 2,120264 0,002258
шаркова 5,010635 0,005336
специальный 1,514128 0,006047
новый 0,006689 0,000011
образ 2,066196 0,000550
частичный 3,912023 0,002083
пребывать 5,010635 0,001334
местный 2,708050 0,001442
население 2,813411 0,001498
квт 5,010635 0,001334
ставка 2,813411 0,000749
менее 2,177422 0,002319
касаться 2,371578 0,001263
бесплатный 3,218876 0,005142
доступ 0,013423 0,000007
миа 0,013423 0,000025
полный 1,678431 0,000894
предел 2,931194 0,000780
автоматически 2,931194 0,000780
задать 0,013423 0,000004
предложить 2,066196 0,000550
очный 3,912023 0,001042
помощь 1,321756 0,002463
исполнение 3,218876 0,000857
г 0,013423 0,000029
заболевание 3,912023 0,002083
георгий 5,010635 0,005336
распространиться 4,317488 0,001149
политика 0,013423 0,000018
о 0,013423 0,000004
п 3,218876 0,000857
коэффициент 3,912023 0,001042
средство 2,120264 0,005645
течение 0,013423 0,000029
медиабанкотделение 5,010635 0,001334
определить 3,218876 0,000857
ч 2,612740 0,000696
резервист 5,010635 0,001334
дополнительный 2,066196 0,003851
оно 2,302585 0,000613
гертие 5,010635 0,002668
обращаться 2,371578 0,001263
сила 1,455287 0,005037
погашаться 5,010635 0,001334
мир 0,223144 0,000238
наступить 3,218876 0,001714
обеспечить 2,120264 0,001129
награждение 4,317488 0,005747
входить 2,813411 0,000749
скот 4,317488 0,001149
боец 3,401197 0,002717
время 0,013423 0,000039
кнопка 0,013423 0,000004
поощрение 5,010635 0,012006
просрочка 4,317488 0,001149
денежный 3,064725 0,022847
митин 5,010635 0,001334
ранее 0,013423 0,000014
причём 2,708050 0,000721
соответствующий 2,931194 0,001561
составлять 2,238047 0,004171
госуслуга 2,708050 0,002163
город 0,013423 0,000014
получение 2,302585 0,007970
разблокировать 0,013423 0,000011
жилищный 3,912023 0,002083
брошюра 5,010635 0,001334
погибнуть 3,218876 0,002571
час 0,013423 0,000007
вправе 3,218876 0,000857
чат 0,013423 0,000007
госграница 5,010635 0,002668
региональный 3,064725 0,002448
написать 0,013423 0,000007
новостеймолния 0,013423 0,000004
млн 3,401197 0,015394
медиабанкприём 5,010635 0,001334
вырасти 2,931194 0,000780
зависимость 1,966113 0,000523
зубной 5,010635 0,001334
ленинградский 3,401197 0,000906
охрана 3,624341 0,002895
показать 0,013423 0,000004
руб 3,912023 0,021872
окончательный 3,912023 0,001042
отсутствие 2,014903 0,000536
основный 1,791759 0,001431
пароль 0,013423 0,000039
задача 2,177422 0,002319
вооружённый 2,014903 0,003219
банковский 4,317488 0,004598
порядок 1,832581 0,003415
вступить 3,401197 0,002717
медиабанкмужчина 4,317488 0,001149
оформить 3,064725 0,005712
вход 0,013423 0,000007
читать 0,791128 0,000211
хозяйство 2,612740 0,001391
описать 0,013423 0,000007
минобороны 2,525729 0,000672
предпринимательский 5,010635 0,004002
иждивение 4,317488 0,001149
сумма 2,302585 0,005517
полиция 3,624341 0,000965
рекомендовать 2,371578 0,000631
городской 2,302585 0,000613
генерал 3,912023 0,001042
погашение 3,912023 0,001042
сельский 3,218876 0,001714
департамент 3,218876 0,000857
мера 1,875141 0,001498
подтверждать 0,013423 0,000018
пользоваться 2,931194 0,000780
гаврилов 0,013423 0,000004
учредитель 0,013423 0,000004
московский 1,678431 0,001341
ссылка 0,013423 0,000014
коммуникация 0,013423 0,000004
мой 0,013423 0,000025
новицкий 5,010635 0,005336
момент 2,014903 0,001609
медиабанкнабор 5,010635 0,001334
помочь 0,013423 0,000007
указанный 2,931194 0,000780
помимо 2,708050 0,000721
константин 3,064725 0,001632
бюджетный 3,064725 0,001632
основа 2,120264 0,000565
разведение 4,317488 0,001149
карта 2,612740 0,002782
нотариальный 5,010635 0,002668
газовый 3,624341 0,000965
роскомнадзор 0,013423 0,000004
технология 0,013423 0,000007
тыс 3,624341 0,005790
испытание 3,401197 0,001811
ежемесячно 4,317488 0,002299
полагаться 4,317488 0,002299
среди 2,813411 0,000749
кредитор 3,912023 0,003125
выплачивать 3,624341 0,001930
курортный 5,010635 0,006670
совпадать 3,624341 0,000965
безвестно 5,010635 0,001334
уволить 3,912023 0,002083
ижс 5,010635 0,001334
москва 0,006689 0,000014
приём 3,624341 0,000965
воспользоваться 0,013423 0,000014
предоставлять 2,813411 0,002996
предоставление 2,931194 0,003902
превышать 2,931194 0,000780
довольствие 4,317488 0,008046
отдельный 2,525729 0,003362
смерть 2,612740 0,001391
результат 1,714798 0,000457
деньга 2,066196 0,000550
лицо 1,714798 0,004565
далее 0,013423 0,000007
подъёмный 5,010635 0,001334
обязывать 3,912023 0,001042
документ 2,371578 0,008840
чей 2,931194 0,001561
хотеть 0,006689 0,000002
открывать 0,013423 0,000011
свокостромской 5,010635 0,001334
водительский 4,317488 0,001149
освободить 2,708050 0,001442
родственный 5,010635 0,001334
стать 0,851752 0,000227
возможно 2,708050 0,001442
обучение 3,401197 0,003622
установленный 2,931194 0,000780
обращение 0,013423 0,000014
подразделение 2,813411 0,002247
операция 1,752539 0,006999
это 0,013423 0,000021
массовый 0,013423 0,000004
обработка 0,013423 0,000018
увечийв 5,010635 0,001334
ветеран 3,401197 0,015394
присвоение 5,010635 0,001334
ограничить 2,525729 0,000672
новость 0,006689 0,000064
сентябрь 1,427116 0,000760
интеллектуальный 3,912023 0,001042
льготный 3,064725 0,008975
варвар 5,010635 0,002668
двойной 3,624341 0,001930
общеобразовательный 5,010635 0,001334
вступительный 5,010635 0,002668
зарегистрироваться 0,013423 0,000018
пожаловаться 0,006689 0,000002
войти 0,006689 0,000007
брак 4,317488 0,001149
управлять 3,401197 0,000906
чтение 3,624341 0,001930
пособие 3,401197 0,013583
осуществление 3,624341 0,000965
измениться 2,813411 0,000749
отличие 3,624341 0,002895
возраст 2,177422 0,001159
радио 0,274437 0,000073
месячный 3,624341 0,001930
защита 0,013423 0,000025
регистрация 0,013423 0,000018
особый 1,752539 0,001400
должностной 4,317488 0,001149
начислить 4,317488 0,001149
рубль 2,302585 0,009809
чин 5,010635 0,001334
восстановление 0,013423 0,000014
признаваться 4,317488 0,001149
заключить 3,064725 0,002448
объект 2,708050 0,000721
инфляция 3,624341 0,000965
засчитываться 4,317488 0,001149
учитывать 2,813411 0,000749
излечение 5,010635 0,001334
мфц 3,218876 0,000857
головицкий 5,010635 0,002668
путин 1,373049 0,000366
многофункциональный 3,912023 0,002083
действие 0,013423 0,000046
релиз 0,013423 0,000004
первый 0,883501 0,000235
продлить 3,624341 0,000965
людмила 3,912023 0,004166
пять 1,966113 0,002094
обязательный 0,013423 0,000029
февраль 0,567984 0,000302
ошибка 0,013423 0,000011
антонин 5,010635 0,005336
вопрос 0,006689 0,000007
деятельность 2,612740 0,002087
компания 1,919593 0,000511
установка 3,401197 0,001811
размер 2,014903 0,012338
выплатывоеннослужащиевоенный 5,010635 0,001334
кредитный 3,624341 0,009649
земельный 5,010635 0,002668
ваш 0,013423 0,000057
имя 0,013423 0,000018
губернатор 4,317488 0,001149
старший 2,612740 0,000696
рекомендация 2,708050 0,000721
военкомат 4,317488 0,001149
срок 0,013423 0,000054
личность 2,931194 0,000780
кто 2,014903 0,002146
считаться 2,525729 0,000672
дальнейший 2,813411 0,001498
униформа 5,010635 0,002668
использование 0,013423 0,000007
вступление 3,401197 0,000906
самый 0,967584 0,000258
увольнение 3,912023 0,005208
контрактник 4,317488 0,016093
материал 0,013423 0,000032
медиабанкновое 5,010635 0,001334
досрочный 4,317488 0,002299
микропроцессорный 5,010635 0,001334
успешно 0,013423 0,000004
боевой 3,218876 0,006856
лента 0,006689 0,000004
сфера 0,013423 0,000011
жкх 2,708050 0,003605
район 2,525729 0,002017
ряд 2,612740 0,002782
сад 3,218876 0,000857
тамбов 4,317488 0,002299
стационарный 3,912023 0,003125
мочь 1,399717 0,004099
месяц 1,003302 0,001336
сам 1,875141 0,000499
свидетельство 0,013423 0,000007
комментирование 0,013423 0,000007
блокироваться 0,013423 0,000004
правило 0,013423 0,000025
министерство 1,966113 0,002094
платный 3,624341 0,000965
юрий 3,624341 0,000965
жительство 3,401197 0,000906
применение 0,013423 0,000004
умерший 3,912023 0,001042
дать 0,013423 0,000011
призвать 2,525729 0,003362
пресс 0,013423 0,000007
персональный 0,013423 0,000029
возможный 1,576648 0,000420
действовать 2,445686 0,001302
смочь 0,006689 0,000009
гарантия 3,218876 0,003428
третий 1,919593 0,000511
инвалид 3,218876 0,009427
готовый 0,006689 0,000004
вс 3,218876 0,002571
перечень 3,401197 0,002717
признать 1,966113 0,001570
дата 0,006689 0,000009
постановление 3,218876 0,002571
вернуться 2,445686 0,000651
проиндексировать 3,912023 0,001042
очередь 2,120264 0,002258
возмещение 5,010635 0,001334
одноклассник 0,013423 0,000007
недопустимый 0,013423 0,000004
вы 0,013423 0,000004
ежемесячный 3,912023 0,014582
восстановить 0,013423 0,000004
пенсионный 3,912023 0,005208
сво 1,919593 0,042930
партнёр 2,302585 0,000613
погибший 3,912023 0,002083
гд 3,912023 0,001042
предпринимательство 4,317488 0,001149
профессор 3,912023 0,001042
проходимость 5,010635 0,001334
жилой 3,624341 0,000965
россия 0,006689 0,000055
го 2,177422 0,001159
пошлина 4,317488 0,001149
судебный 2,612740 0,000696
лошадиный 5,010635 0,001334
представление 3,624341 0,000965
свой 0,867501 0,000693
почётный 5,010635 0,001334
образовательный 3,624341 0,003860
январь 1,040343 0,001385
купюра 4,317488 0,002299
проведение 2,177422 0,001739
объём 2,445686 0,000651
оплата 3,624341 0,001930
услуга 2,445686 0,002605
необходимость 2,177422 0,000580
сайт 0,013423 0,000011
рождение 2,931194 0,000780
колледж 3,912023 0,001042
др 4,317488 0,001149
полезный 0,143101 0,000038
галочка 0,013423 0,000004
заблокировать 0,013423 0,000007
озучастник 5,010635 0,001334
поддерживаетсяполучить 0,013423 0,000004
другой 0,013423 0,000039
унитарный 0,013423 0,000011
давать 0,013423 0,000007
указ 3,912023 0,009374
рабочий 2,708050 0,003605
отправка 0,013423 0,000004
воинский 3,624341 0,004825
увечье 4,317488 0,010345
ход 2,238047 0,001788
психологический 5,010635 0,001334
число 1,643339 0,002188
объяснять 2,813411 0,002996
ипотека 3,624341 0,003860
контроль 2,371578 0,000631
сбербанк 3,624341 0,001930
пенсия 3,064725 0,008975
её 3,064725 0,000816
вид 1,399717 0,001118
производиться 4,317488 0,001149
востребовать 4,317488 0,001149
ребёнок 1,514128 0,005241
списывать 5,010635 0,001334
доход 3,218876 0,001714
доброволец 3,912023 0,013540
комиссариат 4,317488 0,003448
трефил 4,317488 0,002299
обновить 0,985284 0,000262
договор 2,931194 0,004682
мобилизация 4,317488 0,010345
правоотношение 5,010635 0,001334
домашний 2,177422 0,000580
авторизация 0,013423 0,000004
мэр 3,218876 0,001714
религия 0,283247 0,000075
рейтинг 0,006689 0,000002
форма 0,013423 0,000050
медаль 2,445686 0,000651
дом 1,514128 0,000403
работодатель 4,317488 0,001149
медиабанкудостоверение 4,317488 0,001149
взыскание 4,317488 0,002299
крым 3,624341 0,000965
зависеть 2,066196 0,002751
бесплатно 2,931194 0,000780
даваться 3,912023 0,001042
западесамый 5,010635 0,001334
родственник 3,912023 0,002083
любой 1,576648 0,000420
сухоруков 4,317488 0,006897
недвижимость 0,292136 0,000078
изделие 3,624341 0,000965
шкала 5,010635 0,001334
прекратить 3,401197 0,000906
ип 4,317488 0,001149
подтверждаться 5,010635 0,001334
граница 2,931194 0,000780
удобный 2,931194 0,000780
напоминать 3,064725 0,000816
календарный 3,624341 0,000965
издать 5,010635 0,001334
повышение 3,401197 0,000906
возложить 3,624341 0,000965
тема 0,013423 0,000011
сервис 0,174353 0,000046
дискуссия 0,013423 0,000007
опубликование 5,010635 0,001334
рфсвообществосоциальный 5,010635 0,001334
призыв 4,317488 0,002299
служба 0,006689 0,000064
заметить 0,013423 0,000004
приказ 3,401197 0,002717
здоровье 1,832581 0,000488
технический 2,612740 0,002087
святой 2,708050 0,002884
рекомендательный 0,013423 0,000004
мёд 3,218876 0,001714
первоочередной 5,010635 0,004002
тяжесть 3,912023 0,001042
медиабанк 1,321756 0,004223
четвёртый 3,624341 0,000965
квота 5,010635 0,002668
заявитель 3,912023 0,001042
ручной 3,401197 0,000906
обратиться 2,302585 0,001839
клиника 4,317488 0,001149
медиабанкработа 3,401197 0,001811
электрика 5,010635 0,001334
октябрь 1,714798 0,000913
михальчевский 4,317488 0,002299
управление 2,371578 0,001263
исполнительный 3,624341 0,000965
перевестись 5,010635 0,001334
который 0,603916 0,001929
медиабанкштурмовой 5,010635 0,001334
участок 3,218876 0,003428
награда 3,401197 0,003622
например 1,714798 0,003196
следующий 1,427116 0,001900
вне 3,401197 0,001811
привести 2,371578 0,000631
заём 3,624341 0,000965
воспитывать 4,317488 0,001149
авторизоваться 0,013423 0,000007
начисляться 4,317488 0,001149
учиться 3,218876 0,000857
поступление 3,624341 0,001930
выбрать 0,013423 0,000011
рассказать 0,933098 0,000497
акт 3,218876 0,000857
президент 1,643339 0,004375
тайна 2,445686 0,000651
роман 3,064725 0,001632
случай 1,643339 0,004813
подтверждение 3,401197 0,000906
новыесначала 0,013423 0,000004
преимущественный 5,010635 0,001334
предоставить 2,066196 0,001100
герой 3,064725 0,002448
начало 1,643339 0,003063
страхование 4,317488 0,002299
место 1,272966 0,002711
государство 2,177422 0,001739
транспортный 3,218876 0,003428
некредитный 5,010635 0,001334
путёвка 3,912023 0,002083
строение 4,317488 0,001149
подлежать 3,624341 0,000965
поручить 3,912023 0,001042
ведомство 3,218876 0,000857
задолженность 3,912023 0,002083
вакансия 0,013423 0,000004
мы 0,013423 0,000025
участие 0,006689 0,000023
достигнуть 2,612740 0,000696
отсрочка 5,010635 0,001334
использовать 0,013423 0,000007
выбор 2,066196 0,000550
опечатка 0,013423 0,000004
самостоятельно 2,708050 0,000721
каждый 1,399717 0,001491
досрочно 4,317488 0,001149
онлайн 0,013423 0,000004
экспертиза 4,317488 0,001149
утв 5,010635 0,001334
осуществляться 0,013423 0,000029
обеспечение 2,612740 0,003478
раздел 2,525729 0,002017
вызвать 2,371578 0,000631
апрель 0,013423 0,000007
категория 1,576648 0,001259
столица 3,064725 0,000816
охватывать 5,010635 0,001334
гибель 3,624341 0,003860
начинать 2,445686 0,001302
количество 1,919593 0,000511
подписать 2,612740 0,000696
ндфл 4,317488 0,001149
уровень 2,014903 0,002146
финансовый 1,714798 0,002283
составить 2,931194 0,002341
владимир 1,373049 0,000731
федеральный 0,013423 0,000046
орган 2,708050 0,001442
уточнять 2,445686 0,000651
справка 1,791759 0,000954
завершение 2,708050 0,000721
мужчина 2,612740 0,001391
умереть 2,445686 0,000651
якутия 3,624341 0,000965
монета 3,912023 0,002083
начислять 4,317488 0,002299
лагерь 2,612740 0,001391
регулироваться 3,401197 0,001811
официальный 2,177422 0,000580
попробовать 0,013423 0,000004
заполнение 0,013423 0,000025
вернуть 2,120264 0,000565
совершеннолетие 5,010635 0,001334
внимание 0,013423 0,000004
принимать 0,013423 0,000018
инвалидность 3,218876 0,013712
препарат 3,218876 0,000857
сведение 2,931194 0,000780
возможность 1,752539 0,001866
метрополис 5,010635 0,002668
разовый 5,010635 0,001334
выпуск 0,013423 0,000004
предусмотренный 4,317488 0,001149
информация 2,066196 0,001100
приоритетный 4,317488 0,001149
травма 2,708050 0,001442
отпуск 5,010635 0,002668
выплачиваться 4,317488 0,006897
гараж 5,010635 0,001334
надзор 0,013423 0,000004
созаёмщик 5,010635 0,001334
предприятие 0,013423 0,000011
наука 0,283247 0,000075
какой 1,399717 0,004472
упростить 3,401197 0,000906
обратный 0,013423 0,000025
занятие 3,401197 0,000906
подбор 5,010635 0,001334
учреждение 3,401197 0,000906
произойти 0,013423 0,000004
выслуга 5,010635 0,001334
принятие 3,064725 0,001632
