отруби 4,317488 0,043832
истечь 0,013423 0,000017
лента 0,006689 0,000017
законный 0,013423 0,000017
новый 0,006689 0,000017
распределить 3,401197 0,008632
завтрак 3,218876 0,024509
найти 0,013423 0,000017
письмо 0,013423 0,000034
сфера 0,013423 0,000017
электронный 0,013423 0,000017
спасибо 0,013423 0,000017
расширить 0,006689 0,000008
свидетельство 0,013423 0,000017
согласие 0,013423 0,000034
комментирование 0,013423 0,000034
доступ 0,013423 0,000034
блокироваться 0,013423 0,000017
миа 0,013423 0,000051
задать 0,013423 0,000017
связаться 0,013423 0,000102
пригореть 3,912023 0,009929
вода 1,576648 0,016007
правило 0,013423 0,000085
сохранить 0,013423 0,000017
композиция 3,912023 0,009929
г 0,013423 0,000085
реклама 0,013423 0,000017
фото 0,013423 0,000017
политика 0,013423 0,000068
связь 0,006689 0,000068
применение 0,013423 0,000017
взаимодействие 0,013423 0,000034
о 0,013423 0,000017
дать 0,013423 0,000034
пресс 0,013423 0,000017
согласный 0,013423 0,000051
персональный 0,013423 0,000136
сочетать 2,813411 0,007141
перетянуть 0,013423 0,000017
кастрюля 2,371578 0,018058
течение 0,013423 0,000017
ч 2,612740 0,003316
смочь 0,006689 0,000008
использоваться 0,006689 0,000008
пищевой 2,120264 0,002691
готовый 0,006689 0,000034
оно 2,302585 0,005844
углевод 2,445686 0,003104
ценность 2,120264 0,002691
дата 0,006689 0,000008
готовка 1,919593 0,002436
пройти 0,006689 0,000008
заголовок 0,013423 0,000034
одноклассник 0,013423 0,000034
недопустимый 0,013423 0,000017
информационный 0,013423 0,000068
вы 0,013423 0,000017
фио 0,013423 0,000017
шаг 1,791759 0,015917
восстановить 0,013423 0,000017
пожалуйста 0,013423 0,000017
необходимый 2,238047 0,005680
тарелка 2,813411 0,007141
рассмотреть 0,013423 0,000017
расположить 0,013423 0,000034
классический 1,752539 0,004448
насыпать 3,912023 0,009929
время 0,013423 0,000034
версия 0,013423 0,000017
ниже 0,013423 0,000051
кнопка 0,013423 0,000017
россия 0,006689 0,000068
полить 5,010635 0,012717
помешивать 3,218876 0,008170
зарегистрировать 0,013423 0,000017
ранее 0,013423 0,000017
главный 0,013423 0,000017
проблема 0,013423 0,000017
данные 0,013423 0,000136
город 0,013423 0,000017
разблокировать 0,013423 0,000051
кубик 2,525729 0,006410
фотография 0,013423 0,000017
сайт 0,013423 0,000051
поле 0,013423 0,000136
правильно 2,066196 0,005244
час 0,013423 0,000034
американский 1,966113 0,004990
чат 0,013423 0,000034
сладость 2,445686 0,006207
новостеймолния 0,013423 0,000017
написать 0,013423 0,000017
галочка 0,013423 0,000017
заблокировать 0,013423 0,000034
перетащить 0,013423 0,000051
зависимость 1,966113 0,004990
соглашаться 0,013423 0,000017
сначала 0,013423 0,000017
поддерживаетсяполучить 0,013423 0,000017
адрес 0,013423 0,000085
другой 0,013423 0,000051
соответствие 0,013423 0,000034
унитарный 0,013423 0,000051
давать 0,013423 0,000034
показать 0,013423 0,000017
отправка 0,013423 0,000017
загрузить 0,013423 0,000034
направление 0,013423 0,000017
телефон 0,013423 0,000017
пароль 0,013423 0,000187
редакция 0,013423 0,000051
удалить 0,013423 0,000068
калорийность 2,120264 0,002691
вход 0,013423 0,000034
должный 0,013423 0,000017
описать 0,013423 0,000017
размещение 0,013423 0,000017
ккал 2,302585 0,002922
сколько 0,006689 0,000008
автор 0,013423 0,000017
старый 0,013423 0,000017
сообщение 0,013423 0,000238
её 3,064725 0,015557
ингредиент 1,919593 0,002436
подтвердить 0,013423 0,000017
смесь 2,371578 0,006019
снять 2,371578 0,006019
масло 2,238047 0,011361
фрукт 3,064725 0,035003
подтверждать 0,013423 0,000017
плита 3,064725 0,007778
гаврилов 0,013423 0,000017
учредитель 0,013423 0,000017
авторизация 0,013423 0,000017
рейтинг 0,006689 0,000008
форма 0,013423 0,000204
нарезать 2,120264 0,010763
ссылка 0,013423 0,000068
коммуникация 0,013423 0,000017
мой 0,013423 0,000085
мягкость 3,218876 0,008170
ароматный 2,302585 0,005844
помочь 0,013423 0,000051
статья 0,013423 0,000017
описание 0,013423 0,000017
шт 2,238047 0,011361
кусочек 2,708050 0,013746
украсить 2,708050 0,006873
процесс 0,013423 0,000017
роскомнадзор 0,013423 0,000017
технология 0,013423 0,000034
белка 2,371578 0,003010
редактор 0,013423 0,000017
фгуп 0,499776 0,000634
удобный 2,931194 0,007440
контакт 0,013423 0,000017
москва 0,006689 0,000025
воспользоваться 0,013423 0,000068
тема 0,013423 0,000051
государственный 0,013423 0,000051
следить 2,612740 0,006631
дискуссия 0,013423 0,000034
сделать 1,226446 0,006226
связанный 0,013423 0,000034
придать 2,813411 0,007141
служба 0,006689 0,000008
риа 0,006689 0,000042
заметить 0,013423 0,000017
закрытый 0,013423 0,000017
обращать 0,013423 0,000017
рекомендательный 0,013423 0,000017
далее 0,013423 0,000034
мёд 3,218876 0,016339
поставить 2,014903 0,005114
питательность 5,010635 0,012717
рецептырецепт 1,875141 0,002380
впитать 4,317488 0,021916
год 0,006689 0,000008
жидкость 3,218876 0,008170
ломтик 2,931194 0,007440
хотеть 0,006689 0,000008
открывать 0,013423 0,000034
кухня 1,576648 0,002001
перейти 0,013423 0,000017
международный 0,013423 0,000051
который 0,603916 0,001533
нежный 2,177422 0,005526
обращение 0,013423 0,000051
агентство 0,013423 0,000068
порция 2,238047 0,002840
приготовление 1,484275 0,007534
огонь 1,966113 0,009980
это 0,013423 0,000085
массовый 0,013423 0,000017
обработка 0,013423 0,000085
переложить 3,064725 0,007778
вкус 1,752539 0,008896
авторизоваться 0,013423 0,000034
консистенция 3,218876 0,008170
каша 3,401197 0,082009
выбрать 0,013423 0,000085
сегодня 0,013423 0,000102
новость 0,006689 0,000051
просить 0,013423 0,000017
овсяный 3,624341 0,073591
новыесначала 0,013423 0,000017
нужный 1,643339 0,004171
зарегистрироваться 0,013423 0,000085
пожаловаться 0,006689 0,000008
стакан 3,064725 0,007778
вкусовой 2,813411 0,007141
мл 2,612740 0,006631
войти 0,006689 0,000034
шапка 0,013423 0,000017
отправить 0,013423 0,000238
банан 3,624341 0,027597
продолжить 0,006689 0,000008
решение 0,006689 0,000008
ознакомить 0,013423 0,000017
вакансия 0,013423 0,000017
эл 0,013423 0,000017
мы 0,013423 0,000119
проставлять 0,013423 0,000017
участие 0,006689 0,000008
аккаунт 0,013423 0,000085
достигнуть 2,612740 0,006631
защита 0,013423 0,000068
свежий 2,066196 0,005244
регистрация 0,013423 0,000085
обсуждение 0,013423 0,000034
яблоко 3,912023 0,029787
опечатка 0,013423 0,000017
использовать 0,013423 0,000017
мара 2,931194 0,003720
почему 0,013423 0,000017
восстановление 0,013423 0,000068
онлайн 0,013423 0,000017
почта 0,013423 0,000119
добавить 1,514128 0,007686
блокировка 0,013423 0,000068
рецепт 1,118815 0,007099
осуществляться 0,013423 0,000017
апрель 0,013423 0,000017
вконтакте 0,013423 0,000034
категория 1,576648 0,002001
фамилия 0,013423 0,000017
жир 2,238047 0,002840
логин 0,013423 0,000017
конфиденциальность 0,013423 0,000068
нарушение 0,013423 0,000051
навсегда 0,013423 0,000017
количество 1,919593 0,004872
яндекс 0,013423 0,000034
сливочный 2,931194 0,014879
действие 0,013423 0,000017
либо 0,013423 0,000017
федеральный 0,013423 0,000068
релиз 0,013423 0,000017
нажимать 0,013423 0,000017
назад 0,013423 0,000085
список 0,013423 0,000017
завершение 2,708050 0,006873
поиск 0,013423 0,000017
обязательный 0,013423 0,000119
ошибка 0,013423 0,000051
умеренный 3,912023 0,009929
вопрос 0,006689 0,000034
зубовский 0,013423 0,000034
попробовать 0,013423 0,000017
заполнение 0,013423 0,000119
заполнить 0,013423 0,000119
внимание 0,013423 0,000017
принимать 0,013423 0,000017
ваш 0,013423 0,000273
имя 0,013423 0,000085
выпуск 0,013423 0,000017
срок 0,013423 0,000034
основание 0,013423 0,000017
издание 0,013423 0,000017
бульвар 0,013423 0,000034
сетевой 0,013423 0,000017
постоянно 2,371578 0,006019
надзор 0,013423 0,000017
предпочтение 2,708050 0,006873
использование 0,013423 0,000017
вновь 0,013423 0,000017
сменить 0,013423 0,000017
предприятие 0,013423 0,000051
способ 0,013423 0,000034
материал 0,013423 0,000136
участвовать 0,013423 0,000034
сообщить 0,013423 0,000017
обратный 0,013423 0,000119
произойти 0,013423 0,000017
быть 0,013423 0,000017
успешно 0,013423 0,000017
половинка 3,401197 0,008632
скриншот 0,013423 0,000051
