褞褉懈褋写懈泻褑懈褟 5,010635 0,006030
褉邪泄芯薪薪褘泄 3,218876 0,003873
锌褉芯懈褋褕械褋褌胁懈褟薪芯胁芯褋懈斜懈褉褋泻邪谢械泻褋邪薪写褉 5,010635 0,006030
懈褋褌械褔褜 0,013423 0,000016
蟹邪泻芯薪薪褘泄 0,013423 0,000032
谢械薪褌邪 0,006689 0,000016
邪褉褏懈胁薪褘泄 1,347074 0,001621
薪芯胁褘泄 0,006689 0,000016
泻褉褟卸械胁褘泄 3,401197 0,008186
薪邪泄褌懈 0,013423 0,000016
邪泻邪写械屑懈褟 2,931194 0,017637
锌懈褋褜屑芯 0,013423 0,000032
芯褌写械谢械薪懈械 2,612740 0,006288
褋褎械褉邪 0,013423 0,000016
褝谢械泻褌褉芯薪薪褘泄 0,013423 0,000016
褋锌邪褋懈斜芯 0,013423 0,000016
褋锌芯褉褌 0,190354 0,000229
褉邪褋褕懈褉懈褌褜 0,006689 0,000008
褋胁懈写械褌械谢褜褋褌胁芯 0,013423 0,000016
褋芯谐谢邪褋懈械 0,013423 0,000032
褑械薪褌褉 0,166448 0,000200
褔械褌褘褉械 2,302585 0,002771
泻芯屑屑械薪褌懈褉芯胁邪薪懈械 0,013423 0,000032
写芯褋褌褍锌 0,013423 0,000032
斜谢芯泻懈褉芯胁邪褌褜褋褟 0,013423 0,000016
屑懈邪 0,013423 0,000113
蟹邪写邪褌褜 0,013423 0,000016
邪谢械泻褋邪薪写褉 1,373049 0,013218
褋胁褟蟹邪褌褜褋褟 0,013423 0,000097
谐谢邪胁邪 1,919593 0,016170
锌褉邪胁懈谢芯 0,013423 0,000081
褋芯褏褉邪薪懈褌褜 0,013423 0,000016
谐 0,013423 0,000032
褉械泻谢邪屑邪 0,013423 0,000032
泻芯褌褌械写卸 3,401197 0,053208
褎芯褌芯 0,013423 0,000032
锌芯谢懈褌懈泻邪 0,013423 0,000081
褋胁褟蟹褜 0,006689 0,000064
写芯斜懈褌褜褋褟 2,302585 0,002771
锌褉懈屑械薪械薪懈械 0,013423 0,000016
胁蟹邪懈屑芯写械泄褋褌胁懈械 0,013423 0,000032
懈褋锌褘褌邪褌械谢褜薪褘泄 5,010635 0,006030
懈薪芯褋褌褉邪薪薪褘泄 2,177422 0,002620
芯 0,013423 0,000016
写邪褌褜 0,013423 0,000032
锌褉械褋褋 0,013423 0,000048
褋芯谐谢邪褋薪褘泄 0,013423 0,000048
锌械褉褋芯薪邪谢褜薪褘泄 0,013423 0,000129
懈褋泻 2,612740 0,003144
褋褍写 1,791759 0,028030
薪芯胁芯褋懈斜懈褉褋泻 3,064725 0,055320
锌械褉械褌褟薪褍褌褜 0,013423 0,000016
褝泻褋 2,708050 0,026070
芯褉谐邪薪懈蟹芯胁邪褌褜 2,931194 0,003527
褌械褔械薪懈械 0,013423 0,000016
褋屑芯褔褜 0,006689 0,000008
蟹写邪薪懈械 3,624341 0,004361
懈褋锌芯谢褜蟹芯胁邪褌褜褋褟 0,006689 0,000008
谐芯褌芯胁褘泄 0,006689 0,000016
锌褉懈蟹薪邪褌褜 1,966113 0,002366
褋懈谢邪 1,455287 0,001751
写邪褌邪 0,006689 0,000008
屑懈褉 0,223144 0,000269
锌褉芯泄褌懈 0,006689 0,000008
蟹邪谐芯谢芯胁芯泻 0,013423 0,000032
芯写薪芯泻谢邪褋褋薪懈泻 0,013423 0,000032
薪械写芯锌褍褋褌懈屑褘泄 0,013423 0,000016
懈薪褎芯褉屑邪褑懈芯薪薪褘泄 0,013423 0,000065
胁褘 0,013423 0,000016
褎懈芯 0,013423 0,000016
胁芯褋褋褌邪薪芯胁懈褌褜 0,013423 0,000016
锌芯卸邪谢褍泄褋褌邪 0,013423 0,000016
褉邪薪 2,931194 0,038800
褉芯褋褋懈泄褋泻懈泄 0,883501 0,003190
褉邪褋褋屑芯褌褉械褌褜 0,013423 0,000016
褉邪褋锌芯谢芯卸懈褌褜 0,013423 0,000032
褍褋谢芯胁薪芯 3,912023 0,004708
斜褘胁褕懈泄 2,302585 0,005542
胁械褉褋懈褟 0,013423 0,000016
胁褉械屑褟 0,013423 0,000016
薪懈卸械 0,013423 0,000048
泻薪芯锌泻邪 0,013423 0,000016
褉芯褋褋懈褟 0,006689 0,000097
褋芯褑懈邪谢褜薪褘泄 1,678431 0,002020
褌械谐 0,190354 0,000229
褋胁芯泄 0,867501 0,001044
蟹邪褉械谐懈褋褌褉懈褉芯胁邪褌褜 0,013423 0,000016
褉邪薪械械 0,013423 0,000016
锌芯写泻邪褋褌 0,292136 0,000352
谐谢邪胁薪褘泄 0,013423 0,000016
锌褉芯斜谢械屑邪 0,013423 0,000016
褌褉械斜芯胁邪薪懈械 1,832581 0,002205
写邪薪薪褘械 0,013423 0,000129
褋褍写薪芯 3,401197 0,004093
谐芯褉芯写 0,013423 0,000016
褉邪蟹斜谢芯泻懈褉芯胁邪褌褜 0,013423 0,000048
芯褌泻谢芯薪懈褌褜 5,010635 0,006030
褍斜械写懈褌褜 5,010635 0,006030
褎芯褌芯谐褉邪褎懈褟 0,013423 0,000016
屑芯褕械薪薪懈褔械褋褌胁芯 3,912023 0,004708
褋谢械写芯胁邪褌褜 2,014903 0,002425
褋邪泄褌 0,013423 0,000048
锌芯谢械 0,013423 0,000129
褔邪褋 0,013423 0,000032
褔邪褌 0,013423 0,000032
锌芯谢械蟹薪褘泄 0,143101 0,000172
薪芯胁芯褋褌械泄屑芯谢薪懈褟 0,013423 0,000016
薪邪锌懈褋邪褌褜 0,013423 0,000016
谐邪谢芯褔泻邪 0,013423 0,000016
蟹邪斜谢芯泻懈褉芯胁邪褌褜 0,013423 0,000032
锌械褉械褌邪褖懈褌褜 0,013423 0,000048
薪褍卸写邪褌褜褋褟 3,624341 0,004361
褋芯谐谢邪褕邪褌褜褋褟 0,013423 0,000016
褌褍褉懈蟹屑 0,283247 0,000341
褋薪邪褔邪谢邪 0,013423 0,000016
锌芯写写械褉卸懈胁邪械褌褋褟锌芯谢褍褔懈褌褜 0,013423 0,000016
邪写褉械褋 0,013423 0,000081
写褉褍谐芯泄 0,013423 0,000048
褋芯芯褌胁械褌褋褌胁懈械 0,013423 0,000032
褍薪懈褌邪褉薪褘泄 0,013423 0,000048
写邪胁邪褌褜 0,013423 0,000032
锌芯泻邪蟹邪褌褜 0,013423 0,000016
芯褌锌褉邪胁泻邪 0,013423 0,000016
蟹邪谐褉褍蟹懈褌褜 0,013423 0,000032
薪邪锌褉邪胁谢械薪懈械 0,013423 0,000016
褌械谢械褎芯薪 0,013423 0,000016
锌邪褉芯谢褜 0,013423 0,000178
懈褋锌芯谢薪懈褌械谢褜 5,010635 0,006030
锌褉懈谐芯胁芯褉 3,064725 0,003688
褏芯褌褟 2,371578 0,002854
褉械写邪泻褑懈褟 0,013423 0,000048
褍写邪谢懈褌褜 0,013423 0,000065
锌芯泻邪 1,919593 0,002310
胁褋褌褍锌懈褌褜 3,401197 0,004093
写芯谢卸薪褘泄 0,013423 0,000032
胁褏芯写 0,013423 0,000032
褔懈褌邪褌褜 0,791128 0,000952
胁褘褋械谢懈褌褜 3,218876 0,042608
芯锌懈褋邪褌褜 0,013423 0,000016
褉邪蟹屑械褖械薪懈械 0,013423 0,000016
褋泻芯谢褜泻芯 0,006689 0,000008
谐芯胁芯褉懈褌褜褋褟 2,371578 0,002854
邪胁褌芯褉 0,013423 0,000016
褋褌邪褉褘泄 0,013423 0,000016
褋芯芯斜褖械薪懈械 0,013423 0,000226
锌芯谢褜蟹芯胁邪薪懈械 4,317488 0,005196
懈褞薪褜 1,875141 0,002256
泻褉芯屑械 1,919593 0,002310
锌褉芯懈褋褕械褋褌胁懈械 0,292136 0,001406
锌芯写褌胁械褉写懈褌褜 0,013423 0,000016
锌褉械写褋械写邪褌械谢褜 3,064725 0,007376
褋谢褍卸械斜薪褘泄 4,317488 0,010391
芯斜薪芯胁懈褌褜 0,985284 0,001186
褍褖械褉斜 3,912023 0,004708
锌芯泻懈薪褍褌褜 3,218876 0,003873
锌芯谢芯卸械薪懈械 2,612740 0,003144
写械锌褍褌邪褌 3,218876 0,003873
锌芯写褌胁械褉卸写邪褌褜 0,013423 0,000016
锌芯谢褜蟹芯胁邪褌褜褋褟 2,931194 0,003527
芯褑械薪懈褌褜 2,525729 0,003039
谐邪胁褉懈谢芯胁 0,013423 0,000016
褍褔褉械写懈褌械谢褜 0,013423 0,000016
邪胁褌芯褉懈蟹邪褑懈褟 0,013423 0,000016
屑械写懈邪斜邪薪泻邪谢械泻褋邪薪写褉 4,317488 0,005196
褉械谢懈谐懈褟 0,283247 0,000341
褉械泄褌懈薪谐 0,006689 0,000008
邪褋械械胁 5,010635 0,060296
褋胁芯斜芯写邪 3,064725 0,003688
褎芯褉屑邪 0,013423 0,000194
写芯屑 1,514128 0,001822
褋褋褘谢泻邪 0,013423 0,000065
泻芯屑屑褍薪懈泻邪褑懈褟 0,013423 0,000016
屑芯泄 0,013423 0,000081
泻褍谢褜褌褍褉邪 0,292136 0,000352
邪褉褏懈胁 0,190354 0,000229
锌芯屑芯褔褜 0,013423 0,000016
锌褉懈胁邪褌懈蟹邪褑懈褟 5,010635 0,012059
胁懈薪芯胁薪褘泄 4,317488 0,005196
褋芯胁械褌褋泻懈泄 2,371578 0,002854
褋褌邪褌褜褟 0,013423 0,000016
邪泻邪写械屑懈泻 3,912023 0,023538
懈褋泻芯胁褘泄 4,317488 0,005196
芯锌懈褋邪薪懈械 0,013423 0,000016
褌褉褢褏谢械褌薪懈泄 4,317488 0,005196
锌褉芯褑械褋褋 0,013423 0,000016
薪械写胁懈卸懈屑芯褋褌褜 0,292136 0,000352
褉芯褋泻芯屑薪邪写蟹芯褉 0,013423 0,000016
褌械褏薪芯谢芯谐懈褟 0,013423 0,000032
褋芯斜褋褌胁械薪薪芯褋褌褜 2,813411 0,003386
褉械写邪泻褌芯褉 0,013423 0,000016
褎谐褍锌 0,499776 0,003007
胁薪邪褢屑 5,010635 0,006030
锌芯谢褍褔懈褌褜 0,985284 0,001186
泻芯薪褌邪泻褌 0,013423 0,000016
屑芯褋泻胁邪 0,006689 0,000032
锌褉懈褢屑 3,624341 0,004361
写芯褔褜 5,010635 0,006030
胁芯褋锌芯谢褜蟹芯胁邪褌褜褋褟 0,013423 0,000065
褌械屑邪 0,013423 0,000048
褋械褉胁懈褋 0,174353 0,000210
谐芯褋褍写邪褉褋褌胁械薪薪褘泄 0,013423 0,000048
写懈褋泻褍褋褋懈褟 0,013423 0,000032
薪邪褢屑 4,317488 0,005196
泻胁邪褉褌懈褉邪 2,612740 0,006288
褋胁褟蟹邪薪薪褘泄 0,013423 0,000032
褋谢褍卸斜邪 0,006689 0,000016
褉懈邪 0,006689 0,000097
薪芯褟斜褉褜 1,514128 0,001822
蟹邪屑械褌懈褌褜 0,013423 0,000016
谐芯褋褌褜 3,218876 0,003873
蟹邪泻褉褘褌褘泄 0,013423 0,000016
芯斜褉邪褖邪褌褜 0,013423 0,000016
锌褉懈蟹薪邪薪懈械 3,912023 0,009415
褉械泻芯屑械薪写邪褌械谢褜薪褘泄 0,013423 0,000016
写邪谢械械 0,013423 0,000032
锌褉邪胁芯 2,066196 0,004973
谐芯写 0,006689 0,000024
屑械写懈邪斜邪薪泻 1,321756 0,001591
褏芯褌械褌褜 0,006689 0,000008
芯褌泻褉褘胁邪褌褜 0,013423 0,000032
锌械褉械泄褌懈 0,013423 0,000048
屑械卸写褍薪邪褉芯写薪褘泄 0,013423 0,000048
褋褌邪褌褜 0,851752 0,001025
褋褔褢褌 2,014903 0,002425
邪泻邪写械屑谐芯褉芯写芯泻 5,010635 0,006030
褉械褕懈褌褜 1,919593 0,016170
泻芯褌芯褉褘泄 0,603916 0,001453
褕褌褉邪褎 3,064725 0,003688
芯斜褉邪褖械薪懈械 0,013423 0,000048
邪谐械薪褌褋褌胁芯 0,013423 0,000065
锌褉芯胁械褋褌懈 1,919593 0,002310
褋锌械褑锌褉芯械泻褌 0,190354 0,000229
屑邪褋褋芯胁褘泄 0,013423 0,000016
芯斜褉邪斜芯褌泻邪 0,013423 0,000081
褝褌芯 0,013423 0,000016
褉械蟹懈写械薪褑懈褟 3,624341 0,004361
邪胁褌芯褉懈蟹芯胁邪褌褜褋褟 0,013423 0,000032
褍写芯胁谢械褌胁芯褉懈褌褜 4,317488 0,005196
锌褉械蟹懈写懈褍屑 5,010635 0,006030
胁褘斜褉邪褌褜 0,013423 0,000048
褋械谐芯写薪褟 0,013423 0,000162
薪芯胁芯褋褌褜 0,006689 0,000113
锌褉芯褋懈褌褜 0,013423 0,000016
锌芯泻褍褕械薪懈械 3,624341 0,004361
邪褋械械胁褉芯褋褋懈泄褋泻懈泄 5,010635 0,006030
薪芯胁褘械褋薪邪褔邪谢邪 0,013423 0,000016
蟹邪褉械谐懈褋褌褉懈褉芯胁邪褌褜褋褟 0,013423 0,000081
锌芯卸邪谢芯胁邪褌褜褋褟 0,006689 0,000008
胁芯泄褌懈 0,006689 0,000032
写芯褉芯谐邪 3,064725 0,003688
褕邪锌泻邪 0,013423 0,000016
芯褌锌褉邪胁懈褌褜 0,013423 0,000226
谐芯褋褍写邪褉褋褌胁芯 2,177422 0,005240
锌褉芯写芯谢卸懈褌褜 0,006689 0,000008
褉械褕械薪懈械 0,006689 0,000024
芯蟹薪邪泻芯屑懈褌褜 0,013423 0,000016
胁褋褌褉械褔薪褘泄 5,010635 0,006030
谢懈褕械薪懈械 3,218876 0,003873
胁邪泻邪薪褋懈褟 0,013423 0,000016
褝谢 0,013423 0,000016
屑褘 0,013423 0,000113
锌褉芯褋褌邪胁谢褟褌褜 0,013423 0,000016
褉邪写懈芯 0,274437 0,000330
褍褔邪褋褌懈械 0,006689 0,000008
写蟹械薪 0,851752 0,001025
锌褉懈谐芯胁芯褉懈褌褜 3,912023 0,004708
邪泻泻邪褍薪褌 0,013423 0,000081
褝泻芯薪芯屑懈泻邪 0,292136 0,000352
蟹邪褖懈褌邪 0,013423 0,000065
褉械谐懈褋褌褉邪褑懈褟 0,013423 0,000097
芯斜褋褍卸写械薪懈械 0,013423 0,000032
薪邪锌褋芯 5,010635 0,006030
芯锌械褔邪褌泻邪 0,013423 0,000016
懈褋锌芯谢褜蟹芯胁邪褌褜 0,013423 0,000016
锌芯褔械屑褍 0,013423 0,000016
褉褍斜谢褜 2,302585 0,005542
胁芯褋褋褌邪薪芯胁谢械薪懈械 0,013423 0,000065
芯薪谢邪泄薪 0,013423 0,000016
锌芯褔褌邪 0,013423 0,000113
斜谢芯泻懈褉芯胁泻邪 0,013423 0,000065
芯褋褍褖械褋褌胁谢褟褌褜褋褟 0,013423 0,000016
芯褋褍写懈褌褜 3,401197 0,004093
邪锌褉械谢褜 0,013423 0,000016
胁泻芯薪褌邪泻褌械 0,013423 0,000032
卸懈谢褜褢 3,218876 0,003873
蟹邪褌械屑 1,791759 0,002156
褎邪屑懈谢懈褟 0,013423 0,000016
谢芯谐懈薪 0,013423 0,000016
泻芯薪褎懈写械薪褑懈邪谢褜薪芯褋褌褜 0,013423 0,000065
薪邪褉褍褕械薪懈械 0,013423 0,000048
薪邪胁褋械谐写邪 0,013423 0,000016
褎谐斜 5,010635 0,006030
褟薪写械泻褋 0,013423 0,000032
褎懈泻褌懈胁薪褘泄 4,317488 0,005196
写械泄褋褌胁懈械 0,013423 0,000016
谢懈斜芯 0,013423 0,000016
芯斜褖懈泄 2,014903 0,002425
褉械谢懈蟹 0,013423 0,000032
褎械写械褉邪谢褜薪褘泄 0,013423 0,000065
薪邪卸懈屑邪褌褜 0,013423 0,000016
褋懈斜懈褉褋泻懈泄 3,218876 0,007747
薪邪蟹邪写 0,013423 0,000081
褋锌懈褋芯泻 0,013423 0,000016
芯斜褟蟹邪褌褜 2,813411 0,003386
褋械屑褜褟 2,014903 0,002425
褌褘褋褟褔邪 1,919593 0,002310
锌芯懈褋泻 0,013423 0,000016
褉械屑芯薪褌 3,401197 0,004093
芯斜褟蟹邪褌械谢褜薪褘泄 0,013423 0,000113
褎械胁褉邪谢褜 0,567984 0,000683
芯褕懈斜泻邪 0,013423 0,000048
胁芯锌褉芯褋 0,006689 0,000032
蟹褍斜芯胁褋泻懈泄 0,013423 0,000032
锌芯锌褉芯斜芯胁邪褌褜 0,013423 0,000016
蟹邪锌芯谢薪械薪懈械 0,013423 0,000113
蟹邪锌芯谢薪懈褌褜 0,013423 0,000113
胁械褉薪褍褌褜 2,120264 0,002551
胁薪懈屑邪薪懈械 0,013423 0,000016
锌褉懈薪懈屑邪褌褜 0,013423 0,000016
褍褋谢芯胁懈械 1,321756 0,001591
胁邪褕 0,013423 0,000258
芯斜褖械褋褌胁芯 0,257045 0,000309
懈屑褟 0,013423 0,000081
褋褉芯泻 0,013423 0,000048
胁褘锌褍褋泻 0,013423 0,000016
芯褋薪芯胁邪薪懈械 0,013423 0,000016
懈蟹写邪薪懈械 0,013423 0,000016
斜褍谢褜胁邪褉 0,013423 0,000032
褋械褌械胁芯泄 0,013423 0,000016
邪谢械泻褋械械胁 4,317488 0,005196
薪邪写蟹芯褉 0,013423 0,000016
懈褋锌芯谢褜蟹芯胁邪薪懈械 0,013423 0,000016
锌芯褋褌邪薪芯胁懈褌褜 4,317488 0,010391
褎械胁 1,399717 0,001684
胁薪芯胁褜 0,013423 0,000016
褋屑械薪懈褌褜 0,013423 0,000016
屑懈谢谢懈芯薪 2,445686 0,002943
锌褉械写锌褉懈褟褌懈械 0,013423 0,000048
褋锌芯褋芯斜 0,013423 0,000032
屑邪褌械褉懈邪谢 0,013423 0,000129
薪邪褍泻邪 0,283247 0,002045
褍褔邪褋褌胁芯胁邪褌褜 0,013423 0,000032
褋芯芯斜褖懈褌褜 0,013423 0,000032
芯斜褉邪褌薪褘泄 0,013423 0,000113
芯斜谢邪褋褌薪芯泄 3,401197 0,004093
锌褉芯写褍泻褌 0,135438 0,000163
锌褉芯懈蟹芯泄褌懈 0,013423 0,000016
斜褘褌褜 0,013423 0,000016
褍褋锌械褕薪芯 0,013423 0,000016
褋泻褉懈薪褕芯褌 0,013423 0,000048
