долгий 3,218876 0,002437
приводить 3,912023 0,002961
законный 0,013423 0,000010
новый 0,006689 0,000041
дальнобойный 5,010635 0,003793
день 0,591795 0,000448
оборона 2,066196 0,009385
найти 0,013423 0,000010
письмо 0,013423 0,000020
удаваться 5,010635 0,007586
лишиться 3,912023 0,002961
спасибо 0,013423 0,000010
аэрокосмичесиха 5,010635 0,003793
выйти 2,371578 0,001795
расширить 0,006689 0,000005
отставать 3,218876 0,014620
согласие 0,013423 0,000020
центр 0,166448 0,000252
удар 2,120264 0,004815
доступ 0,013423 0,000030
пойти 2,708050 0,002050
миа 0,013423 0,000051
народный 2,177422 0,008242
задать 0,013423 0,000010
множество 2,931194 0,002219
закупать 4,317488 0,003268
конфликт 2,371578 0,007181
визуализация 5,010635 0,003793
стабильный 3,624341 0,002744
помощь 1,321756 0,001001
связаться 0,013423 0,000061
декабрь 0,985284 0,000746
производство 2,612740 0,001978
полтысяча 5,010635 0,007586
островной 5,010635 0,003793
хинота 5,010635 0,003793
г 0,013423 0,000020
реклама 0,013423 0,000020
фото 0,013423 0,000051
невидимка 5,010635 0,007586
политика 0,013423 0,000051
связь 0,006689 0,000041
добиться 2,302585 0,001743
м 2,302585 0,001743
полуночный 5,010635 0,003793
о 0,013423 0,000010
насколько 3,624341 0,002744
исследование 3,064725 0,004640
ядерный 2,813411 0,002130
течение 0,013423 0,000010
китай 1,714798 0,029856
самолёт 3,401197 0,018023
тактический 4,317488 0,003268
потенциальный 3,912023 0,005923
обращаться 2,371578 0,001795
сила 1,455287 0,004407
мир 0,223144 0,000676
весь 1,021651 0,001547
пройти 0,006689 0,000005
заголовок 0,013423 0,000020
информационный 0,013423 0,000041
экспедиционный 5,010635 0,003793
подразумеваться 5,010635 0,003793
рассмотреть 0,013423 0,000010
расположить 0,013423 0,000020
проект 2,014903 0,004576
планировать 2,612740 0,001978
время 0,013423 0,000041
быстро 2,177422 0,001648
кнопка 0,013423 0,000010
десантный 5,010635 0,007586
республика 2,302585 0,001743
ранее 0,013423 0,000020
главный 0,013423 0,000041
подкаст 0,292136 0,000221
проблема 0,013423 0,000010
начальник 4,317488 0,003268
причём 2,708050 0,002050
данные 0,013423 0,000081
развернуть 4,317488 0,006537
флот 3,064725 0,009280
одержать 4,317488 0,003268
также 1,139434 0,000863
атр 5,010635 0,003793
господство 5,010635 0,007586
город 0,013423 0,000010
разблокировать 0,013423 0,000030
тайваньский 5,010635 0,003793
корабельный 5,010635 0,003793
чан 4,317488 0,006537
фотография 0,013423 0,000010
следовать 2,014903 0,001525
час 0,013423 0,000020
чат 0,013423 0,000020
новостеймолния 0,013423 0,000010
написать 0,013423 0,000010
корабль 3,624341 0,005487
прийтись 2,708050 0,002050
соглашаться 0,013423 0,000010
северный 2,177422 0,001648
сначала 0,013423 0,000010
находиться 2,177422 0,001648
вьетнамский 3,218876 0,002437
ноак 5,010635 0,007586
гипотетический 5,010635 0,003793
эффективно 4,317488 0,003268
показать 0,013423 0,000010
лётчик 5,010635 0,003793
победить 3,218876 0,002437
отследить 4,317488 0,003268
конгресс 4,317488 0,003268
судить 3,912023 0,002961
миллиард 3,064725 0,004640
пароль 0,013423 0,000112
задача 2,177422 0,001648
вооружённый 2,014903 0,007626
массировать 4,317488 0,003268
хотя 2,371578 0,003591
однако 1,966113 0,007442
удалить 0,013423 0,000041
кнручение 5,010635 0,003793
серьёзный 2,525729 0,003824
объективный 3,912023 0,002961
вход 0,013423 0,000020
надёжно 4,317488 0,003268
читать 0,791128 0,000599
система 1,919593 0,001453
описать 0,013423 0,000010
минобороны 2,525729 0,001912
размещение 0,013423 0,000010
медиабанкэсминец 5,010635 0,003793
сколько 0,006689 0,000005
воздержаться 3,912023 0,002961
генерал 3,912023 0,002961
один 1,098612 0,001663
признавать 4,317488 0,003268
оценка 2,931194 0,002219
подавить 5,010635 0,003793
пример 2,813411 0,002130
подтверждать 0,013423 0,000010
гаврилов 0,013423 0,000010
учредитель 0,013423 0,000010
часть 1,373049 0,003118
лишь 2,371578 0,001795
распоряжение 3,624341 0,008231
япония 3,218876 0,002437
ссылка 0,013423 0,000041
коммуникация 0,013423 0,000010
пекин 3,401197 0,005149
задействовать 3,624341 0,008231
мой 0,013423 0,000051
лето 2,931194 0,002219
момент 2,014903 0,001525
формирование 2,931194 0,002219
архив 0,190354 0,000144
помочь 0,013423 0,000010
геополитический 3,912023 0,002961
осознать 3,912023 0,005923
заявить 1,272966 0,000964
мерка 5,010635 0,003793
сша 1,118815 0,019480
ресурс 2,612740 0,001978
описание 0,013423 0,000010
лидер 2,813411 0,002130
процесс 0,013423 0,000010
стремительный 4,317488 0,003268
заменить 2,813411 0,002130
южный 2,931194 0,002219
авиационный 4,317488 0,016342
способный 3,064725 0,002320
тыл 4,317488 0,003268
роскомнадзор 0,013423 0,000010
технология 0,013423 0,000020
отрабатывать 5,010635 0,003793
полагаться 4,317488 0,003268
ракета 3,401197 0,002575
приблизиться 5,010635 0,003793
качество 2,177422 0,001648
авиация 4,317488 0,006537
москва 0,006689 0,000015
секрет 2,445686 0,001851
ракетоносец 5,010635 0,003793
масштабный 3,624341 0,002744
атака 2,931194 0,002219
воспользоваться 0,013423 0,000041
замена 3,624341 0,002744
резерв 5,010635 0,003793
филиппина 5,010635 0,003793
результат 1,714798 0,002596
молотый 3,064725 0,002320
далее 0,013423 0,000020
реагировать 5,010635 0,003793
перспективный 4,317488 0,013073
хотеть 0,006689 0,000005
открывать 0,013423 0,000020
зона 2,371578 0,003591
перейти 0,013423 0,000030
армия 2,120264 0,012840
решать 3,912023 0,002961
японский 2,931194 0,004438
нужно 1,455287 0,001102
кнр 3,912023 0,014807
потенциал 3,912023 0,002961
условный 5,010635 0,011379
наращивать 3,912023 0,002961
совместный 3,912023 0,008884
немедленно 5,010635 0,003793
обращение 0,013423 0,000030
провести 1,919593 0,002906
операция 1,752539 0,003980
это 0,013423 0,000061
массовый 0,013423 0,000020
спецпроект 0,190354 0,000144
обработка 0,013423 0,000051
украинский 1,576648 0,001194
желаемый 3,624341 0,002744
рост 2,708050 0,002050
американец 2,525729 0,005736
комиссия 2,931194 0,002219
новость 0,006689 0,000066
вашингтон 2,120264 0,012840
иметься 3,401197 0,007724
противостояние 3,064725 0,002320
зарегистрироваться 0,013423 0,000051
пожаловаться 0,006689 0,000005
средний 1,832581 0,001387
войти 0,006689 0,000020
симуляция 5,010635 0,007586
возраст 2,177422 0,001648
шестой 3,912023 0,005923
эл 0,013423 0,000010
радио 0,274437 0,000208
коц 5,010635 0,018965
дзен 0,851752 0,000645
защита 0,013423 0,000041
считать 2,014903 0,001525
остров 3,064725 0,006960
регистрация 0,013423 0,000051
минимум 2,371578 0,001795
сбить 3,912023 0,002961
почему 0,013423 0,000010
восстановление 0,013423 0,000041
признаваться 4,317488 0,003268
наносить 3,912023 0,008884
бомбардировщик 5,010635 0,049310
внушительный 4,317488 0,003268
объект 2,708050 0,002050
воевать 2,813411 0,002130
вконтакте 0,013423 0,000020
ускорение 4,317488 0,003268
страдать 3,624341 0,002744
программа 1,919593 0,001453
логин 0,013423 0,000010
конфиденциальность 0,013423 0,000041
нарушение 0,013423 0,000030
навсегда 0,013423 0,000010
корейский 3,218876 0,002437
тайвань 5,010635 0,022758
действие 0,013423 0,000020
общий 2,014903 0,001525
детский 2,612740 0,001978
релиз 0,013423 0,000010
назад 0,013423 0,000061
болезнь 3,624341 0,002744
истребитель 5,010635 0,015172
первый 0,883501 0,001338
список 0,013423 0,000010
техника 2,708050 0,008200
тихоокеанский 5,010635 0,007586
виталий 3,624341 0,005487
обязательный 0,013423 0,000071
февраль 0,567984 0,000430
ошибка 0,013423 0,000030
институт 3,401197 0,007724
вопрос 0,006689 0,000025
бюджет 3,401197 0,002575
зубовский 0,013423 0,000020
игра 1,609438 0,001218
поломка 5,010635 0,003793
компания 1,919593 0,001453
заполнить 0,013423 0,000071
мощь 3,912023 0,005923
именно 2,066196 0,001564
против 1,966113 0,001488
ваш 0,013423 0,000163
общество 0,257045 0,000389
имя 0,013423 0,000051
срок 0,013423 0,000041
больший 2,014903 0,001525
основание 0,013423 0,000010
срочно 3,912023 0,002961
издание 0,013423 0,000010
бульвар 0,013423 0,000020
сетевой 0,013423 0,000010
ложный 5,010635 0,003793
использование 0,013423 0,000010
фев 1,399717 0,001060
пора 2,525729 0,003824
вновь 0,013423 0,000010
самый 0,967584 0,001465
сменить 0,013423 0,000010
беспилотник 3,624341 0,002744
российско 4,317488 0,009805
материал 0,013423 0,000102
участвовать 0,013423 0,000020
сообщить 0,013423 0,000010
быть 0,013423 0,000071
аналитик 3,064725 0,002320
успешно 0,013423 0,000010
учение 3,624341 0,008231
скриншот 0,013423 0,000030
истечь 0,013423 0,000010
продолжение 3,624341 0,002744
боевой 3,218876 0,002437
лента 0,006689 0,000010
достаточный 4,317488 0,003268
мультидоменный 5,010635 0,003793
разработка 3,401197 0,002575
сфера 0,013423 0,000010
электронный 0,013423 0,000010
ввс 3,912023 0,035537
спорт 0,190354 0,000144
моделирующий 5,010635 0,003793
проверка 2,708050 0,002050
аэрокосмический 5,010635 0,003793
этот 1,514128 0,001146
неизвестно 3,912023 0,002961
свидетельство 0,013423 0,000010
прошлое 2,813411 0,002130
комментирование 0,013423 0,000020
вскрыть 5,010635 0,003793
уверить 3,218876 0,002437
блокироваться 0,013423 0,000010
правило 0,013423 0,000051
сохранить 0,013423 0,000010
министерство 1,966113 0,010418
наземный 5,010635 0,003793
миресшакитайвашингтон 5,010635 0,003793
удаться 2,708050 0,002050
небо 3,401197 0,002575
воздух 3,218876 0,002437
взаимодействие 0,013423 0,000041
применение 0,013423 0,000010
дать 0,013423 0,000020
призвать 2,525729 0,001912
пресс 0,013423 0,000020
согласный 0,013423 0,000030
персональный 0,013423 0,000081
перетянуть 0,013423 0,000010
стремление 5,010635 0,003793
смочь 0,006689 0,000005
использоваться 0,006689 0,000010
легенда 3,624341 0,002744
вплотную 5,010635 0,003793
готовый 0,006689 0,000020
важно 2,120264 0,001605
признать 1,966113 0,008930
драться 4,317488 0,003268
закупить 5,010635 0,003793
гораздо 3,218876 0,002437
дата 0,006689 0,000005
одноклассник 0,013423 0,000020
недопустимый 0,013423 0,000010
вы 0,013423 0,000010
фио 0,013423 0,000010
пентагон 3,624341 0,021949
стратегический 2,931194 0,017751
восстановить 0,013423 0,000010
пожалуйста 0,013423 0,000010
проводить 2,445686 0,001851
цель 1,966113 0,002977
китайский 2,238047 0,008471
давно 3,218876 0,002437
обойтись 3,064725 0,002320
условно 3,912023 0,002961
морской 3,218876 0,012183
версия 0,013423 0,000010
ниже 0,013423 0,000030
россия 0,006689 0,000051
сутки 2,371578 0,001795
тег 0,190354 0,000144
свой 0,867501 0,000657
основать 3,624341 0,002744
зарегистрировать 0,013423 0,000010
парк 3,624341 0,005487
убедиться 3,401197 0,005149
штаб 3,912023 0,002961
получиться 2,177422 0,001648
пара 2,177422 0,001648
компенсировать 3,218876 0,004873
судно 3,401197 0,002575
сайт 0,013423 0,000030
поле 0,013423 0,000081
американский 1,966113 0,004465
полезный 0,143101 0,000108
галочка 0,013423 0,000010
сложный 1,966113 0,001488
штат 2,014903 0,007626
заблокировать 0,013423 0,000020
перетащить 0,013423 0,000030
туризм 0,283247 0,000214
намерение 4,317488 0,003268
поддерживаетсяполучить 0,013423 0,000010
адрес 0,013423 0,000051
другой 0,013423 0,000030
соответствие 0,013423 0,000020
запрет 3,218876 0,002437
унитарный 0,013423 0,000030
прийти 2,445686 0,001851
тяжело 3,624341 0,002744
вынудить 3,624341 0,002744
давать 0,013423 0,000020
отправка 0,013423 0,000010
списание 4,317488 0,003268
загрузить 0,013423 0,000020
направление 0,013423 0,000010
телефон 0,013423 0,000010
регулярно 3,401197 0,002575
редакция 0,013423 0,000030
иначе 2,931194 0,002219
дешёвый 3,218876 0,002437
пока 1,919593 0,004359
должный 0,013423 0,000020
факт 2,302585 0,001743
сей 2,931194 0,002219
исчерпание 5,010635 0,003793
контроль 2,371578 0,001795
автор 0,013423 0,000020
старый 0,013423 0,000010
сообщение 0,013423 0,000142
короткий 3,401197 0,002575
сухопутный 5,010635 0,007586
кроме 1,919593 0,001453
войско 3,064725 0,004640
азиатско 5,010635 0,007586
недостаточно 3,064725 0,004640
происшествие 0,292136 0,000221
неисправность 4,317488 0,003268
подтвердить 0,013423 0,000010
правительство 1,875141 0,001419
правительственный 4,317488 0,003268
обновить 0,985284 0,000746
эксперт 1,373049 0,003118
подверженный 5,010635 0,003793
закрывать 5,010635 0,003793
численность 4,317488 0,003268
пво 3,912023 0,002961
война 2,238047 0,005083
указывать 2,708050 0,002050
цепь 5,010635 0,003793
авторизация 0,013423 0,000010
религия 0,283247 0,000214
рейтинг 0,006689 0,000005
форма 0,013423 0,000122
брать 2,445686 0,001851
аньковы 4,317488 0,006537
культура 0,292136 0,000221
иран 2,445686 0,003703
статья 0,013423 0,000010
соответственно 3,401197 0,002575
промышленность 2,813411 0,002130
отношение 1,791759 0,001356
недвижимость 0,292136 0,000221
возрастной 4,317488 0,003268
мировой 2,371578 0,001795
редактор 0,013423 0,000010
море 2,931194 0,006657
фгуп 0,499776 0,001135
многий 3,064725 0,002320
исправность 5,010635 0,003793
близкий 2,066196 0,003128
получить 0,985284 0,000746
контакт 0,013423 0,000010
исключительно 2,708050 0,002050
план 1,678431 0,001271
доллар 2,708050 0,002050
тема 0,013423 0,000030
сервис 0,174353 0,000132
государственный 0,013423 0,000030
дискуссия 0,013423 0,000020
связанный 0,013423 0,000020
сорвать 5,010635 0,003793
вмс 4,317488 0,009805
служба 0,006689 0,000005
риа 0,006689 0,000056
заметить 0,013423 0,000010
заниматься 3,218876 0,002437
закрытый 0,013423 0,000010
обращать 0,013423 0,000010
рекомендательный 0,013423 0,000010
противник 3,064725 0,002320
серия 2,302585 0,003486
заместитель 3,912023 0,002961
оспаривать 4,317488 0,003268
будущее 2,238047 0,001694
год 0,006689 0,000015
вражеский 4,317488 0,003268
медиабанк 1,321756 0,001001
базирование 4,317488 0,003268
топливозаправщик 5,010635 0,003793
международный 0,013423 0,000030
андрей 2,302585 0,008715
реальность 3,064725 0,002320
лейтенант 4,317488 0,003268
соперник 4,317488 0,003268
завоевать 3,064725 0,002320
потеря 2,066196 0,015641
безопасность 1,919593 0,004359
решить 1,919593 0,001453
вывод 3,401197 0,005149
который 0,603916 0,000914
агентство 0,013423 0,000041
следующий 1,427116 0,001080
располагать 4,317488 0,003268
победа 2,066196 0,004692
авторизоваться 0,013423 0,000020
скоординировать 5,010635 0,003793
выбрать 0,013423 0,000030
сегодня 0,013423 0,000091
масштаб 3,624341 0,005487
просить 0,013423 0,000010
случай 1,643339 0,001244
доклад 3,912023 0,002961
такой 1,098612 0,000832
клинт 5,010635 0,003793
поколение 4,317488 0,013073
битва 2,708050 0,002050
таков 4,317488 0,003268
безопасностьва 5,010635 0,003793
наня 5,010635 0,007586
новыесначала 0,013423 0,000010
нужный 1,643339 0,002488
предоставить 2,066196 0,001564
шапка 0,013423 0,000010
отправить 0,013423 0,000142
регион 1,919593 0,002906
отбивать 4,317488 0,003268
продолжить 0,006689 0,000005
миссия 4,317488 0,003268
успешный 3,912023 0,002961
полупроводник 5,010635 0,003793
решение 0,006689 0,000005
му 5,010635 0,007586
ознакомить 0,013423 0,000010
сконцентрировать 5,010635 0,003793
военный 1,514128 0,008023
вакансия 0,013423 0,000010
мы 0,013423 0,000071
проставлять 0,013423 0,000010
крайне 3,218876 0,002437
участие 0,006689 0,000005
утверждать 2,302585 0,003486
аккаунт 0,013423 0,000051
экономика 0,292136 0,000442
нечего 4,317488 0,003268
тот 1,576648 0,004774
обсуждение 0,013423 0,000020
опечатка 0,013423 0,000010
использовать 0,013423 0,000010
высокотехнологичный 5,010635 0,003793
уверенность 3,912023 0,002961
каждый 1,399717 0,003179
впк 3,912023 0,002961
онлайн 0,013423 0,000010
почта 0,013423 0,000071
освободительный 5,010635 0,022758
блокировка 0,013423 0,000041
осуществляться 0,013423 0,000010
три 2,120264 0,001605
апрель 0,013423 0,000010
фамилия 0,013423 0,000010
количество 1,919593 0,001453
яндекс 0,013423 0,000020
держава 3,912023 0,002961
мощность 3,064725 0,002320
либо 0,013423 0,000010
федеральный 0,013423 0,000041
нажимать 0,013423 0,000010
согласно 2,371578 0,001795
уточнять 2,445686 0,001851
митчелла 5,010635 0,003793
доказывать 4,317488 0,003268
эсминец 5,010635 0,003793
поиск 0,013423 0,000010
сотня 3,624341 0,002744
ценник 5,010635 0,003793
попробовать 0,013423 0,000010
заполнение 0,013423 0,000071
воздушный 3,064725 0,006960
борнео 5,010635 0,003793
подскочить 5,010635 0,003793
внимание 0,013423 0,000010
принимать 0,013423 0,000010
ревизия 5,010635 0,007586
солидный 5,010635 0,003793
отвечать 2,931194 0,002219
выпуск 0,013423 0,000010
огромный 2,302585 0,010458
танкерный 5,010635 0,003793
надзор 0,013423 0,000010
видеть 2,931194 0,002219
сообщать 3,218876 0,002437
финансирование 2,708050 0,002050
очень 1,678431 0,002541
миллион 2,445686 0,001851
предприятие 0,013423 0,000030
способ 0,013423 0,000020
наука 0,283247 0,000214
захват 5,010635 0,003793
агрессия 4,317488 0,003268
стадия 3,912023 0,002961
обратный 0,013423 0,000071
продукт 0,135438 0,000103
произойти 0,013423 0,000010
компьютерный 3,912023 0,002961
второй 1,427116 0,001080
задумываться 5,010635 0,003793
