бригада 3,218876 0,003979
истечь 0,013423 0,000017
лента 0,006689 0,000017
законный 0,013423 0,000017
ранение 3,624341 0,008960
новый 0,006689 0,000017
найти 0,013423 0,000017
письмо 0,013423 0,000033
отделение 2,612740 0,003230
сфера 0,013423 0,000017
электронный 0,013423 0,000017
спасибо 0,013423 0,000017
спорт 0,190354 0,000235
расширить 0,006689 0,000008
свидетельство 0,013423 0,000017
согласие 0,013423 0,000033
центр 0,166448 0,000206
комментирование 0,013423 0,000033
сердце 3,064725 0,003788
доступ 0,013423 0,000033
мозг 4,317488 0,005337
блокироваться 0,013423 0,000017
миа 0,013423 0,000116
задать 0,013423 0,000017
множество 2,931194 0,003623
помощь 1,321756 0,004901
связаться 0,013423 0,000100
отметить 2,014903 0,002491
правило 0,013423 0,000083
сохранить 0,013423 0,000017
г 0,013423 0,000033
реклама 0,013423 0,000033
фото 0,013423 0,000083
удаться 2,708050 0,003347
политика 0,013423 0,000083
связь 0,006689 0,000066
применение 0,013423 0,000017
взаимодействие 0,013423 0,000033
о 0,013423 0,000017
продолжаться 3,401197 0,004204
дать 0,013423 0,000033
пресс 0,013423 0,000033
согласный 0,013423 0,000050
персональный 0,013423 0,000133
оружие 2,445686 0,003023
новостиреспублик 5,010635 0,006194
перетянуть 0,013423 0,000017
течение 0,013423 0,000017
смочь 0,006689 0,000008
использоваться 0,006689 0,000008
готовый 0,006689 0,000017
обращаться 2,371578 0,002931
дата 0,006689 0,000008
мир 0,223144 0,000276
весь 1,021651 0,001263
пройти 0,006689 0,000008
заголовок 0,013423 0,000033
одноклассник 0,013423 0,000033
недопустимый 0,013423 0,000017
информационный 0,013423 0,000066
вы 0,013423 0,000017
фио 0,013423 0,000017
головной 3,912023 0,004836
восстановить 0,013423 0,000017
пожалуйста 0,013423 0,000017
екатеринбург 2,813411 0,003478
алтайобщество 5,010635 0,006194
рассмотреть 0,013423 0,000017
расположить 0,013423 0,000033
пациент 3,064725 0,053036
клинический 5,010635 0,012387
практика 2,612740 0,003230
версия 0,013423 0,000017
время 0,013423 0,000017
ниже 0,013423 0,000050
кнопка 0,013423 0,000017
россия 0,006689 0,000099
сутки 2,371578 0,029315
сознание 3,624341 0,004480
тег 0,190354 0,000235
проникновение 4,317488 0,005337
зарегистрировать 0,013423 0,000017
республика 2,302585 0,011385
ранее 0,013423 0,000017
подкаст 0,292136 0,000361
главный 0,013423 0,000017
проблема 0,013423 0,000017
данные 0,013423 0,000133
январь 1,040343 0,001286
город 0,013423 0,000017
разблокировать 0,013423 0,000050
фотография 0,013423 0,000017
барнаул 5,010635 0,030968
поле 0,013423 0,000149
сайт 0,013423 0,000050
час 0,013423 0,000050
чат 0,013423 0,000033
полезный 0,143101 0,000177
новостеймолния 0,013423 0,000017
написать 0,013423 0,000017
галочка 0,013423 0,000017
ранить 5,010635 0,006194
заблокировать 0,013423 0,000033
перетащить 0,013423 0,000050
соглашаться 0,013423 0,000017
туризм 0,283247 0,000350
сначала 0,013423 0,000017
поддерживаетсяполучить 0,013423 0,000017
адрес 0,013423 0,000083
другой 0,013423 0,000050
соответствие 0,013423 0,000033
требовать 2,120264 0,002621
унитарный 0,013423 0,000050
давать 0,013423 0,000033
показать 0,013423 0,000017
отправка 0,013423 0,000017
загрузить 0,013423 0,000033
направление 0,013423 0,000017
телефон 0,013423 0,000017
пароль 0,013423 0,000183
редакция 0,013423 0,000050
удалить 0,013423 0,000066
вход 0,013423 0,000033
должный 0,013423 0,000017
читать 0,791128 0,000978
описать 0,013423 0,000017
размещение 0,013423 0,000017
вконтактеснимок 5,010635 0,006194
сколько 0,006689 0,000008
автор 0,013423 0,000017
старый 0,013423 0,000017
сообщение 0,013423 0,000232
происшествие 0,292136 0,000361
подтвердить 0,013423 0,000017
попасть 2,708050 0,003347
обновить 0,985284 0,001218
длительный 3,064725 0,003788
подтверждать 0,013423 0,000017
гаврилов 0,013423 0,000017
учредитель 0,013423 0,000017
инцидент 4,317488 0,005337
авторизация 0,013423 0,000017
религия 0,283247 0,000350
рейтинг 0,006689 0,000008
форма 0,013423 0,000199
ссылка 0,013423 0,000066
коммуникация 0,013423 0,000017
мой 0,013423 0,000100
культура 0,292136 0,000361
нейрохирургический 5,010635 0,006194
архив 0,190354 0,000235
помочь 0,013423 0,000017
статья 0,013423 0,000017
больница 2,931194 0,010870
вконтактенейрохирург 5,010635 0,006194
описание 0,013423 0,000017
процесс 0,013423 0,000017
недвижимость 0,292136 0,000361
роскомнадзор 0,013423 0,000017
ходить 2,813411 0,031299
технология 0,013423 0,000033
подобный 3,624341 0,008960
редактор 0,013423 0,000017
фгуп 0,499776 0,003089
ккбсмп 5,010635 0,037162
контакт 0,013423 0,000017
нейрохирург 5,010635 0,030968
зрение 3,401197 0,004204
москва 0,006689 0,000017
воспользоваться 0,013423 0,000066
тема 0,013423 0,000050
осколок 4,317488 0,005337
сервис 0,174353 0,000216
государственный 0,013423 0,000050
врач 2,014903 0,017434
дискуссия 0,013423 0,000033
алтай 3,624341 0,022400
связанный 0,013423 0,000033
служба 0,006689 0,000008
риа 0,006689 0,000083
заметить 0,013423 0,000017
встречаться 3,401197 0,004204
закрытый 0,013423 0,000017
обращать 0,013423 0,000017
рекомендательный 0,013423 0,000017
далее 0,013423 0,000033
заведовать 4,317488 0,005337
год 0,006689 0,000008
усилие 3,218876 0,003979
десятый 3,912023 0,004836
спасти 2,238047 0,035964
хотеть 0,006689 0,000008
открывать 0,013423 0,000033
предстоять 3,401197 0,004204
перейти 0,013423 0,000017
лечение 3,064725 0,003788
международный 0,013423 0,000050
половина 2,813411 0,003478
достаточно 2,445686 0,003023
медицинский 3,064725 0,015153
черданец 5,010635 0,006194
потеря 2,066196 0,002554
который 0,603916 0,008211
снимка 4,317488 0,005337
обращение 0,013423 0,000050
агентство 0,013423 0,000066
операция 1,752539 0,002166
это 0,013423 0,000033
спецпроект 0,190354 0,000235
массовый 0,013423 0,000017
обработка 0,013423 0,000083
слово 1,514128 0,001872
авторизоваться 0,013423 0,000033
тщательный 5,010635 0,006194
выбрать 0,013423 0,000050
рассказать 0,933098 0,001153
травматический 5,010635 0,006194
сегодня 0,013423 0,000166
огнестрельный 5,010635 0,006194
краевой 5,010635 0,012387
новость 0,006689 0,000124
координация 4,317488 0,005337
просить 0,013423 0,000017
случай 1,643339 0,002031
реабилитация 3,401197 0,004204
планирование 5,010635 0,006194
новыесначала 0,013423 0,000017
зарегистрироваться 0,013423 0,000083
пожаловаться 0,006689 0,000008
войти 0,006689 0,000033
шапка 0,013423 0,000017
отправить 0,013423 0,000232
продолжить 0,006689 0,000008
решение 0,006689 0,000008
алтайский 3,064725 0,030306
ознакомить 0,013423 0,000017
благодаря 2,302585 0,002846
вакансия 0,013423 0,000017
эл 0,013423 0,000017
стеблецов 5,010635 0,006194
летний 1,919593 0,002373
мы 0,013423 0,000116
проставлять 0,013423 0,000017
радио 0,274437 0,000339
участие 0,006689 0,000008
дзен 0,851752 0,001053
аккаунт 0,013423 0,000083
экономика 0,292136 0,000361
защита 0,013423 0,000066
регистрация 0,013423 0,000083
обсуждение 0,013423 0,000033
опечатка 0,013423 0,000017
использовать 0,013423 0,000017
почему 0,013423 0,000017
каждый 1,399717 0,001730
восстановление 0,013423 0,000066
онлайн 0,013423 0,000017
хороший 1,059392 0,005238
абдужомила 5,010635 0,006194
почта 0,013423 0,000116
блокировка 0,013423 0,000066
осуществляться 0,013423 0,000017
пуля 3,401197 0,058859
вконтакте 0,013423 0,000066
апрель 0,013423 0,000017
затем 1,791759 0,002215
фамилия 0,013423 0,000017
евгений 2,238047 0,002766
логин 0,013423 0,000017
конфиденциальность 0,013423 0,000066
нарушение 0,013423 0,000050
навсегда 0,013423 0,000017
яндекс 0,013423 0,000033
действие 0,013423 0,000017
либо 0,013423 0,000017
медик 3,624341 0,004480
федеральный 0,013423 0,000066
релиз 0,013423 0,000017
нажимать 0,013423 0,000017
назад 0,013423 0,000083
владислав 5,010635 0,006194
список 0,013423 0,000017
редко 3,624341 0,004480
мужчина 2,612740 0,012918
поиск 0,013423 0,000017
обязательный 0,013423 0,000116
ошибка 0,013423 0,000050
вопрос 0,006689 0,000033
зубовский 0,013423 0,000033
попробовать 0,013423 0,000017
заполнение 0,013423 0,000116
заполнить 0,013423 0,000116
внимание 0,013423 0,000017
принимать 0,013423 0,000017
ваш 0,013423 0,000265
общество 0,257045 0,001271
имя 0,013423 0,000083
голова 2,612740 0,041985
кгбуз 5,010635 0,024774
выпуск 0,013423 0,000017
срок 0,013423 0,000033
основание 0,013423 0,000017
издание 0,013423 0,000017
бульвар 0,013423 0,000033
сетевой 0,013423 0,000017
надзор 0,013423 0,000017
отомуротов 5,010635 0,006194
использование 0,013423 0,000017
фев 1,399717 0,001730
неделя 1,181994 0,001461
вновь 0,013423 0,000017
сменить 0,013423 0,000017
скорый 2,931194 0,007246
предприятие 0,013423 0,000050
способ 0,013423 0,000033
материал 0,013423 0,000133
наука 0,283247 0,000350
участвовать 0,013423 0,000033
сообщить 0,013423 0,000050
обратный 0,013423 0,000116
продукт 0,135438 0,000167
произойти 0,013423 0,000017
быть 0,013423 0,000017
успешно 0,013423 0,000017
скриншот 0,013423 0,000050
