рф 1,181994 0,001405
законный 0,013423 0,000016
новый 0,006689 0,000040
соска 5,010635 0,005958
экспорт 3,401197 0,004044
найти 0,013423 0,000016
письмо 0,013423 0,000032
спасибо 0,013423 0,000016
расширить 0,006689 0,000008
атавизм 5,010635 0,005958
согласие 0,013423 0,000032
центр 0,166448 0,000396
путешествие 3,912023 0,004652
север 3,064725 0,007288
арт 3,624341 0,004310
доступ 0,013423 0,000032
миа 0,013423 0,000032
полный 1,678431 0,001996
задать 0,013423 0,000016
наблюдательный 4,317488 0,005134
связаться 0,013423 0,000096
декабрь 0,985284 0,011716
сто 3,912023 0,004652
человек 1,118815 0,001330
производство 2,612740 0,003107
г 0,013423 0,000032
реклама 0,013423 0,000032
фото 0,013423 0,000016
политика 0,013423 0,000080
живой 3,912023 0,004652
связь 0,006689 0,000064
о 0,013423 0,000016
богатство 3,912023 0,004652
течение 0,013423 0,000016
земля 2,708050 0,003220
самолёт 3,401197 0,004044
природа 3,218876 0,003827
мир 0,223144 0,000531
пройти 0,006689 0,000008
заголовок 0,013423 0,000032
миф 3,912023 0,004652
информационный 0,013423 0,000064
рассмотреть 0,013423 0,000016
расположить 0,013423 0,000032
проект 2,014903 0,007188
время 0,013423 0,000032
кнопка 0,013423 0,000016
создавать 2,371578 0,002820
посмотреть 2,177422 0,002589
крузенштерн 5,010635 0,005958
сознание 3,624341 0,004310
подробно 5,010635 0,005958
данный 2,014903 0,002396
ранее 0,013423 0,000016
главный 0,013423 0,000032
подкаст 0,292136 0,000695
проблема 0,013423 0,000032
данные 0,013423 0,000128
чистый 3,218876 0,003827
маркетинг 3,401197 0,004044
город 0,013423 0,000016
разблокировать 0,013423 0,000048
спецраздел 5,010635 0,005958
фотография 0,013423 0,000016
ритейл 5,010635 0,005958
час 0,013423 0,000032
чат 0,013423 0,000032
новостеймолния 0,013423 0,000016
написать 0,013423 0,000016
соглашаться 0,013423 0,000016
сначала 0,013423 0,000016
начать 1,966113 0,002338
кибербезопасность 4,317488 0,005134
показать 0,013423 0,000016
рудимент 5,010635 0,005958
пароль 0,013423 0,000176
задача 2,177422 0,005178
удалить 0,013423 0,000064
аэрофлот 5,010635 0,005958
вход 0,013423 0,000032
описать 0,013423 0,000016
кубань 4,317488 0,005134
заказать 3,912023 0,004652
размещение 0,013423 0,000016
сколько 0,006689 0,000008
изменить 2,931194 0,003485
музейный 5,010635 0,005958
реквизит 3,624341 0,004310
июнь 1,875141 0,006689
цифровой 2,445686 0,002908
тишина 3,912023 0,004652
совет 1,226446 0,002917
видео 1,832581 0,002179
привезти 3,912023 0,004652
подтверждать 0,013423 0,000016
гаврилов 0,013423 0,000016
учредитель 0,013423 0,000016
ссылка 0,013423 0,000064
коммуникация 0,013423 0,000016
мой 0,013423 0,000080
нацпроект 5,010635 0,005958
помочь 0,013423 0,000032
архив 0,190354 0,000453
курс 3,401197 0,004044
осознать 3,912023 0,004652
описание 0,013423 0,000016
процесс 0,013423 0,000016
июль 1,609438 0,005741
говорить 1,714798 0,002039
роскомнадзор 0,013423 0,000016
технология 0,013423 0,000064
зрение 3,401197 0,004044
москва 0,006689 0,000032
воспользоваться 0,013423 0,000064
чучело 5,010635 0,005958
ноябрь 1,514128 0,021605
лицо 1,714798 0,002039
большой 1,832581 0,002179
далее 0,013423 0,000032
союзный 5,010635 0,005958
угадать 4,317488 0,005134
очки 3,912023 0,004652
чей 2,931194 0,003485
хотеть 0,006689 0,000016
планета 3,912023 0,004652
открывать 0,013423 0,000032
перейти 0,013423 0,000016
нефть 3,218876 0,003827
пустырь 5,010635 0,005958
обращение 0,013423 0,000048
тула 4,317488 0,005134
спецпроект 0,190354 0,001358
массовый 0,013423 0,000016
обработка 0,013423 0,000080
это 0,013423 0,000016
поддерживать 2,371578 0,002820
инвестировать 4,317488 0,005134
новость 0,006689 0,000024
халва 5,010635 0,005958
начинаться 2,813411 0,003345
сентябрь 1,427116 0,001697
цикл 3,624341 0,004310
доступный 2,302585 0,002738
дизайнерский 5,010635 0,005958
жизнь 1,714798 0,002039
экспедиция 3,624341 0,004310
начинающий 3,912023 0,004652
зарегистрироваться 0,013423 0,000080
пожаловаться 0,006689 0,000008
войти 0,006689 0,000032
память 3,218876 0,003827
эл 0,013423 0,000016
гостеприимство 5,010635 0,005958
радио 0,274437 0,000326
защита 0,013423 0,000064
восток 2,612740 0,003107
регистрация 0,013423 0,000080
почему 0,013423 0,000032
восстановление 0,013423 0,000064
тайный 3,064725 0,003644
замерзать 4,317488 0,005134
коротко 5,010635 0,005958
профилактика 4,317488 0,005134
макрорегион 5,010635 0,005958
тематический 5,010635 0,005958
вконтакте 0,013423 0,000032
логин 0,013423 0,000016
конфиденциальность 0,013423 0,000064
нарушение 0,013423 0,000048
навсегда 0,013423 0,000016
действие 0,013423 0,000016
релиз 0,013423 0,000016
назад 0,013423 0,000080
авить 5,010635 0,005958
список 0,013423 0,000016
редакционный 5,010635 0,005958
обязательный 0,013423 0,000112
ошибка 0,013423 0,000048
каско 5,010635 0,005958
институт 3,401197 0,004044
объединять 3,401197 0,004044
вопрос 0,006689 0,000040
открыть 2,302585 0,002738
искусственный 3,218876 0,003827
зубовский 0,013423 0,000032
игра 1,609438 0,001914
компания 1,919593 0,004565
заполнить 0,013423 0,000112
мощь 3,912023 0,004652
ваш 0,013423 0,000287
железнодорожный 3,064725 0,003644
общество 0,257045 0,000306
имя 0,013423 0,000080
так 2,525729 0,003003
мультимедийный 5,010635 0,005958
голова 2,612740 0,003107
срок 0,013423 0,000032
основание 0,013423 0,000016
издание 0,013423 0,000016
бульвар 0,013423 0,000032
сетевой 0,013423 0,000016
использование 0,013423 0,000016
август 1,752539 0,004168
вновь 0,013423 0,000016
сменить 0,013423 0,000016
материал 0,013423 0,000128
участвовать 0,013423 0,000032
сообщить 0,013423 0,000016
энергоэффективность 5,010635 0,005958
быть 0,013423 0,000016
успешно 0,013423 0,000016
спектакль 4,317488 0,005134
скриншот 0,013423 0,000048
истечь 0,013423 0,000016
лента 0,006689 0,000016
сфера 0,013423 0,000016
электронный 0,013423 0,000016
спорт 0,190354 0,000226
разработать 3,401197 0,004044
лишний 2,931194 0,003485
свидетельство 0,013423 0,000016
комментирование 0,013423 0,000032
интеллект 3,624341 0,004310
блокироваться 0,013423 0,000016
перевозка 4,317488 0,005134
правило 0,013423 0,000096
инжиниринговый 5,010635 0,005958
сохранить 0,013423 0,000016
край 2,371578 0,002820
инновационный 5,010635 0,005958
сэкономить 3,912023 0,004652
гимнастика 5,010635 0,005958
воздух 3,218876 0,003827
применение 0,013423 0,000016
взаимодействие 0,013423 0,000032
дать 0,013423 0,000032
пресс 0,013423 0,000032
согласный 0,013423 0,000048
персональный 0,013423 0,000128
перетянуть 0,013423 0,000016
смысл 2,708050 0,003220
смочь 0,006689 0,000008
использоваться 0,006689 0,000008
производитель 3,218876 0,003827
интерактивный 2,931194 0,003485
готовый 0,006689 0,000016
дата 0,006689 0,000008
инфографик 2,177422 0,002589
одноклассник 0,013423 0,000032
недопустимый 0,013423 0,000016
вы 0,013423 0,000016
рак 4,317488 0,005134
фио 0,013423 0,000016
диагностика 3,912023 0,004652
восстановить 0,013423 0,000016
пожалуйста 0,013423 0,000016
обитатель 4,317488 0,005134
откуда 3,218876 0,003827
гора 3,624341 0,004310
жизнейпосмотреть 5,010635 0,005958
версия 0,013423 0,000016
ниже 0,013423 0,000048
россия 0,006689 0,000095
тест 2,445686 0,002908
лечить 4,317488 0,005134
тег 0,190354 0,000226
зарегистрировать 0,013423 0,000016
январь 1,040343 0,004948
дикий 3,401197 0,004044
услуга 2,445686 0,002908
сайт 0,013423 0,000048
поле 0,013423 0,000128
правильно 2,066196 0,002457
перекрёсток 5,010635 0,005958
полезный 0,143101 0,000170
галочка 0,013423 0,000016
заблокировать 0,013423 0,000032
перетащить 0,013423 0,000048
туризм 0,283247 0,000337
поддерживаетсяполучить 0,013423 0,000016
адрес 0,013423 0,000080
рыба 2,931194 0,006971
другой 0,013423 0,000064
соответствие 0,013423 0,000032
континент 3,624341 0,004310
гримёрка 5,010635 0,005958
унитарный 0,013423 0,000048
давать 0,013423 0,000048
отправка 0,013423 0,000016
знаменитый 3,624341 0,004310
загрузить 0,013423 0,000032
театр 3,064725 0,003644
направление 0,013423 0,000016
телефон 0,013423 0,000016
редакция 0,013423 0,000048
должный 0,013423 0,000016
дрон 2,931194 0,003485
отрасль 3,624341 0,004310
маршрут 3,218876 0,003827
вселенная 5,010635 0,005958
автор 0,013423 0,000016
учёный 3,064725 0,003644
старый 0,013423 0,000016
сообщение 0,013423 0,000223
её 3,064725 0,003644
лонгрид 5,010635 0,011916
происшествие 0,292136 0,000347
подтвердить 0,013423 0,000016
авторизация 0,013423 0,000016
религия 0,283247 0,000337
рейтинг 0,006689 0,000016
маска 3,912023 0,004652
форма 0,013423 0,000192
дом 1,514128 0,001800
работодатель 4,317488 0,005134
показатель 2,931194 0,003485
культура 0,292136 0,000347
маркетплейс 4,317488 0,005134
статья 0,013423 0,000016
больница 2,931194 0,003485
дагестан 3,218876 0,003827
дофамин 5,010635 0,005958
отличаться 2,708050 0,003220
недвижимость 0,292136 0,000347
наш 1,919593 0,002283
редактор 0,013423 0,000016
ранний 2,612740 0,003107
ит 5,010635 0,011916
хвост 4,317488 0,005134
контакт 0,013423 0,000016
язык 2,931194 0,003485
биопринтинг 5,010635 0,005958
борт 3,912023 0,004652
тема 0,013423 0,000048
сформировать 3,624341 0,004310
сервис 0,174353 0,000207
государственный 0,013423 0,000048
дискуссия 0,013423 0,000032
инвестиция 3,218876 0,003827
ловить 4,317488 0,005134
сделать 1,226446 0,001458
связанный 0,013423 0,000032
служба 0,006689 0,000008
риа 0,006689 0,000016
заметить 0,013423 0,000016
арктика 3,401197 0,004044
заниматься 3,218876 0,003827
тело 2,612740 0,009320
закрытый 0,013423 0,000016
класть 3,064725 0,003644
обращать 0,013423 0,000016
рекомендательный 0,013423 0,000016
будущее 2,238047 0,005322
год 0,006689 0,000016
ручной 3,401197 0,004044
спасти 2,238047 0,005322
исламский 3,912023 0,004652
кухня 1,576648 0,001875
международный 0,013423 0,000048
октябрь 1,714798 0,010195
аппендикс 5,010635 0,005958
безопасность 1,919593 0,002283
человеческий 4,317488 0,005134
идея 2,931194 0,003485
агентство 0,013423 0,000064
музыкупосмотреть 5,010635 0,005958
сеточка 4,317488 0,005134
авторизоваться 0,013423 0,000032
крайний 3,218876 0,003827
выбрать 0,013423 0,000048
рассказать 0,933098 0,001110
сегодня 0,013423 0,000080
улучшить 3,912023 0,004652
просить 0,013423 0,000016
дальний 3,401197 0,004044
такой 1,098612 0,002613
видеоинтервью 5,010635 0,017874
вместе 2,302585 0,002738
новыесначала 0,013423 0,000016
туристический 4,317488 0,005134
герой 3,064725 0,003644
место 1,272966 0,001514
шапка 0,013423 0,000016
отправить 0,013423 0,000223
государство 2,177422 0,002589
овощ 2,120264 0,002521
продолжить 0,006689 0,000008
решение 0,006689 0,000008
ознакомить 0,013423 0,000016
март 1,514128 0,001800
благодаря 2,302585 0,002738
вакансия 0,013423 0,000016
партнёрский 5,010635 0,017874
мы 0,013423 0,000144
проставлять 0,013423 0,000016
участие 0,006689 0,000008
аккаунт 0,013423 0,000080
грыжа 5,010635 0,005958
экономика 0,292136 0,000347
глаз 2,931194 0,003485
обсуждение 0,013423 0,000032
опечатка 0,013423 0,000016
использовать 0,013423 0,000016
онлайн 0,013423 0,000016
почта 0,013423 0,000112
межсезонье 5,010635 0,005958
блокировка 0,013423 0,000064
строительство 2,931194 0,003485
осуществляться 0,013423 0,000016
апрель 0,013423 0,000080
фамилия 0,013423 0,000016
яндекс 0,013423 0,000032
либо 0,013423 0,000016
орган 2,708050 0,003220
федеральный 0,013423 0,000064
нажимать 0,013423 0,000016
формат 2,120264 0,002521
превращать 4,317488 0,005134
развитие 2,066196 0,002457
сотрудничество 3,624341 0,004310
предгорие 5,010635 0,005958
поиск 0,013423 0,000016
монета 3,912023 0,004652
молодой 2,525729 0,003003
вечностьпосмотреть 5,010635 0,005958
попробовать 0,013423 0,000016
заполнение 0,013423 0,000112
турист 3,218876 0,003827
внимание 0,013423 0,000016
печатать 5,010635 0,005958
принимать 0,013423 0,000016
голос 4,317488 0,005134
продажа 3,218876 0,003827
возможность 1,752539 0,002084
правда 2,612740 0,009320
выпуск 0,013423 0,000016
надзор 0,013423 0,000016
миллион 2,445686 0,002908
предприятие 0,013423 0,000048
способ 0,013423 0,000032
наука 0,283247 0,000674
браузер 2,612740 0,003107
обратный 0,013423 0,000112
наследственность 5,010635 0,005958
продукт 0,135438 0,000322
произойти 0,013423 0,000016
второй 1,427116 0,001697
