подача 2,120264 0,005103
апр 4,317488 0,005196
истечь 0,013423 0,000016
разлить 3,401197 0,008186
лента 0,006689 0,000016
законный 0,013423 0,000016
яйцо 1,966113 0,014196
новый 0,006689 0,000016
день 0,591795 0,001424
размешать 3,624341 0,008723
ещё 3,218876 0,007747
найти 0,013423 0,000016
письмо 0,013423 0,000032
сфера 0,013423 0,000016
электронный 0,013423 0,000016
спасибо 0,013423 0,000016
расширить 0,006689 0,000008
свидетельство 0,013423 0,000016
согласие 0,013423 0,000032
комментирование 0,013423 0,000032
глубокий 2,931194 0,007055
доступ 0,013423 0,000032
блокироваться 0,013423 0,000016
миа 0,013423 0,000048
вкрутую 3,401197 0,008186
задать 0,013423 0,000016
связаться 0,013423 0,000097
готовность 2,238047 0,005386
вода 1,576648 0,011384
правило 0,013423 0,000081
сохранить 0,013423 0,000016
г 0,013423 0,000178
немного 2,177422 0,005240
реклама 0,013423 0,000016
фото 0,013423 0,000016
политика 0,013423 0,000065
связь 0,006689 0,000064
добиться 2,302585 0,005542
л 2,525729 0,006079
применение 0,013423 0,000016
взаимодействие 0,013423 0,000032
подходить 2,445686 0,005886
о 0,013423 0,000016
дать 0,013423 0,000032
укроп 2,445686 0,017658
пресс 0,013423 0,000016
согласный 0,013423 0,000048
персональный 0,013423 0,000129
перетянуть 0,013423 0,000016
течение 0,013423 0,000016
смочь 0,006689 0,000008
использоваться 0,006689 0,000008
пищевой 2,120264 0,002551
суп 2,302585 0,022167
готовый 0,006689 0,000016
углевод 2,445686 0,002943
перемешать 2,238047 0,005386
ценность 2,120264 0,002551
дата 0,006689 0,000008
готовка 1,919593 0,002310
пройти 0,006689 0,000008
дополняться 5,010635 0,006030
заголовок 0,013423 0,000032
одноклассник 0,013423 0,000032
недопустимый 0,013423 0,000016
информационный 0,013423 0,000065
вы 0,013423 0,000016
фио 0,013423 0,000016
ный 5,010635 0,012059
шаг 1,791759 0,019405
восстановить 0,013423 0,000016
освежать 2,612740 0,015720
пожалуйста 0,013423 0,000016
тарелка 2,813411 0,006771
рассмотреть 0,013423 0,000016
расположить 0,013423 0,000032
время 0,013423 0,000032
версия 0,013423 0,000016
ниже 0,013423 0,000048
охладить 2,931194 0,014109
кнопка 0,013423 0,000016
россия 0,006689 0,000064
создавать 2,371578 0,002854
простой 1,272966 0,003064
аккуратно 2,813411 0,006771
зарегистрировать 0,013423 0,000016
очистить 2,238047 0,005386
ранее 0,013423 0,000016
главный 0,013423 0,000016
проблема 0,013423 0,000016
данные 0,013423 0,000129
белорусский 3,218876 0,015494
город 0,013423 0,000016
разблокировать 0,013423 0,000048
кубик 2,525729 0,006079
фотография 0,013423 0,000016
необходимость 2,177422 0,005240
сайт 0,013423 0,000048
поле 0,013423 0,000129
час 0,013423 0,000032
чат 0,013423 0,000032
новостеймолния 0,013423 0,000016
написать 0,013423 0,000016
галочка 0,013423 0,000016
заблокировать 0,013423 0,000032
перетащить 0,013423 0,000048
гармоничный 4,317488 0,005196
соглашаться 0,013423 0,000016
сначала 0,013423 0,000016
мелкий 2,371578 0,005708
поддерживаетсяполучить 0,013423 0,000016
адрес 0,013423 0,000081
другой 0,013423 0,000048
соответствие 0,013423 0,000032
унитарный 0,013423 0,000048
давать 0,013423 0,000032
показать 0,013423 0,000016
отправка 0,013423 0,000016
загрузить 0,013423 0,000032
направление 0,013423 0,000016
нож 3,064725 0,007376
телефон 0,013423 0,000016
пароль 0,013423 0,000178
редакция 0,013423 0,000048
холодникнуть 4,317488 0,036369
сочетание 2,708050 0,006518
удалить 0,013423 0,000065
калорийность 2,120264 0,002551
вход 0,013423 0,000032
должный 0,013423 0,000016
описать 0,013423 0,000016
размещение 0,013423 0,000016
ккал 2,302585 0,002771
кефир 2,931194 0,049382
сколько 0,006689 0,000008
автор 0,013423 0,000016
старый 0,013423 0,000016
сообщение 0,013423 0,000226
её 3,064725 0,007376
тёрка 2,813411 0,006771
лёгкий 2,120264 0,002551
ингредиент 1,919593 0,006930
подтвердить 0,013423 0,000016
смесь 2,371578 0,005708
подтверждать 0,013423 0,000016
гаврилов 0,013423 0,000016
учредитель 0,013423 0,000016
авторизация 0,013423 0,000016
рейтинг 0,006689 0,000008
форма 0,013423 0,000194
нарезать 2,120264 0,015309
ссылка 0,013423 0,000065
зелень 2,371578 0,002854
коммуникация 0,013423 0,000016
минута 1,226446 0,002952
мой 0,013423 0,000081
помочь 0,013423 0,000016
статья 0,013423 0,000016
описание 0,013423 0,000016
шт 2,238047 0,010773
процесс 0,013423 0,000016
залить 2,445686 0,005886
основа 2,120264 0,002551
луковица 3,912023 0,009415
делать 1,427116 0,003435
мелко 2,525729 0,006079
роскомнадзор 0,013423 0,000016
куриный 2,371578 0,011416
технология 0,013423 0,000032
белка 2,371578 0,002854
редактор 0,013423 0,000016
фгуп 0,499776 0,000601
получить 0,985284 0,002371
компонент 2,931194 0,007055
контакт 0,013423 0,000016
москва 0,006689 0,000024
воспользоваться 0,013423 0,000065
тема 0,013423 0,000048
государственный 0,013423 0,000048
дискуссия 0,013423 0,000032
тщательно 2,445686 0,005886
связанный 0,013423 0,000032
служба 0,006689 0,000008
риа 0,006689 0,000040
заметить 0,013423 0,000016
закрытый 0,013423 0,000016
зелёный 2,708050 0,019553
обращать 0,013423 0,000016
рекомендательный 0,013423 0,000016
далее 0,013423 0,000032
поставить 2,014903 0,004849
разный 1,484275 0,003572
рецептырецепт 1,875141 0,002256
год 0,006689 0,000008
хотеть 0,006689 0,000008
открывать 0,013423 0,000032
кухня 1,576648 0,005692
перейти 0,013423 0,000016
международный 0,013423 0,000048
который 0,603916 0,002180
аромат 2,708050 0,003259
сахар 2,525729 0,012158
холодильник 2,525729 0,006079
обращение 0,013423 0,000048
агентство 0,013423 0,000065
порция 2,238047 0,002693
приготовление 1,484275 0,005358
это 0,013423 0,000065
массовый 0,013423 0,000016
обработка 0,013423 0,000081
вкус 1,752539 0,018981
желаемый 3,624341 0,008723
авторизоваться 0,013423 0,000032
огурец 2,931194 0,010582
лимонный 2,931194 0,014109
консистенция 3,218876 0,007747
выбрать 0,013423 0,000048
сегодня 0,013423 0,000097
насыщенный 2,931194 0,003527
новость 0,006689 0,000048
просить 0,013423 0,000016
острый 2,813411 0,006771
новыесначала 0,013423 0,000016
нужный 1,643339 0,003955
зарегистрироваться 0,013423 0,000081
пожаловаться 0,006689 0,000008
отварить 2,813411 0,013542
войти 0,006689 0,000032
шапка 0,013423 0,000016
отправить 0,013423 0,000226
распределиться 3,912023 0,009415
продолжить 0,006689 0,000008
решение 0,006689 0,000008
ознакомить 0,013423 0,000016
необычный 2,014903 0,004849
вакансия 0,013423 0,000016
эл 0,013423 0,000016
летний 1,919593 0,004620
мы 0,013423 0,000113
проставлять 0,013423 0,000016
идеально 2,612740 0,006288
участие 0,006689 0,000008
аккаунт 0,013423 0,000081
защита 0,013423 0,000065
регистрация 0,013423 0,000081
обсуждение 0,013423 0,000032
использовать 0,013423 0,000048
опечатка 0,013423 0,000016
почему 0,013423 0,000016
восстановление 0,013423 0,000065
миска 2,612740 0,006288
онлайн 0,013423 0,000016
почта 0,013423 0,000113
добавить 1,514128 0,010932
блокировка 0,013423 0,000065
рецепт 1,118815 0,006732
осуществляться 0,013423 0,000016
апрель 0,013423 0,000016
вконтакте 0,013423 0,000032
категория 1,576648 0,001897
фамилия 0,013423 0,000016
жир 2,238047 0,002693
логин 0,013423 0,000016
конфиденциальность 0,013423 0,000065
нарушение 0,013423 0,000048
навсегда 0,013423 0,000016
соль 2,066196 0,009946
яндекс 0,013423 0,000032
холодный 2,066196 0,004973
действие 0,013423 0,000016
либо 0,013423 0,000016
натереть 2,708050 0,013035
равномерно 3,218876 0,007747
федеральный 0,013423 0,000065
релиз 0,013423 0,000016
нажимать 0,013423 0,000016
назад 0,013423 0,000081
список 0,013423 0,000016
браться 3,624341 0,004361
поиск 0,013423 0,000016
лук 2,302585 0,016625
обязательный 0,013423 0,000113
ошибка 0,013423 0,000048
вопрос 0,006689 0,000032
зубовский 0,013423 0,000032
попробовать 0,013423 0,000016
заполнение 0,013423 0,000113
заполнить 0,013423 0,000113
внимание 0,013423 0,000016
принимать 0,013423 0,000016
ваш 0,013423 0,000258
имя 0,013423 0,000081
свёкла 3,064725 0,025816
смешать 2,813411 0,006771
настояться 3,064725 0,007376
холодник 4,317488 0,015587
кислота 3,064725 0,014752
блюдо 1,609438 0,005810
выпуск 0,013423 0,000016
срок 0,013423 0,000032
промыть 2,612740 0,006288
основание 0,013423 0,000016
издание 0,013423 0,000016
достижение 2,708050 0,006518
бульвар 0,013423 0,000032
сетевой 0,013423 0,000016
потребоваться 2,525729 0,006079
надзор 0,013423 0,000016
использование 0,013423 0,000016
вновь 0,013423 0,000016
мина 2,445686 0,002943
сменить 0,013423 0,000016
предприятие 0,013423 0,000048
способ 0,013423 0,000032
материал 0,013423 0,000129
участвовать 0,013423 0,000032
сообщить 0,013423 0,000016
обратный 0,013423 0,000113
произойти 0,013423 0,000016
быть 0,013423 0,000016
успешно 0,013423 0,000016
скриншот 0,013423 0,000048
