истечь 0,013423 0,000016
лента 0,006689 0,000016
законный 0,013423 0,000016
новый 0,006689 0,000016
ак 2,612740 0,003038
хачан 2,612740 0,003038
нейтральный 3,624341 0,004214
рпл 2,371578 0,002758
найти 0,013423 0,000016
зимний 1,919593 0,006696
письмо 0,013423 0,000031
сфера 0,013423 0,000016
электронный 0,013423 0,000016
спасибо 0,013423 0,000016
спорт 0,190354 0,001771
теннис 2,525729 0,005874
расширить 0,006689 0,000008
перерыв 2,371578 0,002758
апл 2,612740 0,003038
свидетельство 0,013423 0,000016
согласие 0,013423 0,000031
центр 0,166448 0,000968
комментирование 0,013423 0,000031
доступ 0,013423 0,000031
блокироваться 0,013423 0,000016
миа 0,013423 0,000109
полный 1,678431 0,001952
задать 0,013423 0,000016
бронзовый 5,010635 0,005826
нести 3,218876 0,003743
связаться 0,013423 0,000094
правило 0,013423 0,000078
сохранить 0,013423 0,000016
г 0,013423 0,000031
реклама 0,013423 0,000031
фото 0,013423 0,000016
политика 0,013423 0,000062
связь 0,006689 0,000062
й 2,014903 0,002343
к 2,177422 0,002532
применение 0,013423 0,000016
взаимодействие 0,013423 0,000031
альпинизм 4,317488 0,060244
о 0,013423 0,000016
зож 2,302585 0,002677
дать 0,013423 0,000031
пресс 0,013423 0,000031
кхл 2,525729 0,002937
согласный 0,013423 0,000047
персональный 0,013423 0,000125
сочетать 2,813411 0,003271
перетянуть 0,013423 0,000016
течение 0,013423 0,000016
элемент 3,218876 0,003743
смочь 0,006689 0,000008
использоваться 0,006689 0,000008
коль 5,010635 0,005826
авто 2,238047 0,002602
кубок 3,912023 0,004549
третий 1,919593 0,002232
подниматься 5,010635 0,005826
готовый 0,006689 0,000016
сочи 2,238047 0,002602
футбол 2,238047 0,013012
сила 1,455287 0,001692
дата 0,006689 0,000008
мир 0,223144 0,000259
впервые 2,238047 0,002602
весь 1,021651 0,001188
пройти 0,006689 0,000008
заголовок 0,013423 0,000031
скатываться 5,010635 0,005826
чемпионат 2,708050 0,003149
одноклассник 0,013423 0,000031
недопустимый 0,013423 0,000016
информационный 0,013423 0,000062
вы 0,013423 0,000016
фио 0,013423 0,000016
восстановить 0,013423 0,000016
пожалуйста 0,013423 0,000016
российский 0,883501 0,002055
этап 2,931194 0,006817
рассмотреть 0,013423 0,000016
выиграть 3,624341 0,042143
гора 3,624341 0,004214
црвена 2,612740 0,003038
расположить 0,013423 0,000031
версия 0,013423 0,000016
время 0,013423 0,000016
ниже 0,013423 0,000047
единственный 2,525729 0,002937
кнопка 0,013423 0,000016
россия 0,006689 0,000132
призёр 3,912023 0,004549
тег 0,190354 0,000221
зарегистрировать 0,013423 0,000016
ранее 0,013423 0,000016
главный 0,013423 0,000016
проблема 0,013423 0,000016
данные 0,013423 0,000125
январь 1,040343 0,001210
город 0,013423 0,000016
разблокировать 0,013423 0,000047
беговой 5,010635 0,005826
италия 2,014903 0,009372
фотография 0,013423 0,000016
сайт 0,013423 0,000047
поле 0,013423 0,000125
час 0,013423 0,000031
чат 0,013423 0,000031
полезный 0,143101 0,000166
новостеймолния 0,013423 0,000016
написать 0,013423 0,000016
галочка 0,013423 0,000016
единоборство 2,371578 0,002758
заблокировать 0,013423 0,000031
перетащить 0,013423 0,000047
соглашаться 0,013423 0,000016
россиянин 1,576648 0,012833
представитель 2,302585 0,002677
сначала 0,013423 0,000016
поддерживаетсяполучить 0,013423 0,000016
адрес 0,013423 0,000078
представить 2,014903 0,002343
другой 0,013423 0,000047
соответствие 0,013423 0,000031
спринт 4,317488 0,015061
заключительный 4,317488 0,005020
унитарный 0,013423 0,000047
европа 1,455287 0,001692
давать 0,013423 0,000031
показать 0,013423 0,000016
отправка 0,013423 0,000016
загрузить 0,013423 0,000031
направление 0,013423 0,000016
телефон 0,013423 0,000016
пароль 0,013423 0,000172
редакция 0,013423 0,000047
филипп 2,445686 0,048345
филиппов 4,317488 0,005020
удалить 0,013423 0,000062
олимпийский 2,708050 0,028340
должный 0,013423 0,000031
вход 0,013423 0,000031
ориоля 4,317488 0,005020
читать 0,791128 0,000920
описать 0,013423 0,000016
размещение 0,013423 0,000016
сколько 0,006689 0,000008
автор 0,013423 0,000016
старый 0,013423 0,000016
сообщение 0,013423 0,000219
сет 2,612740 0,003038
мото 2,525729 0,002937
горный 4,317488 0,005020
евролига 2,612740 0,003038
подтвердить 0,013423 0,000016
дисциплина 3,624341 0,008429
обновить 0,985284 0,001146
биатлон 2,525729 0,002937
подтверждать 0,013423 0,000016
гаврилов 0,013423 0,000016
фенербахча 2,612740 0,003038
учредитель 0,013423 0,000016
авторизация 0,013423 0,000016
рейтинг 0,006689 0,000008
форма 0,013423 0,000187
медаль 2,445686 0,005688
завершить 2,445686 0,002844
ссылка 0,013423 0,000062
коммуникация 0,013423 0,000016
минута 1,226446 0,001426
мой 0,013423 0,000078
бежать 3,624341 0,004214
никита 3,912023 0,063684
архив 0,190354 0,000221
помочь 0,013423 0,000016
ампеццо 3,912023 0,004549
альпинист 3,064725 0,017818
статья 0,013423 0,000016
ноттингем 2,612740 0,003038
описание 0,013423 0,000016
процесс 0,013423 0,000016
петросян 3,624341 0,004214
роскомнадзор 0,013423 0,000016
технология 0,013423 0,000031
редактор 0,013423 0,000016
фгуп 0,499776 0,002906
нба 2,612740 0,003038
контакт 0,013423 0,000031
москва 0,006689 0,000031
воспользоваться 0,013423 0,000062
тема 0,013423 0,000047
хоккей 2,238047 0,007807
сервис 0,174353 0,000203
государственный 0,013423 0,000047
тибо 5,010635 0,005826
становиться 2,177422 0,002532
дискуссия 0,013423 0,000031
результат 1,714798 0,003988
связанный 0,013423 0,000031
служба 0,006689 0,000008
риа 0,006689 0,000078
заметить 0,013423 0,000016
милан 3,401197 0,003955
закрытый 0,013423 0,000016
обращать 0,013423 0,000016
далее 0,013423 0,000047
рекомендательный 0,013423 0,000016
селтик 2,612740 0,003038
ски 3,064725 0,060582
серия 2,302585 0,002677
секунда 3,218876 0,003743
год 0,006689 0,000008
пака 2,612740 0,003038
финишировать 5,010635 0,011653
хотеть 0,006689 0,000008
открывать 0,013423 0,000031
перейти 0,013423 0,000031
международный 0,013423 0,000047
матч 2,066196 0,009610
поехать 3,218876 0,003743
снаряжение 5,010635 0,005826
золото 3,401197 0,003955
завоевать 3,064725 0,014255
стать 0,851752 0,000990
счёт 2,014903 0,002343
ансельма 5,010635 0,005826
обращение 0,013423 0,000047
серебро 3,624341 0,046358
агентство 0,013423 0,000078
ла 2,612740 0,003038
динамо 2,238047 0,002602
спецпроект 0,190354 0,000221
массовый 0,013423 0,000016
форресть 2,612740 0,003038
обработка 0,013423 0,000078
это 0,013423 0,000016
француз 5,010635 0,005826
победа 2,066196 0,002403
авторизоваться 0,013423 0,000031
расклад 4,317488 0,005020
выбрать 0,013423 0,000047
спортсмен 3,218876 0,003743
сегодня 0,013423 0,000156
новость 0,006689 0,000093
просить 0,013423 0,000016
лада 2,612740 0,003038
вниз 4,317488 0,005020
битва 2,708050 0,003149
штутгарт 2,612740 0,003038
новыесначала 0,013423 0,000016
лестница 4,317488 0,005020
зарегистрироваться 0,013423 0,000078
пожаловаться 0,006689 0,000008
войти 0,006689 0,000031
шапка 0,013423 0,000016
отправить 0,013423 0,000219
нхл 2,525729 0,002937
продолжить 0,006689 0,000008
решение 0,006689 0,000008
лига 1,966113 0,009145
ознакомить 0,013423 0,000016
вакансия 0,013423 0,000016
эл 0,013423 0,000016
летний 1,919593 0,002232
мы 0,013423 0,000109
проставлять 0,013423 0,000016
участие 0,006689 0,000016
дзен 0,851752 0,000990
аккаунт 0,013423 0,000078
защита 0,013423 0,000062
олимпиада 2,445686 0,031282
регистрация 0,013423 0,000078
обсуждение 0,013423 0,000031
барс 2,612740 0,003038
опечатка 0,013423 0,000016
использовать 0,013423 0,000016
календарь 2,120264 0,002465
почему 0,013423 0,000016
восстановление 0,013423 0,000062
онлайн 0,013423 0,000016
почта 0,013423 0,000109
блокировка 0,013423 0,000062
осуществляться 0,013423 0,000016
апрель 0,013423 0,000016
вконтакте 0,013423 0,000031
фигурный 2,302585 0,002677
затем 1,791759 0,002083
программа 1,919593 0,002232
звезда 2,371578 0,002758
фамилия 0,013423 0,000016
вверх 3,912023 0,004549
логин 0,013423 0,000016
дважды 3,912023 0,004549
конфиденциальность 0,013423 0,000062
нарушение 0,013423 0,000047
навсегда 0,013423 0,000016
испанец 4,317488 0,005020
яндекс 0,013423 0,000031
кардон 4,317488 0,005020
сельт 2,612740 0,003038
действие 0,013423 0,000016
либо 0,013423 0,000016
федеральный 0,013423 0,000062
релиз 0,013423 0,000016
нажимать 0,013423 0,000016
назад 0,013423 0,000078
первый 0,883501 0,002055
список 0,013423 0,000016
поиск 0,013423 0,000016
чемпион 2,612740 0,006076
обязательный 0,013423 0,000109
февраль 0,567984 0,001321
ошибка 0,013423 0,000047
вопрос 0,006689 0,000031
продлиться 2,813411 0,003271
зубовский 0,013423 0,000031
катание 2,302585 0,002677
игра 1,609438 0,013100
альпинизмзимний 5,010635 0,005826
попробовать 0,013423 0,000016
заполнение 0,013423 0,000109
заполнить 0,013423 0,000109
статус 2,813411 0,003271
атлет 5,010635 0,005826
внимание 0,013423 0,000016
лыжа 3,912023 0,009098
принимать 0,013423 0,000031
алькарас 2,612740 0,003038
ваш 0,013423 0,000250
имя 0,013423 0,000078
главное 1,609438 0,001871
выпуск 0,013423 0,000016
срок 0,013423 0,000031
основание 0,013423 0,000016
издание 0,013423 0,000016
бульвар 0,013423 0,000031
сетевой 0,013423 0,000016
бундеслига 2,612740 0,003038
кортина 3,912023 0,004549
надзор 0,013423 0,000016
использование 0,013423 0,000016
фев 1,399717 0,001628
вновь 0,013423 0,000016
сменить 0,013423 0,000016
предприятие 0,013423 0,000047
способ 0,013423 0,000031
материал 0,013423 0,000125
лилль 2,612740 0,003038
участвовать 0,013423 0,000031
соревнование 2,813411 0,003271
сообщить 0,013423 0,000016
обратный 0,013423 0,000109
продукт 0,135438 0,000157
произойти 0,013423 0,000016
быть 0,013423 0,000016
успешно 0,013423 0,000016
скриншот 0,013423 0,000047
