специальный 1,514128 0,001742
рф 1,181994 0,012242
законный 0,013423 0,000015
ставропольский 5,010635 0,005766
новый 0,006689 0,000038
оборона 2,066196 0,004755
ответчик 4,317488 0,004968
найти 0,013423 0,000015
письмо 0,013423 0,000031
вынести 2,813411 0,003238
спасибо 0,013423 0,000015
расширить 0,006689 0,000008
ск 2,931194 0,020238
согласие 0,013423 0,000031
центр 0,166448 0,000192
доступ 0,013423 0,000031
миа 0,013423 0,000031
задать 0,013423 0,000015
помощь 1,321756 0,001521
связаться 0,013423 0,000093
человек 1,118815 0,002575
г 0,013423 0,000031
реклама 0,013423 0,000031
фото 0,013423 0,000015
политика 0,013423 0,000077
липецкий 3,912023 0,063025
москвич 3,218876 0,003704
связь 0,006689 0,000062
о 0,013423 0,000015
предстать 4,317488 0,004968
суд 1,791759 0,006186
экс 2,708050 0,006233
течение 0,013423 0,000015
область 1,427116 0,021349
рухнуть 5,010635 0,005766
сочи 2,238047 0,002575
сила 1,455287 0,001675
мир 0,223144 0,000257
пройти 0,006689 0,000008
заголовок 0,013423 0,000031
информационный 0,013423 0,000062
житель 2,612740 0,006013
дело 1,249435 0,007189
башкирия 4,317488 0,004968
рассмотреть 0,013423 0,000015
расположить 0,013423 0,000031
бывший 2,302585 0,002650
время 0,013423 0,000031
кнопка 0,013423 0,000015
мегаполис 3,912023 0,004502
убийство 3,064725 0,003527
новгород 3,218876 0,003704
республика 2,302585 0,002650
ранее 0,013423 0,000015
ситуация 1,643339 0,003782
подкаст 0,292136 0,000336
главный 0,013423 0,000015
проблема 0,013423 0,000015
данные 0,013423 0,000124
украина 1,160488 0,001335
город 0,013423 0,000015
разблокировать 0,013423 0,000046
махонина 5,010635 0,005766
фотография 0,013423 0,000015
дмитрий 1,576648 0,001814
час 0,013423 0,000031
чат 0,013423 0,000031
восемь 3,218876 0,003704
новостеймолния 0,013423 0,000015
написать 0,013423 0,000015
соглашаться 0,013423 0,000015
атмосферный 5,010635 0,005766
незаконно 4,317488 0,004968
сначала 0,013423 0,000015
ожог 4,317488 0,004968
незаконный 3,218876 0,003704
показать 0,013423 0,000015
главврач 5,010635 0,005766
миллиард 3,064725 0,003527
пароль 0,013423 0,000170
приговор 3,064725 0,007053
удалить 0,013423 0,000062
последствие 1,544899 0,003556
девочка 2,612740 0,003007
вход 0,013423 0,000031
завод 3,401197 0,011742
описать 0,013423 0,000015
размещение 0,013423 0,000015
сколько 0,006689 0,000008
база 2,302585 0,002650
новгородский 2,813411 0,003238
стихийный 2,813411 0,006475
подтверждать 0,013423 0,000015
арестовать 2,931194 0,010119
чп 5,010635 0,005766
гаврилов 0,013423 0,000015
учредитель 0,013423 0,000015
экстремизм 3,624341 0,004171
последний 0,899761 0,001035
крыша 5,010635 0,011532
завершить 2,445686 0,002814
воронежский 3,912023 0,009004
ссылка 0,013423 0,000062
коммуникация 0,013423 0,000015
мой 0,013423 0,000077
верхний 2,525729 0,002906
архив 0,190354 0,000219
помочь 0,013423 0,000015
извлечь 3,624341 0,004171
описание 0,013423 0,000015
процесс 0,013423 0,000015
июль 1,609438 0,001852
бирюков 3,624341 0,004171
роскомнадзор 0,013423 0,000015
технология 0,013423 0,000031
москва 0,006689 0,000046
воспользоваться 0,013423 0,000062
завал 5,010635 0,005766
обрушиться 2,931194 0,003373
анатолий 5,010635 0,005766
доставлять 5,010635 0,005766
склад 3,401197 0,003914
обрушение 5,010635 0,017298
далее 0,013423 0,000031
хотеть 0,006689 0,000008
открывать 0,013423 0,000031
водоканал 5,010635 0,005766
перейти 0,013423 0,000015
обращение 0,013423 0,000046
операция 1,752539 0,002017
спецпроект 0,190354 0,000219
массовый 0,013423 0,000015
обработка 0,013423 0,000077
это 0,013423 0,000015
гулять 3,064725 0,003527
два 1,514128 0,003485
новость 0,006689 0,000054
покушение 3,624341 0,004171
жизнь 1,714798 0,001973
зарегистрироваться 0,013423 0,000077
пожаловаться 0,006689 0,000008
войти 0,006689 0,000031
эл 0,013423 0,000015
радио 0,274437 0,000316
защита 0,013423 0,000062
регистрация 0,013423 0,000077
почему 0,013423 0,000015
рубль 2,302585 0,002650
директор 2,612740 0,003007
восстановление 0,013423 0,000062
следственный 3,401197 0,019570
вконтакте 0,013423 0,000031
логин 0,013423 0,000015
конфиденциальность 0,013423 0,000062
нарушение 0,013423 0,000046
навсегда 0,013423 0,000015
действие 0,013423 0,000015
релиз 0,013423 0,000015
назад 0,013423 0,000077
первый 0,883501 0,001017
список 0,013423 0,000015
сожительница 5,010635 0,005766
состояние 1,919593 0,002209
врадий 5,010635 0,005766
пять 1,966113 0,002263
обязательный 0,013423 0,000108
ошибка 0,013423 0,000046
вопрос 0,006689 0,000031
зубовский 0,013423 0,000031
заполнить 0,013423 0,000108
пермский 4,317488 0,004968
ваш 0,013423 0,000247
общество 0,257045 0,000296
имя 0,013423 0,000077
прокуратура 2,931194 0,003373
срок 0,013423 0,000031
основание 0,013423 0,000015
издание 0,013423 0,000015
бульвар 0,013423 0,000031
сетевой 0,013423 0,000015
возбудить 3,218876 0,003704
столкнуться 3,401197 0,003914
использование 0,013423 0,000015
вновь 0,013423 0,000015
неделя 1,181994 0,001360
сменить 0,013423 0,000015
пермь 4,317488 0,009937
материал 0,013423 0,000139
участвовать 0,013423 0,000031
сообщить 0,013423 0,000015
областной 3,401197 0,003914
быть 0,013423 0,000015
успешно 0,013423 0,000015
скриншот 0,013423 0,000046
автомобиль 2,612740 0,003007
луганский 3,912023 0,004502
истечь 0,013423 0,000015
мчс 3,218876 0,007408
лента 0,006689 0,000015
сфера 0,013423 0,000015
электронный 0,013423 0,000015
взятка 3,624341 0,004171
спорт 0,190354 0,000219
район 2,525729 0,008719
месяц 1,003302 0,001155
свидетельство 0,013423 0,000015
комментирование 0,013423 0,000031
блокироваться 0,013423 0,000015
правило 0,013423 0,000077
сохранить 0,013423 0,000015
министерство 1,966113 0,004525
край 2,371578 0,013645
применение 0,013423 0,000015
взаимодействие 0,013423 0,000031
давление 3,218876 0,003704
дать 0,013423 0,000031
пресс 0,013423 0,000031
согласный 0,013423 0,000046
персональный 0,013423 0,000124
перетянуть 0,013423 0,000015
смочь 0,006689 0,000008
использоваться 0,006689 0,000008
пётр 2,238047 0,002575
готовый 0,006689 0,000015
челябинск 3,912023 0,009004
кровля 3,624341 0,004171
дата 0,006689 0,000008
одноклассник 0,013423 0,000031
недопустимый 0,013423 0,000015
вы 0,013423 0,000015
оставить 1,966113 0,002263
фио 0,013423 0,000015
восстановить 0,013423 0,000015
пожалуйста 0,013423 0,000015
погибший 3,912023 0,004502
краснодарский 3,218876 0,011112
спасатель 3,912023 0,004502
версия 0,013423 0,000015
ниже 0,013423 0,000046
россия 0,006689 0,000177
тег 0,190354 0,000438
зарегистрировать 0,013423 0,000015
недвижимостьриа 3,401197 0,003914
игорь 2,708050 0,024930
сайт 0,013423 0,000046
поле 0,013423 0,000124
великий 2,120264 0,002440
полезный 0,143101 0,000165
галочка 0,013423 0,000015
заблокировать 0,013423 0,000031
перетащить 0,013423 0,000046
туризм 0,283247 0,000326
руководство 2,931194 0,003373
поддерживаетсяполучить 0,013423 0,000015
адрес 0,013423 0,000077
другой 0,013423 0,000046
соответствие 0,013423 0,000031
работа 1,427116 0,001642
унитарный 0,013423 0,000046
давать 0,013423 0,000031
отправка 0,013423 0,000015
загрузить 0,013423 0,000031
направление 0,013423 0,000015
телефон 0,013423 0,000015
редакция 0,013423 0,000046
период 1,118815 0,001287
должный 0,013423 0,000015
термический 3,624341 0,004171
автор 0,013423 0,000015
старый 0,013423 0,000015
сообщение 0,013423 0,000216
происшествие 0,292136 0,007732
подольск 3,624341 0,004171
подтвердить 0,013423 0,000015
попасть 2,708050 0,003116
доставить 3,401197 0,003914
балашиха 5,010635 0,005766
авторизация 0,013423 0,000015
оказать 3,912023 0,004502
религия 0,283247 0,000326
рейтинг 0,006689 0,000008
форма 0,013423 0,000185
культура 0,292136 0,000336
статья 0,013423 0,000015
больница 2,931194 0,016865
дагестан 3,218876 0,007408
овощной 2,612740 0,003007
гражданский 2,371578 0,005458
рязанский 4,317488 0,004968
недвижимость 0,292136 0,000336
ленинский 5,010635 0,005766
ольга 2,612740 0,003007
редактор 0,013423 0,000015
школьник 3,218876 0,003704
получить 0,985284 0,001134
контакт 0,013423 0,000015
пострадать 2,708050 0,012465
подозревать 3,624341 0,004171
ликвидация 2,813411 0,006475
тема 0,013423 0,000046
сервис 0,174353 0,000201
государственный 0,013423 0,000046
завести 3,064725 0,003527
дискуссия 0,013423 0,000031
миграция 4,317488 0,004968
связанный 0,013423 0,000046
служба 0,006689 0,000008
риа 0,006689 0,000015
заметить 0,013423 0,000015
бедствие 2,813411 0,006475
закрытый 0,013423 0,000015
предупредить 2,708050 0,003116
обращать 0,013423 0,000015
рекомендательный 0,013423 0,000015
магарамкентский 4,317488 0,004968
минздрав 3,912023 0,004502
год 0,006689 0,000031
навигаторриа 2,445686 0,002814
министр 2,525729 0,002906
кузнецов 3,401197 0,003914
международный 0,013423 0,000046
комитет 2,708050 0,015581
новороссийск 5,010635 0,011532
двое 3,218876 0,003704
артамон 5,010635 0,046128
агентство 0,013423 0,000062
чрезвычайный 2,931194 0,006746
авторизоваться 0,013423 0,000031
дтп 3,064725 0,007053
выбрать 0,013423 0,000046
рассказать 0,933098 0,001074
сегодня 0,013423 0,000108
просить 0,013423 0,000015
балашихинский 5,010635 0,005766
александровск 5,010635 0,005766
новыесначала 0,013423 0,000015
место 1,272966 0,001465
шапка 0,013423 0,000015
отправить 0,013423 0,000232
продолжить 0,006689 0,000008
решение 0,006689 0,000008
рука 1,791759 0,002062
ознакомить 0,013423 0,000015
генеральный 3,401197 0,003914
военный 1,514128 0,001742
вакансия 0,013423 0,000015
мы 0,013423 0,000108
проставлять 0,013423 0,000015
участие 0,006689 0,000008
аккаунт 0,013423 0,000077
экономика 0,292136 0,000336
обсуждение 0,013423 0,000031
снегопад 2,177422 0,002506
опечатка 0,013423 0,000015
использовать 0,013423 0,000015
организация 2,066196 0,002378
госдума 2,708050 0,003116
рязань 4,317488 0,019873
онлайн 0,013423 0,000015
почта 0,013423 0,000108
блокировка 0,013423 0,000062
осуществляться 0,013423 0,000015
три 2,120264 0,002440
апрель 0,013423 0,000015
фамилия 0,013423 0,000015
сверстник 5,010635 0,005766
вороновский 5,010635 0,011532
яндекс 0,013423 0,000031
либо 0,013423 0,000015
федеральный 0,013423 0,000062
нажимать 0,013423 0,000015
справка 1,791759 0,002062
поиск 0,013423 0,000015
попробовать 0,013423 0,000015
заполнение 0,013423 0,000108
внимание 0,013423 0,000015
принимать 0,013423 0,000015
низкий 3,401197 0,003914
алексей 1,966113 0,002263
соц 2,371578 0,002729
помогать 2,445686 0,002814
премьер 2,931194 0,003373
поисковый 4,317488 0,004968
богучарский 4,317488 0,004968
выпуск 0,013423 0,000015
надзор 0,013423 0,000015
одежда 2,813411 0,003238
финансирование 2,708050 0,003116
предприятие 0,013423 0,000093
способ 0,013423 0,000031
наука 0,283247 0,000326
обратный 0,013423 0,000108
продукт 0,135438 0,000156
произойти 0,013423 0,000015
уфа 5,010635 0,005766
