состояться 2,708050 0,002634
истечь 0,013423 0,000013
рф 1,181994 0,001150
лента 0,006689 0,000013
законный 0,013423 0,000013
яйцо 1,966113 0,017213
новый 0,006689 0,000013
день 0,591795 0,000576
покрасить 2,813411 0,010947
найти 0,013423 0,000013
католический 2,931194 0,005703
письмо 0,013423 0,000026
сфера 0,013423 0,000013
электронный 0,013423 0,000013
спасибо 0,013423 0,000013
спорт 0,190354 0,000185
расширить 0,006689 0,000007
торжество 3,912023 0,003805
месяц 1,003302 0,000976
церковь 2,708050 0,021074
свидетельство 0,013423 0,000013
согласие 0,013423 0,000026
центр 0,166448 0,000324
комментирование 0,013423 0,000026
петербург 2,302585 0,002240
доступ 0,013423 0,000026
блокироваться 0,013423 0,000013
миа 0,013423 0,000026
народный 2,177422 0,004236
задать 0,013423 0,000013
связаться 0,013423 0,000078
жертва 2,813411 0,002737
человек 1,118815 0,001088
иисус 3,218876 0,003131
правило 0,013423 0,000065
сохранить 0,013423 0,000013
суета 3,912023 0,003805
г 0,013423 0,000026
богослужение 3,624341 0,003526
реклама 0,013423 0,000026
фото 0,013423 0,000013
политика 0,013423 0,000065
связь 0,006689 0,000052
мордовия 5,010635 0,004874
применение 0,013423 0,000013
взаимодействие 0,013423 0,000026
о 0,013423 0,000013
дать 0,013423 0,000026
призвать 2,525729 0,002457
пресс 0,013423 0,000026
согласный 0,013423 0,000039
персональный 0,013423 0,000104
перетянуть 0,013423 0,000013
течение 0,013423 0,000013
православный 2,525729 0,019655
область 1,427116 0,001388
картофель 2,445686 0,002379
смочь 0,006689 0,000007
использоваться 0,006689 0,000007
пётр 2,238047 0,002177
готовый 0,006689 0,000013
скорлупа 3,401197 0,003309
дата 0,006689 0,000007
мир 0,223144 0,000651
весь 1,021651 0,000994
пройти 0,006689 0,000007
традиционный 1,919593 0,003735
заголовок 0,013423 0,000026
одноклассник 0,013423 0,000026
недопустимый 0,013423 0,000013
информационный 0,013423 0,000052
вы 0,013423 0,000013
фио 0,013423 0,000013
восстановить 0,013423 0,000013
пожалуйста 0,013423 0,000013
русский 1,118815 0,007618
рассмотреть 0,013423 0,000013
расположить 0,013423 0,000026
обойтись 3,064725 0,002981
версия 0,013423 0,000013
время 0,013423 0,000026
ниже 0,013423 0,000039
кнопка 0,013423 0,000013
россия 0,006689 0,000065
освятить 3,912023 0,003805
тег 0,190354 0,000185
зарегистрировать 0,013423 0,000013
республика 2,302585 0,004480
ранее 0,013423 0,000013
подкаст 0,292136 0,000284
главный 0,013423 0,000013
проблема 0,013423 0,000013
данные 0,013423 0,000104
пензенский 5,010635 0,004874
бдение 5,010635 0,004874
назвать 1,347074 0,001310
сергей 1,544899 0,001503
алексий 5,010635 0,009748
город 0,013423 0,000013
разблокировать 0,013423 0,000039
фотография 0,013423 0,000013
сайт 0,013423 0,000039
поле 0,013423 0,000104
армянский 2,708050 0,002634
час 0,013423 0,000026
чат 0,013423 0,000026
полезный 0,143101 0,000139
новостеймолния 0,013423 0,000013
написать 0,013423 0,000013
галочка 0,013423 0,000013
заблокировать 0,013423 0,000026
перетащить 0,013423 0,000039
чувашия 5,010635 0,004874
соглашаться 0,013423 0,000013
россиянин 1,576648 0,001534
туризм 0,283247 0,000276
сначала 0,013423 0,000013
поддерживаетсяполучить 0,013423 0,000013
начаться 2,813411 0,002737
адрес 0,013423 0,000065
другой 0,013423 0,000039
соответствие 0,013423 0,000026
унитарный 0,013423 0,000039
давать 0,013423 0,000026
показать 0,013423 0,000013
отправка 0,013423 0,000013
ожидание 3,401197 0,003309
австралия 3,401197 0,006617
загрузить 0,013423 0,000026
направление 0,013423 0,000013
телефон 0,013423 0,000013
пароль 0,013423 0,000144
редакция 0,013423 0,000039
дешёвый 3,218876 0,003131
удалить 0,013423 0,000052
период 1,118815 0,001088
праздник 1,427116 0,005553
вход 0,013423 0,000026
должный 0,013423 0,000013
описать 0,013423 0,000013
размещение 0,013423 0,000013
дональд 2,371578 0,004614
апостольский 3,401197 0,003309
сколько 0,006689 0,000007
автор 0,013423 0,000013
старый 0,013423 0,000013
сообщение 0,013423 0,000183
палестина 2,813411 0,002737
духовный 3,624341 0,003526
происшествие 0,292136 0,000284
подтвердить 0,013423 0,000013
ветка 3,624341 0,007051
чехия 3,218876 0,003131
светлый 2,612740 0,124537
пасха 2,525729 0,162158
подтверждать 0,013423 0,000013
гаврилов 0,013423 0,000013
учредитель 0,013423 0,000013
авторизация 0,013423 0,000013
религия 0,283247 0,004684
рейтинг 0,006689 0,000007
форма 0,013423 0,000157
последний 0,899761 0,000875
ссылка 0,013423 0,000052
коммуникация 0,013423 0,000013
инструкция 1,966113 0,001913
мой 0,013423 0,000065
культура 0,292136 0,000284
архив 0,190354 0,000185
помочь 0,013423 0,000013
набор 2,931194 0,002851
статья 0,013423 0,000013
казанский 5,010635 0,004874
сша 1,118815 0,001088
описание 0,013423 0,000013
процесс 0,013423 0,000013
оригинальный 2,238047 0,004354
недвижимость 0,292136 0,000284
делать 1,427116 0,004165
роскомнадзор 0,013423 0,000013
технология 0,013423 0,000026
редактор 0,013423 0,000013
контакт 0,013423 0,000013
христов 2,708050 0,123812
москва 0,006689 0,000020
надежда 2,302585 0,002240
воспользоваться 0,013423 0,000052
тема 0,013423 0,000039
замена 3,624341 0,003526
сервис 0,174353 0,000170
государственный 0,013423 0,000039
дискуссия 0,013423 0,000026
связанный 0,013423 0,000026
христос 2,931194 0,005703
служба 0,006689 0,000007
риа 0,006689 0,000020
заметить 0,013423 0,000013
здоровье 1,832581 0,001783
закрытый 0,013423 0,000013
предупредить 2,708050 0,002634
обращать 0,013423 0,000013
святой 2,708050 0,002634
рекомендательный 0,013423 0,000013
далее 0,013423 0,000026
год 0,006689 0,000020
стегать 3,624341 0,007051
хотеть 0,006689 0,000007
собирать 3,218876 0,003131
открывать 0,013423 0,000026
перейти 0,013423 0,000013
подготовка 2,177422 0,002118
международный 0,013423 0,000039
нужно 1,455287 0,001416
стать 0,851752 0,000829
трамп 1,544899 0,004508
православие 3,218876 0,012525
празднование 2,708050 0,002634
обращение 0,013423 0,000039
май 1,643339 0,001599
агентство 0,013423 0,000052
спецпроект 0,190354 0,000185
массовый 0,013423 0,000013
обработка 0,013423 0,000065
это 0,013423 0,000013
леонов 4,317488 0,004200
суеверие 3,401197 0,003309
авторизоваться 0,013423 0,000026
учиться 3,218876 0,003131
американец 2,525729 0,002457
выбрать 0,013423 0,000039
рассказать 0,933098 0,000908
сегодня 0,013423 0,000078
дефицит 3,064725 0,002981
пожертвование 5,010635 0,004874
новость 0,006689 0,000046
просить 0,013423 0,000013
сми 2,177422 0,002118
радость 4,317488 0,008400
сентябрь 1,427116 0,002776
катастрофа 3,064725 0,002981
священник 2,525729 0,004914
верующий 3,624341 0,007051
ватикан 3,624341 0,003526
новыесначала 0,013423 0,000013
зарегистрироваться 0,013423 0,000065
пожаловаться 0,006689 0,000007
войти 0,006689 0,000026
шапка 0,013423 0,000013
отправить 0,013423 0,000183
регион 1,919593 0,001867
поздравить 2,525729 0,002457
продолжить 0,006689 0,000007
решение 0,006689 0,000007
финляндия 2,931194 0,002851
ознакомить 0,013423 0,000013
вакансия 0,013423 0,000013
эл 0,013423 0,000013
мы 0,013423 0,000091
проставлять 0,013423 0,000013
радио 0,274437 0,000267
участие 0,006689 0,000007
аккаунт 0,013423 0,000065
экономика 0,292136 0,000284
чувашский 5,010635 0,004874
защита 0,013423 0,000052
регистрация 0,013423 0,000065
обсуждение 0,013423 0,000026
опечатка 0,013423 0,000013
использовать 0,013423 0,000013
почему 0,013423 0,000039
собор 3,912023 0,007611
госдума 2,708050 0,005269
восстановление 0,013423 0,000052
онлайн 0,013423 0,000013
воскресение 2,612740 0,121996
вина 2,371578 0,004614
дарить 3,401197 0,006617
почта 0,013423 0,000091
блокировка 0,013423 0,000052
рецепт 1,118815 0,003265
писать 1,752539 0,001705
осуществляться 0,013423 0,000013
история 1,139434 0,002217
апрель 0,013423 0,000300
вконтакте 0,013423 0,000026
появление 2,525729 0,004914
седмица 3,401197 0,006617
фамилия 0,013423 0,000013
логин 0,013423 0,000013
конфиденциальность 0,013423 0,000052
нарушение 0,013423 0,000039
навсегда 0,013423 0,000013
яндекс 0,013423 0,000026
путин 1,373049 0,002671
владимир 1,373049 0,001336
действие 0,013423 0,000013
либо 0,013423 0,000013
федеральный 0,013423 0,000052
релиз 0,013423 0,000013
нажимать 0,013423 0,000013
назад 0,013423 0,000065
справка 1,791759 0,003486
религиозный 2,708050 0,005269
список 0,013423 0,000013
примета 3,064725 0,005963
поиск 0,013423 0,000013
лук 2,302585 0,002240
вербный 3,401197 0,003309
обязательный 0,013423 0,000091
февраль 0,567984 0,000553
ошибка 0,013423 0,000039
значение 2,238047 0,002177
вопрос 0,006689 0,000026
зубовский 0,013423 0,000026
пасхальный 2,931194 0,025662
попробовать 0,013423 0,000013
заполнение 0,013423 0,000091
заполнить 0,013423 0,000091
чукотка 4,317488 0,004200
внимание 0,013423 0,000013
принимать 0,013423 0,000013
предостеречь 4,317488 0,004200
традиция 1,919593 0,014938
ваш 0,013423 0,000209
общество 0,257045 0,003501
имя 0,013423 0,000065
спаситель 3,401197 0,003309
риска 3,912023 0,003805
выпуск 0,013423 0,000013
срок 0,013423 0,000026
высказаться 2,525729 0,002457
основание 0,013423 0,000013
уникальный 2,014903 0,003920
храм 3,624341 0,003526
издание 0,013423 0,000013
бульвар 0,013423 0,000026
сетевой 0,013423 0,000013
надзор 0,013423 0,000013
окрашивание 3,912023 0,003805
муляж 4,317488 0,004200
использование 0,013423 0,000013
неделя 1,181994 0,003449
вновь 0,013423 0,000013
сменить 0,013423 0,000013
способ 0,013423 0,000039
предприятие 0,013423 0,000039
материал 0,013423 0,000118
наука 0,283247 0,000276
участвовать 0,013423 0,000026
сообщить 0,013423 0,000013
обратный 0,013423 0,000091
красить 2,931194 0,008554
продукт 0,135438 0,000132
произойти 0,013423 0,000013
быть 0,013423 0,000039
пошаговый 1,455287 0,002831
успешно 0,013423 0,000013
второй 1,427116 0,002776
скриншот 0,013423 0,000039
