радоница 3,912023 0,003869
масленица 2,120264 0,004194
законный 0,013423 0,000013
новый 0,006689 0,000020
сертификация 5,010635 0,004956
день 0,591795 0,002341
покрасить 2,813411 0,002783
найти 0,013423 0,000013
академия 2,931194 0,005799
католический 2,931194 0,011597
чудотворец 4,317488 0,004271
письмо 0,013423 0,000027
спасибо 0,013423 0,000013
расширить 0,006689 0,000007
согласие 0,013423 0,000027
центр 0,166448 0,000165
доступ 0,013423 0,000027
йорк 3,064725 0,006063
миа 0,013423 0,000027
народный 2,177422 0,002154
полный 1,678431 0,001660
задать 0,013423 0,000013
александр 1,373049 0,001358
связаться 0,013423 0,000080
декабрь 0,985284 0,001949
секретарь 2,931194 0,002899
иисус 3,218876 0,003184
шириковтеолог 3,624341 0,007170
отмечаться 3,064725 0,003031
г 0,013423 0,000027
подробный 2,813411 0,002783
реклама 0,013423 0,000027
фото 0,013423 0,000013
рпц 3,624341 0,021509
политика 0,013423 0,000066
связь 0,006689 0,000053
о 0,013423 0,000013
течение 0,013423 0,000013
родительский 3,218876 0,003184
китай 1,714798 0,001696
сезон 2,445686 0,002419
мир 0,223144 0,000662
искать 3,624341 0,003585
пройти 0,006689 0,000007
заголовок 0,013423 0,000027
возникновение 3,912023 0,007739
информационный 0,013423 0,000053
русский 1,118815 0,012173
екатеринбург 2,813411 0,002783
хорх 3,912023 0,011608
рассмотреть 0,013423 0,000013
расположить 0,013423 0,000027
планировать 2,612740 0,002584
время 0,013423 0,000027
называть 2,120264 0,002097
кнопка 0,013423 0,000013
социальный 1,678431 0,003320
выходить 3,064725 0,003031
медиасфера 4,317488 0,004271
ранее 0,013423 0,000013
главный 0,013423 0,000027
подкаст 0,292136 0,000289
проблема 0,013423 0,000013
данные 0,013423 0,000106
навигатор 2,931194 0,005799
стартовать 3,624341 0,003585
город 0,013423 0,000040
украина 1,160488 0,001148
разблокировать 0,013423 0,000040
фотография 0,013423 0,000013
час 0,013423 0,000027
чат 0,013423 0,000027
опора 3,624341 0,003585
новостеймолния 0,013423 0,000013
написать 0,013423 0,000013
схождение 3,624341 0,003585
соглашаться 0,013423 0,000013
первоиерарх 4,317488 0,004271
сначала 0,013423 0,000013
начаться 2,813411 0,002783
показать 0,013423 0,000013
международник 3,624341 0,007170
пароль 0,013423 0,000146
удалить 0,013423 0,000053
вход 0,013423 0,000027
описать 0,013423 0,000013
сочельник 3,624341 0,003585
размещение 0,013423 0,000013
сколько 0,006689 0,000007
июнь 1,875141 0,005564
святитель 4,317488 0,004271
страстный 4,317488 0,004271
углубляться 4,317488 0,004271
синод 4,317488 0,004271
подтверждать 0,013423 0,000013
гаврилов 0,013423 0,000013
учредитель 0,013423 0,000013
последний 0,899761 0,000890
тюремный 3,624341 0,003585
московский 1,678431 0,013281
ссылка 0,013423 0,000053
коммуникация 0,013423 0,000013
мой 0,013423 0,000066
момент 2,014903 0,001993
архив 0,190354 0,000188
помочь 0,013423 0,000013
курбан 4,317488 0,004271
заявить 1,272966 0,001259
сша 1,118815 0,001107
описание 0,013423 0,000013
процесс 0,013423 0,000013
освящать 3,401197 0,003364
делать 1,427116 0,004235
роскомнадзор 0,013423 0,000013
римский 4,317488 0,008541
технология 0,013423 0,000027
вознесение 4,317488 0,004271
рпцз 4,317488 0,008541
москва 0,006689 0,000046
воспользоваться 0,013423 0,000053
священный 4,317488 0,004271
христос 2,931194 0,002899
ноябрь 1,514128 0,002995
особенно 2,612740 0,002584
далее 0,013423 0,000027
иеромонах 5,010635 0,004956
трудница 5,010635 0,004956
животное 2,708050 0,002679
хотеть 0,006689 0,000007
клирик 4,317488 0,004271
открывать 0,013423 0,000027
перейти 0,013423 0,000013
интерес 2,525729 0,002498
гавана 4,317488 0,004271
франциск 3,912023 0,011608
обращение 0,013423 0,000040
огонь 1,966113 0,001945
спецпроект 0,190354 0,000188
массовый 0,013423 0,000013
обработка 0,013423 0,000066
это 0,013423 0,000013
рост 2,708050 0,002679
американец 2,525729 0,002498
петров 3,401197 0,003364
новость 0,006689 0,000046
первозванный 5,010635 0,004956
начинаться 2,813411 0,002783
верующий 3,624341 0,007170
красивый 2,445686 0,004838
ватикан 3,624341 0,003585
зарегистрироваться 0,013423 0,000066
тюрин 5,010635 0,009912
пожаловаться 0,006689 0,000007
войти 0,006689 0,000026
память 3,218876 0,006368
эл 0,013423 0,000013
радио 0,274437 0,000271
защита 0,013423 0,000053
регистрация 0,013423 0,000066
почему 0,013423 0,000040
восстановление 0,013423 0,000053
вина 2,371578 0,002346
вконтакте 0,013423 0,000027
седмица 3,401197 0,003364
логин 0,013423 0,000013
конфиденциальность 0,013423 0,000053
нарушение 0,013423 0,000040
навсегда 0,013423 0,000013
действие 0,013423 0,000013
общий 2,014903 0,001993
релиз 0,013423 0,000013
назад 0,013423 0,000066
религиозный 2,708050 0,008036
список 0,013423 0,000013
пост 2,302585 0,004555
примета 3,064725 0,003031
итог 2,302585 0,002278
патриархат 3,912023 0,015478
обязательный 0,013423 0,000093
февраль 0,567984 0,012360
ошибка 0,013423 0,000040
значение 2,238047 0,004427
суббота 2,931194 0,002899
вопрос 0,006689 0,000033
зубовский 0,013423 0,000027
араф 5,010635 0,004956
заполнить 0,013423 0,000093
традиция 1,919593 0,018987
ваш 0,013423 0,000212
общество 0,257045 0,001271
имя 0,013423 0,000080
молодёжь 3,624341 0,003585
срок 0,013423 0,000027
основание 0,013423 0,000013
издание 0,013423 0,000013
бульвар 0,013423 0,000027
сетевой 0,013423 0,000013
байрам 4,317488 0,004271
раскрыть 2,612740 0,002584
гундяев 3,624341 0,007170
использование 0,013423 0,000013
неделя 1,181994 0,004677
вновь 0,013423 0,000013
сменить 0,013423 0,000013
материал 0,013423 0,000119
недвижимостьнавигатор 3,064725 0,003031
участвовать 0,013423 0,000027
сообщить 0,013423 0,000013
монах 4,317488 0,004271
красить 2,931194 0,002899
быть 0,013423 0,000040
пошаговый 1,455287 0,001439
успешно 0,013423 0,000013
скриншот 0,013423 0,000040
истечь 0,013423 0,000013
отмечать 1,399717 0,001384
лента 0,006689 0,000013
яйцо 1,966113 0,003889
сфера 0,013423 0,000013
электронный 0,013423 0,000013
спорт 0,190354 0,000188
месяц 1,003302 0,002977
церковь 2,708050 0,037500
сам 1,875141 0,001855
свидетельство 0,013423 0,000013
открытка 3,624341 0,010755
комментирование 0,013423 0,000027
блокироваться 0,013423 0,000013
африка 3,218876 0,003184
отметить 2,014903 0,001993
правило 0,013423 0,000093
сохранить 0,013423 0,000013
рамадан 4,317488 0,004271
применение 0,013423 0,000013
взаимодействие 0,013423 0,000027
дать 0,013423 0,000027
призвать 2,525729 0,002498
пресс 0,013423 0,000027
согласный 0,013423 0,000040
персональный 0,013423 0,000106
перетянуть 0,013423 0,000013
смысл 2,708050 0,002679
православный 2,525729 0,027481
смочь 0,006689 0,000007
использоваться 0,006689 0,000007
хадж 5,010635 0,004956
готовый 0,006689 0,000013
прогноз 3,064725 0,003031
дата 0,006689 0,000020
поздравление 4,317488 0,004271
традиционный 1,919593 0,001899
одноклассник 0,013423 0,000027
недопустимый 0,013423 0,000013
вы 0,013423 0,000013
фио 0,013423 0,000013
патриарх 3,218876 0,022287
кирилл 1,875141 0,009274
восстановить 0,013423 0,000013
пожалуйста 0,013423 0,000013
китайский 2,238047 0,002214
версия 0,013423 0,000013
ниже 0,013423 0,000040
монастырь 3,624341 0,007170
россия 0,006689 0,000073
нью 3,624341 0,007170
тег 0,190354 0,000377
зарегистрировать 0,013423 0,000013
назвать 1,347074 0,001332
историкалександр 3,912023 0,003869
благодатный 3,401197 0,003364
сайт 0,013423 0,000040
поле 0,013423 0,000106
великий 2,120264 0,002097
полезный 0,143101 0,000142
галочка 0,013423 0,000013
заблокировать 0,013423 0,000027
перетащить 0,013423 0,000040
туризм 0,283247 0,000280
поддерживаетсяполучить 0,013423 0,000013
адрес 0,013423 0,000066
другой 0,013423 0,000040
соответствие 0,013423 0,000027
рождественский 3,218876 0,003184
унитарный 0,013423 0,000040
папа 3,912023 0,007739
европа 1,455287 0,001439
давать 0,013423 0,000027
отправка 0,013423 0,000013
загрузить 0,013423 0,000027
бергольо 3,912023 0,011608
направление 0,013423 0,000013
телефон 0,013423 0,000013
редакция 0,013423 0,000040
запретить 2,708050 0,002679
период 1,118815 0,001107
праздник 1,427116 0,008470
должный 0,013423 0,000013
число 1,643339 0,001625
суздаль 5,010635 0,004956
автор 0,013423 0,000013
старый 0,013423 0,000013
сообщение 0,013423 0,000186
духовный 3,624341 0,007170
происшествие 0,292136 0,000578
подтвердить 0,013423 0,000013
масленичный 3,912023 0,003869
картинка 3,624341 0,007170
халяль 5,010635 0,004956
светлый 2,612740 0,002584
пасха 2,525729 0,007495
авторизация 0,013423 0,000013
религия 0,283247 0,011487
рейтинг 0,006689 0,000007
форма 0,013423 0,000159
пропасть 3,401197 0,003364
культура 0,292136 0,000289
прокат 3,912023 0,003869
валаам 4,317488 0,004271
марио 3,624341 0,010755
статья 0,013423 0,000013
пятый 3,401197 0,003364
господний 3,218876 0,022287
отношение 1,791759 0,001772
недвижимость 0,292136 0,000289
ответить 2,238047 0,002214
редактор 0,013423 0,000013
сафар 5,010635 0,004956
контакт 0,013423 0,000013
пятница 3,624341 0,003585
тема 0,013423 0,000040
сервис 0,174353 0,000172
государственный 0,013423 0,000040
дискуссия 0,013423 0,000027
абитуриентариа 2,931194 0,002899
сделать 1,226446 0,001213
связанный 0,013423 0,000040
служба 0,006689 0,000007
риа 0,006689 0,000013
заметить 0,013423 0,000013
закрытый 0,013423 0,000013
цивилизация 3,912023 0,003869
обращать 0,013423 0,000013
святой 2,708050 0,002679
рекомендательный 0,013423 0,000013
год 0,006689 0,000060
навигаторриа 2,445686 0,002419
международный 0,013423 0,000040
андрей 2,302585 0,002278
модуль 3,912023 0,003869
николай 3,624341 0,003585
православие 3,218876 0,006368
наталья 2,525729 0,004996
май 1,643339 0,004876
агентство 0,013423 0,000053
авторизоваться 0,013423 0,000027
выбрать 0,013423 0,000040
рассказать 0,933098 0,007384
сегодня 0,013423 0,000080
просить 0,013423 0,000013
священник 2,525729 0,004996
новыесначала 0,013423 0,000013
молиться 3,912023 0,003869
шапка 0,013423 0,000013
отправить 0,013423 0,000186
поздравить 2,525729 0,002498
продолжить 0,006689 0,000007
решение 0,006689 0,000007
проходить 2,177422 0,002154
ознакомить 0,013423 0,000013
бахтияроварелигиовед 3,624341 0,003585
римско 4,317488 0,012812
вакансия 0,013423 0,000013
мы 0,013423 0,000093
проставлять 0,013423 0,000013
участие 0,006689 0,000007
аккаунт 0,013423 0,000066
экономика 0,292136 0,000289
обсуждение 0,013423 0,000027
анна 2,931194 0,002899
сретение 3,401197 0,026914
опечатка 0,013423 0,000013
использовать 0,013423 0,000013
календарь 2,120264 0,006292
онлайн 0,013423 0,000013
почта 0,013423 0,000093
блокировка 0,013423 0,000053
прокомментировать 2,371578 0,002346
осуществляться 0,013423 0,000013
история 1,139434 0,010143
апрель 0,013423 0,000106
появление 2,525729 0,002498
фамилия 0,013423 0,000013
яндекс 0,013423 0,000027
владимир 1,373049 0,005432
бог 3,218876 0,003184
либо 0,013423 0,000013
силкина 5,010635 0,009912
федеральный 0,013423 0,000053
нажимать 0,013423 0,000013
справка 1,791759 0,001772
развитие 2,066196 0,002044
поиск 0,013423 0,000013
политолог 3,218876 0,006368
пасхальный 2,931194 0,002899
попробовать 0,013423 0,000013
муфтий 4,317488 0,004271
заполнение 0,013423 0,000093
внимание 0,013423 0,000013
принимать 0,013423 0,000013
алексей 1,966113 0,003889
соц 2,371578 0,002346
встреча 1,832581 0,003625
фильм 2,813411 0,002783
выпуск 0,013423 0,000013
свеча 3,624341 0,003585
опасный 3,401197 0,003364
валаамский 5,010635 0,009912
надзор 0,013423 0,000013
предприятие 0,013423 0,000040
способ 0,013423 0,000027
наука 0,283247 0,000280
обратный 0,013423 0,000093
стенькорелигиовед 3,624341 0,007170
продукт 0,135438 0,000134
произойти 0,013423 0,000013
