лауреат 4,317488 0,003936
покрыть 2,931194 0,002672
польский 2,708050 0,002469
терроризм 4,317488 0,003936
законный 0,013423 0,000012
новый 0,006689 0,000049
девять 3,624341 0,003304
главнокомандующий 5,010635 0,004568
разведка 3,401197 0,003100
найти 0,013423 0,000012
служить 3,401197 0,003100
письмо 0,013423 0,000024
спасибо 0,013423 0,000012
расширить 0,006689 0,000006
согласие 0,013423 0,000024
вероятно 5,010635 0,004568
центр 0,166448 0,000152
доступ 0,013423 0,000024
миа 0,013423 0,000086
задать 0,013423 0,000012
мид 3,064725 0,002794
помощь 1,321756 0,002410
связаться 0,013423 0,000073
декабрь 0,985284 0,000898
человек 1,118815 0,001020
украинец 2,302585 0,010495
г 0,013423 0,000024
реклама 0,013423 0,000024
отказаться 2,708050 0,002469
фото 0,013423 0,000012
политика 0,013423 0,000061
связь 0,006689 0,000049
взрыв 2,813411 0,023082
о 0,013423 0,000012
вероятность 3,912023 0,003566
суд 1,791759 0,006533
течение 0,013423 0,000012
авария 4,317488 0,015743
взорвать 5,010635 0,004568
сила 1,455287 0,002653
мир 0,223144 0,000814
запад 1,966113 0,001792
пройти 0,006689 0,000006
заголовок 0,013423 0,000024
информационный 0,013423 0,000049
дело 1,249435 0,001139
итальянский 2,813411 0,002565
входить 2,813411 0,002565
организатор 3,912023 0,003566
препятствовать 4,317488 0,003936
рассмотреть 0,013423 0,000012
расположить 0,013423 0,000024
диверсионный 5,010635 0,004568
планировать 2,612740 0,002382
время 0,013423 0,000024
беспрецедентный 4,317488 0,003936
конец 1,643339 0,001498
кнопка 0,013423 0,000012
оон 2,708050 0,002469
отменить 2,813411 0,002565
раздирать 5,010635 0,004568
ранее 0,013423 0,000012
подкаст 0,292136 0,000266
главный 0,013423 0,000012
проблема 0,013423 0,000012
данные 0,013423 0,000122
причём 2,708050 0,002469
санкционировать 4,317488 0,003936
член 2,238047 0,002040
сергей 1,544899 0,001408
украина 1,160488 0,008463
город 0,013423 0,000012
разблокировать 0,013423 0,000037
публикация 2,177422 0,001985
италия 2,014903 0,001837
фотография 0,013423 0,000012
час 0,013423 0,000024
чат 0,013423 0,000024
новостеймолния 0,013423 0,000012
написать 0,013423 0,000012
пытаться 2,708050 0,002469
соглашаться 0,013423 0,000012
северный 2,177422 0,059547
сначала 0,013423 0,000012
постпред 5,010635 0,004568
требовать 2,120264 0,001933
василий 3,624341 0,003304
показать 0,013423 0,000012
теракт 3,912023 0,014264
запрашивать 3,912023 0,003566
пароль 0,013423 0,000135
вооружённый 2,014903 0,003673
диверсия 4,317488 0,019679
удалить 0,013423 0,000049
объективный 3,912023 0,003566
офис 2,931194 0,002672
вход 0,013423 0,000024
подорвать 3,912023 0,007132
читать 0,791128 0,000721
описать 0,013423 0,000012
заказать 3,912023 0,003566
размещение 0,013423 0,000012
сколько 0,006689 0,000006
нападение 4,317488 0,003936
осведомить 5,010635 0,004568
поддержка 2,445686 0,002229
польша 2,931194 0,002672
подтверждать 0,013423 0,000012
арестовать 2,931194 0,005344
оценить 2,525729 0,002302
гаврилов 0,013423 0,000012
миресшаукраинавалерия 5,010635 0,004568
учредитель 0,013423 0,000012
часть 1,373049 0,001252
отставной 5,010635 0,004568
провинция 5,010635 0,004568
ссылка 0,013423 0,000049
сторона 1,609438 0,001467
коммуникация 0,013423 0,000012
журналист 3,064725 0,002794
вовсе 3,624341 0,003304
выпустить 3,912023 0,003566
мой 0,013423 0,000061
лето 2,931194 0,002672
помочь 0,013423 0,000024
архив 0,190354 0,000174
заявить 1,272966 0,002321
сша 1,118815 0,008159
описание 0,013423 0,000012
процесс 0,013423 0,000012
предполагаться 3,912023 0,003566
опасаться 3,912023 0,003566
роскомнадзор 0,013423 0,000012
технология 0,013423 0,000024
москва 0,006689 0,000024
экспортный 3,218876 0,008803
атака 2,931194 0,005344
воспользоваться 0,013423 0,000049
скандал 2,813411 0,002565
ноябрь 1,514128 0,001380
команда 2,708050 0,002469
лицо 1,714798 0,001563
дания 5,010635 0,009135
признание 3,912023 0,003566
далее 0,013423 0,000024
получать 2,238047 0,002040
исключить 3,064725 0,002794
хотеть 0,006689 0,000006
открывать 0,013423 0,000024
перейти 0,013423 0,000012
стать 0,851752 0,000776
террорист 3,401197 0,009301
агент 5,010635 0,004568
обращение 0,013423 0,000037
провести 1,919593 0,001750
группа 2,302585 0,004198
операция 1,752539 0,001598
это 0,013423 0,000049
спецпроект 0,190354 0,000174
массовый 0,013423 0,000012
обработка 0,013423 0,000061
украинский 1,576648 0,001437
норвежец 4,317488 0,003936
слово 1,514128 0,001380
американец 2,525729 0,002302
залужныйвладимир 5,010635 0,004568
новость 0,006689 0,000073
газ 2,612740 0,002382
дайвинг 5,010635 0,004568
наслать 2,445686 0,002229
сентябрь 1,427116 0,001301
взрывчатка 5,010635 0,013703
зарегистрироваться 0,013423 0,000061
пожаловаться 0,006689 0,000006
войти 0,006689 0,000024
эл 0,013423 0,000012
радио 0,274437 0,000250
дзен 0,851752 0,000776
залужный 3,624341 0,013215
защита 0,013423 0,000061
считать 2,014903 0,001837
регистрация 0,013423 0,000061
подрыв 5,010635 0,027405
почему 0,013423 0,000012
восстановление 0,013423 0,000049
водолаз 5,010635 0,004568
германия 2,525729 0,009210
предотвратить 4,317488 0,003936
вконтакте 0,013423 0,000024
логин 0,013423 0,000012
конфиденциальность 0,013423 0,000049
нарушение 0,013423 0,000037
навсегда 0,013423 0,000012
действие 0,013423 0,000024
релиз 0,013423 0,000012
назад 0,013423 0,000061
лодка 4,317488 0,003936
список 0,013423 0,000012
ремонт 3,401197 0,003100
обязательный 0,013423 0,000086
ошибка 0,013423 0,000037
разведывательный 5,010635 0,018270
вопрос 0,006689 0,000024
зубовский 0,013423 0,000024
одобрение 5,010635 0,004568
объяснение 5,010635 0,004568
компания 1,919593 0,001750
капитан 5,010635 0,009135
заполнить 0,013423 0,000086
натовский 5,010635 0,004568
расследование 3,218876 0,008803
именно 2,066196 0,001883
ваш 0,013423 0,000196
общество 0,257045 0,000234
имя 0,013423 0,000061
впечатление 3,218876 0,002934
тогдашний 5,010635 0,004568
больший 2,014903 0,001837
срок 0,013423 0,000037
прокуратура 2,931194 0,002672
основание 0,013423 0,000012
издание 0,013423 0,000037
песок 2,177422 0,001985
бульвар 0,013423 0,000024
сетевой 0,013423 0,000012
считаться 2,525729 0,002302
возбудить 3,218876 0,002934
джо 5,010635 0,004568
использование 0,013423 0,000012
фев 1,399717 0,001276
август 1,752539 0,001598
вновь 0,013423 0,000012
сменить 0,013423 0,000012
нанять 4,317488 0,003936
утечка 3,912023 0,007132
материал 0,013423 0,000098
участвовать 0,013423 0,000037
сообщить 0,013423 0,000049
болонья 5,010635 0,004568
европейский 1,791759 0,001633
быть 0,013423 0,000012
успешно 0,013423 0,000012
учение 3,624341 0,003304
скриншот 0,013423 0,000037
секретный 5,010635 0,004568
истечь 0,013423 0,000012
изложить 3,912023 0,003566
лента 0,006689 0,000012
римини 5,010635 0,004568
арест 2,445686 0,002229
собеседник 3,064725 0,002794
отделение 2,612740 0,002382
сфера 0,013423 0,000012
электронный 0,013423 0,000012
спорт 0,190354 0,000174
район 2,525729 0,002302
месяц 1,003302 0,001829
аренда 3,401197 0,003100
свидетельство 0,013423 0,000012
комментирование 0,013423 0,000024
сбу 3,912023 0,003566
блокироваться 0,013423 0,000012
друг 2,612740 0,004763
далёкий 3,218876 0,002934
швеция 4,317488 0,003936
правило 0,013423 0,000061
сохранить 0,013423 0,000012
зеленскийавария 5,010635 0,004568
известный 2,066196 0,001883
применение 0,013423 0,000012
взаимодействие 0,013423 0,000024
дать 0,013423 0,000049
пресс 0,013423 0,000024
согласный 0,013423 0,000037
персональный 0,013423 0,000098
сложиться 3,624341 0,003304
действовать 2,445686 0,002229
перетянуть 0,013423 0,000012
немецкий 2,708050 0,007406
киевский 2,931194 0,005344
смочь 0,006689 0,000006
использоваться 0,006689 0,000006
спонсор 3,912023 0,003566
готовый 0,006689 0,000012
известно 2,931194 0,002672
гораздо 3,218876 0,002934
дата 0,006689 0,000006
постановление 3,218876 0,002934
раз 3,064725 0,002794
одноклассник 0,013423 0,000024
недопустимый 0,013423 0,000012
вы 0,013423 0,000012
фио 0,013423 0,000012
восстановить 0,013423 0,000012
пожалуйста 0,013423 0,000012
байден 4,317488 0,003936
российский 0,883501 0,004027
заявлять 3,912023 0,003566
предположительно 5,010635 0,004568
просто 1,714798 0,001563
версия 0,013423 0,000024
ниже 0,013423 0,000037
узнать 2,014903 0,011020
россия 0,006689 0,000085
спустя 2,813411 0,002565
го 2,177422 0,001985
тег 0,190354 0,000174
нацбезопасность 4,317488 0,003936
свой 0,867501 0,000791
зарегистрировать 0,013423 0,000012
встретиться 3,624341 0,003304
январь 1,040343 0,001897
журнал 4,317488 0,007871
яхта 5,010635 0,004568
доля 3,401197 0,003100
сайт 0,013423 0,000037
поле 0,013423 0,000098
американский 1,966113 0,005377
перевозить 5,010635 0,004568
полезный 0,143101 0,000130
галочка 0,013423 0,000012
небензить 5,010635 0,004568
заблокировать 0,013423 0,000024
перетащить 0,013423 0,000037
представитель 2,302585 0,002099
туризм 0,283247 0,000258
сотрудник 1,791759 0,001633
поддерживаетсяполучить 0,013423 0,000012
ширма 5,010635 0,004568
адрес 0,013423 0,000061
зеленский 1,875141 0,006837
другой 0,013423 0,000073
соответствие 0,013423 0,000024
унитарный 0,013423 0,000037
европа 1,455287 0,001327
давать 0,013423 0,000037
отправка 0,013423 0,000012
загрузить 0,013423 0,000024
отдать 2,931194 0,002672
направление 0,013423 0,000012
телефон 0,013423 0,000012
обжаловать 3,624341 0,003304
редакция 0,013423 0,000037
газопровод 5,010635 0,036541
должный 0,013423 0,000012
выдать 3,064725 0,002794
знать 2,238047 0,010201
центральный 3,401197 0,009301
говориться 2,371578 0,006486
автор 0,013423 0,000012
старый 0,013423 0,000012
сообщение 0,013423 0,000171
данииместо 5,010635 0,004568
карабинер 5,010635 0,004568
андромеда 5,010635 0,004568
происшествие 0,292136 0,000266
подтвердить 0,013423 0,000012
обновить 0,985284 0,000898
цру 5,010635 0,054811
авторизация 0,013423 0,000012
религия 0,283247 0,000258
рейтинг 0,006689 0,000006
форма 0,013423 0,000147
культура 0,292136 0,000266
поток 3,064725 0,081018
валерий 3,064725 0,011175
виновный 4,317488 0,003936
статья 0,013423 0,000024
великобритания 3,218876 0,002934
поддержать 3,912023 0,003566
захотеть 3,624341 0,003304
оператор 3,401197 0,003100
недвижимость 0,292136 0,000266
редактор 0,013423 0,000012
ранний 2,612740 0,007145
фгуп 0,499776 0,002278
получить 0,985284 0,000898
контакт 0,013423 0,000012
подозревать 3,624341 0,006608
план 1,678431 0,009180
доллар 2,708050 0,002469
тема 0,013423 0,000037
сервис 0,174353 0,000159
государственный 0,013423 0,000037
ордер 5,010635 0,004568
целенаправленный 3,912023 0,003566
дискуссия 0,013423 0,000024
около 2,177422 0,001985
связанный 0,013423 0,000024
фрг 4,317488 0,003936
служба 0,006689 0,000006
риа 0,006689 0,000061
заметить 0,013423 0,000012
приказ 3,401197 0,003100
закрытый 0,013423 0,000012
обращать 0,013423 0,000012
рекомендательный 0,013423 0,000012
год 0,006689 0,000030
потокцентральный 5,010635 0,004568
международный 0,013423 0,000061
кузнецов 3,401197 0,009301
октябрь 1,714798 0,003126
сеймур 5,010635 0,004568
деталь 3,064725 0,016762
верховный 3,218876 0,002934
управление 2,371578 0,008648
идея 2,931194 0,002672
который 0,603916 0,001652
пулицеровский 5,010635 0,004568
расход 3,218876 0,002934
май 1,643339 0,001498
агентство 0,013423 0,000049
инструктор 5,010635 0,004568
семь 2,708050 0,002469
привести 2,371578 0,002162
авторизоваться 0,013423 0,000024
подол 5,010635 0,004568
выбрать 0,013423 0,000037
последовать 3,912023 0,003566
частный 2,525729 0,002302
сегодня 0,013423 0,000122
акт 3,218876 0,002934
президент 1,643339 0,001498
весна 3,218876 0,002934
просить 0,013423 0,000012
сми 2,177422 0,011909
вместе 2,302585 0,002099
заложить 5,010635 0,004568
рассказывать 2,014903 0,001837
новыесначала 0,013423 0,000012
место 1,272966 0,001160
начало 1,643339 0,001498
шапка 0,013423 0,000012
отправить 0,013423 0,000171
запрос 2,813411 0,002565
продолжить 0,006689 0,000006
решение 0,006689 0,000012
ознакомить 0,013423 0,000012
координатор 5,010635 0,004568
военный 1,514128 0,002760
вакансия 0,013423 0,000012
летний 1,919593 0,001750
мы 0,013423 0,000086
проставлять 0,013423 0,000012
некий 3,401197 0,003100
генпрокуратура 5,010635 0,004568
участие 0,006689 0,000006
утверждать 2,302585 0,002099
аккаунт 0,013423 0,000061
экономика 0,292136 0,000266
обсуждение 0,013423 0,000037
опечатка 0,013423 0,000012
использовать 0,013423 0,000012
онлайн 0,013423 0,000012
премия 3,624341 0,003304
почта 0,013423 0,000086
блокировка 0,013423 0,000049
писать 1,752539 0,001598
осуществляться 0,013423 0,000012
апрель 0,013423 0,000012
совершить 3,401197 0,006201
фамилия 0,013423 0,000012
яндекс 0,013423 0,000024
экстрадировать 5,010635 0,004568
владимир 1,373049 0,006258
хёрш 5,010635 0,004568
либо 0,013423 0,000012
федеральный 0,013423 0,000061
нажимать 0,013423 0,000012
согласно 2,371578 0,002162
тысяча 1,919593 0,001750
поиск 0,013423 0,000012
всу 2,238047 0,004080
невозможно 2,525729 0,002302
попробовать 0,013423 0,000012
заполнение 0,013423 0,000086
внимание 0,013423 0,000012
принимать 0,013423 0,000012
встреча 1,832581 0,001671
выпуск 0,013423 0,000012
информация 2,066196 0,001883
принять 1,791759 0,001633
кассационный 5,010635 0,004568
надзор 0,013423 0,000012
оборудование 3,401197 0,003100
финансирование 2,708050 0,002469
постановить 4,317488 0,003936
журавлёв 5,010635 0,004568
предприятие 0,013423 0,000037
способ 0,013423 0,000024
высокий 2,238047 0,002040
наука 0,283247 0,000258
стадия 3,912023 0,007132
обратный 0,013423 0,000086
произойти 0,013423 0,000024
продукт 0,135438 0,000123
заранее 2,708050 0,004937
источник 1,966113 0,003585
второй 1,427116 0,001301
якобы 3,624341 0,003304
