锌褉懈写褍屑邪褌褜 2,931194 0,005868
斜邪薪泻 1,966113 0,001968
褍斜械卸懈褖械 5,010635 0,005016
蟹邪泻芯薪薪褘泄 0,013423 0,000013
薪芯胁褘泄 0,006689 0,000013
泻褉懈屑懈薪邪谢褜薪褘泄 5,010635 0,005016
褋芯褑懈芯谢芯谐懈褟 4,317488 0,004322
薪邪泄褌懈 0,013423 0,000054
邪泻邪写械屑懈褟 2,931194 0,032275
锌懈褋褜屑芯 0,013423 0,000027
褋锌邪褋懈斜芯 0,013423 0,000013
褉邪褋褕懈褉懈褌褜 0,006689 0,000007
褋芯谐谢邪褋懈械 0,013423 0,000027
褑械薪褌褉 0,166448 0,000333
邪薪芯薪褋懈褉芯胁邪褌褜 3,218876 0,009666
锌械褌械褉斜褍褉谐 2,302585 0,004610
褞褉褔懈褏懈薪邪 5,010635 0,010031
锌械褌械褉斜褍褉谐屑芯褋泻胁邪褋邪薪泻褌 5,010635 0,005016
写芯褋褌褍锌 0,013423 0,000040
屑懈邪 0,013423 0,000027
锌芯谢薪褘泄 1,678431 0,006720
蟹邪写邪褌褜 0,013423 0,000013
锌褉械写谢芯卸懈褌褜 2,066196 0,004137
锌芯屑芯褖褜 1,321756 0,002646
褋胁褟蟹邪褌褜褋褟 0,013423 0,000081
褔械谢芯胁械泻 1,118815 0,001120
谐 0,013423 0,000027
褉械泻谢邪屑邪 0,013423 0,000027
褎芯褌芯 0,013423 0,000027
锌芯谢懈褌懈泻邪 0,013423 0,000067
斜褍褉褟 3,912023 0,011748
褋胁褟蟹褜 0,006689 0,000060
褕邪写邪械胁 5,010635 0,005016
芯 0,013423 0,000013
褌械褔械薪懈械 0,013423 0,000013
邪胁懈胁褎械写芯褉邪 5,010635 0,005016
蟹械屑谢褟 2,708050 0,010843
屑懈褉 0,223144 0,000893
锌褉芯泄褌懈 0,006689 0,000007
蟹邪谐芯谢芯胁芯泻 0,013423 0,000027
懈薪褎芯褉屑邪褑懈芯薪薪褘泄 0,013423 0,000067
褉褍褋褋泻懈泄 1,118815 0,001120
邪褉泻褌懈褔械褋泻懈泄 4,317488 0,008644
褉邪褋褋屑芯褌褉械褌褜 0,013423 0,000013
褉邪褋锌芯谢芯卸懈褌褜 0,013423 0,000027
写懈褋泻 5,010635 0,010031
胁褉械屑褟 0,013423 0,000013
泻薪芯锌泻邪 0,013423 0,000013
邪薪邪谢芯谐 4,317488 0,004322
褍薪懈胁械褉褋懈褌械褌斜械谢谐芯褉芯写 5,010635 0,005016
褉褍屑褘薪褋泻懈泄 3,912023 0,007832
褋懈谢褜薪褘泄 1,919593 0,005765
褉邪薪械械 0,013423 0,000013
锌芯写泻邪褋褌 0,292136 0,000292
谐谢邪胁薪褘泄 0,013423 0,000013
锌褉芯斜谢械屑邪 0,013423 0,000013
写邪薪薪褘械 0,013423 0,000107
锌芯褟胁懈褌褜褋褟 2,120264 0,004245
谐芯褉芯写 0,013423 0,000013
褉邪蟹斜谢芯泻懈褉芯胁邪褌褜 0,013423 0,000040
褎芯褌芯谐褉邪褎懈褟 0,013423 0,000013
写屑懈褌褉懈泄 1,576648 0,003156
褔邪褋 0,013423 0,000027
褔邪褌 0,013423 0,000027
屑邪谐薪懈褌薪褘泄 4,317488 0,012965
薪芯胁芯褋褌械泄屑芯谢薪懈褟 0,013423 0,000013
薪邪锌懈褋邪褌褜 0,013423 0,000013
薪邪褍褔薪褘泄 2,302585 0,004610
薪邪褍泻屑芯褖薪褘泄 5,010635 0,010031
褋芯谐谢邪褕邪褌褜褋褟 0,013423 0,000013
褎懈蟹懈泻邪 4,317488 0,004322
褋薪邪褔邪谢邪 0,013423 0,000013
芯卸芯谐 4,317488 0,004322
屑泻褋 5,010635 0,005016
薪邪褔邪褌褜褋褟 2,813411 0,008449
薪邪褔邪褌褜 1,966113 0,001968
锌芯泻邪蟹邪褌褜 0,013423 0,000054
薪邪褍泻蟹械屑谢褟褋芯谢薪褑械胁褋锌褘褕泻邪 5,010635 0,005016
锌邪褉芯谢褜 0,013423 0,000148
褉械写泻懈泄 3,064725 0,006136
褍写邪谢懈褌褜 0,013423 0,000054
懈薪卸械薪械褉 4,317488 0,004322
胁褏芯写 0,013423 0,000040
芯锌懈褋邪褌褜 0,013423 0,000013
褉邪蟹屑械褖械薪懈械 0,013423 0,000013
褋泻芯谢褜泻芯 0,006689 0,000007
胁邪屑锌懈褉 3,218876 0,006444
写褉械胁薪懈泄 2,525729 0,010113
褑懈褎褉芯胁芯泄 2,445686 0,002448
褏懈屑懈褟 4,317488 0,004322
褋薪懈蟹懈褌褜 2,931194 0,002934
懈薪褌械褉械褋薪褘泄 2,177422 0,002180
薪邪褍泻邪芯斜褖械褋褌胁芯褉芯褋褋懈褟蟹写芯褉芯胁褜械蟹写芯褉芯胁懈械 5,010635 0,005016
锌芯写褌胁械褉卸写邪褌褜 0,013423 0,000013
谐邪胁褉懈谢芯胁 0,013423 0,000013
褍褔褉械写懈褌械谢褜 0,013423 0,000013
锌芯褋谢械写薪懈泄 0,899761 0,000901
褋褋褘谢泻邪 0,013423 0,000054
泻芯屑屑褍薪懈泻邪褑懈褟 0,013423 0,000013
屑芯泄 0,013423 0,000067
谢械泻褑懈褟 5,010635 0,010031
邪褉褏懈胁 0,190354 0,000191
锌芯屑芯褔褜 0,013423 0,000013
卸懈蟹薪懈屑械写懈褑懈薪邪斜械谢谐芯褉芯写褋泻懈泄 5,010635 0,005016
胁薪械写褉械薪懈械 4,317488 0,008644
蟹邪褟胁懈褌褜 1,272966 0,005097
屑邪褌械屑邪褌懈泻 4,317488 0,004322
芯锌懈褋邪薪懈械 0,013423 0,000013
薪邪褍泻邪芯斜褖械褋褌胁芯屑芯褋泻胁邪写芯薪褌褍谢褜褋泻懈泄 5,010635 0,010031
锌褉芯褑械褋褋 0,013423 0,000013
泻芯卸邪 3,401197 0,006809
褉芯褋泻芯屑薪邪写蟹芯褉 0,013423 0,000013
褌械褏薪芯谢芯谐懈褟 0,013423 0,000067
谢褍薪邪 5,010635 0,010031
锌芯褏芯卸懈泄 3,401197 0,006809
屑芯褋泻胁邪 0,006689 0,000047
胁芯褋锌芯谢褜蟹芯胁邪褌褜褋褟 0,013423 0,000054
锌邪褉邪写 4,317488 0,008644
胁褘谐谢褟写械褌褜 2,445686 0,004896
蟹邪褌屑械薪懈械 5,010635 0,010031
薪邪褍泻邪芯斜褖械褋褌胁芯泻芯褋屑芯褋 5,010635 0,005016
写邪谢械械 0,013423 0,000027
芯邪蟹懈褋 5,010635 0,010031
褍褌褉芯屑 3,218876 0,003222
褌械泻褋褌 3,401197 0,006809
褋屑械褉褌薪芯褋褌褜 5,010635 0,005016
械写懈薪褘泄 2,177422 0,002180
写褘褉邪 5,010635 0,010031
褏芯褌械褌褜 0,006689 0,000007
褋芯谢薪褑械 3,064725 0,015339
锌谢邪薪械褌邪 3,912023 0,011748
芯褌泻褉褘胁邪褌褜 0,013423 0,000027
锌械褉械泄褌懈 0,013423 0,000027
邪褉屑懈褟 2,120264 0,002122
褋褌邪褉械薪懈械 5,010635 0,010031
褋褌邪薪褑懈褟 3,401197 0,003405
胁褔械褉邪 1,576648 0,017360
薪邪褍泻邪褏芯褉胁邪褌懈褟锌芯谢褜褕邪斜芯谢谐邪褉懈褟褉芯褋褋懈泄褋泻懈泄 4,317488 0,004322
芯斜褉邪褖械薪懈械 0,013423 0,000040
锌褉芯胁械褋褌懈 1,919593 0,003843
褋锌械褑锌褉芯械泻褌 0,190354 0,000191
屑邪褋褋芯胁褘泄 0,013423 0,000013
芯斜褉邪斜芯褌泻邪 0,013423 0,000067
褝褌芯 0,013423 0,000013
薪邪褍泻邪屑褍褉屑邪薪褋泻薪芯褉懈谢褜褋泻胁芯褉泻褍褌邪褋懈斜懈褉褋泻懈泄 5,010635 0,005016
蟹邪锌芯胁械写薪懈泻 3,218876 0,006444
薪芯胁芯褋褌褜 0,006689 0,000033
褎褢写芯褉 4,317488 0,008644
薪邪褍泻邪屑邪褉褋蟹械屑谢褟谢褍薪邪褉芯褋褋懈泄褋泻懈泄 5,010635 0,005016
薪邪褋谢邪褌褜 2,445686 0,014689
谐褉邪屑芯褌邪 5,010635 0,010031
薪邪胁懈谐邪褌芯褉懈褋褌芯褉懈褟泻褍谢懈泻芯胁褘泄 5,010635 0,005016
卸懈蟹薪褜 1,714798 0,001717
屑芯谐懈谢邪 3,218876 0,006444
蟹邪褉械谐懈褋褌褉懈褉芯胁邪褌褜褋褟 0,013423 0,000067
锌芯卸邪谢芯胁邪褌褜褋褟 0,006689 0,000007
胁芯泄褌懈 0,006689 0,000027
屑械懈褉褋械褉谐械泄 5,010635 0,005016
写芯薪褋泻芯泄褔褌芯 5,010635 0,005016
薪邪褍泻邪褉褏械芯谢芯谐懈褟懈褋褌芯褉懈褟 4,317488 0,004322
薪邪褍泻邪褉芯褋褋懈泄褋泻懈泄 5,010635 0,015047
邪谐械薪褌褋褌胁芯薪邪褍泻邪 5,010635 0,005016
褝谢 0,013423 0,000013
谐械薪械褌懈泻邪 5,010635 0,005016
芯斜褖械褋褌胁芯褌褞屑械薪褜褞薪懈褋械褎褉芯褋褋懈褟屑械写懈褑懈薪邪蟹写芯褉芯胁褜械芯卸芯谐懈写械褌懈懈屑屑褍薪懈褌械褌褉芯褋褋懈泄褋泻懈泄 5,010635 0,005016
褉邪写懈芯 0,274437 0,000275
薪邪褍泻邪褋邪薪泻褌 5,010635 0,005016
蟹邪褖懈褌邪 0,013423 0,000054
褉械谐懈褋褌褉邪褑懈褟 0,013423 0,000067
锌芯褔械屑褍 0,013423 0,000013
胁芯褋褋褌邪薪芯胁谢械薪懈械 0,013423 0,000054
斜褘褋褌褉褘泄 1,714798 0,003433
写芯薪褋泻芯泄 4,317488 0,008644
芯斜褖械褋褌胁芯屑械写懈褑懈薪邪褉芯褋褋懈泄褋泻懈泄 5,010635 0,005016
胁泻芯薪褌邪泻褌械 0,013423 0,000027
薪邪褍泻邪屑芯褋泻胁邪蟹械屑谢褟褉芯褋褋懈泄褋泻懈泄 5,010635 0,005016
谢芯谐懈薪 0,013423 0,000013
泻芯薪褎懈写械薪褑懈邪谢褜薪芯褋褌褜 0,013423 0,000054
薪邪褉褍褕械薪懈械 0,013423 0,000040
薪邪胁褋械谐写邪 0,013423 0,000013
薪邪褍泻褝泻芯谢芯谐懈褟褉芯褋褋懈泄褋泻懈泄 5,010635 0,005016
锌褍褌懈薪 1,373049 0,001374
写械泄褋褌胁懈械 0,013423 0,000013
褉械谢懈蟹 0,013423 0,000027
褋懈斜懈褉褋泻懈泄 3,218876 0,009666
薪邪蟹邪写 0,013423 0,000067
薪邪褍泻邪薪邪褍泻邪褍薪懈胁械褉褋懈褌械褌褋泻懈泄 5,010635 0,025078
褋锌懈褋芯泻 0,013423 0,000013
芯斜褟蟹邪褌械谢褜薪褘泄 0,013423 0,000094
褎械胁褉邪谢褜 0,567984 0,013645
芯褕懈斜泻邪 0,013423 0,000040
胁芯锌褉芯褋 0,006689 0,000027
蟹褍斜芯胁褋泻懈泄 0,013423 0,000027
蟹邪锌芯谢薪懈褌褜 0,013423 0,000094
胁邪褕 0,013423 0,000215
芯斜褖械褋褌胁芯 0,257045 0,000257
懈屑褟 0,013423 0,000067
写芯薪褋泻芯泄褋芯褑懈邪谢褜薪褘泄 5,010635 0,005016
屑懈泻邪械胁薪邪褋邪褉芯褋泻芯褋屑芯褋械胁褉芯锌械泄褋泻懈泄 5,010635 0,005016
褋褉芯泻 0,013423 0,000027
芯褋薪芯胁邪薪懈械 0,013423 0,000013
懈蟹写邪薪懈械 0,013423 0,000067
斜褍谢褜胁邪褉 0,013423 0,000027
薪邪褍泻邪蟹写芯褉芯胁褜械 5,010635 0,005016
褋械褌械胁芯泄 0,013423 0,000013
褋芯斜褘褌懈械 1,544899 0,001546
褌褞屑械薪褋泻懈泄 5,010635 0,005016
懈褋锌芯谢褜蟹芯胁邪薪懈械 0,013423 0,000027
胁薪芯胁褜 0,013423 0,000013
褋邪屑褘泄 0,967584 0,001937
褋屑械薪懈褌褜 0,013423 0,000013
泻芯褉芯薪邪谢褜薪褘泄 5,010635 0,010031
屑邪褌械褉懈邪谢 0,013423 0,000121
褍褔邪褋褌胁芯胁邪褌褜 0,013423 0,000027
褋芯芯斜褖懈褌褜 0,013423 0,000040
懈蟹褉邪懈谢褜褋泻懈泄 3,401197 0,006809
斜褘褌褜 0,013423 0,000013
褍褋锌械褕薪芯 0,013423 0,000013
褋泻褉懈薪褕芯褌 0,013423 0,000040
胁褘胁械褋褌懈 3,912023 0,007832
懈褋褌械褔褜 0,013423 0,000013
邪写 5,010635 0,005016
薪邪褍泻褉薪褎褉芯褋褋懈泄褋泻懈泄 5,010635 0,005016
谢械褌芯锌懈褋薪褘泄 5,010635 0,010031
谢械薪褌邪 0,006689 0,000013
泻芯褋屑芯薪邪胁褌 3,912023 0,011748
邪褉褏懈胁薪褘泄 1,347074 0,001348
褝泻懈锌邪卸 4,317488 0,004322
卸懈蟹薪懈褉芯褋褋懈褟邪褉泻褌懈泻邪 5,010635 0,005016
屑懈薪芯斜褉薪邪褍泻懈 5,010635 0,010031
芯褉斜懈褌邪谢褜薪褘泄 5,010635 0,005016
薪邪褍泻邪褌褜 5,010635 0,005016
褋褎械褉邪 0,013423 0,000027
褝谢械泻褌褉芯薪薪褘泄 0,013423 0,000013
芯斜褖械褋褌胁芯薪邪褍泻邪 5,010635 0,005016
褋锌芯褉褌 0,190354 0,000191
斜邪泻褌械褉懈褟 4,317488 0,008644
锌褉邪胁芯褋褍写懈械 5,010635 0,005016
褋胁懈写械褌械谢褜褋褌胁芯 0,013423 0,000013
泻芯屑屑械薪褌懈褉芯胁邪薪懈械 0,013423 0,000027
褕褌邪屑屑 5,010635 0,010031
斜谢芯泻懈褉芯胁邪褌褜褋褟 0,013423 0,000013
写褉邪泻芯薪 3,912023 0,007832
锌褉邪胁懈谢芯 0,013423 0,000067
褋芯褏褉邪薪懈褌褜 0,013423 0,000013
褑懈泻谢芯薪 3,401197 0,003405
锌褉懈屑械薪械薪懈械 0,013423 0,000013
胁蟹邪懈屑芯写械泄褋褌胁懈械 0,013423 0,000027
褋斜锌 5,010635 0,005016
写邪褌褜 0,013423 0,000027
泻芯褋屑芯褋 4,317488 0,008644
锌褉械褋褋 0,013423 0,000040
褋芯谐谢邪褋薪褘泄 0,013423 0,000040
锌械褉褋芯薪邪谢褜薪褘泄 0,013423 0,000107
薪邪褍泻邪泻芯褋屑芯褋 5,010635 0,010031
锌械褉械褌褟薪褍褌褜 0,013423 0,000013
褋屑芯褔褜 0,006689 0,000007
懈褋锌芯谢褜蟹芯胁邪褌褜褋褟 0,006689 0,000007
谐芯褌芯胁褘泄 0,006689 0,000013
泻褍谢懈泻芯胁褋泻懈泄 5,010635 0,015047
写邪褌邪 0,006689 0,000007
胁锌械褉胁褘械 2,238047 0,004481
芯写薪芯泻谢邪褋褋薪懈泻 0,013423 0,000027
薪械写芯锌褍褋褌懈屑褘泄 0,013423 0,000013
胁褘 0,013423 0,000013
褉邪泻 4,317488 0,008644
褎懈芯 0,013423 0,000013
写懈邪谐薪芯褋褌懈泻邪 3,912023 0,007832
胁芯褋褋褌邪薪芯胁懈褌褜 0,013423 0,000013
锌芯卸邪谢褍泄褋褌邪 0,013423 0,000013
褉芯褋褋懈泄褋泻懈泄 0,883501 0,001769
褋芯谢薪械褔薪褘泄 3,624341 0,014512
褍褔械斜薪懈泻械褋芯褑懈邪谢褜薪褘泄 5,010635 0,005016
褑械谢褜 1,966113 0,001968
薪邪褍泻邪谢褍薪邪蟹械屑谢褟屑懈褉薪褘泄褉芯褋褋懈泄褋泻懈泄 5,010635 0,005016
胁械褉褋懈褟 0,013423 0,000013
薪懈卸械 0,013423 0,000040
褉芯褋褋懈褟 0,006689 0,000067
薪邪褍泻邪褉芯褋褋懈褟泻芯薪褋褌邪薪褌懈薪 5,010635 0,005016
褌械谐 0,190354 0,000191
芯斜谢邪褋褌褜写屑懈褌褉懈泄 5,010635 0,010031
蟹邪褉械谐懈褋褌褉懈褉芯胁邪褌褜 0,013423 0,000013
褉邪薪邪 5,010635 0,010031
泻芯褋屑懈褔械褋泻懈泄 3,912023 0,003916
邪褋褌褉芯薪芯屑 5,010635 0,010031
锌芯谢械 0,013423 0,000134
褋邪泄褌 0,013423 0,000040
锌芯谢械蟹薪褘泄 0,143101 0,000143
谐邪谢芯褔泻邪 0,013423 0,000013
蟹邪斜谢芯泻懈褉芯胁邪褌褜 0,013423 0,000027
锌械褉械褌邪褖懈褌褜 0,013423 0,000040
褌褍褉懈蟹屑 0,283247 0,000284
薪邪褍泻邪蟹械屑谢褟屑芯褋泻胁邪谢褍薪邪褉芯褋褋懈泄褋泻懈泄 5,010635 0,005016
锌芯写写械褉卸懈胁邪械褌褋褟锌芯谢褍褔懈褌褜 0,013423 0,000013
邪写褉械褋 0,013423 0,000081
锌褉械写褋褌邪胁懈褌褜 2,014903 0,004034
写褉褍谐芯泄 0,013423 0,000040
褋芯芯褌胁械褌褋褌胁懈械 0,013423 0,000027
薪邪褍泻泻芯褋屑芯褋泻芯褋屑芯褋 5,010635 0,005016
褍薪懈褌邪褉薪褘泄 0,013423 0,000040
写邪胁邪褌褜 0,013423 0,000027
芯褌锌褉邪胁泻邪 0,013423 0,000013
芯斜褖械褋褌胁芯褎械写械褉邪谢褜薪褘泄 5,010635 0,005016
蟹邪谐褉褍蟹懈褌褜 0,013423 0,000027
薪邪锌褉邪胁谢械薪懈械 0,013423 0,000013
褌械谢械褎芯薪 0,013423 0,000013
褉械写邪泻褑懈褟 0,013423 0,000054
泻芯褋屑芯褋泻芯褋屑芯褋 5,010635 0,005016
薪邪褍泻邪斜褍褏邪褉械褋褌褉褍屑褘薪懈褟 5,010635 0,005016
谐邪谐邪褉懈薪 4,317488 0,004322
写芯谢卸薪褘泄 0,013423 0,000013
泻褉懈蟹懈褋 3,401197 0,006809
卸懈蟹薪懈褉邪泻芯薪泻芯谢芯谐懈褟褋褌邪褉械薪懈械褋芯褋褍写褘褋械褉写褑械蟹写芯褉芯胁褜械蟹写芯褉芯胁懈械 5,010635 0,005016
邪胁褌芯褉 0,013423 0,000013
褍褔褢薪褘泄 3,064725 0,039881
褋褌邪褉褘泄 0,013423 0,000013
褋芯芯斜褖械薪懈械 0,013423 0,000188
屑芯褕械薪薪懈泻 3,624341 0,003628
褉械斜褢薪芯泻 1,514128 0,001516
锌褉芯懈褋褕械褋褌胁懈械 0,292136 0,000292
褎械写褟械胁 5,010635 0,005016
锌芯写褌胁械褉写懈褌褜 0,013423 0,000013
芯斜褖械褋褌胁芯褉芯褋褋懈泄褋泻懈泄 5,010635 0,005016
薪邪胁懈谐邪褌芯褉褔褌褘泄 5,010635 0,005016
邪胁褌芯褉懈蟹邪褑懈褟 0,013423 0,000013
褉械谢懈谐懈褟 0,283247 0,000284
褉械泄褌懈薪谐 0,006689 0,000007
褎芯褉屑邪 0,013423 0,000161
锌芯写蟹械屑薪褘泄 4,317488 0,004322
泻褍谢褜褌褍褉邪 0,292136 0,000292
芯斜褉邪蟹械褑 3,912023 0,003916
屑邪薪褌褍褉 3,624341 0,003628
褋褌邪褌褜褟 0,013423 0,000013
屑械写胁械写械胁 2,612740 0,005231
锌褉芯屑褘褕谢械薪薪芯褋褌褜 2,813411 0,002816
斜懈褌胁邪褉芯褋褋懈泄褋泻懈泄 5,010635 0,005016
薪械写胁懈卸懈屑芯褋褌褜 0,292136 0,000292
褞褉褔懈褏懈薪褞褉懈褟 5,010635 0,005016
芯斜褖械褋褌胁芯褋芯褑懈邪谢褜薪褘泄 5,010635 0,005016
褉械写邪泻褌芯褉 0,013423 0,000013
薪邪褋褌芯褟褖懈泄 2,302585 0,004610
褕泻芯谢褜薪懈泻 3,218876 0,006444
褉邪蟹胁褢褉褌褘胁邪薪懈械 5,010635 0,005016
泻芯薪褌邪泻褌 0,013423 0,000013
懈褟 2,813411 0,005632
锌谢邪薪 1,678431 0,003360
斜芯褉褌 3,912023 0,003916
褌械屑邪 0,013423 0,000040
谐芯褋褍写邪褉褋褌胁械薪薪褘泄 0,013423 0,000054
屑芯谐懈谢械胁褋泻懈泄褉芯褋褋懈泄褋泻懈泄 5,010635 0,005016
褋械褉胁懈褋 0,174353 0,000175
锌褉懈斜芯褉 3,912023 0,007832
写懈褋泻褍褋褋懈褟 0,013423 0,000027
邪薪褌懈斜懈芯褌懈泻 4,317488 0,008644
褋胁褟蟹邪薪薪褘泄 0,013423 0,000027
褋谢褍卸斜邪 0,006689 0,000007
褉懈邪 0,006689 0,000040
薪邪褍泻邪蟹械屑谢褟屑芯褋泻胁邪褉芯褋褋懈泄褋泻懈泄 5,010635 0,005016
蟹邪屑械褌懈褌褜 0,013423 0,000013
蟹写芯褉芯胁褜械 1,832581 0,001834
蟹邪泻褉褘褌褘泄 0,013423 0,000013
锌褉械写褍锌褉械写懈褌褜 2,708050 0,002711
芯斜褉邪褖邪褌褜 0,013423 0,000013
褉械泻芯屑械薪写邪褌械谢褜薪褘泄 0,013423 0,000013
胁褋锌褘褕泻邪 4,317488 0,012965
褉芯褋邪褉褏懈胁 5,010635 0,005016
薪邪褍泻邪薪械褌邪薪懈褟褉芯褋褋懈褟褌械谢褜 5,010635 0,005016
谐芯写 0,006689 0,000007
屑械卸写褍薪邪褉芯写薪褘泄 0,013423 0,000040
屑械褋褋械薪写卸械褉 3,624341 0,003628
薪邪褍泻褋芯谢薪褑械 5,010635 0,005016
褍薪懈胁械褉褋懈褌械褌褉芯褋褋懈泄褋泻懈泄 5,010635 0,005016
褍锌褉邪胁谢械薪懈械 2,371578 0,002374
邪褉褏械芯谢芯谐懈褟 3,912023 0,003916
斜懈芯谢芯谐懈褟 4,317488 0,004322
邪谐械薪褌褋褌胁芯 0,013423 0,000067
褍褔械斜薪懈泻械褉芯褋褋懈褟泻褍谢懈泻芯胁褘泄 5,010635 0,005016
邪胁褌芯褉懈蟹芯胁邪褌褜褋褟 0,013423 0,000027
胁褘斜褉邪褌褜 0,013423 0,000040
锌褉懈褋褘谢邪褌褜 5,010635 0,005016
褉邪褋褋泻邪蟹邪褌褜 0,933098 0,005604
褋械谐芯写薪褟 0,013423 0,000081
褌械褏薪芯谢芯谐懈泄褉芯褋褋懈泄褋泻懈泄 5,010635 0,005016
蟹邪锌褍褋泻 3,912023 0,003916
锌褉芯褋懈褌褜 0,013423 0,000013
懈薪薪芯胁邪褑懈懈泻邪褔械褋褌胁芯 5,010635 0,020063
薪邪褍泻薪邪褍泻邪 5,010635 0,005016
褋芯蟹写邪褌褜 1,875141 0,005631
斜懈褌胁邪 2,708050 0,005422
褋芯谢薪褑械薪邪褍泻邪 5,010635 0,005016
屑邪谢褘泄 2,612740 0,005231
薪芯胁褘械褋薪邪褔邪谢邪 0,013423 0,000013
褋芯蟹写邪薪懈械 2,302585 0,004610
薪邪褍泻褉芯褋褋懈褟褋芯谢薪褑械 5,010635 0,005016
褕邪锌泻邪 0,013423 0,000013
芯褌锌褉邪胁懈褌褜 0,013423 0,000188
锌褉芯写芯谢卸懈褌褜 0,006689 0,000007
褉械褕械薪懈械 0,006689 0,000007
芯蟹薪邪泻芯屑懈褌褜 0,013423 0,000013
胁邪泻邪薪褋懈褟 0,013423 0,000013
屑褘 0,013423 0,000094
锌褉芯褋褌邪胁谢褟褌褜 0,013423 0,000013
褎芯薪写 3,064725 0,003068
褍褔邪褋褌懈械 0,006689 0,000007
邪泻泻邪褍薪褌 0,013423 0,000067
蟹邪卸懈胁谢褟褌褜 5,010635 0,010031
褝泻芯薪芯屑懈泻邪 0,292136 0,000292
芯斜褋褍卸写械薪懈械 0,013423 0,000027
芯锌械褔邪褌泻邪 0,013423 0,000013
懈褋锌芯谢褜蟹芯胁邪褌褜 0,013423 0,000013
芯薪谢邪泄薪 0,013423 0,000013
锌芯褔褌邪 0,013423 0,000094
斜谢芯泻懈褉芯胁泻邪 0,013423 0,000054
芯褋褍褖械褋褌胁谢褟褌褜褋褟 0,013423 0,000013
懈褋褌芯褉懈褟 1,139434 0,001141
邪锌褉械谢褜 0,013423 0,000013
褎邪屑懈谢懈褟 0,013423 0,000013
褟薪写械泻褋 0,013423 0,000027
褍薪懈胁械褉褋懈褌械褌 1,919593 0,001922
谢懈斜芯 0,013423 0,000013
褎械写械褉邪谢褜薪褘泄 0,013423 0,000067
薪邪卸懈屑邪褌褜 0,013423 0,000013
褉芯褋泻芯褋屑芯褋 5,010635 0,005016
锌芯懈褋泻 0,013423 0,000013
锌械褉械褏芯写懈褌褜 3,912023 0,003916
懈褋褌芯褉懈褔械褋泻懈泄 2,612740 0,010461
泻褉邪褋薪芯胁 3,064725 0,003068
锌械褌械褉斜褍褉谐褋泻懈泄 3,401197 0,003405
锌芯锌褉芯斜芯胁邪褌褜 0,013423 0,000013
蟹邪锌芯谢薪械薪懈械 0,013423 0,000094
胁薪懈屑邪薪懈械 0,013423 0,000013
锌褉懈薪懈屑邪褌褜 0,013423 0,000013
褌械褉屑芯褉械谐褍谢褟褑懈褟 5,010635 0,005016
褍褋褌芯泄褔懈胁褘泄 3,624341 0,007256
胁褘锌褍褋泻 0,013423 0,000013
褍薪懈泻邪谢褜薪褘泄 2,014903 0,002017
锌褉芯褏芯卸写械薪懈械 3,912023 0,007832
薪邪写蟹芯褉 0,013423 0,000013
褋芯芯斜褖邪褌褜 3,218876 0,003222
褋锌芯褋芯斜 0,013423 0,000067
锌褉械写锌褉懈褟褌懈械 0,013423 0,000040
薪邪褍泻邪 0,283247 0,002835
泻褉芯谢懈泻 4,317488 0,008644
褍锌褉芯褋褌懈褌褜 3,401197 0,003405
芯斜褉邪褌薪褘泄 0,013423 0,000094
锌褉芯懈蟹芯泄褌懈 0,013423 0,000040
锌褉芯写褍泻褌 0,135438 0,000136
薪邪褍泻邪泻邪薪邪胁械褉邪谢褎谢芯褉懈写邪写卸械褋褋懈泻 5,010635 0,005016
