истечь 0,013423 0,000019
отмечать 1,399717 0,001960
масленица 2,120264 0,011878
лента 0,006689 0,000019
законный 0,013423 0,000019
новый 0,006689 0,000084
найти 0,013423 0,000019
зимний 1,919593 0,002689
письмо 0,013423 0,000038
сфера 0,013423 0,000019
электронный 0,013423 0,000019
справедливый 5,010635 0,007018
спасибо 0,013423 0,000019
спорт 0,190354 0,000533
расширить 0,006689 0,000009
кредит 2,302585 0,006450
месяц 1,003302 0,002810
свидетельство 0,013423 0,000019
согласие 0,013423 0,000038
центр 0,166448 0,000233
комментирование 0,013423 0,000038
доступ 0,013423 0,000038
блокироваться 0,013423 0,000019
миа 0,013423 0,000038
задать 0,013423 0,000019
связаться 0,013423 0,000113
декабрь 0,985284 0,006900
сбор 2,708050 0,003793
аллергия 3,912023 0,005479
майский 3,218876 0,009016
правило 0,013423 0,000094
сохранить 0,013423 0,000019
г 0,013423 0,000038
реклама 0,013423 0,000038
фото 0,013423 0,000019
политика 0,013423 0,000094
связь 0,006689 0,000084
применение 0,013423 0,000019
взаимодействие 0,013423 0,000038
о 0,013423 0,000019
дать 0,013423 0,000038
пресс 0,013423 0,000038
согласный 0,013423 0,000056
персональный 0,013423 0,000150
перетянуть 0,013423 0,000019
течение 0,013423 0,000019
выходной 3,218876 0,004508
смочь 0,006689 0,000009
использоваться 0,006689 0,000009
готовый 0,006689 0,000019
тратить 3,401197 0,004764
дата 0,006689 0,000009
мир 0,223144 0,000313
пройти 0,006689 0,000009
заголовок 0,013423 0,000038
одноклассник 0,013423 0,000038
недопустимый 0,013423 0,000019
информационный 0,013423 0,000075
вы 0,013423 0,000019
фио 0,013423 0,000019
восстановить 0,013423 0,000019
пожалуйста 0,013423 0,000019
дело 1,249435 0,003500
стол 1,832581 0,002567
рассмотреть 0,013423 0,000019
расположить 0,013423 0,000038
порог 3,912023 0,005479
планировать 2,612740 0,018296
версия 0,013423 0,000019
время 0,013423 0,000038
ниже 0,013423 0,000056
кнопка 0,013423 0,000019
россия 0,006689 0,000084
соцсеть 3,912023 0,005479
тег 0,190354 0,000267
праздновать 2,612740 0,010978
свой 0,867501 0,001215
зарегистрировать 0,013423 0,000019
недвижимостьриа 3,401197 0,004764
подарок 2,931194 0,008211
ранее 0,013423 0,000019
ситуация 1,643339 0,002302
подкаст 0,292136 0,000409
главный 0,013423 0,000019
проблема 0,013423 0,000019
данные 0,013423 0,000150
январь 1,040343 0,004371
госуслуга 2,708050 0,003793
город 0,013423 0,000019
разблокировать 0,013423 0,000056
италия 2,014903 0,002822
фотография 0,013423 0,000019
услуга 2,445686 0,003425
сайт 0,013423 0,000056
поле 0,013423 0,000150
час 0,013423 0,000038
чат 0,013423 0,000038
полезный 0,143101 0,000200
новостеймолния 0,013423 0,000019
написать 0,013423 0,000019
галочка 0,013423 0,000019
заблокировать 0,013423 0,000038
перетащить 0,013423 0,000056
соглашаться 0,013423 0,000019
туризм 0,283247 0,000397
сначала 0,013423 0,000019
поддерживаетсяполучить 0,013423 0,000019
адрес 0,013423 0,000094
другой 0,013423 0,000056
вложить 5,010635 0,007018
соответствие 0,013423 0,000038
кибербезопасность 4,317488 0,006047
унитарный 0,013423 0,000056
давать 0,013423 0,000038
показать 0,013423 0,000019
отправка 0,013423 0,000019
загрузить 0,013423 0,000038
направление 0,013423 0,000019
телефон 0,013423 0,000038
пароль 0,013423 0,000226
редакция 0,013423 0,000056
повышать 3,912023 0,005479
удалить 0,013423 0,000075
период 1,118815 0,001567
олимпийский 2,708050 0,003793
праздник 1,427116 0,003998
вход 0,013423 0,000038
должный 0,013423 0,000019
описать 0,013423 0,000019
размещение 0,013423 0,000019
сколько 0,006689 0,000047
автор 0,013423 0,000019
старый 0,013423 0,000056
сообщение 0,013423 0,000263
мошенник 3,624341 0,010152
ребёнок 1,514128 0,002121
происшествие 0,292136 0,000409
ёлка 3,401197 0,004764
подтвердить 0,013423 0,000019
подтверждать 0,013423 0,000019
долина 4,317488 0,012094
гаврилов 0,013423 0,000019
самозапрет 4,317488 0,006047
учредитель 0,013423 0,000019
авторизация 0,013423 0,000019
религия 0,283247 0,000397
рейтинг 0,006689 0,000009
форма 0,013423 0,000226
последний 0,899761 0,001260
среднее 2,445686 0,003425
ссылка 0,013423 0,000075
коммуникация 0,013423 0,000019
мой 0,013423 0,000094
культура 0,292136 0,000409
лето 2,931194 0,004105
часто 2,371578 0,003322
архив 0,190354 0,000267
помочь 0,013423 0,000019
статья 0,013423 0,000019
описание 0,013423 0,000019
процесс 0,013423 0,000019
июль 1,609438 0,002254
недвижимость 0,292136 0,000409
возрастной 4,317488 0,006047
роскомнадзор 0,013423 0,000019
технология 0,013423 0,000038
редактор 0,013423 0,000019
сезонный 4,317488 0,006047
контакт 0,013423 0,000019
москва 0,006689 0,000019
воспользоваться 0,013423 0,000094
тема 0,013423 0,000056
сервис 0,174353 0,000244
государственный 0,013423 0,000056
следить 2,612740 0,003659
дискуссия 0,013423 0,000038
мобильный 2,708050 0,003793
квартира 2,612740 0,003659
связанный 0,013423 0,000038
служба 0,006689 0,000009
риа 0,006689 0,000028
деньга 2,066196 0,002894
заметить 0,013423 0,000019
здоровье 1,832581 0,005133
закрытый 0,013423 0,000019
обращать 0,013423 0,000019
рекомендательный 0,013423 0,000019
далее 0,013423 0,000038
алкоголь 3,624341 0,005076
получать 2,238047 0,003135
новогодний 2,120264 0,005939
год 0,006689 0,000094
обманывать 3,912023 0,005479
спасти 2,238047 0,003135
хотеть 0,006689 0,000009
открывать 0,013423 0,000038
потратить 3,624341 0,015228
перейти 0,013423 0,000019
международный 0,013423 0,000056
обращение 0,013423 0,000056
агентство 0,013423 0,000075
провести 1,919593 0,002689
спецпроект 0,190354 0,000267
массовый 0,013423 0,000019
обработка 0,013423 0,000094
это 0,013423 0,000019
авторизоваться 0,013423 0,000038
выбрать 0,013423 0,000056
опрос 2,931194 0,090317
сегодня 0,013423 0,000113
новость 0,006689 0,000047
просить 0,013423 0,000019
стоить 1,678431 0,002351
сентябрь 1,427116 0,001999
новыесначала 0,013423 0,000019
менять 2,525729 0,003537
зарегистрироваться 0,013423 0,000094
обесценивание 4,317488 0,006047
пожаловаться 0,006689 0,000009
войти 0,006689 0,000037
шапка 0,013423 0,000019
отправить 0,013423 0,000263
предпочитать 3,401197 0,009527
продолжить 0,006689 0,000009
решение 0,006689 0,000009
ознакомить 0,013423 0,000019
март 1,514128 0,006362
вакансия 0,013423 0,000019
эл 0,013423 0,000019
мы 0,013423 0,000132
проставлять 0,013423 0,000019
радио 0,274437 0,000384
участие 0,006689 0,000009
аккаунт 0,013423 0,000113
экономика 0,292136 0,000409
защита 0,013423 0,000075
олимпиада 2,445686 0,003425
считать 2,014903 0,002822
регистрация 0,013423 0,000094
обсуждение 0,013423 0,000038
опечатка 0,013423 0,000019
использовать 0,013423 0,000019
почему 0,013423 0,000019
надёжный 2,813411 0,003940
восстановление 0,013423 0,000075
онлайн 0,013423 0,000019
дарить 3,401197 0,004764
почта 0,013423 0,000132
блокировка 0,013423 0,000075
осуществляться 0,013423 0,000019
апрель 0,013423 0,000056
вконтакте 0,013423 0,000038
страдать 3,624341 0,005076
жильё 3,218876 0,004508
фамилия 0,013423 0,000019
логин 0,013423 0,000019
конфиденциальность 0,013423 0,000075
нарушение 0,013423 0,000056
навсегда 0,013423 0,000019
школа 2,813411 0,007881
яндекс 0,013423 0,000038
действие 0,013423 0,000019
либо 0,013423 0,000019
федеральный 0,013423 0,000075
релиз 0,013423 0,000019
нажимать 0,013423 0,000019
назад 0,013423 0,000094
список 0,013423 0,000019
поиск 0,013423 0,000019
обязательный 0,013423 0,000132
февраль 0,567984 0,003977
аналогичный 3,218876 0,004508
ошибка 0,013423 0,000056
вопрос 0,006689 0,000037
длинный 3,912023 0,005479
зубовский 0,013423 0,000038
игра 1,609438 0,002254
попробовать 0,013423 0,000019
заполнение 0,013423 0,000132
заполнить 0,013423 0,000132
внимание 0,013423 0,000019
принимать 0,013423 0,000019
ваш 0,013423 0,000320
общество 0,257045 0,002520
имя 0,013423 0,000094
продажа 3,218876 0,004508
выпуск 0,013423 0,000019
срок 0,013423 0,000038
основание 0,013423 0,000019
издание 0,013423 0,000019
бульвар 0,013423 0,000038
сетевой 0,013423 0,000019
надзор 0,013423 0,000019
использование 0,013423 0,000019
август 1,752539 0,004909
вновь 0,013423 0,000019
неделя 1,181994 0,001655
сменить 0,013423 0,000019
предприятие 0,013423 0,000056
способ 0,013423 0,000038
материал 0,013423 0,000169
наука 0,283247 0,000397
участвовать 0,013423 0,000038
какой 1,399717 0,003921
сообщить 0,013423 0,000019
обратный 0,013423 0,000132
продукт 0,135438 0,000190
произойти 0,013423 0,000019
быть 0,013423 0,000038
успешно 0,013423 0,000019
скриншот 0,013423 0,000056
