долгий 3,218876 0,001172
банк 1,966113 0,000716
личный 2,177422 0,000793
законный 0,013423 0,000002
паприка 3,624341 0,005277
металл 4,317488 0,000786
найти 0,013423 0,000005
письмо 0,013423 0,000005
спасибо 0,013423 0,000002
таять 3,624341 0,001319
расширить 0,006689 0,000001
согласие 0,013423 0,000005
центр 0,166448 0,000030
ст 2,813411 0,010240
долго 3,064725 0,000558
прохладный 3,624341 0,004617
множество 2,931194 0,000533
связаться 0,013423 0,000015
кожица 4,317488 0,000786
вода 1,576648 0,006312
дополнительно 3,624341 0,001319
немного 2,177422 0,001189
реклама 0,013423 0,000002
фото 0,013423 0,000005
морепродукт 3,912023 0,000712
поделить 3,912023 0,001424
марина 3,912023 0,001424
связь 0,006689 0,000010
коллекция 4,317488 0,000786
крылышко 4,317488 0,001571
кастрюля 2,371578 0,004747
запах 3,912023 0,000712
область 1,427116 0,000519
никитин 5,010635 0,001824
собрать 3,218876 0,001172
повар 2,238047 0,000815
сочность 3,624341 0,002638
перемешать 2,238047 0,025252
брусничный 5,010635 0,001824
надавить 4,317488 0,001571
весь 1,021651 0,000744
эксперимент 3,912023 0,001424
пройти 0,006689 0,000001
заголовок 0,013423 0,000005
однородность 5,010635 0,003647
информационный 0,013423 0,000010
шаг 1,791759 0,030651
дело 1,249435 0,000227
свежемолотый 4,317488 0,000786
рассмотреть 0,013423 0,000002
толстошеев 5,010635 0,000912
расположить 0,013423 0,000005
слишком 2,708050 0,000493
быстро 2,177422 0,000793
сунель 5,010635 0,001824
шашлычок 5,010635 0,000912
очистить 2,238047 0,011811
готовить 1,966113 0,000358
главный 0,013423 0,000002
проблема 0,013423 0,000002
данные 0,013423 0,000020
эстрагон 5,010635 0,005471
также 1,139434 0,002488
туда 3,218876 0,001757
ступка 5,010635 0,001824
фотография 0,013423 0,000002
приправа 3,912023 0,003560
легко 1,791759 0,000326
предварительно 2,931194 0,000533
пикник 4,317488 0,000786
трава 3,064725 0,001115
снова 2,612740 0,008559
разложить 3,218876 0,001172
соглашаться 0,013423 0,000002
сначала 0,013423 0,000005
медиабанксвинин 5,010635 0,000912
мариновать 5,010635 0,013678
слой 2,813411 0,008192
удалить 0,013423 0,000015
однако 1,966113 0,000716
мышца 3,912023 0,000712
сырьё 4,317488 0,000786
брусника 4,317488 0,005500
размещение 0,013423 0,000002
кефир 2,931194 0,005868
сколько 0,006689 0,000001
запекать 3,218876 0,000586
июнь 1,875141 0,000341
маринование 5,010635 0,013678
один 1,098612 0,000800
оттенок 2,612740 0,000475
иметь 1,544899 0,000562
полностью 2,014903 0,000733
совет 1,226446 0,000893
филе 3,912023 0,001424
индейка 4,317488 0,007071
сметана 2,708050 0,000986
пополнять 5,010635 0,000912
хотеться 3,218876 0,000586
часть 1,373049 0,002749
кожура 2,813411 0,002048
последний 0,899761 0,000327
волокно 4,317488 0,002357
нарезать 2,120264 0,025080
сторона 1,609438 0,000293
минута 1,226446 0,002678
шеф 2,238047 0,001629
кислый 3,912023 0,003560
выложить 2,708050 0,008871
некоторый 2,014903 0,000367
часто 2,371578 0,000863
верхний 2,525729 0,000919
сочетаться 3,624341 0,001319
частый 2,445686 0,000890
первухинашашлык 5,010635 0,000912
мариноваться 5,010635 0,030091
описание 0,013423 0,000002
шт 2,238047 0,012219
процесс 0,013423 0,000010
избежать 2,525729 0,000460
залить 2,445686 0,008011
лопатка 4,317488 0,001571
оздоровительный 4,317488 0,000786
способный 3,064725 0,001115
курица 2,931194 0,010669
говорить 1,714798 0,000312
кольцо 3,401197 0,011141
помидор 2,931194 0,001067
король 3,912023 0,000712
шея 4,317488 0,001571
качество 2,177422 0,001189
кунжутный 5,010635 0,000912
становиться 2,177422 0,000396
врач 2,014903 0,000367
перетереть 4,317488 0,001571
молотый 3,064725 0,008366
влиять 2,445686 0,000445
старое 5,010635 0,002736
поставить 2,014903 0,000733
гриль 3,912023 0,001424
пятаковый 3,912023 0,001424
наполнить 3,912023 0,000712
перейти 0,013423 0,000042
кончиться 4,317488 0,001571
ускорить 5,010635 0,000912
прямо 2,931194 0,001600
нужно 1,455287 0,001589
счёт 2,014903 0,000367
оглавление 1,791759 0,000326
пропитаться 3,912023 0,001424
замариновать 3,912023 0,003560
порция 2,238047 0,001222
металлический 5,010635 0,001824
огонь 1,966113 0,001431
голень 3,912023 0,002848
слово 1,514128 0,000276
еда 2,177422 0,008718
плод 3,401197 0,000619
взять 1,832581 0,000667
стоить 1,678431 0,000305
вылить 3,912023 0,001424
петрушка 2,813411 0,005120
суша 4,317488 0,000786
эмалировать 3,912023 0,000712
горчичный 4,317488 0,003143
крупно 3,624341 0,001319
стакан 3,064725 0,001115
прожариться 5,010635 0,000912
горошек 3,912023 0,001424
целый 2,931194 0,001600
эл 0,013423 0,000002
точно 2,612740 0,000475
корзина 3,912023 0,000712
луковый 3,912023 0,005695
почему 0,013423 0,000002
быстрый 1,714798 0,000624
хороший 1,059392 0,005398
добавить 1,514128 0,015155
красный 1,966113 0,005367
испортить 3,912023 0,001424
каллиник 3,401197 0,003095
вкусный 1,752539 0,001914
вконтакте 0,013423 0,000005
логин 0,013423 0,000002
конфиденциальность 0,013423 0,000010
нарушение 0,013423 0,000007
навсегда 0,013423 0,000002
людковскаяшашлык 5,010635 0,000912
натереть 2,708050 0,001478
равномерно 3,218876 0,002343
назад 0,013423 0,000012
говядина 3,218876 0,019917
список 0,013423 0,000002
масса 2,813411 0,004096
дополнение 3,064725 0,000558
желание 2,813411 0,001536
состояние 1,919593 0,001397
лук 2,302585 0,040646
виталий 3,624341 0,002638
приобрести 2,302585 0,000419
слабый 2,708050 0,000493
зубовский 0,013423 0,000005
заполнить 0,013423 0,000017
минь 3,624341 0,000660
пюре 3,064725 0,008924
именно 2,066196 0,000752
общество 0,257045 0,001029
так 2,525729 0,001379
хмелить 4,317488 0,001571
бальзамический 4,317488 0,003143
процедить 3,218876 0,001172
промыть 2,612740 0,017117
основание 0,013423 0,000002
лимон 3,064725 0,014501
издание 0,013423 0,000002
бульвар 0,013423 0,000005
засыпать 3,624341 0,001319
сетевой 0,013423 0,000002
потребоваться 2,525729 0,001379
позволять 2,238047 0,001222
безвкусный 4,317488 0,000786
вновь 0,013423 0,000002
мина 2,445686 0,004451
сменить 0,013423 0,000002
выкладывать 3,401197 0,001238
участвовать 0,013423 0,000007
сообщить 0,013423 0,000002
быть 0,013423 0,000002
кориандр 4,317488 0,004714
скриншот 0,013423 0,000007
истечь 0,013423 0,000002
спинка 4,317488 0,000786
приготовить 1,643339 0,000299
электронный 0,013423 0,000002
таки 3,912023 0,001424
лишний 2,931194 0,003734
грузия 3,401197 0,001238
попадать 3,912023 0,002136
пиво 4,317488 0,005500
этот 1,514128 0,000827
глубокий 2,931194 0,002134
признанный 3,912023 0,000712
цедра 3,912023 0,000712
индюшачий 5,010635 0,000912
отлично 3,401197 0,003714
пряный 3,218876 0,001172
сохранить 0,013423 0,000002
народ 2,238047 0,000815
край 2,371578 0,000863
насаживание 5,010635 0,000912
взаимодействие 0,013423 0,000005
согласный 0,013423 0,000007
первухин 5,010635 0,000912
перетянуть 0,013423 0,000002
ёмкость 3,401197 0,005571
использоваться 0,006689 0,000004
важно 2,120264 0,000772
пополам 3,624341 0,002638
многое 3,912023 0,000712
недолго 5,010635 0,000912
кинза 4,317488 0,003143
оставить 1,966113 0,012523
фио 0,013423 0,000002
кусок 3,401197 0,019807
кирилл 1,875141 0,002047
пожалуйста 0,013423 0,000002
тарелка 2,813411 0,001024
гастроэнтеролог 3,912023 0,000712
необходимо 1,791759 0,000978
марля 3,624341 0,001319
соблюдать 3,064725 0,000558
обойтись 3,064725 0,000558
насыпать 3,912023 0,001424
версия 0,013423 0,000002
ниже 0,013423 0,000007
сутки 2,371578 0,001295
смотреть 1,966113 0,000358
диетолог 3,912023 0,000712
шесть 2,371578 0,001295
измельчить 2,931194 0,004267
обычно 2,813411 0,000512
зарегистрировать 0,013423 0,000002
популярный 1,752539 0,000957
назвать 1,347074 0,000490
влить 3,064725 0,003346
поле 0,013423 0,000022
окорка 5,010635 0,000912
перетащить 0,013423 0,000007
гармоничный 4,317488 0,001571
туризм 0,283247 0,001186
положить 1,966113 0,000716
особенность 2,120264 0,000386
мелкий 2,371578 0,002158
адрес 0,013423 0,000012
зря 4,317488 0,000786
соответствие 0,013423 0,000005
креветка 2,813411 0,001024
долг 2,445686 0,000890
зажарить 5,010635 0,000912
загрузить 0,013423 0,000005
прикрыть 5,010635 0,001824
уксус 3,218876 0,008787
направление 0,013423 0,000002
размягчать 5,010635 0,002736
телефон 0,013423 0,000002
редакция 0,013423 0,000007
чёрный 2,238047 0,004480
иначе 2,931194 0,001067
пока 1,919593 0,001397
медиабанкшашлык 5,010635 0,004559
переворачивать 4,317488 0,000786
должный 0,013423 0,000034
нередко 5,010635 0,000912
свинина 3,624341 0,031000
размякнуть 5,010635 0,001824
автор 0,013423 0,000002
старый 0,013423 0,000002
сообщение 0,013423 0,000034
выраженный 5,010635 0,000912
влага 5,010635 0,003647
лёгкий 2,120264 0,001543
недостаточно 3,064725 0,000558
ингредиент 1,919593 0,009781
подтвердить 0,013423 0,000002
сбрызнуть 4,317488 0,001571
майонез 3,218876 0,009373
излишек 3,401197 0,001238
грузинский 2,813411 0,001024
снять 2,371578 0,000432
эксперт 1,373049 0,000500
длительный 3,064725 0,000558
посуда 2,813411 0,011776
греческий 2,612740 0,001902
ограничиваться 2,813411 0,000512
спектр 5,010635 0,000912
целиком 4,317488 0,000786
брать 2,445686 0,001335
максимальный 2,371578 0,000863
аньковы 4,317488 0,003143
намного 4,317488 0,000786
чередовать 5,010635 0,000912
кисло 5,010635 0,001824
вперемешку 5,010635 0,001824
мягкость 3,218876 0,001172
ароматный 2,302585 0,000419
получаться 2,708050 0,002464
перебить 5,010635 0,006383
существовать 2,302585 0,000838
статья 0,013423 0,000002
кружочек 3,624341 0,001319
абхазия 4,317488 0,001571
свежевыжать 5,010635 0,000912
кусочек 2,708050 0,012321
гармонировать 5,010635 0,001824
избыток 4,317488 0,000786
отношение 1,791759 0,000326
редактор 0,013423 0,000002
фгуп 0,499776 0,002001
получить 0,985284 0,000538
многие 2,525729 0,001379
контакт 0,013423 0,000002
нарезка 4,317488 0,000786
деревянный 3,064725 0,000558
государственный 0,013423 0,000007
медиабанкплод 5,010635 0,000912
тщательно 2,445686 0,003561
сделать 1,226446 0,001562
различный 2,525729 0,001379
квартира 2,612740 0,000475
связанный 0,013423 0,000005
риа 0,006689 0,000058
закрытый 0,013423 0,000002
обращать 0,013423 0,000002
разный 1,484275 0,000540
шампур 5,010635 0,002736
год 0,006689 0,000001
пакет 3,401197 0,001238
пропитываться 4,317488 0,001571
томатный 3,401197 0,003714
международный 0,013423 0,000007
втереть 5,010635 0,000912
тёртый 2,931194 0,000533
тягучий 5,010635 0,001824
поэтому 2,014903 0,000733
мангал 3,912023 0,002848
столовый 3,624341 0,001979
крупный 2,120264 0,004630
май 1,643339 0,000897
агентство 0,013423 0,000010
оливковый 3,912023 0,012815
семя 3,912023 0,002848
подобрать 3,218876 0,002343
каша 3,401197 0,001238
сегодня 0,013423 0,000066
пропустить 2,931194 0,002134
зира 5,010635 0,000912
просить 0,013423 0,000002
мариновка 5,010635 0,001824
сразу 1,832581 0,000667
температура 2,445686 0,002670
острый 2,813411 0,003584
такой 1,098612 0,001200
вместе 2,302585 0,001676
чеснок 2,612740 0,009985
орегано 3,912023 0,007119
вкусовой 2,813411 0,002048
шапка 0,013423 0,000002
отправить 0,013423 0,000064
овощ 2,120264 0,000386
продолжить 0,006689 0,000001
бедро 4,317488 0,003143
решение 0,006689 0,000001
рука 1,791759 0,001956
ознакомить 0,013423 0,000002
необычный 2,014903 0,001100
благодаря 2,302585 0,000838
широкий 3,064725 0,000558
проставлять 0,013423 0,000002
окисел 5,010635 0,000912
аккаунт 0,013423 0,000012
спичечный 5,010635 0,001824
обсуждение 0,013423 0,000005
надёжный 2,813411 0,000512
сложно 3,218876 0,000586
миска 2,612740 0,004755
почта 0,013423 0,000017
блокировка 0,013423 0,000010
рецепт 1,118815 0,007126
хорошенько 3,912023 0,001424
запечь 3,624341 0,000660
три 2,120264 0,000386
фамилия 0,013423 0,000002
непосредственно 3,218876 0,001172
евгений 2,238047 0,000815
кавказский 4,317488 0,001571
яндекс 0,013423 0,000005
медовый 3,624341 0,003957
ягодный 3,624341 0,001319
холодный 2,066196 0,000752
либо 0,013423 0,000002
напиток 2,371578 0,000863
нажимать 0,013423 0,000002
накрыть 3,218876 0,012887
редко 3,624341 0,000660
предлагать 2,445686 0,001335
поиск 0,013423 0,000002
молодой 2,525729 0,002298
придерживаться 4,317488 0,000786
помять 5,010635 0,003647
алексей 1,966113 0,001431
помогать 2,445686 0,000445
кислота 3,064725 0,002789
тимьян 3,912023 0,001424
промолоть 5,010635 0,000912
подготовить 2,120264 0,000386
занять 3,218876 0,000586
седло 5,010635 0,000912
соотношение 3,624341 0,000660
постоянно 2,371578 0,000432
каллиниковшашлык 5,010635 0,000912
жёсткий 2,931194 0,004801
способ 0,013423 0,000010
гранатовый 4,317488 0,004714
кролик 4,317488 0,001571
продукт 0,135438 0,000148
аджика 5,010635 0,011854
активно 3,064725 0,000558
второй 1,427116 0,000260
покрыть 2,931194 0,001067
специальный 1,514128 0,000551
новый 0,006689 0,000002
размешать 3,624341 0,001319
рот 3,401197 0,001238
блендер 3,624341 0,006596
барашек 5,010635 0,001824
важный 1,297063 0,000236
доступ 0,013423 0,000005
миа 0,013423 0,000059
задать 0,013423 0,000002
помощь 1,321756 0,000481
пригореть 3,912023 0,001424
горчица 3,401197 0,005571
г 0,013423 0,000249
сладкий 2,302585 0,003771
кислинка 3,218876 0,001757
стручковый 5,010635 0,001824
качественный 3,218876 0,000586
фольга 4,317488 0,000786
политика 0,013423 0,000010
к 2,177422 0,000793
л 2,525729 0,022982
полноценно 5,010635 0,000912
подходить 2,445686 0,004006
о 0,013423 0,000002
применять 3,401197 0,000619
репчатый 3,064725 0,016732
течение 0,013423 0,000037
ягода 2,525729 0,000919
ч 2,612740 0,009510
пищевой 2,120264 0,002315
оно 2,302585 0,002933
вариант 1,966113 0,001789
панцирь 4,317488 0,000786
готовка 1,919593 0,006987
кефирный 3,912023 0,001424
тонкий 2,612740 0,001426
порошок 3,401197 0,001238
пустить 5,010635 0,001824
классический 1,752539 0,001595
небольшой 2,014903 0,004033
время 0,013423 0,000076
кнопка 0,013423 0,000002
томат 3,624341 0,004617
корейка 4,317488 0,001571
ранее 0,013423 0,000002
сергей 1,544899 0,001125
кулинар 2,813411 0,002560
город 0,013423 0,000002
разблокировать 0,013423 0,000007
оставлять 3,064725 0,001673
вкусно 2,813411 0,001024
следовать 2,014903 0,001100
час 0,013423 0,000149
армянский 2,708050 0,000986
гранат 5,010635 0,003647
чат 0,013423 0,000005
новостеймолния 0,013423 0,000002
написать 0,013423 0,000002
прийтись 2,708050 0,000986
зависимость 1,966113 0,001073
базилик 3,218876 0,005858
плёнка 3,624341 0,014511
рецептышашлыкобществороссияед 5,010635 0,000912
показать 0,013423 0,000002
мятный 4,317488 0,001571
уменьшить 3,401197 0,000619
пароль 0,013423 0,000027
требоваться 2,708050 0,000986
частичка 4,317488 0,001571
дополнить 3,401197 0,001857
последствие 1,544899 0,000281
ирина 2,931194 0,001067
вход 0,013423 0,000005
описать 0,013423 0,000002
толстошеевашашлык 5,010635 0,000912
однородный 3,064725 0,002231
размягчить 5,010635 0,000912
рекомендовать 2,371578 0,000432
соус 2,525729 0,012410
карри 4,317488 0,006286
гарнир 3,218876 0,000586
смесь 2,371578 0,007769
рёбрышко 4,317488 0,000786
просыпать 5,010635 0,001824
интересный 2,177422 0,000793
помыть 3,912023 0,002848
решётка 5,010635 0,000912
подтверждать 0,013423 0,000002
гаврилов 0,013423 0,000002
учредитель 0,013423 0,000002
болгарский 3,401197 0,002476
архангельский 5,010635 0,001824
произвольный 3,912023 0,005695
неповторимый 3,912023 0,000712
ссылка 0,013423 0,000010
коммуникация 0,013423 0,000002
мой 0,013423 0,000012
помочь 0,013423 0,000015
бренд 3,064725 0,001115
кисломолочный 3,912023 0,002848
добавление 2,931194 0,001600
основа 2,120264 0,001929
среда 2,612740 0,000951
роскомнадзор 0,013423 0,000002
куриный 2,371578 0,003021
технология 0,013423 0,000005
остаться 1,919593 0,000699
среди 2,813411 0,000512
придавливать 5,010635 0,001824
несладкий 5,010635 0,003647
жестковатый 5,010635 0,000912
москва 0,006689 0,000002
воспользоваться 0,013423 0,000010
специфический 3,912023 0,000712
подойти 2,813411 0,008704
зерно 3,624341 0,001319
соединить 2,708050 0,000986
сорт 2,931194 0,002134
отдельный 2,525729 0,002758
изобретение 5,010635 0,001824
результат 1,714798 0,000624
добавлять 1,919593 0,001048
большой 1,832581 0,000667
мятый 3,912023 0,007119
далее 0,013423 0,000012
шашлык 3,218876 0,061507
изначально 3,401197 0,000619
впитать 4,317488 0,000786
животное 2,708050 0,000493
жидкий 3,218876 0,000586
хотеть 0,006689 0,000001
шпажка 3,912023 0,001424
открывать 0,013423 0,000005
салфетка 3,401197 0,013617
разморозить 4,317488 0,000786
стать 0,851752 0,000775
достаточно 2,445686 0,002225
тархун 5,010635 0,003647
придавать 2,612740 0,001902
нежный 2,177422 0,005151
приобретать 3,064725 0,000558
обращение 0,013423 0,000007
это 0,013423 0,000029
массовый 0,013423 0,000002
обработка 0,013423 0,000012
равный 3,624341 0,006596
разрезать 3,624341 0,002638
переложить 3,064725 0,003346
вкус 1,752539 0,010206
порезать 3,624341 0,013191
лимонный 2,931194 0,003734
отжать 5,010635 0,001824
лука 3,218876 0,007029
два 1,514128 0,000827
новость 0,006689 0,000060
йогурт 3,401197 0,008047
остальной 2,177422 0,002378
алюминиевый 5,010635 0,000912
зарегистрироваться 0,013423 0,000012
пожаловаться 0,006689 0,000001
прожариваться 5,010635 0,000912
жариться 4,317488 0,000786
войти 0,006689 0,000005
держать 2,931194 0,000533
коробка 5,010635 0,001824
комнатный 3,064725 0,002231
особо 3,912023 0,000712
стеклянный 4,317488 0,000786
радио 0,274437 0,000100
защита 0,013423 0,000010
успевать 4,317488 0,000786
регистрация 0,013423 0,000012
минимум 2,371578 0,000863
подсластитель 4,317488 0,001571
белок 3,064725 0,001115
особый 1,752539 0,001276
лить 3,912023 0,000712
восстановление 0,013423 0,000010
вино 3,624341 0,010553
подсолнечный 3,912023 0,001424
вина 2,371578 0,000863
изобилие 4,317488 0,000786
завернуть 4,317488 0,000786
затем 1,791759 0,000652
жир 2,238047 0,002036
сома 5,010635 0,001824
телятина 4,317488 0,001571
волокнистый 4,317488 0,000786
приправлять 5,010635 0,000912
соль 2,066196 0,021809
пикантный 3,401197 0,001238
действие 0,013423 0,000005
релиз 0,013423 0,000002
растолочь 4,317488 0,001571
ночь 2,708050 0,003450
первый 0,883501 0,000161
лист 2,708050 0,003943
обязательный 0,013423 0,000017
практически 2,445686 0,001780
ошибка 0,013423 0,000007
птица 3,912023 0,002848
планироваться 3,624341 0,000660
вопрос 0,006689 0,000005
мягкий 2,445686 0,014242
размер 2,014903 0,001833
крышка 3,218876 0,012887
ваш 0,013423 0,000039
имя 0,013423 0,000012
присутствовать 3,218876 0,000586
имбирь 3,624341 0,002638
блюдо 1,609438 0,001757
больший 2,014903 0,001100
срок 0,013423 0,000005
чили 4,317488 0,003143
предпочтение 2,708050 0,000986
использование 0,013423 0,000002
пора 2,525729 0,000919
самый 0,967584 0,001057
допустимый 3,912023 0,000712
материал 0,013423 0,000022
выбирать 2,014903 0,002200
успешно 0,013423 0,000002
вырезка 5,010635 0,003647
нотка 3,218876 0,002343
терять 3,912023 0,000712
мчс 3,218876 0,000586
лента 0,006689 0,000002
ребро 4,317488 0,000786
нанизать 5,010635 0,002736
сфера 0,013423 0,000002
долька 3,401197 0,001857
район 2,525729 0,000919
солить 3,912023 0,003560
вустерский 5,010635 0,003647
буквально 3,064725 0,001115
людковский 5,010635 0,000912
свидетельство 0,013423 0,000002
комментирование 0,013423 0,000005
блокироваться 0,013423 0,000002
веточка 3,624341 0,001319
чашка 4,317488 0,000786
разнообразный 3,401197 0,000619
правило 0,013423 0,000015
толстый 3,401197 0,001857
применение 0,013423 0,000002
душистый 3,912023 0,004272
дать 0,013423 0,000020
пресс 0,013423 0,000007
укроп 2,445686 0,001780
персональный 0,013423 0,000020
развести 3,401197 0,000619
минимальный 2,708050 0,000493
соевый 3,624341 0,012532
смочь 0,006689 0,000001
гарантия 3,218876 0,014059
готовый 0,006689 0,000005
вес 3,912023 0,000712
дата 0,006689 0,000001
простор 4,317488 0,000786
сочный 2,525729 0,017007
традиционный 1,919593 0,000699
одноклассник 0,013423 0,000005
недопустимый 0,013423 0,000002
вы 0,013423 0,000002
восстановить 0,013423 0,000002
порвать 5,010635 0,001824
россия 0,006689 0,000062
простой 1,272966 0,006950
хватить 3,624341 0,001979
свой 0,867501 0,000474
свиной 4,317488 0,002357
насечка 4,317488 0,000786
ракообразный 4,317488 0,000786
полукольцо 3,624341 0,007915
получиться 2,177422 0,008718
столовая 2,931194 0,001067
сайт 0,013423 0,000007
правильно 2,066196 0,001128
слегка 2,708050 0,004928
полезный 0,143101 0,000052
галочка 0,013423 0,000002
заблокировать 0,013423 0,000005
нуждаться 3,624341 0,003298
наполниться 5,010635 0,000912
мясной 3,912023 0,000712
поддерживаетсяполучить 0,013423 0,000002
перец 2,445686 0,034716
другой 0,013423 0,000017
рыба 2,931194 0,003734
ананас 4,317488 0,000786
унитарный 0,013423 0,000007
давать 0,013423 0,000007
отправка 0,013423 0,000002
передержать 4,317488 0,000786
лавровый 3,401197 0,004952
отдать 2,931194 0,000533
пригодиться 5,010635 0,000912
схожий 3,624341 0,000660
филипп 2,445686 0,000890
почистить 3,912023 0,007119
держаться 3,401197 0,000619
сухой 2,813411 0,009216
питание 2,302585 0,000419
переедание 5,010635 0,000912
предпочтительный 5,010635 0,000912
сушёный 3,624341 0,005277
сей 2,931194 0,001067
кетчуп 5,010635 0,004559
специя 2,813411 0,005120
постный 2,931194 0,000533
вид 1,399717 0,003566
дно 3,912023 0,001424
плотный 3,401197 0,000619
замочить 3,401197 0,000619
пивной 4,317488 0,001571
гунеев 4,317488 0,001571
обновить 0,985284 0,000179
масло 2,238047 0,013033
медиабанкбрусника 5,010635 0,000912
отверстие 5,010635 0,000912
авторизация 0,013423 0,000002
рейтинг 0,006689 0,000001
форма 0,013423 0,000042
среднее 2,445686 0,000445
зелень 2,371578 0,001295
мезенский 5,010635 0,001824
растительный 2,931194 0,003201
зависеть 2,066196 0,001128
несмотря 2,708050 0,000493
перечный 5,010635 0,001824
любой 1,576648 0,002008
отличаться 2,708050 0,001478
мята 3,064725 0,001115
оригинальный 2,238047 0,000407
луковица 3,912023 0,004272
мелко 2,525729 0,000919
кость 3,912023 0,000712
мясо 2,445686 0,106373
компонент 2,931194 0,000533
маринад 3,624341 0,104212
тема 0,013423 0,000007
дискуссия 0,013423 0,000005
около 2,177422 0,001585
фруктовый 3,218876 0,000586
придать 2,813411 0,000512
служба 0,006689 0,000001
заметить 0,013423 0,000002
рекомендательный 0,013423 0,000002
мёд 3,218876 0,005272
жарка 3,912023 0,007119
здоровый 3,624341 0,000660
придавить 5,010635 0,001824
жирный 3,401197 0,000619
движение 2,813411 0,000512
медиабанк 1,321756 0,001924
свинин 5,010635 0,020973
лосось 4,317488 0,000786
осторожно 3,912023 0,002136
баранина 5,010635 0,016413
кислотный 5,010635 0,000912
проседать 5,010635 0,000912
минеральный 4,317488 0,007857
решить 1,919593 0,000349
прекрасно 3,218876 0,001172
который 0,603916 0,001099
аромат 2,708050 0,002464
убрать 2,302585 0,009638
избавиться 3,401197 0,001238
холодильник 2,525729 0,013789
например 1,714798 0,001560
диетический 3,624341 0,000660
приготовление 1,484275 0,008103
обсушить 4,317488 0,007857
поперчить 3,218876 0,004686
авторизоваться 0,013423 0,000005
выбрать 0,013423 0,000010
рассказать 0,933098 0,000340
сито 3,401197 0,001238
случай 1,643339 0,000299
классика 3,401197 0,000619
паста 3,624341 0,000660
жарить 3,401197 0,001238
правильный 3,218876 0,000586
новыесначала 0,013423 0,000002
нужный 1,643339 0,001794
грудка 3,624341 0,002638
сверху 3,064725 0,006693
несколько 1,544899 0,003093
посолить 2,813411 0,008704
мл 2,612740 0,003804
примерно 2,177422 0,000793
место 1,272966 0,001622
распределиться 3,912023 0,000712
просушить 5,010635 0,007295
никакой 2,708050 0,000986
нежирный 4,317488 0,000786
корень 3,401197 0,001238
вакансия 0,013423 0,000002
мы 0,013423 0,000017
участие 0,006689 0,000001
свежий 2,066196 0,004136
анна 2,931194 0,001067
использовать 0,013423 0,000049
выбор 2,066196 0,000752
опечатка 0,013423 0,000002
самостоятельно 2,708050 0,000493
каждый 1,399717 0,001019
онлайн 0,013423 0,000002
продолговатый 5,010635 0,001824
маленький 2,371578 0,001295
стейк 4,317488 0,000786
осуществляться 0,013423 0,000002
поставщик 3,218876 0,000586
идеальный 2,445686 0,001335
апрель 0,013423 0,000005
появление 2,525729 0,000919
сок 2,813411 0,015360
независимо 3,624341 0,000660
количество 1,919593 0,001397
говяжий 4,317488 0,000786
порубить 3,912023 0,001424
федеральный 0,013423 0,000010
епанчинец 3,912023 0,001424
он 3,064725 0,003346
подходящий 3,064725 0,000558
переходить 3,912023 0,002848
подчеркнуть 2,931194 0,001600
рецептыпростой 2,813411 0,000512
попробовать 0,013423 0,000007
заполнение 0,013423 0,000017
раздавить 5,010635 0,003647
внимание 0,013423 0,000002
принимать 0,013423 0,000002
жёсткость 4,317488 0,001571
смешать 2,813411 0,013312
занимать 2,525729 0,000460
выпуск 0,013423 0,000002
огромный 2,302585 0,000419
зубчик 3,912023 0,004272
подмосковный 3,624341 0,000660
надзор 0,013423 0,000002
очень 1,678431 0,001222
предприятие 0,013423 0,000007
киви 5,010635 0,010942
какой 1,399717 0,000255
обратный 0,013423 0,000017
уходить 3,401197 0,001238
произойти 0,013423 0,000002
смазать 2,931194 0,001600
