истечь 0,013423 0,000018
финал 4,317488 0,005811
кингзнациональный 5,010635 0,006744
кемпелос 5,010635 0,006744
лента 0,006689 0,000018
законный 0,013423 0,000018
новый 0,006689 0,000018
найти 0,013423 0,000018
зимний 1,919593 0,005167
хоккейартемий 5,010635 0,006744
письмо 0,013423 0,000036
сфера 0,013423 0,000018
электронный 0,013423 0,000018
спасибо 0,013423 0,000018
спорт 0,190354 0,000512
просмотр 4,317488 0,005811
спортавтор 5,010635 0,006744
выйти 2,371578 0,006384
теннис 2,525729 0,003399
расширить 0,006689 0,000009
адмирал 5,010635 0,006744
обзор 2,371578 0,003192
мочь 1,399717 0,001884
перерыв 2,371578 0,003192
свидетельство 0,013423 0,000018
согласие 0,013423 0,000036
центр 0,166448 0,000224
комментирование 0,013423 0,000036
петербург 2,302585 0,003099
сборная 3,624341 0,019512
доступ 0,013423 0,000036
блокироваться 0,013423 0,000018
миа 0,013423 0,000036
задать 0,013423 0,000018
позор 4,317488 0,005811
связаться 0,013423 0,000108
обыграть 3,624341 0,004878
правило 0,013423 0,000090
сохранить 0,013423 0,000018
г 0,013423 0,000036
реклама 0,013423 0,000036
фото 0,013423 0,000018
политика 0,013423 0,000072
связь 0,006689 0,000072
скореновск 5,010635 0,006744
применение 0,013423 0,000018
взаимодействие 0,013423 0,000036
ахомиро 5,010635 0,006744
о 0,013423 0,000018
санкт 2,525729 0,003399
зож 2,302585 0,003099
дать 0,013423 0,000036
кхл 2,525729 0,016997
пресс 0,013423 0,000036
согласный 0,013423 0,000054
персональный 0,013423 0,000145
побороться 3,912023 0,005265
перетянуть 0,013423 0,000018
течение 0,013423 0,000018
смочь 0,006689 0,000009
использоваться 0,006689 0,000009
сезон 2,445686 0,003292
авто 2,238047 0,003012
игрок 2,708050 0,007290
готовый 0,006689 0,000018
признать 1,966113 0,002646
футбол 2,238047 0,003012
мужской 3,912023 0,005265
дата 0,006689 0,000009
пройти 0,006689 0,000009
заголовок 0,013423 0,000036
чемпионат 2,708050 0,003645
одноклассник 0,013423 0,000036
недопустимый 0,013423 0,000018
хоккейспортдилан 5,010635 0,006744
информационный 0,013423 0,000072
вы 0,013423 0,000018
фио 0,013423 0,000018
восстановить 0,013423 0,000018
пожалуйста 0,013423 0,000018
рассмотреть 0,013423 0,000018
расположить 0,013423 0,000036
конец 1,643339 0,002212
время 0,013423 0,000036
версия 0,013423 0,000018
ниже 0,013423 0,000054
кнопка 0,013423 0,000018
россия 0,006689 0,000081
тег 0,190354 0,000256
зарегистрировать 0,013423 0,000018
ранее 0,013423 0,000018
главный 0,013423 0,000036
проблема 0,013423 0,000018
данные 0,013423 0,000145
назвать 1,347074 0,001813
хоккейспортавтомобилисткхлый 4,317488 0,005811
пара 2,177422 0,002931
город 0,013423 0,000018
разблокировать 0,013423 0,000054
хоккейспортниколай 5,010635 0,006744
фотография 0,013423 0,000018
сшафинляндияшвецияшвейцарияматериал 5,010635 0,006744
хейсканенарттурить 5,010635 0,006744
сайт 0,013423 0,000054
поле 0,013423 0,000145
час 0,013423 0,000036
чат 0,013423 0,000036
полезный 0,143101 0,000193
новостеймолния 0,013423 0,000018
написать 0,013423 0,000018
галочка 0,013423 0,000018
единоборство 2,371578 0,003192
заблокировать 0,013423 0,000036
перетащить 0,013423 0,000054
соглашаться 0,013423 0,000018
сначала 0,013423 0,000018
судейский 4,317488 0,005811
поддерживаетсяполучить 0,013423 0,000018
адрес 0,013423 0,000090
другой 0,013423 0,000054
михайловмеждународный 5,010635 0,006744
буллит 5,010635 0,006744
соответствие 0,013423 0,000036
хоккейзимний 5,010635 0,006744
унитарный 0,013423 0,000054
давать 0,013423 0,000036
показать 0,013423 0,000018
голдобинруслан 5,010635 0,006744
отправка 0,013423 0,000018
загрузить 0,013423 0,000036
направление 0,013423 0,000018
телефон 0,013423 0,000018
пароль 0,013423 0,000199
хоккейканадаонтариофинляндиязимний 5,010635 0,006744
редакция 0,013423 0,000054
удалить 0,013423 0,000072
олимпийский 2,708050 0,040092
вход 0,013423 0,000036
должный 0,013423 0,000018
описать 0,013423 0,000018
размещение 0,013423 0,000018
сколько 0,006689 0,000009
автор 0,013423 0,000018
старый 0,013423 0,000018
сообщение 0,013423 0,000253
сенсация 3,624341 0,004878
панаринадриан 5,010635 0,006744
мото 2,525729 0,003399
подтвердить 0,013423 0,000018
поражение 3,218876 0,008665
хоккейспортзимний 5,010635 0,026975
чехия 3,218876 0,008665
хьюззимний 5,010635 0,006744
овечкинвашингтон 4,317488 0,005811
кэпиталзнациональный 5,010635 0,006744
биатлон 2,525729 0,003399
подтверждать 0,013423 0,000018
гаврилов 0,013423 0,000018
учредитель 0,013423 0,000018
лехконеннациональный 5,010635 0,006744
канада 4,317488 0,017433
авторизация 0,013423 0,000018
рейтинг 0,006689 0,000009
форма 0,013423 0,000217
последний 0,899761 0,001211
московский 1,678431 0,002259
ссылка 0,013423 0,000072
коммуникация 0,013423 0,000018
мой 0,013423 0,000090
кингз 4,317488 0,005811
прогул 5,010635 0,006744
архив 0,190354 0,000256
помочь 0,013423 0,000018
выбыть 3,218876 0,004332
статья 0,013423 0,000018
мокнуть 4,317488 0,005811
сша 1,118815 0,001506
описание 0,013423 0,000018
процесс 0,013423 0,000018
заменить 2,813411 0,003787
роскомнадзор 0,013423 0,000018
мировой 2,371578 0,003192
технология 0,013423 0,000036
швейцария 3,624341 0,004878
редактор 0,013423 0,000018
школьник 3,218876 0,004332
абросимовалександр 5,010635 0,006744
хоккейный 3,624341 0,039024
контакт 0,013423 0,000036
выносить 3,912023 0,005265
москва 0,006689 0,000027
воспользоваться 0,013423 0,000072
тема 0,013423 0,000054
хоккей 2,238047 0,030122
сервис 0,174353 0,000235
государственный 0,013423 0,000054
следить 2,612740 0,003516
дискуссия 0,013423 0,000036
связанный 0,013423 0,000036
ска 5,010635 0,006744
служба 0,006689 0,000009
риа 0,006689 0,000036
заметить 0,013423 0,000018
команда 2,708050 0,003645
закрытый 0,013423 0,000018
обращать 0,013423 0,000018
рекомендательный 0,013423 0,000018
далее 0,013423 0,000036
лос 3,401197 0,004578
серия 2,302585 0,006198
признаться 4,317488 0,005811
панарин 4,317488 0,005811
овечкин 4,317488 0,005811
год 0,006689 0,000009
михайлов 5,010635 0,006744
хотеть 0,006689 0,000009
открывать 0,013423 0,000036
перейти 0,013423 0,000018
международный 0,013423 0,000072
комитет 2,708050 0,003645
матч 2,066196 0,011124
классон 3,218876 0,004332
раскритиковать 3,912023 0,005265
определиться 3,401197 0,004578
вчера 1,576648 0,006366
обращение 0,013423 0,000054
агентство 0,013423 0,000090
динамо 2,238047 0,006024
провести 1,919593 0,002584
спецпроект 0,190354 0,000256
массовый 0,013423 0,000018
обработка 0,013423 0,000090
это 0,013423 0,000018
победа 2,066196 0,002781
авторизоваться 0,013423 0,000036
судейство 5,010635 0,006744
выбрать 0,013423 0,000054
сегодня 0,013423 0,000108
сразиться 3,401197 0,004578
новость 0,006689 0,000063
просить 0,013423 0,000018
тренер 4,317488 0,005811
америка 2,708050 0,003645
полуфинал 4,317488 0,011622
новыесначала 0,013423 0,000018
зарегистрироваться 0,013423 0,000090
пожаловаться 0,006689 0,000009
войти 0,006689 0,000036
шапка 0,013423 0,000018
отправить 0,013423 0,000253
нхл 2,525729 0,023796
продолжить 0,006689 0,000009
анджелес 3,401197 0,009155
решение 0,006689 0,000009
лига 1,966113 0,013231
финляндия 2,931194 0,003945
ознакомить 0,013423 0,000018
турнир 2,813411 0,007573
северсталькхлый 5,010635 0,006744
вакансия 0,013423 0,000018
эл 0,013423 0,000018
мы 0,013423 0,000126
проставлять 0,013423 0,000018
вырвать 5,010635 0,006744
участие 0,006689 0,000009
аккаунт 0,013423 0,000090
состав 2,120264 0,002854
защита 0,013423 0,000072
олимпиада 2,445686 0,019750
считать 2,014903 0,002712
регистрация 0,013423 0,000090
северсталь 5,010635 0,006744
обсуждение 0,013423 0,000036
опечатка 0,013423 0,000018
использовать 0,013423 0,000018
почему 0,013423 0,000018
восстановление 0,013423 0,000072
онлайн 0,013423 0,000018
хороший 1,059392 0,001426
тренировка 3,624341 0,004878
почта 0,013423 0,000126
блокировка 0,013423 0,000072
осуществляться 0,013423 0,000018
апрель 0,013423 0,000018
вконтакте 0,013423 0,000036
фигурный 2,302585 0,003099
звезда 2,371578 0,003192
фамилия 0,013423 0,000018
логин 0,013423 0,000018
конфиденциальность 0,013423 0,000072
нарушение 0,013423 0,000054
навсегда 0,013423 0,000018
яндекс 0,013423 0,000036
действие 0,013423 0,000018
либо 0,013423 0,000018
федеральный 0,013423 0,000072
релиз 0,013423 0,000018
нажимать 0,013423 0,000018
назад 0,013423 0,000090
ои 4,317488 0,005811
разрешить 2,931194 0,003945
первый 0,883501 0,001189
список 0,013423 0,000018
продлить 3,624341 0,004878
ларкинкуинна 5,010635 0,006744
поиск 0,013423 0,000018
обязательный 0,013423 0,000126
февраль 0,567984 0,002293
ошибка 0,013423 0,000072
хоккейспортмеждународный 5,010635 0,006744
вопрос 0,006689 0,000036
зубовский 0,013423 0,000036
катание 2,302585 0,003099
игра 1,609438 0,019495
попробовать 0,013423 0,000018
заполнение 0,013423 0,000126
палатчехияканада 5,010635 0,006744
заполнить 0,013423 0,000126
внимание 0,013423 0,000018
принимать 0,013423 0,000018
ваш 0,013423 0,000289
имя 0,013423 0,000090
федерация 2,066196 0,005562
выпуск 0,013423 0,000018
срок 0,013423 0,000036
основание 0,013423 0,000018
издание 0,013423 0,000018
бульвар 0,013423 0,000036
травма 2,708050 0,003645
сетевой 0,013423 0,000018
полуфинальный 3,912023 0,005265
надзор 0,013423 0,000018
хоккейспортроссияиталиясссрборис 5,010635 0,006744
использование 0,013423 0,000018
неделя 1,181994 0,001591
вновь 0,013423 0,000018
сменить 0,013423 0,000018
предприятие 0,013423 0,000054
способ 0,013423 0,000036
материал 0,013423 0,000163
участвовать 0,013423 0,000036
сообщить 0,013423 0,000018
обратный 0,013423 0,000126
продукт 0,135438 0,000182
произойти 0,013423 0,000018
быть 0,013423 0,000018
успешно 0,013423 0,000018
скриншот 0,013423 0,000054
