париж 4,317488 0,003741
леонид 5,010635 0,004342
рф 1,181994 0,001024
масленица 2,120264 0,003675
законный 0,013423 0,000012
кошарик 5,010635 0,004342
новый 0,006689 0,000041
загадочный 3,912023 0,003390
оборона 2,066196 0,001790
образ 2,066196 0,003581
найти 0,013423 0,000012
письмо 0,013423 0,000023
спасибо 0,013423 0,000012
прощание 5,010635 0,008684
расширить 0,006689 0,000006
знаменитость 5,010635 0,008684
приморский 4,317488 0,003741
родион 5,010635 0,004342
стиль 3,218876 0,002789
лапа 5,010635 0,004342
согласие 0,013423 0,000023
центр 0,166448 0,000144
петербург 2,302585 0,001995
удар 2,120264 0,003675
важный 1,297063 0,008992
доступ 0,013423 0,000023
батайск 5,010635 0,004342
густав 5,010635 0,004342
миа 0,013423 0,000023
задать 0,013423 0,000012
встретить 2,813411 0,002438
александр 1,373049 0,004759
связаться 0,013423 0,000070
декабрь 0,985284 0,006830
манежный 3,624341 0,003141
г 0,013423 0,000023
реклама 0,013423 0,000023
фото 0,013423 0,000477
политика 0,013423 0,000058
третьяковка 4,317488 0,003741
связь 0,006689 0,000046
о 0,013423 0,000012
санкт 2,525729 0,002189
п 3,218876 0,002789
венесуэла 3,218876 0,008368
поезд 3,912023 0,006780
челябинский 4,317488 0,003741
течение 0,013423 0,000012
китай 1,714798 0,001486
область 1,427116 0,012367
дэвид 4,317488 0,003741
земля 2,708050 0,002347
карл 3,912023 0,003390
удивительный 3,912023 0,003390
природа 3,218876 0,005579
скоростной 3,912023 0,003390
мир 0,223144 0,000580
пройти 0,006689 0,000006
заголовок 0,013423 0,000023
каракас 4,317488 0,003741
информационный 0,013423 0,000047
камчатка 3,912023 0,006780
русский 1,118815 0,008726
дело 1,249435 0,001083
хорх 3,912023 0,003390
рассмотреть 0,013423 0,000012
расположить 0,013423 0,000023
время 0,013423 0,000023
кнопка 0,013423 0,000012
посмотреть 2,177422 0,005661
джерманотт 5,010635 0,004342
добровольский 5,010635 0,004342
мощный 2,525729 0,002189
юнг 5,010635 0,004342
республика 2,302585 0,011972
байкал 3,064725 0,002656
ранее 0,013423 0,000012
ситуация 1,643339 0,001424
подкаст 0,292136 0,000253
главный 0,013423 0,000012
проблема 0,013423 0,000012
данные 0,013423 0,000093
город 0,013423 0,000012
разблокировать 0,013423 0,000035
гага 5,010635 0,008684
мода 3,912023 0,003390
фотография 0,013423 0,000023
час 0,013423 0,000023
чат 0,013423 0,000023
тройка 3,401197 0,005895
вера 3,401197 0,017684
новостеймолния 0,013423 0,000012
написать 0,013423 0,000012
галерея 4,317488 0,003741
соглашаться 0,013423 0,000012
северный 2,177422 0,001887
сначала 0,013423 0,000012
незабываемый 3,912023 0,003390
василий 3,624341 0,003141
показать 0,013423 0,000023
мороз 3,218876 0,002789
выставка 2,302585 0,007981
рабинович 5,010635 0,004342
шиловский 5,010635 0,004342
пароль 0,013423 0,000128
подмосковье 2,238047 0,003879
удалить 0,013423 0,000047
освещение 5,010635 0,004342
последствие 1,544899 0,004016
щедрин 5,010635 0,004342
платье 5,010635 0,004342
олимпийский 2,708050 0,004693
арка 4,317488 0,003741
ирина 2,931194 0,002540
вход 0,013423 0,000023
готичный 5,010635 0,004342
описать 0,013423 0,000012
размещение 0,013423 0,000012
сколько 0,006689 0,000006
огненный 3,064725 0,002656
новгородский 2,813411 0,002438
майли 5,010635 0,008684
мадурый 3,912023 0,003390
ерёмин 5,010635 0,004342
стихийный 2,813411 0,002438
жан 5,010635 0,004342
подтверждать 0,013423 0,000012
гаврилов 0,013423 0,000012
учредитель 0,013423 0,000012
рождество 3,401197 0,008842
дерзкий 4,317488 0,003741
последний 0,899761 0,000780
класс 3,624341 0,003141
московский 1,678431 0,002909
ссылка 0,013423 0,000047
коммуникация 0,013423 0,000012
столетие 4,317488 0,003741
мой 0,013423 0,000058
авангард 5,010635 0,008684
архив 0,190354 0,000165
помочь 0,013423 0,000012
мадам 5,010635 0,004342
свирид 5,010635 0,004342
борис 3,912023 0,003390
сша 1,118815 0,002909
описание 0,013423 0,000012
процесс 0,013423 0,000012
курильский 5,010635 0,004342
третьяковский 4,317488 0,003741
освобождение 2,708050 0,004693
роскомнадзор 0,013423 0,000012
технология 0,013423 0,000023
рубинштейн 5,010635 0,004342
актриса 3,401197 0,005895
фёдорович 5,010635 0,004342
христов 2,708050 0,007040
москва 0,006689 0,000122
надежда 2,302585 0,001995
воспользоваться 0,013423 0,000047
сайрусый 5,010635 0,008684
психотип 5,010635 0,004342
саха 5,010635 0,004342
христос 2,931194 0,005080
далее 0,013423 0,000023
лос 3,401197 0,002947
ликвидировать 2,708050 0,002347
мадрид 4,317488 0,003741
хотеть 0,006689 0,000006
открывать 0,013423 0,000023
перейти 0,013423 0,000012
бардо 5,010635 0,008684
маскарад 4,317488 0,003741
золото 3,401197 0,002947
бить 2,612740 0,002264
франциск 3,912023 0,003390
голый 4,317488 0,003741
обращение 0,013423 0,000035
мельников 3,912023 0,003390
картина 3,218876 0,002789
озеро 3,624341 0,003141
спецпроект 0,190354 0,000165
массовый 0,013423 0,000012
обработка 0,013423 0,000058
это 0,013423 0,000012
два 1,514128 0,001312
сахалинский 3,912023 0,003390
коротич 5,010635 0,004342
новость 0,006689 0,000070
грэмми 5,010635 0,004342
чехов 5,010635 0,004342
краско 5,010635 0,004342
ракурс 3,912023 0,003390
красивый 2,445686 0,004239
жизнь 1,714798 0,001486
менять 2,525729 0,002189
истра 5,010635 0,004342
зарегистрироваться 0,013423 0,000058
пожаловаться 0,006689 0,000006
войти 0,006689 0,000023
анджелес 3,401197 0,002947
киркоров 5,010635 0,004342
эл 0,013423 0,000012
юханан 5,010635 0,004342
оззь 5,010635 0,004342
дженнифер 5,010635 0,004342
радио 0,274437 0,000238
нина 4,317488 0,003741
защита 0,013423 0,000047
остров 3,064725 0,002656
николаев 4,317488 0,003741
регистрация 0,013423 0,000058
почему 0,013423 0,000012
восстановление 0,013423 0,000047
хороший 1,059392 0,001836
музей 2,612740 0,002264
тайный 3,064725 0,002656
вконтакте 0,013423 0,000023
логин 0,013423 0,000012
конфиденциальность 0,013423 0,000047
нарушение 0,013423 0,000035
навсегда 0,013423 0,000012
сталин 4,317488 0,003741
действие 0,013423 0,000012
релиз 0,013423 0,000012
назад 0,013423 0,000058
глобус 4,317488 0,003741
первый 0,883501 0,000766
список 0,013423 0,000012
кадр 3,624341 0,006281
шоубиз 3,624341 0,003141
виталий 3,624341 0,003141
обязательный 0,013423 0,000081
февраль 0,567984 0,004922
ошибка 0,013423 0,000035
мхт 5,010635 0,004342
вопрос 0,006689 0,000023
зубовский 0,013423 0,000023
игра 1,609438 0,002789
заполнить 0,013423 0,000081
пермский 4,317488 0,003741
голубкин 5,010635 0,004342
лопёс 5,010635 0,004342
ваш 0,013423 0,000186
общество 0,257045 0,001559
имя 0,013423 0,000070
спаситель 3,401197 0,005895
бриллиант 4,317488 0,003741
впечатление 3,218876 0,002789
срок 0,013423 0,000023
основание 0,013423 0,000012
кордова 5,010635 0,004342
храм 3,624341 0,006281
издание 0,013423 0,000012
бурятия 4,317488 0,003741
спорный 5,010635 0,004342
брижит 5,010635 0,008684
бульвар 0,013423 0,000023
сетевой 0,013423 0,000012
катерина 5,010635 0,004342
джастин 4,317488 0,003741
использование 0,013423 0,000012
вновь 0,013423 0,000012
неделя 1,181994 0,001024
самый 0,967584 0,002515
сменить 0,013423 0,000012
материал 0,013423 0,000105
недвижимостьнавигатор 3,064725 0,002656
участвовать 0,013423 0,000023
сообщить 0,013423 0,000012
быть 0,013423 0,000012
успешно 0,013423 0,000012
скриншот 0,013423 0,000035
истечь 0,013423 0,000012
мчс 3,218876 0,002789
лента 0,006689 0,000012
ростовский 3,401197 0,002947
зимний 1,919593 0,001663
сфера 0,013423 0,000012
электронный 0,013423 0,000012
спорт 0,190354 0,000495
район 2,525729 0,004377
паук 5,010635 0,004342
национальный 2,302585 0,001995
отечественный 3,912023 0,003390
месяц 1,003302 0,000869
церковь 2,708050 0,004693
шоу 3,912023 0,003390
свидетельство 0,013423 0,000012
бибер 4,317488 0,003741
комментирование 0,013423 0,000023
погода 3,064725 0,002656
блокироваться 0,013423 0,000012
сияние 3,624341 0,003141
попов 5,010635 0,004342
робертс 5,010635 0,004342
правило 0,013423 0,000058
сохранить 0,013423 0,000012
министерство 1,966113 0,001704
народ 2,238047 0,001939
край 2,371578 0,004110
вышинский 5,010635 0,004342
богослужение 3,624341 0,003141
осборн 5,010635 0,004342
выборгский 4,317488 0,003741
юрий 3,624341 0,012563
джорджио 4,317488 0,003741
кошка 5,010635 0,013026
линч 5,010635 0,004342
применение 0,013423 0,000012
взаимодействие 0,013423 0,000023
дать 0,013423 0,000023
пресс 0,013423 0,000023
согласный 0,013423 0,000035
персональный 0,013423 0,000093
перетянуть 0,013423 0,000012
анастасия 3,624341 0,003141
православный 2,525729 0,004377
смочь 0,006689 0,000006
использоваться 0,006689 0,000006
легенда 3,624341 0,003141
готовый 0,006689 0,000012
церемония 3,912023 0,003390
пейзаж 3,912023 0,003390
дата 0,006689 0,000006
открытие 3,624341 0,003141
кеосаяна 5,010635 0,004342
цвет 2,238047 0,001939
одноклассник 0,013423 0,000023
недопустимый 0,013423 0,000012
вы 0,013423 0,000012
фио 0,013423 0,000012
кирилл 1,875141 0,001625
восстановить 0,013423 0,000012
пожалуйста 0,013423 0,000012
разбить 3,624341 0,003141
кандинский 5,010635 0,004342
усков 5,010635 0,004342
фестиваль 2,931194 0,002540
испания 3,912023 0,010170
всеволод 5,010635 0,004342
китайский 2,238047 0,001939
октябрьский 3,912023 0,003390
версия 0,013423 0,000012
ниже 0,013423 0,000035
россия 0,006689 0,000122
мурманский 3,624341 0,006281
рекорд 2,708050 0,002347
тег 0,190354 0,000330
родченко 5,010635 0,004342
ладожский 4,317488 0,003741
зарегистрировать 0,013423 0,000012
январь 1,040343 0,012621
дикий 3,401197 0,002947
игорь 2,708050 0,004693
кчр 5,010635 0,004342
сайт 0,013423 0,000035
поле 0,013423 0,000093
великий 2,120264 0,001837
полезный 0,143101 0,000124
галочка 0,013423 0,000012
заблокировать 0,013423 0,000023
перетащить 0,013423 0,000035
особенность 2,120264 0,001837
туризм 0,283247 0,004418
поддерживаетсяполучить 0,013423 0,000012
адрес 0,013423 0,000058
другой 0,013423 0,000035
соответствие 0,013423 0,000023
рождественский 3,218876 0,002789
унитарный 0,013423 0,000035
давать 0,013423 0,000023
отправка 0,013423 0,000012
загрузить 0,013423 0,000023
бергольо 3,912023 0,003390
леди 5,010635 0,008684
кино 3,401197 0,002947
направление 0,013423 0,000012
телефон 0,013423 0,000012
редакция 0,013423 0,000035
период 1,118815 0,000970
праздник 1,427116 0,001237
зураб 5,010635 0,004342
должный 0,013423 0,000012
столкновение 5,010635 0,008684
лошадь 3,064725 0,002656
автор 0,013423 0,000012
старый 0,013423 0,000012
сообщение 0,013423 0,000163
рго 4,317488 0,003741
вид 1,399717 0,001213
севастополь 3,912023 0,003390
происшествие 0,292136 0,000253
мастер 3,064725 0,002656
подтвердить 0,013423 0,000012
стихия 4,317488 0,003741
метель 3,912023 0,003390
путь 2,120264 0,001837
война 2,238047 0,001939
авторизация 0,013423 0,000012
религия 0,283247 0,000491
рейтинг 0,006689 0,000006
форма 0,013423 0,000140
многоликий 5,010635 0,004342
олег 3,912023 0,003390
культура 0,292136 0,004304
крым 3,624341 0,003141
валерий 3,064725 0,002656
марио 3,624341 0,003141
справляться 2,813411 0,002438
статья 0,013423 0,000012
гражданский 2,371578 0,002055
подносов 5,010635 0,004342
господний 3,218876 0,002789
недвижимость 0,292136 0,000253
красота 3,401197 0,005895
алентовый 4,317488 0,022448
редактор 0,013423 0,000012
сайфред 5,010635 0,004342
орловский 3,912023 0,003390
контакт 0,013423 0,000012
бедроса 5,010635 0,004342
ликвидация 2,813411 0,002438
тема 0,013423 0,000035
сервис 0,174353 0,000151
государственный 0,013423 0,000035
тигран 5,010635 0,004342
дискуссия 0,013423 0,000023
алтай 3,624341 0,003141
абитуриентариа 2,931194 0,002540
сделать 1,226446 0,001063
связанный 0,013423 0,000035
служба 0,006689 0,000006
риа 0,006689 0,000023
заметить 0,013423 0,000012
бедствие 2,813411 0,002438
закрытый 0,013423 0,000012
сходить 2,931194 0,002540
обращать 0,013423 0,000012
черкесский 5,010635 0,004342
рекомендательный 0,013423 0,000012
прорыв 3,624341 0,003141
армани 4,317488 0,003741
иосиф 5,010635 0,004342
пен 5,010635 0,004342
год 0,006689 0,000052
географический 4,317488 0,014965
навигаторриа 2,445686 0,002119
собака 4,317488 0,007483
международный 0,013423 0,000035
николас 4,317488 0,003741
поехать 3,218876 0,002789
золотовицкий 5,010635 0,008684
утрата 3,912023 0,003390
николаевич 4,317488 0,003741
николай 3,624341 0,009422
который 0,603916 0,000523
машков 5,010635 0,004342
наталья 2,525729 0,002189
празднование 2,708050 0,009387
владимирский 5,010635 0,004342
митта 5,010635 0,004342
блокада 3,624341 0,003141
агентство 0,013423 0,000047
блин 2,014903 0,001746
ингушетия 5,010635 0,004342
мирошниченко 5,010635 0,004342
ле 5,010635 0,004342
победа 2,066196 0,001790
чрезвычайный 2,931194 0,002540
авторизоваться 0,013423 0,000023
валентина 3,624341 0,003141
выбрать 0,013423 0,000035
сегодня 0,013423 0,000070
микроскоп 5,010635 0,004342
роман 3,064725 0,002656
просить 0,013423 0,000012
зуев 5,010635 0,004342
церетель 5,010635 0,004342
новыесначала 0,013423 0,000012
актёр 2,371578 0,002055
крещение 3,912023 0,006780
иван 3,401197 0,005895
марь 5,010635 0,004342
шапка 0,013423 0,000012
отправить 0,013423 0,000163
продолжить 0,006689 0,000006
джулия 5,010635 0,004342
решение 0,006689 0,000006
дух 3,218876 0,002789
ознакомить 0,013423 0,000012
необычный 2,014903 0,003492
казимир 5,010635 0,004342
вакансия 0,013423 0,000012
мы 0,013423 0,000081
проставлять 0,013423 0,000012
участие 0,006689 0,000006
аккаунт 0,013423 0,000058
экономика 0,292136 0,000253
стефани 5,010635 0,004342
обсуждение 0,013423 0,000023
снегопад 2,177422 0,007547
опечатка 0,013423 0,000012
использовать 0,013423 0,000012
золотой 3,218876 0,002789
онлайн 0,013423 0,000012
почта 0,013423 0,000081
григорович 5,010635 0,004342
блокировка 0,013423 0,000047
осуществляться 0,013423 0,000012
стрижен 5,010635 0,004342
история 1,139434 0,000987
талызин 5,010635 0,004342
апрель 0,013423 0,000012
звезда 2,371578 0,002055
фамилия 0,013423 0,000012
евгений 2,238047 0,003879
светлана 2,813411 0,002438
яндекс 0,013423 0,000023
владимир 1,373049 0,002380
либо 0,013423 0,000012
федеральный 0,013423 0,000047
нажимать 0,013423 0,000012
хоровод 5,010635 0,004342
справка 1,791759 0,001553
аманда 4,317488 0,003741
якутия 3,624341 0,003141
умереть 2,445686 0,002119
поиск 0,013423 0,000012
симонов 5,010635 0,004342
франц 4,317488 0,003741
лариса 4,317488 0,003741
попробовать 0,013423 0,000012
заполнение 0,013423 0,000081
внимание 0,013423 0,000012
принимать 0,013423 0,000012
ленинград 3,401197 0,005895
соц 2,371578 0,002055
карачаево 5,010635 0,004342
гриб 2,813411 0,002438
выпуск 0,013423 0,000012
уникальный 2,014903 0,001746
надзор 0,013423 0,000012
зима 1,919593 0,001663
гришковец 5,010635 0,004342
теняков 5,010635 0,004342
гуляев 5,010635 0,004342
предприятие 0,013423 0,000035
способ 0,013423 0,000023
малевич 5,010635 0,004342
наука 0,283247 0,000245
какой 1,399717 0,001213
обратный 0,013423 0,000081
продукт 0,135438 0,000117
произойти 0,013423 0,000012
яркий 2,302585 0,001995
захватывать 4,317488 0,003741
