истечь 0,013423 0,000017
лента 0,006689 0,000017
законный 0,013423 0,000017
архивный 1,347074 0,001745
новый 0,006689 0,000026
день 0,591795 0,000767
найти 0,013423 0,000017
письмо 0,013423 0,000035
сфера 0,013423 0,000017
электронный 0,013423 0,000017
спасибо 0,013423 0,000017
спорт 0,190354 0,000247
расширить 0,006689 0,000009
свидетельство 0,013423 0,000017
согласие 0,013423 0,000035
центр 0,166448 0,000216
комментирование 0,013423 0,000035
анонсировать 3,218876 0,004170
доступ 0,013423 0,000035
урегулирование 2,612740 0,003384
пойти 2,708050 0,003508
блокироваться 0,013423 0,000017
миа 0,013423 0,000122
задать 0,013423 0,000017
связаться 0,013423 0,000104
отметить 2,014903 0,002610
правило 0,013423 0,000087
сохранить 0,013423 0,000017
г 0,013423 0,000035
реклама 0,013423 0,000035
фото 0,013423 0,000035
тяжёлый 2,525729 0,003272
политика 0,013423 0,000087
связь 0,006689 0,000069
применение 0,013423 0,000017
взаимодействие 0,013423 0,000035
опасение 4,317488 0,005593
о 0,013423 0,000017
дать 0,013423 0,000035
пресс 0,013423 0,000035
согласный 0,013423 0,000052
персональный 0,013423 0,000139
перетянуть 0,013423 0,000017
течение 0,013423 0,000017
смочь 0,006689 0,000009
использоваться 0,006689 0,000009
разгар 3,218876 0,037526
готовый 0,006689 0,000017
дата 0,006689 0,000009
мир 0,223144 0,001156
деловой 3,064725 0,003970
пройти 0,006689 0,000026
заголовок 0,013423 0,000035
возглавить 4,317488 0,005593
одноклассник 0,013423 0,000035
недопустимый 0,013423 0,000017
информационный 0,013423 0,000070
вы 0,013423 0,000017
фио 0,013423 0,000017
восстановить 0,013423 0,000017
пожалуйста 0,013423 0,000017
российский 0,883501 0,001144
рассмотреть 0,013423 0,000017
расположить 0,013423 0,000035
время 0,013423 0,000035
версия 0,013423 0,000017
ниже 0,013423 0,000052
кнопка 0,013423 0,000017
россия 0,006689 0,000113
тег 0,190354 0,000247
зарегистрировать 0,013423 0,000017
ранее 0,013423 0,000017
подкаст 0,292136 0,000378
главный 0,013423 0,000017
проблема 0,013423 0,000017
данные 0,013423 0,000139
также 1,139434 0,002952
назвать 1,347074 0,001745
город 0,013423 0,000104
украина 1,160488 0,012026
разблокировать 0,013423 0,000052
публикация 2,177422 0,002820
фотография 0,013423 0,000017
сайт 0,013423 0,000052
поле 0,013423 0,000139
час 0,013423 0,000035
мединский 2,612740 0,016922
чат 0,013423 0,000035
истерика 2,813411 0,021866
полезный 0,143101 0,000185
новостеймолния 0,013423 0,000017
написать 0,013423 0,000017
галочка 0,013423 0,000017
заблокировать 0,013423 0,000035
перетащить 0,013423 0,000052
соглашаться 0,013423 0,000017
туризм 0,283247 0,000367
сначала 0,013423 0,000017
поддерживаетсяполучить 0,013423 0,000017
адрес 0,013423 0,000087
зеленский 1,875141 0,041292
другой 0,013423 0,000052
соответствие 0,013423 0,000035
унитарный 0,013423 0,000052
прошедшее 3,624341 0,004695
давать 0,013423 0,000035
показать 0,013423 0,000017
отправка 0,013423 0,000017
мединскиймирный 4,317488 0,005593
загрузить 0,013423 0,000035
направление 0,013423 0,000017
телефон 0,013423 0,000017
пароль 0,013423 0,000191
редакция 0,013423 0,000052
удалить 0,013423 0,000070
мирный 2,525729 0,013087
вход 0,013423 0,000035
должный 0,013423 0,000017
читать 0,791128 0,001025
описать 0,013423 0,000035
размещение 0,013423 0,000017
дональд 2,371578 0,015360
сколько 0,006689 0,000009
говориться 2,371578 0,003072
автор 0,013423 0,000017
старый 0,013423 0,000017
сообщение 0,013423 0,000243
польза 2,302585 0,002983
происшествие 0,292136 0,000378
подход 2,708050 0,003508
подтвердить 0,013423 0,000017
зеленскийдональд 5,010635 0,006490
выразить 2,708050 0,003508
обновить 0,985284 0,001276
миреженева 5,010635 0,006490
подтверждать 0,013423 0,000017
гаврилов 0,013423 0,000017
учредитель 0,013423 0,000017
простить 3,912023 0,005067
авторизация 0,013423 0,000017
религия 0,283247 0,000367
рейтинг 0,006689 0,000009
форма 0,013423 0,000209
ссылка 0,013423 0,000070
коммуникация 0,013423 0,000017
мой 0,013423 0,000087
культура 0,292136 0,000378
архив 0,190354 0,000247
помочь 0,013423 0,000017
раунд 2,931194 0,007594
статья 0,013423 0,000017
сша 1,118815 0,015942
описание 0,013423 0,000017
процесс 0,013423 0,000017
недвижимость 0,292136 0,000378
среда 2,612740 0,003384
роскомнадзор 0,013423 0,000017
технология 0,013423 0,000035
швейцария 3,624341 0,004695
редактор 0,013423 0,000017
трампвладимир 4,317488 0,005593
фгуп 0,499776 0,003237
нечестный 5,010635 0,006490
близкий 2,066196 0,002676
контакт 0,013423 0,000017
москва 0,006689 0,000026
воспользоваться 0,013423 0,000070
план 1,678431 0,008697
тема 0,013423 0,000052
сервис 0,174353 0,000226
государственный 0,013423 0,000052
обрушиться 2,931194 0,011391
дискуссия 0,013423 0,000052
призыв 4,317488 0,005593
связанный 0,013423 0,000035
служба 0,006689 0,000009
риа 0,006689 0,000087
заметить 0,013423 0,000017
закрытый 0,013423 0,000017
предупредить 2,708050 0,003508
обращать 0,013423 0,000017
рекомендательный 0,013423 0,000017
далее 0,013423 0,000035
переговоры 1,875141 0,034005
год 0,006689 0,000009
хотеть 0,006689 0,000009
открывать 0,013423 0,000035
перейти 0,013423 0,000017
международный 0,013423 0,000052
устроить 2,931194 0,022781
раскритиковать 3,912023 0,005067
уступка 3,218876 0,004170
трамп 1,544899 0,016009
делегация 2,708050 0,003508
несправедливый 5,010635 0,006490
обращение 0,013423 0,000052
агентство 0,013423 0,000070
следующий 1,427116 0,001849
спецпроект 0,190354 0,000247
массовый 0,013423 0,000017
обработка 0,013423 0,000087
это 0,013423 0,000017
авторизоваться 0,013423 0,000035
выбрать 0,013423 0,000052
сегодня 0,013423 0,000174
президент 1,643339 0,006386
новость 0,006689 0,000104
помощник 3,912023 0,005067
просить 0,013423 0,000017
новыесначала 0,013423 0,000017
зарегистрироваться 0,013423 0,000087
пожаловаться 0,006689 0,000009
войти 0,006689 0,000035
шапка 0,013423 0,000017
отправить 0,013423 0,000243
продолжить 0,006689 0,000009
решение 0,006689 0,000017
сшавладимир 5,010635 0,006490
ознакомить 0,013423 0,000017
накануне 3,218876 0,004170
вакансия 0,013423 0,000017
эл 0,013423 0,000017
мы 0,013423 0,000122
проставлять 0,013423 0,000017
радио 0,274437 0,000355
участие 0,006689 0,000009
дзен 0,851752 0,001103
утверждать 2,302585 0,002983
аккаунт 0,013423 0,000087
экономика 0,292136 0,000378
защита 0,013423 0,000070
регистрация 0,013423 0,000087
обсуждение 0,013423 0,000035
опечатка 0,013423 0,000017
использовать 0,013423 0,000017
почему 0,013423 0,000017
восстановление 0,013423 0,000070
онлайн 0,013423 0,000017
почта 0,013423 0,000122
блокировка 0,013423 0,000070
писать 1,752539 0,004540
осуществляться 0,013423 0,000017
киев 1,832581 0,002374
апрель 0,013423 0,000017
вконтакте 0,013423 0,000035
фамилия 0,013423 0,000017
логин 0,013423 0,000017
конфиденциальность 0,013423 0,000070
нарушение 0,013423 0,000052
навсегда 0,013423 0,000017
яндекс 0,013423 0,000035
владимир 1,373049 0,017786
действие 0,013423 0,000017
либо 0,013423 0,000017
федеральный 0,013423 0,000070
релиз 0,013423 0,000017
нажимать 0,013423 0,000017
назад 0,013423 0,000087
критика 5,010635 0,019471
список 0,013423 0,000017
поиск 0,013423 0,000017
итог 2,302585 0,002983
обязательный 0,013423 0,000122
февраль 0,567984 0,000736
ошибка 0,013423 0,000052
вопрос 0,006689 0,000035
зубовский 0,013423 0,000035
попробовать 0,013423 0,000017
заполнение 0,013423 0,000122
заполнить 0,013423 0,000122
внимание 0,013423 0,000017
принимать 0,013423 0,000017
ваш 0,013423 0,000278
женева 2,238047 0,040586
общество 0,257045 0,000333
имя 0,013423 0,000087
встреча 1,832581 0,002374
выпуск 0,013423 0,000017
срок 0,013423 0,000035
украинеукраина 5,010635 0,006490
основание 0,013423 0,000017
издание 0,013423 0,000017
бульвар 0,013423 0,000035
сетевой 0,013423 0,000017
принять 1,791759 0,002321
надзор 0,013423 0,000017
использование 0,013423 0,000017
фев 1,399717 0,001813
вновь 0,013423 0,000017
сменить 0,013423 0,000017
предприятие 0,013423 0,000052
способ 0,013423 0,000035
материал 0,013423 0,000139
наука 0,283247 0,000367
участвовать 0,013423 0,000035
сообщить 0,013423 0,000017
обратный 0,013423 0,000122
продукт 0,135438 0,000175
произойти 0,013423 0,000017
быть 0,013423 0,000017
успешно 0,013423 0,000017
второй 1,427116 0,001849
скриншот 0,013423 0,000052
