нотка 3,218876 0,003435
истечь 0,013423 0,000014
налить 3,218876 0,006871
лента 0,006689 0,000014
законный 0,013423 0,000014
яйцо 1,966113 0,008393
новый 0,006689 0,000014
ещё 3,218876 0,006871
найти 0,013423 0,000014
текстура 3,064725 0,003271
письмо 0,013423 0,000029
сфера 0,013423 0,000014
электронный 0,013423 0,000014
спасибо 0,013423 0,000014
расширить 0,006689 0,000007
свидетельство 0,013423 0,000014
согласие 0,013423 0,000029
комментирование 0,013423 0,000029
доступ 0,013423 0,000029
промыв 5,010635 0,010695
блокироваться 0,013423 0,000014
миа 0,013423 0,000043
полный 1,678431 0,001791
задать 0,013423 0,000014
связаться 0,013423 0,000086
отлично 3,401197 0,003630
крапива 4,317488 0,009216
дополнительно 3,624341 0,007736
правило 0,013423 0,000072
сохранить 0,013423 0,000014
г 0,013423 0,000272
кислинка 3,218876 0,003435
реклама 0,013423 0,000014
варить 2,371578 0,005062
фото 0,013423 0,000014
политика 0,013423 0,000057
связь 0,006689 0,000057
л 2,525729 0,005391
применение 0,013423 0,000014
взаимодействие 0,013423 0,000029
подходить 2,445686 0,005220
кипение 2,931194 0,006257
о 0,013423 0,000014
дать 0,013423 0,000029
укроп 2,445686 0,010440
пресс 0,013423 0,000014
согласный 0,013423 0,000043
персональный 0,013423 0,000115
сочетать 2,813411 0,006005
перетянуть 0,013423 0,000014
кастрюля 2,371578 0,005062
течение 0,013423 0,000043
картофель 2,445686 0,020881
смочь 0,006689 0,000007
использоваться 0,006689 0,000007
дополнительный 2,066196 0,004410
яичный 3,064725 0,006542
пищевой 2,120264 0,002263
суп 2,302585 0,046691
готовый 0,006689 0,000014
углевод 2,445686 0,002610
перемешать 2,238047 0,004777
ценность 2,120264 0,002263
дата 0,006689 0,000007
сочный 2,525729 0,013478
готовка 1,919593 0,002049
пройти 0,006689 0,000007
заголовок 0,013423 0,000029
цвет 2,238047 0,004777
одноклассник 0,013423 0,000029
недопустимый 0,013423 0,000014
остаток 3,064725 0,006542
информационный 0,013423 0,000057
вы 0,013423 0,000014
фио 0,013423 0,000014
шаг 1,791759 0,024859
восстановить 0,013423 0,000014
пожалуйста 0,013423 0,000014
русский 1,118815 0,004776
освежать 2,612740 0,002788
кремовый 4,317488 0,004608
весенний 3,401197 0,007260
свежемолотый 4,317488 0,018431
рассмотреть 0,013423 0,000014
расположить 0,013423 0,000029
марля 3,624341 0,007736
приправить 4,317488 0,009216
взбить 3,064725 0,006542
время 0,013423 0,000029
версия 0,013423 0,000014
ниже 0,013423 0,000043
кнопка 0,013423 0,000014
россия 0,006689 0,000057
стебель 5,010635 0,021390
помешивать 3,218876 0,013741
зарегистрировать 0,013423 0,000014
очистить 2,238047 0,009554
ранее 0,013423 0,000014
главный 0,013423 0,000014
проблема 0,013423 0,000014
данные 0,013423 0,000115
город 0,013423 0,000014
разблокировать 0,013423 0,000043
ансамбль 5,010635 0,005348
кубик 2,525729 0,010782
фотография 0,013423 0,000014
сайт 0,013423 0,000043
поле 0,013423 0,000115
час 0,013423 0,000029
чат 0,013423 0,000029
новостеймолния 0,013423 0,000014
написать 0,013423 0,000014
галочка 0,013423 0,000014
заблокировать 0,013423 0,000029
перетащить 0,013423 0,000043
соглашаться 0,013423 0,000014
сначала 0,013423 0,000014
поддерживаетсяполучить 0,013423 0,000014
щавель 4,317488 0,050686
перец 2,445686 0,010440
адрес 0,013423 0,000072
другой 0,013423 0,000043
соответствие 0,013423 0,000029
унитарный 0,013423 0,000043
давать 0,013423 0,000029
показать 0,013423 0,000014
отправка 0,013423 0,000014
загрузить 0,013423 0,000029
лавровый 3,401197 0,014520
полотенце 3,401197 0,007260
направление 0,013423 0,000014
телефон 0,013423 0,000014
пароль 0,013423 0,000158
редакция 0,013423 0,000043
чёрный 2,238047 0,009554
удалить 0,013423 0,000086
калорийность 2,120264 0,002263
период 1,118815 0,002388
вход 0,013423 0,000029
должный 0,013423 0,000014
описать 0,013423 0,000014
размещение 0,013423 0,000014
ккал 2,302585 0,002457
однородный 3,064725 0,006542
сколько 0,006689 0,000007
автор 0,013423 0,000014
старый 0,013423 0,000014
сообщение 0,013423 0,000201
тёрка 2,813411 0,006005
лёгкий 2,120264 0,006788
подавать 2,302585 0,004915
ингредиент 1,919593 0,002049
подтвердить 0,013423 0,000014
смесь 2,371578 0,005062
масло 2,238047 0,009554
сметана 2,708050 0,014451
подтверждать 0,013423 0,000014
плита 3,064725 0,006542
гаврилов 0,013423 0,000014
учредитель 0,013423 0,000014
авторизация 0,013423 0,000014
рейтинг 0,006689 0,000007
форма 0,013423 0,000172
нарезать 2,120264 0,022628
ссылка 0,013423 0,000057
зелень 2,371578 0,005062
коммуникация 0,013423 0,000014
минута 1,226446 0,005236
мой 0,013423 0,000072
растительный 2,931194 0,012513
ароматный 2,302585 0,004915
помочь 0,013423 0,000014
статья 0,013423 0,000014
золотистый 2,931194 0,006257
описание 0,013423 0,000014
шт 2,238047 0,014331
процесс 0,013423 0,000014
мелко 2,525729 0,005391
роскомнадзор 0,013423 0,000014
куриный 2,371578 0,025310
технология 0,013423 0,000029
белка 2,371578 0,002531
редактор 0,013423 0,000014
фгуп 0,499776 0,000533
контакт 0,013423 0,000014
кипеть 3,624341 0,007736
москва 0,006689 0,000021
воспользоваться 0,013423 0,000057
тема 0,013423 0,000043
государственный 0,013423 0,000043
дискуссия 0,013423 0,000029
тщательно 2,445686 0,005220
добавлять 1,919593 0,004097
связанный 0,013423 0,000029
придать 2,813411 0,006005
служба 0,006689 0,000007
риа 0,006689 0,000036
заметить 0,013423 0,000014
бульон 3,624341 0,050284
закрытый 0,013423 0,000014
обращать 0,013423 0,000014
рекомендательный 0,013423 0,000014
далее 0,013423 0,000029
поставить 2,014903 0,004301
кипятить 3,912023 0,008350
довести 2,931194 0,006257
сковорода 2,525729 0,005391
рецептырецепт 1,875141 0,002001
год 0,006689 0,000007
хотеть 0,006689 0,000007
открывать 0,013423 0,000029
кухня 1,576648 0,005048
перейти 0,013423 0,000014
международный 0,013423 0,000043
стать 0,851752 0,001818
который 0,603916 0,001934
придавать 2,612740 0,002788
нежный 2,177422 0,002324
крупный 2,120264 0,004526
обращение 0,013423 0,000043
агентство 0,013423 0,000057
порция 2,238047 0,002389
приготовление 1,484275 0,001584
это 0,013423 0,000043
массовый 0,013423 0,000014
обработка 0,013423 0,000072
вкус 1,752539 0,020574
авторизоваться 0,013423 0,000029
лука 3,218876 0,006871
выбрать 0,013423 0,000043
щавелевый 4,317488 0,032254
сегодня 0,013423 0,000086
новость 0,006689 0,000043
просить 0,013423 0,000014
сито 3,401197 0,007260
морковь 3,401197 0,029039
улучшать 5,010635 0,005348
петрушка 2,813411 0,012010
новыесначала 0,013423 0,000014
зарегистрироваться 0,013423 0,000072
крупно 3,624341 0,007736
пожаловаться 0,006689 0,000007
вкусовой 2,813411 0,003003
мл 2,612740 0,005577
войти 0,006689 0,000029
шапка 0,013423 0,000014
отправить 0,013423 0,000201
овощ 2,120264 0,002263
продолжить 0,006689 0,000007
решение 0,006689 0,000007
ознакомить 0,013423 0,000014
насыщенность 3,401197 0,003630
вакансия 0,013423 0,000014
эл 0,013423 0,000014
летний 1,919593 0,004097
мы 0,013423 0,000100
проставлять 0,013423 0,000014
идеально 2,612740 0,005577
участие 0,006689 0,000007
аккаунт 0,013423 0,000072
защита 0,013423 0,000057
свежий 2,066196 0,002205
регистрация 0,013423 0,000072
обсуждение 0,013423 0,000029
использовать 0,013423 0,000043
опечатка 0,013423 0,000014
мара 2,931194 0,003128
почему 0,013423 0,000014
восстановление 0,013423 0,000057
миска 2,612740 0,005577
онлайн 0,013423 0,000014
почта 0,013423 0,000100
добавить 1,514128 0,016159
блокировка 0,013423 0,000057
рецепт 1,118815 0,005970
осуществляться 0,013423 0,000014
готовиться 2,931194 0,003128
апрель 0,013423 0,000014
вконтакте 0,013423 0,000029
обжарить 3,064725 0,013083
категория 1,576648 0,001683
фамилия 0,013423 0,000014
сок 2,813411 0,006005
жир 2,238047 0,002389
логин 0,013423 0,000014
конфиденциальность 0,013423 0,000057
нарушение 0,013423 0,000043
навсегда 0,013423 0,000014
соль 2,066196 0,008820
питательный 2,931194 0,006257
яндекс 0,013423 0,000029
действие 0,013423 0,000014
либо 0,013423 0,000014
натереть 2,708050 0,005780
федеральный 0,013423 0,000057
релиз 0,013423 0,000014
нажимать 0,013423 0,000014
назад 0,013423 0,000072
разогреть 2,931194 0,006257
список 0,013423 0,000014
масса 2,813411 0,012010
поиск 0,013423 0,000014
лук 2,302585 0,014744
лист 2,708050 0,011561
обязательный 0,013423 0,000100
ошибка 0,013423 0,000043
вопрос 0,006689 0,000029
мягкий 2,445686 0,005220
медленно 3,624341 0,007736
зубовский 0,013423 0,000029
попробовать 0,013423 0,000014
заполнение 0,013423 0,000100
заполнить 0,013423 0,000100
внимание 0,013423 0,000014
принимать 0,013423 0,000014
ваш 0,013423 0,000229
заправляться 5,010635 0,005348
имя 0,013423 0,000072
блюдо 1,609438 0,005153
процедить 3,218876 0,006871
выпуск 0,013423 0,000014
срок 0,013423 0,000029
основание 0,013423 0,000014
лимон 3,064725 0,016354
издание 0,013423 0,000014
подготовить 2,120264 0,004526
песок 2,177422 0,004648
бульвар 0,013423 0,000029
сетевой 0,013423 0,000014
постоянно 2,371578 0,005062
надзор 0,013423 0,000014
использование 0,013423 0,000014
вновь 0,013423 0,000043
мина 2,445686 0,002610
сменить 0,013423 0,000014
предприятие 0,013423 0,000043
способ 0,013423 0,000029
материал 0,013423 0,000115
участвовать 0,013423 0,000029
сообщить 0,013423 0,000014
обратный 0,013423 0,000100
произойти 0,013423 0,000014
быть 0,013423 0,000014
успешно 0,013423 0,000014
скриншот 0,013423 0,000043
