подача 2,120264 0,004891
истечь 0,013423 0,000015
налить 3,218876 0,007425
лента 0,006689 0,000015
законный 0,013423 0,000015
приготовить 1,643339 0,003791
архивный 1,347074 0,001554
новый 0,006689 0,000015
выразительный 5,010635 0,011559
найти 0,013423 0,000015
текстура 3,064725 0,003535
письмо 0,013423 0,000031
сфера 0,013423 0,000015
электронный 0,013423 0,000015
спасибо 0,013423 0,000015
таять 3,624341 0,004180
рот 3,401197 0,003923
расширить 0,006689 0,000008
свидетельство 0,013423 0,000015
согласие 0,013423 0,000031
комментирование 0,013423 0,000031
доступ 0,013423 0,000031
блокироваться 0,013423 0,000015
миа 0,013423 0,000046
содержимое 3,624341 0,008361
полный 1,678431 0,003872
задать 0,013423 0,000015
связаться 0,013423 0,000093
правило 0,013423 0,000077
сохранить 0,013423 0,000015
ложка 2,525729 0,011653
г 0,013423 0,000201
реклама 0,013423 0,000015
фото 0,013423 0,000031
политика 0,013423 0,000062
связь 0,006689 0,000062
применение 0,013423 0,000015
взаимодействие 0,013423 0,000031
подходить 2,445686 0,002821
о 0,013423 0,000015
черника 4,317488 0,019919
дать 0,013423 0,000031
пресс 0,013423 0,000015
согласный 0,013423 0,000046
персональный 0,013423 0,000124
сочетать 2,813411 0,003245
перетянуть 0,013423 0,000015
кастрюля 2,371578 0,021883
течение 0,013423 0,000046
ягода 2,525729 0,020392
кипячение 3,912023 0,009024
смочь 0,006689 0,000008
использоваться 0,006689 0,000008
дополнительный 2,066196 0,004766
пищевой 2,120264 0,002446
готовый 0,006689 0,000031
оно 2,302585 0,002656
углевод 2,445686 0,002821
перемешать 2,238047 0,005163
ценность 2,120264 0,002446
дата 0,006689 0,000008
готовка 1,919593 0,002214
пройти 0,006689 0,000008
заголовок 0,013423 0,000031
одноклассник 0,013423 0,000031
недопустимый 0,013423 0,000015
вы 0,013423 0,000046
остаток 3,064725 0,007070
информационный 0,013423 0,000062
оставить 1,966113 0,009071
фио 0,013423 0,000015
шаг 1,791759 0,016533
восстановить 0,013423 0,000015
освежать 2,612740 0,015068
пожалуйста 0,013423 0,000015
сложность 2,371578 0,002735
рассмотреть 0,013423 0,000015
расположить 0,013423 0,000031
набухание 5,010635 0,011559
взбить 3,064725 0,007070
время 0,013423 0,000031
версия 0,013423 0,000015
ниже 0,013423 0,000046
кнопка 0,013423 0,000015
россия 0,006689 0,000062
простой 1,272966 0,001468
десерт 2,525729 0,020392
помешивать 3,218876 0,014851
простота 3,624341 0,008361
зарегистрировать 0,013423 0,000015
ранее 0,013423 0,000015
главный 0,013423 0,000015
проблема 0,013423 0,000015
данные 0,013423 0,000124
выпечка 2,612740 0,006027
быстрота 5,010635 0,005779
город 0,013423 0,000015
разблокировать 0,013423 0,000046
влить 3,064725 0,007070
столовая 2,931194 0,006762
фотография 0,013423 0,000015
сайт 0,013423 0,000046
поле 0,013423 0,000124
час 0,013423 0,000062
чат 0,013423 0,000031
допускать 3,401197 0,007846
легко 1,791759 0,002067
новостеймолния 0,013423 0,000015
написать 0,013423 0,000015
галочка 0,013423 0,000015
заблокировать 0,013423 0,000031
перетащить 0,013423 0,000046
разложить 3,218876 0,007425
соглашаться 0,013423 0,000015
сначала 0,013423 0,000015
поддерживаетсяполучить 0,013423 0,000015
адрес 0,013423 0,000077
другой 0,013423 0,000046
соответствие 0,013423 0,000031
унитарный 0,013423 0,000046
давать 0,013423 0,000031
показать 0,013423 0,000015
отправка 0,013423 0,000015
загрузить 0,013423 0,000031
направление 0,013423 0,000015
телефон 0,013423 0,000015
пароль 0,013423 0,000170
редакция 0,013423 0,000046
дополнить 3,401197 0,007846
удалить 0,013423 0,000062
пока 1,919593 0,004428
калорийность 2,120264 0,002446
сухой 2,813411 0,006490
вход 0,013423 0,000031
должный 0,013423 0,000015
описать 0,013423 0,000015
размещение 0,013423 0,000015
ккал 2,302585 0,002656
сколько 0,006689 0,000008
автор 0,013423 0,000015
старый 0,013423 0,000015
сообщение 0,013423 0,000217
яблочный 4,317488 0,009960
лёгкий 2,120264 0,012228
ребёнок 1,514128 0,001746
вымыть 3,401197 0,007846
ингредиент 1,919593 0,002214
подтвердить 0,013423 0,000015
смесь 2,371578 0,010942
полностью 2,014903 0,004648
снять 2,371578 0,005471
подтверждать 0,013423 0,000015
гаврилов 0,013423 0,000015
учредитель 0,013423 0,000015
авторизация 0,013423 0,000015
рейтинг 0,006689 0,000008
форма 0,013423 0,000217
порционный 3,064725 0,007070
ссылка 0,013423 0,000062
коммуникация 0,013423 0,000015
минута 1,226446 0,009902
мой 0,013423 0,000077
ароматный 2,302585 0,002656
помочь 0,013423 0,000015
статья 0,013423 0,000015
описание 0,013423 0,000015
любой 1,576648 0,007274
украсить 2,708050 0,006247
процесс 0,013423 0,000015
залить 2,445686 0,005642
роскомнадзор 0,013423 0,000015
технология 0,013423 0,000031
белка 2,371578 0,002735
редактор 0,013423 0,000015
остаться 1,919593 0,004428
фгуп 0,499776 0,000576
компонент 2,931194 0,003381
контакт 0,013423 0,000015
преимущество 3,064725 0,007070
москва 0,006689 0,000015
воспользоваться 0,013423 0,000062
деревянный 3,064725 0,007070
тема 0,013423 0,000046
взрослый 2,931194 0,003381
государственный 0,013423 0,000046
дискуссия 0,013423 0,000031
оформление 2,813411 0,006490
фруктовый 3,218876 0,033414
тщательно 2,445686 0,005642
связанный 0,013423 0,000031
опыт 2,931194 0,003381
служба 0,006689 0,000008
риа 0,006689 0,000031
заметить 0,013423 0,000015
закрытый 0,013423 0,000015
сливка 2,931194 0,006762
обращать 0,013423 0,000015
рекомендательный 0,013423 0,000015
далее 0,013423 0,000031
поставить 2,014903 0,004648
год 0,006689 0,000008
жидкость 3,218876 0,007425
осторожно 3,912023 0,009024
хотеть 0,006689 0,000008
открывать 0,013423 0,000031
кухня 1,576648 0,005456
желатина 5,010635 0,046234
перейти 0,013423 0,000015
международный 0,013423 0,000046
который 0,603916 0,002090
избавиться 3,401197 0,007846
нежный 2,177422 0,002511
холодильник 2,525729 0,005826
обращение 0,013423 0,000046
агентство 0,013423 0,000062
порция 2,238047 0,002581
приготовление 1,484275 0,005136
огонь 1,966113 0,013606
это 0,013423 0,000046
массовый 0,013423 0,000015
обработка 0,013423 0,000077
разрезать 3,624341 0,008361
вкус 1,752539 0,004043
авторизоваться 0,013423 0,000031
два 1,514128 0,003493
выбрать 0,013423 0,000077
образовать 4,317488 0,004980
сегодня 0,013423 0,000093
новость 0,006689 0,000039
просить 0,013423 0,000015
сито 3,401197 0,007846
кулинарный 3,064725 0,003535
такой 1,098612 0,002534
справиться 3,401197 0,003923
застывание 4,317488 0,009960
бокал 4,317488 0,009960
новыесначала 0,013423 0,000015
зарегистрироваться 0,013423 0,000077
пожаловаться 0,006689 0,000008
мл 2,612740 0,012054
войти 0,006689 0,000031
примерно 2,177422 0,005023
шапка 0,013423 0,000015
отправить 0,013423 0,000248
продолжить 0,006689 0,000008
решение 0,006689 0,000008
ознакомить 0,013423 0,000015
целый 2,931194 0,006762
натуральный 3,064725 0,007070
благодаря 2,302585 0,002656
вакансия 0,013423 0,000015
эл 0,013423 0,000015
мы 0,013423 0,000108
проставлять 0,013423 0,000015
идеально 2,612740 0,006027
участие 0,006689 0,000008
раствориться 3,912023 0,009024
аккаунт 0,013423 0,000077
защита 0,013423 0,000062
свежий 2,066196 0,007149
регистрация 0,013423 0,000077
обсуждение 0,013423 0,000031
опечатка 0,013423 0,000015
использовать 0,013423 0,000015
клубника 3,624341 0,016721
почему 0,013423 0,000015
каждый 1,399717 0,001614
восстановление 0,013423 0,000062
онлайн 0,013423 0,000015
маленький 2,371578 0,005471
почта 0,013423 0,000108
желе 3,912023 0,054146
добавить 1,514128 0,003493
блокировка 0,013423 0,000062
рецепт 1,118815 0,007743
осуществляться 0,013423 0,000015
апрель 0,013423 0,000015
вконтакте 0,013423 0,000031
затем 1,791759 0,004133
категория 1,576648 0,001819
фамилия 0,013423 0,000015
сок 2,813411 0,029205
жир 2,238047 0,002581
логин 0,013423 0,000015
конфиденциальность 0,013423 0,000062
нарушение 0,013423 0,000046
навсегда 0,013423 0,000015
яндекс 0,013423 0,000031
действие 0,013423 0,000015
либо 0,013423 0,000015
федеральный 0,013423 0,000062
релиз 0,013423 0,000015
нажимать 0,013423 0,000015
назад 0,013423 0,000077
продолжать 2,371578 0,005471
список 0,013423 0,000015
поиск 0,013423 0,000015
обязательный 0,013423 0,000108
практически 2,445686 0,002821
ошибка 0,013423 0,000046
слабый 2,708050 0,012494
вопрос 0,006689 0,000031
рецептыпростой 2,813411 0,003245
зубовский 0,013423 0,000031
попробовать 0,013423 0,000015
заполнение 0,013423 0,000108
заполнить 0,013423 0,000108
внимание 0,013423 0,000015
малиновый 4,317488 0,009960
принимать 0,013423 0,000015
застолье 3,624341 0,008361
ваш 0,013423 0,000248
имя 0,013423 0,000077
французский 2,445686 0,011283
малина 4,317488 0,019919
блюдо 1,609438 0,003713
процедить 3,218876 0,007425
выпуск 0,013423 0,000015
срок 0,013423 0,000031
основание 0,013423 0,000015
издание 0,013423 0,000015
подготовить 2,120264 0,009782
бульвар 0,013423 0,000031
сетевой 0,013423 0,000015
постоянно 2,371578 0,005471
надзор 0,013423 0,000015
использование 0,013423 0,000031
вновь 0,013423 0,000015
самый 0,967584 0,002232
мина 2,445686 0,002821
сменить 0,013423 0,000015
предприятие 0,013423 0,000046
способ 0,013423 0,000031
материал 0,013423 0,000124
участвовать 0,013423 0,000031
сообщить 0,013423 0,000015
обратный 0,013423 0,000108
произойти 0,013423 0,000015
нераствориться 5,010635 0,011559
быть 0,013423 0,000015
успешно 0,013423 0,000015
половинка 3,401197 0,007846
скриншот 0,013423 0,000046
