горка 3,401197 0,001488
масленица 2,120264 0,010202
законный 0,013423 0,000006
новый 0,006689 0,000006
день 0,591795 0,001294
заворачивания 5,010635 0,002192
найти 0,013423 0,000006
текстура 3,064725 0,002681
проводы 3,218876 0,001408
письмо 0,013423 0,000012
несолёный 5,010635 0,002192
происходить 2,177422 0,000953
спасибо 0,013423 0,000006
частично 3,912023 0,001711
расстойка 5,010635 0,002192
таять 3,624341 0,003171
рот 3,401197 0,002976
расширить 0,006689 0,000003
любить 3,912023 0,003423
наколоть 5,010635 0,002192
чесноков 4,317488 0,011332
отставать 3,218876 0,001408
согласие 0,013423 0,000012
минералка 5,010635 0,002192
центр 0,166448 0,000073
ст 2,813411 0,011076
менее 2,177422 0,000953
важный 1,297063 0,000567
доступ 0,013423 0,000012
миа 0,013423 0,000023
задать 0,013423 0,000006
комбо 5,010635 0,002192
мало 3,218876 0,004224
связаться 0,013423 0,000035
заварной 3,912023 0,010268
вода 1,576648 0,017932
г 0,013423 0,000117
сладкий 2,302585 0,002015
кислинка 3,218876 0,004224
немного 2,177422 0,001905
реклама 0,013423 0,000012
фото 0,013423 0,000041
политика 0,013423 0,000029
дырочка 4,317488 0,007555
связь 0,006689 0,000023
л 2,525729 0,020992
плотно 3,624341 0,001585
о 0,013423 0,000006
течение 0,013423 0,000012
х 3,401197 0,002976
создатель 5,010635 0,002192
ч 2,612740 0,008001
пищевой 2,120264 0,002782
земля 2,708050 0,001185
оно 2,302585 0,004029
повар 2,238047 0,000979
вариант 1,966113 0,010321
перемешать 2,238047 0,003916
одинок 4,317488 0,001889
мир 0,223144 0,000098
пропорция 5,010635 0,006576
готовка 1,919593 0,000840
весь 1,021651 0,000447
пройти 0,006689 0,000003
кефирный 3,912023 0,005134
заголовок 0,013423 0,000012
структура 3,624341 0,001585
успеть 3,218876 0,001408
информационный 0,013423 0,000023
шаг 1,791759 0,005487
русский 1,118815 0,005873
тонкий 2,612740 0,017144
рассмотреть 0,013423 0,000006
расположить 0,013423 0,000012
классический 1,752539 0,009200
слишком 2,708050 0,003554
небольшой 2,014903 0,000881
конец 1,643339 0,002157
время 0,013423 0,000041
быстро 2,177422 0,001905
кнопка 0,013423 0,000006
выходить 3,064725 0,002681
заваривать 5,010635 0,002192
простота 3,624341 0,001585
готовить 1,966113 0,003440
ранее 0,013423 0,000006
главный 0,013423 0,000018
ситуация 1,643339 0,000719
подкаст 0,292136 0,000128
проблема 0,013423 0,000006
данные 0,013423 0,000047
поджарить 4,317488 0,001889
выпечка 2,612740 0,008001
также 1,139434 0,001495
сохнуть 5,010635 0,002192
город 0,013423 0,000006
разблокировать 0,013423 0,000018
оставлять 3,064725 0,001341
прежде 3,218876 0,001408
скиснуть 5,010635 0,002192
фотография 0,013423 0,000006
следовать 2,014903 0,002644
час 0,013423 0,000029
чат 0,013423 0,000012
молочный 2,931194 0,006411
легко 1,791759 0,001568
новостеймолния 0,013423 0,000006
написать 0,013423 0,000006
прийтись 2,708050 0,001185
зависимость 1,966113 0,000860
пытаться 2,708050 0,001185
соглашаться 0,013423 0,000006
заигрыш 5,010635 0,002192
сначала 0,013423 0,000006
разбавить 4,317488 0,001889
медиабанквыпекание 5,010635 0,002192
дым 5,010635 0,002192
вводить 3,624341 0,001585
начать 1,966113 0,001720
плёнка 3,624341 0,003171
показать 0,013423 0,000006
лепёшка 5,010635 0,002192
отсутствие 2,014903 0,000881
образовывать 5,010635 0,002192
пароль 0,013423 0,000065
скрываться 5,010635 0,002192
слой 2,813411 0,004923
удалить 0,013423 0,000023
калорийность 2,120264 0,000927
вход 0,013423 0,000012
читать 0,791128 0,000346
описать 0,013423 0,000006
размещение 0,013423 0,000006
ккал 2,302585 0,001007
кефир 2,931194 0,015387
сколько 0,006689 0,000003
изменить 2,931194 0,001282
один 1,098612 0,002883
прокалить 5,010635 0,002192
перемешивать 3,624341 0,001585
иметь 1,544899 0,000676
совет 1,226446 0,001610
фуршет 5,010635 0,002192
полностью 2,014903 0,000881
сметана 2,708050 0,004738
мера 1,875141 0,001641
подтверждать 0,013423 0,000006
богатый 3,624341 0,003171
задавать 4,317488 0,005666
гаврилов 0,013423 0,000006
учредитель 0,013423 0,000006
гречневый 3,624341 0,001585
обычай 3,624341 0,001585
часть 1,373049 0,001802
обернуть 5,010635 0,002192
ссылка 0,013423 0,000023
сторона 1,609438 0,003520
возникать 3,064725 0,001341
коммуникация 0,013423 0,000006
минута 1,226446 0,005365
шеф 2,238047 0,000979
мой 0,013423 0,000029
часто 2,371578 0,003112
момент 2,014903 0,000881
сочетаться 3,624341 0,001585
помочь 0,013423 0,000029
архив 0,190354 0,000083
кипяток 2,813411 0,008615
кисломолочный 3,912023 0,001711
частый 2,445686 0,002140
богодвид 3,218876 0,002816
одиноковтолстый 5,010635 0,002192
золотистый 2,931194 0,001282
добавление 2,931194 0,001282
бюджетный 3,064725 0,002681
описание 0,013423 0,000006
шт 2,238047 0,003916
щедро 3,218876 0,001408
желательно 3,912023 0,001711
избежать 2,525729 0,001105
процесс 0,013423 0,000006
основа 2,120264 0,002782
потерять 2,525729 0,001105
мука 3,912023 0,041071
заменить 2,813411 0,007384
недостаток 3,912023 0,003423
среда 2,612740 0,001143
пояснять 2,371578 0,001037
делать 1,427116 0,001873
говорить 1,714798 0,000750
роскомнадзор 0,013423 0,000006
клейковина 5,010635 0,006576
медиабанкблин 5,010635 0,006576
технология 0,013423 0,000012
морозильный 3,912023 0,001711
хранить 3,218876 0,005632
остаться 1,919593 0,001679
несомненно 5,010635 0,002192
москва 0,006689 0,000009
секрет 2,445686 0,002140
гасить 5,010635 0,002192
узор 3,624341 0,001585
воспользоваться 0,013423 0,000023
гладкий 3,912023 0,001711
подойти 2,813411 0,001231
перетереть 4,317488 0,001889
результат 1,714798 0,003001
добавлять 1,919593 0,002519
водяной 5,010635 0,002192
испечь 4,317488 0,005666
соблюдение 3,624341 0,001585
опыт 2,931194 0,001282
влиять 2,445686 0,001070
выглядеть 2,445686 0,001070
екатерина 2,445686 0,006419
газировать 3,912023 0,003423
далее 0,013423 0,000012
изначально 3,401197 0,001488
праздничный 2,238047 0,000979
посыпать 2,612740 0,001143
сковорода 2,525729 0,022097
бывать 3,218876 0,005632
рецептырецепт 1,875141 0,000820
жидкий 3,218876 0,009857
хотеть 0,006689 0,000006
солнце 3,064725 0,002681
открывать 0,013423 0,000012
перейти 0,013423 0,000076
подготовка 2,177422 0,000953
рваться 5,010635 0,015343
прямо 2,931194 0,001282
урегулировать 3,401197 0,001488
половина 2,813411 0,003692
нужно 1,455287 0,003820
стать 0,851752 0,000373
достаточно 2,445686 0,002140
придавать 2,612740 0,002286
нежный 2,177422 0,002858
оглавление 1,791759 0,000784
обращение 0,013423 0,000018
бархатистый 4,317488 0,003777
огонь 1,966113 0,003440
выпекать 5,010635 0,004384
выручать 4,317488 0,001889
это 0,013423 0,000059
начинка 3,912023 0,018824
спецпроект 0,190354 0,000083
массовый 0,013423 0,000006
обработка 0,013423 0,000029
большинство 2,612740 0,001143
комковатый 5,010635 0,002192
переложить 3,064725 0,001341
вкус 1,752539 0,003833
лимонный 2,931194 0,001282
консистенция 3,218876 0,001408
еда 2,177422 0,000953
два 1,514128 0,001325
образовать 4,317488 0,001889
новость 0,006689 0,000064
варение 3,218876 0,002816
плод 3,401197 0,001488
переворачивание 5,010635 0,004384
стоить 1,678431 0,001468
уложить 3,624341 0,001585
красивый 2,445686 0,003210
эффект 3,401197 0,001488
менять 2,525729 0,001105
опара 5,010635 0,006576
храниться 3,912023 0,001711
капля 4,317488 0,001889
зарегистрироваться 0,013423 0,000029
пожаловаться 0,006689 0,000003
стакан 3,064725 0,010725
средний 1,832581 0,001603
войти 0,006689 0,000012
надоесть 5,010635 0,002192
разнообразие 4,317488 0,001889
держать 2,931194 0,001282
банан 3,624341 0,004756
дрожжев 3,912023 0,001711
шоколадный 3,912023 0,001711
особенный 4,317488 0,001889
комнатный 3,064725 0,006703
эл 0,013423 0,000006
радио 0,274437 0,000120
дзен 0,851752 0,000373
пригласить 2,708050 0,001185
защита 0,013423 0,000023
регистрация 0,013423 0,000029
почему 0,013423 0,000041
белок 3,064725 0,001341
лить 3,912023 0,001711
манка 4,317488 0,001889
восстановление 0,013423 0,000023
быстрый 1,714798 0,003001
хороший 1,059392 0,001854
завернуть 4,317488 0,001889
дрожжевой 5,010635 0,026303
добавить 1,514128 0,009935
вкусный 1,752539 0,002300
учитывать 2,813411 0,001231
вконтакте 0,013423 0,000012
обычный 2,813411 0,001231
логин 0,013423 0,000006
конфиденциальность 0,013423 0,000023
нарушение 0,013423 0,000018
навсегда 0,013423 0,000006
соль 2,066196 0,010846
подарить 3,218876 0,001408
румяность 4,317488 0,003777
вилка 3,912023 0,001711
контейнер 3,218876 0,001408
активировать 5,010635 0,002192
разбираться 3,912023 0,001711
соединиться 4,317488 0,001889
действие 0,013423 0,000006
релиз 0,013423 0,000006
назад 0,013423 0,000029
ващенко 5,010635 0,010959
продолжать 2,371578 0,002075
ночь 2,708050 0,001185
первый 0,883501 0,000386
список 0,013423 0,000006
пост 2,302585 0,003022
отдохнуть 3,912023 0,003423
выпекание 5,010635 0,002192
жирность 3,624341 0,003171
свернуться 4,317488 0,001889
кейтеринговый 5,010635 0,002192
пузырёк 3,912023 0,005134
выпечкирецепт 3,401197 0,001488
обязательный 0,013423 0,000041
практически 2,445686 0,001070
февраль 0,567984 0,000497
ошибка 0,013423 0,000018
вопрос 0,006689 0,000023
мягкий 2,445686 0,001070
зубовский 0,013423 0,000012
компания 1,919593 0,000840
заполнить 0,013423 0,000041
отстать 5,010635 0,002192
традиция 1,919593 0,001679
пюре 3,064725 0,001341
именно 2,066196 0,001808
ваш 0,013423 0,000094
общество 0,257045 0,000112
имя 0,013423 0,000029
ответ 1,791759 0,000784
тонкость 5,010635 0,002192
блюдо 1,609438 0,005632
срок 0,013423 0,000023
основание 0,013423 0,000006
издание 0,013423 0,000006
бульвар 0,013423 0,000012
сетевой 0,013423 0,000006
потребоваться 2,525729 0,002210
столкнуться 3,401197 0,001488
реакция 3,064725 0,001341
использование 0,013423 0,000023
вновь 0,013423 0,000006
самый 0,967584 0,002963
мина 2,445686 0,002140
сменить 0,013423 0,000006
мультиформатный 5,010635 0,002192
материал 0,013423 0,000059
добавка 3,401197 0,001488
участвовать 0,013423 0,000012
сообщить 0,013423 0,000006
подсыхать 5,010635 0,004384
задобрить 5,010635 0,002192
быть 0,013423 0,000012
успешно 0,013423 0,000006
скриншот 0,013423 0,000018
трапеза 3,624341 0,001585
истечь 0,013423 0,000006
постоять 4,317488 0,003777
камера 3,624341 0,001585
отмечать 1,399717 0,000612
блинчик 3,401197 0,013391
лента 0,006689 0,000006
яйцо 1,966113 0,024942
приготовить 1,643339 0,008626
привкус 3,912023 0,001711
урожай 4,317488 0,001889
архивный 1,347074 0,003536
сфера 0,013423 0,000006
электронный 0,013423 0,000006
спорт 0,190354 0,000083
суть 3,624341 0,001585
стопка 5,010635 0,002192
проверка 2,708050 0,001185
мочь 1,399717 0,000612
месяц 1,003302 0,000878
сам 1,875141 0,002461
свидетельство 0,013423 0,000006
пористый 5,010635 0,002192
открытка 3,624341 0,001585
комментирование 0,013423 0,000012
блокироваться 0,013423 0,000006
растекаться 5,010635 0,002192
плохо 3,401197 0,001488
отлично 3,401197 0,002976
правило 0,013423 0,000041
сохранить 0,013423 0,000006
ложка 2,525729 0,005524
край 2,371578 0,002075
творог 3,401197 0,001488
толстый 3,401197 0,007439
воздух 3,218876 0,001408
применение 0,013423 0,000006
взаимодействие 0,013423 0,000012
символизировать 3,912023 0,001711
дать 0,013423 0,000047
пресс 0,013423 0,000012
согласный 0,013423 0,000018
персональный 0,013423 0,000047
кулинария 2,371578 0,001037
возможный 1,576648 0,001379
перетянуть 0,013423 0,000006
элемент 3,218876 0,001408
смочь 0,006689 0,000003
использоваться 0,006689 0,000003
комочек 3,912023 0,003423
разрыхлитель 5,010635 0,006576
сало 3,624341 0,003171
готовый 0,006689 0,000012
важно 2,120264 0,004637
распределённый 5,010635 0,002192
румяный 3,401197 0,002976
ценность 2,120264 0,000927
хранение 3,064725 0,002681
блиновмасленицаблинырецепт 5,010635 0,002192
дата 0,006689 0,000003
базовый 3,624341 0,004756
поздравление 4,317488 0,001889
традиционный 1,919593 0,002519
одноклассник 0,013423 0,000012
недопустимый 0,013423 0,000006
вы 0,013423 0,000006
оставить 1,966113 0,002580
фио 0,013423 0,000006
восстановить 0,013423 0,000006
пожалуйста 0,013423 0,000006
стол 1,832581 0,000802
соблюдать 3,064725 0,001341
просто 1,714798 0,000750
взбить 3,064725 0,005363
версия 0,013423 0,000006
ниже 0,013423 0,000018
россия 0,006689 0,000026
тест 2,445686 0,024607
разогревать 3,624341 0,001585
простой 1,272966 0,000557
горячий 1,966113 0,000860
рано 3,624341 0,001585
тег 0,190354 0,000083
свой 0,867501 0,000759
зашипеть 5,010635 0,002192
зарегистрировать 0,013423 0,000006
убедиться 3,401197 0,001488
популярный 1,752539 0,003833
заварить 5,010635 0,002192
получиться 2,177422 0,006668
январь 1,040343 0,000455
густой 3,401197 0,002976
послушный 5,010635 0,002192
пара 2,177422 0,000953
влить 3,064725 0,005363
столовая 2,931194 0,001282
мальгавкий 3,912023 0,006845
сайт 0,013423 0,000018
поле 0,013423 0,000047
правильно 2,066196 0,001808
связать 2,445686 0,001070
похудение 3,624341 0,001585
слегка 2,708050 0,002369
великий 2,120264 0,002782
сладость 2,445686 0,001070
полезный 0,143101 0,000063
галочка 0,013423 0,000006
заблокировать 0,013423 0,000012
перетащить 0,013423 0,000018
эластичность 5,010635 0,002192
русь 3,912023 0,001711
туризм 0,283247 0,000124
поддерживаетсяполучить 0,013423 0,000006
адрес 0,013423 0,000029
другой 0,013423 0,000035
соответствие 0,013423 0,000012
фуршетный 5,010635 0,002192
ржаной 3,912023 0,001711
унитарный 0,013423 0,000018
давать 0,013423 0,000018
отправка 0,013423 0,000006
загрузить 0,013423 0,000012
перепутать 5,010635 0,002192
скорее 3,064725 0,001341
уксус 3,218876 0,001408
полотенце 3,401197 0,001488
направление 0,013423 0,000006
телефон 0,013423 0,000006
сода 3,912023 0,023958
прогреть 3,401197 0,002976
редакция 0,013423 0,000018
пока 1,919593 0,000840
питание 2,302585 0,002015
сухой 2,813411 0,006154
пергамент 4,317488 0,001889
праздник 1,427116 0,000624
переворачивать 4,317488 0,001889
должный 0,013423 0,000029
кружевной 5,010635 0,006576
причина 2,066196 0,000904
автор 0,013423 0,000006
старый 0,013423 0,000012
сообщение 0,013423 0,000082
постный 2,931194 0,015387
фарширование 5,010635 0,002192
превратиться 3,624341 0,001585
лёгкий 2,120264 0,001855
недостаточно 3,064725 0,002681
происшествие 0,292136 0,000128
нижний 2,813411 0,002461
дно 3,912023 0,001711
печь 3,624341 0,001585
подавать 2,302585 0,001007
поджариться 5,010635 0,002192
плотный 3,401197 0,002976
ингредиент 1,919593 0,006718
мастер 3,064725 0,001341
подтвердить 0,013423 0,000006
масленичный 3,912023 0,001711
свойство 3,912023 0,001711
тесто 5,010635 0,056989
картинка 3,624341 0,001585
кухнирецептырецепт 3,912023 0,001711
масло 2,238047 0,025455
эксперт 1,373049 0,001802
фрукт 3,064725 0,001341
домашний 2,177422 0,000953
авторизация 0,013423 0,000006
религия 0,283247 0,000124
рейтинг 0,006689 0,000003
форма 0,013423 0,000070
среднее 2,445686 0,004279
поверхность 2,813411 0,006154
культура 0,292136 0,000128
растительный 2,931194 0,015387
нагревание 5,010635 0,004384
мягкость 3,218876 0,001408
шоколад 3,912023 0,001711
несмотря 2,708050 0,001185
чугунный 5,010635 0,004384
получаться 2,708050 0,004738
статья 0,013423 0,000006
верить 3,624341 0,001585
любой 1,576648 0,003448
кусочек 2,708050 0,001185
традиционно 2,612740 0,001143
избыток 4,317488 0,001889
плотность 5,010635 0,002192
ограничение 2,813411 0,001231
недвижимость 0,292136 0,000128
эффектно 5,010635 0,002192
дрожжи 3,401197 0,007439
ольга 2,612740 0,005715
редактор 0,013423 0,000006
пшеничный 4,317488 0,001889
фгуп 0,499776 0,000437
мясо 2,445686 0,001070
получить 0,985284 0,000431
контакт 0,013423 0,000006
пострадать 2,708050 0,001185
кейтеринг 5,010635 0,002192
щепотка 4,317488 0,001889
тема 0,013423 0,000018
сервис 0,174353 0,000076
государственный 0,013423 0,000018
медиабанкдрожжевой 5,010635 0,002192
дождаться 3,624341 0,001585
дискуссия 0,013423 0,000012
тщательно 2,445686 0,002140
сделать 1,226446 0,003219
ажурный 3,218876 0,009857
подъём 5,010635 0,002192
связанный 0,013423 0,000012
съесть 4,317488 0,001889
служба 0,006689 0,000003
риа 0,006689 0,000061
перегретый 5,010635 0,002192
заметить 0,013423 0,000006
закрытый 0,013423 0,000012
класть 3,064725 0,001341
обращать 0,013423 0,000006
рекомендательный 0,013423 0,000006
вымесить 5,010635 0,004384
мёд 3,218876 0,001408
разный 1,484275 0,001948
жарка 3,912023 0,001711
замес 5,010635 0,002192
жирный 3,401197 0,002976
год 0,006689 0,000009
испариться 5,010635 0,002192
медиабанк 1,321756 0,003469
максим 2,525729 0,002210
пакет 3,401197 0,001488
жидкость 3,218876 0,005632
крахмал 3,912023 0,008556
характерный 3,401197 0,005951
кухня 1,576648 0,006207
международный 0,013423 0,000018
андрей 2,302585 0,001007
круглый 3,624341 0,001585
ореховый 4,317488 0,001889
минеральный 4,317488 0,005666
протёртый 5,010635 0,002192
который 0,603916 0,003170
аромат 2,708050 0,002369
поэтому 2,014903 0,003526
убрать 2,302585 0,001007
сахар 2,525729 0,019888
холодильник 2,525729 0,001105
празднование 2,708050 0,001185
замешивать 5,010635 0,002192
морозильник 5,010635 0,002192
например 1,714798 0,000750
агентство 0,013423 0,000023
блин 2,014903 0,103125
приготовление 1,484275 0,006493
следующий 1,427116 0,000624
семь 2,708050 0,005923
привести 2,371578 0,001037
универсальный 4,317488 0,001889
авторизоваться 0,013423 0,000012
заменяться 5,010635 0,002192
выбрать 0,013423 0,000018
рассказать 0,933098 0,000408
заморозить 3,218876 0,001408
сегодня 0,013423 0,000041
вместо 2,813411 0,002461
просить 0,013423 0,000006
случай 1,643339 0,000719
перевернуть 3,218876 0,001408
температура 2,445686 0,006419
классика 3,401197 0,002976
кулинарный 3,064725 0,001341
такой 1,098612 0,002883
руководитель 2,445686 0,002140
овсяный 3,624341 0,001585
строгий 3,624341 0,001585
жарить 3,401197 0,007439
правильный 3,218876 0,001408
медиабанкзаварной 5,010635 0,002192
рассказывать 2,014903 0,000881
новыесначала 0,013423 0,000006
создание 2,302585 0,001007
мл 2,612740 0,012572
безглютеновое 4,317488 0,001889
шапка 0,013423 0,000006
отправить 0,013423 0,000082
струйка 4,317488 0,001889
набухнуть 5,010635 0,002192
продолжить 0,006689 0,000003
решение 0,006689 0,000006
ознакомить 0,013423 0,000006
овсяноблин 4,317488 0,001889
икра 3,624341 0,001585
пышный 3,218876 0,007040
вакансия 0,013423 0,000006
мы 0,013423 0,000041
проставлять 0,013423 0,000006
участие 0,006689 0,000003
аккаунт 0,013423 0,000029
экономика 0,292136 0,000128
свежий 2,066196 0,000904
тот 1,576648 0,001379
обсуждение 0,013423 0,000012
использовать 0,013423 0,000041
выбор 2,066196 0,000904
опечатка 0,013423 0,000006
календарь 2,120264 0,000927
каждый 1,399717 0,003674
наиболее 2,813411 0,001231
эластичный 5,010635 0,006576
кукурузный 3,624341 0,001585
онлайн 0,013423 0,000012
сильногазировать 5,010635 0,004384
почта 0,013423 0,000041
блокировка 0,013423 0,000023
рецепт 1,118815 0,015661
осуществляться 0,013423 0,000006
баланс 3,912023 0,001711
скоропортящийся 5,010635 0,002192
таблица 3,401197 0,004464
идеальный 2,445686 0,007489
три 2,120264 0,000927
хозяйка 3,401197 0,001488
апрель 0,013423 0,000006
появление 2,525729 0,001105
категория 1,576648 0,001379
фамилия 0,013423 0,000006
евгений 2,238047 0,001958
количество 1,919593 0,001679
школа 2,813411 0,001231
прилипать 5,010635 0,015343
яндекс 0,013423 0,000012
сливочный 2,931194 0,001282
заменять 3,912023 0,003423
либо 0,013423 0,000006
остыть 2,525729 0,001105
понадобиться 2,813411 0,004923
федеральный 0,013423 0,000023
нажимать 0,013423 0,000006
разогреть 2,931194 0,011540
накрыть 3,218876 0,001408
поиск 0,013423 0,000006
лысогор 5,010635 0,002192
поделиться 3,218876 0,001408
умеренный 3,912023 0,001711
невозможно 2,525729 0,001105
попробовать 0,013423 0,000006
связующий 5,010635 0,002192
заполнение 0,013423 0,000041
смазывать 4,317488 0,005666
воздушный 3,064725 0,005363
внимание 0,013423 0,000006
принимать 0,013423 0,000006
алексей 1,966113 0,003440
условие 1,321756 0,000578
настояться 3,064725 0,001341
гриб 2,813411 0,001231
молоко 2,445686 0,038515
выпуск 0,013423 0,000006
огромный 2,302585 0,001007
уникальный 2,014903 0,000881
усилить 3,912023 0,001711
соотношение 3,624341 0,001585
принять 1,791759 0,000784
надзор 0,013423 0,000006
зима 1,919593 0,000840
очень 1,678431 0,001468
жёсткий 2,931194 0,001282
способ 0,013423 0,000018
предприятие 0,013423 0,000018
терпкий 3,624341 0,001585
наука 0,283247 0,000124
какой 1,399717 0,002449
обратный 0,013423 0,000041
уходить 3,401197 0,001488
продукт 0,135438 0,000178
произойти 0,013423 0,000006
смазать 2,931194 0,003847
проверить 2,302585 0,001007
активно 3,064725 0,001341
заранее 2,708050 0,001185
хрустеть 3,064725 0,001341
