懈褋褌械褔褜 0,013423 0,000017
谐邪谢懈褑泻懈泄 3,401197 0,068024
褉褎 1,181994 0,007387
谢械薪褌邪 0,006689 0,000017
蟹邪泻芯薪薪褘泄 0,013423 0,000017
邪褉械褋褌 2,445686 0,030571
邪褉褏懈胁薪褘泄 1,347074 0,001684
薪芯胁褘泄 0,006689 0,000017
褋芯斜械褋械写薪懈泻 3,064725 0,003831
薪邪泄褌懈 0,013423 0,000017
胁褘屑芯谐邪褌械谢褜褋褌胁芯 5,010635 0,006263
锌懈褋褜屑芯 0,013423 0,000034
胁褘薪械褋褌懈 2,813411 0,007034
褋褎械褉邪 0,013423 0,000017
褝谢械泻褌褉芯薪薪褘泄 0,013423 0,000017
褋锌邪褋懈斜芯 0,013423 0,000017
褋锌芯褉褌 0,190354 0,000238
褉邪褋褕懈褉懈褌褜 0,006689 0,000008
褋胁懈写械褌械谢褜褋褌胁芯 0,013423 0,000017
褋芯谐谢邪褋懈械 0,013423 0,000034
褑械薪褌褉 0,166448 0,000208
泻芯屑屑械薪褌懈褉芯胁邪薪懈械 0,013423 0,000034
褋泻邪蟹邪褌褜 2,371578 0,002964
写芯褋褌褍锌 0,013423 0,000034
斜谢芯泻懈褉芯胁邪褌褜褋褟 0,013423 0,000017
屑懈邪 0,013423 0,000117
蟹邪褟胁谢械薪懈械 2,066196 0,005165
蟹邪写邪褌褜 0,013423 0,000017
邪谢械泻褋邪薪写褉 1,373049 0,006865
褋胁褟蟹邪褌褜褋褟 0,013423 0,000101
锌褉邪胁懈谢芯 0,013423 0,000084
褋芯褏褉邪薪懈褌褜 0,013423 0,000017
谐 0,013423 0,000034
褉械泻谢邪屑邪 0,013423 0,000034
褎芯褌芯 0,013423 0,000034
褋芯写械褉卸邪薪懈械 2,931194 0,003664
锌芯谢谐芯写邪 3,401197 0,004251
锌芯谢懈褌懈泻邪 0,013423 0,000084
褋胁褟蟹褜 0,006689 0,000067
锌褉懈屑械薪械薪懈械 0,013423 0,000017
胁蟹邪懈屑芯写械泄褋褌胁懈械 0,013423 0,000034
芯 0,013423 0,000017
写邪褌褜 0,013423 0,000034
锌褉械褋褋 0,013423 0,000067
褋芯谐谢邪褋薪褘泄 0,013423 0,000050
锌械褉褋芯薪邪谢褜薪褘泄 0,013423 0,000134
褋褍写 1,791759 0,029116
锌械褉械褌褟薪褍褌褜 0,013423 0,000017
褌械褔械薪懈械 0,013423 0,000017
芯斜谢邪褋褌褜 1,427116 0,008919
褋屑芯褔褜 0,006689 0,000008
懈褋锌芯谢褜蟹芯胁邪褌褜褋褟 0,006689 0,000008
谐芯褌芯胁褘泄 0,006689 0,000017
写邪褌邪 0,006689 0,000008
锌芯褋褌邪薪芯胁谢械薪懈械 3,218876 0,004024
屑懈褉 0,223144 0,000279
锌褉芯泄褌懈 0,006689 0,000008
蟹邪谐芯谢芯胁芯泻 0,013423 0,000034
芯写薪芯泻谢邪褋褋薪懈泻 0,013423 0,000034
薪械写芯锌褍褋褌懈屑褘泄 0,013423 0,000017
懈薪褎芯褉屑邪褑懈芯薪薪褘泄 0,013423 0,000067
胁褘 0,013423 0,000017
褎懈芯 0,013423 0,000017
胁芯褋褋褌邪薪芯胁懈褌褜 0,013423 0,000017
锌芯卸邪谢褍泄褋褌邪 0,013423 0,000017
褉邪褋褋屑芯褌褉械褌褜 0,013423 0,000017
褉邪褋锌芯谢芯卸懈褌褜 0,013423 0,000034
锌芯谢薪芯屑芯褔懈械 3,401197 0,004251
斜褘胁褕懈泄 2,302585 0,005756
胁械褉褋懈褟 0,013423 0,000017
胁褉械屑褟 0,013423 0,000017
薪懈卸械 0,013423 0,000050
泻薪芯锌泻邪 0,013423 0,000017
褉芯褋褋懈褟 0,006689 0,000151
褌械谐 0,190354 0,000238
芯褌屑械薪懈褌褜 2,813411 0,003517
写邪薪薪褘泄 2,014903 0,005037
蟹邪褉械谐懈褋褌褉懈褉芯胁邪褌褜 0,013423 0,000017
屑械写懈邪斜邪薪泻懈谐芯褉褜 5,010635 0,006263
褉邪薪械械 0,013423 0,000034
锌芯写泻邪褋褌 0,292136 0,000365
谐谢邪胁薪褘泄 0,013423 0,000017
锌褉芯斜谢械屑邪 0,013423 0,000017
写邪薪薪褘械 0,013423 0,000134
锌芯写邪褌褜 2,238047 0,005595
谐芯褉芯写 0,013423 0,000017
褉邪蟹斜谢芯泻懈褉芯胁邪褌褜 0,013423 0,000050
懈谐芯褉褜 2,708050 0,023695
褎芯褌芯谐褉邪褎懈褟 0,013423 0,000017
褋邪泄褌 0,013423 0,000050
锌芯谢械 0,013423 0,000134
褔邪褋 0,013423 0,000034
屑芯褋芯斜谢褋褍写 5,010635 0,006263
褔邪褌 0,013423 0,000034
锌芯谢械蟹薪褘泄 0,143101 0,000179
薪芯胁芯褋褌械泄屑芯谢薪懈褟 0,013423 0,000017
薪邪锌懈褋邪褌褜 0,013423 0,000017
谐邪谢芯褔泻邪 0,013423 0,000017
蟹邪斜谢芯泻懈褉芯胁邪褌褜 0,013423 0,000034
锌械褉械褌邪褖懈褌褜 0,013423 0,000050
褋芯谐谢邪褕邪褌褜褋褟 0,013423 0,000017
褌褍褉懈蟹屑 0,283247 0,000354
褋薪邪褔邪谢邪 0,013423 0,000017
锌芯写写械褉卸懈胁邪械褌褋褟锌芯谢褍褔懈褌褜 0,013423 0,000017
邪写褉械褋 0,013423 0,000084
写褉褍谐芯泄 0,013423 0,000050
褋芯芯褌胁械褌褋褌胁懈械 0,013423 0,000034
懈胁褋 5,010635 0,018790
褍薪懈褌邪褉薪褘泄 0,013423 0,000050
写邪胁邪褌褜 0,013423 0,000034
锌芯泻邪蟹邪褌褜 0,013423 0,000017
芯褌锌褉邪胁泻邪 0,013423 0,000017
蟹邪谐褉褍蟹懈褌褜 0,013423 0,000034
薪邪锌褉邪胁谢械薪懈械 0,013423 0,000017
褌械谢械褎芯薪 0,013423 0,000017
锌邪褉芯谢褜 0,013423 0,000185
褋褍写褜褟 3,064725 0,007662
褉械写邪泻褑懈褟 0,013423 0,000050
褍写邪谢懈褌褜 0,013423 0,000067
褋谢芯卸械薪懈械 5,010635 0,006263
褋械斜褟 2,445686 0,009171
胁褏芯写 0,013423 0,000034
写芯谢卸薪褘泄 0,013423 0,000017
褔懈褌邪褌褜 0,791128 0,000989
芯锌懈褋邪褌褜 0,013423 0,000017
褉邪蟹屑械褖械薪懈械 0,013423 0,000017
褋泻芯谢褜泻芯 0,006689 0,000008
邪胁褌芯褉 0,013423 0,000017
褋褌邪褉褘泄 0,013423 0,000017
褋芯芯斜褖械薪懈械 0,013423 0,000235
胁芯蟹屑褍褌懈褌褜 5,010635 0,025053
锌褉芯懈褋褕械褋褌胁懈械 0,292136 0,001461
锌芯泻芯薪褔懈褌褜 4,317488 0,021587
锌芯写褌胁械褉写懈褌褜 0,013423 0,000017
锌褉械写褋械写邪褌械谢褜 3,064725 0,015324
褋芯胁械褌 1,226446 0,003066
芯斜薪芯胁懈褌褜 0,985284 0,001232
褉褎锌褉芯懈褋褕械褋褌胁懈褟褉芯褋褋懈褟芯褉械薪斜褍褉谐褋泻懈泄 5,010635 0,006263
芯褌褋褌邪胁泻邪 4,317488 0,005397
锌芯写褌胁械褉卸写邪褌褜 0,013423 0,000017
邪褉械褋褌芯胁邪褌褜 2,931194 0,003664
谐邪胁褉懈谢芯胁 0,013423 0,000017
褍褔褉械写懈褌械谢褜 0,013423 0,000017
邪胁褌芯褉懈蟹邪褑懈褟 0,013423 0,000017
褉械谢懈谐懈褟 0,283247 0,000354
褉械泄褌懈薪谐 0,006689 0,000008
褎芯褉屑邪 0,013423 0,000201
屑芯褋泻芯胁褋泻懈泄 1,678431 0,006294
褋褋褘谢泻邪 0,013423 0,000067
泻芯屑屑褍薪懈泻邪褑懈褟 0,013423 0,000017
屑芯泄 0,013423 0,000084
泻褍谢褜褌褍褉邪 0,292136 0,000365
邪褉褏懈胁 0,190354 0,000238
锌芯屑芯褔褜 0,013423 0,000017
褋褌邪褌褜褟 0,013423 0,000017
褋邪屑芯褍斜懈泄褋褌胁芯 5,010635 0,006263
芯锌懈褋邪薪懈械 0,013423 0,000017
懈蟹芯谢褟褌芯褉 5,010635 0,006263
锌褉芯褑械褋褋 0,013423 0,000017
胁褉械屑械薪薪芯泄 3,064725 0,003831
薪械写胁懈卸懈屑芯褋褌褜 0,292136 0,000365
褉芯褋泻芯屑薪邪写蟹芯褉 0,013423 0,000017
褌械褏薪芯谢芯谐懈褟 0,013423 0,000034
褉械写邪泻褌芯褉 0,013423 0,000017
褎谐褍锌 0,499776 0,003124
泻芯薪褌邪泻褌 0,013423 0,000017
屑芯褋泻胁邪 0,006689 0,000025
胁芯褋锌芯谢褜蟹芯胁邪褌褜褋褟 0,013423 0,000067
写芯谢谢邪褉 2,708050 0,003385
褌械屑邪 0,013423 0,000050
褋械褉胁懈褋 0,174353 0,000218
谐芯褋褍写邪褉褋褌胁械薪薪褘泄 0,013423 0,000050
写懈褋泻褍褋褋懈褟 0,013423 0,000034
褋胁褟蟹邪薪薪褘泄 0,013423 0,000034
褋谢褍卸斜邪 0,006689 0,000025
褉懈邪 0,006689 0,000109
蟹邪屑械褌懈褌褜 0,013423 0,000017
谐邪谢懈褑泻懈泄屑芯褋泻芯胁褋泻懈泄 5,010635 0,006263
蟹邪泻褉褘褌褘泄 0,013423 0,000017
芯斜褉邪褖邪褌褜 0,013423 0,000017
褉械泻芯屑械薪写邪褌械谢褜薪褘泄 0,013423 0,000017
写邪谢械械 0,013423 0,000034
邪写胁芯泻邪褌 3,401197 0,004251
谐芯写 0,006689 0,000008
屑械写懈邪斜邪薪泻 1,321756 0,001652
褏芯褌械褌褜 0,006689 0,000008
芯褌泻褉褘胁邪褌褜 0,013423 0,000034
锌械褉械泄褌懈 0,013423 0,000050
屑械卸写褍薪邪褉芯写薪褘泄 0,013423 0,000050
锌芯褏芯褉芯薪懈褌褜 4,317488 0,005397
胁械褉褏芯胁薪褘泄 3,218876 0,020118
泻褉邪褋薪芯胁胁械褉褏芯胁薪褘泄 5,010635 0,006263
泻芯褌芯褉褘泄 0,603916 0,001510
芯斜褉邪褖械薪懈械 0,013423 0,000050
邪谐械薪褌褋褌胁芯 0,013423 0,000084
褋锌械褑锌褉芯械泻褌 0,190354 0,000238
屑邪褋褋芯胁褘泄 0,013423 0,000017
芯斜褉邪斜芯褌泻邪 0,013423 0,000084
褝褌芯 0,013423 0,000017
邪胁褌芯褉懈蟹芯胁邪褌褜褋褟 0,013423 0,000034
胁褘斜褉邪褌褜 0,013423 0,000050
褉邪褋褋泻邪蟹邪褌褜 0,933098 0,008165
褋械谐芯写薪褟 0,013423 0,000168
卸械薪邪 3,912023 0,004890
薪芯胁芯褋褌褜 0,006689 0,000125
锌褉芯褋懈褌褜 0,013423 0,000017
卸懈蟹薪褜 1,714798 0,002143
薪芯胁褘械褋薪邪褔邪谢邪 0,013423 0,000017
斜懈蟹薪械褋屑械薪 4,317488 0,005397
蟹邪褉械谐懈褋褌褉懈褉芯胁邪褌褜褋褟 0,013423 0,000084
锌芯卸邪谢芯胁邪褌褜褋褟 0,006689 0,000008
胁芯泄褌懈 0,006689 0,000033
褕邪锌泻邪 0,013423 0,000017
芯褌锌褉邪胁懈褌褜 0,013423 0,000235
锌褉芯写芯谢卸懈褌褜 0,006689 0,000008
褉械褕械薪懈械 0,006689 0,000025
芯蟹薪邪泻芯屑懈褌褜 0,013423 0,000017
胁邪泻邪薪褋懈褟 0,013423 0,000017
褝谢 0,013423 0,000017
屑褘 0,013423 0,000117
锌褉芯褋褌邪胁谢褟褌褜 0,013423 0,000017
褉邪写懈芯 0,274437 0,000343
褍褔邪褋褌懈械 0,006689 0,000008
写蟹械薪 0,851752 0,001065
邪泻泻邪褍薪褌 0,013423 0,000084
褝泻芯薪芯屑懈泻邪 0,292136 0,000365
蟹邪褖懈褌邪 0,013423 0,000067
邪谢懈褟 5,010635 0,006263
褉械谐懈褋褌褉邪褑懈褟 0,013423 0,000084
锌芯写芯蟹褉械薪懈械 3,624341 0,004530
芯斜褋褍卸写械薪懈械 0,013423 0,000034
芯锌械褔邪褌泻邪 0,013423 0,000017
懈褋锌芯谢褜蟹芯胁邪褌褜 0,013423 0,000017
锌芯褔械屑褍 0,013423 0,000017
胁芯褋褋褌邪薪芯胁谢械薪懈械 0,013423 0,000067
芯薪谢邪泄薪 0,013423 0,000017
屑褍卸 4,317488 0,005397
锌芯褔褌邪 0,013423 0,000117
斜谢芯泻懈褉芯胁泻邪 0,013423 0,000067
芯褋褍褖械褋褌胁谢褟褌褜褋褟 0,013423 0,000017
懈褋褌芯褉懈褟 1,139434 0,012819
邪锌褉械谢褜 0,013423 0,000017
胁泻芯薪褌邪泻褌械 0,013423 0,000034
褎邪屑懈谢懈褟 0,013423 0,000017
谢芯谐懈薪 0,013423 0,000017
泻芯薪褎懈写械薪褑懈邪谢褜薪芯褋褌褜 0,013423 0,000067
薪邪褉褍褕械薪懈械 0,013423 0,000050
薪邪胁褋械谐写邪 0,013423 0,000017
褟薪写械泻褋 0,013423 0,000034
写械泄褋褌胁懈械 0,013423 0,000017
谢懈斜芯 0,013423 0,000017
褎械写械褉邪谢褜薪褘泄 0,013423 0,000067
褉械谢懈蟹 0,013423 0,000017
薪邪卸懈屑邪褌褜 0,013423 0,000017
薪邪蟹邪写 0,013423 0,000084
邪谢懈泄 5,010635 0,006263
邪谢懈懈 5,010635 0,012527
褋锌懈褋芯泻 0,013423 0,000017
芯褉械薪斜褍褉谐褋泻懈泄 4,317488 0,026984
锌芯懈褋泻 0,013423 0,000017
芯斜褖邪褌褜褋褟 4,317488 0,005397
懈褌芯谐 2,302585 0,002878
芯斜褟蟹邪褌械谢褜薪褘泄 0,013423 0,000117
褎械胁褉邪谢褜 0,567984 0,001420
芯褕懈斜泻邪 0,013423 0,000050
泻褉邪褋薪芯胁 3,064725 0,057464
胁芯锌褉芯褋 0,006689 0,000033
蟹褍斜芯胁褋泻懈泄 0,013423 0,000034
锌芯锌褉芯斜芯胁邪褌褜 0,013423 0,000017
蟹邪锌芯谢薪械薪懈械 0,013423 0,000117
蟹邪锌芯谢薪懈褌褜 0,013423 0,000117
胁薪懈屑邪薪懈械 0,013423 0,000017
锌褉懈薪懈屑邪褌褜 0,013423 0,000017
胁邪褕 0,013423 0,000268
芯斜褖械褋褌胁芯 0,257045 0,000321
懈屑褟 0,013423 0,000084
褎械写械褉邪褑懈褟 2,066196 0,005165
胁褘锌褍褋泻 0,013423 0,000017
褋褉芯泻 0,013423 0,000034
芯褋薪芯胁邪薪懈械 0,013423 0,000017
懈蟹写邪薪懈械 0,013423 0,000017
斜褍谢褜胁邪褉 0,013423 0,000034
褋械褌械胁芯泄 0,013423 0,000017
芯斜谢邪褋褌褜邪谢械泻褋邪薪写褉 5,010635 0,006263
锌芯写屑芯褋泻芯胁薪褘泄 3,624341 0,004530
薪邪写蟹芯褉 0,013423 0,000017
褉械邪泻褑懈褟 3,064725 0,022985
懈褋锌芯谢褜蟹芯胁邪薪懈械 0,013423 0,000017
褎械胁 1,399717 0,001750
胁薪芯胁褜 0,013423 0,000017
褋屑械薪懈褌褜 0,013423 0,000017
屑懈谢谢懈芯薪 2,445686 0,003057
锌褉械写锌褉懈褟褌懈械 0,013423 0,000050
褋锌芯褋芯斜 0,013423 0,000034
屑邪褌械褉懈邪谢 0,013423 0,000134
薪邪褍泻邪 0,283247 0,000354
褍褔邪褋褌胁芯胁邪褌褜 0,013423 0,000034
褋芯芯斜褖懈褌褜 0,013423 0,000034
芯斜褉邪褌薪褘泄 0,013423 0,000117
芯斜谢邪褋褌薪芯泄 3,401197 0,017006
锌褉芯写褍泻褌 0,135438 0,000169
锌褉芯懈蟹芯泄褌懈 0,013423 0,000017
斜褘褌褜 0,013423 0,000017
懈褋褌芯褔薪懈泻 1,966113 0,017203
褍褋锌械褕薪芯 0,013423 0,000017
懈褋褌褉懈薪褋泻懈泄 5,010635 0,012527
褋泻褉懈薪褕芯褌 0,013423 0,000050
