подача 2,120264 0,003908
состоять 3,218876 0,002967
законный 0,013423 0,000012
новый 0,006689 0,000018
день 0,591795 0,001091
паприка 3,624341 0,003340
найти 0,013423 0,000012
письмо 0,013423 0,000025
спасибо 0,013423 0,000012
расширить 0,006689 0,000006
согласие 0,013423 0,000025
менее 2,177422 0,002007
су 3,624341 0,006681
доступ 0,013423 0,000025
миа 0,013423 0,000037
задать 0,013423 0,000012
множество 2,931194 0,002702
связаться 0,013423 0,000074
горчица 3,401197 0,006269
г 0,013423 0,000136
реклама 0,013423 0,000012
фото 0,013423 0,000012
политика 0,013423 0,000049
связь 0,006689 0,000049
о 0,013423 0,000012
репчатый 3,064725 0,005649
течение 0,013423 0,000037
ягода 2,525729 0,002328
дополнительный 2,066196 0,001904
пищевой 2,120264 0,001954
повар 2,238047 0,010314
вариант 1,966113 0,005436
сочность 3,624341 0,006681
готовка 1,919593 0,001769
пройти 0,006689 0,000006
заголовок 0,013423 0,000025
информационный 0,013423 0,000049
шаг 1,791759 0,008257
русский 1,118815 0,005156
сложность 2,371578 0,006557
необходимый 2,238047 0,002063
тонкий 2,612740 0,002408
рассмотреть 0,013423 0,000012
расположить 0,013423 0,000025
классический 1,752539 0,004846
время 0,013423 0,000049
кнопка 0,013423 0,000012
томат 3,624341 0,003340
очистить 2,238047 0,004125
корейка 4,317488 0,003979
ранее 0,013423 0,000012
главный 0,013423 0,000012
проблема 0,013423 0,000012
данные 0,013423 0,000099
также 1,139434 0,001050
свежесть 3,912023 0,003606
город 0,013423 0,000012
разблокировать 0,013423 0,000037
фотография 0,013423 0,000012
пекарный 4,317488 0,003979
час 0,013423 0,000037
чат 0,013423 0,000025
противень 3,912023 0,018028
калорийный 4,317488 0,003979
новостеймолния 0,013423 0,000012
написать 0,013423 0,000012
трава 3,064725 0,002825
соглашаться 0,013423 0,000012
сначала 0,013423 0,000012
базилик 3,218876 0,002967
ужин 3,401197 0,006269
показать 0,013423 0,000012
основный 1,791759 0,006606
уменьшить 3,401197 0,003135
пароль 0,013423 0,000136
эстетичный 5,010635 0,004618
микроволновой 4,317488 0,003979
слой 2,813411 0,005186
удалить 0,013423 0,000049
калорийность 2,120264 0,003908
зерновой 4,317488 0,003979
вход 0,013423 0,000025
описать 0,013423 0,000012
размещение 0,013423 0,000012
ккал 2,302585 0,002122
угощение 5,010635 0,009236
сколько 0,006689 0,000012
запекать 3,218876 0,008900
рекомендовать 2,371578 0,002186
обогатить 4,317488 0,003979
соус 2,525729 0,006984
карри 4,317488 0,003979
совет 1,226446 0,005652
интересный 2,177422 0,002007
сметана 2,708050 0,004992
подтверждать 0,013423 0,000012
гаврилов 0,013423 0,000012
учредитель 0,013423 0,000012
болгарский 3,401197 0,003135
часть 1,373049 0,001265
волокно 4,317488 0,007959
нарезать 2,120264 0,007817
ссылка 0,013423 0,000049
коммуникация 0,013423 0,000012
минута 1,226446 0,006782
шеф 2,238047 0,012376
мой 0,013423 0,000062
выложить 2,708050 0,004992
помочь 0,013423 0,000025
салат 2,120264 0,003908
описание 0,013423 0,000012
шт 2,238047 0,004125
процесс 0,013423 0,000012
основа 2,120264 0,001954
заменить 2,813411 0,002593
делать 1,427116 0,001315
пояснять 2,371578 0,002186
роскомнадзор 0,013423 0,000012
куриный 2,371578 0,002186
технология 0,013423 0,000025
белка 2,371578 0,002186
хранить 3,218876 0,002967
градус 2,931194 0,005403
кольцо 3,401197 0,006269
духовка 2,708050 0,017471
помидор 2,931194 0,008105
качество 2,177422 0,006021
москва 0,006689 0,000018
воспользоваться 0,013423 0,000049
подойти 2,813411 0,005186
французски 3,624341 0,040085
добавлять 1,919593 0,001769
молотый 3,064725 0,005649
кабачок 5,010635 0,004618
сливка 2,931194 0,005403
далее 0,013423 0,000025
праздничный 2,238047 0,006188
посыпать 2,612740 0,004816
сковорода 2,525729 0,002328
рецептырецепт 1,875141 0,001728
хотеть 0,006689 0,000006
сытный 2,612740 0,002408
открывать 0,013423 0,000025
перейти 0,013423 0,000012
подготовка 2,177422 0,002007
поверх 4,317488 0,007959
сыр 2,708050 0,029951
обладать 3,064725 0,002825
оглавление 1,791759 0,001651
часарецепт 2,813411 0,002593
отбить 3,912023 0,010817
обращение 0,013423 0,000037
порция 2,238047 0,002063
это 0,013423 0,000049
массовый 0,013423 0,000012
обработка 0,013423 0,000062
порезать 3,624341 0,006681
вкус 1,752539 0,012922
еда 2,177422 0,002007
насыщенный 2,931194 0,002702
новость 0,006689 0,000031
стоить 1,678431 0,001547
йогурт 3,401197 0,003135
сентябрь 1,427116 0,003946
доступный 2,302585 0,006367
зарегистрироваться 0,013423 0,000062
пожаловаться 0,006689 0,000006
средний 1,832581 0,003378
войти 0,006689 0,000025
рецептыроссиякулинарияедапродуктымясопростый 5,010635 0,004618
эл 0,013423 0,000012
защита 0,013423 0,000049
регистрация 0,013423 0,000062
будничный 5,010635 0,004618
почему 0,013423 0,000012
особый 1,752539 0,001615
восстановление 0,013423 0,000049
добавить 1,514128 0,006978
вкусный 1,752539 0,001615
промывать 5,010635 0,004618
вконтакте 0,013423 0,000025
затем 1,791759 0,001651
жир 2,238047 0,002063
логин 0,013423 0,000012
телятина 4,317488 0,003979
блюдрецепт 3,218876 0,002967
конфиденциальность 0,013423 0,000049
нарушение 0,013423 0,000037
навсегда 0,013423 0,000012
соль 2,066196 0,003809
контейнер 3,218876 0,002967
действие 0,013423 0,000012
натереть 2,708050 0,007488
релиз 0,013423 0,000012
назад 0,013423 0,000062
говядина 3,218876 0,002967
список 0,013423 0,000012
запекание 3,624341 0,003340
жирность 3,624341 0,003340
лук 2,302585 0,019100
обязательный 0,013423 0,000087
практически 2,445686 0,002254
ошибка 0,013423 0,000037
вопрос 0,006689 0,000025
зубовский 0,013423 0,000025
заполнить 0,013423 0,000087
ваш 0,013423 0,000198
имя 0,013423 0,000062
блюдо 1,609438 0,020767
срок 0,013423 0,000025
промыть 2,612740 0,004816
основание 0,013423 0,000012
издание 0,013423 0,000012
бульвар 0,013423 0,000025
сетевой 0,013423 0,000012
использование 0,013423 0,000025
кухнирецепт 2,612740 0,002408
вновь 0,013423 0,000012
мина 2,445686 0,004508
сменить 0,013423 0,000012
материал 0,013423 0,000111
выкладывать 3,401197 0,003135
участвовать 0,013423 0,000025
сообщить 0,013423 0,000012
быть 0,013423 0,000012
пошаговый 1,455287 0,005365
успешно 0,013423 0,000012
скриншот 0,013423 0,000037
нотка 3,218876 0,002967
истечь 0,013423 0,000012
лента 0,006689 0,000012
приготовить 1,643339 0,003029
экспериментировать 3,912023 0,003606
сфера 0,013423 0,000012
электронный 0,013423 0,000012
бешамель 5,010635 0,009236
солить 3,912023 0,003606
мочь 1,399717 0,001290
свидетельство 0,013423 0,000012
комментирование 0,013423 0,000025
блокироваться 0,013423 0,000012
твёрдый 3,401197 0,006269
разнообразный 3,401197 0,003135
сохранить 0,013423 0,000025
правило 0,013423 0,000062
применение 0,013423 0,000012
взаимодействие 0,013423 0,000025
дать 0,013423 0,000049
пресс 0,013423 0,000012
согласный 0,013423 0,000037
персональный 0,013423 0,000099
кулинария 2,371578 0,002186
перетянуть 0,013423 0,000012
картофель 2,445686 0,004508
смочь 0,006689 0,000006
использоваться 0,006689 0,000006
готовый 0,006689 0,000025
пармезан 4,317488 0,003979
углевод 2,445686 0,002254
ценность 2,120264 0,001954
хранение 3,064725 0,002825
дата 0,006689 0,000006
одноклассник 0,013423 0,000025
недопустимый 0,013423 0,000012
вы 0,013423 0,000012
фио 0,013423 0,000012
восстановить 0,013423 0,000012
пожалуйста 0,013423 0,000012
укрытый 5,010635 0,004618
российский 0,883501 0,000814
стол 1,832581 0,003378
версия 0,013423 0,000012
ниже 0,013423 0,000037
россия 0,006689 0,000055
разогревать 3,624341 0,003340
простой 1,272966 0,007039
горячий 1,966113 0,003624
смотреть 1,966113 0,003624
запекаться 4,317488 0,003979
свой 0,867501 0,000800
зарегистрировать 0,013423 0,000012
полукольцо 3,624341 0,006681
популярный 1,752539 0,001615
сайт 0,013423 0,000037
поле 0,013423 0,000099
галочка 0,013423 0,000012
кофейня 4,317488 0,003979
заблокировать 0,013423 0,000025
перетащить 0,013423 0,000037
положить 1,966113 0,003624
предпочтительно 5,010635 0,004618
поддерживаетсяполучить 0,013423 0,000012
перец 2,445686 0,009016
адрес 0,013423 0,000062
другой 0,013423 0,000049
соответствие 0,013423 0,000025
унитарный 0,013423 0,000037
давать 0,013423 0,000025
отправка 0,013423 0,000012
поперёк 4,317488 0,007959
загрузить 0,013423 0,000025
сеть 2,371578 0,002186
полотенце 3,401197 0,006269
направление 0,013423 0,000012
телефон 0,013423 0,000012
редакция 0,013423 0,000037
чёрный 2,238047 0,004125
галкова 4,317488 0,003979
должный 0,013423 0,000012
свинина 3,624341 0,013362
галковы 4,317488 0,003979
сен 3,401197 0,003135
автор 0,013423 0,000012
старый 0,013423 0,000012
сообщение 0,013423 0,000173
специя 2,813411 0,005186
её 3,064725 0,002825
вид 1,399717 0,002580
тёрка 2,813411 0,005186
лёгкий 2,120264 0,003908
подавать 2,302585 0,006367
печь 3,624341 0,003340
бумажный 3,401197 0,006269
ингредиент 1,919593 0,008846
подтвердить 0,013423 0,000012
майонез 3,218876 0,035600
дополнять 3,624341 0,003340
масло 2,238047 0,004125
эксперт 1,373049 0,001265
греческий 2,612740 0,002408
домашний 2,177422 0,002007
авторизация 0,013423 0,000012
рейтинг 0,006689 0,000006
форма 0,013423 0,000148
порционный 3,064725 0,005649
зелень 2,371578 0,008743
существовать 2,302585 0,002122
статья 0,013423 0,000012
овощной 2,612740 0,002408
кусочек 2,708050 0,004992
украсить 2,708050 0,004992
любой 1,576648 0,001453
лайфхак 5,010635 0,004618
редактор 0,013423 0,000012
фгуп 0,499776 0,000461
мясо 2,445686 0,072131
получить 0,985284 0,000908
контакт 0,013423 0,000012
нарезка 4,317488 0,003979
тема 0,013423 0,000037
государственный 0,013423 0,000037
нежность 3,912023 0,003606
дискуссия 0,013423 0,000025
около 2,177422 0,004014
сделать 1,226446 0,003391
различный 2,525729 0,004656
связанный 0,013423 0,000025
пласт 5,010635 0,009236
придать 2,813411 0,010372
служба 0,006689 0,000006
риа 0,006689 0,000025
заметить 0,013423 0,000012
нанести 2,813411 0,002593
закрытый 0,013423 0,000025
обращать 0,013423 0,000012
рекомендательный 0,013423 0,000012
разный 1,484275 0,001368
год 0,006689 0,000006
средне 2,813411 0,002593
ломтик 2,931194 0,002702
кухня 1,576648 0,004359
отбивной 5,010635 0,004618
международный 0,013423 0,000037
тёртый 2,931194 0,005403
прекрасно 3,218876 0,005933
повседневный 3,912023 0,007211
холодильник 2,525729 0,002328
крупный 2,120264 0,003908
например 1,714798 0,003161
агентство 0,013423 0,000049
приготовление 1,484275 0,008208
обсушить 4,317488 0,007959
поперчить 3,218876 0,008900
авторизоваться 0,013423 0,000025
выбрать 0,013423 0,000037
сбалансировать 5,010635 0,004618
сегодня 0,013423 0,000087
вместо 2,813411 0,002593
просить 0,013423 0,000012
температура 2,445686 0,004508
вместе 2,302585 0,002122
орегано 3,912023 0,003606
новыесначала 0,013423 0,000012
грудка 3,624341 0,003340
сверху 3,064725 0,005649
несколько 1,544899 0,001424
посолить 2,813411 0,007779
шапка 0,013423 0,000012
отправить 0,013423 0,000173
овощ 2,120264 0,003908
отбивать 4,317488 0,007959
распределиться 3,912023 0,003606
продолжить 0,006689 0,000006
решение 0,006689 0,000006
ознакомить 0,013423 0,000012
вакансия 0,013423 0,000012
мы 0,013423 0,000087
проставлять 0,013423 0,000012
участие 0,006689 0,000006
аккаунт 0,013423 0,000062
свежий 2,066196 0,001904
обсуждение 0,013423 0,000025
использовать 0,013423 0,000074
выбор 2,066196 0,003809
опечатка 0,013423 0,000012
каждый 1,399717 0,007740
онлайн 0,013423 0,000012
почта 0,013423 0,000087
блокировка 0,013423 0,000049
рецепт 1,118815 0,017530
стейк 4,317488 0,007959
осуществляться 0,013423 0,000012
фаршированный 5,010635 0,004618
идеальный 2,445686 0,002254
апрель 0,013423 0,000012
категория 1,576648 0,001453
фамилия 0,013423 0,000012
яндекс 0,013423 0,000025
либо 0,013423 0,000012
федеральный 0,013423 0,000049
нажимать 0,013423 0,000012
поиск 0,013423 0,000012
попробовать 0,013423 0,000012
заполнение 0,013423 0,000087
внимание 0,013423 0,000012
принимать 0,013423 0,000012
застолье 3,624341 0,003340
условие 1,321756 0,001218
настояться 3,064725 0,005649
смешать 2,813411 0,002593
гриб 2,813411 0,007779
выпуск 0,013423 0,000012
уникальный 2,014903 0,001857
надзор 0,013423 0,000012
ярослав 3,624341 0,006681
предприятие 0,013423 0,000037
способ 0,013423 0,000025
толщина 3,624341 0,006681
обратный 0,013423 0,000087
продукт 0,135438 0,000125
произойти 0,013423 0,000012
смазать 2,931194 0,005403
