истечь 0,013423 0,000019
лента 0,006689 0,000018
законный 0,013423 0,000019
новый 0,006689 0,000018
день 0,591795 0,002452
оборона 2,066196 0,002854
найти 0,013423 0,000019
письмо 0,013423 0,000037
сфера 0,013423 0,000019
электронный 0,013423 0,000019
жкх 2,708050 0,003740
спасибо 0,013423 0,000019
спорт 0,190354 0,000789
выйти 2,371578 0,003276
расширить 0,006689 0,000009
бабушка 4,317488 0,005963
эффективный 3,401197 0,004698
месяц 1,003302 0,001386
навигаторнавигатор 5,010635 0,006921
свидетельство 0,013423 0,000019
согласие 0,013423 0,000037
центр 0,166448 0,000230
комментирование 0,013423 0,000037
снятие 3,401197 0,009396
погода 3,064725 0,004233
доступ 0,013423 0,000037
рейс 3,912023 0,005403
блокироваться 0,013423 0,000019
миа 0,013423 0,000037
задать 0,013423 0,000019
связаться 0,013423 0,000111
правило 0,013423 0,000093
сохранить 0,013423 0,000019
г 0,013423 0,000037
реклама 0,013423 0,000037
фото 0,013423 0,000019
политика 0,013423 0,000093
буря 3,912023 0,005403
связь 0,006689 0,000074
применение 0,013423 0,000019
взаимодействие 0,013423 0,000037
о 0,013423 0,000019
дать 0,013423 0,000037
пресс 0,013423 0,000037
согласный 0,013423 0,000056
персональный 0,013423 0,000148
перетянуть 0,013423 0,000019
блокадница 5,010635 0,006921
снег 2,371578 0,013103
течение 0,013423 0,000019
усиленный 2,931194 0,004049
смочь 0,006689 0,000009
использоваться 0,006689 0,000009
готовый 0,006689 0,000018
дата 0,006689 0,000009
мир 0,223144 0,000616
сугроб 2,931194 0,004049
пройти 0,006689 0,000009
заголовок 0,013423 0,000037
одноклассник 0,013423 0,000037
недопустимый 0,013423 0,000019
информационный 0,013423 0,000074
вы 0,013423 0,000019
фио 0,013423 0,000019
водитель 3,912023 0,005403
восстановить 0,013423 0,000019
пожалуйста 0,013423 0,000019
сво 1,919593 0,002651
рассмотреть 0,013423 0,000019
расположить 0,013423 0,000037
годовщина 5,010635 0,013842
автомобильный 5,010635 0,006921
версия 0,013423 0,000019
время 0,013423 0,000037
ниже 0,013423 0,000056
кнопка 0,013423 0,000019
россия 0,006689 0,000102
простой 1,272966 0,001758
тег 0,190354 0,000526
зарегистрировать 0,013423 0,000019
сильный 1,919593 0,002651
ранее 0,013423 0,000019
подкаст 0,292136 0,000404
главный 0,013423 0,000019
проблема 0,013423 0,000019
режим 2,066196 0,002854
данные 0,013423 0,000148
январь 1,040343 0,011496
купание 5,010635 0,006921
город 0,013423 0,000019
разблокировать 0,013423 0,000056
фотография 0,013423 0,000019
сайт 0,013423 0,000056
поле 0,013423 0,000148
час 0,013423 0,000037
непогода 4,317488 0,005963
чат 0,013423 0,000037
полезный 0,143101 0,000198
новостеймолния 0,013423 0,000019
написать 0,013423 0,000019
галочка 0,013423 0,000019
штат 2,014903 0,002783
трава 3,064725 0,004233
заблокировать 0,013423 0,000037
перетащить 0,013423 0,000056
соглашаться 0,013423 0,000019
туризм 0,283247 0,000391
сначала 0,013423 0,000019
ухтомский 5,010635 0,006921
поддерживаетсяполучить 0,013423 0,000019
адрес 0,013423 0,000093
другой 0,013423 0,000056
соответствие 0,013423 0,000037
унитарный 0,013423 0,000056
давать 0,013423 0,000037
показать 0,013423 0,000019
отправка 0,013423 0,000019
загрузить 0,013423 0,000037
направление 0,013423 0,000019
телефон 0,013423 0,000019
пароль 0,013423 0,000204
задача 2,177422 0,003007
редакция 0,013423 0,000056
удалить 0,013423 0,000074
последствие 1,544899 0,004268
период 1,118815 0,001545
вход 0,013423 0,000037
должный 0,013423 0,000019
описать 0,013423 0,000019
размещение 0,013423 0,000019
сколько 0,006689 0,000009
автор 0,013423 0,000019
старый 0,013423 0,000019
сообщение 0,013423 0,000260
городской 2,302585 0,003180
трасса 3,218876 0,004446
происшествие 0,292136 0,000404
подход 2,708050 0,003740
подтвердить 0,013423 0,000019
видео 1,832581 0,043030
павлов 5,010635 0,006921
подтверждать 0,013423 0,000019
гаврилов 0,013423 0,000019
учредитель 0,013423 0,000019
авторизация 0,013423 0,000019
религия 0,283247 0,000391
рейтинг 0,006689 0,000009
форма 0,013423 0,000222
последний 0,899761 0,001243
дом 1,514128 0,002091
ссылка 0,013423 0,000074
коммуникация 0,013423 0,000019
мой 0,013423 0,000093
культура 0,292136 0,000404
флагманский 4,317488 0,005963
архив 0,190354 0,000263
помочь 0,013423 0,000019
митинг 5,010635 0,006921
справляться 2,813411 0,003886
статья 0,013423 0,000019
сша 1,118815 0,003091
описание 0,013423 0,000019
процесс 0,013423 0,000019
недвижимость 0,292136 0,000404
бездомный 3,912023 0,005403
уборка 2,708050 0,003740
делать 1,427116 0,001971
освобождение 2,708050 0,003740
роскомнадзор 0,013423 0,000019
технология 0,013423 0,000037
редактор 0,013423 0,000019
махачкала 3,912023 0,005403
очищать 3,624341 0,005006
контакт 0,013423 0,000019
москва 0,006689 0,000203
воспользоваться 0,013423 0,000074
тема 0,013423 0,000056
сервис 0,174353 0,000241
государственный 0,013423 0,000056
косино 5,010635 0,006921
дискуссия 0,013423 0,000037
абитуриентариа 2,931194 0,004049
связанный 0,013423 0,000056
служба 0,006689 0,000028
риа 0,006689 0,000018
заметить 0,013423 0,000019
закрытый 0,013423 0,000019
обращать 0,013423 0,000019
рекомендательный 0,013423 0,000019
далее 0,013423 0,000037
лос 3,401197 0,004698
ликвидировать 2,708050 0,003740
иммиграционный 5,010635 0,006921
животное 2,708050 0,003740
год 0,006689 0,000028
чистить 4,317488 0,005963
хотеть 0,006689 0,000009
собирать 3,218876 0,004446
открывать 0,013423 0,000037
перейти 0,013423 0,000019
международный 0,013423 0,000056
облегчать 5,010635 0,006921
убирать 4,317488 0,005963
круглый 3,624341 0,005006
работать 1,966113 0,002716
лыжный 4,317488 0,005963
пробка 5,010635 0,006921
вчера 1,576648 0,002178
блокада 3,624341 0,025030
обращение 0,013423 0,000056
агентство 0,013423 0,000074
спецпроект 0,190354 0,000263
массовый 0,013423 0,000019
обработка 0,013423 0,000093
это 0,013423 0,000019
авторизоваться 0,013423 0,000037
американец 2,525729 0,003489
выбрать 0,013423 0,000056
ветеран 3,401197 0,004698
сегодня 0,013423 0,000111
новость 0,006689 0,000046
вашингтон 2,120264 0,002929
просить 0,013423 0,000019
снежный 3,218876 0,004446
коммунальщик 3,064725 0,004233
новыесначала 0,013423 0,000019
зарегистрироваться 0,013423 0,000093
пожаловаться 0,006689 0,000009
войти 0,006689 0,000037
дорога 3,064725 0,012699
шапка 0,013423 0,000019
отправить 0,013423 0,000260
регион 1,919593 0,002651
продолжить 0,006689 0,000009
героический 5,010635 0,013842
анджелес 3,401197 0,004698
решение 0,006689 0,000009
ознакомить 0,013423 0,000019
вакансия 0,013423 0,000019
эл 0,013423 0,000019
мы 0,013423 0,000130
проставлять 0,013423 0,000019
радио 0,274437 0,000379
участие 0,006689 0,000009
аккаунт 0,013423 0,000093
экономика 0,292136 0,000404
защита 0,013423 0,000074
регистрация 0,013423 0,000093
обсуждение 0,013423 0,000037
снегопад 2,177422 0,024060
опечатка 0,013423 0,000019
использовать 0,013423 0,000019
почему 0,013423 0,000019
восстановление 0,013423 0,000074
онлайн 0,013423 0,000019
почта 0,013423 0,000130
блокировка 0,013423 0,000074
осуществляться 0,013423 0,000019
апрель 0,013423 0,000019
вконтакте 0,013423 0,000037
фамилия 0,013423 0,000019
логин 0,013423 0,000019
конфиденциальность 0,013423 0,000074
нарушение 0,013423 0,000056
навсегда 0,013423 0,000019
яндекс 0,013423 0,000037
многофункциональный 3,912023 0,005403
действие 0,013423 0,000019
либо 0,013423 0,000019
миннеаполис 4,317488 0,005963
федеральный 0,013423 0,000074
релиз 0,013423 0,000019
нажимать 0,013423 0,000019
назад 0,013423 0,000093
отмена 2,931194 0,004049
первый 0,883501 0,001220
список 0,013423 0,000019
приют 4,317488 0,005963
тысяча 1,919593 0,002651
воспоминание 5,010635 0,006921
поиск 0,013423 0,000019
площадка 3,064725 0,004233
котлета 5,010635 0,006921
обязательный 0,013423 0,000130
февраль 0,567984 0,003923
ошибка 0,013423 0,000056
открыть 2,302585 0,003180
вопрос 0,006689 0,000037
крещенский 4,317488 0,005963
длинный 3,912023 0,005403
зубовский 0,013423 0,000037
осада 5,010635 0,006921
попробовать 0,013423 0,000019
заполнение 0,013423 0,000130
заполнить 0,013423 0,000130
внимание 0,013423 0,000019
принимать 0,013423 0,000019
ленинград 3,401197 0,032885
соц 2,371578 0,003276
против 1,966113 0,002716
ваш 0,013423 0,000297
общество 0,257045 0,001420
имя 0,013423 0,000093
выпуск 0,013423 0,000019
срок 0,013423 0,000037
основание 0,013423 0,000019
издание 0,013423 0,000019
бульвар 0,013423 0,000037
сетевой 0,013423 0,000019
столичный 3,401197 0,004698
надзор 0,013423 0,000019
использование 0,013423 0,000019
вновь 0,013423 0,000019
неделя 1,181994 0,001633
самый 0,967584 0,001336
сменить 0,013423 0,000019
предприятие 0,013423 0,000056
способ 0,013423 0,000037
материал 0,013423 0,000167
наука 0,283247 0,000391
участвовать 0,013423 0,000037
сообщить 0,013423 0,000019
обратный 0,013423 0,000130
продукт 0,135438 0,000187
произойти 0,013423 0,000019
быть 0,013423 0,000019
успешно 0,013423 0,000019
скриншот 0,013423 0,000056
