банк 1,966113 0,016780
личный 2,177422 0,005162
рф 1,181994 0,000560
законный 0,013423 0,000006
день 0,591795 0,001684
найти 0,013423 0,000013
письмо 0,013423 0,000013
спасибо 0,013423 0,000006
повлиять 3,401197 0,001613
расширить 0,006689 0,000003
физический 2,813411 0,002668
согласие 0,013423 0,000019
центр 0,166448 0,000158
частность 3,064725 0,001453
игумнов 5,010635 0,004752
долго 3,064725 0,001453
заявление 2,066196 0,009797
юридический 2,813411 0,001334
обратно 3,912023 0,001855
связаться 0,013423 0,000038
жертва 2,813411 0,002668
человек 1,118815 0,004774
соответствовать 2,612740 0,002478
лично 3,401197 0,003225
дистанционный 4,317488 0,002047
реклама 0,013423 0,000013
фото 0,013423 0,000006
нбка 5,010635 0,002376
связь 0,006689 0,000025
соловей 5,010635 0,002376
обязательство 2,931194 0,002780
апреляфас 5,010635 0,002376
замыкать 5,010635 0,002376
передаваться 5,010635 0,002376
доработка 5,010635 0,002376
область 1,427116 0,001353
очевидный 3,401197 0,001613
владелец 3,064725 0,001453
весь 1,021651 0,000484
пройти 0,006689 0,000003
заголовок 0,013423 0,000013
ум 3,912023 0,001855
информационный 0,013423 0,000025
шаг 1,791759 0,000850
однозначно 5,010635 0,002376
дело 1,249435 0,000592
житель 2,612740 0,001239
рассмотреть 0,013423 0,000006
расположить 0,013423 0,000013
быстро 2,177422 0,001032
внесение 4,317488 0,002047
создавать 2,371578 0,001125
социальный 1,678431 0,000796
фз 3,064725 0,005813
данный 2,014903 0,000955
подписание 3,912023 0,001855
ситуация 1,643339 0,002338
проблема 0,013423 0,000013
подкаст 0,292136 0,000139
главный 0,013423 0,000006
данные 0,013423 0,000064
иной 2,238047 0,001061
также 1,139434 0,002161
появиться 2,120264 0,001005
одобрить 3,624341 0,001719
одноимённый 3,912023 0,001855
сниматься 5,010635 0,002376
фотография 0,013423 0,000006
легко 1,791759 0,001699
продержать 5,010635 0,002376
соглашаться 0,013423 0,000006
россиянин 1,576648 0,003738
сначала 0,013423 0,000006
правовой 3,218876 0,004579
начать 1,966113 0,000932
устанавливаться 3,218876 0,001526
задумка 5,010635 0,002376
инна 5,010635 0,004752
однако 1,966113 0,004661
удалить 0,013423 0,000025
субъект 3,064725 0,001453
система 1,919593 0,000910
размещение 0,013423 0,000006
сколько 0,006689 0,000003
изменить 2,931194 0,001390
отказ 2,302585 0,001092
артём 3,401197 0,001613
действенный 5,010635 0,002376
пыхтина 5,010635 0,004752
поддержка 2,445686 0,001160
один 1,098612 0,002084
дисциплина 3,624341 0,001719
посетить 3,218876 0,004579
пример 2,813411 0,001334
заявка 2,708050 0,002568
контролировать 3,064725 0,004359
часть 1,373049 0,001302
кредитинфо 5,010635 0,002376
сторона 1,609438 0,000763
некоторый 2,014903 0,000955
яковлев 5,010635 0,004752
архив 0,190354 0,000090
частый 2,445686 0,001160
дарья 3,912023 0,003710
специально 3,624341 0,001719
описание 0,013423 0,000006
метод 2,931194 0,001390
процесс 0,013423 0,000019
отказать 3,218876 0,009158
способный 3,064725 0,001453
опасаться 3,912023 0,001855
говорить 1,714798 0,003252
селиверстов 3,218876 0,003053
удостоверять 3,401197 0,001613
налог 3,401197 0,001613
номер 2,708050 0,001284
трудно 4,317488 0,002047
госключ 5,010635 0,007128
становиться 2,177422 0,002065
оформление 2,813411 0,012006
автокредит 5,010635 0,002376
меняться 3,218876 0,001526
влиять 2,445686 0,005798
необдуманный 5,010635 0,002376
госуслугнеобходить 5,010635 0,002376
поставить 2,014903 0,000955
мошеннический 5,010635 0,002376
центробанк 4,317488 0,002047
банкротство 3,064725 0,001453
получать 2,238047 0,002122
зона 2,371578 0,001125
кэшмотор 5,010635 0,002376
перейти 0,013423 0,000076
портал 2,931194 0,006949
алёна 3,624341 0,001719
нужно 1,455287 0,000690
никуда 3,624341 0,001719
закрепить 3,624341 0,001719
григорий 3,624341 0,006874
штраф 3,064725 0,001453
оглавление 1,791759 0,000850
антифродовой 5,010635 0,002376
обойти 4,317488 0,002047
спецпроект 0,190354 0,000090
закон 2,445686 0,008117
слово 1,514128 0,002154
предусмотреть 2,813411 0,001334
петров 3,401197 0,003225
унэп 5,010635 0,007128
взять 1,832581 0,005214
стоить 1,678431 0,000796
средний 1,832581 0,000869
улица 2,612740 0,002478
далеко 4,317488 0,004094
относиться 2,371578 0,001125
допустить 3,401197 0,001613
эл 0,013423 0,000006
дзен 0,851752 0,000404
точно 2,612740 0,001239
участиться 5,010635 0,002376
охлаждение 3,401197 0,003225
заёмщик 3,912023 0,009275
почему 0,013423 0,000006
директор 2,612740 0,003717
хороший 1,059392 0,000502
всезаймыонлайн 5,010635 0,002376
окно 5,010635 0,002376
микрофинансовый 5,010635 0,007128
значит 2,612740 0,001239
вконтакте 0,013423 0,000013
учесть 5,010635 0,002376
самоконтроль 5,010635 0,002376
логин 0,013423 0,000006
конфиденциальность 0,013423 0,000025
нарушение 0,013423 0,000019
навсегда 0,013423 0,000006
оберегать 5,010635 0,002376
договорный 3,912023 0,001855
привязать 3,624341 0,001719
общий 2,014903 0,000955
назад 0,013423 0,000032
список 0,013423 0,000006
кабинет 2,813411 0,002668
норма 2,525729 0,001198
ям 5,010635 0,002376
зубовский 0,013423 0,000013
юрист 2,371578 0,003374
никто 2,445686 0,001160
заполнить 0,013423 0,000051
клиент 3,218876 0,003053
именно 2,066196 0,000980
против 1,966113 0,000932
общество 0,257045 0,000488
азартный 5,010635 0,002376
быков 5,010635 0,002376
импульсивный 5,010635 0,007128
самоограничение 5,010635 0,002376
последствиять 5,010635 0,002376
возникнуть 2,931194 0,002780
основание 0,013423 0,000006
издание 0,013423 0,000006
бульвар 0,013423 0,000013
фиксироваться 5,010635 0,002376
сетевой 0,013423 0,000006
потребоваться 2,525729 0,004790
позволять 2,238047 0,002122
зафиксировать 3,912023 0,001855
подписывать 5,010635 0,002376
вновь 0,013423 0,000006
сменить 0,013423 0,000006
участвовать 0,013423 0,000013
сообщить 0,013423 0,000006
быть 0,013423 0,000032
скриншот 0,013423 0,000019
истечь 0,013423 0,000006
отмечать 1,399717 0,001327
паспортный 4,317488 0,004094
электронный 0,013423 0,000038
отделение 2,612740 0,003717
установить 2,302585 0,008734
спорт 0,190354 0,000090
кредит 2,302585 0,069875
попадать 3,912023 0,001855
этот 1,514128 0,002154
рассчитываться 3,624341 0,001719
снятие 3,401197 0,014514
друг 2,612740 0,003717
отметить 2,014903 0,001911
сохранить 0,013423 0,000006
основной 2,371578 0,001125
поправка 4,317488 0,002047
известный 2,066196 0,000980
обязанность 3,218876 0,001526
россельхозбанк 5,010635 0,002376
взаимодействие 0,013423 0,000013
трудность 4,317488 0,002047
согласный 0,013423 0,000019
перетянуть 0,013423 0,000006
позволить 2,708050 0,001284
усиленный 2,931194 0,002780
использоваться 0,006689 0,000003
ипотекива 5,010635 0,002376
важно 2,120264 0,001005
фио 0,013423 0,000006
пожалуйста 0,013423 0,000006
паспорт 2,525729 0,001198
цель 1,966113 0,001864
необходимо 1,791759 0,001699
версия 0,013423 0,000006
ниже 0,013423 0,000019
спустя 2,813411 0,001334
тег 0,190354 0,000090
зарегистрировать 0,013423 0,000006
отображаться 3,912023 0,001855
популярный 1,752539 0,000831
бедняк 3,912023 0,003710
назвать 1,347074 0,000639
росдорбанк 4,317488 0,002047
поле 0,013423 0,000051
неоправданный 5,010635 0,002376
связать 2,445686 0,001160
перетащить 0,013423 0,000019
туризм 0,283247 0,000134
финансово 5,010635 0,002376
адрес 0,013423 0,000032
компьютер 3,064725 0,001453
соответствие 0,013423 0,000013
сертификат 3,912023 0,005565
работа 1,427116 0,000677
запрет 3,218876 0,042735
втихаря 5,010635 0,002376
долг 2,445686 0,004639
оставаться 2,238047 0,001061
трата 4,317488 0,002047
загрузить 0,013423 0,000013
направление 0,013423 0,000006
кандидат 3,218876 0,001526
телефон 0,013423 0,000013
редакция 0,013423 0,000019
запретить 2,708050 0,001284
период 1,118815 0,001061
должный 0,013423 0,000025
инфографикачтый 5,010635 0,002376
параметр 3,401197 0,001613
автор 0,013423 0,000006
старый 0,013423 0,000006
сообщение 0,013423 0,000089
мария 2,813411 0,002668
происшествие 0,292136 0,000139
внести 2,612740 0,002478
подтвердить 0,013423 0,000013
оба 2,612740 0,001239
рассмотрение 4,317488 0,006142
страховой 3,401197 0,001613
преследовать 3,624341 0,001719
блогер 3,218876 0,001526
снять 2,371578 0,004498
эксперт 1,373049 0,005859
бизнес 2,708050 0,001284
тип 3,064725 0,002906
ограничиваться 2,813411 0,001334
протестировать 5,010635 0,002376
брать 2,445686 0,002319
включая 2,525729 0,001198
культура 0,292136 0,000139
залог 3,912023 0,001855
накопление 3,912023 0,001855
статья 0,013423 0,000006
ограничение 2,813411 0,004002
бюро 3,624341 0,008593
часовой 5,010635 0,002376
ответить 2,238047 0,001061
редактор 0,013423 0,000006
потребитель 3,401197 0,001613
фгуп 0,499776 0,001185
многие 2,525729 0,001198
получить 0,985284 0,000934
контакт 0,013423 0,000006
направить 2,371578 0,001125
исключительно 2,708050 0,001284
покупка 2,931194 0,002780
государственный 0,013423 0,000032
оказывать 3,401197 0,001613
теоретически 3,624341 0,001719
злоумышленник 5,010635 0,002376
сделать 1,226446 0,000582
связанный 0,013423 0,000013
риа 0,006689 0,000063
закрытый 0,013423 0,000006
обращать 0,013423 0,000006
право 2,066196 0,002939
неквалифицированный 5,010635 0,002376
затронуть 4,317488 0,002047
год 0,006689 0,000029
защитить 2,445686 0,001160
бки 5,010635 0,011879
опомниться 5,010635 0,002376
международный 0,013423 0,000019
андрей 2,302585 0,002184
учитываться 3,624341 0,001719
приветствовать 4,317488 0,002047
поэтому 2,014903 0,001911
прочее 5,010635 0,002376
вносить 3,218876 0,001526
уведомление 3,064725 0,001453
антон 3,624341 0,001719
агентство 0,013423 0,000025
предлагаться 3,912023 0,001855
заёмный 4,317488 0,004094
медиабанкобслуживание 5,010635 0,002376
рамка 2,708050 0,001284
корпоративный 5,010635 0,002376
универсальный 4,317488 0,002047
текущий 3,218876 0,001526
роско 5,010635 0,002376
сегодня 0,013423 0,000064
шаблон 5,010635 0,002376
просить 0,013423 0,000006
инструмент 3,218876 0,006105
сразу 1,832581 0,000869
создать 1,875141 0,001778
такой 1,098612 0,006251
плюс 3,218876 0,012210
вместе 2,302585 0,001092
долгов 5,010635 0,002376
рассказывать 2,014903 0,000955
шапка 0,013423 0,000006
отправить 0,013423 0,000095
запрос 2,813411 0,008004
продолжить 0,006689 0,000003
решение 0,006689 0,000016
ознакомить 0,013423 0,000006
генеральный 3,401197 0,003225
март 1,514128 0,004308
благодаря 2,302585 0,001092
проставлять 0,013423 0,000006
аккаунт 0,013423 0,000032
экономика 0,292136 0,000139
заработать 3,624341 0,001719
состав 2,120264 0,001005
тот 1,576648 0,002243
обсуждение 0,013423 0,000013
несчастный 4,317488 0,002047
мара 2,931194 0,001390
организация 2,066196 0,004899
гражданин 2,066196 0,007838
госдума 2,708050 0,002568
поздний 3,218876 0,004579
почта 0,013423 0,000045
блокировка 0,013423 0,000025
история 1,139434 0,009725
три 2,120264 0,001005
фамилия 0,013423 0,000006
евгений 2,238047 0,001061
обрабатывать 3,624341 0,003437
довольно 3,401197 0,001613
яндекс 0,013423 0,000013
либо 0,013423 0,000013
остыть 2,525729 0,001198
нажимать 0,013423 0,000006
рассрочка 4,317488 0,002047
предлагать 2,445686 0,001160
поиск 0,013423 0,000006
запланировать 3,624341 0,001719
избегать 4,317488 0,002047
установление 3,218876 0,001526
инициатива 3,218876 0,001526
объявление 3,624341 0,001719
помогать 2,445686 0,001160
отсутствовать 3,218876 0,003053
стоимость 2,525729 0,001198
принять 1,791759 0,001699
немой 2,612740 0,001239
присутствие 3,218876 0,001526
риск 2,813411 0,004002
способ 0,013423 0,000045
поспешный 5,010635 0,002376
продукт 0,135438 0,000193
второй 1,427116 0,001353
семейный 2,525729 0,001198
клик 4,317488 0,002047
подача 2,120264 0,001005
россияобществокредит 5,010635 0,002376
определённый 2,813411 0,005336
ален 4,317488 0,002047
новый 0,006689 0,000022
корректно 5,010635 0,002376
частичный 3,912023 0,003710
ввод 3,912023 0,001855
советник 3,401197 0,001613
происходить 2,177422 0,001032
выйти 2,371578 0,001125
усложнять 5,010635 0,002376
население 2,813411 0,001334
петербург 2,302585 0,001092
менее 2,177422 0,001032
касаться 2,371578 0,002249
доступ 0,013423 0,000025
миа 0,013423 0,000045
автоматически 2,931194 0,001390
полный 1,678431 0,001592
задать 0,013423 0,000006
оградить 5,010635 0,004752
предложить 2,066196 0,001959
александр 1,373049 0,001302
помощь 1,321756 0,000627
ссуда 5,010635 0,004752
г 0,013423 0,000013
политика 0,013423 0,000032
учётный 3,218876 0,001526
подходить 2,445686 0,001160
о 0,013423 0,000006
санкт 2,525729 0,001198
средство 2,120264 0,003016
ф 5,010635 0,002376
течение 0,013423 0,000006
скачать 5,010635 0,002376
дополнительный 2,066196 0,000980
потенциальный 3,912023 0,001855
сила 1,455287 0,002760
мир 0,223144 0,000106
обеспечить 2,120264 0,001005
конкретный 3,218876 0,001526
боднары 5,010635 0,002376
абсолютно 3,624341 0,001719
практика 2,612740 0,003717
время 0,013423 0,000032
кнопка 0,013423 0,000013
возвращать 4,317488 0,002047
забыть 3,218876 0,001526
разрыв 4,317488 0,002047
ранее 0,013423 0,000006
составлять 2,238047 0,001061
госуслуга 2,708050 0,023113
методика 5,010635 0,002376
получение 2,302585 0,003275
подать 2,238047 0,006367
город 0,013423 0,000006
разблокировать 0,013423 0,000019
подпись 4,317488 0,012283
реестр 4,317488 0,002047
реализовать 3,064725 0,001453
мошенничество 3,912023 0,007420
следовать 2,014903 0,002866
вица 4,317488 0,002047
час 0,013423 0,000013
вправе 3,218876 0,001526
чат 0,013423 0,000013
удобно 3,401197 0,001613
тройка 3,401197 0,001613
новостеймолния 0,013423 0,000006
написать 0,013423 0,000006
аккредитовать 5,010635 0,002376
млн 3,401197 0,001613
показать 0,013423 0,000006
отсутствие 2,014903 0,000955
пароль 0,013423 0,000070
хотя 2,371578 0,001125
вступить 3,401197 0,001613
порядок 1,832581 0,001738
устанавливать 3,912023 0,001855
оформить 3,064725 0,036329
ирина 2,931194 0,002780
вход 0,013423 0,000013
читать 0,791128 0,000375
описать 0,013423 0,000006
равно 3,401197 0,001613
цифровой 2,445686 0,001160
лайм 4,317488 0,002047
сельский 3,218876 0,001526
мера 1,875141 0,000889
подтверждать 0,013423 0,000006
гаврилов 0,013423 0,000006
самозапрет 4,317488 0,155585
учредитель 0,013423 0,000006
лишь 2,371578 0,003374
подсказка 5,010635 0,002376
добровольный 5,010635 0,002376
медиабанкобъявление 5,010635 0,002376
московский 1,678431 0,000796
ссылка 0,013423 0,000025
невозможность 5,010635 0,002376
коммуникация 0,013423 0,000013
выпустить 3,912023 0,001855
мой 0,013423 0,000032
обезопасить 4,317488 0,002047
момент 2,014903 0,002866
помочь 0,013423 0,000013
помимо 2,708050 0,001284
осознать 3,912023 0,001855
минимизировать 3,912023 0,001855
медиабанксамозапрет 5,010635 0,004752
роскомнадзор 0,013423 0,000006
технология 0,013423 0,000013
подобный 3,624341 0,001719
кредитор 3,912023 0,007420
москва 0,006689 0,000019
воспользоваться 0,013423 0,000025
предоставлять 2,813411 0,001334
предоставление 2,931194 0,001390
предупреждение 3,912023 0,001855
особенно 2,612740 0,001239
деньга 2,066196 0,000980
лицо 1,714798 0,001626
павел 2,238047 0,002122
далее 0,013423 0,000019
зато 3,912023 0,001855
выдача 3,064725 0,013078
документ 2,371578 0,001125
исключить 3,064725 0,001453
хотеть 0,006689 0,000006
открывать 0,013423 0,000013
эффективность 5,010635 0,002376
стать 0,851752 0,000808
достаточно 2,445686 0,002319
работать 1,966113 0,002797
возможно 2,708050 0,001284
установленный 2,931194 0,001390
обращение 0,013423 0,000025
провести 1,919593 0,000910
операция 1,752539 0,000831
это 0,013423 0,000070
обработка 0,013423 0,000038
массовый 0,013423 0,000006
два 1,514128 0,000718
прямой 3,218876 0,001526
ограничить 2,525729 0,002395
новость 0,006689 0,000070
вполне 3,624341 0,001719
стабильность 4,317488 0,002047
законодательство 2,813411 0,001334
сентябрь 1,427116 0,001353
доступный 2,302585 0,002184
зарегистрироваться 0,013423 0,000032
законодательный 3,912023 0,003710
пожаловаться 0,006689 0,000003
квалифицировать 4,317488 0,002047
войти 0,006689 0,000013
управлять 3,401197 0,001613
возраст 2,177422 0,001032
радио 0,274437 0,000130
защита 0,013423 0,000051
считать 2,014903 0,001911
политик 3,401197 0,001613
регистрация 0,013423 0,000032
минимум 2,371578 0,001125
восстановление 0,013423 0,000025
мфк 5,010635 0,004752
мфо 5,010635 0,014255
инженерия 5,010635 0,002376
играть 4,317488 0,002047
разместить 3,218876 0,001526
мфц 3,218876 0,018315
многофункциональный 3,912023 0,001855
действие 0,013423 0,000025
ведомо 5,010635 0,002376
релиз 0,013423 0,000006
первый 0,883501 0,001257
обязательный 0,013423 0,000045
ошибка 0,013423 0,000025
февраль 0,567984 0,000269
вопрос 0,006689 0,000032
отметка 3,912023 0,001855
деятельность 2,612740 0,001239
игра 1,609438 0,000763
поскольку 2,612740 0,001239
компания 1,919593 0,002731
закредитованность 5,010635 0,002376
установка 3,401197 0,006451
скоринг 5,010635 0,002376
кредитный 3,624341 0,042963
ваш 0,013423 0,000102
имя 0,013423 0,000070
ответ 1,791759 0,002549
старший 2,612740 0,001239
мнение 2,238047 0,003184
преступник 5,010635 0,002376
ставить 3,218876 0,001526
срок 0,013423 0,000038
личность 2,931194 0,001390
дальнейший 2,813411 0,001334
слабо 5,010635 0,002376
использование 0,013423 0,000019
беззалоговый 5,010635 0,002376
неделя 1,181994 0,000560
материал 0,013423 0,000057
минус 4,317488 0,016377
успешно 0,013423 0,000006
лента 0,006689 0,000006
сфера 0,013423 0,000013
суть 3,624341 0,001719
проверка 2,708050 0,002568
сгоряча 5,010635 0,002376
мочь 1,399717 0,006637
месяц 1,003302 0,000951
буквально 3,064725 0,001453
сам 1,875141 0,001778
свидетельство 0,013423 0,000006
альянс 4,317488 0,002047
комментирование 0,013423 0,000013
запись 2,931194 0,002780
приложение 3,064725 0,002906
блокироваться 0,013423 0,000006
проверять 4,317488 0,004094
включаться 5,010635 0,002376
правило 0,013423 0,000045
министерство 1,966113 0,000932
жительство 3,401197 0,001613
применение 0,013423 0,000006
отнести 4,317488 0,002047
дать 0,013423 0,000032
призвать 2,525729 0,001198
пресс 0,013423 0,000013
персональный 0,013423 0,000051
действовать 2,445686 0,003479
возможный 1,576648 0,001495
минимальный 2,708050 0,001284
смочь 0,006689 0,000019
микрозаём 5,010635 0,002376
готовый 0,006689 0,000006
известно 2,931194 0,001390
подгружаться 5,010635 0,002376
чужой 3,624341 0,001719
дата 0,006689 0,000006
снижение 3,624341 0,001719
инфографик 2,177422 0,001032
поэтапный 5,010635 0,002376
очередь 2,120264 0,001005
одноклассник 0,013423 0,000013
недопустимый 0,013423 0,000006
вы 0,013423 0,000006
восстановить 0,013423 0,000006
партнёр 2,302585 0,001092
загипнотизировать 5,010635 0,002376
исчезнуть 3,912023 0,001855
специалист 2,371578 0,001125
просто 1,714798 0,000813
гк 4,317488 0,004094
россия 0,006689 0,000054
простой 1,272966 0,000604
сысоев 3,624341 0,006874
грамотный 5,010635 0,002376
экстренный 4,317488 0,002047
свой 0,867501 0,002879
софья 5,010635 0,004752
образовательный 3,624341 0,003437
получиться 2,177422 0,001032
необходимость 2,177422 0,001032
услуга 2,445686 0,004639
предупреждать 3,401197 0,001613
сайт 0,013423 0,000019
слегка 2,708050 0,001284
полезный 0,143101 0,000204
галочка 0,013423 0,000006
заблокировать 0,013423 0,000013
поддерживаетсяполучить 0,013423 0,000006
другой 0,013423 0,000019
унитарный 0,013423 0,000019
прийти 2,445686 0,001160
пао 3,912023 0,001855
давать 0,013423 0,000019
отправка 0,013423 0,000013
объяснять 2,813411 0,006670
выдать 3,064725 0,002906
вступать 3,912023 0,001855
ипотека 3,624341 0,012030
темебанкротство 4,317488 0,002047
контроль 2,371578 0,001125
причина 2,066196 0,002939
её 3,064725 0,001453
мошенник 3,624341 0,013748
вид 1,399717 0,000664
кондратюк 3,912023 0,003710
затруднить 5,010635 0,002376
строго 3,624341 0,001719
путь 2,120264 0,001005
обновить 0,985284 0,000467
авторизация 0,013423 0,000006
религия 0,283247 0,000134
рейтинг 0,006689 0,000010
форма 0,013423 0,000076
нажать 4,317488 0,002047
оперативный 3,064725 0,001453
дом 1,514128 0,000718
однозначный 4,317488 0,002047
левый 3,912023 0,001855
поддержать 3,912023 0,001855
любой 1,576648 0,004485
временной 3,064725 0,001453
недвижимость 0,292136 0,000139
казаться 3,401197 0,001613
напоминать 3,064725 0,001453
календарный 3,624341 0,003437
подозревать 3,624341 0,001719
тема 0,013423 0,000019
объяснить 2,612740 0,001239
сервис 0,174353 0,000331
дискуссия 0,013423 0,000013
около 2,177422 0,001032
служба 0,006689 0,000003
заметить 0,013423 0,000006
рекомендательный 0,013423 0,000006
дегтярёв 3,912023 0,003710
актуальный 3,401197 0,001613
экран 3,624341 0,001719
медиабанк 1,321756 0,003134
заявитель 3,912023 0,001855
обратиться 2,302585 0,002184
спасти 2,238047 0,001061
медиабанкработа 3,401197 0,001613
продуктомриелтор 5,010635 0,002376
добровольно 4,317488 0,002047
безопасность 1,919593 0,000910
который 0,603916 0,003436
убрать 2,302585 0,001092
наталья 2,525729 0,002395
например 1,714798 0,000813
следующий 1,427116 0,001353
потребительский 3,624341 0,003437
заём 3,624341 0,034370
авторизоваться 0,013423 0,000019
потребкредить 5,010635 0,002376
промежуток 5,010635 0,002376
выбрать 0,013423 0,000045
частный 2,525729 0,001198
рассказать 0,933098 0,000442
президент 1,643339 0,000779
случай 1,643339 0,007792
правильный 3,218876 0,001526
новыесначала 0,013423 0,000006
нужный 1,643339 0,002338
создание 2,302585 0,001092
несколько 1,544899 0,000733
предоставить 2,066196 0,000980
место 1,272966 0,001207
примерно 2,177422 0,001032
транспортный 3,218876 0,001526
кредитование 5,010635 0,011879
никакой 2,708050 0,001284
лежать 4,317488 0,002047
вакансия 0,013423 0,000006
мы 0,013423 0,000045
участие 0,006689 0,000003
отчёт 3,912023 0,001855
использовать 0,013423 0,000032
выбор 2,066196 0,000980
опечатка 0,013423 0,000006
самостоятельно 2,708050 0,001284
каждый 1,399717 0,001327
безусловно 4,317488 0,002047
онлайн 0,013423 0,000006
осуществляться 0,013423 0,000006
раздел 2,525729 0,001198
обеспечение 2,612740 0,001239
апрель 0,013423 0,000006
основатель 3,912023 0,001855
независимо 3,624341 0,001719
начинать 2,445686 0,001160
подписать 2,612740 0,001239
уровень 2,014903 0,000955
финансовый 1,714798 0,006505
механизм 3,624341 0,003437
влияние 3,064725 0,001453
федеральный 0,013423 0,000038
формат 2,120264 0,001005
обязать 2,813411 0,001334
развитие 2,066196 0,000980
открыться 2,708050 0,001284
регулироваться 3,401197 0,001613
невозможно 2,525729 0,002395
понимать 2,708050 0,001284
совершенствование 5,010635 0,002376
низкомаржинальный 5,010635 0,002376
попробовать 0,013423 0,000006
заполнение 0,013423 0,000045
вернуть 2,120264 0,001005
внимание 0,013423 0,000006
принимать 0,013423 0,000006
сведение 2,931194 0,004170
возможность 1,752539 0,004986
взгляд 2,931194 0,001390
предотвращение 3,912023 0,001855
выпуск 0,013423 0,000006
информация 2,066196 0,004899
склонный 4,317488 0,002047
невозможный 4,317488 0,002047
надзор 0,013423 0,000006
ввести 2,931194 0,001390
всё 3,912023 0,003710
миллион 2,445686 0,001160
предприятие 0,013423 0,000019
наука 0,283247 0,000269
наличие 3,064725 0,001453
обратный 0,013423 0,000045
федотов 5,010635 0,004752
произойти 0,013423 0,000013
проверить 2,302585 0,001092
принятие 3,064725 0,001453
