рф 1,181994 0,003604
специальный 1,514128 0,001154
законный 0,013423 0,000010
подзакончиться 5,010635 0,003819
новый 0,006689 0,000010
день 0,591795 0,001353
оборона 2,066196 0,004725
разведка 3,401197 0,007777
казак 4,317488 0,006582
найти 0,013423 0,000020
академия 2,931194 0,002234
служить 3,401197 0,002592
письмо 0,013423 0,000020
спасибо 0,013423 0,000010
расширить 0,006689 0,000005
подопечный 5,010635 0,003819
поразить 3,624341 0,005525
сбоку 5,010635 0,003819
согласие 0,013423 0,000020
центр 0,166448 0,000127
удар 2,120264 0,001616
важный 1,297063 0,001977
бронеавтомобиль 5,010635 0,003819
доступ 0,013423 0,000020
миа 0,013423 0,000020
народный 2,177422 0,001660
республикаминистерство 4,317488 0,003291
задать 0,013423 0,000010
патрон 5,010635 0,007638
поменяться 5,010635 0,003819
связаться 0,013423 0,000061
человек 1,118815 0,000853
б 4,317488 0,013163
г 0,013423 0,000020
немного 2,177422 0,001660
реклама 0,013423 0,000020
фото 0,013423 0,000041
пункт 2,238047 0,005117
политика 0,013423 0,000051
й 2,014903 0,001536
двоить 5,010635 0,003819
связь 0,006689 0,000041
показывать 3,218876 0,002453
о 0,013423 0,000010
продолжаться 3,401197 0,002592
средство 2,120264 0,001616
лечь 5,010635 0,003819
течение 0,013423 0,000010
пресекаться 5,010635 0,003819
горизонталь 5,010635 0,003819
сила 1,455287 0,002218
мир 0,223144 0,000170
весь 1,021651 0,000779
пройти 0,006689 0,000005
заголовок 0,013423 0,000020
информационный 0,013423 0,000041
заряжать 5,010635 0,003819
окончательно 2,813411 0,002144
усовершенствовать 5,010635 0,003819
рассмотреть 0,013423 0,000010
расположить 0,013423 0,000020
боец 3,401197 0,015554
ангара 5,010635 0,038191
быстро 2,177422 0,001660
время 0,013423 0,000020
кнопка 0,013423 0,000010
буксировать 5,010635 0,003819
засечь 5,010635 0,003819
запредельный 5,010635 0,003819
недавно 3,624341 0,002762
данный 2,014903 0,003071
мощный 2,525729 0,001925
сильный 1,919593 0,001463
ранее 0,013423 0,000010
проблема 0,013423 0,000051
главный 0,013423 0,000031
подкаст 0,292136 0,000223
данные 0,013423 0,000082
прицеливание 5,010635 0,003819
также 1,139434 0,001737
фронт 3,064725 0,002336
отрезать 3,624341 0,002762
замедлить 4,317488 0,003291
пикап 5,010635 0,003819
город 0,013423 0,000031
разблокировать 0,013423 0,000031
обсуждать 3,912023 0,002982
снизиться 3,624341 0,002762
фотография 0,013423 0,000010
час 0,013423 0,000031
подобраться 5,010635 0,003819
чат 0,013423 0,000020
подсвечивать 5,010635 0,003819
метр 3,401197 0,002592
отец 2,931194 0,002234
новостеймолния 0,013423 0,000010
написать 0,013423 0,000010
взрыватель 5,010635 0,003819
соглашаться 0,013423 0,000010
сначала 0,013423 0,000010
находиться 2,177422 0,001660
рэровца 5,010635 0,003819
требовать 2,120264 0,001616
однажды 5,010635 0,003819
показать 0,013423 0,000020
малое 3,912023 0,002982
впоследствии 3,912023 0,002982
пароль 0,013423 0,000113
задача 2,177422 0,004979
требоваться 2,708050 0,002064
вооружённый 2,014903 0,003071
редкий 3,064725 0,002336
ангар 5,010635 0,007638
однако 1,966113 0,001499
удалить 0,013423 0,000041
порядок 1,832581 0,001397
серьёзный 2,525729 0,001925
предназначить 2,813411 0,002144
вход 0,013423 0,000020
приближаться 5,010635 0,003819
описать 0,013423 0,000010
минобороны 2,525729 0,001925
размещение 0,013423 0,000010
сколько 0,006689 0,000005
ружьё 5,010635 0,003819
запомниться 5,010635 0,003819
жаловаться 4,317488 0,003291
открываться 3,912023 0,002982
загружать 5,010635 0,003819
один 1,098612 0,000837
дежурить 3,912023 0,002982
видео 1,832581 0,002794
прошить 5,010635 0,003819
подтверждать 0,013423 0,000010
кожух 5,010635 0,003819
гаврилов 0,013423 0,000010
приоритет 4,317488 0,003291
учредитель 0,013423 0,000010
напильник 5,010635 0,003819
автотранспорт 5,010635 0,003819
последний 0,899761 0,000686
ссылка 0,013423 0,000041
сторона 1,609438 0,001227
коммуникация 0,013423 0,000010
минута 1,226446 0,001870
активность 3,218876 0,002453
срочный 4,317488 0,003291
мой 0,013423 0,000051
мол 5,010635 0,003819
момент 2,014903 0,001536
улыбаться 5,010635 0,003819
лето 2,931194 0,002234
архив 0,190354 0,000145
помочь 0,013423 0,000010
пристрелочный 5,010635 0,003819
курс 3,401197 0,002592
специально 3,624341 0,002762
сгореть 5,010635 0,003819
описание 0,013423 0,000010
процесс 0,013423 0,000010
пояснять 2,371578 0,001808
говорить 1,714798 0,003921
поблизости 4,317488 0,003291
роскомнадзор 0,013423 0,000010
технология 0,013423 0,000020
боеприпас 4,317488 0,019745
батарея 4,317488 0,003291
уйти 3,218876 0,004907
лнр 4,317488 0,003291
артиллерист 3,064725 0,021023
разобрать 4,317488 0,003291
подряд 3,401197 0,002592
москва 0,006689 0,000010
артёмовск 5,010635 0,003819
атака 2,931194 0,002234
воспользоваться 0,013423 0,000041
осколок 4,317488 0,003291
краснополоть 5,010635 0,003819
разработчик 5,010635 0,003819
добавлять 1,919593 0,002926
влиять 2,445686 0,001864
склад 3,401197 0,005185
павел 2,238047 0,003412
штука 3,624341 0,002762
далее 0,013423 0,000031
уничтожаться 5,010635 0,003819
бывать 3,218876 0,004907
секунда 3,218876 0,002453
расчёт 2,708050 0,020641
хотеть 0,006689 0,000005
открывать 0,013423 0,000031
зона 2,371578 0,007230
потратить 3,624341 0,002762
перейти 0,013423 0,000061
угроза 2,238047 0,003412
достаточно 2,445686 0,003728
интерес 2,525729 0,001925
работать 1,966113 0,004496
лазерный 5,010635 0,003819
траектория 3,624341 0,002762
бпнуть 3,401197 0,015554
навести 5,010635 0,003819
отбить 3,912023 0,002982
обращение 0,013423 0,000031
группа 2,302585 0,001755
огонь 1,966113 0,007493
позывной 4,317488 0,013163
подразделение 2,813411 0,004289
гусеница 5,010635 0,003819
операция 1,752539 0,001336
обойти 4,317488 0,003291
это 0,013423 0,000041
спецпроект 0,190354 0,000145
массовый 0,013423 0,000010
обработка 0,013423 0,000051
поддерживать 2,371578 0,003615
пульт 5,010635 0,007638
слово 1,514128 0,001154
два 1,514128 0,002308
снарядный 5,010635 0,003819
удобство 3,218876 0,002453
процент 2,612740 0,003983
контрбатарейный 5,010635 0,003819
новость 0,006689 0,000097
рядом 3,912023 0,002982
взять 1,832581 0,001397
остальной 2,177422 0,001660
жизнь 1,714798 0,001307
менять 2,525729 0,001925
уничтожить 2,708050 0,008256
целеуказатель 5,010635 0,003819
боеготовый 5,010635 0,003819
зарегистрироваться 0,013423 0,000051
михайловский 5,010635 0,003819
пожаловаться 0,006689 0,000005
войти 0,006689 0,000020
димитров 5,010635 0,003819
держать 2,931194 0,002234
краснополь 5,010635 0,007638
отличие 3,624341 0,002762
гаубица 5,010635 0,015276
эл 0,013423 0,000010
отмахиваться 5,010635 0,003819
радио 0,274437 0,000209
точно 2,612740 0,001991
винт 5,010635 0,003819
защита 0,013423 0,000041
регистрация 0,013423 0,000051
почему 0,013423 0,000010
случаться 5,010635 0,003819
курахово 5,010635 0,003819
украинебезопасностьвооруженный 5,010635 0,003819
восстановление 0,013423 0,000041
наводчик 5,010635 0,011457
хороший 1,059392 0,000807
наносить 3,912023 0,002982
прятаться 5,010635 0,003819
юг 3,401197 0,002592
воевать 2,813411 0,002144
вконтакте 0,013423 0,000020
обычный 2,813411 0,004289
ждать 1,919593 0,001463
логин 0,013423 0,000010
укрытие 5,010635 0,003819
конфиденциальность 0,013423 0,000041
нарушение 0,013423 0,000031
навсегда 0,013423 0,000010
сдетонировать 5,010635 0,003819
курьёз 5,010635 0,003819
танк 3,912023 0,011927
действие 0,013423 0,000010
лисицын 3,218876 0,004907
релиз 0,013423 0,000010
офицер 3,401197 0,015554
назад 0,013423 0,000051
продолжать 2,371578 0,001808
ночь 2,708050 0,002064
первый 0,883501 0,002020
список 0,013423 0,000010
техника 2,708050 0,004128
рэр 5,010635 0,003819
пять 1,966113 0,001499
обязательный 0,013423 0,000072
рсзый 5,010635 0,003819
практически 2,445686 0,001864
ошибка 0,013423 0,000031
гладкоствольный 5,010635 0,003819
вопрос 0,006689 0,000025
выполнить 3,401197 0,002592
цинк 4,317488 0,003291
зубовский 0,013423 0,000020
никто 2,445686 0,001864
новация 5,010635 0,003819
поскольку 2,612740 0,001991
артиллерийский 5,010635 0,022914
заполнить 0,013423 0,000072
рэб 4,317488 0,003291
ваш 0,013423 0,000184
против 1,966113 0,001499
общество 0,257045 0,000196
имя 0,013423 0,000051
срок 0,013423 0,000020
перевести 3,624341 0,002762
угодить 4,317488 0,003291
основание 0,013423 0,000010
издание 0,013423 0,000010
бульвар 0,013423 0,000020
сетевой 0,013423 0,000010
навестись 5,010635 0,007638
попадание 5,010635 0,003819
группировка 3,912023 0,002982
использование 0,013423 0,000010
август 1,752539 0,001336
вновь 0,013423 0,000010
сменить 0,013423 0,000010
беспилотник 3,624341 0,002762
перекатить 5,010635 0,003819
материал 0,013423 0,000082
отладить 5,010635 0,003819
участвовать 0,013423 0,000020
сообщить 0,013423 0,000010
константиновка 4,317488 0,003291
ланцет 5,010635 0,003819
быть 0,013423 0,000010
успешно 0,013423 0,000010
краснополе 5,010635 0,007638
точка 2,813411 0,002144
скриншот 0,013423 0,000031
бригада 3,218876 0,004907
истечь 0,013423 0,000010
боевой 3,218876 0,004907
перемена 5,010635 0,003819
отмечать 1,399717 0,002134
огнев 5,010635 0,003819
лента 0,006689 0,000010
приготовить 1,643339 0,003758
архивный 1,347074 0,003080
экипаж 4,317488 0,003291
прозвище 5,010635 0,003819
выносливость 5,010635 0,003819
вести 3,218876 0,004907
ббм 5,010635 0,003819
разработка 3,401197 0,002592
снаряд 5,010635 0,022914
роль 3,401197 0,002592
бронебойный 5,010635 0,003819
сфера 0,013423 0,000010
электронный 0,013423 0,000010
спорт 0,190354 0,000145
таки 3,912023 0,002982
взвод 5,010635 0,022914
месяц 1,003302 0,000765
мочь 1,399717 0,001067
порох 5,010635 0,003819
автомат 4,317488 0,003291
свидетельство 0,013423 0,000010
борьба 3,218876 0,002453
обездвижить 5,010635 0,003819
четыре 2,302585 0,001755
прошлое 2,813411 0,002144
комментирование 0,013423 0,000020
бг 5,010635 0,003819
уверить 3,218876 0,002453
блокироваться 0,013423 0,000010
авдеевский 5,010635 0,003819
правило 0,013423 0,000051
сохранить 0,013423 0,000010
министерство 1,966113 0,002997
поправка 4,317488 0,003291
тяжёлый 2,525729 0,003850
удаться 2,708050 0,002064
применение 0,013423 0,000031
взаимодействие 0,013423 0,000031
фиксировать 3,624341 0,002762
основное 3,624341 0,002762
дать 0,013423 0,000041
настраивать 5,010635 0,003819
снайпер 4,317488 0,003291
пресс 0,013423 0,000020
согласный 0,013423 0,000031
персональный 0,013423 0,000082
действовать 2,445686 0,005592
возможный 1,576648 0,001202
перетянуть 0,013423 0,000010
станислав 3,624341 0,005525
камень 3,912023 0,002982
высчитываться 5,010635 0,003819
накрывать 4,317488 0,003291
смочь 0,006689 0,000005
использоваться 0,006689 0,000005
сжечь 5,010635 0,003819
третий 1,919593 0,001463
готовый 0,006689 0,000010
вс 3,218876 0,007360
многое 3,912023 0,002982
гексакоптер 5,010635 0,003819
дата 0,006689 0,000005
раз 3,064725 0,002336
одноклассник 0,013423 0,000020
недопустимый 0,013423 0,000010
багга 5,010635 0,003819
вы 0,013423 0,000010
предшественник 3,912023 0,002982
фио 0,013423 0,000010
восстановить 0,013423 0,000010
пожалуйста 0,013423 0,000010
сво 1,919593 0,008779
исход 5,010635 0,003819
цель 1,966113 0,010490
откуда 3,218876 0,002453
прятать 5,010635 0,003819
специалист 2,371578 0,003615
обойтись 3,064725 0,002336
насквозь 5,010635 0,003819
версия 0,013423 0,000010
ниже 0,013423 0,000031
узнать 2,014903 0,001536
россия 0,006689 0,000056
го 2,177422 0,003319
тег 0,190354 0,000145
дислокация 5,010635 0,003819
поражать 4,317488 0,003291
хватить 3,624341 0,002762
башня 4,317488 0,003291
зарегистрировать 0,013423 0,000010
получиться 2,177422 0,001660
сражение 5,010635 0,003819
непросто 5,010635 0,003819
предупреждать 3,401197 0,002592
поле 0,013423 0,000092
сайт 0,013423 0,000031
выполнение 2,612740 0,001991
связать 2,445686 0,001864
огневой 4,317488 0,003291
дальномер 5,010635 0,003819
полезный 0,143101 0,000109
галочка 0,013423 0,000010
заблокировать 0,013423 0,000020
перетащить 0,013423 0,000031
ударить 3,912023 0,005963
заводить 5,010635 0,003819
туризм 0,283247 0,000216
замерять 5,010635 0,003819
поддерживаетсяполучить 0,013423 0,000010
адрес 0,013423 0,000051
другой 0,013423 0,000072
сюда 3,624341 0,002762
соответствие 0,013423 0,000020
работа 1,427116 0,001088
унитарный 0,013423 0,000031
прийти 2,445686 0,001864
нармания 5,010635 0,038191
оставаться 2,238047 0,001706
давать 0,013423 0,000020
отправка 0,013423 0,000010
наводиться 5,010635 0,003819
загрузить 0,013423 0,000020
направление 0,013423 0,000031
телефон 0,013423 0,000010
редакция 0,013423 0,000031
налёт 4,317488 0,003291
иначе 2,931194 0,002234
ход 2,238047 0,001706
выманивать 5,010635 0,003819
должный 0,013423 0,000010
дрон 2,931194 0,004468
объяснять 2,813411 0,002144
дуэль 5,010635 0,003819
военнослужащий 3,401197 0,002592
причина 2,066196 0,001575
контроль 2,371578 0,003615
повредить 4,317488 0,003291
автор 0,013423 0,000010
старый 0,013423 0,000010
сообщение 0,013423 0,000143
выяснить 5,010635 0,003819
ураган 5,010635 0,003819
происшествие 0,292136 0,000223
орудие 5,010635 0,030553
сложить 3,401197 0,002592
подтвердить 0,013423 0,000010
миллиметровый 5,010635 0,011457
попасть 2,708050 0,002064
километр 3,401197 0,005185
зарекомендовать 5,010635 0,003819
ред 3,912023 0,005963
подчёркивать 2,813411 0,006433
обновить 0,985284 0,000751
война 2,238047 0,001706
мост 3,912023 0,002982
авторизация 0,013423 0,000010
религия 0,283247 0,000216
рейтинг 0,006689 0,000005
форма 0,013423 0,000123
медаль 2,445686 0,001864
культура 0,292136 0,000223
приняться 4,317488 0,003291
красильников 3,912023 0,005963
несмотря 2,708050 0,002064
статья 0,013423 0,000010
дивизион 5,010635 0,015276
позиция 2,708050 0,004128
любой 1,576648 0,001202
яга 5,010635 0,003819
сбивать 4,317488 0,006582
молчать 5,010635 0,003819
оператор 3,401197 0,007777
недвижимость 0,292136 0,000223
закрылок 5,010635 0,003819
наш 1,919593 0,001463
случайный 4,317488 0,003291
редактор 0,013423 0,000010
ранний 2,612740 0,001991
полтора 3,912023 0,002982
лобаев 5,010635 0,003819
контакт 0,013423 0,000020
план 1,678431 0,001279
храбрость 5,010635 0,003819
легковой 4,317488 0,003291
тема 0,013423 0,000031
сервис 0,174353 0,000133
государственный 0,013423 0,000031
фактор 3,624341 0,002762
подлетать 5,010635 0,003819
дискуссия 0,013423 0,000020
эпизод 4,317488 0,003291
спасть 4,317488 0,003291
сход 5,010635 0,003819
связанный 0,013423 0,000020
служба 0,006689 0,000005
риа 0,006689 0,000092
заметить 0,013423 0,000010
закрытый 0,013423 0,000010
обращать 0,013423 0,000020
рекомендательный 0,013423 0,000010
противник 3,064725 0,016351
козак 5,010635 0,003819
год 0,006689 0,000015
вражеский 4,317488 0,006582
медиабанк 1,321756 0,005037
машина 3,218876 0,002453
международный 0,013423 0,000031
управление 2,371578 0,003615
потеря 2,066196 0,001575
мариуполь 4,317488 0,003291
который 0,603916 0,000460
постоянный 3,401197 0,002592
красноармейск 5,010635 0,003819
убрать 2,302585 0,001755
поэтому 2,014903 0,003071
искусство 3,401197 0,002592
надёжность 4,317488 0,003291
расход 3,218876 0,002453
вносить 3,218876 0,002453
передовой 3,624341 0,002762
например 1,714798 0,002614
агентство 0,013423 0,000041
выстрел 5,010635 0,011457
прим 4,317488 0,006582
авторизоваться 0,013423 0,000020
уничтожать 3,218876 0,002453
константиновский 5,010635 0,003819
выбрать 0,013423 0,000031
рассказать 0,933098 0,000711
сегодня 0,013423 0,000051
управляемый 5,010635 0,003819
выпускник 4,317488 0,003291
просить 0,013423 0,000010
инструмент 3,218876 0,002453
сразу 1,832581 0,001397
температура 2,445686 0,001864
пехота 5,010635 0,003819
малый 2,612740 0,013940
рассказывать 2,014903 0,004607
отклониться 5,010635 0,003819
новыесначала 0,013423 0,000010
шеврон 5,010635 0,015276
передохнуть 5,010635 0,003819
проехать 5,010635 0,003819
давид 3,218876 0,026988
птичник 5,010635 0,003819
начало 1,643339 0,001253
место 1,272966 0,000970
примерно 2,177422 0,001660
шапка 0,013423 0,000010
отправить 0,013423 0,000143
продолжить 0,006689 0,000005
решение 0,006689 0,000005
ознакомить 0,013423 0,000010
украиныднрдонецкий 5,010635 0,003819
военный 1,514128 0,002308
вакансия 0,013423 0,000010
мста 5,010635 0,015276
мы 0,013423 0,000072
проставлять 0,013423 0,000010
крайне 3,218876 0,002453
чётко 3,624341 0,002762
участие 0,006689 0,000005
аккаунт 0,013423 0,000051
попытка 3,218876 0,002453
экономика 0,292136 0,000223
обсуждение 0,013423 0,000020
проезжать 5,010635 0,003819
опечатка 0,013423 0,000010
использовать 0,013423 0,000010
каждый 1,399717 0,003201
расти 3,624341 0,002762
онлайн 0,013423 0,000010
десять 2,445686 0,001864
меткость 5,010635 0,003819
пятнадцать 5,010635 0,003819
плечо 5,010635 0,003819
почта 0,013423 0,000072
блокировка 0,013423 0,000041
привычный 3,401197 0,002592
винтовка 5,010635 0,003819
осуществляться 0,013423 0,000010
медуза 5,010635 0,026734
заключать 3,912023 0,002982
апрель 0,013423 0,000010
фамилия 0,013423 0,000010
евгений 2,238047 0,001706
яндекс 0,013423 0,000020
бог 3,218876 0,002453
механизм 3,624341 0,002762
рлс 5,010635 0,003819
либо 0,013423 0,000010
понадобиться 2,813411 0,002144
федеральный 0,013423 0,000041
нажимать 0,013423 0,000010
уточнять 2,445686 0,003728
формат 2,120264 0,003232
командир 3,912023 0,011927
бой 2,445686 0,003728
гаубичный 5,010635 0,007638
механически 5,010635 0,003819
поиск 0,013423 0,000010
бият 4,317488 0,003291
всу 2,238047 0,011941
молодой 2,525729 0,001925
марьинка 5,010635 0,003819
радиоэлектронный 5,010635 0,003819
голод 3,912023 0,002982
радиоперехват 5,010635 0,003819
попробовать 0,013423 0,000010
заполнение 0,013423 0,000072
внимание 0,013423 0,000010
принимать 0,013423 0,000010
помогать 2,445686 0,001864
значительно 3,218876 0,002453
отвечать 2,931194 0,002234
взгляд 2,931194 0,002234
подпилить 5,010635 0,003819
выпуск 0,013423 0,000010
моноблочный 5,010635 0,003819
подготовить 2,120264 0,001616
точность 3,624341 0,008287
горгон 5,010635 0,003819
надзор 0,013423 0,000010
сообщать 3,218876 0,002453
видеть 2,931194 0,002234
упасть 3,624341 0,002762
предприятие 0,013423 0,000031
способ 0,013423 0,000020
наука 0,283247 0,000216
браузер 2,612740 0,003983
обратный 0,013423 0,000072
взаимодействовать 5,010635 0,003819
продукт 0,135438 0,000103
произойти 0,013423 0,000010
заранее 2,708050 0,002064
второй 1,427116 0,001088
нарманияшеврон 5,010635 0,003819
