состояться 2,708050 0,002478
специальный 1,514128 0,001385
компромисс 5,010635 0,004584
законный 0,013423 0,000012
новый 0,006689 0,000012
хутор 4,317488 0,003950
найти 0,013423 0,000012
письмо 0,013423 0,000025
спасибо 0,013423 0,000012
напрасно 5,010635 0,004584
расширить 0,006689 0,000006
население 2,813411 0,002574
демилитаризация 5,010635 0,004584
согласие 0,013423 0,000025
центр 0,166448 0,000305
анонсировать 3,218876 0,002945
удар 2,120264 0,007759
доступ 0,013423 0,000025
миа 0,013423 0,000061
задать 0,013423 0,000012
александр 1,373049 0,005025
помощь 1,321756 0,002419
связаться 0,013423 0,000074
переливание 5,010635 0,004584
жертва 2,813411 0,002574
сср 5,010635 0,004584
пусть 3,912023 0,003579
г 0,013423 0,000025
реклама 0,013423 0,000025
фото 0,013423 0,000012
политика 0,013423 0,000061
связь 0,006689 0,000049
добиться 2,302585 0,004213
обязательство 2,931194 0,002682
ниша 5,010635 0,004584
о 0,013423 0,000012
средство 2,120264 0,003880
течение 0,013423 0,000012
китай 1,714798 0,001569
сезон 2,445686 0,002238
родина 5,010635 0,004584
мир 0,223144 0,000817
обеспечить 2,120264 0,013579
запад 1,966113 0,001799
весь 1,021651 0,001869
пройти 0,006689 0,000006
заголовок 0,013423 0,000025
информационный 0,013423 0,000049
дело 1,249435 0,001143
преимущественно 3,912023 0,003579
окончательно 2,813411 0,002574
рассмотреть 0,013423 0,000012
расположить 0,013423 0,000025
время 0,013423 0,000025
конец 1,643339 0,001504
кнопка 0,013423 0,000012
носович 3,218876 0,011780
создавать 2,371578 0,004340
доиграться 3,912023 0,003579
ранее 0,013423 0,000012
главный 0,013423 0,000025
саботаж 5,010635 0,004584
проблема 0,013423 0,000025
подкаст 0,292136 0,000267
режим 2,066196 0,001890
причём 2,708050 0,002478
данные 0,013423 0,000098
иной 2,238047 0,002048
фронт 3,064725 0,002804
туда 3,218876 0,002945
появиться 2,120264 0,001940
украина 1,160488 0,021235
город 0,013423 0,000037
разблокировать 0,013423 0,000037
дороговизна 5,010635 0,004584
фотография 0,013423 0,000012
час 0,013423 0,000025
чат 0,013423 0,000025
устроенный 4,317488 0,003950
неоценимый 5,010635 0,004584
новостеймолния 0,013423 0,000012
написать 0,013423 0,000012
соглашаться 0,013423 0,000025
россиянин 1,576648 0,001442
сначала 0,013423 0,000012
территория 2,302585 0,002107
вред 2,445686 0,002238
подчинить 5,010635 0,009169
показать 0,013423 0,000012
демография 5,010635 0,004584
теракт 3,912023 0,003579
пароль 0,013423 0,000135
задача 2,177422 0,003984
схрон 5,010635 0,004584
слой 2,813411 0,002574
удалить 0,013423 0,000049
мирный 2,525729 0,009243
вход 0,013423 0,000025
читать 0,791128 0,000724
описать 0,013423 0,000012
размещение 0,013423 0,000012
дональд 2,371578 0,008679
сколько 0,006689 0,000006
вглубь 5,010635 0,004584
потребность 3,912023 0,003579
один 1,098612 0,002010
полностью 2,014903 0,001843
сильно 2,708050 0,004955
подтверждать 0,013423 0,000012
гаврилов 0,013423 0,000012
учредитель 0,013423 0,000012
антироссийский 4,317488 0,007900
часть 1,373049 0,003769
невменяемость 5,010635 0,004584
ссылка 0,013423 0,000049
коммуникация 0,013423 0,000012
мой 0,013423 0,000061
рассчитывать 2,931194 0,002682
архив 0,190354 0,000174
помочь 0,013423 0,000012
раунд 2,931194 0,005364
указанный 2,931194 0,002682
старик 4,317488 0,003950
сша 1,118815 0,007165
ресурс 2,612740 0,002390
описание 0,013423 0,000012
процесс 0,013423 0,000037
аппарат 4,317488 0,003950
потерять 2,525729 0,002311
основа 2,120264 0,003880
боеспособный 5,010635 0,004584
помиловать 3,218876 0,002945
переговорный 3,401197 0,006224
способный 3,064725 0,002804
делать 1,427116 0,001306
роскомнадзор 0,013423 0,000012
технология 0,013423 0,000025
трампвладимир 4,317488 0,003950
остаться 1,919593 0,001756
делегат 5,010635 0,004584
москва 0,006689 0,000031
атака 2,931194 0,002682
воспользоваться 0,013423 0,000049
гневить 5,010635 0,004584
результат 1,714798 0,001569
деньга 2,066196 0,001890
большой 1,832581 0,001677
далее 0,013423 0,000037
изначально 3,401197 0,003112
россияукраинапереговор 5,010635 0,004584
хотеть 0,006689 0,000006
открывать 0,013423 0,000025
перейти 0,013423 0,000012
освободить 2,708050 0,002478
армия 2,120264 0,009699
угроза 2,238047 0,010238
прямо 2,931194 0,002682
половина 2,813411 0,002574
стать 0,851752 0,000779
счёт 2,014903 0,001843
никуда 3,624341 0,003316
работать 1,966113 0,001799
смертельно 5,010635 0,004584
потенциал 3,912023 0,003579
наступательный 4,317488 0,003950
обращение 0,013423 0,000037
скептический 5,010635 0,004584
операция 1,752539 0,001603
это 0,013423 0,000098
гордиться 5,010635 0,004584
спецпроект 0,190354 0,000174
массовый 0,013423 0,000012
обработка 0,013423 0,000061
электрогенерация 5,010635 0,004584
качественно 4,317488 0,003950
резиденция 3,624341 0,003316
украинский 1,576648 0,004327
устояться 5,010635 0,004584
воплощать 5,010635 0,004584
незламность 5,010635 0,004584
два 1,514128 0,001385
реально 5,010635 0,004584
донбасс 2,612740 0,002390
дефицит 3,064725 0,002804
кол 4,317488 0,003950
новость 0,006689 0,000067
вашингтон 2,120264 0,001940
взять 1,832581 0,001677
пустой 4,317488 0,003950
покупать 2,612740 0,002390
зарегистрироваться 0,013423 0,000061
пожаловаться 0,006689 0,000006
ссора 3,624341 0,003316
войти 0,006689 0,000024
эл 0,013423 0,000012
радио 0,274437 0,000251
дзен 0,851752 0,000779
защита 0,013423 0,000049
энергетический 2,371578 0,002170
регистрация 0,013423 0,000061
дипломатия 3,401197 0,003112
достаться 5,010635 0,004584
почему 0,013423 0,000012
восстановление 0,013423 0,000049
профанация 5,010635 0,004584
вина 2,371578 0,002170
отключить 3,401197 0,003112
значит 2,612740 0,002390
вконтакте 0,013423 0,000025
жильё 3,218876 0,002945
власть 2,371578 0,002170
логин 0,013423 0,000012
конфиденциальность 0,013423 0,000049
нарушение 0,013423 0,000037
навсегда 0,013423 0,000012
конфигурация 5,010635 0,004584
путин 1,373049 0,005025
действие 0,013423 0,000012
общий 2,014903 0,001843
релиз 0,013423 0,000012
назад 0,013423 0,000074
предыдущий 3,401197 0,006224
список 0,013423 0,000012
остановиться 4,317488 0,003950
ссср 3,218876 0,002945
индустриально 5,010635 0,004584
наследство 3,912023 0,003579
обязательный 0,013423 0,000086
февраль 0,567984 0,001559
ошибка 0,013423 0,000037
идти 1,919593 0,008781
аналитика 2,177422 0,005976
вопрос 0,006689 0,000031
зубовский 0,013423 0,000025
заполнить 0,013423 0,000086
статус 2,813411 0,002574
сохранять 3,401197 0,003112
ваш 0,013423 0,000196
общество 0,257045 0,000235
имя 0,013423 0,000061
ответ 1,791759 0,003279
развиваться 4,317488 0,003950
демонтировать 5,010635 0,004584
больший 2,014903 0,001843
срок 0,013423 0,000025
основание 0,013423 0,000012
издание 0,013423 0,000012
мобилизационный 5,010635 0,004584
бульвар 0,013423 0,000025
сетевой 0,013423 0,000012
использование 0,013423 0,000012
нацистский 5,010635 0,004584
вновь 0,013423 0,000012
банда 2,525729 0,002311
самый 0,967584 0,000885
сменить 0,013423 0,000012
материал 0,013423 0,000111
участвовать 0,013423 0,000025
сообщить 0,013423 0,000012
выбирать 2,014903 0,001843
быть 0,013423 0,000012
разбежаться 5,010635 0,004584
успешно 0,013423 0,000025
скриншот 0,013423 0,000037
истечь 0,013423 0,000012
лента 0,006689 0,000012
нейтральный 3,624341 0,003316
вести 3,218876 0,002945
зимний 1,919593 0,001756
сфера 0,013423 0,000012
электронный 0,013423 0,000012
спорт 0,190354 0,000174
выполнять 3,218876 0,005890
этот 1,514128 0,001385
сам 1,875141 0,001716
шоу 3,912023 0,003579
свидетельство 0,013423 0,000012
комментирование 0,013423 0,000025
урегулирование 2,612740 0,007171
блокироваться 0,013423 0,000012
плохо 3,401197 0,003112
правило 0,013423 0,000061
сохранить 0,013423 0,000012
удаться 2,708050 0,002478
индустриальный 5,010635 0,004584
применение 0,013423 0,000012
взаимодействие 0,013423 0,000025
дать 0,013423 0,000025
пресс 0,013423 0,000025
согласный 0,013423 0,000037
персональный 0,013423 0,000098
перетянуть 0,013423 0,000012
счастие 3,401197 0,003112
киевский 2,931194 0,005364
смочь 0,006689 0,000006
использоваться 0,006689 0,000006
массив 4,317488 0,003950
готовый 0,006689 0,000018
опасно 5,010635 0,009169
дата 0,006689 0,000006
вернуться 2,445686 0,002238
снижение 3,624341 0,003316
одноклассник 0,013423 0,000025
недопустимый 0,013423 0,000012
вы 0,013423 0,000012
фио 0,013423 0,000012
стратегический 2,931194 0,002682
смертельный 4,317488 0,003950
восстановить 0,013423 0,000025
пожалуйста 0,013423 0,000012
российский 0,883501 0,008083
сво 1,919593 0,001756
цель 1,966113 0,003598
исчезнуть 3,912023 0,003579
путинаналитик 5,010635 0,004584
растечься 5,010635 0,004584
жилой 3,624341 0,003316
версия 0,013423 0,000012
ниже 0,013423 0,000037
регулярный 3,912023 0,003579
россия 0,006689 0,000153
безрезультатный 5,010635 0,009169
сгенерировать 2,708050 0,007433
тег 0,190354 0,000174
хватить 3,624341 0,006632
свой 0,867501 0,003175
зарегистрировать 0,013423 0,000012
электроэнергия 3,912023 0,003579
покрывать 4,317488 0,003950
ранг 5,010635 0,004584
ииизображение 2,931194 0,002682
договариваться 5,010635 0,004584
энергия 3,401197 0,006224
дикий 3,401197 0,006224
объём 2,445686 0,002238
поле 0,013423 0,000111
сайт 0,013423 0,000037
утратить 3,624341 0,003316
полезный 0,143101 0,000131
галочка 0,013423 0,000012
заблокировать 0,013423 0,000025
перетащить 0,013423 0,000037
туризм 0,283247 0,000259
мелкий 2,371578 0,002170
поддерживаетсяполучить 0,013423 0,000012
адрес 0,013423 0,000061
зеленский 1,875141 0,013725
другой 0,013423 0,000049
соответствие 0,013423 0,000025
работа 1,427116 0,001306
унитарный 0,013423 0,000037
европа 1,455287 0,001331
трек 5,010635 0,004584
давать 0,013423 0,000037
вынудить 3,624341 0,003316
оставаться 2,238047 0,002048
отправка 0,013423 0,000012
загрузить 0,013423 0,000025
направление 0,013423 0,000012
соседний 4,317488 0,003950
телефон 0,013423 0,000012
редакция 0,013423 0,000037
пока 1,919593 0,001756
должный 0,013423 0,000012
дрон 2,931194 0,002682
автор 0,013423 0,000012
старый 0,013423 0,000012
сообщение 0,013423 0,000172
вид 1,399717 0,001281
возвращаться 2,931194 0,002682
ребёнок 1,514128 0,001385
происшествие 0,292136 0,000267
баран 5,010635 0,004584
спокойно 3,624341 0,006632
подтвердить 0,013423 0,000012
обновить 0,985284 0,000901
прогресс 2,813411 0,018018
война 2,238047 0,002048
авторизация 0,013423 0,000012
религия 0,283247 0,000259
рейтинг 0,006689 0,000006
форма 0,013423 0,000147
культура 0,292136 0,000267
уязвимый 4,317488 0,003950
очередной 2,813411 0,005148
обмен 3,218876 0,002945
советский 2,371578 0,002170
обстрел 5,010635 0,004584
статья 0,013423 0,000012
современный 2,813411 0,002574
ясно 4,317488 0,003950
развитой 5,010635 0,004584
отношение 1,791759 0,001639
промышленность 2,813411 0,005148
недвижимость 0,292136 0,000267
наш 1,919593 0,001756
редактор 0,013423 0,000012
ракетчик 2,931194 0,016091
фгуп 0,499776 0,001372
внутри 3,912023 0,003579
настоящий 2,302585 0,002107
получить 0,985284 0,001803
контакт 0,013423 0,000012
минский 3,624341 0,003316
ия 2,813411 0,005148
тема 0,013423 0,000037
мечтать 3,401197 0,003112
сервис 0,174353 0,000160
государственный 0,013423 0,000037
дискуссия 0,013423 0,000025
бессмыслица 5,010635 0,004584
оказывать 3,401197 0,003112
атомный 2,525729 0,002311
связанный 0,013423 0,000025
служба 0,006689 0,000006
риа 0,006689 0,000055
изображение 2,708050 0,004955
реактор 4,317488 0,003950
заметить 0,013423 0,000012
закрытый 0,013423 0,000012
вроде 4,317488 0,003950
обращать 0,013423 0,000012
рекомендательный 0,013423 0,000012
разный 1,484275 0,001358
переговоры 1,875141 0,029165
будущее 2,238047 0,002048
год 0,006689 0,000024
упереться 5,010635 0,004584
вырождаться 5,010635 0,004584
международный 0,013423 0,000037
управление 2,371578 0,002170
уступка 3,218876 0,005890
безопасность 1,919593 0,001756
трамп 1,544899 0,007067
вывод 3,401197 0,003112
который 0,603916 0,002763
крупный 2,120264 0,001940
например 1,714798 0,001569
агентство 0,013423 0,000049
семь 2,708050 0,002478
критический 3,624341 0,003316
авторизоваться 0,013423 0,000025
выбрать 0,013423 0,000037
страх 3,218876 0,002945
политический 2,813411 0,002574
сегодня 0,013423 0,000098
страна 1,139434 0,005212
масштаб 3,624341 0,006632
просить 0,013423 0,000012
создать 1,875141 0,003431
такой 1,098612 0,001005
полноценный 4,317488 0,003950
малый 2,612740 0,002390
новыесначала 0,013423 0,000012
нужный 1,643339 0,001504
инфраструктура 3,064725 0,005608
шапка 0,013423 0,000012
отправить 0,013423 0,000172
государство 2,177422 0,001992
продолжить 0,006689 0,000006
решение 0,006689 0,000012
никакой 2,708050 0,002478
проходить 2,177422 0,003984
ознакомить 0,013423 0,000012
военный 1,514128 0,005541
вакансия 0,013423 0,000012
мы 0,013423 0,000086
проставлять 0,013423 0,000012
участие 0,006689 0,000018
аккаунт 0,013423 0,000061
экономика 0,292136 0,000267
совершенно 3,624341 0,003316
тот 1,576648 0,002885
обсуждение 0,013423 0,000025
опечатка 0,013423 0,000012
использовать 0,013423 0,000012
впк 3,912023 0,003579
онлайн 0,013423 0,000012
почта 0,013423 0,000086
блокировка 0,013423 0,000049
нанесение 5,010635 0,004584
осуществляться 0,013423 0,000012
киев 1,832581 0,008383
история 1,139434 0,001042
идеальный 2,445686 0,002238
апрель 0,013423 0,000012
конечный 3,912023 0,007158
фамилия 0,013423 0,000012
яндекс 0,013423 0,000025
владимир 1,373049 0,005025
держава 3,912023 0,003579
либо 0,013423 0,000012
федеральный 0,013423 0,000049
нажимать 0,013423 0,000012
усложнить 5,010635 0,004584
поиск 0,013423 0,000012
всу 2,238047 0,002048
медленно 3,624341 0,003316
попробовать 0,013423 0,000012
заполнение 0,013423 0,000086
порожный 5,010635 0,004584
внимание 0,013423 0,000012
яростно 3,624341 0,003316
принимать 0,013423 0,000012
условие 1,321756 0,001209
женева 2,238047 0,024571
встреча 1,832581 0,003353
занимать 2,525729 0,002311
выпуск 0,013423 0,000012
огромный 2,302585 0,002107
достижение 2,708050 0,002478
надзор 0,013423 0,000012
предприятие 0,013423 0,000037
способ 0,013423 0,000025
эскалация 4,317488 0,007900
наука 0,283247 0,000259
какой 1,399717 0,001281
подкосить 5,010635 0,004584
обратный 0,013423 0,000086
оружейный 4,317488 0,003950
продукт 0,135438 0,000124
произойти 0,013423 0,000012
резон 5,010635 0,004584
плацдарм 5,010635 0,004584
вливание 5,010635 0,004584
