истечь 0,013423 0,000020
лента 0,006689 0,000020
законный 0,013423 0,000020
новый 0,006689 0,000020
найти 0,013423 0,000020
письмо 0,013423 0,000040
сфера 0,013423 0,000020
электронный 0,013423 0,000020
спасибо 0,013423 0,000020
спорт 0,190354 0,000285
расширить 0,006689 0,000010
свидетельство 0,013423 0,000020
согласие 0,013423 0,000040
центр 0,166448 0,000250
комментирование 0,013423 0,000040
сказать 2,371578 0,003556
доступ 0,013423 0,000040
блокироваться 0,013423 0,000020
миа 0,013423 0,000141
задать 0,013423 0,000020
связаться 0,013423 0,000121
правило 0,013423 0,000101
сохранить 0,013423 0,000020
г 0,013423 0,000040
реклама 0,013423 0,000040
фото 0,013423 0,000020
политика 0,013423 0,000101
связь 0,006689 0,000080
применение 0,013423 0,000020
взаимодействие 0,013423 0,000040
о 0,013423 0,000020
дать 0,013423 0,000040
пресс 0,013423 0,000040
согласный 0,013423 0,000060
персональный 0,013423 0,000161
перетянуть 0,013423 0,000020
течение 0,013423 0,000020
смочь 0,006689 0,000010
использоваться 0,006689 0,000010
готовый 0,006689 0,000020
оно 2,302585 0,003452
дата 0,006689 0,000010
мир 0,223144 0,000669
опуститься 5,010635 0,007512
пройти 0,006689 0,000010
заголовок 0,013423 0,000040
одноклассник 0,013423 0,000040
недопустимый 0,013423 0,000020
информационный 0,013423 0,000080
вы 0,013423 0,000020
фио 0,013423 0,000020
восстановить 0,013423 0,000020
пожалуйста 0,013423 0,000020
ролик 5,010635 0,015024
рассмотреть 0,013423 0,000020
расположить 0,013423 0,000040
версия 0,013423 0,000020
время 0,013423 0,000020
ниже 0,013423 0,000060
кнопка 0,013423 0,000020
россия 0,006689 0,000160
тег 0,190354 0,000285
зарегистрировать 0,013423 0,000020
байкал 3,064725 0,073517
ранее 0,013423 0,000020
подкаст 0,292136 0,000438
главный 0,013423 0,000020
проблема 0,013423 0,000020
данные 0,013423 0,000161
чистый 3,218876 0,004826
город 0,013423 0,000020
разблокировать 0,013423 0,000060
вкусно 2,813411 0,004218
подпись 4,317488 0,006473
фотография 0,013423 0,000020
сайт 0,013423 0,000060
поле 0,013423 0,000161
час 0,013423 0,000040
чат 0,013423 0,000040
облизать 3,401197 0,030595
полезный 0,143101 0,000215
новостеймолния 0,013423 0,000020
написать 0,013423 0,000020
галочка 0,013423 0,000020
заблокировать 0,013423 0,000040
перетащить 0,013423 0,000060
соглашаться 0,013423 0,000020
туризм 0,283247 0,000425
сначала 0,013423 0,000020
поддерживаетсяполучить 0,013423 0,000020
адрес 0,013423 0,000101
представить 2,014903 0,003021
другой 0,013423 0,000060
соответствие 0,013423 0,000040
унитарный 0,013423 0,000060
давать 0,013423 0,000040
показать 0,013423 0,000020
отправка 0,013423 0,000020
загрузить 0,013423 0,000040
направление 0,013423 0,000020
телефон 0,013423 0,000020
пароль 0,013423 0,000221
редакция 0,013423 0,000060
удалить 0,013423 0,000080
предназначить 2,813411 0,004218
вход 0,013423 0,000040
должный 0,013423 0,000020
дрон 2,931194 0,017578
читать 0,791128 0,001186
описать 0,013423 0,000020
размещение 0,013423 0,000020
сколько 0,006689 0,000010
автор 0,013423 0,000020
старый 0,013423 0,000020
сообщение 0,013423 0,000282
лизать 5,010635 0,015024
происшествие 0,292136 0,000438
подтвердить 0,013423 0,000020
родный 3,624341 0,005434
видео 1,832581 0,002747
обновить 0,985284 0,001477
подтверждать 0,013423 0,000020
гаврилов 0,013423 0,000020
учредитель 0,013423 0,000020
авторизация 0,013423 0,000020
религия 0,283247 0,000425
рейтинг 0,006689 0,000010
форма 0,013423 0,000241
ссылка 0,013423 0,000080
коммуникация 0,013423 0,000020
мой 0,013423 0,000101
культура 0,292136 0,000438
архив 0,190354 0,000285
помочь 0,013423 0,000020
статья 0,013423 0,000020
описание 0,013423 0,000020
процесс 0,013423 0,000020
недвижимость 0,292136 0,000438
певец 4,317488 0,012946
роскомнадзор 0,013423 0,000020
технология 0,013423 0,000040
редактор 0,013423 0,000020
фгуп 0,499776 0,003746
контакт 0,013423 0,000020
язык 2,931194 0,004395
москва 0,006689 0,000030
воспользоваться 0,013423 0,000080
тема 0,013423 0,000060
сервис 0,174353 0,000261
государственный 0,013423 0,000060
дискуссия 0,013423 0,000040
связанный 0,013423 0,000040
служба 0,006689 0,000010
риа 0,006689 0,000100
заметить 0,013423 0,000020
закрытый 0,013423 0,000020
обращать 0,013423 0,000020
рекомендательный 0,013423 0,000020
далее 0,013423 0,000040
год 0,006689 0,000020
хотеть 0,006689 0,000010
открывать 0,013423 0,000040
перейти 0,013423 0,000020
международный 0,013423 0,000060
который 0,603916 0,001811
обращение 0,013423 0,000060
агентство 0,013423 0,000080
провести 1,919593 0,002878
озеро 3,624341 0,005434
это 0,013423 0,000040
спецпроект 0,190354 0,000285
массовый 0,013423 0,000020
обработка 0,013423 0,000101
вкус 1,752539 0,005255
авторизоваться 0,013423 0,000040
два 1,514128 0,002270
выбрать 0,013423 0,000060
сегодня 0,013423 0,000201
новость 0,006689 0,000120
просить 0,013423 0,000020
лёд 3,218876 0,014478
новыесначала 0,013423 0,000020
зарегистрироваться 0,013423 0,000101
несколько 1,544899 0,002316
пожаловаться 0,006689 0,000010
войти 0,006689 0,000040
шапка 0,013423 0,000020
отправить 0,013423 0,000282
продолжить 0,006689 0,000010
решение 0,006689 0,000010
ознакомить 0,013423 0,000020
март 1,514128 0,002270
вакансия 0,013423 0,000020
эл 0,013423 0,000020
мы 0,013423 0,000141
проставлять 0,013423 0,000020
радио 0,274437 0,000411
участие 0,006689 0,000010
дзен 0,851752 0,001277
аккаунт 0,013423 0,000101
экономика 0,292136 0,000438
защита 0,013423 0,000080
канал 3,064725 0,009190
регистрация 0,013423 0,000101
обсуждение 0,013423 0,000040
опечатка 0,013423 0,000020
использовать 0,013423 0,000020
почему 0,013423 0,000020
восстановление 0,013423 0,000080
онлайн 0,013423 0,000020
колено 4,317488 0,006473
заключить 3,064725 0,004595
почта 0,013423 0,000141
добавить 1,514128 0,002270
блокировка 0,013423 0,000080
осуществляться 0,013423 0,000020
апрель 0,013423 0,000020
вконтакте 0,013423 0,000040
затем 1,791759 0,002686
программа 1,919593 0,002878
фамилия 0,013423 0,000020
логин 0,013423 0,000020
конфиденциальность 0,013423 0,000080
нарушение 0,013423 0,000060
навсегда 0,013423 0,000020
яндекс 0,013423 0,000040
действие 0,013423 0,000020
либо 0,013423 0,000020
федеральный 0,013423 0,000080
релиз 0,013423 0,000020
нажимать 0,013423 0,000020
назад 0,013423 0,000101
список 0,013423 0,000020
поиск 0,013423 0,000020
замёрзнуть 3,218876 0,033781
обязательный 0,013423 0,000141
опубликовать 3,624341 0,010868
февраль 0,567984 0,000852
ошибка 0,013423 0,000060
артист 3,912023 0,005865
вопрос 0,006689 0,000040
зубовский 0,013423 0,000040
попробовать 0,013423 0,000060
заполнение 0,013423 0,000141
заполнить 0,013423 0,000141
внимание 0,013423 0,000020
принимать 0,013423 0,000020
ваш 0,013423 0,000322
общество 0,257045 0,001927
имя 0,013423 0,000101
старший 2,612740 0,003917
выпуск 0,013423 0,000020
срок 0,013423 0,000040
основание 0,013423 0,000020
издание 0,013423 0,000020
бульвар 0,013423 0,000040
сетевой 0,013423 0,000020
надзор 0,013423 0,000020
ярослав 3,624341 0,021735
аудитория 3,624341 0,005434
использование 0,013423 0,000020
фев 1,399717 0,002099
вновь 0,013423 0,000020
самый 0,967584 0,001451
сменить 0,013423 0,000020
предприятие 0,013423 0,000060
способ 0,013423 0,000040
материал 0,013423 0,000161
наука 0,283247 0,000425
участвовать 0,013423 0,000040
сообщить 0,013423 0,000020
обратный 0,013423 0,000141
продукт 0,135438 0,000203
произойти 0,013423 0,000020
быть 0,013423 0,000020
успешно 0,013423 0,000020
скриншот 0,013423 0,000060
