долгий 3,218876 0,001058
стандартный 3,218876 0,001058
личный 2,177422 0,002863
рф 1,181994 0,003497
банк 1,966113 0,004524
минимально 3,912023 0,001286
аварийный 3,624341 0,001191
законный 0,013423 0,000009
день 0,591795 0,002334
экономия 4,317488 0,002839
найти 0,013423 0,000009
письмо 0,013423 0,000009
еирц 5,010635 0,008236
спасибо 0,013423 0,000004
расширить 0,006689 0,000002
собственник 4,317488 0,024128
попросить 3,401197 0,001118
включение 5,010635 0,001647
согласие 0,013423 0,000009
центр 0,166448 0,000109
ст 2,813411 0,003699
заявление 2,066196 0,006792
юридический 2,813411 0,002775
связаться 0,013423 0,000026
тёплый 2,708050 0,000890
декабрь 0,985284 0,000324
человек 1,118815 0,001839
производство 2,612740 0,002577
вода 1,576648 0,004665
тв 4,317488 0,001419
лично 3,401197 0,003354
подробный 2,813411 0,000925
помещение 3,624341 0,002383
реклама 0,013423 0,000009
фото 0,013423 0,000049
содержание 2,931194 0,000964
пункт 2,238047 0,000736
полгода 3,401197 0,002236
связь 0,006689 0,000018
обязательство 2,931194 0,002891
суд 1,791759 0,011780
график 3,912023 0,002572
вставать 4,317488 0,001419
здание 3,624341 0,001191
владелец 3,064725 0,005037
арестовывать 5,010635 0,001647
весь 1,021651 0,000336
пройти 0,006689 0,000002
ук 3,912023 0,021862
заголовок 0,013423 0,000009
информационный 0,013423 0,000035
возникновение 3,912023 0,001286
перерасчёт 4,317488 0,011354
необходимый 2,238047 0,001471
льгота 2,813411 0,000925
житель 2,612740 0,003436
рассмотреть 0,013423 0,000004
визит 3,912023 0,001286
расположить 0,013423 0,000009
слишком 2,708050 0,000890
оплачивать 3,401197 0,007827
односторонний 4,317488 0,001419
посмотреть 2,177422 0,001432
создавать 2,371578 0,000780
социальный 1,678431 0,001655
ресурсоснабжающий 5,010635 0,008236
справочный 4,317488 0,001419
данный 2,014903 0,000662
ситуация 1,643339 0,000540
проблема 0,013423 0,000013
подкаст 0,292136 0,000096
главный 0,013423 0,000004
вкладка 5,010635 0,001647
данные 0,013423 0,000044
потребовать 3,064725 0,003022
иной 2,238047 0,002943
также 1,139434 0,003371
член 2,238047 0,000736
индивидуальный 3,218876 0,002116
появиться 2,120264 0,001394
взыскать 5,010635 0,001647
фотография 0,013423 0,000004
инспекция 3,912023 0,002572
соглашаться 0,013423 0,000004
сначала 0,013423 0,000009
правовой 3,218876 0,003174
вред 2,445686 0,000804
вводить 3,624341 0,001191
начать 1,966113 0,001293
рисковать 4,317488 0,001419
васильев 3,912023 0,009002
девахина 5,010635 0,003294
судья 3,064725 0,001007
однако 1,966113 0,002585
формально 3,624341 0,001191
удалить 0,013423 0,000018
цб 2,931194 0,000964
субъект 3,064725 0,001007
серьёзный 2,525729 0,000830
система 1,919593 0,001893
размещение 0,013423 0,000004
сколько 0,006689 0,000002
собрание 5,010635 0,001647
неполный 3,624341 0,001191
капитальный 5,010635 0,004941
посоветовать 3,624341 0,001191
база 2,302585 0,001514
наследственный 5,010635 0,001647
один 1,098612 0,000361
расчётный 3,912023 0,001286
списать 4,317488 0,001419
иметь 1,544899 0,001016
совет 1,226446 0,001613
полностью 2,014903 0,001325
арестовать 2,931194 0,000964
часть 1,373049 0,001354
последний 0,899761 0,000887
сторона 1,609438 0,000529
выяснение 5,010635 0,001647
некоторый 2,014903 0,001325
часто 2,371578 0,002339
платёжный 4,317488 0,004258
архив 0,190354 0,000063
электричество 4,317488 0,004258
труд 2,931194 0,000964
частый 2,445686 0,001608
своевременно 5,010635 0,003294
ресурс 2,612740 0,003436
медиабанкстатуя 5,010635 0,001647
описание 0,013423 0,000009
избежать 2,525729 0,007473
процесс 0,013423 0,000004
разочаровывать 5,010635 0,001647
отказать 3,218876 0,001058
селиверстов 3,218876 0,004233
наниматель 4,317488 0,001419
общедомовый 5,010635 0,001647
платёж 4,317488 0,017032
нарушить 3,912023 0,001286
межрегионгаз 5,010635 0,001647
ерица 5,010635 0,006589
номер 2,708050 0,007122
качество 2,177422 0,000716
подряд 3,401197 0,001118
выписка 3,624341 0,002383
компенсация 3,218876 0,001058
сопоставить 5,010635 0,001647
взыскиваться 5,010635 0,001647
субсидия 3,912023 0,010288
оформление 2,813411 0,003699
наём 4,317488 0,004258
поступить 3,401197 0,001118
претензия 3,912023 0,002572
признание 3,912023 0,002572
норматив 5,010635 0,001647
банкротство 3,064725 0,001007
получать 2,238047 0,001471
идентификатор 3,912023 0,001286
единый 2,177422 0,002863
перейти 0,013423 0,000079
портал 2,931194 0,011563
счёт 2,014903 0,016559
нужно 1,455287 0,005741
штраф 3,064725 0,002015
оглавление 1,791759 0,000589
группа 2,302585 0,000757
спецпроект 0,190354 0,000063
ограничивать 3,624341 0,001191
закон 2,445686 0,003216
слово 1,514128 0,000995
усмотрение 5,010635 0,001647
процент 2,612740 0,000859
газ 2,612740 0,006012
стоить 1,678431 0,000552
консультация 3,624341 0,002383
жизнь 1,714798 0,000564
менять 2,525729 0,000830
средний 1,832581 0,000602
вывешивать 5,010635 0,001647
отслеживать 3,912023 0,001286
затрата 3,912023 0,001286
необоснованный 3,912023 0,001286
относиться 2,371578 0,001559
эл 0,013423 0,000004
дзен 0,851752 0,000280
счесть 4,317488 0,001419
утвердить 3,064725 0,001007
квитанция 5,010635 0,019766
почему 0,013423 0,000004
ходатайство 5,010635 0,001647
быстрый 1,714798 0,000564
спор 3,624341 0,001191
банкомат 3,912023 0,001286
добавить 1,514128 0,001991
каллиник 3,401197 0,004472
отключить 3,401197 0,002236
вконтакте 0,013423 0,000009
жильё 3,218876 0,006349
власть 2,371578 0,000780
логин 0,013423 0,000004
нарушение 0,013423 0,000018
конфиденциальность 0,013423 0,000018
навсегда 0,013423 0,000004
сокращение 3,624341 0,001191
общий 2,014903 0,000662
лисицын 3,218876 0,002116
назад 0,013423 0,000026
продолжать 2,371578 0,001559
предыдущий 3,401197 0,003354
отмена 2,931194 0,001927
список 0,013423 0,000022
наследодатель 5,010635 0,003294
кабинет 2,813411 0,000925
ремонт 3,401197 0,003354
норма 2,525729 0,001661
наследство 3,912023 0,011574
опубликовать 3,624341 0,001191
идти 1,919593 0,000631
открыть 2,302585 0,003785
бюджет 3,401197 0,001118
зубовский 0,013423 0,000009
юрист 2,371578 0,004678
уточнить 2,931194 0,001927
заполнить 0,013423 0,000031
навстречу 5,010635 0,001647
клиент 3,218876 0,002116
сохранять 3,401197 0,001118
статуя 5,010635 0,001647
общество 0,257045 0,000084
так 2,525729 0,000830
возникнуть 2,931194 0,000964
основание 0,013423 0,000004
издание 0,013423 0,000004
бульвар 0,013423 0,000009
сетевой 0,013423 0,000004
влечь 3,624341 0,001191
потребоваться 2,525729 0,000830
напрямую 3,218876 0,001058
позволять 2,238047 0,000736
вновь 0,013423 0,000004
сменить 0,013423 0,000004
квартплата 5,010635 0,001647
участвовать 0,013423 0,000009
сообщить 0,013423 0,000013
товар 3,064725 0,001007
быть 0,013423 0,000004
скриншот 0,013423 0,000013
районный 3,218876 0,001058
определение 3,218876 0,001058
истечь 0,013423 0,000004
отказывать 4,317488 0,001419
исключение 2,813411 0,001850
кряжевый 3,401197 0,002236
линия 2,813411 0,000925
отделение 2,612740 0,001718
электронный 0,013423 0,000004
установить 2,302585 0,002271
спорт 0,190354 0,000063
приобретение 3,624341 0,001191
этот 1,514128 0,001493
недоступный 5,010635 0,001647
вырастать 5,010635 0,001647
отметить 2,014903 0,000662
сохранить 0,013423 0,000004
сбой 4,317488 0,001419
обязанность 3,218876 0,003174
взаимодействие 0,013423 0,000009
согласный 0,013423 0,000013
перетянуть 0,013423 0,000004
позволить 2,708050 0,000890
начисление 4,317488 0,009935
использоваться 0,006689 0,000002
елс 5,010635 0,001647
наступать 3,401197 0,001118
важно 2,120264 0,000697
переписка 4,317488 0,001419
фио 0,013423 0,000009
кирилл 1,875141 0,002466
пожалуйста 0,013423 0,000004
образование 2,708050 0,000890
дойти 3,218876 0,001058
отсканировать 5,010635 0,001647
паспорт 2,525729 0,002491
необходимо 1,791759 0,004712
ограниченный 4,317488 0,001419
электроснабжение 5,010635 0,001647
экономический 2,302585 0,000757
ниже 0,013423 0,000018
версия 0,013423 0,000004
снижать 3,218876 0,001058
нахождение 3,912023 0,001286
интернет 2,708050 0,002671
спустя 2,813411 0,000925
гис 5,010635 0,013177
тег 0,190354 0,000063
зарегистрировать 0,013423 0,000004
отображаться 3,912023 0,001286
требование 1,832581 0,001205
платить 3,912023 0,007716
цена 1,966113 0,000646
доля 3,401197 0,001118
поле 0,013423 0,000035
связать 2,445686 0,000804
выполнение 2,612740 0,000859
стационар 5,010635 0,001647
увеличить 3,218876 0,001058
перетащить 0,013423 0,000013
положить 1,966113 0,000646
туризм 0,283247 0,000093
адрес 0,013423 0,000044
соответствие 0,013423 0,000009
работа 1,427116 0,001407
долг 2,445686 0,064318
оставаться 2,238047 0,001471
вовремя 5,010635 0,001647
газпром 5,010635 0,001647
загрузить 0,013423 0,000009
направление 0,013423 0,000004
кандидат 3,218876 0,002116
телефон 0,013423 0,000013
мосэнергосбыт 5,010635 0,003294
редакция 0,013423 0,000013
отобразить 5,010635 0,001647
период 1,118815 0,002575
должный 0,013423 0,000026
проживать 4,317488 0,001419
коммунальный 2,813411 0,023121
знать 2,238047 0,000736
офлайн 5,010635 0,004941
порекомендовать 4,317488 0,001419
говориться 2,371578 0,000780
автор 0,013423 0,000004
старый 0,013423 0,000009
сообщение 0,013423 0,000062
двухтарифный 5,010635 0,001647
неправильно 5,010635 0,003294
мария 2,813411 0,001850
отопление 4,317488 0,011354
добросовестный 5,010635 0,004941
происшествие 0,292136 0,000096
внести 2,612740 0,000859
подтвердить 0,013423 0,000004
правительство 1,875141 0,002466
служебный 4,317488 0,001419
кодекс 3,912023 0,003858
эксперт 1,373049 0,001354
положение 2,612740 0,001718
епд 5,010635 0,003294
назначаться 3,912023 0,001286
указывать 2,708050 0,000890
неправильный 3,401197 0,001118
пристать 5,010635 0,001647
оказать 3,912023 0,001286
включая 2,525729 0,000830
культура 0,292136 0,000096
неустойка 4,317488 0,001419
применяться 2,931194 0,001927
набор 2,931194 0,000964
процедура 2,813411 0,001850
рассматриваться 5,010635 0,001647
статья 0,013423 0,000018
существовать 2,302585 0,000757
исковый 4,317488 0,004258
затруднительный 5,010635 0,001647
повод 3,401197 0,001118
сирота 4,317488 0,001419
ограничение 2,813411 0,004624
оператор 3,401197 0,001118
санитарный 4,317488 0,001419
бюро 3,624341 0,002383
позвонить 3,624341 0,001191
мировой 2,371578 0,000780
приложить 4,317488 0,002839
редактор 0,013423 0,000004
потребитель 3,401197 0,002236
ранний 2,612740 0,001718
фгуп 0,499776 0,000493
получатель 3,064725 0,002015
близкий 2,066196 0,000679
получить 0,985284 0,002267
многие 2,525729 0,000830
контакт 0,013423 0,000004
направить 2,371578 0,002339
нарушать 3,624341 0,002383
письменный 3,401197 0,002236
зачастую 3,624341 0,002383
медиабанкпочтовый 5,010635 0,003294
покупка 2,931194 0,006745
государственный 0,013423 0,000018
ненадлежащий 3,912023 0,001286
имущество 3,912023 0,007716
оксана 3,064725 0,007052
сделать 1,226446 0,001210
квартира 2,612740 0,023190
связанный 0,013423 0,000009
риа 0,006689 0,000055
поэтапно 4,317488 0,002839
медиабанкквитанция 5,010635 0,001647
закрытый 0,013423 0,000004
обращать 0,013423 0,000004
право 2,066196 0,004755
адвокат 3,401197 0,001118
удовлетворение 5,010635 0,001647
год 0,006689 0,000024
распространить 3,064725 0,001007
защитить 2,445686 0,002412
нюанс 3,401197 0,001118
международный 0,013423 0,000013
сбер 4,317488 0,001419
неуплата 4,317488 0,011354
расход 3,218876 0,007407
вывоз 5,010635 0,001647
вносить 3,218876 0,002116
уведомление 3,064725 0,003022
агентство 0,013423 0,000018
текущий 3,218876 0,004233
предстоящий 4,317488 0,001419
сегодня 0,013423 0,000035
страна 1,139434 0,000375
повышенный 2,931194 0,000964
просить 0,013423 0,000004
сразу 1,832581 0,000602
создать 1,875141 0,000616
покупатель 3,218876 0,001058
такой 1,098612 0,001445
цифра 3,912023 0,001286
руководитель 2,445686 0,001608
вместе 2,302585 0,001514
медиабанкфедеральный 5,010635 0,001647
учёт 2,813411 0,000925
малый 2,612740 0,000859
мусор 4,317488 0,001419
банкрот 5,010635 0,003294
таков 4,317488 0,001419
медиабанксчёт 5,010635 0,001647
отдельно 3,218876 0,001058
шапка 0,013423 0,000004
отправить 0,013423 0,000062
регион 1,919593 0,001893
продолжить 0,006689 0,000002
решение 0,006689 0,000002
ознакомить 0,013423 0,000004
проставлять 0,013423 0,000004
аккаунт 0,013423 0,000026
экономика 0,292136 0,000096
тот 1,576648 0,001037
обсуждение 0,013423 0,000009
организация 2,066196 0,005434
указать 2,708050 0,002671
соглашение 3,064725 0,001007
гражданин 2,066196 0,001358
содержать 2,931194 0,000964
поздний 3,218876 0,001058
почта 0,013423 0,000053
блокировка 0,013423 0,000018
отказываться 3,624341 0,001191
история 1,139434 0,000375
почтовый 3,912023 0,003858
три 2,120264 0,001394
фамилия 0,013423 0,000009
непосредственно 3,218876 0,002116
татьяна 3,064725 0,008060
яндекс 0,013423 0,000009
университет 1,919593 0,001262
либо 0,013423 0,000022
мощность 3,064725 0,001007
холодный 2,066196 0,002038
понадобиться 2,813411 0,002775
нажимать 0,013423 0,000004
согласно 2,371578 0,003898
рассрочка 4,317488 0,004258
недоплатить 5,010635 0,001647
тысяча 1,919593 0,001262
семья 2,014903 0,000662
предлагать 2,445686 0,000804
злостный 5,010635 0,001647
поиск 0,013423 0,000004
показание 3,912023 0,001286
аналогичный 3,218876 0,001058
тсж 5,010635 0,006589
досудебный 5,010635 0,001647
объявление 3,624341 0,001191
условие 1,321756 0,000435
продажа 3,218876 0,002116
отвечать 2,931194 0,000964
отсутствовать 3,218876 0,001058
списываться 5,010635 0,003294
стоимость 2,525729 0,004151
подготовить 2,120264 0,000697
отчество 3,912023 0,001286
немой 2,612740 0,000859
извещение 5,010635 0,006589
способ 0,013423 0,000031
пеня 4,317488 0,019870
доцент 2,708050 0,001780
продукт 0,135438 0,000045
заранее 2,708050 0,000890
семейный 2,525729 0,000830
клик 4,317488 0,001419
подача 2,120264 0,003485
лицевой 4,317488 0,022709
специальный 1,514128 0,000995
определённый 2,813411 0,000925
новый 0,006689 0,000020
должник 5,010635 0,014824
ввод 3,912023 0,001286
происходить 2,177422 0,000716
местный 2,708050 0,000890
ставка 2,813411 0,006474
антенна 5,010635 0,001647
гостиница 4,317488 0,001419
доступ 0,013423 0,000013
важный 1,297063 0,000426
миа 0,013423 0,000022
автоматически 2,931194 0,003854
полный 1,678431 0,004414
предел 2,931194 0,001927
задать 0,013423 0,000004
александр 1,373049 0,001805
помощь 1,321756 0,000435
фемид 5,010635 0,003294
водоснабжение 5,010635 0,001647
г 0,013423 0,000009
перепроверить 5,010635 0,001647
политика 0,013423 0,000022
показывать 3,218876 0,001058
о 0,013423 0,000004
коэффициент 3,912023 0,001286
средство 2,120264 0,002091
богиня 5,010635 0,003294
течение 0,013423 0,000031
договориться 3,912023 0,001286
ч 2,612740 0,000859
дополнительный 2,066196 0,000679
согласование 3,912023 0,001286
вариант 1,966113 0,000646
обращаться 2,371578 0,003118
задержка 3,401197 0,001118
мир 0,223144 0,000073
обеспечить 2,120264 0,000697
копия 3,624341 0,003574
практика 2,612740 0,001718
конец 1,643339 0,000540
время 0,013423 0,000018
единственный 2,525729 0,000830
кнопка 0,013423 0,000004
просрочка 4,317488 0,005677
денежный 3,064725 0,001007
прислать 3,401197 0,001118
существование 4,317488 0,001419
ранее 0,013423 0,000004
причём 2,708050 0,000890
составлять 2,238047 0,002943
госуслуга 2,708050 0,015134
перевод 5,010635 0,001647
подать 2,238047 0,006621
получение 2,302585 0,003785
город 0,013423 0,000004
разблокировать 0,013423 0,000013
публикация 2,177422 0,002147
жилищный 3,912023 0,011574
реализовать 3,064725 0,001007
следовать 2,014903 0,003974
погибнуть 3,218876 0,001058
час 0,013423 0,000009
вправе 3,218876 0,007407
чат 0,013423 0,000009
восемь 3,218876 0,001058
региональный 3,064725 0,007052
новостеймолния 0,013423 0,000004
написать 0,013423 0,000004
прийтись 2,708050 0,000890
переплата 5,010635 0,001647
незаконно 4,317488 0,001419
чреватый 4,317488 0,001419
требовать 2,120264 0,001394
показать 0,013423 0,000009
направлять 5,010635 0,001647
отсутствие 2,014903 0,004637
ключевой 2,445686 0,002412
основный 1,791759 0,000589
пароль 0,013423 0,000049
требоваться 2,708050 0,001780
банковский 4,317488 0,005677
подмосковье 2,238047 0,000736
последствие 1,544899 0,004571
порядок 1,832581 0,001807
платформа 3,218876 0,001058
устанавливать 3,912023 0,002572
офис 2,931194 0,000964
вход 0,013423 0,000009
читать 0,791128 0,000260
хозяйство 2,612740 0,000859
выселить 3,218876 0,002116
описать 0,013423 0,000004
присваивать 5,010635 0,001647
сумма 2,302585 0,010597
реквизит 3,624341 0,001191
незамедлительно 5,010635 0,001647
цифровой 2,445686 0,000804
предъявление 4,317488 0,001419
купить 3,218876 0,002116
погашение 3,912023 0,003858
родный 3,624341 0,001191
снизить 2,931194 0,003854
департамент 3,218876 0,001058
новостройка 5,010635 0,001647
мера 1,875141 0,000616
подтверждать 0,013423 0,000009
неисполнение 4,317488 0,001419
гаврилов 0,013423 0,000004
учредитель 0,013423 0,000004
лишь 2,371578 0,000780
ссылка 0,013423 0,000022
возникать 3,064725 0,005037
коммуникация 0,013423 0,000004
инструкция 1,966113 0,000646
возобновить 3,624341 0,001191
удерживать 5,010635 0,001647
мой 0,013423 0,000022
момент 2,014903 0,001325
помочь 0,013423 0,000004
запросить 3,912023 0,003858
неплательщик 5,010635 0,003294
делать 1,427116 0,002346
роскомнадзор 0,013423 0,000013
технология 0,013423 0,000009
собственность 2,813411 0,000925
ежемесячно 4,317488 0,002839
градус 2,931194 0,002891
кредитор 3,912023 0,001286
батарея 4,317488 0,001419
прежний 3,912023 0,002572
мораторий 5,010635 0,001647
москва 0,006689 0,000015
воспользоваться 0,013423 0,000022
предоставлять 2,813411 0,000925
неоплаченный 5,010635 0,003294
материальный 3,912023 0,002572
предоставление 2,931194 0,001927
превышать 2,931194 0,001927
предупреждение 3,912023 0,001286
выгодный 3,218876 0,001058
отдельный 2,525729 0,002491
смерть 2,612740 0,000859
результат 1,714798 0,000564
мобильный 2,708050 0,000890
неправомерно 5,010635 0,003294
деньга 2,066196 0,002717
особенно 2,612740 0,001718
рынок 2,708050 0,001780
павел 2,238047 0,001471
далее 0,013423 0,000018
свыше 3,064725 0,001007
обязывать 3,912023 0,001286
оплатить 2,708050 0,012463
выдача 3,064725 0,001007
бывать 3,218876 0,001058
документ 2,371578 0,007796
исключить 3,064725 0,001007
расчёт 2,708050 0,005341
хотеть 0,006689 0,000002
открывать 0,013423 0,000009
взнос 3,912023 0,001286
пенсионер 3,401197 0,001118
гаситься 5,010635 0,001647
угроза 2,238047 0,000736
повторный 3,064725 0,001007
работать 1,966113 0,000646
установленный 2,931194 0,002891
плательщик 5,010635 0,008236
обращение 0,013423 0,000026
провести 1,919593 0,000631
это 0,013423 0,000071
холодное 3,624341 0,003574
массовый 0,013423 0,000004
обработка 0,013423 0,000022
равный 3,624341 0,001191
код 3,218876 0,001058
давность 3,912023 0,002572
два 1,514128 0,000995
ограничить 2,525729 0,002491
новость 0,006689 0,000059
оспорить 5,010635 0,008236
сделка 3,064725 0,001007
остальной 2,177422 0,000716
доступный 2,302585 0,001514
льготный 3,064725 0,001007
пристав 3,624341 0,008340
зарегистрироваться 0,013423 0,000026
пожаловаться 0,006689 0,000002
стартовый 5,010635 0,001647
войти 0,006689 0,000011
управлять 3,401197 0,023480
мособлеирц 5,010635 0,001647
купля 5,010635 0,001647
лишение 3,218876 0,001058
радио 0,274437 0,000180
солидарно 5,010635 0,001647
пригласить 2,708050 0,000890
защита 0,013423 0,000018
регистрация 0,013423 0,000026
буква 3,401197 0,001118
включить 3,624341 0,001191
минимум 2,371578 0,000780
особый 1,752539 0,002881
начислить 4,317488 0,005677
рубль 2,302585 0,005299
восстановление 0,013423 0,000022
заключить 3,064725 0,001007
объект 2,708050 0,000890
несвоевременный 4,317488 0,002839
учитывать 2,813411 0,001850
затем 1,791759 0,000589
программа 1,919593 0,000631
мфц 3,218876 0,013756
потреблять 5,010635 0,001647
действие 0,013423 0,000004
релиз 0,013423 0,000004
первый 0,883501 0,000290
означать 3,401197 0,002236
лист 2,708050 0,001780
предусматривать 4,317488 0,001419
обязательный 0,013423 0,000031
ошибка 0,013423 0,000013
детально 5,010635 0,001647
значение 2,238047 0,000736
вопрос 0,006689 0,000013
деятельность 2,612740 0,000859
поскольку 2,612740 0,001718
компания 1,919593 0,013883
произвести 3,624341 0,001191
размер 2,014903 0,002649
переход 3,912023 0,001286
ваш 0,013423 0,000079
имя 0,013423 0,000026
заплатить 3,912023 0,003858
многоквартирный 5,010635 0,003294
моральный 5,010635 0,001647
срок 0,013423 0,000053
прокуратура 2,931194 0,000964
зайти 3,624341 0,003574
пользователь 3,401197 0,001118
жку 5,010635 0,014824
продавец 4,317488 0,002839
использование 0,013423 0,000004
неделя 1,181994 0,000389
вступление 3,401197 0,004472
материал 0,013423 0,000044
выезд 3,912023 0,002572
успешно 0,013423 0,000004
взыскивать 5,010635 0,004941
лента 0,006689 0,000004
арест 2,445686 0,000804
архивный 1,347074 0,004428
ао 4,317488 0,001419
сфера 0,013423 0,000004
жкх 2,708050 0,046291
проверка 2,708050 0,006232
страница 3,401197 0,001118
месяц 1,003302 0,002309
мочь 1,399717 0,004601
сам 1,875141 0,001233
свидетельство 0,013423 0,000009
комментирование 0,013423 0,000009
приложение 3,064725 0,009067
блокироваться 0,013423 0,000004
улейский 5,010635 0,013177
погасить 4,317488 0,011354
правило 0,013423 0,000031
применение 0,013423 0,000009
дать 0,013423 0,000026
персональный 0,013423 0,000044
пресс 0,013423 0,000009
иск 2,612740 0,003436
действовать 2,445686 0,001608
возможный 1,576648 0,000518
смысл 2,708050 0,000890
обогрев 4,317488 0,001419
минимальный 2,708050 0,000890
смочь 0,006689 0,000002
перенаправляться 5,010635 0,001647
оказываться 3,401197 0,001118
готовый 0,006689 0,000004
признать 1,966113 0,001293
чужой 3,624341 0,001191
дата 0,006689 0,000004
постановление 3,218876 0,003174
одноклассник 0,013423 0,000009
недопустимый 0,013423 0,000004
вы 0,013423 0,000004
восстановить 0,013423 0,000004
просто 1,714798 0,000564
гк 4,317488 0,001419
узнать 2,014903 0,012585
россия 0,006689 0,000026
сдать 3,912023 0,001286
горячий 1,966113 0,001939
судебный 2,612740 0,012883
свой 0,867501 0,000285
принудительно 5,010635 0,001647
электроэнергия 3,912023 0,009002
нужда 3,912023 0,001286
заканчивать 5,010635 0,001647
получиться 2,177422 0,000716
отключение 3,624341 0,010723
напор 5,010635 0,001647
проведение 2,177422 0,000716
компенсировать 3,218876 0,001058
объём 2,445686 0,001608
принудительный 4,317488 0,001419
грамотность 3,912023 0,001286
оплата 3,624341 0,025020
услуга 2,445686 0,024923
необходимость 2,177422 0,000716
сайт 0,013423 0,000071
др 4,317488 0,002839
полезный 0,143101 0,000047
галочка 0,013423 0,000004
заблокировать 0,013423 0,000009
намерение 4,317488 0,001419
поддерживаетсяполучить 0,013423 0,000004
другой 0,013423 0,000026
погашать 5,010635 0,001647
унитарный 0,013423 0,000013
давать 0,013423 0,000009
рабочий 2,708050 0,001780
отправка 0,013423 0,000004
ход 2,238047 0,000736
раскалить 4,317488 0,001419
число 1,643339 0,001080
выдать 3,064725 0,001007
причина 2,066196 0,002717
капремонт 5,010635 0,006589
расходоваться 5,010635 0,001647
сбербанк 3,624341 0,001191
накопиться 5,010635 0,003294
кондратюк 3,912023 0,002572
путём 3,401197 0,001118
востребовать 4,317488 0,001419
ребёнок 1,514128 0,000498
жк 5,010635 0,004941
доход 3,218876 0,002116
приемлемый 4,317488 0,001419
издержка 4,317488 0,001419
реализация 3,064725 0,001007
договор 2,931194 0,004818
авторизация 0,013423 0,000004
религия 0,283247 0,000093
рейтинг 0,006689 0,000002
форма 0,013423 0,000053
соцнаём 5,010635 0,006589
дом 1,514128 0,003484
егрн 4,317488 0,001419
показатель 2,931194 0,000964
взыскание 4,317488 0,009935
прекращать 3,912023 0,001286
регулирование 3,218876 0,001058
принцип 3,218876 0,001058
любой 1,576648 0,002073
жалоба 3,624341 0,002383
гражданский 2,371578 0,000780
подъезд 4,317488 0,001419
недвижимость 0,292136 0,000384
указание 3,912023 0,001286
удобный 2,931194 0,000964
граница 2,931194 0,000964
календарный 3,624341 0,001191
тема 0,013423 0,000013
объяснить 2,612740 0,001718
сервис 0,174353 0,000229
прибор 3,912023 0,002572
дискуссия 0,013423 0,000009
загрузиться 5,010635 0,001647
служба 0,006689 0,000011
заметить 0,013423 0,000004
заниматься 3,218876 0,001058
здоровье 1,832581 0,000602
приказ 3,401197 0,003354
технический 2,612740 0,000859
копиться 5,010635 0,001647
точный 3,624341 0,001191
мизерный 5,010635 0,001647
рекомендательный 0,013423 0,000004
эксплуатация 3,401197 0,001118
актуальный 3,401197 0,003354
медиабанк 1,321756 0,003476
обратиться 2,302585 0,008326
медиабанкработа 3,401197 0,001118
доказательный 5,010635 0,001647
максимум 2,931194 0,000964
унаследовать 5,010635 0,001647
управление 2,371578 0,000780
добровольно 4,317488 0,001419
исполнительный 3,624341 0,005957
который 0,603916 0,002184
наталья 2,525729 0,003321
например 1,714798 0,009583
фссп 3,624341 0,003574
уведомить 3,912023 0,002572
авторизоваться 0,013423 0,000013
начисляться 4,317488 0,002839
уверенный 5,010635 0,001647
крайний 3,218876 0,001058
выбрать 0,013423 0,000026
рассказать 0,933098 0,000307
акт 3,218876 0,001058
случай 1,643339 0,006483
наименование 3,912023 0,002572
коммунальщик 3,064725 0,001007
жилец 5,010635 0,004941
новыесначала 0,013423 0,000004
нужный 1,643339 0,001621
медиабанксправочный 5,010635 0,001647
предоставить 2,066196 0,000679
свет 2,708050 0,002671
примерно 2,177422 0,000716
место 1,272966 0,000418
государство 2,177422 0,001432
никакой 2,708050 0,000890
задолженность 3,912023 0,070730
вакансия 0,013423 0,000004
мы 0,013423 0,000031
участие 0,006689 0,000002
использовать 0,013423 0,000009
наследник 5,010635 0,009883
опечатка 0,013423 0,000004
образоваться 3,218876 0,001058
каждый 1,399717 0,001380
расти 3,624341 0,001191
онлайн 0,013423 0,000040
общедомовой 5,010635 0,003294
маленький 2,371578 0,000780
осуществляться 0,013423 0,000004
поставщик 3,218876 0,014814
раздел 2,525729 0,004151
апрель 0,013423 0,000004
категория 1,576648 0,000518
начинать 2,445686 0,000804
счётчик 5,010635 0,006589
финансовый 1,714798 0,001691
составить 2,931194 0,002891
федеральный 0,013423 0,000026
справка 1,791759 0,002356
обязать 2,813411 0,002775
браться 3,624341 0,001191
выселение 5,010635 0,004941
переходить 3,912023 0,002572
начислять 4,317488 0,004258
официальный 2,177422 0,000716
понимать 2,708050 0,000890
попробовать 0,013423 0,000004
заполнение 0,013423 0,000031
внимание 0,013423 0,000009
принимать 0,013423 0,000004
возможность 1,752539 0,000576
отключать 5,010635 0,001647
выпуск 0,013423 0,000004
информация 2,066196 0,006113
надзор 0,013423 0,000004
ввести 2,931194 0,002891
втб 3,912023 0,001286
очень 1,678431 0,000552
миллион 2,445686 0,002412
предприятие 0,013423 0,000013
наука 0,283247 0,000279
какой 1,399717 0,000920
наличие 3,064725 0,008060
обратный 0,013423 0,000031
произойти 0,013423 0,000004
проверить 2,302585 0,007569
