懈褋褌械褔褜 0,013423 0,000023
邪谢械泻褋邪薪写褉芯胁 5,010635 0,008536
谢械薪褌邪 0,006689 0,000023
蟹邪泻芯薪薪褘泄 0,013423 0,000023
薪芯胁褘泄 0,006689 0,000023
薪邪泄褌懈 0,013423 0,000023
锌懈褋褜屑芯 0,013423 0,000046
写械褟褌械谢懈芯斜褖械褋褌胁械薪薪褘泄 5,010635 0,008536
褋褎械褉邪 0,013423 0,000023
褝谢械泻褌褉芯薪薪褘泄 0,013423 0,000023
褋锌邪褋懈斜芯 0,013423 0,000023
褋锌芯褉褌 0,190354 0,000324
褉邪褋褕懈褉懈褌褜 0,006689 0,000011
邪褎褎谢械泻 5,010635 0,008536
屑械褋褟褑 1,003302 0,001709
褋胁懈写械褌械谢褜褋褌胁芯 0,013423 0,000023
褋芯谐谢邪褋懈械 0,013423 0,000046
褑械薪褌褉 0,166448 0,000284
泻芯屑屑械薪褌懈褉芯胁邪薪懈械 0,013423 0,000046
写芯褋褌褍锌 0,013423 0,000046
斜谢芯泻懈褉芯胁邪褌褜褋褟 0,013423 0,000023
屑懈邪 0,013423 0,000046
蟹邪写邪褌褜 0,013423 0,000023
褋胁褟蟹邪褌褜褋褟 0,013423 0,000137
褔械谢芯胁械泻 1,118815 0,003812
锌褉邪胁懈谢芯 0,013423 0,000114
褋芯褏褉邪薪懈褌褜 0,013423 0,000023
谐 0,013423 0,000046
褉械泻谢邪屑邪 0,013423 0,000046
写卸芯褉写卸懈芯 4,317488 0,007355
褎芯褌芯 0,013423 0,000023
锌芯谢懈褌懈泻邪 0,013423 0,000114
屑邪褉懈薪邪 3,912023 0,006664
褋胁褟蟹褜 0,006689 0,000091
锌褉懈屑械薪械薪懈械 0,013423 0,000023
胁蟹邪懈屑芯写械泄褋褌胁懈械 0,013423 0,000046
芯 0,013423 0,000023
写邪褌褜 0,013423 0,000046
锌褉械褋褋 0,013423 0,000046
褋芯谐谢邪褋薪褘泄 0,013423 0,000069
锌械褉褋芯薪邪谢褜薪褘泄 0,013423 0,000183
锌械褉械褌褟薪褍褌褜 0,013423 0,000023
褌械褔械薪懈械 0,013423 0,000023
械褖械胁褋械邪泻褌械褉褘邪褉褏懈褌械泻褌芯褉褘斜懈蟹薪械褋屑械薪褘斜谢芯谐械褉褘胁芯械薪薪褘械写懈蟹邪泄薪械褉褘卸褍褉薪邪谢懈褋褌褘懈褋褌芯褉懈褔械褋泻懈泄 5,010635 0,008536
褋屑芯褔褜 0,006689 0,000011
懈褋锌芯谢褜蟹芯胁邪褌褜褋褟 0,006689 0,000011
谐芯褌芯胁褘泄 0,006689 0,000023
写邪褌邪 0,006689 0,000011
屑懈褉 0,223144 0,000760
锌褉芯泄褌懈 0,006689 0,000011
蟹邪谐芯谢芯胁芯泻 0,013423 0,000046
芯写薪芯泻谢邪褋褋薪懈泻 0,013423 0,000046
薪械写芯锌褍褋褌懈屑褘泄 0,013423 0,000023
懈薪褎芯褉屑邪褑懈芯薪薪褘泄 0,013423 0,000091
胁褘 0,013423 0,000023
褎懈芯 0,013423 0,000023
胁芯褋褋褌邪薪芯胁懈褌褜 0,013423 0,000023
锌芯卸邪谢褍泄褋褌邪 0,013423 0,000023
褉邪褋褋屑芯褌褉械褌褜 0,013423 0,000023
褉邪褋锌芯谢芯卸懈褌褜 0,013423 0,000046
锌械胁懈褑邪 4,317488 0,007355
胁械褉褋懈褟 0,013423 0,000023
胁褉械屑褟 0,013423 0,000046
薪懈卸械 0,013423 0,000069
泻薪芯锌泻邪 0,013423 0,000023
褉芯褋褋懈褟 0,006689 0,000091
斜懈芯谐褉邪褎懈褟 3,624341 0,006174
褌械谐 0,190354 0,000324
蟹邪褉械谐懈褋褌褉懈褉芯胁邪褌褜 0,013423 0,000023
褉邪薪械械 0,013423 0,000023
锌芯写泻邪褋褌 0,292136 0,000498
谐谢邪胁薪褘泄 0,013423 0,000023
锌褉芯斜谢械屑邪 0,013423 0,000023
写邪薪薪褘械 0,013423 0,000183
锌芯锌褍谢褟褉薪褘泄 1,752539 0,002986
谐芯褉芯写 0,013423 0,000023
褉邪蟹斜谢芯泻懈褉芯胁邪褌褜 0,013423 0,000069
褎芯褌芯谐褉邪褎懈褟 0,013423 0,000023
褋邪泄褌 0,013423 0,000069
锌芯谢械 0,013423 0,000183
褔邪褋 0,013423 0,000046
斜械薪 5,010635 0,008536
写卸械褋褋懈泻邪 4,317488 0,007355
褔邪褌 0,013423 0,000046
胁械褉邪 3,401197 0,005794
锌芯谢械蟹薪褘泄 0,143101 0,000244
薪芯胁芯褋褌械泄屑芯谢薪懈褟 0,013423 0,000023
薪邪锌懈褋邪褌褜 0,013423 0,000023
谐邪谢芯褔泻邪 0,013423 0,000023
蟹邪斜谢芯泻懈褉芯胁邪褌褜 0,013423 0,000046
锌械褉械褌邪褖懈褌褜 0,013423 0,000069
褋芯谐谢邪褕邪褌褜褋褟 0,013423 0,000023
褌褍褉懈蟹屑 0,283247 0,000483
褋薪邪褔邪谢邪 0,013423 0,000023
锌芯写写械褉卸懈胁邪械褌褋褟锌芯谢褍褔懈褌褜 0,013423 0,000023
邪写褉械褋 0,013423 0,000114
褋胁械褉薪褍褌褜 5,010635 0,008536
写褉褍谐芯泄 0,013423 0,000069
褋芯芯褌胁械褌褋褌胁懈械 0,013423 0,000046
写械褟褌械谢懈锌械胁褑褘锌懈褋邪褌械谢懈锌芯谢懈褌懈泻懈褉械卸懈褋褋械褉褘褉械谢懈谐懈芯蟹薪褘泄 5,010635 0,008536
褍薪懈褌邪褉薪褘泄 0,013423 0,000069
写邪胁邪褌褜 0,013423 0,000046
锌芯泻邪蟹邪褌褜 0,013423 0,000023
芯褌锌褉邪胁泻邪 0,013423 0,000023
蟹薪邪屑械薪懈褌褘泄 3,624341 0,006174
蟹邪谐褉褍蟹懈褌褜 0,013423 0,000046
薪邪锌褉邪胁谢械薪懈械 0,013423 0,000023
褌械谢械褎芯薪 0,013423 0,000023
锌邪褉芯谢褜 0,013423 0,000252
褉械写邪泻褑懈褟 0,013423 0,000069
褋褑械薪邪褉懈褋褌 5,010635 0,008536
褍写邪谢懈褌褜 0,013423 0,000091
褕芯褍屑械薪 5,010635 0,008536
懈褉懈薪邪 2,931194 0,009987
胁褏芯写 0,013423 0,000046
写芯谢卸薪褘泄 0,013423 0,000023
芯锌懈褋邪褌褜 0,013423 0,000023
褉械卸懈褋褋褢褉 3,624341 0,012349
褉邪蟹屑械褖械薪懈械 0,013423 0,000023
褋泻芯谢褜泻芯 0,006689 0,000011
邪胁褌芯褉 0,013423 0,000023
胁褋械邪斜胁谐写械褢卸蟹懈泄泻谢屑薪芯锌褉褋褌褍褎褏褑褔褕褖褘褝械胁邪褌褜 5,010635 0,008536
褋褌邪褉褘泄 0,013423 0,000023
褋芯芯斜褖械薪懈械 0,013423 0,000320
锌褉芯懈褋褕械褋褌胁懈械 0,292136 0,000498
锌芯写褌胁械褉写懈褌褜 0,013423 0,000023
锌芯写褌胁械褉卸写邪褌褜 0,013423 0,000023
谐邪胁褉懈谢芯胁 0,013423 0,000023
褍褔褉械写懈褌械谢褜 0,013423 0,000023
邪胁褌芯褉懈蟹邪褑懈褟 0,013423 0,000023
褉械谢懈谐懈褟 0,283247 0,000483
褉械泄褌懈薪谐 0,006689 0,000011
谢懈褔薪芯褋褌懈泻芯屑锌芯蟹懈褌芯褉褘屑芯写械谢懈屑褍蟹褘泻邪薪褌褘薪邪褍褔薪褘泄 5,010635 0,008536
褎芯褉屑邪 0,013423 0,000274
褋褋褘谢泻邪 0,013423 0,000091
泻芯屑屑褍薪懈泻邪褑懈褟 0,013423 0,000023
卸褍褉薪邪谢懈褋褌 3,064725 0,005221
屑芯泄 0,013423 0,000114
泻褍谢褜褌褍褉邪 0,292136 0,000498
胁邪谢械褉懈泄 3,064725 0,005221
邪褉褏懈胁 0,190354 0,000324
锌芯屑芯褔褜 0,013423 0,000023
斜懈蟹薪械褋胁褍屑械薪 5,010635 0,008536
褋褌邪褌褜褟 0,013423 0,000023
芯锌懈褋邪薪懈械 0,013423 0,000023
锌褉芯褑械褋褋 0,013423 0,000023
锌械褉褎懈谢芯胁褘泄 5,010635 0,008536
薪械写胁懈卸懈屑芯褋褌褜 0,292136 0,000498
褉芯褋泻芯屑薪邪写蟹芯褉 0,013423 0,000023
褌械褏薪芯谢芯谐懈褟 0,013423 0,000046
邪谢械薪褌芯胁褘泄 4,317488 0,007355
褉械写邪泻褌芯褉 0,013423 0,000023
邪泻褌褉懈褋邪 3,401197 0,028971
泻芯薪褌邪泻褌 0,013423 0,000023
屑芯褋泻胁邪 0,006689 0,000023
胁芯褋锌芯谢褜蟹芯胁邪褌褜褋褟 0,013423 0,000091
褌械屑邪 0,013423 0,000069
褋械褉胁懈褋 0,174353 0,000297
谐芯褋褍写邪褉褋褌胁械薪薪褘泄 0,013423 0,000069
写懈褋泻褍褋褋懈褟 0,013423 0,000046
褋胁褟蟹邪薪薪褘泄 0,013423 0,000046
褋谢褍卸斜邪 0,006689 0,000011
褉懈邪 0,006689 0,000011
蟹邪屑械褌懈褌褜 0,013423 0,000023
械泻邪褌械褉懈薪邪 2,445686 0,004166
蟹邪泻褉褘褌褘泄 0,013423 0,000023
芯斜褉邪褖邪褌褜 0,013423 0,000023
褉械泻芯屑械薪写邪褌械谢褜薪褘泄 0,013423 0,000023
写邪谢械械 0,013423 0,000046
邪褉屑邪薪懈 4,317488 0,007355
谐芯写 0,006689 0,000023
屑邪泻褋懈屑 2,525729 0,004303
褏芯褌械褌褜 0,006689 0,000011
芯褌泻褉褘胁邪褌褜 0,013423 0,000046
锌械褉械泄褌懈 0,013423 0,000023
屑械卸写褍薪邪褉芯写薪褘泄 0,013423 0,000069
邪薪写褉械械胁 2,708050 0,004613
芯斜褉邪褖械薪懈械 0,013423 0,000069
邪谐械薪褌褋褌胁芯 0,013423 0,000091
邪谢谢邪 5,010635 0,008536
邪谢褎褢褉芯胁 5,010635 0,008536
写懈蟹邪泄薪械褉 5,010635 0,008536
褋锌械褑锌褉芯械泻褌 0,190354 0,000324
屑邪褋褋芯胁褘泄 0,013423 0,000023
芯斜褉邪斜芯褌泻邪 0,013423 0,000114
褝褌芯 0,013423 0,000023
邪胁褌芯褉懈蟹芯胁邪褌褜褋褟 0,013423 0,000046
胁褘斜褉邪褌褜 0,013423 0,000069
褋械谐芯写薪褟 0,013423 0,000114
薪芯胁芯褋褌褜 0,006689 0,000023
锌褉芯褋懈褌褜 0,013423 0,000023
薪芯胁褘械褋薪邪褔邪谢邪 0,013423 0,000023
邪泻褌褢褉 2,371578 0,004040
斜懈蟹薪械褋屑械薪 4,317488 0,007355
蟹邪褉械谐懈褋褌褉懈褉芯胁邪褌褜褋褟 0,013423 0,000114
锌芯卸邪谢芯胁邪褌褜褋褟 0,006689 0,000011
邪谢褜斜邪 5,010635 0,008536
胁芯泄褌懈 0,006689 0,000046
褕邪锌泻邪 0,013423 0,000023
芯褌锌褉邪胁懈褌褜 0,013423 0,000320
锌褉芯写芯谢卸懈褌褜 0,006689 0,000011
褉械褕械薪懈械 0,006689 0,000011
芯蟹薪邪泻芯屑懈褌褜 0,013423 0,000023
邪锌械泻褋懈屑芯胁 5,010635 0,008536
胁邪泻邪薪褋懈褟 0,013423 0,000023
褝谢 0,013423 0,000023
屑褘 0,013423 0,000160
锌褉芯褋褌邪胁谢褟褌褜 0,013423 0,000023
邪胁械褉懈薪 4,317488 0,007355
褉邪写懈芯 0,274437 0,000468
褍褔邪褋褌懈械 0,006689 0,000011
邪泻泻邪褍薪褌 0,013423 0,000114
褝泻芯薪芯屑懈泻邪 0,292136 0,000498
蟹邪褖懈褌邪 0,013423 0,000091
褉械谐懈褋褌褉邪褑懈褟 0,013423 0,000114
芯斜褋褍卸写械薪懈械 0,013423 0,000046
芯锌械褔邪褌泻邪 0,013423 0,000023
懈褋锌芯谢褜蟹芯胁邪褌褜 0,013423 0,000023
锌芯褔械屑褍 0,013423 0,000023
胁芯褋褋褌邪薪芯胁谢械薪懈械 0,013423 0,000091
芯薪谢邪泄薪 0,013423 0,000023
锌芯褔褌邪 0,013423 0,000160
斜谢芯泻懈褉芯胁泻邪 0,013423 0,000091
芯褋褍褖械褋褌胁谢褟褌褜褋褟 0,013423 0,000023
邪锌褉械谢褜 0,013423 0,000023
胁泻芯薪褌邪泻褌械 0,013423 0,000046
褎邪屑懈谢懈褟 0,013423 0,000023
谢芯谐懈薪 0,013423 0,000023
泻芯薪褎懈写械薪褑懈邪谢褜薪芯褋褌褜 0,013423 0,000091
薪邪褉褍褕械薪懈械 0,013423 0,000069
薪邪胁褋械谐写邪 0,013423 0,000023
写械褟褌械谢懈褋锌芯褉褌褋屑械薪褘褋褑械薪邪褉懈褋褌褘褌械谢械胁械写褍褖懈械褏褍写芯卸薪懈泻懈褞屑芯褉懈褋褌 5,010635 0,008536
褟薪写械泻褋 0,013423 0,000046
写械泄褋褌胁懈械 0,013423 0,000023
谢懈斜芯 0,013423 0,000023
褎械写械褉邪谢褜薪褘泄 0,013423 0,000091
褉械谢懈蟹 0,013423 0,000023
薪邪卸懈屑邪褌褜 0,013423 0,000023
薪邪蟹邪写 0,013423 0,000114
褋锌懈褋芯泻 0,013423 0,000023
锌芯懈褋泻 0,013423 0,000023
芯斜褟蟹邪褌械谢褜薪褘泄 0,013423 0,000160
芯褕懈斜泻邪 0,013423 0,000069
褌械谢械胁械写褍褖懈泄 4,317488 0,007355
胁芯锌褉芯褋 0,006689 0,000046
蟹褍斜芯胁褋泻懈泄 0,013423 0,000046
锌芯锌褉芯斜芯胁邪褌褜 0,013423 0,000023
蟹邪锌芯谢薪械薪懈械 0,013423 0,000160
蟹邪锌芯谢薪懈褌褜 0,013423 0,000160
胁薪懈屑邪薪懈械 0,013423 0,000023
锌械褉褋芯薪邪 5,010635 0,008536
锌褉懈薪懈屑邪褌褜 0,013423 0,000023
胁邪褕 0,013423 0,000366
芯斜褖械褋褌胁芯 0,257045 0,000438
懈屑褟 0,013423 0,000114
胁褘锌褍褋泻 0,013423 0,000023
褋褉芯泻 0,013423 0,000046
芯褋薪芯胁邪薪懈械 0,013423 0,000023
懈蟹写邪薪懈械 0,013423 0,000023
斜褍谢褜胁邪褉 0,013423 0,000046
褋械褌械胁芯泄 0,013423 0,000023
薪邪写蟹芯褉 0,013423 0,000023
懈褋锌芯谢褜蟹芯胁邪薪懈械 0,013423 0,000023
胁薪芯胁褜 0,013423 0,000023
薪械写械谢褟 1,181994 0,002014
褋邪屑褘泄 0,967584 0,001648
褋屑械薪懈褌褜 0,013423 0,000023
锌褉械写锌褉懈褟褌懈械 0,013423 0,000069
褋锌芯褋芯斜 0,013423 0,000046
屑邪褌械褉懈邪谢 0,013423 0,000183
薪邪褍泻邪 0,283247 0,000483
褍褔邪褋褌胁芯胁邪褌褜 0,013423 0,000046
褋芯芯斜褖懈褌褜 0,013423 0,000023
芯斜褉邪褌薪褘泄 0,013423 0,000160
锌褉芯写褍泻褌 0,135438 0,000231
锌褉芯懈蟹芯泄褌懈 0,013423 0,000023
斜褘褌褜 0,013423 0,000023
褍褋锌械褕薪芯 0,013423 0,000023
褋泻褉懈薪褕芯褌 0,013423 0,000069
