долгий 3,218876 0,002484
васаби 5,010635 0,017398
законный 0,013423 0,000005
паприка 3,624341 0,001398
рыбный 3,218876 0,004967
найти 0,013423 0,000005
текстура 3,064725 0,004730
разниться 5,010635 0,001933
письмо 0,013423 0,000010
спасибо 0,013423 0,000005
мясистость 5,010635 0,001933
расширить 0,006689 0,000003
стиль 3,218876 0,001242
северо 5,010635 0,001933
согласие 0,013423 0,000010
микроволновка 4,317488 0,008328
прохладный 3,624341 0,002797
связаться 0,013423 0,000031
вода 1,576648 0,036496
немного 2,177422 0,002520
реклама 0,013423 0,000005
фото 0,013423 0,000010
морепродукт 3,912023 0,024148
связь 0,006689 0,000021
кастрюля 2,371578 0,008235
запас 3,401197 0,002624
повар 2,238047 0,007771
сочность 3,624341 0,006991
природа 3,218876 0,001242
перемешать 2,238047 0,006044
пройти 0,006689 0,000003
заголовок 0,013423 0,000010
информационный 0,013423 0,000021
шаг 1,791759 0,008295
необходимый 2,238047 0,000863
сложность 2,371578 0,002745
обжаривать 3,624341 0,002797
рассмотреть 0,013423 0,000005
расположить 0,013423 0,000010
майо 5,010635 0,007732
быстро 2,177422 0,004200
называть 2,120264 0,000818
загрязнение 5,010635 0,001933
шоковый 4,317488 0,001666
очистить 2,238047 0,006908
готовить 1,966113 0,006827
сильный 1,919593 0,001481
главный 0,013423 0,000005
проблема 0,013423 0,000005
режим 2,066196 0,002391
данные 0,013423 0,000041
также 1,139434 0,000440
обитать 3,912023 0,001509
сладко 5,010635 0,001933
фотография 0,013423 0,000005
приправа 3,912023 0,001509
предварительно 2,931194 0,001131
допускать 3,401197 0,001312
легко 1,791759 0,001383
неочищенный 5,010635 0,019331
разложить 3,218876 0,004967
соглашаться 0,013423 0,000005
россиянин 1,576648 0,000608
сначала 0,013423 0,000005
употреблять 3,401197 0,001312
полупрозрачный 5,010635 0,001933
микроволновой 4,317488 0,001666
удалить 0,013423 0,000041
слой 2,813411 0,001085
размещение 0,013423 0,000005
сколько 0,006689 0,000015
запекать 3,218876 0,001242
посоветовать 3,624341 0,001398
ресторан 3,912023 0,003019
один 1,098612 0,001695
оттенок 2,612740 0,001008
иметь 1,544899 0,000596
совет 1,226446 0,001893
полностью 2,014903 0,001555
длина 4,317488 0,001666
самостоятельный 3,912023 0,001509
кожура 2,813411 0,001085
минута 1,226446 0,016561
шеф 2,238047 0,008634
часто 2,371578 0,001830
вена 3,912023 0,003019
деликатес 4,317488 0,004997
частый 2,445686 0,004718
кипяток 2,813411 0,001085
описание 0,013423 0,000005
шт 2,238047 0,001727
метод 2,931194 0,001131
процесс 0,013423 0,000026
залить 2,445686 0,003774
июль 1,609438 0,001242
средиземноморский 3,218876 0,001242
шумовка 5,010635 0,005799
кипеть 3,624341 0,009788
качество 2,177422 0,001680
пудра 4,317488 0,006663
подержать 3,912023 0,001509
струя 4,317488 0,004997
выкладываться 5,010635 0,001933
становиться 2,177422 0,000840
опустить 3,624341 0,005593
значимый 5,010635 0,001933
встречаться 3,401197 0,001312
поставить 2,014903 0,005441
сигнал 2,931194 0,002262
гриль 3,912023 0,004528
пятаковый 3,912023 0,003019
наполнить 3,912023 0,001509
перейти 0,013423 0,000057
подготовка 2,177422 0,008401
сыр 2,708050 0,001045
нужно 1,455287 0,003369
оглавление 1,791759 0,000691
замариновать 3,912023 0,003019
порция 2,238047 0,000863
огонь 1,966113 0,005310
еда 2,177422 0,004200
взять 1,832581 0,002121
варка 3,401197 0,035429
стоить 1,678431 0,001295
петрушка 2,813411 0,002171
менять 2,525729 0,001949
вариться 4,317488 0,006663
средний 1,832581 0,002828
отварить 2,813411 0,001085
горошек 3,912023 0,007546
маркетинговый 3,912023 0,001509
эл 0,013423 0,000005
идеально 2,612740 0,001008
корзина 3,912023 0,003019
охлаждение 3,401197 0,009185
почему 0,013423 0,000005
быстрый 1,714798 0,000662
хороший 1,059392 0,000409
добавить 1,514128 0,008762
внушительный 4,317488 0,001666
красный 1,966113 0,000759
испортить 3,912023 0,001509
каллиник 3,401197 0,002624
готовиться 2,931194 0,004523
вкусный 1,752539 0,002705
значит 2,612740 0,001008
линдерхоф 5,010635 0,003866
вконтакте 0,013423 0,000010
логин 0,013423 0,000005
конфиденциальность 0,013423 0,000021
нарушение 0,013423 0,000016
навсегда 0,013423 0,000005
контейнер 3,218876 0,001242
назад 0,013423 0,000026
остудить 2,931194 0,001131
разводить 5,010635 0,001933
список 0,013423 0,000005
запекание 3,624341 0,001398
масса 2,813411 0,004342
желание 2,813411 0,001085
азбука 4,317488 0,003331
приобрести 2,302585 0,000888
концепт 5,010635 0,005799
зубовский 0,013423 0,000010
заполнить 0,013423 0,000036
ориентироваться 4,317488 0,003331
сохранять 3,401197 0,001312
общество 0,257045 0,000298
резиновый 5,010635 0,001933
голова 2,612740 0,004032
промыть 2,612740 0,006048
основание 0,013423 0,000005
лимон 3,064725 0,013006
нечасто 5,010635 0,001933
издание 0,013423 0,000005
бульвар 0,013423 0,000010
активный 2,813411 0,001085
засыпать 3,624341 0,001398
сетевой 0,013423 0,000005
подсолить 3,624341 0,001398
потребоваться 2,525729 0,000974
бытовой 3,912023 0,003019
безвкусный 4,317488 0,001666
вновь 0,013423 0,000005
мина 2,445686 0,002831
сменить 0,013423 0,000005
рецептыобществопродуктыедакулинарияроссия 4,317488 0,001666
подаваться 3,401197 0,005249
добавка 3,401197 0,003937
участвовать 0,013423 0,000010
сообщить 0,013423 0,000005
быть 0,013423 0,000016
подразумевать 3,912023 0,001509
пошаговый 1,455287 0,000561
доготовить 5,010635 0,001933
половинка 3,401197 0,001312
кориандр 4,317488 0,001666
скриншот 0,013423 0,000016
истечь 0,013423 0,000005
налить 3,218876 0,003726
отмечать 1,399717 0,000540
привкус 3,912023 0,001509
приготовить 1,643339 0,000634
спинка 4,317488 0,001666
прижиматься 5,010635 0,005799
торопиться 5,010635 0,001933
есть 3,624341 0,001398
электронный 0,013423 0,000005
установить 2,302585 0,000888
лишний 2,931194 0,001131
этот 1,514128 0,001752
пряный 3,218876 0,001242
сохранить 0,013423 0,000016
угольный 5,010635 0,001933
ложка 2,525729 0,002923
основной 2,371578 0,000915
взаимодействие 0,013423 0,000010
илья 3,218876 0,007451
кипение 2,931194 0,005654
альтернативный 3,624341 0,005593
согласный 0,013423 0,000016
перетянуть 0,013423 0,000005
ёмкость 3,401197 0,002624
использоваться 0,006689 0,000005
важно 2,120264 0,000818
гораздо 3,218876 0,002484
бросать 4,317488 0,001666
рассол 5,010635 0,013532
раз 3,064725 0,002365
магазин 3,064725 0,005912
оставить 1,966113 0,002276
фио 0,013423 0,000005
варьироваться 3,401197 0,001312
кирилл 1,875141 0,001447
пожалуйста 0,013423 0,000005
всплывать 5,010635 0,003866
фестиваль 2,931194 0,002262
стол 1,832581 0,002828
необходимо 1,791759 0,002074
обитание 5,010635 0,003866
версия 0,013423 0,000005
ниже 0,013423 0,000016
снижать 3,218876 0,001242
разогревать 3,624341 0,002797
смотреть 1,966113 0,002276
аккуратно 2,813411 0,005427
измельчить 2,931194 0,001131
помешивать 3,218876 0,002484
обычно 2,813411 0,003256
медиабанккреветка 5,010635 0,003866
зарегистрировать 0,013423 0,000005
розмарин 4,317488 0,001666
вытащить 3,624341 0,001398
популярный 1,752539 0,001352
гид 3,912023 0,001509
поле 0,013423 0,000041
холодноводный 5,010635 0,001933
сладость 2,445686 0,000944
перетащить 0,013423 0,000016
особенность 2,120264 0,002454
положить 1,966113 0,000759
мелкий 2,371578 0,002745
адрес 0,013423 0,000026
соответствие 0,013423 0,000010
креветка 2,813411 0,172582
оставаться 2,238047 0,000863
загрузить 0,013423 0,000010
направление 0,013423 0,000005
телефон 0,013423 0,000005
редакция 0,013423 0,000016
чёрный 2,238047 0,004317
федоренко 5,010635 0,003866
холодникнуть 4,317488 0,001666
сочетание 2,708050 0,001045
термообработка 5,010635 0,001933
должный 0,013423 0,000052
комок 5,010635 0,003866
термический 3,624341 0,004195
автор 0,013423 0,000005
старый 0,013423 0,000005
сообщение 0,013423 0,000073
достать 3,218876 0,004967
недостаточно 3,064725 0,001182
нижний 2,813411 0,002171
подавать 2,302585 0,006218
томить 4,317488 0,001666
печь 3,624341 0,001398
ингредиент 1,919593 0,002962
подтвердить 0,013423 0,000005
деликатный 5,010635 0,003866
майонез 3,218876 0,004967
излишек 3,401197 0,001312
ярко 4,317488 0,004997
снять 2,371578 0,002745
эксперт 1,373049 0,000530
длительный 3,064725 0,002365
посуда 2,813411 0,003256
свежеть 3,401197 0,001312
неправильный 3,401197 0,001312
поверхность 2,813411 0,003256
намного 4,317488 0,001666
серо 5,010635 0,001933
ароматный 2,302585 0,000888
получаться 2,708050 0,002090
существовать 2,302585 0,001777
статья 0,013423 0,000005
азиатский 3,218876 0,008693
редактор 0,013423 0,000005
фгуп 0,499776 0,000578
получить 0,985284 0,001901
очищать 3,624341 0,001398
хвост 4,317488 0,006663
контакт 0,013423 0,000005
замораживать 5,010635 0,001933
деревянный 3,064725 0,002365
жареный 3,401197 0,003937
государственный 0,013423 0,000016
ножка 5,010635 0,001933
копчёный 3,912023 0,001509
тщательно 2,445686 0,002831
различный 2,525729 0,000974
связанный 0,013423 0,000010
риа 0,006689 0,000057
вскипятить 4,317488 0,004997
интенсивно 4,317488 0,006663
закрытый 0,013423 0,000005
зелёный 2,708050 0,003134
обращать 0,013423 0,000005
год 0,006689 0,000003
максим 2,525729 0,001949
нюанс 3,401197 0,002624
средне 2,813411 0,001085
упаковка 3,912023 0,001509
характерный 3,401197 0,001312
кухня 1,576648 0,003650
акцент 4,317488 0,001666
международный 0,013423 0,000016
кишечный 5,010635 0,003866
сахар 2,525729 0,001949
мангал 3,912023 0,003019
крупный 2,120264 0,006544
краткий 3,912023 0,001509
агентство 0,013423 0,000021
оливковый 3,912023 0,010565
блин 2,014903 0,001555
подобрать 3,218876 0,001242
заморозить 3,218876 0,012419
сегодня 0,013423 0,000041
вместо 2,813411 0,001085
просить 0,013423 0,000005
сразу 1,832581 0,002121
лёд 3,218876 0,013660
острый 2,813411 0,001085
вместе 2,302585 0,000888
чеснок 2,612740 0,008064
учёт 2,813411 0,001085
мусор 4,317488 0,003331
тепловодный 5,010635 0,001933
черноморский 5,010635 0,005799
вкусовой 2,813411 0,002171
отдельно 3,218876 0,004967
шапка 0,013423 0,000005
отправить 0,013423 0,000073
предпочитать 3,401197 0,001312
сохраняться 3,401197 0,001312
продолжить 0,006689 0,000003
решение 0,006689 0,000003
проходить 2,177422 0,000840
ознакомить 0,013423 0,000005
необычный 2,014903 0,000777
очистка 3,912023 0,001509
проставлять 0,013423 0,000005
проточный 5,010635 0,005799
аккаунт 0,013423 0,000026
обсуждение 0,013423 0,000010
миска 2,612740 0,004032
тушка 4,317488 0,001666
почта 0,013423 0,000036
блокировка 0,013423 0,000021
рецепт 1,118815 0,003021
хорошенько 3,912023 0,003019
таблица 3,401197 0,001312
обжарить 3,064725 0,002365
фамилия 0,013423 0,000005
евгений 2,238047 0,001727
краситель 3,624341 0,005593
площадь 3,912023 0,006037
питательный 2,931194 0,001131
яндекс 0,013423 0,000010
увеличиваться 3,624341 0,001398
вдоль 3,912023 0,001509
холодный 2,066196 0,006377
либо 0,013423 0,000010
мощность 3,064725 0,001182
остыть 2,525729 0,000974
понадобиться 2,813411 0,001085
нажимать 0,013423 0,000005
название 2,813411 0,003256
тысяча 1,919593 0,000741
поиск 0,013423 0,000005
бият 4,317488 0,001666
алексей 1,966113 0,001517
продажа 3,218876 0,004967
извлечение 5,010635 0,009666
тимьян 3,912023 0,003019
занять 3,218876 0,001242
приготовиться 4,317488 0,001666
соотношение 3,624341 0,006991
постоянно 2,371578 0,001830
скороварка 5,010635 0,005799
тигровый 4,317488 0,011660
способ 0,013423 0,000036
жёсткий 2,931194 0,002262
высокий 2,238047 0,000863
продукт 0,135438 0,000261
признак 3,064725 0,005912
яркий 2,302585 0,003553
подача 2,120264 0,000818
сбрызгивать 4,317488 0,001666
новый 0,006689 0,000005
шрирач 5,010635 0,007732
пароварка 4,317488 0,004997
размешать 3,624341 0,002797
минога 5,010635 0,001933
гималайский 5,010635 0,001933
аспект 5,010635 0,001933
менее 2,177422 0,001680
важный 1,297063 0,001001
касаться 2,371578 0,000915
доступ 0,013423 0,000010
закипание 3,624341 0,004195
миа 0,013423 0,000026
задать 0,013423 0,000005
помощь 1,321756 0,001020
готовность 2,238047 0,005181
манежный 3,624341 0,002797
г 0,013423 0,000238
ледяной 4,317488 0,003331
сладкий 2,302585 0,001777
варить 2,371578 0,031109
политика 0,013423 0,000021
л 2,525729 0,000974
подходить 2,445686 0,000944
о 0,013423 0,000005
разморозка 5,010635 0,013532
течение 0,013423 0,000005
кипячение 3,912023 0,007546
панцирь 4,317488 0,021654
вариант 1,966113 0,000759
готовка 1,919593 0,005184
поместить 3,064725 0,002365
порошок 3,401197 0,002624
небольшой 2,014903 0,001555
классический 1,752539 0,002028
время 0,013423 0,000114
кнопка 0,013423 0,000005
забыть 3,218876 0,001242
куденко 3,912023 0,003019
ранее 0,013423 0,000005
составлять 2,238047 0,000863
сергей 1,544899 0,001192
город 0,013423 0,000005
разблокировать 0,013423 0,000016
реализовать 3,064725 0,001182
следовать 2,014903 0,000777
час 0,013423 0,000036
армянский 2,708050 0,001045
чат 0,013423 0,000010
новостеймолния 0,013423 0,000005
написать 0,013423 0,000005
зависимость 1,966113 0,005310
северный 2,177422 0,002520
базилик 3,218876 0,003726
требовать 2,120264 0,001636
убавить 5,010635 0,001933
показать 0,013423 0,000005
медиабанкпродажа 5,010635 0,005799
отсутствие 2,014903 0,000777
основный 1,791759 0,003456
пароль 0,013423 0,000057
требоваться 2,708050 0,003134
вход 0,013423 0,000010
описать 0,013423 0,000005
полчаса 3,401197 0,001312
однородный 3,064725 0,002365
полосатый 4,317488 0,001666
рекомендовать 2,371578 0,000915
приятный 3,218876 0,001242
соус 2,525729 0,021438
лайм 4,317488 0,011660
средиземный 5,010635 0,001933
революция 3,624341 0,002797
обязательно 2,931194 0,002262
интересный 2,177422 0,000840
подтверждать 0,013423 0,000005
плита 3,064725 0,003547
гаврилов 0,013423 0,000005
учредитель 0,013423 0,000005
отрава 5,010635 0,001933
московский 1,678431 0,001295
ссылка 0,013423 0,000021
коммуникация 0,013423 0,000005
инструкция 1,966113 0,000759
мой 0,013423 0,000026
мороженный 5,010635 0,007732
помочь 0,013423 0,000005
извлечь 3,624341 0,001398
удаление 3,624341 0,001398
крошка 4,317488 0,001666
разведение 4,317488 0,001666
выше 3,064725 0,001182
вдвое 5,010635 0,001933
среда 2,612740 0,001008
делать 1,427116 0,000551
газовый 3,624341 0,001398
роскомнадзор 0,013423 0,000005
технология 0,013423 0,000016
закладка 4,317488 0,008328
градус 2,931194 0,001131
хаш 5,010635 0,001933
гурман 5,010635 0,001933
девушка 2,931194 0,001131
похожий 3,401197 0,001312
венчик 3,912023 0,006037
секрет 2,445686 0,001887
москва 0,006689 0,000023
воспользоваться 0,013423 0,000021
глазурь 5,010635 0,001933
соединить 2,708050 0,002090
сорт 2,931194 0,001131
бурлить 5,010635 0,005799
добавлять 1,919593 0,001481
рынок 2,708050 0,004179
большой 1,832581 0,002828
далее 0,013423 0,000010
выделяться 4,317488 0,001666
сковорода 2,525729 0,002923
отварный 3,912023 0,007546
температурный 4,317488 0,001666
забить 2,931194 0,001131
хотеть 0,006689 0,000003
открывать 0,013423 0,000010
порозоветь 5,010635 0,001933
упругий 5,010635 0,001933
разморозить 4,317488 0,009994
повторный 3,064725 0,002365
стать 0,851752 0,000329
достаточно 2,445686 0,002831
разновидность 3,624341 0,001398
нежный 2,177422 0,005040
приобретать 3,064725 0,003547
обращение 0,013423 0,000016
обработка 0,013423 0,000047
это 0,013423 0,000026
массовый 0,013423 0,000005
переложить 3,064725 0,008277
вкус 1,752539 0,007437
лимонный 2,931194 0,001131
два 1,514128 0,000584
новость 0,006689 0,000059
мороженое 3,401197 0,011810
атлантический 5,010635 0,001933
украшать 3,912023 0,001509
остальной 2,177422 0,000840
сантиметр 3,624341 0,005593
селёдка 3,912023 0,001509
зарегистрироваться 0,013423 0,000026
пожаловаться 0,006689 0,000003
жариться 4,317488 0,003331
войти 0,006689 0,000010
измениться 2,813411 0,001085
всплыть 5,010635 0,001933
защита 0,013423 0,000021
регистрация 0,013423 0,000026
буква 3,401197 0,005249
особый 1,752539 0,000676
восстановление 0,013423 0,000021
полка 3,624341 0,001398
сгустить 4,317488 0,008328
литр 3,401197 0,007873
учитывать 2,813411 0,001085
затем 1,791759 0,002074
промысловый 5,010635 0,001933
соль 2,066196 0,012754
действие 0,013423 0,000005
релиз 0,013423 0,000005
латвийский 5,010635 0,001933
вещество 3,624341 0,001398
техника 2,708050 0,002090
аргентинский 3,912023 0,006037
лист 2,708050 0,009403
оранжевый 3,912023 0,003019
прилавок 5,010635 0,001933
слить 3,401197 0,001312
обязательный 0,013423 0,000036
ошибка 0,013423 0,000041
значение 2,238047 0,000863
вопрос 0,006689 0,000010
искусственный 3,218876 0,001242
мягкий 2,445686 0,000944
специализированный 4,317488 0,001666
размер 2,014903 0,010106
неравномерно 5,010635 0,001933
крышка 3,218876 0,007451
ваш 0,013423 0,000083
имя 0,013423 0,000026
мнение 2,238047 0,000863
имбирь 3,624341 0,006991
блюдо 1,609438 0,006209
больший 2,014903 0,000777
срок 0,013423 0,000010
песок 2,177422 0,000840
использование 0,013423 0,000005
неделя 1,181994 0,000912
август 1,752539 0,000676
самый 0,967584 0,002240
материал 0,013423 0,000047
бланшировать 5,010635 0,001933
выбирать 2,014903 0,000777
успешно 0,013423 0,000005
лента 0,006689 0,000005
архивный 1,347074 0,000520
дуршлаг 4,317488 0,004997
сфера 0,013423 0,000005
долька 3,401197 0,001312
мочь 1,399717 0,000540
буквально 3,064725 0,001182
свидетельство 0,013423 0,000005
остановить 3,401197 0,003937
хит 4,317488 0,001666
комментирование 0,013423 0,000010
откинуть 4,317488 0,003331
блокироваться 0,013423 0,000005
вообще 2,931194 0,001131
правило 0,013423 0,000026
сохранение 3,218876 0,001242
творог 3,401197 0,001312
выращивание 5,010635 0,001933
применение 0,013423 0,000005
давление 3,218876 0,002484
душистый 3,912023 0,006037
дать 0,013423 0,000010
укроп 2,445686 0,001887
пресс 0,013423 0,000005
персональный 0,013423 0,000041
кулинария 2,371578 0,002745
накрывать 4,317488 0,008328
минимальный 2,708050 0,001045
соевый 3,624341 0,008390
смочь 0,006689 0,000003
производитель 3,218876 0,002484
укром 5,010635 0,003866
готовый 0,006689 0,000034
выловить 5,010635 0,001933
дата 0,006689 0,000003
инфографик 2,177422 0,000840
сочный 2,525729 0,001949
цвет 2,238047 0,004317
одноклассник 0,013423 0,000010
недопустимый 0,013423 0,000005
остаток 3,064725 0,001182
вы 0,013423 0,000005
придание 3,912023 0,001509
восстановить 0,013423 0,000005
сырой 3,401197 0,005249
россия 0,006689 0,000036
горячий 1,966113 0,003793
свой 0,867501 0,000669
розовый 3,912023 0,006037
покрывать 4,317488 0,003331
ракообразный 4,317488 0,003331
получиться 2,177422 0,000840
пара 2,177422 0,004200
объём 2,445686 0,000944
столовая 2,931194 0,001131
кубик 2,525729 0,001949
сайт 0,013423 0,000016
правильно 2,066196 0,002391
слегка 2,708050 0,002090
утратить 3,624341 0,001398
галочка 0,013423 0,000005
заблокировать 0,013423 0,000010
нуждаться 3,624341 0,001398
поддерживаетсяполучить 0,013423 0,000005
перец 2,445686 0,008492
другой 0,013423 0,000021
унитарный 0,013423 0,000016
дефрост 5,010635 0,001933
прошедшее 3,624341 0,001398
давать 0,013423 0,000010
отправка 0,013423 0,000005
передержать 4,317488 0,001666
лавровый 3,401197 0,011810
ход 2,238047 0,000863
специя 2,813411 0,016281
вид 1,399717 0,004860
семечко 4,317488 0,001666
масло 2,238047 0,006044
авторизация 0,013423 0,000005
рейтинг 0,006689 0,000003
форма 0,013423 0,000083
кайенский 5,010635 0,001933
среднее 2,445686 0,001887
зелень 2,371578 0,003660
зависеть 2,066196 0,000797
отличаться 2,708050 0,003134
сахарный 3,912023 0,006037
естественный 4,317488 0,001666
мультиварка 3,912023 0,006037
море 2,931194 0,001131
мясо 2,445686 0,000944
закипеть 4,317488 0,001666
восточный 2,708050 0,001045
маринад 3,624341 0,004195
тема 0,013423 0,000016
дискуссия 0,013423 0,000010
около 2,177422 0,001680
распределение 5,010635 0,003866
служба 0,006689 0,000003
инфографикавид 5,010635 0,001933
заметить 0,013423 0,000005
отлов 5,010635 0,001933
рекомендательный 0,013423 0,000005
довести 2,931194 0,005654
варя 5,010635 0,001933
кг 3,064725 0,002365
медиабанк 1,321756 0,002550
ломтик 2,931194 0,001131
максимум 2,931194 0,002262
заметно 5,010635 0,001933
который 0,603916 0,001165
аромат 2,708050 0,003134
убрать 2,302585 0,002665
холодильник 2,525729 0,003898
приготовление 1,484275 0,014316
королевский 3,218876 0,006209
пища 2,813411 0,001085
авторизоваться 0,013423 0,000010
красноватый 5,010635 0,001933
выбрать 0,013423 0,000016
рассказать 0,933098 0,001080
четверть 3,912023 0,004528
роман 3,064725 0,007094
сервировка 5,010635 0,001933
атлантика 5,010635 0,001933
жарить 3,401197 0,003937
новыесначала 0,013423 0,000005
несколько 1,544899 0,000596
место 1,272966 0,001473
предварительный 3,218876 0,003726
примерно 2,177422 0,000840
корень 3,401197 0,003937
тёмный 3,624341 0,001398
вакансия 0,013423 0,000005
мы 0,013423 0,000036
участие 0,006689 0,000003
сбросить 5,010635 0,001933
свежий 2,066196 0,005580
равномерный 4,317488 0,003331
использовать 0,013423 0,000021
опечатка 0,013423 0,000005
онлайн 0,013423 0,000005
маленький 2,371578 0,000915
советовать 3,064725 0,001182
осуществляться 0,013423 0,000005
апрель 0,013423 0,000005
категория 1,576648 0,001825
сок 2,813411 0,007598
количество 1,919593 0,002962
владимир 1,373049 0,001059
ферма 5,010635 0,001933
федеральный 0,013423 0,000021
биятовкреветка 5,010635 0,001933
действительность 5,010635 0,001933
лаваш 4,317488 0,001666
подходящий 3,064725 0,001182
размораживать 4,317488 0,008328
обдать 5,010635 0,001933
поделиться 3,218876 0,003726
открыться 2,708050 0,002090
подчеркнуть 2,931194 0,001131
попробовать 0,013423 0,000005
заполнение 0,013423 0,000036
сор 5,010635 0,001933
внимание 0,013423 0,000005
принимать 0,013423 0,000005
молоко 2,445686 0,004718
выпуск 0,013423 0,000005
невкусный 5,010635 0,001933
надзор 0,013423 0,000005
очень 1,678431 0,002590
предприятие 0,013423 0,000016
обратный 0,013423 0,000036
произойти 0,013423 0,000005
