锌芯械蟹写泻邪 3,401197 0,004257
锌褉懈胁芯写懈褌褜 3,912023 0,002448
褌芯斜芯谢褜褋泻 5,010635 0,003136
谢褞泻褋 5,010635 0,003136
蟹邪泻芯薪薪褘泄 0,013423 0,000008
褋褌邪褉芯褔械褉泻邪褋褋泻懈泄 5,010635 0,006271
薪芯胁褘泄 0,006689 0,000021
写械薪褜 0,591795 0,002963
褉邪蟹胁谢械泻邪褌械谢褜薪褘泄 5,010635 0,003136
薪邪泄褌懈 0,013423 0,000008
褌褍褉 3,912023 0,007344
锌懈褋褜屑芯 0,013423 0,000017
褋锌邪褋懈斜芯 0,013423 0,000008
褉械褋褌芯褉邪薪薪褘泄 5,010635 0,003136
芯屑芯谢芯卸械薪懈械 5,010635 0,003136
褉邪褋褕懈褉懈褌褜 0,006689 0,000004
褉械泻邪 3,624341 0,013608
泻褉褍懈蟹薪褘泄 5,010635 0,012542
褎懈薪褋泻懈泄 3,912023 0,002448
褋芯谐谢邪褋懈械 0,013423 0,000017
褑械薪褌褉 0,166448 0,000208
蟹邪褏芯写 3,912023 0,002448
锌褍褌械褕械褋褌胁懈械 3,912023 0,019585
锌械褌械褉斜褍褉谐 2,302585 0,014409
胁邪卸薪褘泄 1,297063 0,002435
褋械胁械褉 3,064725 0,001918
写芯褋褌褍锌 0,013423 0,000017
褉械泄褋 3,912023 0,002448
屑懈邪 0,013423 0,000042
蟹邪写邪褌褜 0,013423 0,000008
褕谢褞锌芯褔薪褘泄 5,010635 0,003136
谐褉械泻 5,010635 0,003136
芯斜褉邪褌薪芯 3,912023 0,002448
褋褌邪斜懈谢褜薪褘泄 3,624341 0,002268
邪谢械泻褋邪薪写褉 1,373049 0,001718
褋胁褟蟹邪褌褜褋褟 0,013423 0,000050
胁芯写邪 1,576648 0,006906
褔械谢芯胁械泻 1,118815 0,000700
谐 0,013423 0,000017
褉械泻谢邪屑邪 0,013423 0,000017
胁芯谢谐芯谐褉邪写 5,010635 0,006271
褎芯褌芯 0,013423 0,000008
泻邪褔械褋褌胁械薪薪褘泄 3,218876 0,002014
锌芯谢懈褌懈泻邪 0,013423 0,000042
褋胁褟蟹褜 0,006689 0,000033
泻褍谢褜褌褍褉薪褘泄 3,401197 0,002128
褍谐谢懈褔 5,010635 0,015678
芯 0,013423 0,000008
褋邪薪泻褌 2,525729 0,014225
锌芯械蟹写 3,912023 0,004896
褋褍写 1,791759 0,003364
胁械褉褌芯谢褢褌薪褘泄 5,010635 0,003136
屑械写懈邪斜邪薪泻褉械泻邪 5,010635 0,003136
褌械褔械薪懈械 0,013423 0,000008
芯斜谢邪褋褌褜 1,427116 0,003572
写械褉斜械薪褌 5,010635 0,003136
褋械蟹芯薪 2,445686 0,004591
屑械写懈邪斜邪薪泻谐褉褍锌锌邪 5,010635 0,003136
写芯锌芯谢薪懈褌械谢褜薪褘泄 2,066196 0,001293
褋邪屑芯谢褢褌 3,401197 0,002128
胁芯谢芯谐写邪 5,010635 0,003136
锌褉懈褉芯写邪 3,218876 0,002014
胁邪褉懈邪薪褌 1,966113 0,002461
褋懈谢邪 1,455287 0,000911
褋泻芯褉芯褋褌薪芯泄 3,912023 0,002448
屑懈褉 0,223144 0,000140
锌褉芯泄褌懈 0,006689 0,000008
蟹邪谐芯谢芯胁芯泻 0,013423 0,000017
泻褍褉懈谢褘 4,317488 0,002702
懈薪褎芯褉屑邪褑懈芯薪薪褘泄 0,013423 0,000034
泻邪屑褔邪褌泻邪 3,912023 0,002448
褌械锌谢芯褏芯写 5,010635 0,056440
屑械写懈邪斜邪薪泻锌褉懈斜褘褌懈械 5,010635 0,003136
褉褍褋褋泻懈泄 1,118815 0,000700
胁褏芯写懈褌褜 2,813411 0,001761
械泻邪褌械褉懈薪斜褍褉谐 2,813411 0,001761
褉邪褋褋屑芯褌褉械褌褜 0,013423 0,000008
褉邪褋锌芯谢芯卸懈褌褜 0,013423 0,000025
锌褉邪泻褌懈泻邪 2,612740 0,001635
懈褉褌褘褕 5,010635 0,009407
泻芯薪械褑 1,643339 0,003085
胁褉械屑褟 0,013423 0,000025
邪褉褏懈锌械谢邪谐 4,317488 0,002702
泻薪芯锌泻邪 0,013423 0,000008
薪芯胁谐芯褉芯写 3,218876 0,004029
邪褉褏邪薪谐械谢褜褋泻 5,010635 0,003136
泻褍写械薪泻芯 3,912023 0,004896
褉邪薪械械 0,013423 0,000008
锌褉械写芯锌谢邪褌邪 5,010635 0,003136
褋懈褌褍邪褑懈褟 1,643339 0,001028
谐谢邪胁薪褘泄 0,013423 0,000017
锌芯写泻邪褋褌 0,292136 0,000183
锌褉芯斜谢械屑邪 0,013423 0,000008
锌褉懈褔邪谢 5,010635 0,006271
锌褉懈褔褢屑 2,708050 0,001695
写邪薪薪褘械 0,013423 0,000067
锌芯褋械褖械薪懈械 2,813411 0,005282
褌邪泻卸械 1,139434 0,003565
褌褍写邪 3,218876 0,004029
屑械写懈褌邪褌懈胁薪褘泄 5,010635 0,003136
褋械褉谐械泄 1,544899 0,001934
锌芯褟胁懈褌褜褋褟 2,120264 0,002654
褋褌邪褉褌芯胁邪褌褜 3,624341 0,002268
谐芯褉芯写 0,013423 0,000050
屑邪褉泻械褌懈薪谐 3,401197 0,002128
褉邪蟹斜谢芯泻懈褉芯胁邪褌褜 0,013423 0,000025
锌懈胁芯胁邪褉芯胁 5,010635 0,006271
谐褉芯蟹薪褘泄 4,317488 0,002702
褋芯谢芯胁泻邪 5,010635 0,003136
泻芯屑褎芯褉褌 5,010635 0,003136
褎芯褌芯谐褉邪褎懈褟 0,013423 0,000008
褋谢械写芯胁邪褌褜 2,014903 0,001261
褔邪褋 0,013423 0,000017
褔邪褌 0,013423 0,000017
褍写芯斜薪芯 3,401197 0,002128
胁芯褋械屑褜 3,218876 0,002014
褋芯薪邪褌邪 5,010635 0,006271
薪芯胁芯褋褌械泄屑芯谢薪懈褟 0,013423 0,000008
薪邪锌懈褋邪褌褜 0,013423 0,000008
泻芯褉褕褍薪芯胁 5,010635 0,009407
泻芯褉邪斜谢褜 3,624341 0,002268
褋芯谐谢邪褕邪褌褜褋褟 0,013423 0,000008
褋薪邪褔邪谢邪 0,013423 0,000008
褍胁懈写械褌褜 3,218876 0,002014
锌芯泻邪蟹邪褌褜 0,013423 0,000008
斜邪谢褌懈褟 5,010635 0,003136
锌邪褉芯谢褜 0,013423 0,000092
褉械写泻懈泄 3,064725 0,001918
褏芯褌褟 2,371578 0,001484
写胁邪写褑邪褌褜 4,317488 0,002702
褍写邪谢懈褌褜 0,013423 0,000034
锌褉懈薪褑懈锌懈邪谢褜薪芯 5,010635 0,003136
胁褏芯写 0,013423 0,000017
谢械褌懈械 3,624341 0,004536
褔懈褌邪褌褜 0,791128 0,000495
芯锌懈褋邪褌褜 0,013423 0,000008
褉邪蟹屑械褖械薪懈械 0,013423 0,000034
褋芯谢芯胁械褑泻懈泄 5,010635 0,003136
褋泻芯谢褜泻芯 0,006689 0,000008
褋褍屑屑邪 2,302585 0,001441
写褉械胁薪懈泄 2,525729 0,001581
谐芯褉芯写褋泻芯泄 2,302585 0,002882
褋褌邪斜懈谢懈蟹邪褑懈褟 4,317488 0,002702
锌芯械褏邪褌褜泻褍写邪 5,010635 0,003136
褉械褋褌芯褉邪薪 3,912023 0,002448
芯写懈薪 1,098612 0,002062
懈屑械褌褜 1,544899 0,001934
褌褉械褏褉邪蟹芯胁褘泄 5,010635 0,003136
褋褍写芯褏芯写薪褘泄 5,010635 0,003136
褋薪懈蟹懈褌褜 2,931194 0,001834
懈薪褌械褉械褋薪褘泄 2,177422 0,001363
写械锌邪褉褌邪屑械薪褌 3,218876 0,002014
泻芯薪褢泻 3,912023 0,002448
锌芯褋械褌懈褌褜 3,218876 0,008057
锌褉懈屑械褉 2,813411 0,003521
写胁褍褏薪械写械谢褜薪褘泄 3,912023 0,002448
锌芯写褌胁械褉卸写邪褌褜 0,013423 0,000017
蟹邪褟胁泻邪 2,708050 0,001695
锌芯谢褜蟹芯胁邪褌褜褋褟 2,931194 0,003669
锌褉懈谢懈褔薪褘泄 4,317488 0,002702
谐邪胁褉懈谢芯胁 0,013423 0,000008
褍褔褉械写懈褌械谢褜 0,013423 0,000008
褔邪褋褌褜 1,373049 0,001718
泻芯薪褋褌邪薪褌懈薪芯胁褋泻 5,010635 0,003136
锌芯褋谢械写薪懈泄 0,899761 0,001126
谢邪胁芯褟卸 5,010635 0,003136
屑芯褋泻芯胁褋泻懈泄 1,678431 0,001050
泻谢邪褋褋 3,624341 0,004536
褋褋褘谢泻邪 0,013423 0,000034
褋褌芯褉芯薪邪 1,609438 0,001007
泻芯屑屑褍薪懈泻邪褑懈褟 0,013423 0,000008
胁芯胁褋械 3,624341 0,002268
蟹邪写械泄褋褌胁芯胁邪褌褜 3,624341 0,002268
写芯褉芯谐芯泄 3,064725 0,001918
屑芯泄 0,013423 0,000042
谢械褌芯 2,931194 0,011006
褔邪褋褌芯 2,371578 0,001484
褌褞斜懈薪谐 4,317488 0,002702
胁械褉褏薪懈泄 2,525729 0,001581
锌邪褉芯褏芯写褋褌胁芯 5,010635 0,003136
褋褍写薪褘泄 4,317488 0,002702
邪褉褏懈胁 0,190354 0,000119
锌芯屑芯褔褜 0,013423 0,000008
泻褉褍懈蟹 3,218876 0,046329
褋械褉械写懈薪邪 3,624341 0,002268
写芯薪懈薪褌褍褉褎谢芯褌 5,010635 0,009407
褔邪褋褌褘泄 2,445686 0,001530
泻芯薪褋褌邪薪褌懈薪 3,064725 0,003836
斜褞写卸械褌薪褘泄 3,064725 0,003836
芯锌懈褋邪薪懈械 0,013423 0,000008
锌褉芯褑械褋褋 0,013423 0,000008
蟹邪锌褍褋褌懈褌褜 3,218876 0,002014
胁褘褕械 3,064725 0,001918
褞卸薪褘泄 2,931194 0,001834
谐芯胁芯褉懈褌褜 1,714798 0,002146
斜邪械胁 5,010635 0,009407
褉芯褋泻芯屑薪邪写蟹芯褉 0,013423 0,000008
褌械褏薪芯谢芯谐懈褟 0,013423 0,000017
屑邪褏邪褔泻邪谢邪 3,912023 0,004896
锌芯胁褌芯褉懈褌褜 3,218876 0,002014
泻芯谢褜褑芯 3,401197 0,006385
褉邪蟹胁懈胁邪褌褜 3,218876 0,002014
褋泻懈写泻邪 3,912023 0,004896
屑芯褋泻胁邪 0,006689 0,000054
胁芯褋锌芯谢褜蟹芯胁邪褌褜褋褟 0,013423 0,000034
屑械薪褞 3,218876 0,004029
褋褌邪薪芯胁懈褌褜褋褟 2,177422 0,001363
褍屑械薪褜褕邪褌褜褋褟 3,912023 0,002448
屑邪薪写褉芯谐邪 5,010635 0,003136
屑械薪褟褌褜褋褟 3,218876 0,004029
胁褘谐芯写薪褘泄 3,218876 0,002014
写芯斜邪胁谢褟褌褜 1,919593 0,001201
褝泻褋泻褍褉褋懈褟 4,317488 0,010807
胁谢懈褟褌褜 2,445686 0,001530
褉褘薪芯泻 2,708050 0,001695
写邪谢械械 0,013423 0,000017
锌邪薪褋懈芯薪邪褌 4,317488 0,002702
褌芯屑褜 5,010635 0,003136
锌邪褉邪谢谢械谢褜薪芯 3,912023 0,002448
锌邪谢褍斜邪 5,010635 0,003136
薪邪芯斜芯褉芯褌 3,401197 0,002128
薪械写邪谢械泻芯 4,317488 0,002702
褏芯褌械褌褜 0,006689 0,000008
褌褉褍写薪芯写芯褋褌褍锌薪褘泄 5,010635 0,003136
芯褌泻褉褘胁邪褌褜 0,013423 0,000025
屑械写懈邪斜邪薪泻泻褉褍懈蟹薪褘泄 5,010635 0,003136
锌械褉械泄褌懈 0,013423 0,000092
泻谢褞褔 5,010635 0,003136
褋褔褢褌 2,014903 0,003783
懈薪褌械褉械褋 2,525729 0,003161
芯斜褉邪褖械薪懈械 0,013423 0,000025
谐褉褍锌锌邪 2,302585 0,001441
芯蟹械褉芯 3,624341 0,002268
褝褌芯 0,013423 0,000042
褋锌械褑锌褉芯械泻褌 0,190354 0,000119
屑邪褋褋芯胁褘泄 0,013423 0,000008
芯斜褉邪斜芯褌泻邪 0,013423 0,000042
褋褌芯锌褉芯褑械薪褌薪褘泄 5,010635 0,003136
褉芯褋褌 2,708050 0,001695
锌褉械写褍褋屑芯褌褉械褌褜 2,813411 0,001761
写胁邪 1,514128 0,002843
褉械褔薪芯泄 2,612740 0,026160
锌褉芯褑械薪褌 2,612740 0,003270
蟹邪锌芯胁械写薪懈泻 3,218876 0,002014
胁芯写芯褏芯写 5,010635 0,012542
薪芯胁芯褋褌褜 0,006689 0,000126
薪邪褔懈薪邪褌褜褋褟 2,813411 0,001761
褋褌芯懈褌褜 1,678431 0,001050
芯蟹写芯褉芯胁谢械薪懈械 5,010635 0,003136
芯褋褌邪薪芯胁泻邪 3,218876 0,008057
褋褍胁芯褉芯胁 5,010635 0,006271
褝泻褋锌械写懈褑懈褟 3,624341 0,002268
蟹邪褉械谐懈褋褌褉懈褉芯胁邪褌褜褋褟 0,013423 0,000042
锌芯卸邪谢芯胁邪褌褜褋褟 0,006689 0,000004
胁蟹胁械褕械薪薪芯 5,010635 0,003136
褋褉械写薪懈泄 1,832581 0,002294
锌械褉械褔懈褋谢褟褌褜 3,912023 0,002448
胁芯泄褌懈 0,006689 0,000021
褋褌邪褉褌 4,317488 0,002702
胁芯蟹褉邪褋褌 2,177422 0,001363
褝谢 0,013423 0,000008
褉邪写懈芯 0,274437 0,000172
写蟹械薪 0,851752 0,000533
蟹邪褖懈褌邪 0,013423 0,000034
芯褋褌褉芯胁 3,064725 0,003836
胁芯褋褌芯泻 2,612740 0,001635
谢芯褟谢褜薪芯褋褌褜 3,624341 0,002268
泻邪薪邪谢 3,064725 0,003836
褉械谐懈褋褌褉邪褑懈褟 0,013423 0,000042
写芯褉芯谐芯 5,010635 0,003136
锌芯褔械屑褍 0,013423 0,000008
写懈褉械泻褌芯褉 2,612740 0,001635
褉褍斜谢褜 2,302585 0,010086
胁芯褋褋褌邪薪芯胁谢械薪懈械 0,013423 0,000034
械薪懈褋械泄 4,317488 0,005404
褏芯褉芯褕懈泄 1,059392 0,004641
写芯薪褋泻芯泄 4,317488 0,002702
屑褍蟹械泄 2,612740 0,001635
芯屑褋泻 5,010635 0,009407
胁泻芯薪褌邪泻褌械 0,013423 0,000017
卸写邪褌褜 1,919593 0,001201
锌褉芯谐褉邪屑屑邪 1,919593 0,006006
邪褋褌褉邪褏邪薪褜 5,010635 0,018813
胁懈蟹邪薪褌懈褟 4,317488 0,002702
谢芯谐懈薪 0,013423 0,000008
泻芯薪褎懈写械薪褑懈邪谢褜薪芯褋褌褜 0,013423 0,000034
薪邪褉褍褕械薪懈械 0,013423 0,000025
薪邪胁褋械谐写邪 0,013423 0,000008
褌懈屑懈薪 3,912023 0,009792
泻邪蟹邪褔械褋褌胁芯 4,317488 0,002702
谐谢褍斜懈薪邪 3,624341 0,002268
写械泄褋褌胁懈械 0,013423 0,000008
写械褌褋泻懈泄 2,612740 0,001635
褉械谢懈蟹 0,013423 0,000008
褋懈斜懈褉褋泻懈泄 3,218876 0,002014
薪邪蟹邪写 0,013423 0,000042
谢芯写泻邪 4,317488 0,002702
褋锌懈褋芯泻 0,013423 0,000017
锌褟褌褜 1,966113 0,002461
芯褋械薪褜 2,708050 0,001695
芯斜褟蟹邪褌械谢褜薪褘泄 0,013423 0,000059
锌褉邪泻褌懈褔械褋泻懈 2,445686 0,001530
褎械胁褉邪谢褜 0,567984 0,000355
芯褕懈斜泻邪 0,013423 0,000025
泻邪褉懈屑 5,010635 0,003136
懈写褌懈 1,919593 0,001201
蟹薪邪褔械薪懈械 2,238047 0,001401
胁芯锌褉芯褋 0,006689 0,000017
锌褉芯写谢懈褌褜褋褟 2,813411 0,001761
蟹褍斜芯胁褋泻懈泄 0,013423 0,000017
泻邪褋锌懈泄褋泻懈泄 5,010635 0,003136
泻芯屑锌邪薪懈褟 1,919593 0,004805
泻芯褋胁械薪薪芯 5,010635 0,003136
蟹邪锌芯谢薪懈褌褜 0,013423 0,000059
褋褌邪褌褍褋 2,813411 0,001761
褔褍泻芯褌泻邪 4,317488 0,002702
屑褍褋褌邪褟 5,010635 0,003136
谢芯泻邪褑懈褟 4,317488 0,005404
泻谢懈械薪褌 3,218876 0,004029
胁邪褕 0,013423 0,000134
懈屑褟 0,013423 0,000059
芯斜褖械褋褌胁芯 0,257045 0,000161
褋褌邪褉褕懈泄 2,612740 0,001635
锌褉懈褔邪谢褜薪褘泄 5,010635 0,003136
褉邪蟹胁懈胁邪褌褜褋褟 4,317488 0,002702
褋褉芯泻 0,013423 0,000017
芯褌械谢褜 3,912023 0,009792
谢褞泻褋芯胁褘褟 5,010635 0,003136
芯褋薪芯胁邪薪懈械 0,013423 0,000008
懈蟹写邪薪懈械 0,013423 0,000008
斜褍谢褜胁邪褉 0,013423 0,000017
写芯斜懈褉邪褌褜褋褟 5,010635 0,003136
邪泻褌懈胁薪褘泄 2,813411 0,001761
褋械褌械胁芯泄 0,013423 0,000008
褋锌械褑锌褉械写谢芯卸械薪懈械 5,010635 0,006271
褕谢懈褋褋械谢褜斜褍褉谐 5,010635 0,003136
懈褋锌芯谢褜蟹芯胁邪薪懈械 0,013423 0,000008
褎械胁 1,399717 0,000876
胁薪芯胁褜 0,013423 0,000008
褋邪屑褘泄 0,967584 0,002422
褋屑械薪懈褌褜 0,013423 0,000008
锌械褉屑褜 4,317488 0,005404
屑邪褌械褉懈邪谢 0,013423 0,000076
屑邪谢芯懈褋锌芯谢褜蟹褍械屑褘泄 5,010635 0,003136
褍褔邪褋褌胁芯胁邪褌褜 0,013423 0,000017
褋芯芯斜褖懈褌褜 0,013423 0,000008
胁褘斜懈褉邪褌褜 2,014903 0,001261
斜褘褌褜 0,013423 0,000017
褍褋锌械褕薪芯 0,013423 0,000008
锌芯谢芯胁懈薪泻邪 3,401197 0,002128
褌芯褔泻邪 2,813411 0,001761
褋泻褉懈薪褕芯褌 0,013423 0,000025
斜邪谢泻芯薪 5,010635 0,003136
懈褋褌械褔褜 0,013423 0,000008
芯褌屑械褔邪褌褜 1,399717 0,003504
谢械薪褌邪 0,006689 0,000008
褉芯褋褌芯胁褋泻懈泄 3,401197 0,004257
写械褉械胁薪褟 4,317488 0,002702
屑褍谢褜褌懈屑芯写邪谢褜薪芯褋褌褜 5,010635 0,003136
胁邪褉褟谐 5,010635 0,003136
褋褎械褉邪 0,013423 0,000008
褝谢械泻褌褉芯薪薪褘泄 0,013423 0,000008
褋锌芯褉褌 0,190354 0,000119
薪邪胁懈谐邪褑懈褟 3,912023 0,002448
锌褍褌械褕械褋褌胁械薪薪懈泻 4,317488 0,002702
屑芯褔褜 1,399717 0,000876
胁褘锌芯谢薪褟褌褜 3,218876 0,002014
屑械写懈邪斜邪薪泻褌褍褉懈褋褌懈褔械褋泻懈泄 5,010635 0,003136
褋胁懈写械褌械谢褜褋褌胁芯 0,013423 0,000008
锌褉芯褕谢芯械 2,813411 0,001761
褔械褌褘褉械 2,302585 0,001441
泻芯屑屑械薪褌懈褉芯胁邪薪懈械 0,013423 0,000017
斜谢芯泻懈褉芯胁邪褌褜褋褟 0,013423 0,000008
锌褉芯写邪褌褜 4,317488 0,002702
谢邪写芯谐邪 5,010635 0,003136
褋芯褏褉邪薪懈褌褜 0,013423 0,000017
锌褉邪胁懈谢芯 0,013423 0,000042
褋褝泻芯薪芯屑懈褌褜 3,912023 0,002448
芯褋薪邪褖邪褌褜 5,010635 0,003136
锌芯泻谢芯薪薪懈泻 3,912023 0,002448
锌褉懈屑械薪械薪懈械 0,013423 0,000008
胁蟹邪懈屑芯写械泄褋褌胁懈械 0,013423 0,000017
懈谢褜褟 3,218876 0,008057
写邪褌褜 0,013423 0,000017
锌褉械褋褋 0,013423 0,000017
褋芯谐谢邪褋薪褘泄 0,013423 0,000025
锌械褉褋芯薪邪谢褜薪褘泄 0,013423 0,000067
褋芯褔械褌邪褌褜 2,813411 0,001761
锌械褉械褌褟薪褍褌褜 0,013423 0,000008
褌褉懈写褑邪褌褜 3,912023 0,002448
胁褘褏芯写薪芯泄 3,218876 0,008057
褋屑芯褔褜 0,006689 0,000008
懈褋锌芯谢褜蟹芯胁邪褌褜褋褟 0,006689 0,000004
谢褍薪薪褘泄 3,218876 0,004029
谐芯褌芯胁褘泄 0,006689 0,000008
褋褌邪薪懈褑邪 5,010635 0,006271
褝泻芯褌褉芯锌邪 5,010635 0,003136
写邪褌邪 0,006689 0,000004
胁锌械褉胁褘械 2,238047 0,001401
薪邪褑锌邪褉泻 4,317488 0,002702
芯写薪芯泻谢邪褋褋薪懈泻 0,013423 0,000017
薪械写芯锌褍褋褌懈屑褘泄 0,013423 0,000008
胁褘 0,013423 0,000008
褉芯褋褋懈懈屑芯褋泻胁邪褋邪薪泻褌 5,010635 0,003136
褎懈芯 0,013423 0,000008
胁芯褋褋褌邪薪芯胁懈褌褜 0,013423 0,000008
锌芯卸邪谢褍泄褋褌邪 0,013423 0,000008
写芯泄褌懈 3,218876 0,002014
褌褍褉懈蟹屑褌褍褉懈蟹屑 5,010635 0,003136
褌褍褉锌邪泻械褌 5,010635 0,003136
芯褌谢芯卸懈褌褜 3,912023 0,002448
芯斜芯泄褌懈褋褜 3,064725 0,003836
褝泻芯薪芯屑懈褔械褋泻懈泄 2,302585 0,001441
锌褍褌芯褉邪薪 5,010635 0,003136
胁械褉褋懈褟 0,013423 0,000008
薪懈卸械 0,013423 0,000025
锌褟褌懈蟹胁褢蟹写芯褔薪褘泄 4,317488 0,002702
褉芯褋褋懈褟 0,006689 0,000084
谐芯薪褔邪褉芯胁 5,010635 0,003136
胁褘褋邪写泻邪 4,317488 0,002702
褋褌芯褟薪泻邪 4,317488 0,002702
褌械谐 0,190354 0,000119
谢邪写芯卸褋泻懈泄 4,317488 0,002702
蟹邪褉械谐懈褋褌褉懈褉芯胁邪褌褜 0,013423 0,000008
锌芯锌褍谢褟褉薪褘泄 1,752539 0,005484
锌褉懈褋褌邪薪褜 4,317488 0,005404
锌邪褉邪 2,177422 0,001363
褍械写懈薪械薪懈械 5,010635 0,003136
褌芯褉谐芯胁褘泄 3,912023 0,002448
褑械薪邪 1,966113 0,013534
屑邪谢褜谐邪胁泻懈泄 3,912023 0,004896
褋邪泄褌 0,013423 0,000025
锌芯谢械 0,013423 0,000067
褋胁褟蟹邪褌褜 2,445686 0,001530
屑薪芯谐芯写薪械胁薪褘泄 4,317488 0,005404
胁械谢懈泻懈泄 2,120264 0,001327
锌芯谢械蟹薪褘泄 0,143101 0,000090
谐邪谢芯褔泻邪 0,013423 0,000008
蟹邪斜谢芯泻懈褉芯胁邪褌褜 0,013423 0,000017
锌械褉械褌邪褖懈褌褜 0,013423 0,000025
褋械谢懈胁邪薪芯胁 4,317488 0,013509
泻褉褍谐芯胁芯泄 5,010635 0,006271
褌褍褉懈蟹屑 0,283247 0,001950
锌芯写写械褉卸懈胁邪械褌褋褟锌芯谢褍褔懈褌褜 0,013423 0,000008
邪写褉械褋 0,013423 0,000042
写褉褍谐芯泄 0,013423 0,000034
褋芯芯褌胁械褌褋褌胁懈械 0,013423 0,000017
芯褉懈械薪褌懈褉芯胁邪褌褜 4,317488 0,002702
褍薪懈褌邪褉薪褘泄 0,013423 0,000025
锌芯锌褍谢褟褉薪芯褋褌褜 2,612740 0,003270
懈薪褌械褉械褋薪芯 4,317488 0,002702
锌邪芯 3,912023 0,002448
写邪胁邪褌褜 0,013423 0,000017
褌褍褉褎懈褉屑邪 5,010635 0,003136
芯褌锌褉邪胁泻邪 0,013423 0,000008
蟹邪谐褉褍蟹懈褌褜 0,013423 0,000017
薪邪锌褉邪胁谢械薪懈械 0,013423 0,000042
褌械谢械褎芯薪 0,013423 0,000008
褉械写邪泻褑懈褟 0,013423 0,000025
锌芯胁芯谢卸褜械 4,317488 0,002702
写械褕褢胁褘泄 3,218876 0,002014
褌褉械褏锌邪谢褍斜薪褘泄 5,010635 0,003136
锌懈褌邪薪懈械 2,302585 0,002882
褋械谢懈胁邪薪芯胁邪褌械锌谢芯褏芯写 5,010635 0,003136
写芯谢卸薪褘泄 0,013423 0,000008
芯斜褗褟褋薪褟褌褜 2,813411 0,005282
褋泻褉芯屑薪褘泄 4,317488 0,002702
屑邪褉褕褉褍褌 3,218876 0,024172
褑械薪褌褉邪谢褜薪褘泄 3,401197 0,004257
邪胁褌芯褉 0,013423 0,000008
褋褌邪褉褘泄 0,013423 0,000017
褋芯芯斜褖械薪懈械 0,013423 0,000118
泻芯褉芯褌泻懈泄 3,401197 0,004257
胁懈写 1,399717 0,000876
泻褉芯屑械 1,919593 0,002402
屑邪褉懈褟 2,813411 0,010563
锌谢邪褌芯 5,010635 0,003136
褉械斜褢薪芯泻 1,514128 0,000948
锌褉芯懈褋褕械褋褌胁懈械 0,292136 0,000183
薪懈卸薪懈泄 2,813411 0,001761
锌芯写褌胁械褉写懈褌褜 0,013423 0,000008
褉芯褋褌芯胁 4,317488 0,010807
锌褍褌褜 2,120264 0,001327
斜褍褏褌邪 4,317488 0,005404
锌谢邪褌邪 3,401197 0,002128
芯斜薪芯胁懈褌褜 0,985284 0,000617
锌褉械写芯锌谢邪褌懈褌褜 5,010635 0,003136
褋锌褉芯褋 3,401197 0,008514
写谢懈褌械谢褜薪褘泄 3,064725 0,001918
屑芯褋褌 3,912023 0,004896
邪胁褌芯褉懈蟹邪褑懈褟 0,013423 0,000008
褉械谢懈谐懈褟 0,283247 0,000177
褉械泄褌懈薪谐 0,006689 0,000004
褎芯褉屑邪 0,013423 0,000101
写芯薪 3,064725 0,007671
褕械褋褌懈写薪械胁薪褘泄 5,010635 0,003136
泻褍谢褜褌褍褉邪 0,292136 0,000366
芯斜褜 5,010635 0,003136
胁邪谢邪邪屑 4,317488 0,010807
蟹邪胁懈褋械褌褜 2,066196 0,001293
斜械褋锌谢邪褌薪芯 2,931194 0,001834
褋褌邪褌褜褟 0,013423 0,000008
写邪谐械褋褌邪薪 3,218876 0,002014
褋芯褑懈邪谢褜薪芯 5,010635 0,003136
锌褉懈薪褑懈锌 3,218876 0,002014
褌褉邪写懈褑懈芯薪薪芯 2,612740 0,001635
芯褋屑邪褌褉懈胁邪褌褜 3,624341 0,002268
芯锌械褉邪褌芯褉 3,401197 0,002128
薪械写胁懈卸懈屑芯褋褌褜 0,292136 0,000183
泻邪褌邪褌褜褋褟 3,912023 0,002448
褉械写邪泻褌芯褉 0,013423 0,000008
褉邪薪薪懈泄 2,612740 0,003270
屑芯褉械 2,931194 0,005503
褎谐褍锌 0,499776 0,000938
胁薪褍褌褉懈 3,912023 0,002448
蟹邪褏芯写懈褌褜 4,317488 0,002702
屑薪芯谐懈械 2,525729 0,001581
褟褉芯褋谢邪胁褋泻懈泄 5,010635 0,006271
胁芯谢谐邪 4,317488 0,002702
褌邪褌邪褉褋褌邪薪 4,317488 0,002702
泻芯薪褌邪泻褌 0,013423 0,000008
邪薪懈屑邪褑懈芯薪薪褘泄 5,010635 0,003136
斜芯褉褌 3,912023 0,017137
褌械屑邪 0,013423 0,000025
褋械褉胁懈褋 0,174353 0,000218
谐芯褋褍写邪褉褋褌胁械薪薪褘泄 0,013423 0,000025
褎邪泻褌芯褉 3,624341 0,006804
写懈褋泻褍褋褋懈褟 0,013423 0,000017
褋芯蟹胁械蟹写懈械 5,010635 0,003136
褋胁褟蟹邪薪薪褘泄 0,013423 0,000025
泻邪蟹邪薪褜 3,218876 0,022157
褋谢褍卸斜邪 0,006689 0,000008
褉懈邪 0,006689 0,000117
蟹邪屑械褌懈褌褜 0,013423 0,000008
谐芯褋褌褜 3,218876 0,004029
蟹邪泻褉褘褌褘泄 0,013423 0,000008
芯斜褉邪褖邪褌褜 0,013423 0,000008
褉械泻芯屑械薪写邪褌械谢褜薪褘泄 0,013423 0,000008
斜械谢褘泄 2,371578 0,002968
斜械褉械谐 3,401197 0,002128
胁褘泻褍锌懈褌褜 5,010635 0,003136
胁邪卸薪芯械褌褍褉懈蟹屑泻懈卸懈泻邪蟹邪薪褜泻褉邪褋薪芯褟褉褋泻泻褉褍懈蟹褘泻褍写邪 5,010635 0,003136
褋褌芯褟褌褜 3,401197 0,002128
泻邪褉械谢懈褟 3,401197 0,002128
谐芯写 0,006689 0,000025
屑械写懈邪斜邪薪泻 1,321756 0,004136
薪芯胁懈薪泻邪 3,912023 0,007344
褔械褌褘褉褢褏蟹胁褢蟹写芯褔薪褘泄 5,010635 0,003136
屑械卸写褍薪邪褉芯写薪褘泄 0,013423 0,000025
薪械写械谢褜薪褘泄 5,010635 0,006271
锌芯械褏邪褌褜 3,218876 0,012086
胁械写褍褖懈泄 2,120264 0,001327
写胁芯械 3,218876 0,004029
泻芯褌芯褉褘泄 0,603916 0,000378
锌芯褋褌芯褟薪薪褘泄 3,401197 0,002128
泻芯屑锌械薪褋懈褉芯胁邪褌褜褋褟 5,010635 0,003136
泻芯屑斜懈薪懈褉芯胁邪褌褜 4,317488 0,002702
褍褔邪褋褌芯泻 3,218876 0,002014
褋褗械蟹写懈褌褜 4,317488 0,002702
薪邪锌褉懈屑械褉 1,714798 0,006439
芯薪械卸褋泻懈泄 5,010635 0,003136
屑邪泄 1,643339 0,002057
邪谐械薪褌褋褌胁芯 0,013423 0,000034
褋谢械写褍褞褖懈泄 1,427116 0,001786
褉邪屑泻邪 2,708050 0,001695
锌械褌械褉斜褍褉谐邪褋褌褉邪褏邪薪褜懈薪褎芯褎谢芯褌 5,010635 0,003136
锌芯斜械写邪 2,066196 0,002586
邪胁褌芯褉懈蟹芯胁邪褌褜褋褟 0,013423 0,000017
懈蟹褍褔邪褌褜 5,010635 0,003136
胁褘斜褉邪褌褜 0,013423 0,000025
褉邪褋褋泻邪蟹邪褌褜 0,933098 0,000584
褋械谐芯写薪褟 0,013423 0,000067
斜褉芯薪懈褉芯胁邪薪懈械 5,010635 0,006271
褋褌褉邪薪邪 1,139434 0,000713
胁械褋薪邪 3,218876 0,002014
锌褉芯褋懈褌褜 0,013423 0,000008
锌械褉械褋械褋褌褜 5,010635 0,003136
邪泻褑懈褟 2,931194 0,007337
锌褍褌械褕械褋褌胁芯胁邪褌褜 3,912023 0,002448
写邪谢褜薪懈泄 3,401197 0,002128
褌邪泻芯泄 1,098612 0,000687
褉褍泻芯胁芯写懈褌械谢褜 2,445686 0,001530
锌谢褞褋 3,218876 0,002014
褉邪褋褋泻邪蟹褘胁邪褌褜 2,014903 0,002522
泻谢邪褋褋薪芯 4,317488 0,002702
薪芯胁褘械褋薪邪褔邪谢邪 0,013423 0,000008
褌褍褉懈褋褌懈褔械褋泻懈泄 4,317488 0,008105
锌芯褟褋薪懈褌褜 4,317488 0,002702
懈薪褎褉邪褋褌褉褍泻褌褍褉邪 3,064725 0,001918
泻懈卸懈 3,064725 0,023014
泻邪褞褌邪 5,010635 0,012542
锌褉懈屑械褉薪芯 2,177422 0,004088
屑械褋褌芯 1,272966 0,001593
褕邪锌泻邪 0,013423 0,000008
芯褌锌褉邪胁懈褌褜 0,013423 0,000118
蟹邪锌褉芯褋 2,813411 0,001761
锌褉芯写芯谢卸懈褌褜 0,006689 0,000004
褉械褕械薪懈械 0,006689 0,000008
锌褍褌褢胁泻邪 3,912023 0,002448
芯蟹薪邪泻芯屑懈褌褜 0,013423 0,000008
屑邪褉褌 1,514128 0,000948
褝泻褋泻褍褉褋懈芯薪薪褘泄 5,010635 0,003136
芯褌写褘褏 3,218876 0,018129
胁邪泻邪薪褋懈褟 0,013423 0,000008
屑褘 0,013423 0,000059
锌褉芯褋褌邪胁谢褟褌褜 0,013423 0,000008
褍褔邪褋褌懈械 0,006689 0,000004
胁褘斜芯褉谐 5,010635 0,003136
胁褘褏芯写薪褘械褌褍褉懈褋褌褘芯褌写褘褏 5,010635 0,003136
邪泻泻邪褍薪褌 0,013423 0,000042
褝泻芯薪芯屑懈泻邪 0,292136 0,000183
胁芯写薪褘泄 4,317488 0,002702
褌芯褌 1,576648 0,000987
芯斜褋褍卸写械薪懈械 0,013423 0,000017
芯锌械褔邪褌泻邪 0,013423 0,000008
懈褋锌芯谢褜蟹芯胁邪褌褜 0,013423 0,000008
褉邪褋褌懈 3,624341 0,004536
蟹芯谢芯褌芯泄 3,218876 0,004029
芯褌锌褉邪胁懈褌褜褋褟 3,912023 0,002448
芯薪谢邪泄薪 0,013423 0,000008
写械褋褟褌褜 2,445686 0,003061
蟹邪谢懈胁 3,912023 0,002448
薪懈泻芯薪芯胁褋泻懈泄 5,010635 0,006271
锌芯褔褌邪 0,013423 0,000059
斜谢芯泻懈褉芯胁泻邪 0,013423 0,000034
锌芯斜褘胁邪褌褜 5,010635 0,003136
芯褋褍褖械褋褌胁谢褟褌褜褋褟 0,013423 0,000008
锌芯褏芯写 3,912023 0,004896
邪锌褉械谢褜 0,013423 0,000008
褋褌芯谢懈褑邪 3,064725 0,007671
泻邪褌械谐芯褉懈褟 1,576648 0,001973
褎邪屑懈谢懈褟 0,013423 0,000008
写褍斜薪邪 5,010635 0,003136
褉邪褋泻褍锌懈褌褜 4,317488 0,005404
写芯褋褌芯锌褉懈屑械褔邪褌械谢褜薪芯褋褌褜 3,912023 0,002448
锌褉懈斜褘褌懈械 5,010635 0,003136
褌邪褌褜褟薪邪 3,064725 0,003836
褋胁械褌谢邪薪邪 2,813411 0,012324
褟薪写械泻褋 0,013423 0,000017
褍褉芯胁械薪褜 2,014903 0,003783
褍胁械谢懈褔懈胁邪褌褜褋褟 3,624341 0,002268
芯斜褉邪褌懈褌褜 2,813411 0,001761
谢懈斜芯 0,013423 0,000025
泻褉邪褋薪芯褟褉褋泻 3,218876 0,020143
锌褉芯写芯谢卸懈褌械谢褜薪芯褋褌褜 3,401197 0,002128
褎械写械褉邪谢褜薪褘泄 0,013423 0,000034
薪邪卸懈屑邪褌褜 0,013423 0,000008
褍褌芯褔薪褟褌褜 2,445686 0,003061
褎芯褉屑邪褌 2,120264 0,002654
谐芯褉懈褑邪 5,010635 0,003136
褌褉械褌褜 3,064725 0,005754
褌褘褋褟褔邪 1,919593 0,010811
蟹邪胁械褉褕械薪懈械 2,708050 0,001695
锌褉械写谢邪谐邪褌褜 2,445686 0,003061
锌芯懈褋泻 0,013423 0,000008
薪邪褍泻芯谐褉邪写 5,010635 0,003136
锌谢邪胁褍褔懈泄 4,317488 0,005404
懈薪褎芯褎谢芯褌 5,010635 0,025085
锌芯锌褉芯斜芯胁邪褌褜 0,013423 0,000008
蟹邪锌芯谢薪械薪懈械 0,013423 0,000059
褍褔邪褋褌薪懈泻 1,752539 0,001097
褌褍褉懈褋褌 3,218876 0,016115
胁薪懈屑邪薪懈械 0,013423 0,000017
锌褉懈薪懈屑邪褌褜 0,013423 0,000017
谢褘卸邪 3,912023 0,002448
邪谢械泻褋械泄 1,966113 0,004921
褍褋谢芯胁懈械 1,321756 0,000827
锌褉芯写邪卸邪 3,218876 0,002014
胁芯蟹屑芯卸薪芯褋褌褜 1,752539 0,002193
芯褉懈械薪褌懈褉 4,317488 0,002702
锌芯屑芯褉褋泻懈泄 4,317488 0,002702
蟹邪胁懈写芯胁褘泄 5,010635 0,003136
褕谢褞蟹 5,010635 0,006271
锌褉邪胁写邪 2,612740 0,001635
胁褘锌褍褋泻 0,013423 0,000008
褍薪懈泻邪谢褜薪褘泄 2,014903 0,001261
褋褌芯懈屑芯褋褌褜 2,525729 0,006322
写芯锌屑械褋褌芯 5,010635 0,003136
泻芯褉芯褌泻芯胁 5,010635 0,006271
锌褉芯写邪胁邪褌褜褋褟 5,010635 0,003136
薪邪写蟹芯褉 0,013423 0,000008
蟹懈屑邪 1,919593 0,001201
邪褍写懈褌芯褉懈褟 3,624341 0,002268
斜邪械胁邪薪 5,010635 0,009407
锌褉械写锌褉懈褟褌懈械 0,013423 0,000025
褋锌芯褋芯斜 0,013423 0,000017
薪邪褍泻邪 0,283247 0,000177
芯斜褉邪褌薪褘泄 0,013423 0,000059
锌褉芯写褍泻褌 0,135438 0,000085
锌褉芯懈蟹芯泄褌懈 0,013423 0,000008
邪泻褌懈胁薪芯 3,064725 0,003836
褋械屑械泄薪褘泄 2,525729 0,001581
屑芯写械褉薪懈蟹邪褑懈褟 4,317488 0,002702
