придумать 2,931194 0,004170
истечь 0,013423 0,000019
лента 0,006689 0,000019
законный 0,013423 0,000019
новый 0,006689 0,000038
образ 2,066196 0,002939
найти 0,013423 0,000057
письмо 0,013423 0,000038
сфера 0,013423 0,000019
электронный 0,013423 0,000019
взятка 3,624341 0,005156
спасибо 0,013423 0,000019
спорт 0,190354 0,000271
расширить 0,006689 0,000010
обзор 2,371578 0,003374
месяц 1,003302 0,001427
свидетельство 0,013423 0,000019
согласие 0,013423 0,000038
центр 0,166448 0,000237
остановить 3,401197 0,004838
комментирование 0,013423 0,000038
удар 2,120264 0,003016
доступ 0,013423 0,000038
блокироваться 0,013423 0,000019
миа 0,013423 0,000038
задать 0,013423 0,000019
далёкий 3,218876 0,004579
предложить 2,066196 0,002939
проиграть 3,401197 0,009676
связаться 0,013423 0,000115
декабрь 0,985284 0,012614
жертва 2,813411 0,004002
пусть 3,912023 0,005565
правило 0,013423 0,000095
сохранить 0,013423 0,000019
народ 2,238047 0,009551
г 0,013423 0,000038
прикрыться 5,010635 0,007128
реклама 0,013423 0,000038
фото 0,013423 0,000019
политика 0,013423 0,000115
связь 0,006689 0,000076
дружба 3,912023 0,005565
применение 0,013423 0,000019
взаимодействие 0,013423 0,000038
макрон 3,624341 0,005156
о 0,013423 0,000019
дать 0,013423 0,000038
болезненный 4,317488 0,006142
пресс 0,013423 0,000038
согласный 0,013423 0,000057
персональный 0,013423 0,000153
перетянуть 0,013423 0,000019
немецкий 2,708050 0,003852
течение 0,013423 0,000019
китай 1,714798 0,002439
смочь 0,006689 0,000010
использоваться 0,006689 0,000010
женщина 1,832581 0,002607
готовый 0,006689 0,000019
дата 0,006689 0,000029
бавырина 3,218876 0,009158
мир 0,223144 0,000317
пройти 0,006689 0,000010
обмануть 3,912023 0,005565
заголовок 0,013423 0,000038
одноклассник 0,013423 0,000038
недопустимый 0,013423 0,000019
информационный 0,013423 0,000076
вы 0,013423 0,000019
фио 0,013423 0,000019
смертельный 4,317488 0,012283
восстановить 0,013423 0,000019
пожалуйста 0,013423 0,000019
дело 1,249435 0,003555
дойти 3,218876 0,004579
бояться 3,624341 0,005156
окончательно 2,813411 0,004002
рассмотреть 0,013423 0,000019
расположить 0,013423 0,000038
чудо 3,624341 0,005156
версия 0,013423 0,000019
время 0,013423 0,000038
ниже 0,013423 0,000057
кнопка 0,013423 0,000019
россия 0,006689 0,000114
простой 1,272966 0,001811
тег 0,190354 0,000271
доиграться 3,912023 0,005565
зарегистрировать 0,013423 0,000019
ранее 0,013423 0,000019
подкаст 0,292136 0,000416
главный 0,013423 0,000019
проблема 0,013423 0,000019
данные 0,013423 0,000153
январь 1,040343 0,005919
канцлер 3,624341 0,005156
украина 1,160488 0,003302
город 0,013423 0,000019
разблокировать 0,013423 0,000057
публикация 2,177422 0,003097
цена 1,966113 0,002797
фотография 0,013423 0,000019
дмитрий 1,576648 0,004485
расколоть 2,525729 0,003593
сайт 0,013423 0,000057
поле 0,013423 0,000153
час 0,013423 0,000038
чат 0,013423 0,000038
полезный 0,143101 0,000204
новостеймолния 0,013423 0,000019
написать 0,013423 0,000019
галочка 0,013423 0,000019
заблокировать 0,013423 0,000038
перетащить 0,013423 0,000057
дотянуть 5,010635 0,007128
соглашаться 0,013423 0,000019
туризм 0,283247 0,000403
альтернатива 3,624341 0,005156
сначала 0,013423 0,000019
поддерживаетсяполучить 0,013423 0,000019
адрес 0,013423 0,000095
зеленский 1,875141 0,010669
другой 0,013423 0,000057
зря 4,317488 0,006142
соответствие 0,013423 0,000038
унитарный 0,013423 0,000057
популярность 2,612740 0,003717
европа 1,455287 0,002070
давать 0,013423 0,000038
показать 0,013423 0,000019
отправка 0,013423 0,000019
загрузить 0,013423 0,000038
отдать 2,931194 0,004170
направление 0,013423 0,000019
телефон 0,013423 0,000019
пароль 0,013423 0,000210
редакция 0,013423 0,000057
удалить 0,013423 0,000076
период 1,118815 0,001591
вход 0,013423 0,000038
должный 0,013423 0,000019
поцелуй 4,317488 0,006142
описать 0,013423 0,000019
размещение 0,013423 0,000019
сколько 0,006689 0,000010
автор 0,013423 0,000038
старый 0,013423 0,000019
сообщение 0,013423 0,000267
возвращаться 2,931194 0,004170
происшествие 0,292136 0,000416
подтвердить 0,013423 0,000019
семёрка 5,010635 0,007128
подтверждать 0,013423 0,000019
гаврилов 0,013423 0,000019
учредитель 0,013423 0,000019
авторизация 0,013423 0,000019
религия 0,283247 0,000403
рейтинг 0,006689 0,000010
выход 3,218876 0,004579
форма 0,013423 0,000229
последний 0,899761 0,001280
япония 3,218876 0,004579
ссылка 0,013423 0,000076
коммуникация 0,013423 0,000019
мой 0,013423 0,000095
культура 0,292136 0,000416
архив 0,190354 0,000271
помочь 0,013423 0,000019
британия 3,401197 0,004838
нато 2,612740 0,003717
статья 0,013423 0,000019
поддержать 3,912023 0,005565
сша 1,118815 0,003183
описание 0,013423 0,000019
процесс 0,013423 0,000019
потерять 2,525729 0,003593
недвижимость 0,292136 0,000416
роскомнадзор 0,013423 0,000019
технология 0,013423 0,000038
редактор 0,013423 0,000019
номер 2,708050 0,003852
контакт 0,013423 0,000019
москва 0,006689 0,000019
воспользоваться 0,013423 0,000076
тема 0,013423 0,000057
сервис 0,174353 0,000248
государственный 0,013423 0,000057
дискуссия 0,013423 0,000038
сделать 1,226446 0,001745
связанный 0,013423 0,000038
служба 0,006689 0,000010
риа 0,006689 0,000019
деньга 2,066196 0,005878
ноябрь 1,514128 0,004308
заметить 0,013423 0,000019
враг 3,218876 0,004579
голландец 4,317488 0,006142
нанести 2,813411 0,004002
закрытый 0,013423 0,000019
мудрый 4,317488 0,006142
обращать 0,013423 0,000019
рекомендательный 0,013423 0,000019
далее 0,013423 0,000038
козёл 3,912023 0,005565
переговоры 1,875141 0,005335
будущее 2,238047 0,003184
год 0,006689 0,000029
иуда 3,912023 0,005565
спасти 2,238047 0,003184
хотеть 0,006689 0,000019
открывать 0,013423 0,000038
проговориться 5,010635 0,007128
предстоять 3,401197 0,004838
перейти 0,013423 0,000019
международный 0,013423 0,000057
стать 0,851752 0,001212
счёт 2,014903 0,002866
сербия 3,912023 0,005565
трамп 1,544899 0,013185
решить 1,919593 0,002731
урсула 5,010635 0,007128
обращение 0,013423 0,000057
агентство 0,013423 0,000076
умный 2,708050 0,003852
спецпроект 0,190354 0,000271
массовый 0,013423 0,000019
обработка 0,013423 0,000095
это 0,013423 0,000019
авторизоваться 0,013423 0,000038
выбрать 0,013423 0,000057
страх 3,218876 0,004579
сегодня 0,013423 0,000095
президент 1,643339 0,002338
новость 0,006689 0,000029
вашингтон 2,120264 0,006032
просить 0,013423 0,000019
сразу 1,832581 0,002607
америка 2,708050 0,003852
битва 2,708050 0,007704
жить 3,218876 0,004579
новыесначала 0,013423 0,000019
зарегистрироваться 0,013423 0,000095
несколько 1,544899 0,002198
пожаловаться 0,006689 0,000010
мерец 5,010635 0,007128
гнев 5,010635 0,007128
отпущение 4,317488 0,006142
войти 0,006689 0,000038
дорога 3,064725 0,004359
место 1,272966 0,001811
шапка 0,013423 0,000019
отправить 0,013423 0,000267
продолжить 0,006689 0,000010
решение 0,006689 0,000010
ознакомить 0,013423 0,000019
вакансия 0,013423 0,000019
эл 0,013423 0,000019
мы 0,013423 0,000134
проставлять 0,013423 0,000019
радио 0,274437 0,000390
участие 0,006689 0,000010
аккаунт 0,013423 0,000095
экономика 0,292136 0,000416
защита 0,013423 0,000076
регистрация 0,013423 0,000095
обсуждение 0,013423 0,000038
выбор 2,066196 0,002939
опечатка 0,013423 0,000019
использовать 0,013423 0,000019
почему 0,013423 0,000019
особый 1,752539 0,002493
восстановление 0,013423 0,000076
онлайн 0,013423 0,000019
хороший 1,059392 0,001507
германия 2,525729 0,003593
почта 0,013423 0,000134
блокировка 0,013423 0,000076
осуществляться 0,013423 0,000019
киев 1,832581 0,002607
апрель 0,013423 0,000019
вконтакте 0,013423 0,000038
фамилия 0,013423 0,000019
власть 2,371578 0,003374
логин 0,013423 0,000019
конфиденциальность 0,013423 0,000076
нарушение 0,013423 0,000057
навсегда 0,013423 0,000019
предательство 4,317488 0,006142
яндекс 0,013423 0,000038
действие 0,013423 0,000019
либо 0,013423 0,000019
федеральный 0,013423 0,000076
релиз 0,013423 0,000019
нажимать 0,013423 0,000019
назад 0,013423 0,000095
великолепный 4,317488 0,006142
список 0,013423 0,000019
поиск 0,013423 0,000019
обязательный 0,013423 0,000134
февраль 0,567984 0,003232
ошибка 0,013423 0,000057
лагерь 2,612740 0,003717
исторический 2,612740 0,003717
вопрос 0,006689 0,000038
мягкий 2,445686 0,003479
зубовский 0,013423 0,000038
попробовать 0,013423 0,000019
заполнение 0,013423 0,000134
заполнить 0,013423 0,000134
внимание 0,013423 0,000019
принимать 0,013423 0,000019
ваш 0,013423 0,000306
общество 0,257045 0,000366
имя 0,013423 0,000095
главное 1,609438 0,002289
молодёжь 3,624341 0,005156
больший 2,014903 0,002866
думать 3,401197 0,004838
выпуск 0,013423 0,000019
срок 0,013423 0,000038
добить 4,317488 0,006142
основание 0,013423 0,000019
издание 0,013423 0,000019
эпштейн 2,525729 0,003593
бульвар 0,013423 0,000038
доделать 5,010635 0,007128
сетевой 0,013423 0,000019
событие 1,544899 0,002198
надзор 0,013423 0,000019
использование 0,013423 0,000019
вновь 0,013423 0,000019
неделя 1,181994 0,001681
банда 2,525729 0,003593
самый 0,967584 0,001376
сменить 0,013423 0,000019
способ 0,013423 0,000057
предприятие 0,013423 0,000057
материал 0,013423 0,000191
наука 0,283247 0,000403
участвовать 0,013423 0,000038
сообщить 0,013423 0,000019
обратный 0,013423 0,000134
продукт 0,135438 0,000193
произойти 0,013423 0,000019
быть 0,013423 0,000019
успешно 0,013423 0,000019
скриншот 0,013423 0,000057
