蟹邪泻芯薪薪褘泄 0,013423 0,000011
薪芯胁褘泄 0,006689 0,000058
薪邪泄褌懈 0,013423 0,000011
胁芯谢芯褔泻芯胁褘泄 5,010635 0,003936
锌懈褋褜屑芯 0,013423 0,000021
薪械胁械褉芯褟褌薪褘泄 3,401197 0,002672
褋锌邪褋懈斜芯 0,013423 0,000011
褉邪褋褕懈褉懈褌褜 0,006689 0,000005
褋薪懈屑邪褌褜 3,401197 0,005344
褋褌懈谢褜 3,218876 0,005057
谐芯写褌褉邪写懈褑懈懈械写邪屑芯褋泻胁邪泻褍谢褜褌褍褉邪 4,317488 0,003392
褍褋锌械褏 4,317488 0,003392
褕邪泄褟 5,010635 0,003936
褋芯谐谢邪褋懈械 0,013423 0,000021
褑械薪褌褉 0,166448 0,000131
褋褌懈谢懈褋褌 5,010635 0,003936
胁邪卸薪褘泄 1,297063 0,001019
写芯褋褌褍锌 0,013423 0,000021
薪邪褉褟写 5,010635 0,011808
泄芯褉泻 3,064725 0,002407
屑懈邪 0,013423 0,000021
蟹邪写邪褌褜 0,013423 0,000011
褋胁褟蟹邪褌褜褋褟 0,013423 0,000063
写械泻邪斜褉褜 0,985284 0,002322
泻褍谢褜褌褍褉邪薪懈械 5,010635 0,003936
屑邪薪械卸薪褘泄 3,624341 0,005694
谐 0,013423 0,000021
褉械泻谢邪屑邪 0,013423 0,000021
褎芯褌芯 0,013423 0,000032
斜褍褉褍薪 5,010635 0,003936
泻褉褘卸芯胁薪懈泻芯胁懈胁邪薪 5,010635 0,003936
锌芯谢懈褌懈泻邪 0,013423 0,000053
褌褉械褌褜褟泻芯胁泻邪 4,317488 0,003392
褋胁褟蟹褜 0,006689 0,000042
泻褍谢褜褌褍褉薪褘泄 3,401197 0,002672
锌芯泻邪蟹褘胁邪褌褜 3,218876 0,007586
芯 0,013423 0,000011
泻芯谢谢械泻褑懈褟 4,317488 0,006783
褋褍写 1,791759 0,001408
褌械褔械薪懈械 0,013423 0,000011
泻懈褌邪泄 1,714798 0,001347
褋械蟹芯薪 2,445686 0,005764
蟹械屑谢褟 2,708050 0,002127
邪褋褟 3,912023 0,009219
褋芯褔懈 2,238047 0,003516
褋懈谢邪 1,455287 0,001143
屑懈褉 0,223144 0,000351
褖褍泻懈薪泻邪蟹懈屑懈褉 5,010635 0,003936
懈薪写懈褟 3,912023 0,003073
锌褉芯泄褌懈 0,006689 0,000026
芯斜屑邪薪褍褌褜 3,912023 0,003073
蟹邪谐芯谢芯胁芯泻 0,013423 0,000021
懈薪褎芯褉屑邪褑懈芯薪薪褘泄 0,013423 0,000042
斜懈谢谢懈 5,010635 0,003936
懈褋褌芯褉懈褟泻褍谢褜褌褍褉邪 5,010635 0,003936
褉褍褋褋泻懈泄 1,118815 0,001758
褉邪褋褋屑芯褌褉械褌褜 0,013423 0,000011
褉邪褋锌芯谢芯卸懈褌褜 0,013423 0,000021
写褉邪泻邪 5,010635 0,003936
泻褍谢褜褌褍褉邪褎褉邪薪褑懈褟写卸邪蟹屑褍蟹褘泻邪屑懈褕械谢褜 5,010635 0,003936
斜械蟹褍锌褉械褔薪芯褋褌褜 5,010635 0,003936
锌谢邪薪懈褉芯胁邪褌褜 2,612740 0,002052
胁褉械屑褟 0,013423 0,000032
泻薪芯锌泻邪 0,013423 0,000011
锌芯褋屑芯褌褉械褌褜 2,177422 0,010263
锌邪褌褉懈芯褌懈蟹屑 4,317488 0,003392
锌褉芯斜芯胁邪褌褜 3,624341 0,005694
褉邪薪械械 0,013423 0,000011
屑懈褋褌懈泻邪 2,813411 0,004420
锌芯写泻邪褋褌 0,292136 0,000229
谐谢邪胁薪褘泄 0,013423 0,000011
锌褉芯斜谢械屑邪 0,013423 0,000011
写邪薪薪褘械 0,013423 0,000084
褋械写芯泻芯胁邪 5,010635 0,003936
谢褞斜懈屑芯胁邪胁谐懈泻 5,010635 0,003936
褋械褉谐械泄 1,544899 0,001214
锌褜褟薪褘泄 2,612740 0,002052
褍泻褉邪懈薪邪 1,160488 0,001823
锌芯写邪褌褜 2,238047 0,001758
谐芯褉芯写 0,013423 0,000021
褉邪蟹斜谢芯泻懈褉芯胁邪褌褜 0,013423 0,000032
懈褌邪谢懈褟 2,014903 0,001583
褎芯褌芯谐褉邪褎懈褟 0,013423 0,000011
屑邪褌褍褕泻邪 5,010635 0,003936
褔邪褋 0,013423 0,000021
褔邪褌 0,013423 0,000021
薪芯胁芯褋褌械泄屑芯谢薪懈褟 0,013423 0,000011
薪邪锌懈褋邪褌褜 0,013423 0,000011
谐邪谢械褉械褟 4,317488 0,006783
褋芯谐谢邪褕邪褌褜褋褟 0,013423 0,000011
褋薪邪褔邪谢邪 0,013423 0,000011
褌褉械斜芯胁邪褌褜 2,120264 0,001666
锌芯泻邪蟹邪褌褜 0,013423 0,000032
泻褉褍褌芯泄 4,317488 0,003392
胁褘褋褌邪胁泻邪 2,302585 0,010853
斜邪谢械褌 5,010635 0,007872
芯锌械褉邪屑邪褉懈懈薪褋泻懈泄 5,010635 0,003936
泻褍谢褜褌褍褉邪褞褌 5,010635 0,003936
锌邪褉芯谢褜 0,013423 0,000116
泻褉械屑谢褜 2,177422 0,003421
褍写邪谢懈褌褜 0,013423 0,000042
写械斜芯褕 2,708050 0,002127
胁邪卸薪芯械蟹薪邪屑械薪懈褌芯褋褌懈褉芯褋褋懈褟 5,010635 0,003936
芯谢懈屑锌懈泄褋泻懈泄 2,708050 0,002127
懈褉懈薪邪 2,931194 0,002303
胁褏芯写 0,013423 0,000021
芯褉褢谢 4,317488 0,006783
谢械褌懈械 3,624341 0,005694
芯锌懈褋邪褌褜 0,013423 0,000011
褉邪蟹屑械褖械薪懈械 0,013423 0,000011
褋泻芯谢褜泻芯 0,006689 0,000005
邪褉褌褢屑 3,401197 0,002672
懈褞薪褜 1,875141 0,001473
褏褍写芯卸薪懈泻 3,624341 0,002847
谐褉邪薪 5,010635 0,003936
泻褍锌懈褌褜 3,218876 0,002529
褉芯写薪褘泄 3,624341 0,002847
懈薪褌械褉械褋薪褘泄 2,177422 0,001710
写械薪懈褋 3,624341 0,005694
锌芯写褌胁械褉卸写邪褌褜 0,013423 0,000011
邪褉械褋褌芯胁邪褌褜 2,931194 0,002303
屑邪谢械胁懈褔屑懈褉 5,010635 0,003936
褋械屑械褉芯 5,010635 0,003936
芯褑械薪懈褌褜 2,525729 0,003968
谐邪胁褉懈谢芯胁 0,013423 0,000011
褍褔褉械写懈褌械谢褜 0,013423 0,000011
写芯谢卸薪芯褋褌褜 3,064725 0,002407
懈褋泻褍褋褋褌胁邪褌褉械褌褜褟泻芯胁褋泻懈泄 5,010635 0,003936
锌械褉械谐褍写 5,010635 0,003936
芯褋泻邪褉 3,912023 0,003073
褋褋褘谢泻邪 0,013423 0,000042
泻芯屑屑褍薪懈泻邪褑懈褟 0,013423 0,000011
褕邪褉屑 5,010635 0,003936
屑懈薪褍褌邪 1,226446 0,000963
写芯褉芯谐芯泄 3,064725 0,002407
褔邪泄薪懈泻 5,010635 0,003936
屑芯泄 0,013423 0,000053
斜邪谢褍械胁褋械褉谐械泄 5,010635 0,003936
泻薪褟蟹褜 3,912023 0,006146
锌褉邪蟹写薪懈泻懈薪芯胁褘泄 5,010635 0,003936
邪褉褏懈胁 0,190354 0,000150
锌芯屑芯褔褜 0,013423 0,000011
褌褉懈褍屑褎 5,010635 0,003936
谢褞斜懈屑褘泄 2,813411 0,002210
蟹邪褟胁懈褌褜 1,272966 0,001000
芯锌懈褋邪薪懈械 0,013423 0,000011
锌褉芯褑械褋褋 0,013423 0,000011
褌褉械褌褜褟泻芯胁褋泻懈泄 4,317488 0,006783
褉芯褋泻芯屑薪邪写蟹芯褉 0,013423 0,000011
褌械褏薪芯谢芯谐懈褟 0,013423 0,000021
褋邪锌褉褘泻懈薪 2,708050 0,002127
懈褋锌褘褌邪薪懈械 3,401197 0,002672
褌邪写卸懈泻懈褋褌邪薪 5,010635 0,003936
邪泻褌褉懈褋邪 3,401197 0,010687
屑芯褋泻胁邪 0,006689 0,000068
屑邪褋褕褌邪斜薪褘泄 3,624341 0,005694
褋械泻褉械褌 2,445686 0,003842
胁芯褋锌芯谢褜蟹芯胁邪褌褜褋褟 0,013423 0,000042
胁邪谢械薪褌懈薪邪谢褞斜芯胁褜 5,010635 0,003936
褌邪斜邪泻芯胁 5,010635 0,003936
懈屑锌褉械褋褋懈芯薪懈褋褌 5,010635 0,003936
褋褌邪薪芯胁懈褌褜褋褟 2,177422 0,001710
泻褍谢褜褌褍褉邪屑芯褋泻胁邪械谐芯褉 5,010635 0,003936
屑邪泄写邪薪 5,010635 0,007872
褋屑械褉褌褜 2,612740 0,004105
泻褍谢褜褌褍褉邪胁谢邪写懈屑懈褉屑芯褋泻胁邪泻懈械胁邪谐谢褘泄 5,010635 0,003936
薪芯褟斜褉褜 1,514128 0,002379
胁褘谐谢褟写械褌褜 2,445686 0,001921
胁泻谢邪写 3,401197 0,005344
写邪谢械械 0,013423 0,000021
锌褉邪蟹写薪懈褔薪褘泄 2,238047 0,003516
胁械写褜屑邪 4,317488 0,003392
懈褋泻谢褞褔懈褌褜 3,064725 0,002407
薪芯胁芯谐芯写薪懈泄 2,120264 0,001666
蟹邪褏邪褉芯胁邪谐芯褋褍写邪褉褋褌胁械薪薪褘泄 5,010635 0,003936
泻褍谢褜褌褍褉邪屑褍蟹械懈屑褍蟹械泄 4,317488 0,003392
褏芯褌械褌褜 0,006689 0,000005
芯褌泻褉褘胁邪褌褜 0,013423 0,000021
褌懈屑屑邪 5,010635 0,003936
锌械褉械泄褌懈 0,013423 0,000011
卸芯褉邪 5,010635 0,007872
邪褉屑懈褟 2,120264 0,001666
芯褋胁芯斜芯写懈褌褜 2,708050 0,002127
屑邪褋泻邪褉邪写 4,317488 0,003392
谐邪谢械褉械褟褉芯褋褋懈褟薪芯胁芯褋褌褜 5,010635 0,003936
写褞卸械胁屑械写懈邪谢芯谐懈褟 5,010635 0,003936
谐褉邪屑屑芯褎芯薪 5,010635 0,003936
胁褔械褉邪 1,576648 0,012385
写邪褉 5,010635 0,003936
芯斜褉邪褖械薪懈械 0,013423 0,000032
泻邪褉褌懈薪邪 3,218876 0,002529
褋芯谢芯写械薪泻芯 5,010635 0,007872
褋锌械褑锌褉芯械泻褌 0,190354 0,000150
屑邪褋褋芯胁褘泄 0,013423 0,000011
芯斜褉邪斜芯褌泻邪 0,013423 0,000053
褝褌芯 0,013423 0,000011
泻芯谢芯谐褉懈胁褘泄 5,010635 0,007872
斜械蟹褉褍泻芯胁 5,010635 0,007872
褋谢芯胁芯 1,514128 0,002379
写胁邪 1,514128 0,001189
褝褋褌褉邪写褘屑褍蟹褘泻邪褝褋褌褉邪写邪写械褌褜 5,010635 0,003936
薪芯胁芯褋褌褜 0,006689 0,000026
褋械薪褌褟斜褉褜 1,427116 0,002242
屑懈褏邪懈谢 2,525729 0,001984
泻褉邪褋懈胁褘泄 2,445686 0,001921
卸懈蟹薪褜 1,714798 0,002694
屑械薪褟褌褜 2,525729 0,001984
蟹邪褉械谐懈褋褌褉懈褉芯胁邪褌褜褋褟 0,013423 0,000053
锌芯卸邪谢芯胁邪褌褜褋褟 0,006689 0,000011
褕械写械胁褉 3,912023 0,006146
胁芯泄褌懈 0,006689 0,000026
蟹邪褏邪褉芯胁 2,813411 0,006630
褋械褉懈邪谢 4,317488 0,020350
褕邪谐邪谢褋械褉谐械泄 5,010635 0,003936
胁芯蟹褉邪褋褌 2,177422 0,003421
谢褞斜芯胁褜 3,912023 0,006146
褕懈谢芯胁褋泻邪褟邪谢械泻褋邪薪写褉 5,010635 0,003936
褝谢 0,013423 0,000011
屑邪泄写邪薪芯胁薪懈泻芯谢邪泄 5,010635 0,003936
褉邪写懈芯 0,274437 0,000216
蟹邪褖懈褌邪 0,013423 0,000042
胁芯褋褌芯泻 2,612740 0,002052
褉械谐懈褋褌褉邪褑懈褟 0,013423 0,000053
锌芯褔械屑褍 0,013423 0,000021
胁芯褋褋褌邪薪芯胁谢械薪懈械 0,013423 0,000063
褏芯褉芯褕懈泄 1,059392 0,000832
屑褍蟹械泄 2,612740 0,002052
屑懈褕械谢褜 5,010635 0,007872
斜芯谐芯屑芯谢芯胁 5,010635 0,003936
褏邪薪褜褏褍褝泄 5,010635 0,003936
褋褌械泄薪斜械褉谐 5,010635 0,003936
芯斜褗械泻褌 2,708050 0,004255
泻褉邪褋薪褘泄 1,966113 0,001544
锌褍褌懈薪邪谐械薪褌褋褌胁芯 5,010635 0,003936
斜懈谢械褌 3,624341 0,002847
屑芯褋泻胁邪褉芯褋褋懈褟写芯薪斜邪褋褋胁芯芯褉褍卸械薪薪褘泄 5,010635 0,003936
胁泻芯薪褌邪泻褌械 0,013423 0,000021
锌褉芯谐褉邪屑屑邪 1,919593 0,003016
谢芯谐懈薪 0,013423 0,000011
泻芯薪褎懈写械薪褑懈邪谢褜薪芯褋褌褜 0,013423 0,000042
薪邪褉褍褕械薪懈械 0,013423 0,000032
薪邪胁褋械谐写邪 0,013423 0,000011
褋褑械薪邪 3,912023 0,009219
褋褌邪谢懈薪 4,317488 0,003392
屑褍谢褜褌褎懈谢褜屑 5,010635 0,003936
锌褍褌懈薪 1,373049 0,005393
写械泄褋褌胁懈械 0,013423 0,000011
褉械谢懈蟹 0,013423 0,000011
薪邪蟹邪写 0,013423 0,000053
锌芯泄屑邪褌褜 4,317488 0,003392
锌械褌褉芯锌邪胁谢芯胁褋泻 5,010635 0,003936
芯褌屑械薪邪 2,931194 0,004605
褋锌懈褋芯泻 0,013423 0,000011
谢懈褋褌 2,708050 0,002127
谢褞写屑懈谢邪 3,912023 0,003073
褕芯褍斜懈蟹 3,624341 0,002847
芯斜褟蟹邪褌械谢褜薪褘泄 0,013423 0,000074
褎械胁褉邪谢褜 0,567984 0,017401
芯褕懈斜泻邪 0,013423 0,000032
懈写褌懈 1,919593 0,003016
胁芯锌褉芯褋 0,006689 0,000021
泻褍谢褜褌褍褉邪泻褍谢褜褌褍褉邪 5,010635 0,003936
蟹褍斜芯胁褋泻懈泄 0,013423 0,000021
懈谐褉邪 1,609438 0,001264
蟹邪锌芯谢薪懈褌褜 0,013423 0,000074
斜械蟹褉褍泻芯胁胁谢邪写懈屑懈褉 5,010635 0,003936
褌泻邪褔械薪泻芯 5,010635 0,003936
褌械邪褌褉屑芯褋泻芯胁褋泻懈泄 5,010635 0,003936
胁邪褕 0,013423 0,000169
芯斜褖械褋褌胁芯 0,257045 0,000202
懈屑褟 0,013423 0,000053
褎褉邪薪褑褍蟹褋泻懈泄 2,445686 0,003842
斜褉懈谢谢懈邪薪褌 4,317488 0,003392
懈薪褌械褉胁褜褞 2,813411 0,006630
褋褉芯泻 0,013423 0,000021
芯褋薪芯胁邪薪懈械 0,013423 0,000011
泻褍谢褜褌芯胁褘泄 5,010635 0,007872
懈蟹写邪薪懈械 0,013423 0,000011
薪邪屑械泻薪褍褌褜 4,317488 0,006783
斜褍谢褜胁邪褉 0,013423 0,000021
写械褟褌械谢褜 4,317488 0,003392
褋械褌械胁芯泄 0,013423 0,000011
泻芯薪褑械褉褌 5,010635 0,007872
褉邪褋泻褉褘褌褜 2,612740 0,002052
芯褌泻褉芯胁械薪薪褘泄 5,010635 0,003936
褋褍懈薪褌芯薪 5,010635 0,003936
懈褋锌芯谢褜蟹芯胁邪薪懈械 0,013423 0,000011
邪胁谐褍褋褌 1,752539 0,005507
泻褍谢褜褌褍褉邪泻邪蟹邪薪褜卸芯褉 5,010635 0,003936
胁薪芯胁褜 0,013423 0,000011
褋邪屑褘泄 0,967584 0,006841
褋屑械薪懈褌褜 0,013423 0,000011
斜邪褋泻芯胁谢械褌褜 5,010635 0,003936
屑邪褌械褉懈邪谢 0,013423 0,000095
褍褔邪褋褌胁芯胁邪褌褜 0,013423 0,000021
褋芯芯斜褖懈褌褜 0,013423 0,000021
屑邪谐懈褔械褋泻懈泄 5,010635 0,003936
薪芯屑懈薪懈褉芯胁邪褌褜 5,010635 0,003936
斜褘褌褜 0,013423 0,000021
褍褋锌械褕薪芯 0,013423 0,000011
褋锌械泻褌邪泻谢褜 4,317488 0,016958
褋泻褉懈薪褕芯褌 0,013423 0,000032
斜褍谢邪薪芯胁 5,010635 0,003936
斜褉懈谐邪写邪 3,218876 0,005057
懈褋褌械褔褜 0,013423 0,000011
锌褉芯写芯谢卸械薪懈械 3,624341 0,002847
泻褍谢褜褌褍褉邪褉芯褋褋懈褟褉褋褎褋褉写械薪懈褋 5,010635 0,003936
谢械薪褌邪 0,006689 0,000016
锌芯褋芯谢褜褋褌胁芯 3,401197 0,002672
蟹邪褏邪褉芯胁邪褔卸邪薪 5,010635 0,003936
泻褍谢褜褌褍褉褘谢褞写屑懈谢邪 5,010635 0,003936
褉芯谢褜 3,401197 0,002672
锌谢邪薪械褌邪褉懈泄屑芯褋泻芯胁褋泻懈泄 5,010635 0,003936
褋褎械褉邪 0,013423 0,000011
褝谢械泻褌褉芯薪薪褘泄 0,013423 0,000011
褋锌芯褉褌 0,190354 0,000150
锌械褌械褉斜褍褉谐屑芯褋泻胁邪屑邪褉懈褟 5,010635 0,003936
薪邪褑懈芯薪邪谢褜薪褘泄 2,302585 0,001809
泻懈薪械屑邪褌芯谐褉邪褎懈褋褌 5,010635 0,003936
褕芯褍 3,912023 0,006146
褋胁懈写械褌械谢褜褋褌胁芯 0,013423 0,000011
褏懈褌 4,317488 0,006783
泻芯屑屑械薪褌懈褉芯胁邪薪懈械 0,013423 0,000021
泻褍谢褜褌褍褉邪邪薪写褉懈褋 5,010635 0,003936
褟薪泻芯胁褋泻懈泄 5,010635 0,003936
斜谢芯泻懈褉芯胁邪褌褜褋褟 0,013423 0,000011
褋锌懈胁邪泻芯胁谐械谢懈泻芯薪 5,010635 0,003936
芯褌屑械褌懈褌褜 2,014903 0,003166
锌褉邪胁懈谢芯 0,013423 0,000053
褋芯褏褉邪薪懈褌褜 0,013423 0,000011
泻褉邪泄 2,371578 0,001863
屑懈褏邪谢泻芯胁 5,010635 0,003936
锌褉懈屑械薪械薪懈械 0,013423 0,000011
胁蟹邪懈屑芯写械泄褋褌胁懈械 0,013423 0,000021
写邪褌褜 0,013423 0,000021
锌褉械褋褋 0,013423 0,000021
褋芯谐谢邪褋薪褘泄 0,013423 0,000032
锌械褉褋芯薪邪谢褜薪褘泄 0,013423 0,000084
芯锌械褉邪 4,317488 0,003392
锌械褉械褌褟薪褍褌褜 0,013423 0,000011
邪薪邪褋褌邪褋懈褟 3,624341 0,002847
泻褍谢褜褌褍褉邪屑芯褋泻胁邪泻懈褌邪泄褉芯褋褋懈褟屑邪褉懈褟 5,010635 0,003936
褋屑芯褔褜 0,006689 0,000005
懈褋锌芯谢褜蟹芯胁邪褌褜褋褟 0,006689 0,000005
谢褍薪薪褘泄 3,218876 0,002529
泻褍谢褜褌褍褉邪芯写械褋褋邪薪芯胁芯褋褌褜 5,010635 0,003936
谐芯写锌褉邪蟹写薪懈泻懈屑芯褋泻胁邪褉邪蟹胁谢械褔械薪懈褟芯褌写褘褏屑芯褋泻懈薪芯屑褍蟹械泄 5,010635 0,003936
卸械薪褖懈薪邪 1,832581 0,002879
谐芯褌芯胁褘泄 0,006689 0,000016
蟹邪谐薪邪褌褜 3,401197 0,002672
胁褘褋褌褍锌谢械薪懈械 3,064725 0,002407
芯褌斜懈褉邪褌褜 3,218876 0,002529
写邪褌邪 0,006689 0,000005
锌褘褌泻邪 4,317488 0,003392
胁芯蟹谐谢邪胁懈褌褜 4,317488 0,006783
芯写薪芯泻谢邪褋褋薪懈泻 0,013423 0,000021
薪械写芯锌褍褋褌懈屑褘泄 0,013423 0,000011
褝泻褋锌芯薪邪褌 4,317488 0,003392
胁褘 0,013423 0,000011
泻芯屑锌芯蟹懈褌芯褉 3,624341 0,005694
褎懈芯 0,013423 0,000011
褋褌褉邪褌械谐懈褔械褋泻懈泄 2,931194 0,002303
胁芯褋褋褌邪薪芯胁懈褌褜 0,013423 0,000011
锌芯卸邪谢褍泄褋褌邪 0,013423 0,000011
褉芯褋褋懈泄褋泻懈泄 0,883501 0,002776
褋胁芯 1,919593 0,001508
褎械褋褌懈胁邪谢褜 2,931194 0,011513
泻懈褌邪泄褋泻懈泄 2,238047 0,010549
褝屑芯褑懈芯薪邪谢褜薪褘泄 4,317488 0,003392
锌械胁懈褑邪 4,317488 0,003392
褟褉屑邪褉泻邪 4,317488 0,003392
锌褉懈械褏邪褌褜 2,931194 0,002303
胁械褉褋懈褟 0,013423 0,000011
薪懈卸械 0,013423 0,000032
褉芯褋褋懈褟 0,006689 0,000058
褌械褋褌 2,445686 0,005764
屑芯褋泻胁褘褔褌褘泄 4,317488 0,003392
屑芯褋泻胁褘邪蟹懈褟泻懈褌邪泄 5,010635 0,003936
械褎褉械屑芯胁 5,010635 0,003936
褋屑芯褌褉械褌褜 1,966113 0,003089
褋械褋褌褉邪 5,010635 0,007872
褌械谐 0,190354 0,000150
泻芯薪褔邪谢芯胁褋泻懈泄 5,010635 0,003936
蟹邪褉械谐懈褋褌褉懈褉芯胁邪褌褜 0,013423 0,000011
斜芯谐芯屑芯谢芯胁芯谢褜谐邪 5,010635 0,003936
褟薪胁邪褉褜 1,040343 0,006538
斜邪薪褖懈泻芯胁 5,010635 0,003936
锌褉械屑褜械褉邪 3,624341 0,014235
薪邪蟹胁邪褌褜 1,347074 0,002116
斜邪谢械褌邪薪邪褔邪褌褜 5,010635 0,003936
谐懈写 3,912023 0,006146
泻褍谢褜褌褍褉邪芯斜褖械褋褌胁芯褉芯褋褋懈褟褋械褉谐械泄 5,010635 0,003936
褋褌褍写懈褟 5,010635 0,011808
褋邪泄褌 0,013423 0,000032
锌芯谢械 0,013423 0,000084
邪屑械褉懈泻邪薪褋泻懈泄 1,966113 0,001544
锌芯谢械蟹薪褘泄 0,143101 0,000112
谐邪谢芯褔泻邪 0,013423 0,000011
屑邪褌懈褋褋 5,010635 0,007872
褋谢芯卸薪褘泄 1,966113 0,001544
蟹邪斜谢芯泻懈褉芯胁邪褌褜 0,013423 0,000021
锌械褉械褌邪褖懈褌褜 0,013423 0,000032
褏懈屑泻懈薪褋泻懈泄 5,010635 0,003936
褌褍褉懈蟹屑 0,283247 0,000223
锌芯写写械褉卸懈胁邪械褌褋褟锌芯谢褍褔懈褌褜 0,013423 0,000011
邪写褉械褋 0,013423 0,000053
锌褉械写褋褌邪胁懈褌褜 2,014903 0,001583
写褉褍谐芯泄 0,013423 0,000042
褋芯芯褌胁械褌褋褌胁懈械 0,013423 0,000021
锌芯写懈褍屑 5,010635 0,003936
褍薪懈褌邪褉薪褘泄 0,013423 0,000032
胁邪卸薪芯械泻褍写邪 4,317488 0,006783
写邪胁邪褌褜 0,013423 0,000021
芯褌锌褉邪胁泻邪 0,013423 0,000011
胁械薪械褑懈邪薪褋泻懈泄 5,010635 0,003936
蟹邪谐褉褍蟹懈褌褜 0,013423 0,000021
褌械邪褌褉 3,064725 0,016852
泻懈薪芯 3,401197 0,005344
薪邪锌褉邪胁谢械薪懈械 0,013423 0,000011
褌械谢械褎芯薪 0,013423 0,000011
屑褏邪褌 5,010635 0,007872
芯褉谢械邪薪 5,010635 0,003936
泻谢褍屑 5,010635 0,003936
屑芯褋泻胁懈褔泻邪 5,010635 0,003936
褉械写邪泻褑懈褟 0,013423 0,000032
泻褍谢褜褌褍褉褘褔褌褘泄 5,010635 0,003936
锌邪褑邪薪 5,010635 0,007872
写芯谢卸薪褘泄 0,013423 0,000011
褎邪泻褌 2,302585 0,001809
褉械卸懈褋褋褢褉 3,624341 0,008541
锌褉懈褔懈薪邪 2,066196 0,003246
泻懈褌邪泄褉芯褋褋懈褟锌械泻懈薪泻褍谢褜褌褍褉邪 5,010635 0,003936
邪胁褌芯褉 0,013423 0,000021
褋褌邪褉褘泄 0,013423 0,000011
褋芯芯斜褖械薪懈械 0,013423 0,000148
屑褏邪褌屑邪褉谐邪褉懈褌 5,010635 0,003936
屑邪褉懈褟 2,813411 0,002210
谢褞褌邪械胁邪 5,010635 0,003936
锌褉芯懈褋褕械褋褌胁懈械 0,292136 0,000229
邪薪褕谢邪谐 5,010635 0,007872
泻褍谢褜褌褍褉邪胁谢邪写懈屑懈褉 5,010635 0,003936
锌芯写褌胁械褉写懈褌褜 0,013423 0,000011
褕械泄泻 4,317488 0,003392
褋械褉锌褍褏芯胁 5,010635 0,003936
褌邪懈薪褋褌胁械薪薪褘泄 5,010635 0,003936
胁芯褋褜屑懈泻谢邪褋褋薪懈褑邪 5,010635 0,007872
斜懈蟹薪械褋 2,708050 0,002127
屑邪褉谐邪褉懈褌邪 4,317488 0,003392
邪胁褌芯褉懈蟹邪褑懈褟 0,013423 0,000011
褉械谢懈谐懈褟 0,283247 0,000223
褉械泄褌懈薪谐 0,006689 0,000016
屑邪褋泻邪 3,912023 0,006146
写芯泻 5,010635 0,007872
褎芯褉屑邪 0,013423 0,000137
锌懈泻邪褋褋芯 5,010635 0,011808
芯卸懈写邪褌褜 2,612740 0,002052
褝褋褌褉邪写邪 5,010635 0,007872
泻褍谢褜褌褍褉邪 0,292136 0,004360
泻褍谢褜褌褍褉褘胁褘褋褌邪胁泻懈泻褍写邪 5,010635 0,003936
薪懈泻懈褌邪 3,912023 0,003073
褋褗褢屑泻邪 3,912023 0,006146
泻芯谢谢械谐邪 2,371578 0,001863
褋褌邪褌褜褟 0,013423 0,000011
邪胁懈邪褌芯褉 5,010635 0,003936
屑褍蟹褘泻邪 3,401197 0,005344
薪械写胁懈卸懈屑芯褋褌褜 0,292136 0,000229
褞斜懈谢械泄薪褘泄 3,912023 0,003073
谐芯写泻懈褌邪泄褋泻懈泄 5,010635 0,003936
谢邪斜邪褎 5,010635 0,003936
薪邪褕 1,919593 0,003016
泻褉邪褋芯褌邪 3,401197 0,002672
褉械写邪泻褌芯褉 0,013423 0,000011
褋芯泻褉芯胁懈褖械 4,317488 0,003392
锌芯谢褍褔懈褌褜 0,985284 0,001548
泻芯薪褌邪泻褌 0,013423 0,000011
泻褍懈薪写卸懈 5,010635 0,003936
屑邪褌懈褋褋锌邪斜谢芯 5,010635 0,003936
褌械屑邪 0,013423 0,000032
械谐芯褉 5,010635 0,003936
泻褉邪褋薪芯谐芯褉褋泻 4,317488 0,003392
谐芯褋褍写邪褉褋褌胁械薪薪褘泄 0,013423 0,000042
褋械褉胁懈褋 0,174353 0,000137
写懈褋泻褍褋褋懈褟 0,013423 0,000021
卸懈谐褍薪芯胁 5,010635 0,007872
褋胁褟蟹邪薪薪褘泄 0,013423 0,000021
褋谢褍卸斜邪 0,006689 0,000011
褉懈邪 0,006689 0,000011
泻懈薪芯泻邪褉褌懈薪邪 5,010635 0,003936
蟹邪屑械褌懈褌褜 0,013423 0,000011
屑褍蟹褘泻邪谢褜薪褘泄 5,010635 0,007872
邪褉泻褌懈泻邪 3,401197 0,002672
蟹邪泻褉褘褌褘泄 0,013423 0,000011
褋褏芯写懈褌褜 2,931194 0,009210
芯斜褉邪褖邪褌褜 0,013423 0,000011
褋胁褟褌芯泄 2,708050 0,002127
褉械泻芯屑械薪写邪褌械谢褜薪褘泄 0,013423 0,000011
写芯褋褌芯褟薪懈械 5,010635 0,003936
褉邪蟹薪褘泄 1,484275 0,001166
泻褍谢褜褌褍褉邪褉芯褋褋懈褟褋邪薪泻褌 5,010635 0,003936
谐芯写 0,006689 0,000053
泻褍褉褌褍泻芯胁褘泄 5,010635 0,003936
泻芯褋褘薪泻邪 5,010635 0,003936
锌芯锌褉懈胁械褌褋褌胁芯胁邪褌褜 5,010635 0,007872
屑械卸写褍薪邪褉芯写薪褘泄 0,013423 0,000053
邪薪写褉械泄 2,302585 0,003618
芯泻褌褟斜褉褜 1,714798 0,002694
泻褉褘卸芯胁薪懈泻芯胁褘泄 5,010635 0,007872
锌芯褉褌邪谢褜 5,010635 0,011808
薪懈泻芯谢邪泄 3,624341 0,002847
褎械薪芯屑械薪 4,317488 0,003392
邪褉褏械芯谢芯谐懈褟 3,912023 0,003073
懈褋泻褍褋褋褌胁芯 3,401197 0,005344
褝屑屑懈 5,010635 0,003936
褌械褉薪械褉 5,010635 0,003936
褟薪懈褋 5,010635 0,003936
邪谐械薪褌褋褌胁芯 0,013423 0,000042
锌芯斜械写邪 2,066196 0,001623
蟹薪邪薪懈械 3,912023 0,003073
邪胁褌芯褉懈蟹芯胁邪褌褜褋褟 0,013423 0,000021
胁褘斜褉邪褌褜 0,013423 0,000032
褉邪褋褋泻邪蟹邪褌褜 0,933098 0,001466
褋械谐芯写薪褟 0,013423 0,000053
褋褌褉邪薪邪 1,139434 0,000895
褌邪泄薪邪 2,445686 0,003842
懈蟹褍屑褉褍写 5,010635 0,003936
锌褉芯褋懈褌褜 0,013423 0,000011
褋屑懈 2,177422 0,003421
褑懈褎褉邪 3,912023 0,003073
懈薪褌褉懈谐邪 4,317488 0,003392
褝褉屑懈褌邪卸 4,317488 0,010175
薪芯胁褘械褋薪邪褔邪谢邪 0,013423 0,000011
邪泻褌褢褉 2,371578 0,007452
褋芯褞蟹 3,218876 0,002529
锌械褌械褉斜褍褉谐屑邪褉懈褟 5,010635 0,003936
薪械芯卸懈写邪薪薪褘泄 4,317488 0,003392
谐械褉芯泄 3,064725 0,004815
褋胁械褌 2,708050 0,002127
褕邪锌泻邪 0,013423 0,000011
芯褌锌褉邪胁懈褌褜 0,013423 0,000148
泻褍谢褜褌褍褉邪褉芯褋褋懈褟胁谢邪写懈屑懈褉 5,010635 0,003936
褉械谐懈芯薪 1,919593 0,003016
锌褉芯写芯谢卸懈褌褜 0,006689 0,000005
褉械褕械薪懈械 0,006689 0,000005
蟹邪褏邪褉芯胁邪泻懈薪芯薪芯胁芯褋褌褜 5,010635 0,003936
芯蟹薪邪泻芯屑懈褌褜 0,013423 0,000011
锌芯褉褍褔懈褌褜 3,912023 0,006146
泻邪褉褌懈薪褘屑芯褋泻胁邪邪薪褉懈 5,010635 0,003936
泻芯褉械薪褜 3,401197 0,002672
屑邪褉褌 1,514128 0,001189
锌褉械褌械薪写械薪褌泻邪 5,010635 0,003936
胁邪泻邪薪褋懈褟 0,013423 0,000011
屑褘 0,013423 0,000074
锌褉芯褋褌邪胁谢褟褌褜 0,013423 0,000011
褍褔邪褋褌懈械 0,006689 0,000005
屑邪褟泻芯胁褋泻懈泄 4,317488 0,006783
屑懈褋褋懈褋 5,010635 0,003936
邪泻泻邪褍薪褌 0,013423 0,000053
褝泻芯薪芯屑懈泻邪 0,292136 0,000229
泻褍谢褜褌褍褉邪泻懈褌邪泄褉芯褋褋懈褟褋邪薪泻褌 5,010635 0,003936
芯斜褋褍卸写械薪懈械 0,013423 0,000021
褔械斜褍褉邪褕泻邪 5,010635 0,003936
邪薪薪邪 2,931194 0,004605
褋胁懈写械褌械谢褜 3,912023 0,003073
芯锌械褔邪褌泻邪 0,013423 0,000011
懈褋锌芯谢褜蟹芯胁邪褌褜 0,013423 0,000011
泻褍谢褜褌褍褉邪屑邪褉泻 5,010635 0,003936
褋褍褉芯胁褘泄 4,317488 0,003392
泻褍谢褜褌褍褉邪褋芯褔懈褉芯褋褋懈褟胁谢邪写懈屑懈褉 5,010635 0,003936
蟹芯谢芯褌芯泄 3,218876 0,007586
芯薪谢邪泄薪 0,013423 0,000011
锌褉械屑懈褟 3,624341 0,005694
写械褋褟褌褜 2,445686 0,001921
屑芯写薪褘泄 3,912023 0,003073
泻褍谢褜褌褍褉邪褉芯褋褋懈褟褋械褉谐械泄 5,010635 0,003936
芯写械褌褜褋褟 5,010635 0,003936
褉械泻褌芯褉 5,010635 0,007872
锌芯褔褌邪 0,013423 0,000074
斜谢芯泻懈褉芯胁泻邪 0,013423 0,000042
谢械褖械薪泻芯泻褍谢褜褌褍褉邪 5,010635 0,003936
芯褋褍褖械褋褌胁谢褟褌褜褋褟 0,013423 0,000011
懈褋褌芯褉懈褟 1,139434 0,000895
邪锌褉械谢褜 0,013423 0,000011
褋褌芯谢懈褑邪 3,064725 0,002407
蟹胁械蟹写邪 2,371578 0,001863
褎邪屑懈谢懈褟 0,013423 0,000011
褉邪褋泻褍锌懈褌褜 4,317488 0,003392
锌谢芯褖邪写褜 3,912023 0,006146
褕泻芯谢邪 2,813411 0,004420
褌邪褌褜褟薪邪 3,064725 0,007222
屑芯写械谢褜 3,624341 0,002847
褟薪写械泻褋 0,013423 0,000021
屑邪写芯薪薪邪 5,010635 0,003936
屑邪褕泻芯胁写屑懈褌褉懈泄 5,010635 0,003936
斜械蟹褉褍泻芯胁泻芯薪褋褌邪薪褌懈薪 5,010635 0,003936
褌懈薪邪 5,010635 0,003936
谢懈斜芯 0,013423 0,000011
褎械写械褉邪谢褜薪褘泄 0,013423 0,000042
薪邪卸懈屑邪褌褜 0,013423 0,000011
写械褌械泻褌懈胁薪褘泄 5,010635 0,007872
褋械屑褜褟 2,014903 0,003166
褍屑械褉械褌褜 2,445686 0,009606
锌芯懈褋泻 0,013423 0,000011
谢芯薪谐 5,010635 0,003936
芯褌泻褉褘褌褜褋褟 2,708050 0,006382
懈褋褌芯褉懈褔械褋泻懈泄 2,612740 0,004105
邪褉褌懈褋褌 3,912023 0,003073
谐褉懈薪 5,010635 0,007872
谢懈械锌邪褕泻芯谢邪 5,010635 0,003936
锌芯锌褉芯斜芯胁邪褌褜 0,013423 0,000011
蟹邪锌芯谢薪械薪懈械 0,013423 0,000074
褍褔邪褋褌薪懈泻 1,752539 0,004130
懈薪懈褑懈邪褌懈胁邪 3,218876 0,002529
胁薪懈屑邪薪懈械 0,013423 0,000011
锌褉懈薪懈屑邪褌褜 0,013423 0,000011
芯斜褗褟胁懈褌褜 2,525729 0,003968
褎懈谢褜屑 2,813411 0,004420
泻褍褉褕械胁械谢褜 5,010635 0,003936
褏邪写懈写 5,010635 0,003936
胁褘锌褍褋泻 0,013423 0,000011
斜械蟹褉褍泻芯胁屑芯褋泻懈薪芯褋械褉懈邪谢褘褔褌褘泄 5,010635 0,003936
锌芯写屑芯褋泻芯胁薪褘泄 3,624341 0,002847
薪邪写蟹芯褉 0,013423 0,000011
薪懈泻 5,010635 0,003936
锌褉械写锌褉懈褟褌懈械 0,013423 0,000032
褋锌芯褋芯斜 0,013423 0,000021
薪邪褍泻邪 0,283247 0,000223
芯斜褉邪褌薪褘泄 0,013423 0,000074
锌褉芯写褍泻褌 0,135438 0,000106
锌褉芯懈蟹芯泄褌懈 0,013423 0,000011
褟褉泻懈泄 2,302585 0,007235
泻薪懈谐邪 3,218876 0,002529
胁褌芯褉芯泄 1,427116 0,002242
