галицкий 3,401197 0,003227
специальный 1,514128 0,004310
масленица 2,120264 0,004023
законный 0,013423 0,000013
новый 0,006689 0,000044
день 0,591795 0,000561
найти 0,013423 0,000013
газа 3,064725 0,002908
проводы 3,218876 0,003054
письмо 0,013423 0,000025
пакьяо 3,064725 0,002908
спасибо 0,013423 0,000013
расширить 0,006689 0,000006
ск 2,931194 0,002781
отставать 3,218876 0,003054
ставка 2,813411 0,002669
согласие 0,013423 0,000025
центр 0,166448 0,000158
важный 1,297063 0,001231
доступ 0,013423 0,000025
миа 0,013423 0,000038
матчейключевой 3,624341 0,003439
задать 0,013423 0,000013
предложить 2,066196 0,001960
александр 1,373049 0,001303
связаться 0,013423 0,000076
человек 1,118815 0,001061
вода 1,576648 0,001496
дубай 2,813411 0,002669
украинец 2,302585 0,002185
г 0,013423 0,000025
реклама 0,013423 0,000025
фото 0,013423 0,000038
коттедж 3,401197 0,003227
политика 0,013423 0,000076
связь 0,006689 0,000051
добиться 2,302585 0,002185
взрыв 2,813411 0,002669
м 2,302585 0,002185
о 0,013423 0,000013
самофалов 3,218876 0,003054
канон 3,624341 0,003439
суд 1,791759 0,001700
новосибирск 3,064725 0,002908
экс 2,708050 0,005139
ядерный 2,813411 0,002669
лекарство 3,401197 0,003227
течение 0,013423 0,000013
китай 1,714798 0,003254
балл 2,931194 0,002781
разгар 3,218876 0,003054
неинтересный 3,401197 0,003227
сезон 2,445686 0,002320
паралимпиец 3,064725 0,005815
обращаться 2,371578 0,002250
сила 1,455287 0,001381
мир 0,223144 0,000847
бавырина 3,218876 0,003054
обеспечить 2,120264 0,002012
запад 1,966113 0,001865
весь 1,021651 0,000969
пройти 0,006689 0,000006
заголовок 0,013423 0,000025
тимур 3,218876 0,003054
информационный 0,013423 0,000051
репортаж 3,218876 0,003054
льгота 2,813411 0,002669
дело 1,249435 0,002371
рассмотреть 0,013423 0,000013
расположить 0,013423 0,000025
конец 1,643339 0,001559
время 0,013423 0,000013
кнопка 0,013423 0,000013
посмотреть 2,177422 0,002066
носович 3,218876 0,003054
убийство 3,064725 0,002908
праздновать 2,612740 0,002479
отменить 2,813411 0,002669
иванов 3,218876 0,003054
мощный 2,525729 0,002396
байкал 3,064725 0,002908
сильный 1,919593 0,001821
ранее 0,013423 0,000013
проблема 0,013423 0,000038
мистика 2,813411 0,002669
подкаст 0,292136 0,000277
главный 0,013423 0,000013
данные 0,013423 0,000102
посещение 2,813411 0,002669
сергей 1,544899 0,001466
пьяный 2,612740 0,002479
украина 1,160488 0,007707
подать 2,238047 0,002123
город 0,013423 0,000013
разблокировать 0,013423 0,000038
италия 2,014903 0,001912
фотография 0,013423 0,000013
дмитрий 1,576648 0,001496
расколоть 2,525729 0,002396
час 0,013423 0,000025
мединский 2,612740 0,002479
чат 0,013423 0,000025
облизать 3,401197 0,003227
отец 2,931194 0,002781
новостеймолния 0,013423 0,000013
написать 0,013423 0,000013
соглашаться 0,013423 0,000013
северный 2,177422 0,002066
россиянин 1,576648 0,001496
сначала 0,013423 0,000013
показать 0,013423 0,000013
выставка 2,302585 0,002185
людейбесплатный 3,624341 0,003439
пароль 0,013423 0,000140
аттестатавыплата 3,624341 0,003439
кремль 2,177422 0,002066
вооружённый 2,014903 0,001912
подмосковье 2,238047 0,002123
удалить 0,013423 0,000051
последствие 1,544899 0,002931
цб 2,931194 0,002781
дебош 2,708050 0,002569
девочка 2,612740 0,002479
вход 0,013423 0,000025
читать 0,791128 0,000751
выселить 3,218876 0,003054
описать 0,013423 0,000013
минобороны 2,525729 0,002396
размещение 0,013423 0,000013
сколько 0,006689 0,000019
отказ 2,302585 0,002185
рекомендовать 2,371578 0,002250
вампир 3,218876 0,003054
древний 2,525729 0,002396
городской 2,302585 0,002185
новгородский 2,813411 0,002669
репарация 3,064725 0,002908
британский 2,371578 0,002250
совет 1,226446 0,001164
видео 1,832581 0,003477
победительница 3,064725 0,002908
подтверждать 0,013423 0,000013
гаврилов 0,013423 0,000013
учредитель 0,013423 0,000013
потрясти 3,401197 0,003227
последний 0,899761 0,000854
проводник 3,064725 0,002908
московский 1,678431 0,001592
ссылка 0,013423 0,000051
коммуникация 0,013423 0,000013
мой 0,013423 0,000064
верхний 2,525729 0,002396
архив 0,190354 0,000181
помочь 0,013423 0,000013
круиз 3,218876 0,003054
заявить 1,272966 0,001208
сша 1,118815 0,002123
описание 0,013423 0,000013
грозить 2,612740 0,002479
избежать 2,525729 0,002396
процесс 0,013423 0,000013
карта 2,612740 0,002479
уборка 2,708050 0,002569
роскомнадзор 0,013423 0,000013
технология 0,013423 0,000025
сапрыкин 2,708050 0,002569
собственность 2,813411 0,002669
каток 2,612740 0,002479
артиллерист 3,064725 0,002908
москва 0,006689 0,000044
надежда 2,302585 0,002185
воспользоваться 0,013423 0,000051
врач 2,014903 0,005735
кожевник 3,218876 0,003054
скандал 2,813411 0,002669
выглядеть 2,445686 0,002320
урал 3,064725 0,002908
эндрю 3,064725 0,002908
далее 0,013423 0,000025
ликвидировать 2,708050 0,002569
праздничный 2,238047 0,002123
оплатить 2,708050 0,002569
сигнал 2,931194 0,002781
виктория 2,931194 0,002781
выплатить 3,064725 0,002908
забить 2,931194 0,002781
влияетогэ 3,624341 0,003439
хотеть 0,006689 0,000013
открывать 0,013423 0,000025
перейти 0,013423 0,000013
армия 2,120264 0,002012
насмерть 3,401197 0,003227
устроить 2,931194 0,002781
стать 0,851752 0,000808
бить 2,612740 0,004958
вчера 1,576648 0,014959
андреев 2,708050 0,002569
желать 2,612740 0,002479
обращение 0,013423 0,000038
десятка 2,525729 0,002396
операция 1,752539 0,003326
массовый 0,013423 0,000025
умный 2,708050 0,002569
это 0,013423 0,000025
спецпроект 0,190354 0,000181
обработка 0,013423 0,000064
гулять 3,064725 0,002908
поедание 3,624341 0,003439
украинский 1,576648 0,001496
донбасс 2,612740 0,002479
допуск 3,064725 0,002908
опрос 2,931194 0,005562
речной 2,612740 0,002479
новость 0,006689 0,000025
взять 1,832581 0,001739
наслать 2,445686 0,002320
льготный 3,064725 0,002908
могила 3,218876 0,003054
зарегистрироваться 0,013423 0,000064
привлечь 2,525729 0,002396
пожаловаться 0,006689 0,000013
головин 3,218876 0,003054
войти 0,006689 0,000032
наёмник 3,064725 0,002908
финляндия 2,931194 0,002781
спецоперация 2,445686 0,002320
турнир 2,813411 0,002669
эл 0,013423 0,000013
радио 0,274437 0,000521
подтолкнуть 3,624341 0,003439
защита 0,013423 0,000051
энергетический 2,371578 0,002250
регистрация 0,013423 0,000064
почему 0,013423 0,000013
восстановление 0,013423 0,000051
хороший 1,059392 0,003015
караев 3,218876 0,003054
повысятправославный 3,624341 0,003439
дисквалификация 3,218876 0,003054
вконтакте 0,013423 0,000025
ждать 1,919593 0,003642
логин 0,013423 0,000013
конфиденциальность 0,013423 0,000051
нарушение 0,013423 0,000038
навсегда 0,013423 0,000013
гуляние 3,624341 0,003439
путин 1,373049 0,002605
действие 0,013423 0,000013
релиз 0,013423 0,000013
назад 0,013423 0,000064
первый 0,883501 0,000838
список 0,013423 0,000025
пост 2,302585 0,002185
замёрзнуть 3,218876 0,003054
осень 2,708050 0,002569
обязательный 0,013423 0,000089
февраль 0,567984 0,000539
ошибка 0,013423 0,000038
аналитика 2,177422 0,002066
вопрос 0,006689 0,000025
зубовский 0,013423 0,000025
юрист 2,371578 0,002250
игра 1,609438 0,004581
традицииракетный 3,624341 0,003439
заполнить 0,013423 0,000089
ваш 0,013423 0,000204
общество 0,257045 0,000488
похоже 2,931194 0,002781
имя 0,013423 0,000064
главное 1,609438 0,001527
ответ 1,791759 0,001700
мнение 2,238047 0,002123
титул 2,813411 0,002669
проголосовать 3,218876 0,006108
голова 2,612740 0,002479
срок 0,013423 0,000025
высказаться 2,525729 0,002396
основание 0,013423 0,000013
кто 2,014903 0,005735
издание 0,013423 0,000013
песок 2,177422 0,002066
бульвар 0,013423 0,000025
сетевой 0,013423 0,000013
капитал 2,931194 0,002781
событие 1,544899 0,001466
праздникукак 3,624341 0,003439
реакция 3,064725 0,002908
бразильский 3,401197 0,003227
использование 0,013423 0,000013
вновь 0,013423 0,000013
банда 2,525729 0,002396
самый 0,967584 0,000918
стрельников 3,218876 0,003054
сменить 0,013423 0,000013
материал 0,013423 0,000102
участвовать 0,013423 0,000025
соревнование 2,813411 0,002669
сообщить 0,013423 0,000013
погубить 2,931194 0,002781
быть 0,013423 0,000051
успешно 0,013423 0,000013
скриншот 0,013423 0,000038
истечь 0,013423 0,000013
отмечать 1,399717 0,001328
лента 0,006689 0,000013
арест 2,445686 0,004641
приготовить 1,643339 0,001559
сфера 0,013423 0,000013
электронный 0,013423 0,000013
жкх 2,708050 0,002569
спорт 0,190354 0,000361
кредит 2,302585 0,002185
внук 3,218876 0,003054
свидетельство 0,013423 0,000013
комментирование 0,013423 0,000025
своматеринский 3,624341 0,003439
вингер 3,064725 0,002908
урегулирование 2,612740 0,002479
блокироваться 0,013423 0,000013
глава 1,919593 0,001821
сохранить 0,013423 0,000025
правило 0,013423 0,000076
известный 2,066196 0,001960
применение 0,013423 0,000013
взаимодействие 0,013423 0,000025
дать 0,013423 0,000038
пресс 0,013423 0,000025
согласный 0,013423 0,000038
персональный 0,013423 0,000102
иск 2,612740 0,002479
оружие 2,445686 0,002320
покататься 3,401197 0,003227
возможный 1,576648 0,001496
перетянуть 0,013423 0,000013
снег 2,371578 0,002250
смочь 0,006689 0,000013
использоваться 0,006689 0,000006
привет 3,218876 0,003054
женщина 1,832581 0,001739
игрок 2,708050 0,005139
пётр 2,238047 0,002123
интерактивный 2,931194 0,002781
готовый 0,006689 0,000013
признать 1,966113 0,001865
отбирать 3,218876 0,003054
дата 0,006689 0,000006
инфографик 2,177422 0,004132
очередь 2,120264 0,002012
одноклассник 0,013423 0,000025
недопустимый 0,013423 0,000013
вы 0,013423 0,000013
фио 0,013423 0,000013
кирилл 1,875141 0,001779
восстановить 0,013423 0,000013
пожалуйста 0,013423 0,000013
партнёр 2,302585 0,002185
сво 1,919593 0,001821
ран 2,931194 0,002781
российский 0,883501 0,002515
китайский 2,238047 0,002123
пациент 3,064725 0,002908
виза 3,064725 0,002908
версия 0,013423 0,000013
ниже 0,013423 0,000038
узнать 2,014903 0,003823
россия 0,006689 0,000133
интернет 2,708050 0,002569
тест 2,445686 0,004641
сутки 2,371578 0,002250
смотреть 1,966113 0,001865
рекорд 2,708050 0,002569
наглость 3,064725 0,002908
тег 0,190354 0,000181
свой 0,867501 0,000823
зарегистрировать 0,013423 0,000013
требование 1,832581 0,001739
популярный 1,752539 0,001663
назвать 1,347074 0,002556
чёткий 3,218876 0,003054
проведение 2,177422 0,002066
цена 1,966113 0,001865
сайт 0,013423 0,000038
поле 0,013423 0,000102
истерика 2,813411 0,002669
великий 2,120264 0,002012
полезный 0,143101 0,000136
галочка 0,013423 0,000013
штат 2,014903 0,001912
заблокировать 0,013423 0,000025
перетащить 0,013423 0,000038
туризм 0,283247 0,000806
сотрудник 1,791759 0,001700
поддерживаетсяполучить 0,013423 0,000013
адрес 0,013423 0,000064
зеленский 1,875141 0,007116
другой 0,013423 0,000051
соответствие 0,013423 0,000025
унитарный 0,013423 0,000038
долг 2,445686 0,002320
давать 0,013423 0,000025
отправка 0,013423 0,000013
загрузить 0,013423 0,000025
направление 0,013423 0,000013
телефон 0,013423 0,000013
редакция 0,013423 0,000038
филипп 2,445686 0,004641
ход 2,238047 0,002123
ес 2,445686 0,002320
праздник 1,427116 0,001354
должный 0,013423 0,000025
число 1,643339 0,001559
савчук 3,218876 0,003054
коммунальный 2,813411 0,002669
автор 0,013423 0,000013
старый 0,013423 0,000013
сообщение 0,013423 0,000178
лесков 3,624341 0,003439
трасса 3,218876 0,003054
происшествие 0,292136 0,000554
ребёнок 1,514128 0,001437
изменениябиография 3,624341 0,003439
подтвердить 0,013423 0,000013
выразить 2,708050 0,002569
прогресс 2,813411 0,002669
предмет 2,302585 0,002185
ограничиваться 2,813411 0,002669
авторизация 0,013423 0,000013
религия 0,283247 0,000537
рейтинг 0,006689 0,000006
форма 0,013423 0,000153
медаль 2,445686 0,002320
ожидать 2,612740 0,002479
дом 1,514128 0,001437
дон 3,064725 0,002908
никифоров 3,218876 0,003054
максимальный 2,371578 0,002250
акопов 3,218876 0,003054
культура 0,292136 0,000832
поток 3,064725 0,002908
разослать 3,401197 0,003227
иран 2,445686 0,002320
коллега 2,371578 0,002250
выбыть 3,218876 0,003054
альпинист 3,064725 0,005815
справляться 2,813411 0,002669
статья 0,013423 0,000013
евросоюз 2,238047 0,002123
каллас 2,612740 0,002479
недвижимость 0,292136 0,000277
ответить 2,238047 0,004247
ходить 2,813411 0,002669
ольга 2,612740 0,002479
редактор 0,013423 0,000013
ракетчик 2,931194 0,002781
фгуп 0,499776 0,000474
настоящий 2,302585 0,002185
зверский 3,401197 0,003227
получить 0,985284 0,001870
контакт 0,013423 0,000013
зимой 2,813411 0,002669
план 1,678431 0,001592
тема 0,013423 0,000051
хоккей 2,238047 0,002123
сервис 0,174353 0,000165
государственный 0,013423 0,000038
завести 3,064725 0,002908
передать 2,612740 0,002479
дискуссия 0,013423 0,000025
атомный 2,525729 0,002396
связанный 0,013423 0,000025
казань 3,218876 0,003054
служба 0,006689 0,000019
последствийкарта 3,624341 0,003439
риа 0,006689 0,000019
заметить 0,013423 0,000013
закрытый 0,013423 0,000013
обращать 0,013423 0,000013
рекомендательный 0,013423 0,000013
ски 3,064725 0,005815
цска 2,813411 0,002669
переговоры 1,875141 0,008895
мадагаскар 2,813411 0,002669
год 0,006689 0,000038
писатель 3,218876 0,003054
защитить 2,445686 0,002320
спасти 2,238047 0,002123
международный 0,013423 0,000038
матч 2,066196 0,001960
классон 3,218876 0,003054
деталь 3,064725 0,002908
стараться 2,813411 0,002669
кастро 3,218876 0,003054
потеря 2,066196 0,001960
трамп 1,544899 0,002931
решить 1,919593 0,001821
который 0,603916 0,000573
футбольный 3,218876 0,003054
задержать 3,064725 0,002908
агентство 0,013423 0,000051
динамо 2,238047 0,002123
блин 2,014903 0,003823
следующий 1,427116 0,002708
приближать 3,218876 0,003054
мат 3,218876 0,003054
авторизоваться 0,013423 0,000025
дтп 3,064725 0,002908
выбрать 0,013423 0,000038
рассказать 0,933098 0,002656
сегодня 0,013423 0,000089
елена 2,931194 0,002781
страна 1,139434 0,001081
президент 1,643339 0,001559
тайна 2,445686 0,002320
просить 0,013423 0,000013
сми 2,177422 0,004132
священник 2,525729 0,002396
новыесначала 0,013423 0,000013
актёр 2,371578 0,002250
орешник 3,218876 0,003054
нужный 1,643339 0,001559
кижи 3,064725 0,002908
место 1,272966 0,001208
шапка 0,013423 0,000013
отправить 0,013423 0,000178
продолжить 0,006689 0,000006
решение 0,006689 0,000006
рука 1,791759 0,001700
лига 1,966113 0,003731
алтайский 3,064725 0,002908
ознакомить 0,013423 0,000013
доложить 3,064725 0,002908
военный 1,514128 0,002873
вакансия 0,013423 0,000013
мы 0,013423 0,000089
проставлять 0,013423 0,000013
болельщик 3,064725 0,002908
участие 0,006689 0,000013
аккаунт 0,013423 0,000064
экономика 0,292136 0,000554
топ 2,708050 0,005139
олимпиада 2,445686 0,002320
церковный 2,931194 0,002781
комплекс 2,708050 0,002569
обсуждение 0,013423 0,000025
снегопад 2,177422 0,004132
опечатка 0,013423 0,000013
использовать 0,013423 0,000013
календарь 2,120264 0,002012
надёжный 2,813411 0,002669
гражданин 2,066196 0,001960
инструкцияпенсия 3,624341 0,003439
онлайн 0,013423 0,000013
розыгрыш 3,064725 0,002908
почта 0,013423 0,000089
блокировка 0,013423 0,000051
писать 1,752539 0,001663
прокомментировать 2,371578 0,002250
рецепт 1,118815 0,001061
осуществляться 0,013423 0,000013
пуля 3,401197 0,003227
вызвать 2,371578 0,002250
история 1,139434 0,001081
киев 1,832581 0,003477
апрель 0,013423 0,000013
годусамозапрет 3,624341 0,003439
фамилия 0,013423 0,000013
яндекс 0,013423 0,000025
принц 2,931194 0,002781
принести 2,371578 0,002250
либо 0,013423 0,000013
красноярск 3,218876 0,003054
федеральный 0,013423 0,000051
нажимать 0,013423 0,000013
бой 2,445686 0,002320
февралезадолженность 3,624341 0,003439
умереть 2,445686 0,002320
поиск 0,013423 0,000013
всу 2,238047 0,002123
лагерь 2,612740 0,002479
краснов 3,064725 0,002908
попробовать 0,013423 0,000013
заполнение 0,013423 0,000089
вернуть 2,120264 0,002012
участник 1,752539 0,001663
внимание 0,013423 0,000013
принимать 0,013423 0,000013
препарат 3,218876 0,003054
женева 2,238047 0,004247
сопровождать 3,218876 0,003054
встреча 1,832581 0,001739
расписание 2,525729 0,002396
выпуск 0,013423 0,000013
хоккеист 3,401197 0,003227
огромный 2,302585 0,002185
эпштейн 2,525729 0,002396
травма 2,708050 0,002569
надзор 0,013423 0,000013
зима 1,919593 0,001821
одежда 2,813411 0,002669
предприятие 0,013423 0,000038
способ 0,013423 0,000025
наука 0,283247 0,000806
обратный 0,013423 0,000089
произойти 0,013423 0,000025
продукт 0,135438 0,000128
никак 3,064725 0,002908
источник 1,966113 0,003731
