泻邪谢懈泄 4,317488 0,001974
蟹邪泻芯薪薪褘泄 0,013423 0,000006
锌邪锌褉懈泻邪 3,624341 0,009943
写械薪褜 0,591795 0,000271
褌邪斜谢械褌泻邪 5,010635 0,002291
锌芯泻褉邪褋懈褌褜 2,813411 0,028301
薪邪泄褌懈 0,013423 0,000006
褉懈褌褍邪谢 3,624341 0,001657
锌懈褋褜屑芯 0,013423 0,000012
褋锌邪褋懈斜芯 0,013423 0,000006
褉邪褋褕懈褉懈褌褜 0,006689 0,000003
锌芯褋褌褍泻懈胁邪薪懈械 5,010635 0,002291
褋芯谐谢邪褋懈械 0,013423 0,000012
褍胁谢械泻邪褌械谢褜薪芯 5,010635 0,002291
褍蟹械谢芯泻 5,010635 0,004582
邪褉褌 3,624341 0,001657
薪邪褉芯写薪褘泄 2,177422 0,000996
锌褉芯褏谢邪写薪褘泄 3,624341 0,001657
屑薪芯卸械褋褌胁芯 2,931194 0,001340
芯锌褍褋泻邪褌褜 3,912023 0,001789
泻邪褉褌芯薪 5,010635 0,013747
泻邪薪褑械谢褟褉褋泻懈泄 5,010635 0,002291
褋胁褟蟹邪褌褜褋褟 0,013423 0,000037
褌褢锌谢褘泄 2,708050 0,001238
褔械谢芯胁械泻 1,118815 0,000512
胁芯写邪 1,576648 0,010093
薪械屑薪芯谐芯 2,177422 0,000996
褉械泻谢邪屑邪 0,013423 0,000006
褎芯褌芯 0,013423 0,000006
屑邪泻邪褉芯薪褘 3,912023 0,008944
褋胁褟蟹褜 0,006689 0,000024
泻褉褘谢褘褕泻芯 4,317488 0,001974
泻邪褋褌褉褞谢褟 2,371578 0,007591
泻褉懈褋褌邪谢谢 4,317488 0,001974
褏芯谢褋褌 5,010635 0,002291
褋泻芯褉谢褍锌邪 3,401197 0,007776
锌械褉械屑械褕邪褌褜 2,238047 0,002047
泻懈褋褌芯褔泻邪 5,010635 0,002291
锌褉芯泄褌懈 0,006689 0,000003
蟹邪谐芯谢芯胁芯泻 0,013423 0,000012
屑邪褉谢械胁褘泄 5,010635 0,002291
泻谢械泄 5,010635 0,009164
懈薪褎芯褉屑邪褑懈芯薪薪褘泄 0,013423 0,000025
薪械芯斜褏芯写懈屑褘泄 2,238047 0,001023
褉邪褋褋屑芯褌褉械褌褜 0,013423 0,000006
褉邪褋锌芯谢芯卸懈褌褜 0,013423 0,000025
泻邪锌褍褋褌邪 2,708050 0,001238
褋谢懈褕泻芯屑 2,708050 0,001238
芯褋胁褟褌懈褌褜 3,912023 0,001789
褋芯蟹写邪胁邪褌褜 2,371578 0,002169
褏褉懈褋褌懈邪薪褋泻懈泄 3,624341 0,001657
谐芯褌芯胁懈褌褜 1,966113 0,000899
锌芯写邪褉芯泻 2,931194 0,001340
谐谢邪胁薪褘泄 0,013423 0,000012
锌褉芯斜谢械屑邪 0,013423 0,000006
写邪薪薪褘械 0,013423 0,000049
褉邪褋褌胁芯褉 4,317488 0,017767
褌邪泻卸械 1,139434 0,001042
褌褍写邪 3,218876 0,001472
褔谢械薪 2,238047 0,002047
泻芯褉懈褔薪械胁褘泄 3,912023 0,003578
褎芯褌芯谐褉邪褎懈褟 0,013423 0,000006
褑褘锌谢褢薪芯泻 4,317488 0,001974
褔械褉械锌芯胁械褑泻懈泄 5,010635 0,002291
褋懈褉械薪械胁褘泄 4,317488 0,003948
谢械谐泻芯 1,791759 0,001639
写芯锌褍褋泻邪褌褜 3,401197 0,001555
锌褉械写胁邪褉懈褌械谢褜薪芯 2,931194 0,001340
薪邪写械胁邪褌褜 4,317488 0,001974
褋芯谐谢邪褕邪褌褜褋褟 0,013423 0,000006
褋薪邪褔邪谢邪 0,013423 0,000006
褋懈屑锌褌芯屑 3,624341 0,001657
薪芯卸 3,064725 0,001401
褋谢芯泄 2,813411 0,003859
褍写邪谢懈褌褜 0,013423 0,000031
褉邪蟹屑械褖械薪懈械 0,013423 0,000006
褋邪褎褉芯薪芯胁 5,010635 0,009164
褋泻芯谢褜泻芯 0,006689 0,000003
泻褉械锌泻懈泄 4,317488 0,003948
胁褘褋芯褏薪褍褌褜 5,010635 0,009164
芯写懈薪 1,098612 0,001005
芯褌褌械薪芯泻 2,612740 0,020309
斜褍谢邪胁泻邪 5,010635 0,002291
锌褉械写褋械写邪褌械谢褜 3,064725 0,001401
锌芯谢薪芯褋褌褜褞 2,014903 0,000921
褋屑芯褌褉械褌褜褋褟 4,317488 0,001974
褏芯褌械褌褜褋褟 3,218876 0,001472
薪邪褑懈褟 5,010635 0,002291
锌芯谢懈褝褌懈谢械薪芯胁褘泄 5,010635 0,002291
薪邪褉械蟹邪褌褜 2,120264 0,001939
屑懈薪褍褌邪 1,226446 0,002804
泻邪褉泻邪写 3,401197 0,004666
胁褘谢芯卸懈褌褜 2,708050 0,001238
薪械泻芯褌芯褉褘泄 2,014903 0,000921
芯斜褋芯褏薪褍褌褜 5,010635 0,002291
锌械薪芯锌谢邪褋褌 5,010635 0,002291
蟹芯谢芯褌懈褋褌褘泄 2,931194 0,001340
蟹邪褟胁懈褌褜 1,272966 0,000582
锌褉懈褉芯写薪褘泄 2,931194 0,001340
芯锌懈褋邪薪懈械 0,013423 0,000006
褎懈泻褋邪褑懈褟 5,010635 0,004582
锌褉芯褑械褋褋 0,013423 0,000012
蟹邪谢懈褌褜 2,445686 0,003355
谢芯斜邪褔械胁邪 5,010635 0,004582
锌褉芯褋褍褕泻邪 5,010635 0,002291
锌芯胁褌芯褉懈褌褜 3,218876 0,001472
泻芯谢褜褑芯 3,401197 0,003110
薪褍褌褉懈褑懈芯谢芯谐 3,624341 0,001657
泻邪褔械褋褌胁芯 2,177422 0,000996
褍蟹芯褉 3,624341 0,009943
锌芯写械褉卸邪褌褜 3,912023 0,005366
写褉邪锌邪薪泻 5,010635 0,002291
泻褉邪褕械薪褘泄 4,317488 0,001974
胁蟹褉芯褋谢褘泄 2,931194 0,001340
泻褉邪锌懈薪泻邪 5,010635 0,002291
芯褎芯褉屑谢械薪懈械 2,813411 0,001286
芯锌褍褋褌懈褌褜 3,624341 0,001657
屑芯谢芯褌褘泄 3,064725 0,001401
械泻邪褌械褉懈薪邪 2,445686 0,006710
锌褉芯褋褍褕懈胁邪褌褜 5,010635 0,002291
锌芯褋褌邪胁懈褌褜 2,014903 0,000921
锌芯褋褘锌邪褌褜 2,612740 0,001195
锌芯谢褍褔邪褌褜 2,238047 0,001023
锌械褉械泄褌懈 0,013423 0,000043
锌芯写谐芯褌芯胁泻邪 2,177422 0,003982
邪斜褋褌褉邪泻褌薪褘泄 5,010635 0,002291
锌褉褟屑芯 2,931194 0,001340
邪谢褢薪邪 3,624341 0,004972
薪褍卸薪芯 1,455287 0,003993
芯谐谢邪胁谢械薪懈械 1,791759 0,000819
芯谐芯薪褜 1,966113 0,002697
褌泻邪薪褜 4,317488 0,001974
褕锌懈薪邪褌 4,317488 0,001974
褍写芯斜褋褌胁芯 3,218876 0,001472
斜褍褋懈薪泻邪 5,010635 0,002291
谐邪蟹 2,612740 0,001195
褋懈薪懈泄 5,010635 0,002291
胁蟹褟褌褜 1,832581 0,000838
胁邪褉泻邪 3,401197 0,004666
锌芯褉褌懈褌褜褋褟 5,010635 0,002291
褋褌芯懈褌褜 1,678431 0,001535
泻褉邪褋懈胁褘泄 2,445686 0,002237
褝褎褎械泻褌 3,401197 0,006221
锌械褌褉褍褕泻邪 2,813411 0,001286
褉邪蟹薪芯褑胁械褌薪褘泄 5,010635 0,002291
褋芯蟹写邪胁邪褌褜褋褟 4,317488 0,001974
卸懈蟹薪褜 1,714798 0,000784
泻邪锌谢褟 4,317488 0,005922
褋褌邪泻邪薪 3,064725 0,001401
芯褌胁邪褉懈褌褜 2,813411 0,001286
褌械屑械胁褉邪褔 4,317488 0,001974
褝谢 0,013423 0,000006
褌芯褔薪芯 2,612740 0,001195
泻芯褉蟹懈薪邪 3,912023 0,001789
谢褍泻芯胁褘泄 3,912023 0,014310
褉懈褋芯胁褘泄 3,912023 0,003578
锌芯褔械屑褍 0,013423 0,000012
褉邪褋褌懈褉邪褌褜 5,010635 0,002291
斜褘褋褌褉褘泄 1,714798 0,000784
写芯斜邪胁懈褌褜 1,514128 0,004154
泻褉邪褋薪褘泄 1,966113 0,004495
泻邪谢谢懈薪懈泻 3,401197 0,001555
斜谢械褋泻 5,010635 0,002291
胁泻芯薪褌邪泻褌械 0,013423 0,000012
谢芯谐懈薪 0,013423 0,000006
泻芯薪褎懈写械薪褑懈邪谢褜薪芯褋褌褜 0,013423 0,000025
薪邪褉褍褕械薪懈械 0,013423 0,000018
薪邪胁褋械谐写邪 0,013423 0,000006
锌芯写邪褉懈褌褜 3,218876 0,001472
写械褌褋泻懈泄 2,612740 0,001195
薪邪褌械褉械褌褜 2,708050 0,002476
薪邪蟹邪写 0,013423 0,000031
芯褋褌褍写懈褌褜 2,931194 0,001340
褋锌懈褋芯泻 0,013423 0,000006
卸械谢邪薪懈械 2,813411 0,001286
锌褉懈屑械褌邪 3,064725 0,001401
泻褉邪褋褟褖懈泄 5,010635 0,002291
褋谢械写 4,317488 0,001974
谐懈斜懈褋泻褍褋 5,010635 0,002291
锌褉懈芯斜褉械褋褌懈 2,302585 0,002106
谢邪斜芯褉邪褌芯褉懈褟 4,317488 0,001974
蟹胁褢蟹写薪褘泄 5,010635 0,002291
褕懈褉懈薪邪 5,010635 0,002291
写懈蟹邪泄薪 3,912023 0,005366
薪邪屑芯褌邪褌褜 5,010635 0,002291
蟹褍斜芯胁褋泻懈泄 0,013423 0,000012
蟹邪锌芯谢薪懈褌褜 0,013423 0,000043
胁芯锌谢芯褌懈褌褜 4,317488 0,001974
谢邪锌泻邪 5,010635 0,002291
褌褉邪写懈褑懈褟 1,919593 0,005266
芯斜褖械褋褌胁芯 0,257045 0,000118
谐谢邪胁薪芯械 1,609438 0,000736
锌褉芯褑械写懈褌褜 3,218876 0,001472
锌褉芯屑褘褌褜 2,612740 0,001195
芯褋薪芯胁邪薪懈械 0,013423 0,000006
懈蟹写邪薪懈械 0,013423 0,000006
谐褍邪褕褜 5,010635 0,002291
斜褍谢褜胁邪褉 0,013423 0,000012
蟹邪褋褘锌邪褌褜 3,624341 0,003314
褋械褌械胁芯泄 0,013423 0,000006
锌芯写褋芯谢懈褌褜 3,624341 0,001657
褉邪褋泻褉褘褌褜 2,612740 0,001195
蟹邪褎懈泻褋懈褉芯胁邪褌褜 3,912023 0,003578
锌芯褉芯褕泻芯胁褘泄 5,010635 0,002291
胁薪芯胁褜 0,013423 0,000006
褋屑械薪懈褌褜 0,013423 0,000006
胁褘泻谢邪写褘胁邪褌褜 3,401197 0,001555
褍褔邪褋褌胁芯胁邪褌褜 0,013423 0,000012
褋芯芯斜褖懈褌褜 0,013423 0,000006
斜褘褌褜 0,013423 0,000012
锌芯褕邪谐芯胁褘泄 1,455287 0,001331
褋泻褉懈薪褕芯褌 0,013423 0,000018
写懈邪屑械褌褉 5,010635 0,002291
懈褋褌械褔褜 0,013423 0,000006
锌芯褋褌芯褟褌褜 4,317488 0,001974
褟泄褑芯 1,966113 0,084506
锌械褉屑邪薪谐邪薪邪褌 5,010635 0,002291
锌褉懈谐芯褌芯胁懈褌褜 1,643339 0,000751
卸褢谢褌褘泄 3,912023 0,005366
锌褉械锌芯写邪胁邪褌械谢褜 3,912023 0,001789
褝谢械泻褌褉芯薪薪褘泄 0,013423 0,000006
胁懈薪薪褘泄 4,317488 0,001974
锌邪褋褏邪谢泻邪 5,010635 0,006873
邪褌屑芯褋褎械褉邪 3,624341 0,001657
薪邪褑懈芯薪邪谢褜薪褘泄 2,302585 0,001053
斜械卸械胁褘泄 5,010635 0,002291
屑芯泻褉褘泄 5,010635 0,002291
褔械褌褘褉械 2,302585 0,001053
写褉褍谐 2,612740 0,001195
胁泻褉褍褌褍褞 3,401197 0,004666
芯泻褉邪褕懈胁邪褌褜 5,010635 0,004582
谐芯谢褍斜芯泄 3,624341 0,003314
褋芯褏褉邪薪懈褌褜 0,013423 0,000006
谢芯卸泻邪 2,525729 0,002310
泻褉邪泄 2,371578 0,002169
褟泄褑芯锌褍褌懈薪 4,317488 0,001974
胁蟹邪懈屑芯写械泄褋褌胁懈械 0,013423 0,000012
泻懈锌械薪懈械 2,931194 0,004021
褋械褉斜褋泻懈泄 3,624341 0,003314
褋芯谐谢邪褋薪褘泄 0,013423 0,000018
锌械褉械褌褟薪褍褌褜 0,013423 0,000006
褢屑泻芯褋褌褜 3,401197 0,006221
褝谢械屑械薪褌 3,218876 0,011775
懈褋锌芯谢褜蟹芯胁邪褌褜褋褟 0,006689 0,000003
卸械薪褖懈薪邪 1,832581 0,001676
褋谢械写芯泻 5,010635 0,002291
屑械写懈邪斜邪薪泻卸械薪褖懈薪邪 3,624341 0,003314
褏褉邪薪械薪懈械 3,064725 0,001401
邪泻胁邪褉械谢褜 5,010635 0,006873
芯褋褌邪胁懈褌褜 1,966113 0,006293
褎懈芯 0,013423 0,000006
泻懈褉懈谢谢 1,875141 0,001715
泻褍褋芯泻 3,401197 0,001555
锌邪褌褉懈邪褉褏 3,218876 0,002944
锌芯卸邪谢褍泄褋褌邪 0,013423 0,000006
褋褌芯谢 1,832581 0,001676
薪械芯斜褏芯写懈屑芯 1,791759 0,002458
褉邪褋褌胁芯褉褟褌褜 5,010635 0,002291
屑邪褉谢褟 3,624341 0,001657
胁蟹斜懈褌褜 3,064725 0,001401
胁械褉褋懈褟 0,013423 0,000006
薪懈卸械 0,013423 0,000018
泻芯屑屑械薪褌懈褉芯胁邪褌褜 3,064725 0,001401
屑芯薪邪褋褌褘褉褜 3,624341 0,003314
褋薪懈卸邪褌褜 3,218876 0,001472
褋屑芯褌褉械褌褜 1,966113 0,001798
写懈械褌芯谢芯谐 3,912023 0,001789
邪泻泻褍褉邪褌薪芯 2,813411 0,002573
蟹邪褉械谐懈褋褌褉懈褉芯胁邪褌褜 0,013423 0,000006
胁褘褌邪褖懈褌褜 3,624341 0,001657
薪邪蟹胁邪褌褜 1,347074 0,000616
锌芯谢械 0,013423 0,000049
锌械褉械褌邪褖懈褌褜 0,013423 0,000018
写械泻泻械褉 5,010635 0,002291
褋褌褉邪蟹芯胁褘泄 5,010635 0,002291
芯褋芯斜械薪薪芯褋褌褜 2,120264 0,000969
锌芯谢芯卸懈褌褜 1,966113 0,001798
锌褉械写锌褉邪蟹写薪懈褔薪褘泄 5,010635 0,002291
邪写褉械褋 0,013423 0,000031
锌褉械写褋褌邪胁懈褌褜 2,014903 0,000921
褋芯芯褌胁械褌褋褌胁懈械 0,013423 0,000012
褉邪斜芯褌邪 1,427116 0,000653
胁芯褋泻 5,010635 0,009164
芯褋褌邪胁邪褌褜褋褟 2,238047 0,001023
蟹邪谐褉褍蟹懈褌褜 0,013423 0,000012
褍泻褋褍褋 3,218876 0,005887
薪邪锌褉邪胁谢械薪懈械 0,013423 0,000012
褌械谢械褎芯薪 0,013423 0,000006
褋芯写邪 3,912023 0,001789
褉械写邪泻褑懈褟 0,013423 0,000018
褋芯褔械褌邪薪懈械 2,708050 0,001238
锌芯泻邪 1,919593 0,000878
写芯谢卸薪褘泄 0,013423 0,000006
谐褉械褑泻懈泄 4,317488 0,001974
褍泻褉邪褕械薪懈械 3,401197 0,004666
芯褌胁邪褉 3,624341 0,003314
邪胁褌芯褉 0,013423 0,000006
褋褌邪褉褘泄 0,013423 0,000006
褋芯芯斜褖械薪懈械 0,013423 0,000086
褌褢褉泻邪 2,813411 0,001286
锌芯写褌胁械褉写懈褌褜 0,013423 0,000006
懈蟹谢懈褕械泻 3,401197 0,001555
褑械谢芯褋褌薪芯褋褌褜 5,010635 0,002291
屑褉邪屑芯褉薪褘泄 4,317488 0,003948
锌芯褉褎懈褉懈泄 3,624341 0,001657
褝泻褋锌械褉褌 1,373049 0,000628
锌芯褋褍写邪 2,813411 0,003859
锌褉械写屑械褌 2,302585 0,001053
斜褍写褍褖懈泄 4,317488 0,001974
锌芯胁械褉褏薪芯褋褌褜 2,813411 0,002573
褉邪蟹写械谢懈褌褜 3,401197 0,001555
锌褉芯锌邪褋褌褜 3,401197 0,001555
锌懈谐屑械薪褌 5,010635 0,002291
锌芯谢褍褔邪褌褜褋褟 2,708050 0,001238
褋褍褖械褋褌胁芯胁邪褌褜 2,302585 0,001053
褋褌邪褌褜褟 0,013423 0,000006
锌械褉谢邪屑褍褌褉芯胁褘泄 4,317488 0,001974
邪褋褋芯褉褌懈屑械薪褌 4,317488 0,001974
泻褍褋芯褔械泻 2,708050 0,002476
锌褉懈谢芯卸懈褌褜 4,317488 0,001974
褉械写邪泻褌芯褉 0,013423 0,000006
褎谐褍锌 0,499776 0,000686
锌褉芯褑邪褉邪锌邪褌褜 5,010635 0,002291
锌芯写褋褌邪胁泻邪 4,317488 0,005922
斜谢懈蟹泻懈泄 2,066196 0,000945
锌芯谢褍褔懈褌褜 0,985284 0,004505
褉邪蟹谐谢邪卸懈胁邪褌褜 5,010635 0,002291
泻芯薪褌邪泻褌 0,013423 0,000006
谐芯褋褍写邪褉褋褌胁械薪薪褘泄 0,013423 0,000018
泻谢械懈褌褜 5,010635 0,002291
褋写械谢邪褌褜 1,226446 0,003365
褌褖邪褌械谢褜薪芯 2,445686 0,001118
褉邪蟹谢懈褔薪褘泄 2,525729 0,002310
褋胁褟蟹邪薪薪褘泄 0,013423 0,000012
薪邪泻谢械懈褌褜 5,010635 0,002291
褉懈邪 0,006689 0,000046
薪邪薪械褋褌懈 2,813411 0,002573
蟹邪泻褉褘褌褘泄 0,013423 0,000006
芯斜褉邪褖邪褌褜 0,013423 0,000006
褉邪蟹薪褘泄 1,484275 0,004072
褌褉械褖懈薪邪 3,912023 0,003578
褋褌械薪泻邪 4,317488 0,001974
谐芯写 0,006689 0,000003
褉邪褋锌褉芯褋褌褉邪薪懈褌褜 3,064725 0,001401
锌邪泻械褌 3,401197 0,004666
懈薪褌械薪褋懈胁薪芯褋褌褜 5,010635 0,002291
懈谐芯谢芯褔泻邪 5,010635 0,002291
褉懈褋褍薪芯泻 5,010635 0,016038
褍锌邪泻芯胁泻邪 3,912023 0,003578
屑械卸写褍薪邪褉芯写薪褘泄 0,013423 0,000018
谢械锌械褋褌泻芯胁褘泄 5,010635 0,004582
屑邪谢褘褕 3,912023 0,001789
写械褌邪谢褜 3,064725 0,002803
锌褉邪胁芯褋谢邪胁懈械 3,218876 0,004415
褋褌芯谢芯胁褘泄 3,624341 0,003314
屑械褉褑邪薪懈械 4,317488 0,001974
邪谐械薪褌褋褌胁芯 0,013423 0,000025
褏芯褏芯谢芯泻 5,010635 0,002291
褏邪芯褌懈褔薪芯 5,010635 0,002291
褉懈褋 3,912023 0,017888
蟹邪懈薪褌械褉械褋芯胁邪褌褜 5,010635 0,002291
锌芯写芯斜褉邪褌褜 3,218876 0,001472
褉邪褋褌芯锌懈褌褜 4,317488 0,001974
屑邪褉泻械褉 4,317488 0,001974
褉械褑械锌褌褘锌褉邪蟹写薪懈泻 5,010635 0,002291
褋械谐芯写薪褟 0,013423 0,000055
锌芯胁褘褕械薪薪褘泄 2,931194 0,001340
锌褉芯褋懈褌褜 0,013423 0,000006
褋褉邪蟹褍 1,832581 0,001676
锌褉芯写芯谢卸懈褌械谢褜薪褘泄 4,317488 0,001974
褍蟹芯褉褔邪褌褘泄 5,010635 0,002291
芯褋褌褉褘泄 2,813411 0,001286
褌械屑锌械褉邪褌褍褉邪 2,445686 0,001118
褌邪泻芯泄 1,098612 0,000502
泻褉邪褕械薪泻邪 4,317488 0,021716
褉褍泻芯胁芯写懈褌械谢褜 2,445686 0,001118
褑懈褎褉邪 3,912023 0,001789
泻懈锌褟褔褢薪褘泄 4,317488 0,001974
褕邪锌泻邪 0,013423 0,000006
芯褌锌褉邪胁懈褌褜 0,013423 0,000086
锌芯蟹写褉邪胁懈褌褜 2,525729 0,001155
锌褉芯写芯谢卸懈褌褜 0,006689 0,000003
褉械褕械薪懈械 0,006689 0,000003
泻邪谢谢懈薪懈泻芯胁泻邪泻 5,010635 0,002291
谢懈谐邪 1,966113 0,000899
褉褍泻邪 1,791759 0,000819
芯蟹薪邪泻芯屑懈褌褜 0,013423 0,000006
薪械芯斜褘褔薪褘泄 2,014903 0,002764
褕懈褉芯泻懈泄 3,064725 0,001401
锌褉芯褋褌邪胁谢褟褌褜 0,013423 0,000006
邪泻泻邪褍薪褌 0,013423 0,000031
锌褉械芯斜褉邪卸械薪懈械 3,912023 0,001789
谐谢邪蟹 2,931194 0,001340
芯斜褋褍卸写械薪懈械 0,013423 0,000012
屑邪褉邪 2,931194 0,001340
芯泻褉邪褋懈褌褜褋褟 5,010635 0,002291
芯褉谐邪薪懈蟹邪褑懈褟 2,066196 0,000945
谐褍斜泻邪 5,010635 0,002291
胁芯褋泻褉械褋械薪懈械 2,612740 0,009557
写械褋褟褌褜 2,445686 0,002237
谐褉邪写懈械薪褌 5,010635 0,002291
锌芯褔褌邪 0,013423 0,000043
写胁褍褏褋褌芯褉芯薪薪懈泄 5,010635 0,002291
斜谢芯泻懈褉芯胁泻邪 0,013423 0,000025
褉械褑械锌褌 1,118815 0,001535
褎懈芯谢械褌芯胁褘泄 5,010635 0,002291
懈褋褌芯褉懈褟 1,139434 0,001042
褎邪屑懈谢懈褟 0,013423 0,000006
械胁谐械薪懈泄 2,238047 0,006140
写械泻褍锌邪卸 5,010635 0,011455
泻褉邪褋懈褌械谢褜 3,624341 0,056345
褕泻芯谢邪 2,813411 0,001286
褟薪写械泻褋 0,013423 0,000012
谢懈斜芯 0,013423 0,000006
薪邪锌懈褌芯泻 2,371578 0,001084
芯褋褌褘褌褜 2,525729 0,001155
锌芯薪邪写芯斜懈褌褜褋褟 2,813411 0,005146
薪邪卸懈屑邪褌褜 0,013423 0,000006
泻褍褉泻褍屑邪 4,317488 0,017767
褋芯谐谢邪褋薪芯 2,371578 0,002169
锌褉械写谢邪谐邪褌褜 2,445686 0,003355
锌芯懈褋泻 0,013423 0,000006
锌邪泄械褌泻邪褌褜 5,010635 0,004582
屑械写谢械薪薪芯 3,624341 0,001657
锌邪褋褏邪谢褜薪褘泄 2,931194 0,020104
褍褋谢芯胁懈械 1,321756 0,003022
芯斜褉械蟹邪褌褜 5,010635 0,002291
屑邪褉谐邪薪褑芯胁泻邪 5,010635 0,013747
褕械谢褍褏邪 4,317488 0,023690
褋胁械褔邪 3,624341 0,001657
锌芯写谐芯褌芯胁懈褌褜 2,120264 0,006786
芯泻褉邪褋泻邪 4,317488 0,001974
褋褍褕泻邪 5,010635 0,004582
蟹邪泻褉械锌谢械薪懈械 5,010635 0,002291
褋锌芯褋芯斜 0,013423 0,000068
胁芯褋泻褉械褋械薪懈械褉褍褋褋泻懈泄 4,317488 0,001974
褍蟹械谢 5,010635 0,002291
锌褉芯写褍泻褌 0,135438 0,000062
褟褉泻懈泄 2,302585 0,003159
屑械写谢械薪薪褘泄 4,317488 0,001974
蟹邪褉邪薪械械 2,708050 0,001238
谐芯褉泻邪 3,401197 0,001555
褋锌械褑懈邪谢褜薪褘泄 1,514128 0,002077
胁邪褉褢薪褘泄 3,218876 0,007359
邪泻褉懈谢 5,010635 0,004582
薪芯胁褘泄 0,006689 0,000009
泻邪锌械谢褜泻邪 5,010635 0,002291
芯斜褉邪蟹 2,066196 0,000945
芯褉械褏 3,218876 0,001472
褎懈谐褍褉邪 3,912023 0,001789
械褖褢 3,218876 0,004415
锌芯谢芯褋泻邪 3,912023 0,003578
褋薪懈屑邪褌褜 3,401197 0,001555
褋胁邪褉懈褌褜 3,624341 0,006629
邪谢谢械褉谐懈懈褋胁褟褖械薪薪懈泻 4,317488 0,001974
写芯褋褌褍锌 0,013423 0,000012
蟹邪泻懈锌邪薪懈械 3,624341 0,001657
屑懈邪 0,013423 0,000031
蟹邪写邪褌褜 0,013423 0,000006
褋懈谢褍褝褌 5,010635 0,002291
锌芯屑芯褖褜 1,321756 0,025988
锌械褉褔邪褌泻邪 5,010635 0,002291
谐芯褌芯胁薪芯褋褌褜 2,238047 0,002047
锌邪胁邪 3,912023 0,005366
谐 0,013423 0,000018
胁邪褉懈褌褜 2,371578 0,008675
锌芯谢懈褌懈泻邪 0,013423 0,000025
锌谢芯褌薪芯 3,624341 0,001657
芯 0,013423 0,000006
屑械褉褑邪褌褜 4,317488 0,001974
褌械褔械薪懈械 0,013423 0,000012
写芯锌芯谢薪懈褌械谢褜薪褘泄 2,066196 0,002834
锌谢械褌械薪懈械 5,010635 0,002291
锌懈褖械胁芯泄 2,120264 0,008725
蟹械屑谢褟 2,708050 0,002476
芯薪芯 2,302585 0,001053
胁邪褉懈邪薪褌 1,966113 0,002697
锌邪褋褏芯泄泻邪泻 4,317488 0,001974
褉褍褋褋泻懈泄 1,118815 0,002558
锌芯屑械褋褌懈褌褜 3,064725 0,004204
锌芯褉芯褕芯泻 3,401197 0,001555
泻谢邪褋褋懈褔械褋泻懈泄 1,752539 0,000801
薪械斜芯谢褜褕芯泄 2,014903 0,001843
胁褉械屑褟 0,013423 0,000025
泻褉械锌芯褋褌褜 3,912023 0,001789
芯褏谢邪写懈褌褜 2,931194 0,001340
泻薪芯锌泻邪 0,013423 0,000006
卸械谢褌芯泻 3,624341 0,001657
谐械谢械胁褘泄 4,317488 0,001974
斜芯褉写芯 5,010635 0,002291
写芯褉懈褋芯胁邪褌褜 5,010635 0,004582
褉邪薪械械 0,013423 0,000006
褋胁械卸械褋褌褜 3,912023 0,001789
褔邪泄 3,912023 0,003578
锌芯谢褍褔械薪懈械 2,302585 0,002106
谐芯褉芯写 0,013423 0,000006
褉邪蟹斜谢芯泻懈褉芯胁邪褌褜 0,013423 0,000018
锌褉械卸写械 3,218876 0,001472
锌芯薪褉邪胁懈褌褜褋褟 4,317488 0,001974
褋谢械写芯胁邪褌褜 2,014903 0,003685
褔邪褋 0,013423 0,000043
褔邪褌 0,013423 0,000012
薪芯胁芯褋褌械泄屑芯谢薪懈褟 0,013423 0,000006
薪邪锌懈褋邪褌褜 0,013423 0,000006
蟹邪胁懈褋懈屑芯褋褌褜 1,966113 0,000899
锌芯泻邪蟹邪褌褜 0,013423 0,000006
锌邪褉芯谢褜 0,013423 0,000068
褌褉械斜芯胁邪褌褜褋褟 2,708050 0,001238
锌褉邪蟹写薪懈泻懈锌邪褋褏邪褋胁械褌谢褘泄 5,010635 0,002291
胁褏芯写 0,013423 0,000012
褉械泻芯屑械薪写芯胁邪褌褜褋褟 3,218876 0,001472
芯锌懈褋邪褌褜 0,013423 0,000006
褍斜械褉械褔褜 4,317488 0,001974
锌芯谢褔邪褋邪 3,401197 0,001555
锌芯谢芯褋邪褌褘泄 4,317488 0,001974
褋泻褉械锌泻邪 5,010635 0,002291
谐芯褉芯写褋泻芯泄 2,302585 0,001053
褏褍写芯卸薪懈泻 3,624341 0,003314
锌褉懈褟褌薪褘泄 3,218876 0,002944
薪懈褌泻邪 5,010635 0,011455
芯斜褟蟹邪褌械谢褜薪芯 2,931194 0,001340
褋屑械褋褜 2,371578 0,002169
懈薪褌械褉械褋薪褘泄 2,177422 0,002987
锌芯屑褘褌褜 3,912023 0,001789
锌褉懈褔褍写谢懈胁褘泄 5,010635 0,002291
锌芯写褌胁械褉卸写邪褌褜 0,013423 0,000006
谐邪胁褉懈谢芯胁 0,013423 0,000006
褍褔褉械写懈褌械谢褜 0,013423 0,000006
褋褋褘谢泻邪 0,013423 0,000025
泻芯屑屑褍薪懈泻邪褑懈褟 0,013423 0,000006
懈薪褋褌褉褍泻褑懈褟 1,966113 0,009889
屑芯泄 0,013423 0,000031
锌芯屑芯褔褜 0,013423 0,000006
褋褌褉褟褏薪褍褌褜 5,010635 0,002291
写芯斜邪胁谢械薪懈械 2,931194 0,004021
薪芯胁芯卸械薪懈薪 5,010635 0,009164
锌芯褟褋薪褟褌褜 2,371578 0,001084
写械谢邪褌褜 1,427116 0,001305
褉芯褋泻芯屑薪邪写蟹芯褉 0,013423 0,000006
褌械褏薪芯谢芯谐懈褟 0,013423 0,000012
泻芯褉薪械锌谢芯写 4,317488 0,001974
胁褘褌械褉械褌褜 5,010635 0,002291
褏褉懈褋褌芯胁 2,708050 0,011144
胁械薪褔懈泻 3,912023 0,001789
屑芯褋泻胁邪 0,006689 0,000009
胁芯褋锌芯谢褜蟹芯胁邪褌褜褋褟 0,013423 0,000025
锌芯写芯泄褌懈 2,813411 0,001286
胁褘褉械蟹邪褌褜 5,010635 0,004582
褋芯械写懈薪懈褌褜 2,708050 0,001238
斜谢褢褋褌泻邪 4,317488 0,001974
薪邪褋褘褖械薪薪芯 5,010635 0,002291
褉褘薪芯泻 2,708050 0,001238
褋谢懈胁泻邪 2,931194 0,001340
写邪谢械械 0,013423 0,000012
邪褌邪屑邪薪芯胁泻邪 5,010635 0,004582
蟹邪褌芯 3,912023 0,001789
斜褉邪褋谢械褌 4,317488 0,001974
褌褉邪写懈褑懈懈锌褉邪胁芯褋谢邪胁薪褘泄 5,010635 0,002291
芯卸懈胁懈褌褜 5,010635 0,002291
卸懈胁芯褌薪芯械 2,708050 0,001238
卸懈写泻懈泄 3,218876 0,002944
褉邪褋褔褢褌 2,708050 0,002476
褏芯褌械褌褜 0,006689 0,000003
芯褌泻褉褘胁邪褌褜 0,013423 0,000012
芯褋胁芯斜芯写懈褌褜 2,708050 0,001238
褋邪谢褎械褌泻邪 3,401197 0,004666
胁褘褋褘锌邪褌褜 3,912023 0,001789
蟹邪胁褟蟹邪褌褜 5,010635 0,002291
褌械屑邪褌懈泻邪 5,010635 0,002291
薪械卸薪褘泄 2,177422 0,001991
泻芯薪褔懈泻 4,317488 0,001974
芯斜褉邪褖械薪懈械 0,013423 0,000018
写械褋褟褌泻邪 2,525729 0,001155
褝褌芯 0,013423 0,000031
泻谢褞胁 5,010635 0,002291
屑邪褋褋芯胁褘泄 0,013423 0,000006
芯斜褉邪斜芯褌泻邪 0,013423 0,000031
褋褍械胁械褉懈械 3,401197 0,001555
胁泻褍褋 1,752539 0,000801
卸械谢邪械屑褘泄 3,624341 0,001657
谢褍泻邪 3,218876 0,002944
薪邪褋褘褖械薪薪褘泄 2,931194 0,005361
薪芯胁芯褋褌褜 0,006689 0,000052
褍泻褉邪褕邪褌褜 3,912023 0,008944
褍谢芯卸懈褌褜 3,624341 0,004972
泻褉邪锌邪薪泻 5,010635 0,002291
泻褉邪褋泻邪 4,317488 0,015793
蟹邪褉械谐懈褋褌褉懈褉芯胁邪褌褜褋褟 0,013423 0,000031
锌芯卸邪谢芯胁邪褌褜褋褟 0,006689 0,000003
胁芯泄褌懈 0,006689 0,000012
薪邪泻谢械泄泻邪 5,010635 0,009164
泻芯屑薪邪褌薪褘泄 3,064725 0,001401
薪邪褋褘褖械薪薪芯褋褌褜 3,401197 0,003110
蟹邪褖懈褌邪 0,013423 0,000025
褉械谐懈褋褌褉邪褑懈褟 0,013423 0,000031
斜褍泻胁邪 3,401197 0,001555
胁褘泻谢褞褔懈褌褜 3,624341 0,001657
锌邪褋褏邪谢芯泻 5,010635 0,002291
薪芯卸薪懈褑褘 5,010635 0,002291
斜械谢芯泻 3,064725 0,004204
芯褋芯斜褘泄 1,752539 0,001603
胁芯褋褋褌邪薪芯胁谢械薪懈械 0,013423 0,000025
胁懈薪芯 3,624341 0,013258
褉械谐褍谢懈褉芯胁邪褌褜 3,218876 0,001472
胁懈薪邪 2,371578 0,002169
谢懈褌褉 3,401197 0,004666
蟹邪褌械屑 1,791759 0,002458
锌褉芯褋懈褟褌褜 4,317488 0,003948
褋芯谢褜 2,066196 0,001890
锌褍褌懈薪 1,373049 0,000628
写械泄褋褌胁懈械 0,013423 0,000006
褉械谢懈蟹 0,013423 0,000006
薪芯褔褜 2,708050 0,003715
锌邪褋褏邪锌邪褋褏邪 3,912023 0,001789
锌褉芯褋芯褏薪褍褌褜 5,010635 0,002291
褌械褏薪懈泻邪 2,708050 0,007429
锌褉芯屑芯泻薪褍褌褜 5,010635 0,002291
芯褉邪薪卸械胁褘泄 3,912023 0,001789
屑薪芯谐芯褑胁械褌薪褘泄 5,010635 0,002291
芯褌写械谢懈褌褜 3,218876 0,001472
芯斜褟蟹邪褌械谢褜薪褘泄 0,013423 0,000043
泻懈褋褌褜 5,010635 0,004582
芯褕懈斜泻邪 0,013423 0,000018
芯斜褗械写懈薪褟褌褜 3,401197 0,001555
蟹薪邪褔械薪懈械 2,238047 0,001023
泻谢邪写斜懈褖械 3,624341 0,001657
薪芯褋芯泻 5,010635 0,002291
胁芯锌褉芯褋 0,006689 0,000012
褉邪蟹屑械褉 2,014903 0,000921
胁邪褕 0,013423 0,000098
懈屑褟 0,013423 0,000031
褉芯褋锌懈褋褜 5,010635 0,002291
褋胁褢泻谢邪 3,064725 0,008408
褋褉芯泻 0,013423 0,000012
谐械芯屑械褌褉懈褔械褋泻懈泄 5,010635 0,002291
褍蟹泻懈泄 4,317488 0,001974
芯斜谢芯卸懈褌褜 5,010635 0,002291
懈褋锌芯谢褜蟹芯胁邪薪懈械 0,013423 0,000037
褋邪屑褘泄 0,967584 0,000885
屑邪褌械褉懈邪谢 0,013423 0,000061
胁褘斜懈褉邪褌褜 2,014903 0,000921
褑胁械褌芯褔械泻 5,010635 0,004582
泻褉邪褋懈褌褜 2,931194 0,005361
芯斜褖械褋褌胁械薪薪褘泄 3,218876 0,001472
褍褋锌械褕薪芯 0,013423 0,000006
褏谢芯锌芯褌褘 5,010635 0,004582
褉邪蟹谢懈褌褜 3,401197 0,001555
谢械薪褌邪 0,006689 0,000009
褋褎械褉邪 0,013423 0,000006
斜褍褋懈薪邪 5,010635 0,006873
屑芯褔褜 1,399717 0,000640
褑械褉泻芯胁褜 2,708050 0,003715
褋胁懈写械褌械谢褜褋褌胁芯 0,013423 0,000006
泻芯屑屑械薪褌懈褉芯胁邪薪懈械 0,013423 0,000012
斜谢芯泻懈褉芯胁邪褌褜褋褟 0,013423 0,000006
胁械褌芯褔泻邪 3,624341 0,001657
屑械写懈邪斜邪薪泻锌芯写谐芯褌芯胁泻邪 5,010635 0,002291
蟹胁褢蟹写芯褔泻邪 5,010635 0,004582
褉邪蟹薪芯芯斜褉邪蟹薪褘泄 3,401197 0,001555
锌褉械胁褉邪褌懈褌褜 4,317488 0,001974
卸械薪褋泻懈泄 3,218876 0,002944
锌褉邪胁懈谢芯 0,013423 0,000031
锌芯褋褢谢芯泻 4,317488 0,003948
薪械斜芯 3,401197 0,001555
褌芯谢褋褌褘泄 3,401197 0,001555
褑胁械褌芯泻 3,912023 0,001789
锌褉懈屑械薪械薪懈械 0,013423 0,000012
锌芯谐褉褍卸械薪懈械 5,010635 0,002291
写邪褌褜 0,013423 0,000061
褍泻褉芯锌 2,445686 0,001118
锌褉械褋褋 0,013423 0,000006
锌械褉褋芯薪邪谢褜薪褘泄 0,013423 0,000049
褉邪蟹胁械褋褌懈 3,401197 0,003110
邪薪谐谢懈泄褋泻懈泄 4,317488 0,001974
谢懈褋褌懈泻 3,912023 0,007155
锌褉邪胁芯褋谢邪胁薪褘泄 2,525729 0,005774
褋屑芯褔褜 0,006689 0,000003
谐芯褌芯胁褘泄 0,006689 0,000015
泻懈褋谢芯胁邪褌褘泄 4,317488 0,001974
屑芯褌懈胁 4,317488 0,001974
写邪褌邪 0,006689 0,000003
褋芯褔薪褘泄 2,525729 0,001155
褌褉邪写懈褑懈芯薪薪褘泄 1,919593 0,003511
褑胁械褌 2,238047 0,019443
芯写薪芯泻谢邪褋褋薪懈泻 0,013423 0,000012
薪械写芯锌褍褋褌懈屑褘泄 0,013423 0,000006
胁褘 0,013423 0,000006
胁芯褋褋褌邪薪芯胁懈褌褜 0,013423 0,000006
褋锌械褑懈邪谢懈褋褌 2,371578 0,001084
褋褘褉芯泄 3,401197 0,001555
褉邪写褍卸薪褘泄 4,317488 0,001974
褉芯褋褋懈褟 0,006689 0,000031
锌褉芯褋褌芯泄 1,272966 0,000582
谐芯褉褟褔懈泄 1,966113 0,000899
写械泻芯褉 3,624341 0,013258
锌芯褎邪薪褌邪蟹懈褉芯胁邪褌褜 5,010635 0,002291
褋胁芯泄 0,867501 0,000397
褑械褉泻芯胁褜锌褉邪胁芯褋谢邪胁懈械褌褉邪写懈褑懈褟 4,317488 0,001974
褉芯蟹芯胁褘泄 3,912023 0,005366
锌芯谢褍褔懈褌褜褋褟 2,177422 0,004978
褌械褉屑芯薪邪泻谢械泄泻邪 5,010635 0,002291
卸懈胁芯锌懈褋薪褘泄 3,912023 0,001789
泻芯褋屑懈褔械褋泻懈泄 3,912023 0,001789
薪邪谢芯卸懈褌褜 4,317488 0,001974
褋邪泄褌 0,013423 0,000018
锌褉邪胁懈谢褜薪芯 2,066196 0,000945
胁褘褋褘褏邪薪懈械 5,010635 0,002291
谐邪谢芯褔泻邪 0,013423 0,000006
蟹邪斜谢芯泻懈褉芯胁邪褌褜 0,013423 0,000012
褝泻芯谢芯谐懈褔薪褘泄 5,010635 0,002291
写械泻芯褉邪褌懈胁薪褘泄 5,010635 0,004582
褉械蟹懈薪芯褔泻邪 5,010635 0,002291
锌芯写写械褉卸懈胁邪械褌褋褟锌芯谢褍褔懈褌褜 0,013423 0,000006
写褉褍谐芯泄 0,013423 0,000049
褍薪懈褌邪褉薪褘泄 0,013423 0,000018
泻谢械泄泻懈泄 5,010635 0,002291
写邪胁邪褌褜 0,013423 0,000012
芯褌锌褉邪胁泻邪 0,013423 0,000006
芯泻褉邪褋懈褌褜 4,317488 0,007897
锌芯谢芯褌械薪褑械 3,401197 0,001555
褌械褉邪锌懈褟 4,317488 0,001974
褌泻邪薪械胁褘泄 5,010635 0,002291
写械褉卸邪褌褜褋褟 3,401197 0,001555
褋褍褏芯泄 2,813411 0,002573
锌胁邪 5,010635 0,004582
锌褉邪蟹写薪懈泻 1,427116 0,004568
褋锌械褑懈褟 2,813411 0,002573
锌芯褋褌薪褘泄 2,931194 0,001340
胁懈写 1,399717 0,000640
褉械斜褢薪芯泻 1,514128 0,002077
胁褘屑褘褌褜 3,401197 0,003110
褏胁芯褋褌懈泻 3,912023 0,001789
褋谢芯卸懈褌褜 3,401197 0,001555
斜褍屑邪卸薪褘泄 3,401197 0,004666
锌芯锌邪褋褌褜 2,708050 0,002476
懈蟹芯谢械薪褌邪 5,010635 0,006873
芯斜薪芯胁懈褌褜 0,985284 0,000451
屑邪褋谢芯 2,238047 0,003070
褋胁械褌谢褘泄 2,612740 0,010752
锌邪褋褏邪 2,525729 0,035801
写芯屑邪褕薪懈泄 2,177422 0,004978
邪胁褌芯褉懈蟹邪褑懈褟 0,013423 0,000006
褉械泄褌懈薪谐 0,006689 0,000003
褎芯褉屑邪 0,013423 0,000080
泻褉械锌懈褌褜 5,010635 0,002291
锌芯泻懈锌械褌褜 5,010635 0,002291
褉邪褋褌懈褌械谢褜薪褘泄 2,931194 0,005361
锌褉懈泻谢械懈褌褜 5,010635 0,002291
蟹邪胁懈褋械褌褜 2,066196 0,000945
谢褞斜芯泄 1,576648 0,002163
褍泻褉邪褋懈褌褜 2,708050 0,001238
褌褉邪写懈褑懈芯薪薪芯 2,612740 0,001195
芯褉懈谐懈薪邪谢褜薪褘泄 2,238047 0,009210
蟹邪褋褍褕懈褌褜 5,010635 0,006873
褏褍写芯卸械褋褌胁械薪薪褘泄 4,317488 0,001974
褏芯写懈褌褜 2,813411 0,001286
芯谢褜谐邪 2,612740 0,001195
褍写芯斜薪褘泄 2,931194 0,001340
胁芯胁薪褍褌褉褜 5,010635 0,002291
蟹邪泻懈锌械褌褜 4,317488 0,001974
锌懈褋邪薪泻 5,010635 0,002291
胁褋褘锌邪褌褜 3,912023 0,001789
褌械屑邪 0,013423 0,000018
胁芯褌泻薪褍褌褜 3,912023 0,001789
写懈褋泻褍褋褋懈褟 0,013423 0,000012
芯泻芯谢芯 2,177422 0,001991
锌褉懈写邪褌褜 2,813411 0,001286
褋谢褍卸斜邪 0,006689 0,000003
蟹邪屑械褌懈褌褜 0,013423 0,000006
蟹写芯褉芯胁褜械 1,832581 0,000838
邪泻褉懈谢芯胁褘泄 5,010635 0,006873
褋胁褟褌芯泄 2,708050 0,007429
褉械泻芯屑械薪写邪褌械谢褜薪褘泄 0,013423 0,000006
斜芯褉写芯胁褘泄 3,912023 0,001789
斜械谢褘泄 2,371578 0,001084
写芯胁械褋褌懈 2,931194 0,004021
屑械写懈邪斜邪薪泻 1,321756 0,001813
芯褋褌芯褉芯卸薪芯 3,912023 0,001789
泻芯褎械 3,401197 0,010886
懈写械褟 2,931194 0,008042
泻邪锌邪褌褜 5,010635 0,004582
泻芯褌芯褉褘泄 0,603916 0,000828
懈褋泻褍褋褋褌胁芯 3,401197 0,001555
锌邪褋褌械谢褜薪褘泄 5,010635 0,002291
薪邪锌褉懈屑械褉 1,714798 0,000784
泻邪褉泻邪写褝 5,010635 0,013747
褉邪褋褌褉械褋泻懈胁邪薪懈械 5,010635 0,002291
褋谢械写褍褞褖懈泄 1,427116 0,000653
邪胁褌芯褉懈蟹芯胁邪褌褜褋褟 0,013423 0,000012
胁褘斜褉邪褌褜 0,013423 0,000031
褉邪褋褋泻邪蟹邪褌褜 0,933098 0,000853
褉械蟹懈薪泻邪 5,010635 0,004582
褋褌褉邪蟹 5,010635 0,006873
薪芯胁褘械褋薪邪褔邪谢邪 0,013423 0,000006
薪褍卸薪褘泄 1,643339 0,001503
褋芯蟹写邪薪懈械 2,302585 0,002106
薪械褋泻芯谢褜泻芯 1,544899 0,007770
屑械褋褌芯 1,272966 0,000582
锌褉懈屑械褉薪芯 2,177422 0,002987
锌芯泻褉褘褌褜褋褟 4,317488 0,001974
褋懈薪褌械褌懈褔械褋泻懈泄 4,317488 0,001974
薪邪褌褍褉邪谢褜薪褘泄 3,064725 0,014013
褌褢屑薪褘泄 3,624341 0,003314
胁邪泻邪薪褋懈褟 0,013423 0,000006
褉芯胁薪褘泄 4,317488 0,001974
屑褘 0,013423 0,000043
褍褔邪褋褌懈械 0,006689 0,000003
锌邪褉邪褎懈薪 5,010635 0,002291
邪泻胁邪褉械谢褜薪褘泄 5,010635 0,002291
懈褋锌芯谢褜蟹芯胁邪褌褜 0,013423 0,000080
芯锌械褔邪褌泻邪 0,013423 0,000006
泻邪卸写褘泄 1,399717 0,000640
芯薪谢邪泄薪 0,013423 0,000006
锌芯谐褉褍蟹懈褌褜 4,317488 0,001974
谢褞斜懈褌械谢褜 3,624341 0,001657
褋泻芯褌褔 5,010635 0,013747
胁褘泻褉邪褋懈褌褜 5,010635 0,002291
褋芯胁械褌芯胁邪褌褜 3,064725 0,001401
芯褋褍褖械褋褌胁谢褟褌褜褋褟 0,013423 0,000006
蟹邪斜邪泄泻邪谢褜褋泻懈泄 5,010635 0,004582
邪锌褉械谢褜 0,013423 0,000037
锌芯褟胁谢械薪懈械 2,525729 0,001155
泻芯谢懈褔械褋褌胁芯 1,919593 0,000878
褎械写械褉邪谢褜薪褘泄 0,013423 0,000025
薪邪蟹褘胁邪褌褜褋褟 3,912023 0,001789
锌褉械胁褉邪褖邪褌褜 4,317488 0,001974
械锌邪薪褔懈薪械褑 3,912023 0,003578
褉邪蟹胁懈褌懈械 2,066196 0,000945
芯薪 3,064725 0,001401
泻褉褍锌邪 3,218876 0,002944
锌芯写械谢懈褌褜褋褟 3,218876 0,001472
写械褉卸邪褌械谢褜 5,010635 0,002291
屑邪谢械胁邪薪泻 5,010635 0,004582
锌芯锌褉芯斜芯胁邪褌褜 0,013423 0,000012
蟹邪锌芯谢薪械薪懈械 0,013423 0,000043
胁薪懈屑邪薪懈械 0,013423 0,000006
锌褉懈薪懈屑邪褌褜 0,013423 0,000006
谐芯褉械褌褜 3,912023 0,001789
泻邪锌褉芯薪芯胁褘泄 5,010635 0,002291
蟹邪薪懈屑邪褌褜 2,525729 0,001155
胁褘锌褍褋泻 0,013423 0,000006
锌芯泻褉邪褋泻邪 5,010635 0,043531
薪邪泻谢械懈胁邪薪懈械 5,010635 0,002291
薪邪写蟹芯褉 0,013423 0,000006
芯泻褉邪褕懈胁邪薪懈械 3,912023 0,017888
锌褉械写锌褉懈褟褌懈械 0,013423 0,000018
薪邪泻谢械懈胁邪褌褜 4,317488 0,001974
泻邪泻芯泄 1,399717 0,000640
褔邪械屑褘泄 5,010635 0,004582
芯斜褉邪褌薪褘泄 0,013423 0,000043
锌褉芯懈蟹芯泄褌懈 0,013423 0,000006
锌褉芯胁械褉懈褌褜 2,302585 0,002106
褋屑邪蟹邪褌褜 2,931194 0,002681
泻褉邪褋懈胁芯 4,317488 0,003948
