стандартный 3,218876 0,000754
личный 2,177422 0,008667
минимально 3,912023 0,000916
законный 0,013423 0,000075
день 0,591795 0,000416
убеждение 4,317488 0,001011
найти 0,013423 0,000003
письмо 0,013423 0,000013
спасибо 0,013423 0,000003
расширить 0,006689 0,000002
физический 2,813411 0,004611
надзорный 4,317488 0,007076
радиоэфир 3,624341 0,000849
согласие 0,013423 0,000116
заход 3,912023 0,000916
частность 3,064725 0,001435
центр 0,166448 0,000039
юридический 2,813411 0,002635
связаться 0,013423 0,000022
пол 3,624341 0,002546
стр 3,912023 0,000916
производство 2,612740 0,001223
соответствовать 2,612740 0,001223
подробный 2,813411 0,001317
реклама 0,013423 0,000019
фото 0,013423 0,000022
отказаться 2,708050 0,001268
пункт 2,238047 0,001048
связь 0,006689 0,000022
обязательство 2,931194 0,001373
иностранный 2,177422 0,000510
суд 1,791759 0,000420
область 1,427116 0,001337
владелец 3,064725 0,000718
пройти 0,006689 0,000002
заголовок 0,013423 0,000006
информационный 0,013423 0,000075
необходимый 2,238047 0,001572
дело 1,249435 0,000878
рассмотреть 0,013423 0,000006
расположить 0,013423 0,000006
расовый 3,624341 0,000849
посмотреть 2,177422 0,001020
создавать 2,371578 0,000555
социальный 1,678431 0,004323
несовершеннолетний 2,931194 0,002745
фз 3,064725 0,000718
данный 2,014903 0,001887
подкаст 0,292136 0,000137
главный 0,013423 0,000003
проблема 0,013423 0,000003
данные 0,013423 0,000622
максимально 3,401197 0,000796
потребовать 3,064725 0,001435
посещение 2,813411 0,000659
иной 2,238047 0,003668
также 1,139434 0,003201
член 2,238047 0,000524
индивидуальный 3,218876 0,002261
маркетинг 3,401197 0,000796
фотография 0,013423 0,000016
русскоязычный 4,317488 0,001011
дмитрий 1,576648 0,000369
распространяться 3,624341 0,000849
инспекция 3,912023 0,000916
соглашаться 0,013423 0,000003
степень 3,218876 0,000754
сначала 0,013423 0,000003
правовой 3,218876 0,002261
территория 2,302585 0,009165
находиться 2,177422 0,002039
изменение 2,525729 0,002957
окончание 3,064725 0,002870
уничтожение 3,624341 0,003394
незаконный 3,218876 0,000754
биологический 3,912023 0,000916
здравоохранение 3,624341 0,001697
запрашивать 3,912023 0,001832
удалить 0,013423 0,000025
возбуждение 4,317488 0,001011
себя 2,445686 0,000573
субъект 3,064725 0,005023
серьёзный 2,525729 0,000591
предназначить 2,813411 0,001976
коммерческий 3,401197 0,002389
система 1,919593 0,002697
размещение 0,013423 0,000003
сколько 0,006689 0,000002
отказ 2,302585 0,001617
отзыв 4,317488 0,022239
неполный 3,624341 0,000849
база 2,302585 0,000539
один 1,098612 0,000257
иметь 1,544899 0,003617
архивирование 4,317488 0,001011
совет 1,226446 0,000574
контролировать 3,064725 0,000718
должность 3,064725 0,004305
свобода 3,064725 0,003588
последний 0,899761 0,000421
сторона 1,609438 0,001507
журналист 3,064725 0,000718
некоторый 2,014903 0,000472
формирование 2,931194 0,001373
издательский 4,317488 0,001011
рассчитывать 2,931194 0,001373
архив 0,190354 0,000045
вручение 4,317488 0,003033
заявить 1,272966 0,000298
ресурс 2,612740 0,012235
описание 0,013423 0,000006
процесс 0,013423 0,000016
совершеннолетний 3,912023 0,000916
удостоверять 3,401197 0,000796
хранить 3,218876 0,002261
номер 2,708050 0,005706
качество 2,177422 0,000510
организационный 4,317488 0,002022
становиться 2,177422 0,000510
лог 4,317488 0,001011
этика 4,317488 0,001011
являться 1,875141 0,002634
получать 2,238047 0,000524
идентификатор 3,912023 0,005496
предоставляться 3,624341 0,001697
перейти 0,013423 0,000006
чрезмерный 4,317488 0,001011
аккредитация 4,317488 0,005054
интерес 2,525729 0,008279
въезд 4,317488 0,001011
спецпроект 0,190354 0,000045
ограничивать 3,624341 0,001697
закон 2,445686 0,000573
ответственность 2,931194 0,000686
предусмотреть 2,813411 0,002635
удобство 3,218876 0,000754
изучить 3,912023 0,000916
комиссия 2,931194 0,000686
иметься 3,401197 0,000796
жизнь 1,714798 0,001204
принадлежность 3,912023 0,000916
храниться 3,912023 0,001832
переводиться 3,912023 0,000916
привлечь 2,525729 0,000591
маркетинговый 3,912023 0,000916
функция 3,624341 0,000849
отображение 4,317488 0,004044
необоснованный 3,912023 0,000916
относиться 2,371578 0,001666
эл 0,013423 0,000003
информирование 4,317488 0,001011
утвердить 3,064725 0,000718
репутация 3,912023 0,000916
почему 0,013423 0,000003
ведение 3,624341 0,004243
отслеживание 4,317488 0,001011
хороший 1,059392 0,000248
отключить 3,401197 0,000796
заинтересованность 4,317488 0,001011
вконтакте 0,013423 0,000009
логин 0,013423 0,000009
конфиденциальность 0,013423 0,000050
гражданство 3,624341 0,000849
нарушение 0,013423 0,000013
выражение 3,912023 0,000916
навсегда 0,013423 0,000003
релевантный 4,317488 0,002022
договорный 3,912023 0,000916
медиасайт 4,317488 0,003033
общий 2,014903 0,000472
утверждаться 3,912023 0,000916
назад 0,013423 0,000016
отмена 2,931194 0,000686
список 0,013423 0,000009
кабинет 2,813411 0,009881
состояние 1,919593 0,000449
отписаться 4,317488 0,001011
норма 2,525729 0,001183
продемонстрировать 4,317488 0,001011
рассылка 4,317488 0,009098
зубовский 0,013423 0,000009
никто 2,445686 0,000573
заполнить 0,013423 0,000022
клиент 3,218876 0,003015
расследование 3,218876 0,001507
именно 2,066196 0,000968
против 1,966113 0,001381
общество 0,257045 0,000120
так 2,525729 0,001774
федерация 2,066196 0,008708
вышеуказанный 4,317488 0,002022
возникнуть 2,931194 0,001373
интервью 2,813411 0,001317
основание 0,013423 0,000072
издание 0,013423 0,000006
бульвар 0,013423 0,000009
сетевой 0,013423 0,000003
напрямую 3,218876 0,001507
позволять 2,238047 0,000524
вновь 0,013423 0,000003
сменить 0,013423 0,000003
участвовать 0,013423 0,000006
сообщить 0,013423 0,000003
европейский 1,791759 0,002937
быть 0,013423 0,000019
аналитик 3,064725 0,002153
скриншот 0,013423 0,000009
истечь 0,013423 0,000003
просматривать 4,317488 0,001011
изложить 3,912023 0,000916
исходить 3,401197 0,000796
исключение 2,813411 0,002635
уполномоченный 4,317488 0,002022
электронный 0,013423 0,000057
установить 2,302585 0,001078
спорт 0,190354 0,000045
разработать 3,401197 0,000796
подписка 4,317488 0,001011
национальный 2,302585 0,001617
выполнять 3,218876 0,000754
этот 1,514128 0,001064
бессрочно 4,317488 0,001011
подключение 4,317488 0,001011
снятие 3,401197 0,000796
определяться 3,624341 0,003394
совершение 4,317488 0,001011
сбор 2,708050 0,005706
сохранить 0,013423 0,000003
прочитать 3,912023 0,002748
интимный 3,912023 0,000916
взаимодействие 0,013423 0,000013
согласный 0,013423 0,000009
перетянуть 0,013423 0,000003
использоваться 0,006689 0,000013
выступление 3,064725 0,000718
хранение 3,064725 0,017222
лицензионный 4,317488 0,004044
фио 0,013423 0,000003
пожалуйста 0,013423 0,000003
российский 0,883501 0,003723
паспорт 2,525729 0,000591
цель 1,966113 0,024398
необходимо 1,791759 0,000420
полномочие 3,401197 0,002389
экономический 2,302585 0,000539
версия 0,013423 0,000016
виза 3,064725 0,000718
ниже 0,013423 0,000009
интернет 2,708050 0,003804
исправить 3,624341 0,000849
тег 0,190354 0,000045
зарегистрировать 0,013423 0,000006
основать 3,624341 0,000849
требование 1,832581 0,002574
осуществлять 3,624341 0,005092
поле 0,013423 0,000025
выполнение 2,612740 0,002447
связать 2,445686 0,000573
прекращение 3,624341 0,006789
перетащить 0,013423 0,000009
представитель 2,302585 0,005391
особенность 2,120264 0,000496
туризм 0,283247 0,000066
адрес 0,013423 0,000085
представить 2,014903 0,001415
соответствие 0,013423 0,000028
компьютер 3,064725 0,000718
работа 1,427116 0,004010
передача 3,064725 0,031573
регламентироваться 3,912023 0,000916
загрузить 0,013423 0,000006
сеть 2,371578 0,007774
направление 0,013423 0,000013
телефон 0,013423 0,000028
редакция 0,013423 0,000016
наказание 3,218876 0,000754
период 1,118815 0,001048
защищать 3,912023 0,000916
должный 0,013423 0,000006
фотоматериал 4,317488 0,001011
автор 0,013423 0,000003
старый 0,013423 0,000003
сообщение 0,013423 0,000044
адекватный 4,317488 0,001011
функционал 4,317488 0,008087
недостаточно 3,064725 0,000718
происшествие 0,292136 0,000068
соображение 4,317488 0,001011
подтвердить 0,013423 0,000006
блогер 3,218876 0,003015
преследовать 3,624341 0,000849
снять 2,371578 0,000555
положение 2,612740 0,000612
тип 3,064725 0,007893
ограничиваться 2,813411 0,000659
неправильный 3,401197 0,000796
включая 2,525729 0,003548
культура 0,292136 0,000068
свободный 3,218876 0,000754
нормативный 3,624341 0,000849
применяться 2,931194 0,001373
привлечение 3,624341 0,003394
набор 2,931194 0,000686
процедура 2,813411 0,000659
существовать 2,302585 0,000539
статья 0,013423 0,000003
рассылать 4,317488 0,001011
автоматизированный 4,317488 0,003033
неправомерный 4,317488 0,001011
отношение 1,791759 0,001259
ограничение 2,813411 0,003294
широко 3,401197 0,000796
мировой 2,371578 0,000555
ответственный 4,317488 0,002022
редактор 0,013423 0,000003
фгуп 0,499776 0,000585
выявление 4,317488 0,002022
получатель 3,064725 0,001435
получить 0,985284 0,000461
контакт 0,013423 0,000063
язык 2,931194 0,002059
направить 2,371578 0,003332
нарушать 3,624341 0,001697
отозвать 4,317488 0,005054
исключительно 2,708050 0,000634
государственный 0,013423 0,000013
сформировать 3,624341 0,000849
мониторинг 3,401197 0,000796
оказывать 3,401197 0,000796
сделать 1,226446 0,000287
связанный 0,013423 0,000035
риа 0,006689 0,000013
закрытый 0,013423 0,000003
обращать 0,013423 0,000006
право 2,066196 0,031929
разный 1,484275 0,000348
представительство 4,317488 0,001011
год 0,006689 0,000006
защитить 2,445686 0,000573
взимать 4,317488 0,001011
международный 0,013423 0,000060
стараться 2,813411 0,000659
потеря 2,066196 0,000484
вносить 3,218876 0,000754
уведомление 3,064725 0,004305
агентство 0,013423 0,000107
рамка 2,708050 0,005072
псевдоним 4,317488 0,001011
сегодня 0,013423 0,000035
страна 1,139434 0,007470
просить 0,013423 0,000019
акция 2,931194 0,000686
создать 1,875141 0,000439
такой 1,098612 0,000772
налоговый 3,624341 0,000849
шапка 0,013423 0,000003
отправить 0,013423 0,000047
запрос 2,813411 0,005929
продолжить 0,006689 0,000002
решение 0,006689 0,000011
несанкционированный 4,317488 0,001011
собираться 2,813411 0,000659
ознакомить 0,013423 0,000003
проставлять 0,013423 0,000003
приглашение 3,401197 0,001593
перечислить 3,912023 0,001832
аккаунт 0,013423 0,000041
экономика 0,292136 0,000068
состав 2,120264 0,000496
обсуждение 0,013423 0,000009
наиболее 2,813411 0,001317
организация 2,066196 0,011127
указать 2,708050 0,008243
соглашение 3,064725 0,002870
гражданин 2,066196 0,001451
содержать 2,931194 0,000686
смартфон 4,317488 0,001011
почта 0,013423 0,000063
блокировка 0,013423 0,000028
почтовый 3,912023 0,003664
фамилия 0,013423 0,000038
структурировать 4,317488 0,001011
обрабатывать 3,624341 0,005092
бережный 4,317488 0,001011
многосимвольный 4,317488 0,001011
яндекс 0,013423 0,000013
обратить 2,813411 0,000659
либо 0,013423 0,000006
нажимать 0,013423 0,000003
обновление 3,912023 0,001832
технически 3,912023 0,000916
поиск 0,013423 0,000003
площадка 3,064725 0,002153
исторический 2,612740 0,000612
применимый 4,317488 0,016174
установление 3,218876 0,003015
возражать 3,912023 0,000916
участник 1,752539 0,000410
условие 1,321756 0,001857
родитель 2,931194 0,000686
текстовый 3,912023 0,001832
отвечать 2,931194 0,000686
обезличивать 4,317488 0,001011
перечисленный 3,624341 0,000849
достижение 2,708050 0,005706
отчество 3,912023 0,005496
принять 1,791759 0,000420
постоянно 2,371578 0,000555
точность 3,624341 0,001697
присутствие 3,218876 0,001507
риск 2,813411 0,001317
вышеперечисленный 3,912023 0,000916
способ 0,013423 0,000038
высокий 2,238047 0,000524
браузер 2,612740 0,003670
продукт 0,135438 0,000063
реагирование 3,912023 0,000916
подача 2,120264 0,001489
парламент 3,624341 0,000849
новый 0,006689 0,000003
поведение 3,064725 0,003588
сомнение 4,317488 0,001011
заключаться 3,912023 0,000916
обзор 2,371578 0,000555
доступ 0,013423 0,000019
касаться 2,371578 0,000555
бесплатный 3,218876 0,001507
важный 1,297063 0,001215
миа 0,013423 0,000022
полный 1,678431 0,000786
автоматически 2,931194 0,000686
задать 0,013423 0,000003
помощь 1,321756 0,002166
нести 3,218876 0,000754
исполнение 3,218876 0,003768
г 0,013423 0,000009
политика 0,013423 0,000091
формироваться 3,912023 0,000916
учётный 3,218876 0,001507
показывать 3,218876 0,000754
изложение 3,912023 0,000916
прекращаться 4,317488 0,002022
о 0,013423 0,000003
п 3,218876 0,000754
исследование 3,064725 0,000718
средство 2,120264 0,000993
уместно 4,317488 0,004044
применять 3,401197 0,000796
определить 3,218876 0,003015
течение 0,013423 0,000009
филиал 4,317488 0,001011
дополнительный 2,066196 0,003870
согласование 3,912023 0,000916
ю 4,317488 0,001011
местонахождение 4,317488 0,001011
местоположение 4,317488 0,002022
мир 0,223144 0,000209
задержка 3,401197 0,001593
статистический 3,912023 0,000916
копия 3,624341 0,001697
этап 2,931194 0,000686
практика 2,612740 0,001223
небольшой 2,014903 0,000472
время 0,013423 0,000013
кнопка 0,013423 0,000003
денежный 3,064725 0,000718
ооо 4,317488 0,002022
внутренний 3,218876 0,006029
биография 3,624341 0,001697
ранее 0,013423 0,000003
автоматический 3,401197 0,009556
победитель 3,401197 0,001593
соответствующий 2,931194 0,002745
предосторожность 3,912023 0,000916
город 0,013423 0,000009
получение 2,302585 0,001078
подать 2,238047 0,001048
разблокировать 0,013423 0,000009
оставлять 3,064725 0,000718
реализовать 3,064725 0,007893
следовать 2,014903 0,000944
час 0,013423 0,000006
чат 0,013423 0,000006
новостеймолния 0,013423 0,000003
написать 0,013423 0,000003
повторяться 3,912023 0,000916
зависимость 1,966113 0,000921
научный 2,302585 0,001078
логирование 4,317488 0,009098
требовать 2,120264 0,001986
закрытие 3,401197 0,000796
показать 0,013423 0,000003
философский 4,317488 0,001011
понимание 3,624341 0,000849
отсутствие 2,014903 0,000944
обеспечивать 2,813411 0,000659
софт 4,317488 0,001011
пароль 0,013423 0,000041
требоваться 2,708050 0,000634
задача 2,177422 0,001020
порядок 1,832581 0,002574
вход 0,013423 0,000006
общедоступный 4,317488 0,002022
описать 0,013423 0,000003
возражение 4,317488 0,004044
рекомендовать 2,371578 0,000555
реквизит 3,624341 0,000849
цифровой 2,445686 0,000573
выявлять 4,317488 0,001011
оценка 2,931194 0,000686
видео 1,832581 0,002145
графический 4,317488 0,001011
мера 1,875141 0,002195
выявить 3,912023 0,000916
подтверждать 0,013423 0,000006
существенный 3,912023 0,000916
гаврилов 0,013423 0,000003
учредитель 0,013423 0,000003
уведомлять 4,317488 0,001011
матрица 4,317488 0,002022
расторжение 3,912023 0,000916
ссылка 0,013423 0,000028
коммуникация 0,013423 0,000003
активность 3,218876 0,001507
инструкция 1,966113 0,000460
мой 0,013423 0,000016
помочь 0,013423 0,000003
геопозиция 4,317488 0,003033
указанный 2,931194 0,010295
удаление 3,624341 0,007637
запросить 3,912023 0,000916
сторонний 4,317488 0,008087
бюджетный 3,064725 0,000718
наймушиный 3,912023 0,000916
основа 2,120264 0,001489
минимизировать 3,912023 0,000916
истечение 3,401197 0,000796
роскомнадзор 0,013423 0,000009
технология 0,013423 0,000025
аудиозапись 4,317488 0,001011
остаться 1,919593 0,000449
профессия 3,401197 0,000796
развивать 3,218876 0,000754
москва 0,006689 0,000008
секрет 2,445686 0,000573
воспользоваться 0,013423 0,000028
предоставлять 2,813411 0,001317
предоставление 2,931194 0,010981
превышать 2,931194 0,000686
директива 4,317488 0,001011
конфиденциальный 4,317488 0,001011
мобильный 2,708050 0,007609
лицо 1,714798 0,018067
большой 1,832581 0,000429
далее 0,013423 0,000016
выдача 3,064725 0,001435
журналистский 4,317488 0,001011
инфографический 4,317488 0,001011
документ 2,371578 0,000555
последующий 3,218876 0,000754
чей 2,931194 0,000686
хотеть 0,006689 0,000002
открывать 0,013423 0,000006
угроза 2,238047 0,000524
стать 0,851752 0,000798
независимость 3,624341 0,000849
строиться 4,317488 0,002022
работать 1,966113 0,000460
придавать 2,612740 0,000612
возможно 2,708050 0,000634
обращение 0,013423 0,000053
достоверный 4,317488 0,001011
подразделение 2,813411 0,001976
обработка 0,013423 0,000305
массовый 0,013423 0,000006
это 0,013423 0,000031
ограничить 2,525729 0,001183
новость 0,006689 0,000023
законодательство 2,813411 0,009881
доступный 2,302585 0,000539
мотивированный 4,317488 0,002022
зарегистрироваться 0,013423 0,000016
пожаловаться 0,006689 0,000002
войти 0,006689 0,000006
осуществление 3,624341 0,011032
возраст 2,177422 0,002039
радио 0,274437 0,000193
гражданско 4,317488 0,002022
защита 0,013423 0,000110
политик 3,401197 0,000796
считать 2,014903 0,000472
воздействие 3,624341 0,000849
регистрация 0,013423 0,000022
особый 1,752539 0,000410
восстановление 0,013423 0,000013
регулировать 3,218876 0,000754
разместить 3,218876 0,001507
обычный 2,813411 0,000659
действие 0,013423 0,000031
релиз 0,013423 0,000003
осведомлённость 4,317488 0,002022
обезличивание 4,317488 0,001011
религиозный 2,708050 0,000634
первый 0,883501 0,000207
локальный 4,317488 0,001011
работник 3,401197 0,000796
преследование 4,317488 0,003033
обязательный 0,013423 0,000025
ошибка 0,013423 0,000009
значение 2,238047 0,000524
объединять 3,401197 0,000796
вопрос 0,006689 0,000019
деятельность 2,612740 0,007341
целевой 3,912023 0,001832
поскольку 2,612740 0,001223
компания 1,919593 0,001348
руководствоваться 4,317488 0,002022
ваш 0,013423 0,000399
имя 0,013423 0,000053
ответ 1,791759 0,000839
мнение 2,238047 0,000524
рекомендация 2,708050 0,001268
срок 0,013423 0,000066
личность 2,931194 0,006177
постараться 3,912023 0,000916
считаться 2,525729 0,001183
дальнейший 2,813411 0,000659
распространение 3,401197 0,000796
событие 1,544899 0,001447
пользователь 3,401197 0,018316
предпочтение 2,708050 0,001268
использование 0,013423 0,000066
самый 0,967584 0,000453
материал 0,013423 0,000050
конкурс 3,401197 0,003982
профилирование 4,317488 0,004044
выбирать 2,014903 0,000472
общественный 3,218876 0,006783
успешно 0,013423 0,000003
полагать 3,401197 0,000796
лицензия 3,912023 0,000916
лента 0,006689 0,000005
айти 4,317488 0,001011
архивный 1,347074 0,000946
внимательно 4,317488 0,001011
представлять 3,064725 0,000718
сфера 0,013423 0,000006
страница 3,401197 0,001593
преставление 4,317488 0,001011
проверка 2,708050 0,001268
мочь 1,399717 0,013109
свидетельство 0,013423 0,000003
комментирование 0,013423 0,000009
запись 2,931194 0,001373
приложение 3,064725 0,008611
предпринимать 3,912023 0,000916
блокироваться 0,013423 0,000003
правило 0,013423 0,000028
сохранение 3,218876 0,001507
ознакомиться 4,317488 0,005054
совершенствовать 4,317488 0,001011
характер 3,624341 0,000849
применение 0,013423 0,000019
дать 0,013423 0,000113
персональный 0,013423 0,000600
пресс 0,013423 0,000006
иск 2,612740 0,001223
организовать 2,931194 0,002059
аудио 3,912023 0,000916
смочь 0,006689 0,000005
гарантия 3,218876 0,001507
возразить 4,317488 0,001011
стандарт 4,317488 0,001011
третий 1,919593 0,020675
готовый 0,006689 0,000003
своевременный 4,317488 0,001011
перечень 3,401197 0,001593
дата 0,006689 0,000005
специализация 4,317488 0,001011
инфографик 2,177422 0,001529
одноклассник 0,013423 0,000009
недопустимый 0,013423 0,000003
вы 0,013423 0,000025
восстановить 0,013423 0,000003
партнёр 2,302585 0,004313
веб 4,317488 0,001011
проводить 2,445686 0,002291
откуда 3,218876 0,001507
узнать 2,014903 0,000944
россия 0,006689 0,000027
простой 1,272966 0,000596
судебный 2,612740 0,001223
свой 0,867501 0,002640
январь 1,040343 0,000244
отключение 3,624341 0,000849
проведение 2,177422 0,004588
устройство 3,624341 0,003394
судно 3,401197 0,000796
объём 2,445686 0,000573
гарантировать 3,624341 0,000849
исправление 4,317488 0,004044
необходимость 2,177422 0,000510
услуга 2,445686 0,001718
сайт 0,013423 0,000129
правильно 2,066196 0,000484
рождение 2,931194 0,001373
полезный 0,143101 0,000034
галочка 0,013423 0,000003
файл 3,401197 0,006371
заблокировать 0,013423 0,000006
выступать 2,931194 0,001373
поддерживаетсяполучить 0,013423 0,000003
другой 0,013423 0,000035
видеозапись 4,317488 0,001011
унитарный 0,013423 0,000013
прийти 2,445686 0,001145
давать 0,013423 0,000006
отправка 0,013423 0,000009
уголовный 3,401197 0,001593
явно 3,064725 0,002870
собственный 2,445686 0,001718
регулярно 3,401197 0,000796
индекс 3,912023 0,000916
индустрия 3,624341 0,000849
ес 2,445686 0,000573
число 1,643339 0,001539
факт 2,302585 0,001617
вид 1,399717 0,001639
путём 3,401197 0,001593
ребёнок 1,514128 0,000355
плата 3,401197 0,000796
реализация 3,064725 0,004305
договор 2,931194 0,015099
удаляться 4,317488 0,001011
авторизация 0,013423 0,000003
религия 0,283247 0,000066
рейтинг 0,006689 0,000002
форма 0,013423 0,000047
оперативный 3,064725 0,001435
дом 1,514128 0,000355
оспариваться 4,317488 0,001011
мероприятие 2,931194 0,014412
компетенция 3,218876 0,000754
зависеть 2,066196 0,000968
бесплатно 2,931194 0,000686
убедительный 4,317488 0,001011
обрабатываться 4,317488 0,019207
блокировать 3,912023 0,001832
регулирование 3,218876 0,000754
жалоба 3,624341 0,004243
анонимизированный 4,317488 0,001011
любой 1,576648 0,001477
корреспондентский 4,317488 0,001011
недвижимость 0,292136 0,000068
номенклатура 4,317488 0,003033
наш 1,919593 0,010787
настоящий 2,302585 0,000539
профиль 3,401197 0,000796
регламент 4,317488 0,001011
возложить 3,624341 0,001697
тема 0,013423 0,000022
сервис 0,174353 0,000408
целенаправленный 3,912023 0,000916
дискуссия 0,013423 0,000006
предложение 2,612740 0,001223
новостной 3,912023 0,009160
служба 0,006689 0,000008
заметить 0,013423 0,000003
здоровье 1,832581 0,000429
технический 2,612740 0,001223
анализ 2,708050 0,005072
рекомендательный 0,013423 0,000022
экран 3,624341 0,001697
входящий 3,624341 0,000849
обратиться 2,302585 0,001078
собирать 3,218876 0,000754
мессенджер 3,624341 0,002546
безопасность 1,919593 0,004045
который 0,603916 0,004525
контрагент 4,317488 0,005054
награда 3,401197 0,003185
курьерский 4,317488 0,002022
например 1,714798 0,001606
машиночитаемый 4,317488 0,001011
следующий 1,427116 0,001671
уведомить 3,912023 0,001832
авторизоваться 0,013423 0,000006
идентификация 3,912023 0,008244
выбрать 0,013423 0,000009
частный 2,525729 0,000591
политический 2,813411 0,000659
акт 3,218876 0,000754
случай 1,643339 0,004232
наименование 3,912023 0,000916
сми 2,177422 0,006118
подтверждение 3,401197 0,000796
новыесначала 0,013423 0,000003
союз 3,218876 0,003015
создание 2,302585 0,000539
исполнять 3,624341 0,000849
несколько 1,544899 0,001085
предоставить 2,066196 0,001451
место 1,272966 0,002384
предварительный 3,218876 0,000754
государство 2,177422 0,002549
подлежать 3,624341 0,000849
преступление 3,912023 0,000916
судопроизводство 4,317488 0,001011
вакансия 0,013423 0,000003
мы 0,013423 0,000101
участие 0,006689 0,000005
разрешение 3,401197 0,001593
достигнуть 2,612740 0,001223
аудиовизуальный 3,912023 0,000916
устаревший 4,317488 0,001011
использовать 0,013423 0,000041
выбор 2,066196 0,000484
опечатка 0,013423 0,000003
самостоятельно 2,708050 0,005072
каждый 1,399717 0,000655
онлайн 0,013423 0,000003
сервер 4,317488 0,002022
писать 1,752539 0,000410
осуществляться 0,013423 0,000107
обеспечение 2,612740 0,004282
раздел 2,525729 0,009462
поставщик 3,218876 0,000754
апрель 0,013423 0,000006
внешний 3,401197 0,001593
категория 1,576648 0,002953
подписать 2,612740 0,000612
девелопмент 4,317488 0,001011
уровень 2,014903 0,000472
заключение 3,064725 0,002153
финансовый 1,714798 0,000401
заменять 3,912023 0,000916
влияние 3,064725 0,000718
орган 2,708050 0,005072
федеральный 0,013423 0,000019
формат 2,120264 0,001986
настройка 4,317488 0,008087
ос 4,317488 0,004044
неточный 4,317488 0,001011
контактный 3,912023 0,007328
планшет 3,912023 0,000916
официальный 2,177422 0,002039
переносимость 4,317488 0,002022
понимать 2,708050 0,001902
попробовать 0,013423 0,000003
ответный 3,401197 0,000796
заполнение 0,013423 0,000022
внимание 0,013423 0,000013
принимать 0,013423 0,000003
сведение 2,931194 0,011667
рекламный 3,912023 0,000916
возможность 1,752539 0,001641
взгляд 2,931194 0,000686
передавать 3,624341 0,001697
предотвращение 3,912023 0,001832
занимать 2,525729 0,003548
выпуск 0,013423 0,000003
безопасный 3,064725 0,000718
информация 2,066196 0,010643
уникальный 2,014903 0,000472
надзор 0,013423 0,000003
контент 3,624341 0,003394
улучшение 3,624341 0,003394
предприятие 0,013423 0,000013
наука 0,283247 0,000066
какой 1,399717 0,000983
обратный 0,013423 0,000038
произойти 0,013423 0,000003
принятие 3,064725 0,002153
проверить 2,302585 0,000539
источник 1,966113 0,001841
