залужном 5,010635 0,003825
законный 0,013423 0,000010
новый 0,006689 0,000010
оборона 2,066196 0,001577
социология 4,317488 0,003296
забрать 3,912023 0,002986
разведка 3,401197 0,005193
помощница 5,010635 0,003825
фигура 3,912023 0,002986
найти 0,013423 0,000010
ритуал 3,624341 0,002767
тур 3,912023 0,002986
письмо 0,013423 0,000020
спасибо 0,013423 0,000010
выигрывать 5,010635 0,003825
вуд 5,010635 0,003825
выстраивание 5,010635 0,003825
расширить 0,006689 0,000005
колдунство 5,010635 0,003825
квн 5,010635 0,003825
зловещий 5,010635 0,003825
поразить 3,624341 0,002767
вокруг 3,064725 0,002339
велеть 5,010635 0,003825
согласие 0,013423 0,000031
прервать 5,010635 0,003825
центр 0,166448 0,000127
анонсировать 3,218876 0,004914
менее 2,177422 0,003324
важный 1,297063 0,001980
касаться 2,371578 0,001810
доступ 0,013423 0,000020
миа 0,013423 0,000051
умеров 5,010635 0,007650
долго 3,064725 0,002339
заявление 2,066196 0,003154
полный 1,678431 0,001281
задать 0,013423 0,000010
конфликт 2,371578 0,003621
радикал 5,010635 0,003825
связаться 0,013423 0,000061
твёрдо 5,010635 0,003825
жертва 2,813411 0,002148
человек 1,118815 0,001708
вода 1,576648 0,001204
секретарь 2,931194 0,002238
украинец 2,302585 0,003515
г 0,013423 0,000020
аппаратный 5,010635 0,003825
реклама 0,013423 0,000031
фото 0,013423 0,000010
политика 0,013423 0,000051
связь 0,006689 0,000041
избирательный 4,317488 0,003296
иностранный 2,177422 0,001662
о 0,013423 0,000010
аналитикать 3,912023 0,002986
пропрезидентский 5,010635 0,003825
британец 3,401197 0,002596
течение 0,013423 0,000010
договориться 3,912023 0,002986
надвигаться 3,912023 0,002986
редкость 5,010635 0,003825
ермаквооружённый 5,010635 0,003825
вариант 1,966113 0,003002
сила 1,455287 0,005555
мединскийандрей 5,010635 0,003825
мир 0,223144 0,000852
бавырина 3,218876 0,009829
фёдоров 5,010635 0,003825
обеспечить 2,120264 0,001619
деловой 3,064725 0,002339
запад 1,966113 0,001501
пройти 0,006689 0,000005
заголовок 0,013423 0,000020
информационный 0,013423 0,000051
успеть 3,218876 0,002457
русский 1,118815 0,000854
ограниченность 5,010635 0,003825
входить 2,813411 0,002148
блестящий 4,317488 0,003296
окончательно 2,813411 0,002148
рассмотреть 0,013423 0,000010
опытный 4,317488 0,003296
расположить 0,013423 0,000020
злой 3,624341 0,002767
бывший 2,302585 0,008788
слишком 2,708050 0,006202
время 0,013423 0,000051
единственный 2,525729 0,001928
кнопка 0,013423 0,000010
социальный 1,678431 0,001281
прислать 3,401197 0,002596
данный 2,014903 0,001538
доиграться 3,912023 0,002986
ранее 0,013423 0,000010
главный 0,013423 0,000020
проблема 0,013423 0,000031
подкаст 0,292136 0,000223
начальник 4,317488 0,003296
режим 2,066196 0,003154
данные 0,013423 0,000082
иной 2,238047 0,003417
украина 1,160488 0,015946
разведчик 3,624341 0,002767
город 0,013423 0,000010
разблокировать 0,013423 0,000031
комедия 4,317488 0,003296
фотография 0,013423 0,000010
дмитрий 1,576648 0,004814
печься 5,010635 0,003825
расколоть 2,525729 0,013496
осознание 5,010635 0,003825
час 0,013423 0,000020
мединский 2,612740 0,007978
чат 0,013423 0,000020
наряду 3,912023 0,005973
новостеймолния 0,013423 0,000010
написать 0,013423 0,000010
пытаться 2,708050 0,002067
соглашаться 0,013423 0,000010
степень 3,218876 0,004914
сначала 0,013423 0,000010
претендент 4,317488 0,003296
кадровый 3,401197 0,002596
окончание 3,064725 0,002339
показать 0,013423 0,000010
приходить 3,401197 0,002596
кричать 4,317488 0,003296
отрицать 4,317488 0,003296
пароль 0,013423 0,000113
вооружённый 2,014903 0,003076
креативный 4,317488 0,003296
хотя 2,371578 0,001810
диверсия 4,317488 0,003296
кукла 4,317488 0,003296
удалить 0,013423 0,000041
доносить 5,010635 0,003825
бунт 3,912023 0,002986
мирный 2,525729 0,003856
офис 2,931194 0,006713
вход 0,013423 0,000020
читать 0,791128 0,000604
система 1,919593 0,002931
описать 0,013423 0,000010
размещение 0,013423 0,000010
уберечь 4,317488 0,003296
сколько 0,006689 0,000005
специальность 3,401197 0,005193
один 1,098612 0,000839
британский 2,371578 0,003621
обыск 4,317488 0,003296
мера 1,875141 0,001431
отставка 4,317488 0,003296
подтверждать 0,013423 0,000010
реалист 5,010635 0,003825
громкий 3,401197 0,002596
гаврилов 0,013423 0,000010
учредитель 0,013423 0,000010
часть 1,373049 0,001048
дерзкий 4,317488 0,003296
практический 3,624341 0,002767
завершить 2,445686 0,003734
ссылка 0,013423 0,000041
сторона 1,609438 0,002457
труп 5,010635 0,003825
коммуникация 0,013423 0,000010
шеф 2,238047 0,001708
мой 0,013423 0,000051
обезопасить 4,317488 0,003296
момент 2,014903 0,001538
часто 2,371578 0,001810
бежать 3,624341 0,002767
помочь 0,013423 0,000020
эпоха 3,912023 0,002986
архив 0,190354 0,000145
раунд 2,931194 0,004475
помимо 2,708050 0,004134
заявить 1,272966 0,000972
сша 1,118815 0,003416
природный 2,931194 0,002238
описание 0,013423 0,000010
лидер 2,813411 0,004295
процесс 0,013423 0,000020
избежать 2,525729 0,003856
деоккупация 5,010635 0,003825
потерять 2,525729 0,001928
зеленскийвладимир 5,010635 0,003825
переговорный 3,401197 0,005193
говорить 1,714798 0,001309
делать 1,427116 0,001089
роскомнадзор 0,013423 0,000010
технология 0,013423 0,000020
остаться 1,919593 0,002931
комфортный 3,218876 0,002457
вальтер 5,010635 0,003825
профессия 3,401197 0,002596
преимущество 3,064725 0,002339
москва 0,006689 0,000015
демонстрировать 5,010635 0,003825
воспользоваться 0,013423 0,000041
главком 5,010635 0,003825
администрация 3,218876 0,002457
добавлять 1,919593 0,001465
впрямь 5,010635 0,003825
особенно 2,612740 0,003989
деньга 2,066196 0,001577
враг 3,218876 0,007371
команда 2,708050 0,002067
далее 0,013423 0,000020
обязывать 3,912023 0,002986
иголка 5,010635 0,003825
являться 1,875141 0,001431
параллельно 3,912023 0,002986
единый 2,177422 0,003324
благо 5,010635 0,003825
хотеть 0,006689 0,000010
открывать 0,013423 0,000020
перейти 0,013423 0,000010
армия 2,120264 0,001619
счёт 2,014903 0,001538
стать 0,851752 0,000650
нужно 1,455287 0,001111
террорист 3,401197 0,005193
работать 1,966113 0,004503
гитлеровский 4,317488 0,003296
вчера 1,576648 0,001204
обращение 0,013423 0,000031
группа 2,302585 0,003515
отпустить 4,317488 0,006592
умный 2,708050 0,012403
это 0,013423 0,000082
спецпроект 0,190354 0,000145
массовый 0,013423 0,000010
обработка 0,013423 0,000051
украинский 1,576648 0,003611
слово 1,514128 0,001156
ответственность 2,931194 0,002238
американец 2,525729 0,003856
смена 3,912023 0,002986
донбасс 2,612740 0,017950
кой 5,010635 0,003825
новость 0,006689 0,000056
вашингтон 2,120264 0,003237
вряд 3,912023 0,002986
дипломатический 3,624341 0,002767
стоить 1,678431 0,001281
наслать 2,445686 0,001867
интеллектуальный 3,912023 0,002986
михаил 2,525729 0,001928
неприятный 4,317488 0,003296
ломать 5,010635 0,003825
жизнь 1,714798 0,001309
доверять 4,317488 0,003296
вероятный 4,317488 0,003296
зарегистрироваться 0,013423 0,000051
пожаловаться 0,006689 0,000005
войти 0,006689 0,000020
держать 2,931194 0,002238
целый 2,931194 0,002238
наркотик 5,010635 0,003825
возраст 2,177422 0,001662
эл 0,013423 0,000010
радио 0,274437 0,000209
дзен 0,851752 0,000650
точно 2,612740 0,001994
подсчёт 5,010635 0,003825
защита 0,013423 0,000041
лояльность 3,624341 0,002767
регистрация 0,013423 0,000051
дипломатия 3,401197 0,002596
почему 0,013423 0,000010
ведение 3,624341 0,002767
восстановление 0,013423 0,000041
быстрый 1,714798 0,001309
хороший 1,059392 0,000809
отворотить 5,010635 0,003825
следственный 3,401197 0,002596
значит 2,612740 0,003989
карьера 3,912023 0,005973
вконтакте 0,013423 0,000020
ждать 1,919593 0,001465
власть 2,371578 0,001810
логин 0,013423 0,000010
конфиденциальность 0,013423 0,000041
нарушение 0,013423 0,000031
навсегда 0,013423 0,000010
русофоб 5,010635 0,003825
действие 0,013423 0,000020
релиз 0,013423 0,000010
назад 0,013423 0,000061
список 0,013423 0,000020
выстроить 5,010635 0,003825
наверняка 5,010635 0,003825
пять 1,966113 0,001501
обязательный 0,013423 0,000072
дозволяться 5,010635 0,003825
февраль 0,567984 0,000434
ошибка 0,013423 0,000031
идти 1,919593 0,001465
аналитика 2,177422 0,004986
вопрос 0,006689 0,000020
следователь 3,912023 0,005973
вилы 5,010635 0,003825
зубовский 0,013423 0,000020
подпортить 4,317488 0,003296
заполнить 0,013423 0,000072
анализировать 5,010635 0,003825
именно 2,066196 0,001577
против 1,966113 0,001501
ваш 0,013423 0,000164
общество 0,257045 0,000196
имя 0,013423 0,000051
недорого 5,010635 0,003825
пришлый 5,010635 0,003825
больший 2,014903 0,001538
придворный 5,010635 0,003825
срок 0,013423 0,000020
основание 0,013423 0,000020
издание 0,013423 0,000020
кто 2,014903 0,001538
бульвар 0,013423 0,000020
сетевой 0,013423 0,000010
считаться 2,525729 0,001928
напрямую 3,218876 0,002457
переубедить 5,010635 0,003825
привыкнуть 4,317488 0,003296
позволять 2,238047 0,001708
использование 0,013423 0,000010
вновь 0,013423 0,000010
банда 2,525729 0,011568
сменить 0,013423 0,000010
материал 0,013423 0,000092
тумбочка 5,010635 0,003825
участвовать 0,013423 0,000041
сообщить 0,013423 0,000010
выбирать 2,014903 0,001538
ермак 3,912023 0,029863
быть 0,013423 0,000020
нынешний 3,624341 0,005533
успешно 0,013423 0,000010
кровный 5,010635 0,003825
устать 3,912023 0,002986
скриншот 0,013423 0,000031
росфинмониторинг 3,912023 0,002986
истечь 0,013423 0,000010
полагать 3,401197 0,002596
практиковаться 5,010635 0,003825
лента 0,006689 0,000010
представлять 3,064725 0,002339
партия 3,912023 0,008959
сфера 0,013423 0,000010
электронный 0,013423 0,000010
спорт 0,190354 0,000145
ряд 2,612740 0,001994
воинственный 5,010635 0,003825
сам 1,875141 0,002863
свидетельство 0,013423 0,000010
экстремист 3,912023 0,005973
комментирование 0,013423 0,000020
блокироваться 0,013423 0,000010
друг 2,612740 0,003989
крах 4,317488 0,003296
буданов 3,401197 0,028560
сбор 2,708050 0,002067
глава 1,919593 0,010257
вообще 2,931194 0,002238
намекать 3,912023 0,002986
правило 0,013423 0,000051
сохранить 0,013423 0,000010
народ 2,238047 0,001708
смыть 5,010635 0,003825
тяжёлый 2,525729 0,001928
известный 2,066196 0,001577
применение 0,013423 0,000010
взаимодействие 0,013423 0,000020
давление 3,218876 0,007371
дать 0,013423 0,000020
пресс 0,013423 0,000020
согласный 0,013423 0,000031
персональный 0,013423 0,000082
ковена 5,010635 0,003825
перетянуть 0,013423 0,000010
киевский 2,931194 0,002238
смочь 0,006689 0,000005
использоваться 0,006689 0,000005
спонсор 3,912023 0,002986
готовый 0,006689 0,000015
дата 0,006689 0,000005
пиар 5,010635 0,003825
одноклассник 0,013423 0,000020
недопустимый 0,013423 0,000010
остаток 3,064725 0,002339
вы 0,013423 0,000010
предшественник 3,912023 0,002986
фио 0,013423 0,000010
кирилл 1,875141 0,001431
доказать 3,624341 0,002767
восстановить 0,013423 0,000010
пожалуйста 0,013423 0,000010
российский 0,883501 0,002023
цель 1,966113 0,003002
шелленберг 5,010635 0,003825
специалист 2,371578 0,001810
давно 3,218876 0,004914
ошибаться 5,010635 0,003825
снизу 3,912023 0,002986
версия 0,013423 0,000010
ниже 0,013423 0,000031
неформальный 4,317488 0,003296
россия 0,006689 0,000097
сдать 3,912023 0,002986
рано 3,624341 0,002767
сгенерировать 2,708050 0,006202
наглость 3,064725 0,002339
тег 0,190354 0,000145
свой 0,867501 0,003973
зарегистрировать 0,013423 0,000010
убедиться 3,401197 0,002596
штаб 3,912023 0,002986
популярный 1,752539 0,001338
назвать 1,347074 0,001028
следовательно 3,912023 0,002986
ииизображение 2,931194 0,002238
цена 1,966113 0,001501
шуточка 5,010635 0,003825
сайт 0,013423 0,000031
поле 0,013423 0,000082
связать 2,445686 0,003734
полезный 0,143101 0,000109
галочка 0,013423 0,000010
крюк 5,010635 0,003825
заблокировать 0,013423 0,000020
перетащить 0,013423 0,000031
представитель 2,302585 0,003515
туризм 0,283247 0,000216
руководство 2,931194 0,002238
поддерживаетсяполучить 0,013423 0,000010
адрес 0,013423 0,000051
зеленский 1,875141 0,032922
другой 0,013423 0,000041
кинопродюсер 5,010635 0,003825
соответствие 0,013423 0,000020
проигрывать 4,317488 0,003296
континент 3,624341 0,002767
унитарный 0,013423 0,000031
прийти 2,445686 0,005601
тяжело 3,624341 0,002767
давать 0,013423 0,000020
отправка 0,013423 0,000010
черта 4,317488 0,003296
загрузить 0,013423 0,000020
скорее 3,064725 0,002339
сеть 2,371578 0,001810
явно 3,064725 0,004679
преуспеть 5,010635 0,007650
отдать 2,931194 0,002238
направление 0,013423 0,000010
собственный 2,445686 0,003734
телефон 0,013423 0,000010
редакция 0,013423 0,000031
чёрный 2,238047 0,001708
пока 1,919593 0,004396
держаться 3,401197 0,002596
должный 0,013423 0,000010
кличка 5,010635 0,003825
число 1,643339 0,001254
объяснять 2,813411 0,002148
мамкин 5,010635 0,003825
снбо 3,624341 0,002767
насчёт 4,317488 0,003296
знать 2,238047 0,001708
контроль 2,371578 0,001810
автор 0,013423 0,000010
старый 0,013423 0,000010
сообщение 0,013423 0,000143
кэвээнщик 5,010635 0,003825
происшествие 0,292136 0,000223
умер 3,624341 0,002767
внести 2,612740 0,001994
подтвердить 0,013423 0,000010
приемлемый 4,317488 0,003296
поражение 3,218876 0,002457
поднять 4,317488 0,003296
оба 2,612740 0,001994
обновить 0,985284 0,000752
договор 2,931194 0,002238
депутат 3,218876 0,004914
гастроль 4,317488 0,003296
предмет 2,302585 0,001758
война 2,238047 0,001708
простить 3,912023 0,002986
авторизация 0,013423 0,000010
религия 0,283247 0,000216
рейтинг 0,006689 0,000005
форма 0,013423 0,000123
культура 0,292136 0,000223
сгинуть 5,010635 0,003825
очередной 2,813411 0,006443
валерий 3,064725 0,002339
наб 4,317488 0,003296
несмотря 2,708050 0,002067
коллега 2,371578 0,001810
прекращать 3,912023 0,002986
статья 0,013423 0,000010
возглавлять 3,218876 0,002457
любой 1,576648 0,001204
недвижимость 0,292136 0,000223
ходить 2,813411 0,002148
указание 3,912023 0,005973
казаться 3,401197 0,002596
редактор 0,013423 0,000010
фгуп 0,499776 0,001145
многий 3,064725 0,002339
близкий 2,066196 0,001577
многие 2,525729 0,001928
контакт 0,013423 0,000010
пирожок 5,010635 0,003825
фон 3,218876 0,002457
напоминать 3,064725 0,002339
профиль 3,401197 0,002596
комментарий 3,624341 0,002767
ия 2,813411 0,004295
тема 0,013423 0,000031
сервис 0,174353 0,000133
государственный 0,013423 0,000031
оказаться 2,525729 0,001928
арахамия 3,624341 0,002767
упор 5,010635 0,003825
дискуссия 0,013423 0,000020
около 2,177422 0,001662
дурь 5,010635 0,003825
бандеровец 4,317488 0,003296
сделать 1,226446 0,001872
связанный 0,013423 0,000020
служба 0,006689 0,000005
риа 0,006689 0,000046
изображение 2,708050 0,004134
президентский 3,912023 0,002986
заметить 0,013423 0,000010
закрытый 0,013423 0,000010
класть 3,064725 0,002339
зелёный 2,708050 0,002067
обращать 0,013423 0,000010
шаман 4,317488 0,003296
рекомендательный 0,013423 0,000010
прорыв 3,624341 0,005533
противник 3,064725 0,002339
испытывать 4,317488 0,003296
гормональный 5,010635 0,003825
разный 1,484275 0,001133
переговоры 1,875141 0,015745
уязвимость 5,010635 0,003825
магия 4,317488 0,003296
будущее 2,238047 0,001708
год 0,006689 0,000015
поздно 4,317488 0,003296
фракция 3,064725 0,002339
террор 5,010635 0,003825
министр 2,525729 0,001928
международный 0,013423 0,000031
андрей 2,302585 0,007031
реальность 3,064725 0,002339
верховный 3,218876 0,002457
уступка 3,218876 0,002457
исполнительный 3,624341 0,002767
решить 1,919593 0,002931
ведущий 2,120264 0,001619
делегация 2,708050 0,004134
который 0,603916 0,002766
вывод 3,401197 0,002596
поэтому 2,014903 0,001538
непростой 3,912023 0,002986
агентство 0,013423 0,000041
паранойя 5,010635 0,003825
следующий 1,427116 0,001089
конфуз 5,010635 0,003825
авторизоваться 0,013423 0,000020
крайний 3,218876 0,002457
выбрать 0,013423 0,000031
рассказать 0,933098 0,001425
страх 3,218876 0,002457
сегодня 0,013423 0,000082
страна 1,139434 0,000870
президент 1,643339 0,003763
уступать 3,912023 0,002986
притон 4,317488 0,003296
помощник 3,912023 0,002986
просить 0,013423 0,000010
случай 1,643339 0,002509
кресло 3,912023 0,002986
скупой 5,010635 0,007650
сразу 1,832581 0,001399
такой 1,098612 0,001677
ненависть 3,912023 0,002986
руководитель 2,445686 0,001867
плюс 3,218876 0,002457
понять 3,912023 0,002986
смиряться 5,010635 0,003825
рассказывать 2,014903 0,001538
подтверждение 3,401197 0,002596
новыесначала 0,013423 0,000010
прожить 4,317488 0,003296
давид 3,218876 0,002457
место 1,272966 0,001943
шапка 0,013423 0,000010
отправить 0,013423 0,000143
продолжить 0,006689 0,000005
трезвый 5,010635 0,003825
решение 0,006689 0,000005
ознакомить 0,013423 0,000010
военный 1,514128 0,002312
вакансия 0,013423 0,000010
мы 0,013423 0,000072
проставлять 0,013423 0,000010
участие 0,006689 0,000005
действительно 3,624341 0,002767
утверждать 2,302585 0,001758
рада 3,401197 0,002596
аккаунт 0,013423 0,000051
попытка 3,218876 0,002457
экономика 0,292136 0,000223
тот 1,576648 0,004814
обсуждение 0,013423 0,000020
опечатка 0,013423 0,000010
использовать 0,013423 0,000010
наиболее 2,813411 0,002148
тушка 4,317488 0,003296
онлайн 0,013423 0,000010
маленький 2,371578 0,001810
почта 0,013423 0,000072
блокировка 0,013423 0,000041
осуществляться 0,013423 0,000010
миреукраинароссиядонбассвладимир 5,010635 0,003825
киев 1,832581 0,004197
обломок 5,010635 0,003825
три 2,120264 0,003237
апрель 0,013423 0,000010
убеждённый 5,010635 0,003825
фамилия 0,013423 0,000010
рустем 3,624341 0,002767
оккультный 5,010635 0,003825
яндекс 0,013423 0,000020
владимир 1,373049 0,008385
либо 0,013423 0,000010
неизбежность 5,010635 0,003825
федеральный 0,013423 0,000041
нажимать 0,013423 0,000010
виртуальный 5,010635 0,003825
бой 2,445686 0,001867
реальный 3,401197 0,002596
гур 4,317488 0,009887
браться 3,624341 0,002767
предлагать 2,445686 0,001867
криворожец 5,010635 0,003825
поиск 0,013423 0,000010
руководить 4,317488 0,003296
всу 2,238047 0,005125
лагерь 2,612740 0,011967
попробовать 0,013423 0,000010
заполнение 0,013423 0,000072
участник 1,752539 0,002676
внимание 0,013423 0,000010
принимать 0,013423 0,000010
сведение 2,931194 0,004475
женева 2,238047 0,005125
усугубляться 5,010635 0,003825
индикатор 4,317488 0,003296
пресса 5,010635 0,003825
отвечать 2,931194 0,002238
встреча 1,832581 0,001399
правда 2,612740 0,003989
плохой 2,708050 0,002067
кардинал 5,010635 0,003825
выпуск 0,013423 0,000010
род 3,624341 0,002767
обход 5,010635 0,003825
надзор 0,013423 0,000010
самозваный 5,010635 0,003825
видеть 2,931194 0,002238
предприятие 0,013423 0,000031
способ 0,013423 0,000020
наука 0,283247 0,000216
обратный 0,013423 0,000082
выборы 3,401197 0,002596
продукт 0,135438 0,000103
произойти 0,013423 0,000010
второй 1,427116 0,001089
затягивать 4,317488 0,003296
