истечь 0,013423 0,000016
лента 0,006689 0,000016
законный 0,013423 0,000016
архивный 1,347074 0,001570
новый 0,006689 0,000016
вовлечь 5,010635 0,005840
найти 0,013423 0,000016
газа 3,064725 0,035719
письмо 0,013423 0,000031
сфера 0,013423 0,000016
электронный 0,013423 0,000016
спасибо 0,013423 0,000016
спорт 0,190354 0,000222
расширить 0,006689 0,000008
месяц 1,003302 0,001169
свидетельство 0,013423 0,000016
согласие 0,013423 0,000031
центр 0,166448 0,000194
прошлое 2,813411 0,003279
комментирование 0,013423 0,000031
сказать 2,371578 0,002764
касаться 2,371578 0,002764
доступ 0,013423 0,000031
пойти 2,708050 0,003156
блокироваться 0,013423 0,000016
йорк 3,064725 0,017860
миа 0,013423 0,000110
задать 0,013423 0,000016
ближний 3,064725 0,003572
помощь 1,321756 0,003081
связаться 0,013423 0,000094
готовность 2,238047 0,002608
вообще 2,931194 0,003416
правило 0,013423 0,000078
сохранить 0,013423 0,000016
г 0,013423 0,000031
реклама 0,013423 0,000031
фото 0,013423 0,000031
политика 0,013423 0,000078
связь 0,006689 0,000062
применение 0,013423 0,000016
взаимодействие 0,013423 0,000031
о 0,013423 0,000016
дать 0,013423 0,000031
пресс 0,013423 0,000031
согласный 0,013423 0,000047
персональный 0,013423 0,000125
перетянуть 0,013423 0,000016
течение 0,013423 0,000016
китай 1,714798 0,003997
смочь 0,006689 0,000008
использоваться 0,006689 0,000008
готовый 0,006689 0,000016
дата 0,006689 0,000008
мир 0,223144 0,003641
саммит 3,401197 0,011892
базовый 3,624341 0,004224
пройти 0,006689 0,000008
заголовок 0,013423 0,000031
одноклассник 0,013423 0,000031
недопустимый 0,013423 0,000016
информационный 0,013423 0,000063
вы 0,013423 0,000016
фио 0,013423 0,000016
восстановить 0,013423 0,000016
пожалуйста 0,013423 0,000016
российский 0,883501 0,001030
трампантониу 5,010635 0,005840
рассмотреть 0,013423 0,000016
расположить 0,013423 0,000047
необходимо 1,791759 0,004177
заявлять 3,912023 0,004559
проект 2,014903 0,002348
время 0,013423 0,000047
версия 0,013423 0,000016
ниже 0,013423 0,000047
кнопка 0,013423 0,000016
россия 0,006689 0,000179
оон 2,708050 0,012625
нью 3,624341 0,021121
тег 0,190354 0,000222
свой 0,867501 0,001011
зарегистрировать 0,013423 0,000016
ранее 0,013423 0,000031
проблема 0,013423 0,000031
подкаст 0,292136 0,000340
главный 0,013423 0,000016
данные 0,013423 0,000125
член 2,238047 0,002608
город 0,013423 0,000094
разблокировать 0,013423 0,000047
фотография 0,013423 0,000016
необходимость 2,177422 0,002538
сайт 0,013423 0,000047
поле 0,013423 0,000125
час 0,013423 0,000031
американский 1,966113 0,004583
выполнение 2,612740 0,003045
чат 0,013423 0,000031
сектор 3,064725 0,007144
актив 2,931194 0,003416
полезный 0,143101 0,000167
новостеймолния 0,013423 0,000016
написать 0,013423 0,000016
галочка 0,013423 0,000016
штат 2,014903 0,014090
заблокировать 0,013423 0,000031
перетащить 0,013423 0,000047
соглашаться 0,013423 0,000016
представитель 2,302585 0,002684
туризм 0,283247 0,000330
выступать 2,931194 0,006833
сначала 0,013423 0,000016
поддерживаетсяполучить 0,013423 0,000016
адрес 0,013423 0,000078
представить 2,014903 0,002348
другой 0,013423 0,000047
соответствие 0,013423 0,000031
работа 1,427116 0,001663
унитарный 0,013423 0,000047
давать 0,013423 0,000031
показать 0,013423 0,000016
отправка 0,013423 0,000016
загрузить 0,013423 0,000031
направление 0,013423 0,000016
миллиард 3,064725 0,010716
телефон 0,013423 0,000016
пароль 0,013423 0,000172
задача 2,177422 0,002538
редакция 0,013423 0,000047
удалить 0,013423 0,000063
порядок 1,832581 0,002136
выражать 3,401197 0,003964
вход 0,013423 0,000031
должный 0,013423 0,000016
заседание 3,401197 0,003964
читать 0,791128 0,000922
скромный 4,317488 0,005032
описать 0,013423 0,000016
знать 2,238047 0,002608
размещение 0,013423 0,000031
дональд 2,371578 0,022113
сколько 0,006689 0,000008
автор 0,013423 0,000016
старый 0,013423 0,000016
сообщение 0,013423 0,000219
сумма 2,302585 0,002684
палестина 2,813411 0,003279
происшествие 0,292136 0,000340
подтвердить 0,013423 0,000016
иметь 1,544899 0,001801
совет 1,226446 0,015724
интересный 2,177422 0,002538
выразить 2,708050 0,028406
обновить 0,985284 0,001148
пожертвовать 4,317488 0,005032
подтверждать 0,013423 0,000016
гаврилов 0,013423 0,000016
учредитель 0,013423 0,000016
авторизация 0,013423 0,000016
религия 0,283247 0,000330
рейтинг 0,006689 0,000008
форма 0,013423 0,000188
ссылка 0,013423 0,000063
сторона 1,609438 0,001876
коммуникация 0,013423 0,000016
мой 0,013423 0,000078
культура 0,292136 0,000340
мероприятие 2,931194 0,003416
рассчитывать 2,931194 0,003416
архив 0,190354 0,000222
помочь 0,013423 0,000016
коллега 2,371578 0,002764
середина 3,624341 0,004224
статья 0,013423 0,000016
гуттереш 5,010635 0,017520
заявить 1,272966 0,001484
позиция 2,708050 0,003156
сша 1,118815 0,011736
описание 0,013423 0,000016
лидер 2,813411 0,003279
повод 3,401197 0,003964
процесс 0,013423 0,000016
отношение 1,791759 0,002088
недвижимость 0,292136 0,000340
говорить 1,714798 0,001999
поблизости 4,317488 0,005032
роскомнадзор 0,013423 0,000016
технология 0,013423 0,000031
редактор 0,013423 0,000016
фгуп 0,499776 0,002912
контакт 0,013423 0,000016
направить 2,371578 0,002764
москва 0,006689 0,000016
надежда 2,302585 0,024153
воспользоваться 0,013423 0,000063
доллар 2,708050 0,009469
ожидаться 3,401197 0,003964
тема 0,013423 0,000047
сформировать 3,624341 0,004224
сервис 0,174353 0,000203
государственный 0,013423 0,000047
предоставление 2,931194 0,003416
соединить 2,708050 0,003156
дискуссия 0,013423 0,000031
предложение 2,612740 0,003045
связанный 0,013423 0,000031
служба 0,006689 0,000008
риа 0,006689 0,000078
поучаствовать 5,010635 0,005840
заметить 0,013423 0,000016
закрытый 0,013423 0,000016
обращать 0,013423 0,000016
рекомендательный 0,013423 0,000016
далее 0,013423 0,000031
год 0,006689 0,000008
хотеть 0,006689 0,000023
открывать 0,013423 0,000031
перейти 0,013423 0,000016
международный 0,013423 0,000047
нужно 1,455287 0,001696
управление 2,371578 0,005528
трамп 1,544899 0,030610
который 0,603916 0,001408
обращение 0,013423 0,000047
агентство 0,013423 0,000063
это 0,013423 0,000063
спецпроект 0,190354 0,000222
массовый 0,013423 0,000016
обработка 0,013423 0,000078
авторизоваться 0,013423 0,000031
выбрать 0,013423 0,000047
заморозить 3,218876 0,003752
сегодня 0,013423 0,000156
страна 1,139434 0,002656
президент 1,643339 0,005746
новость 0,006689 0,000094
вашингтон 2,120264 0,014827
просить 0,013423 0,000016
новыесначала 0,013423 0,000016
пояснить 4,317488 0,005032
зарегистрироваться 0,013423 0,000078
пожаловаться 0,006689 0,000008
войти 0,006689 0,000031
шапка 0,013423 0,000016
отправить 0,013423 0,000235
государство 2,177422 0,002538
продолжить 0,006689 0,000008
решение 0,006689 0,000016
никакой 2,708050 0,003156
собираться 2,813411 0,003279
проходить 2,177422 0,002538
ознакомить 0,013423 0,000016
военный 1,514128 0,003529
вакансия 0,013423 0,000016
эл 0,013423 0,000016
мы 0,013423 0,000110
проставлять 0,013423 0,000016
участие 0,006689 0,000094
фонд 3,064725 0,003572
радио 0,274437 0,000320
дзен 0,851752 0,000993
счесть 4,317488 0,005032
аккаунт 0,013423 0,000078
пригласить 2,708050 0,003156
экономика 0,292136 0,000340
защита 0,013423 0,000063
восток 2,612740 0,003045
считать 2,014903 0,002348
регистрация 0,013423 0,000078
обсуждение 0,013423 0,000031
опечатка 0,013423 0,000016
использовать 0,013423 0,000016
почему 0,013423 0,000016
организация 2,066196 0,007224
гуттерешоон 5,010635 0,005840
восстановление 0,013423 0,000110
онлайн 0,013423 0,000016
десять 2,445686 0,002850
почта 0,013423 0,000110
блокировка 0,013423 0,000063
воевать 2,813411 0,003279
осуществляться 0,013423 0,000016
апрель 0,013423 0,000016
вконтакте 0,013423 0,000031
фамилия 0,013423 0,000016
логин 0,013423 0,000016
конфиденциальность 0,013423 0,000063
нарушение 0,013423 0,000047
навсегда 0,013423 0,000016
яндекс 0,013423 0,000031
владимир 1,373049 0,001600
путин 1,373049 0,001600
действие 0,013423 0,000016
либо 0,013423 0,000016
миресшавашингтон 5,010635 0,005840
федеральный 0,013423 0,000063
релиз 0,013423 0,000016
нажимать 0,013423 0,000016
назад 0,013423 0,000078
первый 0,883501 0,004119
список 0,013423 0,000016
поиск 0,013423 0,000016
пять 1,966113 0,002292
обязательный 0,013423 0,000110
февраль 0,567984 0,000662
ошибка 0,013423 0,000047
контингент 5,010635 0,005840
вопрос 0,006689 0,000031
зубовский 0,013423 0,000031
антониу 5,010635 0,017520
поскольку 2,612740 0,003045
попробовать 0,013423 0,000016
заполнение 0,013423 0,000110
заполнить 0,013423 0,000110
вернуть 2,120264 0,002471
внимание 0,013423 0,000016
принимать 0,013423 0,000016
ваш 0,013423 0,000250
объявить 2,525729 0,002944
общество 0,257045 0,000300
имя 0,013423 0,000078
учредить 5,010635 0,005840
думать 3,401197 0,007928
выпуск 0,013423 0,000016
срок 0,013423 0,000031
основание 0,013423 0,000016
издание 0,013423 0,000016
бульвар 0,013423 0,000031
сетевой 0,013423 0,000016
принять 1,791759 0,006265
надзор 0,013423 0,000016
присутствие 3,218876 0,003752
использование 0,013423 0,000016
фев 1,399717 0,001631
вновь 0,013423 0,000016
сменить 0,013423 0,000016
предприятие 0,013423 0,000047
способ 0,013423 0,000031
материал 0,013423 0,000125
наука 0,283247 0,000330
участвовать 0,013423 0,000031
сообщить 0,013423 0,000016
обратный 0,013423 0,000110
продукт 0,135438 0,000158
произойти 0,013423 0,000016
быть 0,013423 0,000016
успешно 0,013423 0,000016
скриншот 0,013423 0,000047
