состояться 2,708050 0,002179
законный 0,013423 0,000011
косолапый 5,010635 0,004031
новый 0,006689 0,000022
день 0,591795 0,000952
найти 0,013423 0,000022
экспорт 3,401197 0,002736
конь 5,010635 0,004031
письмо 0,013423 0,000022
невероятный 3,401197 0,002736
спасибо 0,013423 0,000022
санкция 2,931194 0,002358
расширить 0,006689 0,000005
заключаться 3,912023 0,003147
эффективный 3,401197 0,002736
путингосударственный 4,317488 0,003473
согласие 0,013423 0,000022
центр 0,166448 0,000134
доступ 0,013423 0,000022
корпорация 4,317488 0,013894
миа 0,013423 0,000054
грех 5,010635 0,004031
полный 1,678431 0,004051
задать 0,013423 0,000011
предложить 2,066196 0,001662
встретить 2,813411 0,002263
килограмм 5,010635 0,004031
мысль 3,912023 0,003147
связаться 0,013423 0,000065
производство 2,612740 0,006306
человек 1,118815 0,000900
б 4,317488 0,006947
г 0,013423 0,000022
реклама 0,013423 0,000022
фото 0,013423 0,000011
политика 0,013423 0,000054
связь 0,006689 0,000054
внезапно 4,317488 0,003473
о 0,013423 0,000011
ядерный 2,813411 0,024897
модульный 5,010635 0,004031
течение 0,013423 0,000022
х 3,401197 0,002736
китай 1,714798 0,009657
область 1,427116 0,001148
очевидный 3,401197 0,002736
запас 3,401197 0,002736
самолёт 3,401197 0,005473
земля 2,708050 0,002179
собрать 3,218876 0,002590
перевезти 5,010635 0,008062
китаец 5,010635 0,004031
мир 0,223144 0,000359
обеспечить 2,120264 0,001706
весь 1,021651 0,001644
эксперимент 3,912023 0,003147
пройти 0,006689 0,000016
пролиться 5,010635 0,004031
переписать 5,010635 0,004031
заголовок 0,013423 0,000022
информационный 0,013423 0,000043
дело 1,249435 0,001005
альтман 5,010635 0,004031
рассмотреть 0,013423 0,000011
расположить 0,013423 0,000022
проект 2,014903 0,004863
злой 3,624341 0,002916
время 0,013423 0,000032
называть 2,120264 0,001706
единственный 2,525729 0,004064
кнопка 0,013423 0,000011
милый 5,010635 0,004031
гейтсвладимир 5,010635 0,004031
рональд 5,010635 0,004031
пробовать 3,624341 0,002916
нацентрифужить 5,010635 0,004031
расконсервация 5,010635 0,004031
ранее 0,013423 0,000022
проблема 0,013423 0,000086
победитель 3,401197 0,002736
подкаст 0,292136 0,000235
главный 0,013423 0,000011
данные 0,013423 0,000097
флот 3,064725 0,002466
также 1,139434 0,000917
появиться 2,120264 0,001706
город 0,013423 0,000011
разблокировать 0,013423 0,000032
комедия 4,317488 0,003473
подробность 4,317488 0,003473
фотография 0,013423 0,000011
джефф 5,010635 0,016124
реализовать 3,064725 0,002466
час 0,013423 0,000022
чат 0,013423 0,000022
занимательный 5,010635 0,004031
новостеймолния 0,013423 0,000011
написать 0,013423 0,000011
функционирование 5,010635 0,004031
пытаться 2,708050 0,002179
зависимость 1,966113 0,001582
соглашаться 0,013423 0,000011
охрана 3,624341 0,002916
сначала 0,013423 0,000011
окончание 3,064725 0,002466
начать 1,966113 0,003163
профессионал 4,317488 0,003473
безос 5,010635 0,012093
показать 0,013423 0,000022
понимание 3,624341 0,002916
отсутствие 2,014903 0,001621
пароль 0,013423 0,000119
отбор 3,912023 0,003147
удалить 0,013423 0,000043
серьёзный 2,525729 0,002032
часы 3,912023 0,003147
вход 0,013423 0,000022
летие 3,624341 0,002916
читать 0,791128 0,000636
описать 0,013423 0,000011
размещение 0,013423 0,000011
равно 3,401197 0,002736
сколько 0,006689 0,000005
потребность 3,912023 0,003147
июнь 1,875141 0,001509
обогатить 4,317488 0,003473
база 2,302585 0,001852
прибежать 5,010635 0,004031
один 1,098612 0,002652
полностью 2,014903 0,001621
мера 1,875141 0,001509
подтверждать 0,013423 0,000011
приличный 4,317488 0,003473
гаврилов 0,013423 0,000011
выясниться 3,624341 0,005832
учредитель 0,013423 0,000011
накрутка 5,010635 0,004031
заводский 5,010635 0,004031
массачусетский 5,010635 0,012093
последний 0,899761 0,001448
ссылка 0,013423 0,000043
коммуникация 0,013423 0,000011
мартышка 5,010635 0,004031
мой 0,013423 0,000054
подозрительно 5,010635 0,004031
момент 2,014903 0,003242
загрузка 4,317488 0,003473
помочь 0,013423 0,000022
аналитикароссиясшакитайджефф 5,010635 0,004031
архив 0,190354 0,000153
академик 3,912023 0,003147
ресурс 2,612740 0,004204
сша 1,118815 0,010801
описание 0,013423 0,000011
лидер 2,813411 0,002263
немножко 5,010635 0,004031
щедро 3,218876 0,002590
процесс 0,013423 0,000011
июль 1,609438 0,001295
помиловать 3,218876 0,002590
запустить 3,218876 0,002590
безосбилл 5,010635 0,004031
способный 3,064725 0,002466
среда 2,612740 0,002102
делать 1,427116 0,003444
роскомнадзор 0,013423 0,000011
технология 0,013423 0,000022
производить 4,317488 0,003473
среди 2,813411 0,002263
разобрать 4,317488 0,003473
послать 4,317488 0,006947
преимущество 3,064725 0,002466
москва 0,006689 0,000011
серый 3,912023 0,003147
воспользоваться 0,013423 0,000043
обнародовать 5,010635 0,004031
безоса 5,010635 0,004031
безупречный 5,010635 0,004031
соединить 2,708050 0,004357
администрация 3,218876 0,002590
осесть 5,010635 0,004031
нравиться 3,912023 0,003147
мобильный 2,708050 0,002179
мишка 5,010635 0,004031
белла 5,010635 0,004031
рынок 2,708050 0,008715
большой 1,832581 0,001474
уран 4,317488 0,020841
госкорпорация 5,010635 0,004031
обсуждаться 3,624341 0,005832
удалённый 4,317488 0,003473
энергетика 3,064725 0,007397
далее 0,013423 0,000022
оплатить 2,708050 0,002179
знатный 5,010635 0,004031
являться 1,875141 0,003017
угадать 4,317488 0,003473
увеличивать 3,912023 0,003147
хотеть 0,006689 0,000005
планета 3,912023 0,003147
открывать 0,013423 0,000022
перейти 0,013423 0,000011
нужно 1,455287 0,002342
стать 0,851752 0,000685
станция 3,401197 0,002736
возможно 2,708050 0,002179
желать 2,612740 0,002102
обращение 0,013423 0,000032
дозаправка 5,010635 0,004031
десятка 2,525729 0,002032
это 0,013423 0,000076
спецпроект 0,190354 0,000153
массовый 0,013423 0,000011
обработка 0,013423 0,000054
закон 2,445686 0,003935
масштабирование 5,010635 0,004031
американец 2,525729 0,002032
прямой 3,218876 0,002590
процент 2,612740 0,002102
новость 0,006689 0,000070
плакать 5,010635 0,004031
эдисон 5,010635 0,004031
конкурент 4,317488 0,003473
покупать 2,612740 0,002102
зарегистрироваться 0,013423 0,000054
пожаловаться 0,006689 0,000005
ссора 3,624341 0,002916
войти 0,006689 0,000022
сэм 5,010635 0,004031
весёлый 4,317488 0,003473
целый 2,931194 0,002358
наладить 3,912023 0,003147
эл 0,013423 0,000011
радио 0,274437 0,000221
дзен 0,851752 0,000685
пригласить 2,708050 0,002179
защита 0,013423 0,000065
регистрация 0,013423 0,000054
утвердить 3,064725 0,002466
автоподпись 5,010635 0,004031
почему 0,013423 0,000011
особый 1,752539 0,001410
восстановление 0,013423 0,000043
быстрый 1,714798 0,001380
хороший 1,059392 0,000852
унификация 5,010635 0,004031
добавить 1,514128 0,001218
капитализация 5,010635 0,004031
готовиться 2,931194 0,002358
значит 2,612740 0,002102
вконтакте 0,013423 0,000022
программа 1,919593 0,003089
обычный 2,813411 0,006790
ледокольный 5,010635 0,004031
закупка 3,624341 0,002916
логин 0,013423 0,000011
навсегда 0,013423 0,000022
конфиденциальность 0,013423 0,000043
нарушение 0,013423 0,000032
гейтс 5,010635 0,016124
отход 5,010635 0,004031
воцариться 5,010635 0,004031
глубина 3,624341 0,002916
путин 1,373049 0,004419
разбираться 3,912023 0,003147
действие 0,013423 0,000011
релиз 0,013423 0,000011
назад 0,013423 0,000054
список 0,013423 0,000022
первый 0,883501 0,000711
импорт 3,624341 0,002916
итог 2,302585 0,001852
обязательный 0,013423 0,000076
февраль 0,567984 0,001828
ошибка 0,013423 0,000032
институт 3,401197 0,008209
идти 1,919593 0,001544
аналитика 2,177422 0,005255
вопрос 0,006689 0,000022
зубовский 0,013423 0,000022
никто 2,445686 0,003935
макдоналд 5,010635 0,004031
компания 1,919593 0,006177
десяток 3,912023 0,003147
заполнить 0,013423 0,000076
аэс 3,624341 0,005832
сборка 3,912023 0,003147
именно 2,066196 0,001662
ваш 0,013423 0,000173
общество 0,257045 0,000414
имя 0,013423 0,000054
разорвать 5,010635 0,004031
знающий 5,010635 0,004031
понятный 3,912023 0,003147
срок 0,013423 0,000022
основание 0,013423 0,000011
кто 2,014903 0,009726
издание 0,013423 0,000011
ломоносов 4,317488 0,003473
бульвар 0,013423 0,000022
сетевой 0,013423 0,000011
использование 0,013423 0,000011
вновь 0,013423 0,000011
стрельников 3,218876 0,010358
самый 0,967584 0,000778
сменить 0,013423 0,000011
экологический 4,317488 0,003473
рубик 5,010635 0,004031
материал 0,013423 0,000097
участвовать 0,013423 0,000032
технологический 2,813411 0,006790
сообщить 0,013423 0,000011
быть 0,013423 0,000086
успешно 0,013423 0,000011
асмма 5,010635 0,012093
точка 2,813411 0,011317
скриншот 0,013423 0,000032
истечь 0,013423 0,000011
отмечать 1,399717 0,001126
аж 5,010635 0,004031
лента 0,006689 0,000011
исключение 2,813411 0,002263
сфера 0,013423 0,000011
электронный 0,013423 0,000011
ввс 3,912023 0,006294
спорт 0,190354 0,000153
мочь 1,399717 0,002252
этот 1,514128 0,003654
сам 1,875141 0,001509
свидетельство 0,013423 0,000011
комментирование 0,013423 0,000022
блокироваться 0,013423 0,000011
стартап 5,010635 0,008062
патэс 5,010635 0,004031
цирк 5,010635 0,004031
глава 1,919593 0,001544
совпадение 4,317488 0,003473
правило 0,013423 0,000076
вообще 2,931194 0,002358
сохранить 0,013423 0,000011
министерство 1,966113 0,001582
суета 3,912023 0,003147
известный 2,066196 0,001662
воздух 3,218876 0,005179
применение 0,013423 0,000011
взаимодействие 0,013423 0,000022
билл 4,317488 0,013894
дать 0,013423 0,000032
альтернативный 3,624341 0,002916
пресс 0,013423 0,000022
согласный 0,013423 0,000032
персональный 0,013423 0,000086
перетянуть 0,013423 0,000011
минимальный 2,708050 0,002179
усиленный 2,931194 0,004716
росатом 3,912023 0,018883
смочь 0,006689 0,000011
использоваться 0,006689 0,000011
оказываться 3,401197 0,002736
готовый 0,006689 0,000016
выступление 3,064725 0,002466
пополам 3,624341 0,002916
высокообогащённый 5,010635 0,004031
дата 0,006689 0,000005
впервые 2,238047 0,003601
одноклассник 0,013423 0,000022
недопустимый 0,013423 0,000011
вы 0,013423 0,000011
фио 0,013423 0,000011
кирилл 1,875141 0,006034
пентагон 3,624341 0,002916
стратегический 2,931194 0,002358
восстановить 0,013423 0,000011
пожалуйста 0,013423 0,000011
байден 4,317488 0,003473
дойти 3,218876 0,005179
российский 0,883501 0,001422
сво 1,919593 0,001544
картошка 2,813411 0,002263
волна 3,912023 0,003147
вильям 5,010635 0,004031
китайский 2,238047 0,001801
специалист 2,371578 0,001908
просто 1,714798 0,002759
давно 3,218876 0,002590
версия 0,013423 0,000011
ниже 0,013423 0,000032
россия 0,006689 0,000161
го 2,177422 0,001752
наглость 3,064725 0,014794
сгенерировать 2,708050 0,006536
тег 0,190354 0,000153
просьба 5,010635 0,004031
основать 3,624341 0,002916
зарегистрировать 0,013423 0,000011
требование 1,832581 0,001474
получиться 2,177422 0,001752
взяться 5,010635 0,004031
ииизображение 2,931194 0,002358
потомок 5,010635 0,004031
энергия 3,401197 0,010945
проведение 2,177422 0,001752
предсказуемый 4,317488 0,003473
кубик 2,525729 0,002032
сайт 0,013423 0,000032
поле 0,013423 0,000086
американский 1,966113 0,011072
полезный 0,143101 0,000115
галочка 0,013423 0,000011
штат 2,014903 0,003242
увеличить 3,218876 0,002590
заблокировать 0,013423 0,000022
перетащить 0,013423 0,000032
энергоблок 5,010635 0,004031
туризм 0,283247 0,000228
мелкий 2,371578 0,001908
поддерживаетсяполучить 0,013423 0,000011
адрес 0,013423 0,000054
другой 0,013423 0,000043
соответствие 0,013423 0,000022
работа 1,427116 0,001148
возбудиться 5,010635 0,004031
запрет 3,218876 0,002590
слеза 3,912023 0,003147
унитарный 0,013423 0,000032
синхронно 5,010635 0,004031
давать 0,013423 0,000032
полёт 3,912023 0,003147
указ 3,912023 0,003147
отправка 0,013423 0,000011
ослабить 4,317488 0,003473
загрузить 0,013423 0,000022
отдать 2,931194 0,002358
направление 0,013423 0,000011
телефон 0,013423 0,000022
редакция 0,013423 0,000032
запретить 2,708050 0,002179
держаться 3,401197 0,002736
праздник 1,427116 0,001148
должный 0,013423 0,000011
автор 0,013423 0,000011
старый 0,013423 0,000011
сообщение 0,013423 0,000151
окружающий 3,912023 0,003147
вид 1,399717 0,001126
происшествие 0,292136 0,000235
сравнить 3,912023 0,003147
закапывать 5,010635 0,004031
подтвердить 0,013423 0,000011
доставить 3,401197 0,002736
правительство 1,875141 0,001509
километр 3,401197 0,002736
замечательный 5,010635 0,004031
путь 2,120264 0,001706
эксперт 1,373049 0,002209
авторизация 0,013423 0,000011
религия 0,283247 0,000228
рейтинг 0,006689 0,000005
форма 0,013423 0,000130
ожидать 2,612740 0,012612
культура 0,292136 0,000235
обмен 3,218876 0,002590
однозначный 4,317488 0,003473
статья 0,013423 0,000011
повод 3,401197 0,005473
любой 1,576648 0,001268
монополист 5,010635 0,004031
серийный 4,317488 0,006947
недвижимость 0,292136 0,000235
наш 1,919593 0,001544
морг 5,010635 0,008062
редактор 0,013423 0,000011
фгуп 0,499776 0,001206
показательный 5,010635 0,004031
многий 3,064725 0,002466
западный 2,813411 0,002263
получить 0,985284 0,000793
контакт 0,013423 0,000011
язык 2,931194 0,002358
ия 2,813411 0,004527
тема 0,013423 0,000043
объяснить 2,612740 0,004204
высокопробный 5,010635 0,008062
государственный 0,013423 0,000065
мечтать 3,401197 0,002736
зоопарк 4,317488 0,003473
сервис 0,174353 0,000140
оказаться 2,525729 0,002032
продавать 5,010635 0,004031
шекспир 5,010635 0,004031
лампочка 5,010635 0,004031
дискуссия 0,013423 0,000022
настолько 4,317488 0,006947
экспериментальный 5,010635 0,004031
сердцебиение 5,010635 0,008062
атомный 2,525729 0,024384
топливо 3,912023 0,012589
связанный 0,013423 0,000022
водиться 5,010635 0,004031
служба 0,006689 0,000005
риа 0,006689 0,000048
изображение 2,708050 0,004357
реактор 4,317488 0,024314
президентский 3,912023 0,003147
заметить 0,013423 0,000011
заморачиваться 5,010635 0,004031
тонна 3,624341 0,005832
закрытый 0,013423 0,000011
фри 5,010635 0,004031
транспортировка 3,401197 0,002736
обращать 0,013423 0,000011
рекомендательный 0,013423 0,000011
серия 2,302585 0,003705
прорыв 3,624341 0,002916
электростанция 4,317488 0,003473
козёл 3,912023 0,003147
близко 4,317488 0,003473
эксплуатация 3,401197 0,002736
год 0,006689 0,000032
распространить 3,064725 0,002466
поздно 4,317488 0,003473
международный 0,013423 0,000032
реальность 3,064725 0,002466
безопасность 1,919593 0,001544
трамп 1,544899 0,002486
который 0,603916 0,001458
избавиться 3,401197 0,002736
урезать 5,010635 0,004031
май 1,643339 0,001322
агентство 0,013423 0,000043
рамка 2,708050 0,002179
считаный 5,010635 0,004031
тайно 4,317488 0,003473
авторизоваться 0,013423 0,000022
выбрать 0,013423 0,000043
сегодня 0,013423 0,000086
президент 1,643339 0,002644
притом 5,010635 0,004031
масштаб 3,624341 0,002916
просить 0,013423 0,000011
острый 2,813411 0,002263
малый 2,612740 0,008408
новыесначала 0,013423 0,000011
концепция 5,010635 0,004031
броситься 5,010635 0,004031
создание 2,302585 0,001852
прыть 5,010635 0,004031
свет 2,708050 0,002179
шапка 0,013423 0,000011
отправить 0,013423 0,000151
запрос 2,813411 0,002263
продолжить 0,006689 0,000005
решение 0,006689 0,000011
рука 1,791759 0,001441
могильник 5,010635 0,004031
ознакомить 0,013423 0,000011
недрогнувший 5,010635 0,004031
военный 1,514128 0,001218
вакансия 0,013423 0,000011
низкообогащённый 5,010635 0,008062
мы 0,013423 0,000076
проставлять 0,013423 0,000011
участие 0,006689 0,000005
утверждать 2,302585 0,001852
аккаунт 0,013423 0,000054
экономика 0,292136 0,000470
совершенно 3,624341 0,002916
тот 1,576648 0,001268
обсуждение 0,013423 0,000022
опечатка 0,013423 0,000011
использовать 0,013423 0,000011
надёжный 2,813411 0,002263
золотой 3,218876 0,002590
метание 5,010635 0,008062
онлайн 0,013423 0,000011
маленький 2,371578 0,001908
почта 0,013423 0,000076
блокировка 0,013423 0,000043
ужас 3,912023 0,003147
осуществляться 0,013423 0,000011
верно 5,010635 0,004031
история 1,139434 0,001833
три 2,120264 0,001706
апрель 0,013423 0,000011
совершить 3,401197 0,002736
недавний 5,010635 0,004031
фамилия 0,013423 0,000011
яндекс 0,013423 0,000022
владимир 1,373049 0,004419
обратить 2,813411 0,002263
либо 0,013423 0,000011
влияние 3,064725 0,002466
поклон 5,010635 0,004031
федеральный 0,013423 0,000043
нажимать 0,013423 0,000011
дождь 4,317488 0,003473
автономный 4,317488 0,003473
он 3,064725 0,002466
предлагать 2,445686 0,001968
поиск 0,013423 0,000011
плавучий 4,317488 0,003473
ритм 4,317488 0,003473
попробовать 0,013423 0,000011
ответный 3,401197 0,002736
заполнение 0,013423 0,000076
участник 1,752539 0,001410
шторм 3,912023 0,003147
внимание 0,013423 0,000022
яростно 3,624341 0,002916
принимать 0,013423 0,000011
объявить 2,525729 0,002032
возможность 1,752539 0,001410
правда 2,612740 0,002102
плохой 2,708050 0,002179
выпуск 0,013423 0,000011
безопасный 3,064725 0,002466
тепловой 5,010635 0,004031
надзор 0,013423 0,000011
видеть 2,931194 0,002358
финансирование 2,708050 0,002179
клочок 5,010635 0,004031
очень 1,678431 0,001350
тсс 5,010635 0,004031
предприятие 0,013423 0,000032
способ 0,013423 0,000022
наука 0,283247 0,000228
обратный 0,013423 0,000076
оружейный 4,317488 0,003473
продукт 0,135438 0,000109
произойти 0,013423 0,000011
проверить 2,302585 0,001852
