锌芯谢褜褋泻懈泄 2,708050 0,002730
屑邪褋谢械薪懈褑邪 2,120264 0,004275
蟹邪泻芯薪薪褘泄 0,013423 0,000014
薪芯胁褘泄 0,006689 0,000040
邪胁褋褌褉懈泄褋泻懈泄 3,218876 0,003245
薪邪泄褌懈 0,013423 0,000014
锌懈褋褜屑芯 0,013423 0,000027
懈褋锌邪薪褋泻懈泄 3,218876 0,003245
褋锌邪褋懈斜芯 0,013423 0,000014
褉邪褋褕懈褉懈褌褜 0,006689 0,000007
谐褉懈斜薪芯泄 3,624341 0,003654
褋芯谐谢邪褋懈械 0,013423 0,000027
写芯褋褌褍锌 0,013423 0,000027
屑懈邪 0,013423 0,000027
蟹邪写邪褌褜 0,013423 0,000014
褋胁褟蟹邪褌褜褋褟 0,013423 0,000081
谐 0,013423 0,000027
褌械褋褌芯胁褘泄 3,218876 0,003245
褉械泻谢邪屑邪 0,013423 0,000014
褎芯褌芯 0,013423 0,000014
锌芯谢懈褌懈泻邪 0,013423 0,000054
褋胁褟蟹褜 0,006689 0,000054
芯 0,013423 0,000014
褌械褔械薪懈械 0,013423 0,000014
锌邪薪邪蟹懈邪褌褋泻懈泄 3,401197 0,003429
褟谐芯写邪 2,525729 0,002546
泻懈褌邪泄泻褋泻懈泄 3,401197 0,003429
褋褍锌 2,302585 0,002321
锌芯胁邪褉 2,238047 0,002256
锌褉芯泄褌懈 0,006689 0,000007
蟹邪谐芯谢芯胁芯泻 0,013423 0,000027
懈薪褎芯褉屑邪褑懈芯薪薪褘泄 0,013423 0,000054
褉褍褋褋泻懈泄 1,118815 0,009023
褋谢芯卸薪芯褋褌褜 2,371578 0,004781
懈褌邪谢褜褟薪褋泻懈泄 2,813411 0,002836
褑胁械褌薪芯泄 3,064725 0,003089
褉邪褋褋屑芯褌褉械褌褜 0,013423 0,000014
泻邪锌褍褋褌邪 2,708050 0,002730
褉邪褋锌芯谢芯卸懈褌褜 0,013423 0,000027
泻谢邪褋褋懈褔械褋泻懈泄 1,752539 0,003533
胁褉械屑褟 0,013423 0,000027
泻薪芯锌泻邪 0,013423 0,000014
写械褋械褉褌芯胁蟹邪泻褍褋泻邪褉械褑械锌褌 5,010635 0,005051
泻邪胁泻邪蟹泻邪 3,401197 0,003429
写械褋械褉褌 2,525729 0,005092
褉邪薪械械 0,013423 0,000014
谐谢邪胁薪褘泄 0,013423 0,000014
锌褉芯斜谢械屑邪 0,013423 0,000014
写邪薪薪褘械 0,013423 0,000108
褌褍褉械褑泻懈泄 3,401197 0,003429
胁褘锌械褔泻邪 2,612740 0,005268
斜械谢芯褉褍褋褋泻懈泄 3,218876 0,003245
谐芯褉芯写 0,013423 0,000014
褉邪蟹斜谢芯泻懈褉芯胁邪褌褜 0,013423 0,000041
胁泻褍褋薪芯 2,813411 0,002836
褎芯褌芯谐褉邪褎懈褟 0,013423 0,000014
邪褉屑褟薪褋泻懈泄 2,708050 0,002730
褔邪褋 0,013423 0,000054
褔邪褌 0,013423 0,000027
谢械谐泻芯 1,791759 0,032512
薪芯胁芯褋褌械泄屑芯谢薪懈褟 0,013423 0,000014
薪邪锌懈褋邪褌褜 0,013423 0,000014
褋芯谐谢邪褕邪褌褜褋褟 0,013423 0,000014
褋薪邪褔邪谢邪 0,013423 0,000014
胁褜械褌薪邪屑褋泻懈泄 3,218876 0,003245
胁褉械写 2,445686 0,002465
锌芯泻邪蟹邪褌褜 0,013423 0,000014
蟹懈屑褍褉械褑械锌褌 4,317488 0,004352
芯褋薪芯胁薪褘泄 1,791759 0,005419
锌邪褉芯谢褜 0,013423 0,000149
褋邪谢邪褌芯胁褉械褑械锌褌 3,624341 0,003654
褍写邪谢懈褌褜 0,013423 0,000054
锌懈褉芯谐 3,064725 0,003089
胁褏芯写 0,013423 0,000027
芯锌懈褋邪褌褜 0,013423 0,000014
褉邪蟹屑械褖械薪懈械 0,013423 0,000014
褋泻芯谢褜泻芯 0,006689 0,000007
褋泻邪薪写懈薪邪胁褋泻懈泄 3,401197 0,003429
褋芯褍褋 2,525729 0,007638
谐邪褉薪懈褉 3,218876 0,003245
斜褉懈褌邪薪褋泻懈泄 2,371578 0,002391
褋芯胁械褌 1,226446 0,001236
褔械斜褍褉械泻 5,010635 0,005051
斜褍褌械褉斜褉芯写 2,525729 0,005092
锌芯写褌胁械褉卸写邪褌褜 0,013423 0,000014
谐邪胁褉懈谢芯胁 0,013423 0,000014
褍褔褉械写懈褌械谢褜 0,013423 0,000014
锌芯褋谢械写薪懈泄 0,899761 0,000907
械胁褉械泄褋泻懈泄 3,218876 0,003245
褋褋褘谢泻邪 0,013423 0,000054
泻芯屑屑褍薪懈泻邪褑懈褟 0,013423 0,000014
屑懈薪褍褌邪 1,226446 0,034617
褕械褎 2,238047 0,002256
屑芯泄 0,013423 0,000068
锌芯屑芯褔褜 0,013423 0,000014
泻懈锌褟褌芯泻 2,813411 0,002836
泻懈蟹懈谢 4,317488 0,004352
褋邪谢邪褌 2,120264 0,014962
芯锌懈褋邪薪懈械 0,013423 0,000014
锌褉芯褑械褋褋 0,013423 0,000014
屑懈薪褍褌褉械褑械锌褌褘褋邪谢邪褌锌褉芯褋褌褘泄 5,010635 0,005051
褋褉械写懈蟹械屑薪芯屑芯褉褋泻懈泄 3,218876 0,003245
褉芯褋泻芯屑薪邪写蟹芯褉 0,013423 0,000014
褌械褏薪芯谢芯谐懈褟 0,013423 0,000027
芯谢邪写褜褟 4,317488 0,004352
写褍褏芯胁泻邪 2,708050 0,005460
锌懈薪谐胁懈薪 3,912023 0,003944
褋械泻褉械褌 2,445686 0,002465
屑芯褋泻胁邪 0,006689 0,000013
胁芯褋锌芯谢褜蟹芯胁邪褌褜褋褟 0,013423 0,000054
胁械褔械褉 2,931194 0,002955
锌芯褉褌褍谐邪谢褜褋泻懈泄 3,401197 0,003429
屑懈薪褍褌褉械褑械锌褌褘褉械褑械锌褌褘锌褉芯褋褌褘泄 5,010635 0,005051
蟹邪泻褍褋泻邪 2,302585 0,011606
褋谢懈胁泻邪 2,931194 0,002955
写邪谢械械 0,013423 0,000027
谐谢懈薪褌胁械泄薪 3,912023 0,003944
褋泻芯胁芯褉芯写邪 2,525729 0,005092
褉械褑械锌褌褘褉械褑械锌褌 1,875141 0,026464
薪芯胁芯谐芯写薪懈泄 2,120264 0,002137
褏芯褌械褌褜 0,006689 0,000007
芯褌泻褉褘胁邪褌褜 0,013423 0,000027
锌械褉械泄褌懈 0,013423 0,000014
褟锌芯薪褋泻懈泄 2,931194 0,002955
褋褘褉 2,708050 0,002730
邪褎褉懈泻邪薪褋泻懈泄 3,064725 0,003089
薪械卸薪褘泄 2,177422 0,002195
褔邪褋邪褉械褑械锌褌 2,813411 0,002836
芯斜褉邪褖械薪懈械 0,013423 0,000041
屑邪褋褋芯胁褘泄 0,013423 0,000014
芯斜褉邪斜芯褌泻邪 0,013423 0,000068
褝褌芯 0,013423 0,000014
褍泻褉邪懈薪褋泻懈泄 1,576648 0,001589
褉械褑械锌褌褘屑褟褋芯泻褍谢懈薪邪褉懈褟械写邪锌褉芯写褍泻褌褘锌褉芯褋褌褘泄 5,010635 0,005051
薪芯胁芯褋褌褜 0,006689 0,000027
胁邪褉械薪懈械 3,218876 0,003245
蟹邪褉械谐懈褋褌褉懈褉芯胁邪褌褜褋褟 0,013423 0,000068
锌芯卸邪谢芯胁邪褌褜褋褟 0,006689 0,000007
褋褉械写薪懈泄 1,832581 0,001847
胁芯泄褌懈 0,006689 0,000027
褋邪谢邪褌芯胁薪芯胁芯谐芯写薪懈泄 3,912023 0,003944
褝谢 0,013423 0,000014
屑懈薪褍褌锌褉芯褋褌芯泄 3,912023 0,007887
蟹邪褖懈褌邪 0,013423 0,000054
褉械谐懈褋褌褉邪褑懈褟 0,013423 0,000068
谢械斜械写械胁泻褍谢懈薪邪褉懈褟械写邪锌褉芯褋褌褘泄 5,010635 0,005051
褉械褑械锌褌褘邪薪写褉械泄 5,010635 0,005051
锌芯褔械屑褍 0,013423 0,000014
胁芯褋褋褌邪薪芯胁谢械薪懈械 0,013423 0,000054
斜褘褋褌褉褘泄 1,714798 0,006915
褏芯褉芯褕懈泄 1,059392 0,002136
蟹屑械褟 2,708050 0,002730
胁泻褍褋薪褘泄 1,752539 0,001767
胁泻芯薪褌邪泻褌械 0,013423 0,000027
谢芯谐懈薪 0,013423 0,000014
斜谢褞写褉械褑械锌褌 3,218876 0,003245
泻芯薪褎懈写械薪褑懈邪谢褜薪芯褋褌褜 0,013423 0,000054
薪邪褉褍褕械薪懈械 0,013423 0,000041
薪邪胁褋械谐写邪 0,013423 0,000014
泻芯褉械泄褋泻懈泄 3,218876 0,003245
蟹邪斜邪胁薪褘泄 4,317488 0,004352
写械泄褋褌胁懈械 0,013423 0,000014
褉械谢懈蟹 0,013423 0,000014
薪邪蟹邪写 0,013423 0,000068
褋锌懈褋芯泻 0,013423 0,000014
胁褘锌械褔泻懈褉械褑械锌褌 3,401197 0,006857
芯斜褟蟹邪褌械谢褜薪褘泄 0,013423 0,000095
芯褕懈斜泻邪 0,013423 0,000041
褎褉懈泻邪写械谢褜泻邪 4,317488 0,004352
胁芯锌褉芯褋 0,006689 0,000027
蟹褍斜芯胁褋泻懈泄 0,013423 0,000027
蟹邪锌芯谢薪懈褌褜 0,013423 0,000095
褌褉邪写懈褑懈褟 1,919593 0,001935
胁邪褕 0,013423 0,000217
懈屑褟 0,013423 0,000068
褎褉邪薪褑褍蟹褋泻懈泄 2,445686 0,002465
斜谢褞写芯 1,609438 0,008112
褕胁械泄褑邪褉褋泻懈泄 3,401197 0,003429
褋褉芯泻 0,013423 0,000027
褉械褑械锌褌褘械写邪锌褉芯写褍泻褌褘褋邪谢邪褌锌褉芯褋褌褘泄 5,010635 0,005051
芯褋薪芯胁邪薪懈械 0,013423 0,000014
懈蟹写邪薪懈械 0,013423 0,000014
斜褍谢褜胁邪褉 0,013423 0,000027
褋械褌械胁芯泄 0,013423 0,000014
泻褍褏薪懈褉械褑械锌褌 2,612740 0,013169
懈褋锌芯谢褜蟹芯胁邪薪懈械 0,013423 0,000014
褎懈谢褜褌褉褘褋泻褉褘褌褜 3,624341 0,003654
胁薪芯胁褜 0,013423 0,000014
薪械写械谢褟 1,181994 0,001192
褋屑械薪懈褌褜 0,013423 0,000014
屑邪褌械褉懈邪谢 0,013423 0,000122
褋懈屑胁芯谢 2,813411 0,002836
褍褔邪褋褌胁芯胁邪褌褜 0,013423 0,000027
褋芯芯斜褖懈褌褜 0,013423 0,000014
褔械褕褋泻懈泄 3,401197 0,003429
械胁褉芯锌械泄褋泻懈泄 1,791759 0,009031
斜褘褌褜 0,013423 0,000014
锌芯褕邪谐芯胁褘泄 1,455287 0,005868
褍褋锌械褕薪芯 0,013423 0,000014
褋泻褉懈薪褕芯褌 0,013423 0,000041
懈褋褌械褔褜 0,013423 0,000014
谢械薪褌邪 0,006689 0,000013
锌褉懈谐芯褌芯胁懈褌褜 1,643339 0,004970
蟹懈屑薪懈泄 1,919593 0,001935
褋褎械褉邪 0,013423 0,000014
褝谢械泻褌褉芯薪薪褘泄 0,013423 0,000014
屑械褋褟褑 1,003302 0,001011
褋胁懈写械褌械谢褜褋褌胁芯 0,013423 0,000014
泻芯屑屑械薪褌懈褉芯胁邪薪懈械 0,013423 0,000027
斜谢芯泻懈褉芯胁邪褌褜褋褟 0,013423 0,000014
屑懈薪褍褌褉械褑械锌褌褘泻褍谢懈薪邪褉懈褟锌褉芯褋褌褘泄 5,010635 0,005051
邪胁芯泻邪写芯 3,218876 0,003245
褌邪泄褋泻懈泄 3,401197 0,003429
锌褉邪胁懈谢芯 0,013423 0,000068
褋芯褏褉邪薪懈褌褜 0,013423 0,000014
锌褉懈屑械薪械薪懈械 0,013423 0,000027
胁蟹邪懈屑芯写械泄褋褌胁懈械 0,013423 0,000027
写邪褌褜 0,013423 0,000027
锌褉械褋褋 0,013423 0,000014
褋芯谐谢邪褋薪褘泄 0,013423 0,000041
锌械褉褋芯薪邪谢褜薪褘泄 0,013423 0,000108
泻褍谢懈薪邪褉懈褟 2,371578 0,002391
锌械褉械褌褟薪褍褌褜 0,013423 0,000014
薪械屑械褑泻懈泄 2,708050 0,002730
褌芯褉褌芯胁褘泄 3,218876 0,003245
褋芯械胁褘泄 3,624341 0,003654
褋屑芯褔褜 0,006689 0,000007
懈褋锌芯谢褜蟹芯胁邪褌褜褋褟 0,006689 0,000007
谐芯褌芯胁褘泄 0,006689 0,000013
写邪褌邪 0,006689 0,000007
褋芯褔薪褘泄 2,525729 0,005092
芯写薪芯泻谢邪褋褋薪懈泻 0,013423 0,000027
薪械写芯锌褍褋褌懈屑褘泄 0,013423 0,000014
胁褘 0,013423 0,000014
褉械褑械锌褌褘泻褍谢懈薪邪褉懈褟械写邪锌褉芯褋褌褘泄 3,401197 0,003429
褎懈芯 0,013423 0,000014
胁芯褋褋褌邪薪芯胁懈褌褜 0,013423 0,000014
锌芯卸邪谢褍泄褋褌邪 0,013423 0,000014
褋褌芯谢 1,832581 0,001847
胁械褉褋懈褟 0,013423 0,000014
薪懈卸械 0,013423 0,000041
褉芯褋褋懈褟 0,006689 0,000047
锌褉芯褋褌芯泄 1,272966 0,007699
谐芯褉褟褔懈泄 1,966113 0,001982
蟹邪褉械谐懈褋褌褉懈褉芯胁邪褌褜 0,013423 0,000014
褋邪泄褌 0,013423 0,000041
锌芯谢械 0,013423 0,000108
邪屑械褉懈泻邪薪褋泻懈泄 1,966113 0,001982
褋谢邪写芯褋褌褜 2,445686 0,002465
锌芯谢械蟹薪褘泄 0,143101 0,000144
谐邪谢芯褔泻邪 0,013423 0,000014
褋谢芯卸薪褘泄 1,966113 0,001982
蟹邪斜谢芯泻懈褉芯胁邪褌褜 0,013423 0,000027
锌械褉械褌邪褖懈褌褜 0,013423 0,000041
锌芯写写械褉卸懈胁邪械褌褋褟锌芯谢褍褔懈褌褜 0,013423 0,000014
褉械褑械锌褌褘泻褍谢懈薪邪褉懈褟褋邪谢邪褌械写邪锌褉芯写褍泻褌褘锌褉芯褋褌褘泄 5,010635 0,005051
邪写褉械褋 0,013423 0,000068
写褉褍谐芯泄 0,013423 0,000041
褋芯芯褌胁械褌褋褌胁懈械 0,013423 0,000027
泻褉械胁械褌泻邪 2,813411 0,002836
褍薪懈褌邪褉薪褘泄 0,013423 0,000041
写邪胁邪褌褜 0,013423 0,000027
芯褌锌褉邪胁泻邪 0,013423 0,000014
泻邪斜邪褔泻芯胁褘泄 3,912023 0,003944
蟹邪谐褉褍蟹懈褌褜 0,013423 0,000027
薪邪锌褉邪胁谢械薪懈械 0,013423 0,000014
褌械谢械褎芯薪 0,013423 0,000014
屑械写懈褑懈薪邪 4,317488 0,004352
褉械写邪泻褑懈褟 0,013423 0,000041
锌械褉械泻褍褋 3,064725 0,006179
锌褉邪蟹写薪懈泻 1,427116 0,002877
写芯谢卸薪褘泄 0,013423 0,000014
邪胁褌芯褉 0,013423 0,000014
褋褌邪褉褘泄 0,013423 0,000014
褋芯芯斜褖械薪懈械 0,013423 0,000189
锌芯谢褜蟹邪 2,302585 0,002321
泻褉邪斜芯胁褘泄 2,931194 0,002955
蟹邪泻褍褋芯泻锌褉芯褋褌芯泄 3,912023 0,003944
锌芯写褌胁械褉写懈褌褜 0,013423 0,000014
谢械斜械写械胁锌褉芯褋褌褘泄 5,010635 0,005051
锌芯卸邪褉懈褌褜 5,010635 0,005051
谐褉褍蟹懈薪褋泻懈泄 2,813411 0,002836
锌芯谢褟薪邪 4,317488 0,004352
泻褍褏薪懈褉械褑械锌褌褘褉械褑械锌褌 3,912023 0,003944
谐褉械褔械褋泻懈泄 2,612740 0,002634
邪胁褌芯褉懈蟹邪褑懈褟 0,013423 0,000014
褉械泄褌懈薪谐 0,006689 0,000007
褎芯褉屑邪 0,013423 0,000176
屑懈薪褍褌锌褉邪蟹写薪懈泻懈褉械褑械锌褌 5,010635 0,005051
邪褉芯屑邪褌薪褘泄 2,302585 0,004642
褋褌邪褌褜褟 0,013423 0,000014
芯褉懈谐懈薪邪谢褜薪褘泄 2,238047 0,004512
邪蟹懈邪褌褋泻懈泄 3,218876 0,003245
褉械写邪泻褌芯褉 0,013423 0,000014
胁芯褋褌芯褔薪褘泄 2,708050 0,005460
泻芯薪褌邪泻褌 0,013423 0,000014
褌械屑邪 0,013423 0,000041
谐芯褋褍写邪褉褋褌胁械薪薪褘泄 0,013423 0,000041
屑懈薪褍褌锌褉邪蟹写薪懈泻懈锌褉芯褋褌褘泄 5,010635 0,005051
写懈褋泻褍褋褋懈褟 0,013423 0,000027
邪锌锌械褌懈褌薪褘泄 3,401197 0,003429
邪卸褍褉薪褘泄 3,218876 0,003245
褋胁褟蟹邪薪薪褘泄 0,013423 0,000027
褋谢褍卸斜邪 0,006689 0,000007
褉懈邪 0,006689 0,000013
屑懈薪褍褌屑邪褋谢械薪懈褑邪斜谢懈薪褘褉械褑械锌褌 5,010635 0,005051
蟹邪屑械褌懈褌褜 0,013423 0,000014
蟹邪泻褉褘褌褘泄 0,013423 0,000014
芯斜褉邪褖邪褌褜 0,013423 0,000014
褉械泻芯屑械薪写邪褌械谢褜薪褘泄 0,013423 0,000014
褉邪蟹薪褘泄 1,484275 0,001496
谐芯写 0,006689 0,000040
泻褍褏薪褟 1,576648 0,066753
褌芯屑邪褌薪褘泄 3,401197 0,003429
屑械卸写褍薪邪褉芯写薪褘泄 0,013423 0,000041
邪谐械薪褌褋褌胁芯 0,013423 0,000054
锌褉懈谐芯褌芯胁谢械薪懈械 1,484275 0,011970
斜谢懈薪 2,014903 0,008125
褋械屑褜 2,708050 0,002730
褉械褑械锌褌褘泻褍谢懈薪邪褉懈褟械写邪锌褉芯写褍泻褌褘锌褉芯褋褌褘泄 5,010635 0,005051
邪胁褌芯褉懈蟹芯胁邪褌褜褋褟 0,013423 0,000027
锌械谢褜屑械薪褜 3,912023 0,003944
屑懈薪褍褌褉芯褋褋懈褟锌褉芯褋褌褘泄 5,010635 0,005051
胁褘斜褉邪褌褜 0,013423 0,000041
褋械谐芯写薪褟 0,013423 0,000068
褋褌褉邪薪邪 1,139434 0,001149
锌褉芯褋懈褌褜 0,013423 0,000014
褔械褋薪芯泻 2,612740 0,002634
屑懈薪褍褌褉械褑械锌褌褘邪薪写褉械泄 5,010635 0,005051
薪芯胁褘械褋薪邪褔邪谢邪 0,013423 0,000014
褕邪锌泻邪 0,013423 0,000014
芯褌锌褉邪胁懈褌褜 0,013423 0,000189
锌褉芯写芯谢卸懈褌褜 0,006689 0,000007
褍蟹斜械泻褋泻懈泄 3,401197 0,003429
褉械褕械薪懈械 0,006689 0,000007
芯蟹薪邪泻芯屑懈褌褜 0,013423 0,000014
薪械芯斜褘褔薪褘泄 2,014903 0,002031
胁邪泻邪薪褋懈褟 0,013423 0,000014
屑褘 0,013423 0,000095
锌褉芯褋褌邪胁谢褟褌褜 0,013423 0,000014
褍褔邪褋褌懈械 0,006689 0,000007
邪泻泻邪褍薪褌 0,013423 0,000068
芯斜褋褍卸写械薪懈械 0,013423 0,000027
芯锌械褔邪褌泻邪 0,013423 0,000014
懈褋锌芯谢褜蟹芯胁邪褌褜 0,013423 0,000014
屑械泻褋懈泻邪薪褋泻懈泄 3,218876 0,003245
屑懈薪褍褌褉械褑械锌褌褘锌褉芯褋褌褘泄 5,010635 0,040408
芯薪谢邪泄薪 0,013423 0,000014
锌芯褔褌邪 0,013423 0,000095
斜谢芯泻懈褉芯胁泻邪 0,013423 0,000054
褉械褑械锌褌 1,118815 0,121806
芯褋褍褖械褋褌胁谢褟褌褜褋褟 0,013423 0,000014
邪褉邪斜褋泻懈泄 3,218876 0,003245
邪锌褉械谢褜 0,013423 0,000014
泻邪褌械谐芯褉懈褟 1,576648 0,001589
褎邪屑懈谢懈褟 0,013423 0,000014
蟹邪泻褍褋芯泻褉械褑械锌褌 2,708050 0,005460
褟薪写械泻褋 0,013423 0,000027
褏谢械斜 2,371578 0,002391
屑懈薪褍褌泻褍谢懈薪邪褉懈褟械写邪褉械褑械锌褌褘锌褉芯褋褌褘泄 5,010635 0,005051
褍褉芯胁械薪褜 2,014903 0,002031
褏芯谢芯写薪褘泄 2,066196 0,002083
谢懈斜芯 0,013423 0,000014
薪邪锌懈褌芯泻 2,371578 0,004781
褎械写械褉邪谢褜薪褘泄 0,013423 0,000054
薪邪卸懈屑邪褌褜 0,013423 0,000014
泻褍褏薪懈褉械褑械锌褌褘薪芯胁芯谐芯写薪懈泄 3,912023 0,003944
泻芯谢斜邪褋邪 3,064725 0,003089
锌芯懈褋泻 0,013423 0,000014
械胁褉芯锌邪褉芯褋褋懈褟褉邪褋褌械薪懈褟泻褍谢懈薪邪褉懈褟锌褉芯褋褌褘泄 5,010635 0,005051
褉械褑械锌褌褘锌褉芯褋褌芯泄 2,813411 0,008508
锌芯锌褉芯斜芯胁邪褌褜 0,013423 0,000014
蟹邪锌芯谢薪械薪懈械 0,013423 0,000095
写械褋械褉褌芯胁褉械褑械锌褌 3,401197 0,006857
胁薪懈屑邪薪懈械 0,013423 0,000014
锌褉懈薪懈屑邪褌褜 0,013423 0,000014
懈薪写懈泄褋泻懈泄 3,401197 0,003429
胁褘锌褍褋泻 0,013423 0,000014
屑懈薪褍褌泻邪胁泻邪蟹胁芯褋褌芯褔薪褘泄 5,010635 0,005051
薪邪写蟹芯褉 0,013423 0,000014
锌褉械写锌褉懈褟褌懈械 0,013423 0,000041
褋锌芯褋芯斜 0,013423 0,000027
褌械褉锌泻懈泄 3,624341 0,003654
褌胁芯褉芯卸薪褘泄 3,218876 0,003245
芯斜褉邪褌薪褘泄 0,013423 0,000095
锌褉芯懈蟹芯泄褌懈 0,013423 0,000014
胁褌芯褉芯泄 1,427116 0,001439
锌械褔械薪懈械 3,218876 0,006490
褏褉褍褋褌械褌褜 3,064725 0,003089
