специальный 1,514128 0,006663
законный 0,013423 0,000015
новый 0,006689 0,000015
день 0,591795 0,001953
разведка 3,401197 0,007483
найти 0,013423 0,000015
письмо 0,013423 0,000030
спасибо 0,013423 0,000015
выйти 2,371578 0,002609
расширить 0,006689 0,000007
согласие 0,013423 0,000030
центр 0,166448 0,000183
удар 2,120264 0,002333
доступ 0,013423 0,000030
миа 0,013423 0,000103
украинев 3,401197 0,003742
боксёрский 4,317488 0,004750
задать 0,013423 0,000015
связаться 0,013423 0,000089
декабрь 0,985284 0,002168
жертва 2,813411 0,003095
дополнительно 3,624341 0,003987
человек 1,118815 0,001231
г 0,013423 0,000030
помещение 3,624341 0,003987
реклама 0,013423 0,000030
фото 0,013423 0,000044
политика 0,013423 0,000074
связь 0,006689 0,000059
иностранный 2,177422 0,004791
о 0,013423 0,000015
организовывать 5,010635 0,005512
течение 0,013423 0,000015
знакомый 3,064725 0,003372
запас 3,401197 0,003742
сила 1,455287 0,006404
мир 0,223144 0,000982
пройти 0,006689 0,000015
заголовок 0,013423 0,000030
успеть 3,218876 0,003541
информационный 0,013423 0,000059
дело 1,249435 0,001375
рассмотреть 0,013423 0,000015
расположить 0,013423 0,000030
время 0,013423 0,000044
называть 2,120264 0,004665
кнопка 0,013423 0,000015
командование 5,010635 0,011025
соцсеть 3,912023 0,004304
ранее 0,013423 0,000015
подкаст 0,292136 0,000321
главный 0,013423 0,000015
проблема 0,013423 0,000015
режим 2,066196 0,002273
данные 0,013423 0,000118
леала 5,010635 0,011025
пьяный 2,612740 0,002874
украина 1,160488 0,016597
город 0,013423 0,000015
разблокировать 0,013423 0,000044
фотография 0,013423 0,000015
погибнуть 3,218876 0,007082
час 0,013423 0,000030
чат 0,013423 0,000030
новостеймолния 0,013423 0,000015
написать 0,013423 0,000015
соглашаться 0,013423 0,000015
сначала 0,013423 0,000015
робинсон 5,010635 0,005512
показать 0,013423 0,000015
пароль 0,013423 0,000162
вооружённый 2,014903 0,006650
удалить 0,013423 0,000059
вход 0,013423 0,000030
читать 0,791128 0,000870
описать 0,013423 0,000015
минобороны 2,525729 0,005557
размещение 0,013423 0,000015
сколько 0,006689 0,000007
один 1,098612 0,001209
повреждение 3,401197 0,003742
иметь 1,544899 0,001700
подтверждать 0,013423 0,000015
солдат 3,912023 0,004304
гаврилов 0,013423 0,000015
учредитель 0,013423 0,000015
часть 1,373049 0,001511
выход 3,218876 0,003541
ссылка 0,013423 0,000059
коммуникация 0,013423 0,000015
журналист 3,064725 0,003372
консульство 5,010635 0,005512
минута 1,226446 0,001349
мой 0,013423 0,000074
часто 2,371578 0,005218
архив 0,190354 0,000209
помочь 0,013423 0,000015
отобрать 4,317488 0,004750
описание 0,013423 0,000015
метод 2,931194 0,003225
процесс 0,013423 0,000015
южный 2,931194 0,003225
роскомнадзор 0,013423 0,000015
технология 0,013423 0,000030
наниматель 4,317488 0,004750
видимый 5,010635 0,005512
выплачивать 3,624341 0,003987
комфортный 3,218876 0,003541
москва 0,006689 0,000022
воспользоваться 0,013423 0,000059
компенсация 3,218876 0,003541
штурмовой 5,010635 0,005512
становиться 2,177422 0,002395
подорваться 5,010635 0,005512
смерть 2,612740 0,002874
бразилия 3,912023 0,034429
опыт 2,931194 0,003225
ноябрь 1,514128 0,003331
сослуживец 5,010635 0,005512
далее 0,013423 0,000030
утром 3,218876 0,003541
доноситься 5,010635 0,005512
крик 5,010635 0,005512
забить 2,931194 0,029022
хотеть 0,006689 0,000007
открывать 0,013423 0,000030
перейти 0,013423 0,000015
насмерть 3,401197 0,033675
рота 5,010635 0,005512
обращение 0,013423 0,000059
операция 1,752539 0,007712
подразделение 2,813411 0,006190
спецпроект 0,190354 0,000209
массовый 0,013423 0,000015
обработка 0,013423 0,000074
это 0,013423 0,000015
украинский 1,576648 0,001734
слово 1,514128 0,003331
новость 0,006689 0,000096
наслать 2,445686 0,002691
верёвка 5,010635 0,005512
зарегистрироваться 0,013423 0,000074
пожаловаться 0,006689 0,000015
войти 0,006689 0,000029
улица 2,612740 0,002874
предлог 3,912023 0,004304
наёмник 3,064725 0,047201
звук 4,317488 0,004750
относиться 2,371578 0,002609
эл 0,013423 0,000015
радио 0,274437 0,000302
дзен 0,851752 0,000937
защита 0,013423 0,000059
воздействие 3,624341 0,003987
регистрация 0,013423 0,000074
минимум 2,371578 0,002609
обещание 4,317488 0,004750
почему 0,013423 0,000030
леандерсон 5,010635 0,005512
восстановление 0,013423 0,000059
бразилец 5,010635 0,016537
хороший 1,059392 0,001165
заключить 3,064725 0,003372
воевать 2,813411 0,006190
вконтакте 0,013423 0,000030
логин 0,013423 0,000015
силва 5,010635 0,033074
конфиденциальность 0,013423 0,000059
нарушение 0,013423 0,000044
навсегда 0,013423 0,000015
контейнер 3,218876 0,007082
действие 0,013423 0,000015
релиз 0,013423 0,000015
офицер 3,401197 0,007483
назад 0,013423 0,000074
паулино 5,010635 0,011025
ночь 2,708050 0,002979
первый 0,883501 0,000972
список 0,013423 0,000015
настроение 3,624341 0,003987
след 4,317488 0,004750
обязательный 0,013423 0,000103
ошибка 0,013423 0,000044
жестокий 3,912023 0,008607
вопрос 0,006689 0,000029
зубовский 0,013423 0,000030
заполнить 0,013423 0,000103
новобранец 5,010635 0,005512
ваш 0,013423 0,000236
имя 0,013423 0,000089
общество 0,257045 0,000283
главное 1,609438 0,003541
скончаться 5,010635 0,005512
заманивать 5,010635 0,005512
больший 2,014903 0,002217
срок 0,013423 0,000030
основание 0,013423 0,000015
издание 0,013423 0,000044
бульвар 0,013423 0,000030
поединок 3,912023 0,004304
сетевой 0,013423 0,000015
бразильский 3,401197 0,037417
использование 0,013423 0,000015
фев 1,399717 0,001540
вновь 0,013423 0,000015
сменить 0,013423 0,000015
увольнение 3,912023 0,004304
материал 0,013423 0,000118
участвовать 0,013423 0,000044
сообщить 0,013423 0,000015
быть 0,013423 0,000015
аналитик 3,064725 0,003372
успешно 0,013423 0,000015
скриншот 0,013423 0,000044
истечь 0,013423 0,000015
боевой 3,218876 0,007082
лента 0,006689 0,000015
двадцативосьмилетний 5,010635 0,005512
расположение 4,317488 0,014249
собеседник 3,064725 0,003372
сфера 0,013423 0,000015
электронный 0,013423 0,000015
спорт 0,190354 0,000209
ряд 2,612740 0,002874
подчинённый 5,010635 0,005512
свидетельство 0,013423 0,000015
четыре 2,302585 0,002533
комментирование 0,013423 0,000030
пушечный 5,010635 0,005512
блокироваться 0,013423 0,000015
протяжение 3,624341 0,003987
плохо 3,401197 0,003742
правило 0,013423 0,000089
сохранить 0,013423 0,000015
гонорар 5,010635 0,005512
применение 0,013423 0,000030
взаимодействие 0,013423 0,000030
существующий 3,401197 0,003742
дать 0,013423 0,000030
пресс 0,013423 0,000030
согласный 0,013423 0,000044
персональный 0,013423 0,000118
перетянуть 0,013423 0,000015
киевский 2,931194 0,003225
смочь 0,006689 0,000007
использоваться 0,006689 0,000015
готовый 0,006689 0,000015
дата 0,006689 0,000007
вернуться 2,445686 0,005381
пытка 4,317488 0,009499
одноклассник 0,013423 0,000030
недопустимый 0,013423 0,000015
вы 0,013423 0,000015
фио 0,013423 0,000015
восстановить 0,013423 0,000015
пожалуйста 0,013423 0,000015
паспорт 2,525729 0,002779
цель 1,966113 0,002163
версия 0,013423 0,000015
ниже 0,013423 0,000044
узнать 2,014903 0,002217
россия 0,006689 0,000088
легион 5,010635 0,011025
тег 0,190354 0,000209
непримечательный 5,010635 0,005512
зарегистрировать 0,013423 0,000015
январь 1,040343 0,001144
увести 5,010635 0,005512
сайт 0,013423 0,000044
поле 0,013423 0,000118
латиноамериканец 5,010635 0,005512
погибать 5,010635 0,005512
полезный 0,143101 0,000157
галочка 0,013423 0,000015
заблокировать 0,013423 0,000030
перетащить 0,013423 0,000044
положить 1,966113 0,002163
туризм 0,283247 0,000312
поддерживаетсяполучить 0,013423 0,000015
отметина 5,010635 0,005512
адрес 0,013423 0,000074
запястье 5,010635 0,005512
другой 0,013423 0,000044
соответствие 0,013423 0,000030
унитарный 0,013423 0,000044
оставаться 2,238047 0,002462
давать 0,013423 0,000030
отправка 0,013423 0,000015
загрузить 0,013423 0,000030
направление 0,013423 0,000015
кандидат 3,218876 0,003541
телефон 0,013423 0,000015
регулярно 3,401197 0,003742
редакция 0,013423 0,000044
наказание 3,218876 0,007082
должный 0,013423 0,000015
число 1,643339 0,001808
превысить 5,010635 0,005512
говориться 2,371578 0,002609
автор 0,013423 0,000015
старый 0,013423 0,000015
сообщение 0,013423 0,000207
побои 5,010635 0,005512
происшествие 0,292136 0,000321
подтвердить 0,013423 0,000015
обновить 0,985284 0,001084
командовать 5,010635 0,005512
авторизация 0,013423 0,000015
религия 0,283247 0,000312
рейтинг 0,006689 0,000007
форма 0,013423 0,000177
культура 0,292136 0,000321
дисциплинарный 4,317488 0,004750
статья 0,013423 0,000030
родственник 3,912023 0,004304
недвижимость 0,292136 0,000321
редактор 0,013423 0,000015
фгуп 0,499776 0,002749
мясо 2,445686 0,002691
контакт 0,013423 0,000015
габриэль 5,010635 0,016537
тема 0,013423 0,000044
леал 5,010635 0,022049
объяснить 2,612740 0,002874
сервис 0,174353 0,000192
государственный 0,013423 0,000044
дискуссия 0,013423 0,000030
около 2,177422 0,002395
очевидец 5,010635 0,005512
связанный 0,013423 0,000030
служба 0,006689 0,000015
вмс 4,317488 0,009499
риа 0,006689 0,000081
заметить 0,013423 0,000015
тело 2,612740 0,002874
закрытый 0,013423 0,000015
обращать 0,013423 0,000015
рекомендательный 0,013423 0,000015
разный 1,484275 0,001633
год 0,006689 0,000007
контракт 3,624341 0,007974
международный 0,013423 0,000044
управление 2,371578 0,005218
решить 1,919593 0,002112
который 0,603916 0,001993
агентство 0,013423 0,000059
следующий 1,427116 0,001570
авторизоваться 0,013423 0,000030
выбрать 0,013423 0,000044
рассказать 0,933098 0,003080
сегодня 0,013423 0,000148
просить 0,013423 0,000015
оттуда 3,912023 0,004304
америка 2,708050 0,002979
новыесначала 0,013423 0,000015
казарма 5,010635 0,005512
несколько 1,544899 0,001700
заставить 3,064725 0,003372
шапка 0,013423 0,000015
отправить 0,013423 0,000207
продолжить 0,006689 0,000007
решение 0,006689 0,000007
собираться 2,813411 0,003095
фариназу 5,010635 0,005512
ознакомить 0,013423 0,000015
военный 1,514128 0,006663
соцсетибруно 5,010635 0,005512
вакансия 0,013423 0,000015
опоздание 5,010635 0,005512
мы 0,013423 0,000103
проставлять 0,013423 0,000015
участие 0,006689 0,000007
аккаунт 0,013423 0,000074
экономика 0,292136 0,000321
тот 1,576648 0,001734
обсуждение 0,013423 0,000030
опечатка 0,013423 0,000015
использовать 0,013423 0,000015
проучить 5,010635 0,005512
бруно 4,317488 0,009499
онлайн 0,013423 0,000015
почта 0,013423 0,000103
блокировка 0,013423 0,000059
писать 1,752539 0,003856
осуществляться 0,013423 0,000015
киев 1,832581 0,026209
апрель 0,013423 0,000015
вскоре 4,317488 0,004750
фамилия 0,013423 0,000015
гибель 3,624341 0,003987
подписать 2,612740 0,002874
яндекс 0,013423 0,000030
либо 0,013423 0,000015
федеральный 0,013423 0,000059
нажимать 0,013423 0,000015
командир 3,912023 0,004304
бой 2,445686 0,002691
он 3,064725 0,003372
гур 4,317488 0,004750
поиск 0,013423 0,000015
миреукраинакиевбразилиявооруженный 5,010635 0,005512
всу 2,238047 0,009848
попробовать 0,013423 0,000015
заполнение 0,013423 0,000103
внимание 0,013423 0,000015
принимать 0,013423 0,000015
условие 1,321756 0,001454
выпуск 0,013423 0,000015
надзор 0,013423 0,000015
предприятие 0,013423 0,000044
способ 0,013423 0,000030
наука 0,283247 0,000312
какой 1,399717 0,001540
обратный 0,013423 0,000103
продукт 0,135438 0,000149
произойти 0,013423 0,000015
источник 1,966113 0,002163
