польский 2,708050 0,002860
масленица 2,120264 0,002239
законный 0,013423 0,000014
новый 0,006689 0,000028
день 0,591795 0,001250
австрийский 3,218876 0,003399
найти 0,013423 0,000014
туризмгрузияближний 5,010635 0,005291
письмо 0,013423 0,000028
испанский 3,218876 0,003399
спасибо 0,013423 0,000014
расширить 0,006689 0,000007
согласие 0,013423 0,000028
важный 1,297063 0,001370
доступ 0,013423 0,000028
миа 0,013423 0,000028
задать 0,013423 0,000014
связаться 0,013423 0,000085
майский 3,218876 0,003399
сладкий 2,302585 0,002431
г 0,013423 0,000028
тестовый 3,218876 0,003399
реклама 0,013423 0,000014
фото 0,013423 0,000014
политика 0,013423 0,000057
связь 0,006689 0,000057
о 0,013423 0,000014
течение 0,013423 0,000014
паназиатский 3,401197 0,003592
китайкский 3,401197 0,003592
суп 2,302585 0,004863
огурчик 5,010635 0,005291
готовка 1,919593 0,002027
весь 1,021651 0,001079
пройти 0,006689 0,000007
заголовок 0,013423 0,000028
информационный 0,013423 0,000057
русский 1,118815 0,005907
сложность 2,371578 0,002504
освежать 2,612740 0,002759
итальянский 2,813411 0,002971
петербургсладкоедесертрецепт 5,010635 0,005291
цветной 3,064725 0,003236
рассмотреть 0,013423 0,000014
капуста 2,708050 0,002860
расположить 0,013423 0,000028
время 0,013423 0,000043
кнопка 0,013423 0,000014
обед 3,912023 0,004131
кавказка 3,401197 0,003592
десерт 2,525729 0,005334
ранее 0,013423 0,000014
главный 0,013423 0,000014
проблема 0,013423 0,000014
данные 0,013423 0,000113
турецкий 3,401197 0,003592
выпечка 2,612740 0,002759
белорусский 3,218876 0,003399
город 0,013423 0,000014
разблокировать 0,013423 0,000043
вкусно 2,813411 0,002971
фотография 0,013423 0,000014
кондитер 3,401197 0,003592
армянский 2,708050 0,002860
час 0,013423 0,000071
чат 0,013423 0,000028
легко 1,791759 0,032165
молочный 2,931194 0,003095
новостеймолния 0,013423 0,000014
написать 0,013423 0,000014
соглашаться 0,013423 0,000014
сначала 0,013423 0,000014
вьетнамский 3,218876 0,003399
родить 3,218876 0,003399
царствоватьгастрономиякулинариякультуракультура 5,010635 0,005291
показать 0,013423 0,000014
зимурецепт 4,317488 0,004559
основный 1,791759 0,003784
пароль 0,013423 0,000156
салатоврецепт 3,624341 0,003827
удалить 0,013423 0,000057
пирог 3,064725 0,006472
вход 0,013423 0,000028
описать 0,013423 0,000014
размещение 0,013423 0,000014
сколько 0,006689 0,000007
скандинавский 3,401197 0,003592
соус 2,525729 0,010668
гарнир 3,218876 0,003399
британский 2,371578 0,002504
интересный 2,177422 0,002299
бутерброд 2,525729 0,005334
подтверждать 0,013423 0,000014
туризмёд 5,010635 0,005291
гаврилов 0,013423 0,000014
учредитель 0,013423 0,000014
последний 0,899761 0,000950
еврейский 3,218876 0,003399
ссылка 0,013423 0,000057
коммуникация 0,013423 0,000014
минута 1,226446 0,023312
мой 0,013423 0,000071
помочь 0,013423 0,000014
салат 2,120264 0,004478
повелевать 3,912023 0,004131
описание 0,013423 0,000014
процесс 0,013423 0,000014
средиземноморский 3,218876 0,003399
курица 2,931194 0,009286
роскомнадзор 0,013423 0,000014
куриный 2,371578 0,002504
технология 0,013423 0,000028
духовка 2,708050 0,002860
москва 0,006689 0,000014
воспользоваться 0,013423 0,000057
вечер 2,931194 0,003095
востокзакавказьешашлыкрецепт 5,010635 0,005291
португальский 3,401197 0,003592
екатерина 2,445686 0,002583
закуска 2,302585 0,007294
сливка 2,931194 0,003095
далее 0,013423 0,000028
шашлык 3,218876 0,003399
кулич 3,218876 0,003399
глинтвейн 3,912023 0,004131
сковорода 2,525729 0,002667
рецептырецепт 1,875141 0,011881
хотеть 0,006689 0,000007
сытный 2,612740 0,002759
открывать 0,013423 0,000028
перейти 0,013423 0,000014
японский 2,931194 0,003095
рецептырецептырецептырецепт 5,010635 0,005291
сыр 2,708050 0,008579
рецептырецептырецепт 5,010635 0,037037
африканский 3,064725 0,003236
блиноврецепт 5,010635 0,005291
нежный 2,177422 0,004599
часарецепт 2,813411 0,002971
обращение 0,013423 0,000043
голень 3,912023 0,004131
малосольный 4,317488 0,004559
массовый 0,013423 0,000014
обработка 0,013423 0,000071
это 0,013423 0,000014
украинский 1,576648 0,001665
куличейкулич 5,010635 0,005291
новость 0,006689 0,000028
варение 3,218876 0,003399
йогурт 3,401197 0,003592
зарегистрироваться 0,013423 0,000071
горчичный 4,317488 0,004559
пожаловаться 0,006689 0,000007
средний 1,832581 0,001935
войти 0,006689 0,000028
мясопростой 5,010635 0,005291
эл 0,013423 0,000014
защита 0,013423 0,000057
регистрация 0,013423 0,000071
клубника 3,624341 0,003827
почему 0,013423 0,000014
восстановление 0,013423 0,000057
быстрый 1,714798 0,003622
хороший 1,059392 0,001119
вкусный 1,752539 0,001851
вконтакте 0,013423 0,000028
шашлыкаовощикуда 5,010635 0,005291
логин 0,013423 0,000014
блюдрецепт 3,218876 0,003399
конфиденциальность 0,013423 0,000057
нарушение 0,013423 0,000043
навсегда 0,013423 0,000014
корейский 3,218876 0,003399
минутрецепт 2,708050 0,008579
действие 0,013423 0,000014
релиз 0,013423 0,000014
назад 0,013423 0,000071
список 0,013423 0,000014
пост 2,302585 0,002431
выпечкирецепт 3,401197 0,007183
обязательный 0,013423 0,000099
ошибка 0,013423 0,000043
фрикаделька 4,317488 0,004559
вопрос 0,006689 0,000028
зубовский 0,013423 0,000028
заполнить 0,013423 0,000099
традиция 1,919593 0,002027
ваш 0,013423 0,000227
имя 0,013423 0,000071
французский 2,445686 0,002583
бекон 3,912023 0,004131
блюдо 1,609438 0,005099
швейцарский 3,401197 0,003592
срок 0,013423 0,000028
основание 0,013423 0,000014
издание 0,013423 0,000014
бульвар 0,013423 0,000028
сетевой 0,013423 0,000014
кухнирецепт 2,612740 0,002759
использование 0,013423 0,000014
фильтрыскрыть 3,624341 0,003827
вновь 0,013423 0,000014
неделя 1,181994 0,001248
самый 0,967584 0,002043
сменить 0,013423 0,000014
материал 0,013423 0,000128
участвовать 0,013423 0,000028
сообщить 0,013423 0,000014
чешский 3,401197 0,003592
европейский 1,791759 0,001892
быть 0,013423 0,000014
пошаговый 1,455287 0,003073
успешно 0,013423 0,000014
скриншот 0,013423 0,000043
трапеза 3,624341 0,003827
истечь 0,013423 0,000014
блинчик 3,401197 0,003592
лента 0,006689 0,000014
зимний 1,919593 0,002027
сфера 0,013423 0,000014
электронный 0,013423 0,000014
месяц 1,003302 0,001059
коктейль 3,624341 0,003827
свидетельство 0,013423 0,000014
комментирование 0,013423 0,000028
рецептыпасхароссиярелигиозный 5,010635 0,005291
блокироваться 0,013423 0,000014
тайский 3,401197 0,003592
правило 0,013423 0,000085
сохранить 0,013423 0,000014
рецептыпраздникирецепт 5,010635 0,005291
применение 0,013423 0,000014
взаимодействие 0,013423 0,000028
дать 0,013423 0,000028
пресс 0,013423 0,000014
согласный 0,013423 0,000043
персональный 0,013423 0,000113
перетянуть 0,013423 0,000014
немецкий 2,708050 0,002860
тортовый 3,218876 0,003399
картофель 2,445686 0,005165
соевый 3,624341 0,003827
смочь 0,006689 0,000007
использоваться 0,006689 0,000007
готовый 0,006689 0,000014
дата 0,006689 0,000007
сочный 2,525729 0,005334
традиционный 1,919593 0,002027
одноклассник 0,013423 0,000028
недопустимый 0,013423 0,000014
вы 0,013423 0,000014
фио 0,013423 0,000014
восстановить 0,013423 0,000014
пожалуйста 0,013423 0,000014
десертовпростый 3,912023 0,004131
просто 1,714798 0,001811
версия 0,013423 0,000014
ниже 0,013423 0,000043
россия 0,006689 0,000057
простой 1,272966 0,034949
горячий 1,966113 0,002076
рецептыпразднование 5,010635 0,005291
зарегистрировать 0,013423 0,000014
сайт 0,013423 0,000043
поле 0,013423 0,000113
американский 1,966113 0,002076
сладость 2,445686 0,002583
великий 2,120264 0,002239
галочка 0,013423 0,000014
сложный 1,966113 0,002076
заблокировать 0,013423 0,000028
перетащить 0,013423 0,000043
поддерживаетсяполучить 0,013423 0,000014
адрес 0,013423 0,000071
другой 0,013423 0,000043
соответствие 0,013423 0,000028
ананас 4,317488 0,004559
креветка 2,813411 0,002971
унитарный 0,013423 0,000043
давать 0,013423 0,000028
отправка 0,013423 0,000014
загрузить 0,013423 0,000028
направление 0,013423 0,000014
телефон 0,013423 0,000014
редакция 0,013423 0,000043
перекус 3,064725 0,006472
питание 2,302585 0,002431
праздник 1,427116 0,001507
должный 0,013423 0,000014
факт 2,302585 0,002431
туризмвкусимператрица 5,010635 0,005291
автор 0,013423 0,000014
старый 0,013423 0,000014
сообщение 0,013423 0,000198
лёгкий 2,120264 0,004478
пушкинроссиясанкт 5,010635 0,005291
подтвердить 0,013423 0,000014
грузинский 2,813411 0,002971
греческий 2,612740 0,002759
авторизация 0,013423 0,000014
рейтинг 0,006689 0,000007
форма 0,013423 0,000170
ароматный 2,302585 0,004863
статья 0,013423 0,000014
оригинальный 2,238047 0,002363
азиатский 3,218876 0,003399
редактор 0,013423 0,000014
важноефото 5,010635 0,005291
восточный 2,708050 0,002860
контакт 0,013423 0,000014
тема 0,013423 0,000043
государственный 0,013423 0,000043
дискуссия 0,013423 0,000028
фруктовый 3,218876 0,003399
праздникипродуктырецепт 5,010635 0,005291
аппетитный 3,401197 0,003592
связанный 0,013423 0,000028
служба 0,006689 0,000007
риа 0,006689 0,000014
заметить 0,013423 0,000014
закрытый 0,013423 0,000014
сходить 2,931194 0,003095
обращать 0,013423 0,000014
рекомендательный 0,013423 0,000014
разный 1,484275 0,001567
рецептыкультураекатерин 5,010635 0,005291
год 0,006689 0,000028
кухня 1,576648 0,064931
томатный 3,401197 0,003592
международный 0,013423 0,000043
май 1,643339 0,003471
агентство 0,013423 0,000057
приготовление 1,484275 0,003135
блин 2,014903 0,004255
авторизоваться 0,013423 0,000028
выбрать 0,013423 0,000043
сегодня 0,013423 0,000071
страна 1,139434 0,001203
просить 0,013423 0,000014
чеснок 2,612740 0,002759
масленицымасленицарецептырецепт 4,317488 0,004559
новыесначала 0,013423 0,000014
банановый 3,624341 0,003827
шапка 0,013423 0,000014
отправить 0,013423 0,000198
продолжить 0,006689 0,000007
узбекский 3,401197 0,003592
рецептыедаед 5,010635 0,005291
решение 0,006689 0,000007
ознакомить 0,013423 0,000014
необычный 2,014903 0,004255
вакансия 0,013423 0,000014
мы 0,013423 0,000099
проставлять 0,013423 0,000014
участие 0,006689 0,000007
аккаунт 0,013423 0,000071
обсуждение 0,013423 0,000028
опечатка 0,013423 0,000014
использовать 0,013423 0,000014
мексиканский 3,218876 0,003399
календарь 2,120264 0,002239
онлайн 0,013423 0,000014
десять 2,445686 0,002583
почта 0,013423 0,000099
желе 3,912023 0,004131
блокировка 0,013423 0,000057
рецепт 1,118815 0,098059
осуществляться 0,013423 0,000014
история 1,139434 0,001203
арабский 3,218876 0,003399
запечь 3,624341 0,003827
апрель 0,013423 0,000028
категория 1,576648 0,001665
фамилия 0,013423 0,000014
закусокрецепт 2,708050 0,002860
рецептытуризмтуризмтуризм 5,010635 0,005291
яндекс 0,013423 0,000028
хлеб 2,371578 0,002504
медовый 3,624341 0,003827
холодный 2,066196 0,002182
либо 0,013423 0,000014
напиток 2,371578 0,007513
федеральный 0,013423 0,000057
нажимать 0,013423 0,000014
кухнирецептыновогодний 3,912023 0,004131
рецептыкулинарияедарецепт 5,010635 0,005291
колбаса 3,064725 0,003236
семья 2,014903 0,002128
поиск 0,013423 0,000014
рецептыпростой 2,813411 0,002971
пасхальный 2,931194 0,003095
попробовать 0,013423 0,000014
заполнение 0,013423 0,000099
внимание 0,013423 0,000014
принимать 0,013423 0,000014
индийский 3,401197 0,003592
гриб 2,813411 0,002971
молоко 2,445686 0,002583
выпуск 0,013423 0,000014
надзор 0,013423 0,000014
предприятие 0,013423 0,000043
способ 0,013423 0,000028
обратный 0,013423 0,000099
произойти 0,013423 0,000014
второй 1,427116 0,001507
печение 3,218876 0,003399
хрустеть 3,064725 0,003236
