истечь 0,013423 0,000015
рф 1,181994 0,009297
лента 0,006689 0,000015
законный 0,013423 0,000015
новый 0,006689 0,000015
день 0,591795 0,001330
найти 0,013423 0,000015
академия 2,931194 0,003293
письмо 0,013423 0,000030
сфера 0,013423 0,000015
электронный 0,013423 0,000015
спасибо 0,013423 0,000015
спорт 0,190354 0,000214
расширить 0,006689 0,000008
национальный 2,302585 0,002587
иностранец 5,010635 0,005630
совещание 5,010635 0,005630
месяц 1,003302 0,001127
пролив 3,218876 0,003617
свидетельство 0,013423 0,000015
согласие 0,013423 0,000030
центр 0,166448 0,000187
комментирование 0,013423 0,000030
доступ 0,013423 0,000030
блокироваться 0,013423 0,000015
африка 3,218876 0,003617
миа 0,013423 0,000030
народный 2,177422 0,002447
задать 0,013423 0,000015
наблюдательный 4,317488 0,004851
связаться 0,013423 0,000090
сбор 2,708050 0,003043
отметить 2,014903 0,002264
правило 0,013423 0,000075
сохранить 0,013423 0,000015
г 0,013423 0,000030
реклама 0,013423 0,000030
десятилетие 3,912023 0,004396
фото 0,013423 0,000015
политика 0,013423 0,000407
связь 0,006689 0,000060
добиться 2,302585 0,002587
применение 0,013423 0,000015
взаимодействие 0,013423 0,000030
иностранный 2,177422 0,002447
о 0,013423 0,000015
двусторонний 3,624341 0,004072
дать 0,013423 0,000030
пресс 0,013423 0,000030
согласный 0,013423 0,000045
персональный 0,013423 0,000121
противодействие 4,317488 0,004851
перетянуть 0,013423 0,000015
течение 0,013423 0,000015
смочь 0,006689 0,000008
использоваться 0,006689 0,000008
готовый 0,006689 0,000023
муниципалитет 4,317488 0,004851
ася 3,912023 0,017582
важно 2,120264 0,004765
челябинск 3,912023 0,004396
сила 1,455287 0,001635
дата 0,006689 0,000008
мир 0,223144 0,000752
важность 3,624341 0,004072
вернуться 2,445686 0,002748
пройти 0,006689 0,000008
заголовок 0,013423 0,000030
одноклассник 0,013423 0,000030
недопустимый 0,013423 0,000015
информационный 0,013423 0,000060
вы 0,013423 0,000015
фио 0,013423 0,000015
стратегический 2,931194 0,006587
восстановить 0,013423 0,000015
пожалуйста 0,013423 0,000015
сво 1,919593 0,002157
российский 0,883501 0,000993
екатеринбург 2,813411 0,015806
рассмотреть 0,013423 0,000015
расположить 0,013423 0,000030
приехать 2,931194 0,006587
версия 0,013423 0,000015
время 0,013423 0,000030
ниже 0,013423 0,000045
кнопка 0,013423 0,000015
россия 0,006689 0,000293
тег 0,190354 0,000428
судебный 2,612740 0,002936
зарегистрировать 0,013423 0,000015
недвижимостьриа 3,401197 0,003822
ранее 0,013423 0,000015
подкаст 0,292136 0,000328
главный 0,013423 0,000015
проблема 0,013423 0,000015
данные 0,013423 0,000121
голосование 4,317488 0,004851
сергей 1,544899 0,001736
стартовать 3,624341 0,004072
город 0,013423 0,000060
украина 1,160488 0,010431
разблокировать 0,013423 0,000045
игорь 2,708050 0,006086
фотография 0,013423 0,000015
дмитрий 1,576648 0,017715
сайт 0,013423 0,000045
поле 0,013423 0,000121
час 0,013423 0,000030
мединский 2,612740 0,008807
чат 0,013423 0,000030
полезный 0,143101 0,000161
новостеймолния 0,013423 0,000015
написать 0,013423 0,000015
галочка 0,013423 0,000015
заблокировать 0,013423 0,000030
перетащить 0,013423 0,000045
соглашаться 0,013423 0,000015
туризм 0,283247 0,000318
сначала 0,013423 0,000015
поддерживаетсяполучить 0,013423 0,000015
адрес 0,013423 0,000075
представить 2,014903 0,002264
другой 0,013423 0,000045
соответствие 0,013423 0,000030
унитарный 0,013423 0,000045
закрытие 3,401197 0,003822
давать 0,013423 0,000030
показать 0,013423 0,000015
отправка 0,013423 0,000015
загрузить 0,013423 0,000030
направление 0,013423 0,000015
телефон 0,013423 0,000015
пароль 0,013423 0,000166
вооружённый 2,014903 0,002264
судья 3,064725 0,006887
редакция 0,013423 0,000045
удалить 0,013423 0,000060
ер 3,401197 0,007643
ход 2,238047 0,002515
платформа 3,218876 0,003617
период 1,118815 0,001257
мирный 2,525729 0,002838
доводить 5,010635 0,005630
вход 0,013423 0,000030
должный 0,013423 0,000015
описать 0,013423 0,000015
размещение 0,013423 0,000015
сколько 0,006689 0,000008
автор 0,013423 0,000015
сбербанк 3,624341 0,004072
старый 0,013423 0,000015
сообщение 0,013423 0,000211
июнь 1,875141 0,002107
цифровой 2,445686 0,002748
происшествие 0,292136 0,000328
бумажный 3,401197 0,003822
подтвердить 0,013423 0,000015
совет 1,226446 0,005512
уиткофф 3,401197 0,003822
денис 3,624341 0,004072
баринов 5,010635 0,005630
реализация 3,064725 0,003444
подтверждать 0,013423 0,000015
гаврилов 0,013423 0,000015
учредитель 0,013423 0,000015
должность 3,064725 0,003444
авторизация 0,013423 0,000015
религия 0,283247 0,000318
рейтинг 0,006689 0,000008
форма 0,013423 0,000181
последний 0,899761 0,001011
ссылка 0,013423 0,000060
коммуникация 0,013423 0,000015
мой 0,013423 0,000075
культура 0,292136 0,000328
обсудить 3,401197 0,003822
иран 2,445686 0,002748
архив 0,190354 0,000214
помочь 0,013423 0,000015
борис 3,912023 0,004396
мантур 3,624341 0,004072
статья 0,013423 0,000015
голиков 5,010635 0,005630
заявить 1,272966 0,004291
сша 1,118815 0,002514
описание 0,013423 0,000015
медведев 2,612740 0,029357
процесс 0,013423 0,000015
отношение 1,791759 0,002013
запустить 3,218876 0,003617
недвижимость 0,292136 0,000328
роскомнадзор 0,013423 0,000015
технология 0,013423 0,000030
редактор 0,013423 0,000015
близкий 2,066196 0,002322
многие 2,525729 0,002838
контакт 0,013423 0,000015
москва 0,006689 0,000053
воспользоваться 0,013423 0,000060
план 1,678431 0,001886
чупшева 5,010635 0,011260
тема 0,013423 0,000045
объяснить 2,612740 0,002936
государственный 0,013423 0,000106
сервис 0,174353 0,000196
матвиенко 5,010635 0,011260
дискуссия 0,013423 0,000030
предложение 2,612740 0,002936
ормузский 4,317488 0,004851
стив 3,401197 0,003822
связанный 0,013423 0,000045
алиханов 4,317488 0,004851
служба 0,006689 0,000008
президентский 3,912023 0,004396
ноябрь 1,514128 0,001701
риа 0,006689 0,000008
заметить 0,013423 0,000015
закрытый 0,013423 0,000015
обращать 0,013423 0,000015
рекомендательный 0,013423 0,000015
далее 0,013423 0,000030
вакантный 4,317488 0,004851
переговоры 1,875141 0,006321
мадагаскар 2,813411 0,006322
документ 2,371578 0,002665
год 0,006689 0,000023
единый 2,177422 0,022019
навигаторриа 2,445686 0,002748
хотеть 0,006689 0,000008
открывать 0,013423 0,000030
перейти 0,013423 0,000015
международный 0,013423 0,000045
угроза 2,238047 0,002515
кушнер 3,401197 0,003822
идея 2,931194 0,003293
делегация 2,708050 0,003043
вчера 1,576648 0,003543
антон 3,624341 0,004072
обращение 0,013423 0,000045
агентство 0,013423 0,000090
спецпроект 0,190354 0,000214
массовый 0,013423 0,000015
обработка 0,013423 0,000075
это 0,013423 0,000015
победа 2,066196 0,002322
джаред 3,624341 0,004072
авторизоваться 0,013423 0,000030
валентина 3,624341 0,004072
выбрать 0,013423 0,000045
рассказать 0,933098 0,001048
сегодня 0,013423 0,000090
элла 5,010635 0,011260
страна 1,139434 0,001280
президент 1,643339 0,001846
комиссия 2,931194 0,003293
новость 0,006689 0,000053
просить 0,013423 0,000015
сентябрь 1,427116 0,001604
михаил 2,525729 0,002838
новыесначала 0,013423 0,000015
зарегистрироваться 0,013423 0,000075
пожаловаться 0,006689 0,000008
войти 0,006689 0,000038
начало 1,643339 0,001846
шапка 0,013423 0,000015
отправить 0,013423 0,000211
памфилов 5,010635 0,011260
поздравить 2,525729 0,002838
продолжить 0,006689 0,000008
решение 0,006689 0,000008
снг 4,317488 0,014553
ознакомить 0,013423 0,000015
доложить 3,064725 0,003444
идеологический 5,010635 0,005630
вакансия 0,013423 0,000015
эл 0,013423 0,000015
мы 0,013423 0,000106
проставлять 0,013423 0,000015
радио 0,274437 0,000308
участие 0,006689 0,000008
аккаунт 0,013423 0,000075
экономика 0,292136 0,000656
состав 2,120264 0,002382
защита 0,013423 0,000060
считать 2,014903 0,002264
регистрация 0,013423 0,000075
переназначение 5,010635 0,005630
обсуждение 0,013423 0,000030
утвердить 3,064725 0,003444
опечатка 0,013423 0,000015
использовать 0,013423 0,000015
почему 0,013423 0,000030
вмешательство 3,218876 0,003617
госдума 2,708050 0,009128
восстановление 0,013423 0,000060
онлайн 0,013423 0,000015
почта 0,013423 0,000106
блокировка 0,013423 0,000060
отказываться 3,624341 0,004072
осуществляться 0,013423 0,000015
апрель 0,013423 0,000015
вконтакте 0,013423 0,000030
программа 1,919593 0,002157
фамилия 0,013423 0,000015
власть 2,371578 0,002665
логин 0,013423 0,000015
конфиденциальность 0,013423 0,000060
нарушение 0,013423 0,000045
навсегда 0,013423 0,000015
татьяна 3,064725 0,003444
светлана 2,813411 0,003161
яндекс 0,013423 0,000030
повестка 5,010635 0,005630
владимир 1,373049 0,018513
путин 1,373049 0,024684
действие 0,013423 0,000015
либо 0,013423 0,000015
федеральный 0,013423 0,000060
релиз 0,013423 0,000015
нажимать 0,013423 0,000015
офицер 3,401197 0,003822
назад 0,013423 0,000075
дума 4,317488 0,019404
справка 1,791759 0,002013
список 0,013423 0,000015
пост 2,302585 0,002587
развитие 2,066196 0,002322
поиск 0,013423 0,000015
руководить 4,317488 0,004851
итог 2,302585 0,002587
форум 3,218876 0,003617
обязательный 0,013423 0,000106
ошибка 0,013423 0,000045
значение 2,238047 0,002515
краснов 3,064725 0,003444
вопрос 0,006689 0,000030
якушев 5,010635 0,005630
мишустин 3,624341 0,008145
способствовать 2,813411 0,003161
зубовский 0,013423 0,000030
попробовать 0,013423 0,000015
заполнение 0,013423 0,000106
заполнить 0,013423 0,000106
инициатива 3,218876 0,007233
внимание 0,013423 0,000015
принимать 0,013423 0,000015
цик 4,317488 0,019404
соц 2,371578 0,002665
стиллавина 3,401197 0,003822
ваш 0,013423 0,000241
женева 2,238047 0,010059
общество 0,257045 0,000289
имя 0,013423 0,000075
федерация 2,066196 0,006965
бюллетень 5,010635 0,005630
выпуск 0,013423 0,000015
срок 0,013423 0,000030
основание 0,013423 0,000015
издание 0,013423 0,000015
песок 2,177422 0,012233
гендиректор 5,010635 0,005630
бульвар 0,013423 0,000030
сетевой 0,013423 0,000015
надзор 0,013423 0,000015
использование 0,013423 0,000015
вновь 0,013423 0,000015
неделя 1,181994 0,001328
сменить 0,013423 0,000015
предприятие 0,013423 0,000045
способ 0,013423 0,000030
материал 0,013423 0,000136
наука 0,283247 0,000637
участвовать 0,013423 0,000030
технологический 2,813411 0,003161
сообщить 0,013423 0,000015
обратный 0,013423 0,000106
выборы 3,401197 0,030573
продукт 0,135438 0,000152
произойти 0,013423 0,000015
быть 0,013423 0,000015
успешно 0,013423 0,000015
источник 1,966113 0,002209
скриншот 0,013423 0,000045
