метро 3,912023 0,010390
истечь 0,013423 0,000018
лента 0,006689 0,000018
законный 0,013423 0,000018
новый 0,006689 0,000018
найти 0,013423 0,000018
письмо 0,013423 0,000036
сфера 0,013423 0,000053
электронный 0,013423 0,000018
спасибо 0,013423 0,000018
спорт 0,190354 0,000253
расширить 0,006689 0,000009
свидетельство 0,013423 0,000018
согласие 0,013423 0,000036
центр 0,166448 0,000221
комментирование 0,013423 0,000036
доступ 0,013423 0,000036
блокироваться 0,013423 0,000018
миа 0,013423 0,000125
задать 0,013423 0,000018
связаться 0,013423 0,000107
правило 0,013423 0,000089
сохранить 0,013423 0,000018
г 0,013423 0,000036
реклама 0,013423 0,000036
фото 0,013423 0,000018
циклон 3,401197 0,018067
политика 0,013423 0,000089
связь 0,006689 0,000071
применение 0,013423 0,000018
взаимодействие 0,013423 0,000036
о 0,013423 0,000018
дать 0,013423 0,000036
пресс 0,013423 0,000036
согласный 0,013423 0,000053
персональный 0,013423 0,000143
перетянуть 0,013423 0,000018
течение 0,013423 0,000018
усиленный 2,931194 0,007785
видеоснегопад 5,010635 0,006654
смочь 0,006689 0,000009
использоваться 0,006689 0,000009
готовый 0,006689 0,000018
дата 0,006689 0,000009
мир 0,223144 0,000296
пройти 0,006689 0,000009
заголовок 0,013423 0,000036
одноклассник 0,013423 0,000036
недопустимый 0,013423 0,000018
информационный 0,013423 0,000071
вы 0,013423 0,000018
фио 0,013423 0,000018
восстановить 0,013423 0,000018
пожалуйста 0,013423 0,000018
проводить 2,445686 0,006496
рассмотреть 0,013423 0,000018
расположить 0,013423 0,000036
специалист 2,371578 0,006299
версия 0,013423 0,000018
время 0,013423 0,000018
ниже 0,013423 0,000053
москвемосква 5,010635 0,006654
кнопка 0,013423 0,000018
россия 0,006689 0,000107
социальный 1,678431 0,004458
тег 0,190354 0,000253
данный 2,014903 0,002676
зарегистрировать 0,013423 0,000018
сильный 1,919593 0,020394
ранее 0,013423 0,000018
ситуация 1,643339 0,004365
подкаст 0,292136 0,000388
главный 0,013423 0,000018
проблема 0,013423 0,000018
режим 2,066196 0,005488
данные 0,013423 0,000143
город 0,013423 0,000018
разблокировать 0,013423 0,000053
осуществлять 3,624341 0,009626
фотография 0,013423 0,000018
сайт 0,013423 0,000053
поле 0,013423 0,000143
час 0,013423 0,000036
чат 0,013423 0,000036
полезный 0,143101 0,000190
новостеймолния 0,013423 0,000018
написать 0,013423 0,000018
галочка 0,013423 0,000018
заблокировать 0,013423 0,000036
перетащить 0,013423 0,000053
прометание 4,317488 0,011467
соглашаться 0,013423 0,000018
туризм 0,283247 0,000376
сначала 0,013423 0,000018
поддерживаетсяполучить 0,013423 0,000018
адрес 0,013423 0,000089
другой 0,013423 0,000053
соответствие 0,013423 0,000071
работа 1,427116 0,003790
унитарный 0,013423 0,000053
давать 0,013423 0,000036
показать 0,013423 0,000018
отправка 0,013423 0,000018
загрузить 0,013423 0,000036
сплошной 3,912023 0,010390
ключевой 2,445686 0,006496
направление 0,013423 0,000018
телефон 0,013423 0,000018
пароль 0,013423 0,000196
редакция 0,013423 0,000053
механизировать 4,317488 0,011467
магистраль 3,912023 0,010390
удалить 0,013423 0,000071
последствие 1,544899 0,016413
платформа 3,218876 0,008549
вход 0,013423 0,000036
должный 0,013423 0,000018
противогололёдный 4,317488 0,011467
читать 0,791128 0,001051
хозяйство 2,612740 0,006940
описать 0,013423 0,000018
размещение 0,013423 0,000018
контроль 2,371578 0,006299
сколько 0,006689 0,000009
автор 0,013423 0,000018
старый 0,013423 0,000018
сообщение 0,013423 0,000250
городской 2,302585 0,036695
происшествие 0,292136 0,000388
подход 2,708050 0,007193
подтвердить 0,013423 0,000018
видео 1,832581 0,012169
погодный 3,912023 0,010390
подтверждать 0,013423 0,000018
гаврилов 0,013423 0,000018
учредитель 0,013423 0,000018
часть 1,373049 0,003647
авторизация 0,013423 0,000018
религия 0,283247 0,000376
рейтинг 0,006689 0,000009
форма 0,013423 0,000214
ссылка 0,013423 0,000071
коммуникация 0,013423 0,000018
мой 0,013423 0,000089
культура 0,292136 0,000388
очередной 2,813411 0,014945
архив 0,190354 0,000253
помочь 0,013423 0,000018
статья 0,013423 0,000018
описание 0,013423 0,000018
процесс 0,013423 0,000018
недвижимость 0,292136 0,000388
роскомнадзор 0,013423 0,000018
технология 0,013423 0,000036
редактор 0,013423 0,000018
фгуп 0,499776 0,003319
контакт 0,013423 0,000018
москва 0,006689 0,000115
воспользоваться 0,013423 0,000071
тема 0,013423 0,000053
сервис 0,174353 0,000232
государственный 0,013423 0,000053
обрушиться 2,931194 0,015571
дискуссия 0,013423 0,000036
мониторинг 3,401197 0,009034
связанный 0,013423 0,000036
служба 0,006689 0,000098
риа 0,006689 0,000080
заметить 0,013423 0,000018
закрытый 0,013423 0,000018
обращать 0,013423 0,000018
рекомендательный 0,013423 0,000018
далее 0,013423 0,000036
ликвидировать 2,708050 0,028771
последующий 3,218876 0,008549
год 0,006689 0,000009
непрерывный 4,317488 0,011467
хотеть 0,006689 0,000009
открывать 0,013423 0,000036
зона 2,371578 0,006299
перейти 0,013423 0,000018
международный 0,013423 0,000053
станция 3,401197 0,018067
работать 1,966113 0,005222
обращение 0,013423 0,000053
агентство 0,013423 0,000071
обработка 0,013423 0,000125
спецпроект 0,190354 0,000253
массовый 0,013423 0,000018
это 0,013423 0,000018
поддерживать 2,371578 0,003150
авторизоваться 0,013423 0,000036
выбрать 0,013423 0,000053
сегодня 0,013423 0,000178
новость 0,006689 0,000098
просить 0,013423 0,000018
остановка 3,218876 0,008549
снежный 3,218876 0,017099
цикл 3,624341 0,009626
проезжий 4,317488 0,011467
новыесначала 0,013423 0,000018
зарегистрироваться 0,013423 0,000089
пожаловаться 0,006689 0,000009
войти 0,006689 0,000036
дорога 3,064725 0,008140
улица 2,612740 0,006940
шапка 0,013423 0,000018
отправить 0,013423 0,000250
продолжить 0,006689 0,000009
решение 0,006689 0,000009
ознакомить 0,013423 0,000018
пешеходный 4,317488 0,011467
вакансия 0,013423 0,000018
эл 0,013423 0,000018
мы 0,013423 0,000125
проставлять 0,013423 0,000018
радио 0,274437 0,000364
участие 0,006689 0,000009
дзен 0,851752 0,001131
аккаунт 0,013423 0,000089
экономика 0,292136 0,000388
защита 0,013423 0,000071
регистрация 0,013423 0,000089
комплекс 2,708050 0,007193
обсуждение 0,013423 0,000036
снегопад 2,177422 0,031808
опечатка 0,013423 0,000018
использовать 0,013423 0,000018
почему 0,013423 0,000018
особый 1,752539 0,004655
восстановление 0,013423 0,000071
онлайн 0,013423 0,000018
почта 0,013423 0,000125
блокировка 0,013423 0,000071
объект 2,708050 0,007193
осуществляться 0,013423 0,000018
апрель 0,013423 0,000018
вконтакте 0,013423 0,000036
фамилия 0,013423 0,000018
логин 0,013423 0,000018
конфиденциальность 0,013423 0,000071
нарушение 0,013423 0,000053
навсегда 0,013423 0,000018
яндекс 0,013423 0,000036
повторять 3,912023 0,010390
действие 0,013423 0,000018
либо 0,013423 0,000018
федеральный 0,013423 0,000071
релиз 0,013423 0,000018
нажимать 0,013423 0,000018
назад 0,013423 0,000089
формат 2,120264 0,002816
список 0,013423 0,000018
состояние 1,919593 0,005099
поиск 0,013423 0,000018
обязательный 0,013423 0,000125
ошибка 0,013423 0,000053
вопрос 0,006689 0,000036
зубовский 0,013423 0,000036
попробовать 0,013423 0,000018
заполнение 0,013423 0,000125
заполнить 0,013423 0,000125
внимание 0,013423 0,000018
принимать 0,013423 0,000018
ваш 0,013423 0,000303
железнодорожный 3,064725 0,008140
общество 0,257045 0,000341
имя 0,013423 0,000089
мцк 4,317488 0,011467
выпуск 0,013423 0,000018
срок 0,013423 0,000036
основание 0,013423 0,000018
издание 0,013423 0,000018
бульвар 0,013423 0,000036
сетевой 0,013423 0,000018
надзор 0,013423 0,000018
использование 0,013423 0,000018
вновь 0,013423 0,000018
сменить 0,013423 0,000018
предприятие 0,013423 0,000053
способ 0,013423 0,000036
материал 0,013423 0,000143
наука 0,283247 0,000376
участвовать 0,013423 0,000036
сообщить 0,013423 0,000018
браузер 2,612740 0,003470
обратный 0,013423 0,000125
продукт 0,135438 0,000180
произойти 0,013423 0,000018
быть 0,013423 0,000018
успешно 0,013423 0,000018
скриншот 0,013423 0,000053
