подача 2,120264 0,005024
истечь 0,013423 0,000016
финал 4,317488 0,005116
лента 0,006689 0,000016
законный 0,013423 0,000016
архивный 1,347074 0,001596
новый 0,006689 0,000016
ак 2,612740 0,003096
хачан 2,612740 0,003096
вести 3,218876 0,003814
рпл 2,371578 0,002810
найти 0,013423 0,000016
письмо 0,013423 0,000032
сфера 0,013423 0,000016
электронный 0,013423 0,000016
спасибо 0,013423 0,000016
спорт 0,190354 0,002481
теннис 2,525729 0,014963
выйти 2,371578 0,002810
расширить 0,006689 0,000008
перерыв 2,371578 0,002810
апл 2,612740 0,003096
свидетельство 0,013423 0,000016
согласие 0,013423 0,000032
центр 0,166448 0,000986
комментирование 0,013423 0,000032
доступ 0,013423 0,000032
блокироваться 0,013423 0,000016
миа 0,013423 0,000111
задать 0,013423 0,000016
связаться 0,013423 0,000095
дубай 2,813411 0,033334
женский 3,218876 0,015255
правило 0,013423 0,000080
сохранить 0,013423 0,000016
г 0,013423 0,000032
реклама 0,013423 0,000032
фото 0,013423 0,000064
политика 0,013423 0,000064
связь 0,006689 0,000063
й 2,014903 0,002387
к 2,177422 0,002580
применение 0,013423 0,000016
взаимодействие 0,013423 0,000032
о 0,013423 0,000016
зож 2,302585 0,002728
дать 0,013423 0,000032
пресс 0,013423 0,000032
кхл 2,525729 0,002993
согласный 0,013423 0,000048
персональный 0,013423 0,000127
четвертьфинал 4,317488 0,005116
действовать 2,445686 0,002898
перетянуть 0,013423 0,000016
течение 0,013423 0,000016
смочь 0,006689 0,000055
отыграть 5,010635 0,005937
использоваться 0,006689 0,000008
авто 2,238047 0,002652
третий 1,919593 0,002274
готовый 0,006689 0,000016
сочи 2,238047 0,002652
футбол 2,238047 0,013259
дата 0,006689 0,000008
весь 1,021651 0,001210
пройти 0,006689 0,000008
заголовок 0,013423 0,000032
одноклассник 0,013423 0,000032
недопустимый 0,013423 0,000016
информационный 0,013423 0,000064
вы 0,013423 0,000016
теннисистка 5,010635 0,005937
фио 0,013423 0,000016
восстановить 0,013423 0,000016
пожалуйста 0,013423 0,000016
рассмотреть 0,013423 0,000016
црвена 2,612740 0,003096
расположить 0,013423 0,000032
матчбол 5,010635 0,005937
версия 0,013423 0,000016
время 0,013423 0,000016
ниже 0,013423 0,000048
кнопка 0,013423 0,000016
россия 0,006689 0,000111
социальный 1,678431 0,003977
турнирный 5,010635 0,005937
тег 0,190354 0,000226
зарегистрировать 0,013423 0,000016
ранее 0,013423 0,000016
главный 0,013423 0,000016
проблема 0,013423 0,000016
данные 0,013423 0,000127
город 0,013423 0,000016
разблокировать 0,013423 0,000048
фотография 0,013423 0,000016
сайт 0,013423 0,000048
поле 0,013423 0,000127
брейк 5,010635 0,005937
час 0,013423 0,000048
джессика 4,317488 0,020462
чат 0,013423 0,000032
андреевааманда 5,010635 0,005937
полезный 0,143101 0,000170
новостеймолния 0,013423 0,000016
написать 0,013423 0,000016
галочка 0,013423 0,000016
млн 3,401197 0,004030
единоборство 2,371578 0,002810
заблокировать 0,013423 0,000032
перетащить 0,013423 0,000048
соглашаться 0,013423 0,000016
мирра 5,010635 0,053431
сначала 0,013423 0,000016
поддерживаетсяполучить 0,013423 0,000016
адрес 0,013423 0,000080
другой 0,013423 0,000048
соответствие 0,013423 0,000032
проигрывать 4,317488 0,005116
унитарный 0,013423 0,000048
европа 1,455287 0,001724
давать 0,013423 0,000032
показать 0,013423 0,000016
отправка 0,013423 0,000016
загрузить 0,013423 0,000032
сеть 2,371578 0,005620
отдать 2,931194 0,003473
направление 0,013423 0,000016
телефон 0,013423 0,000016
пароль 0,013423 0,000175
редакция 0,013423 0,000048
удалить 0,013423 0,000064
рублёв 5,010635 0,005937
вход 0,013423 0,000032
должный 0,013423 0,000016
читать 0,791128 0,000937
описать 0,013423 0,000016
размещение 0,013423 0,000016
ассоциация 3,912023 0,023175
сколько 0,006689 0,000008
автор 0,013423 0,000016
старый 0,013423 0,000016
сообщение 0,013423 0,000223
ракетка 5,010635 0,011874
сет 2,612740 0,006191
пегула 5,010635 0,005937
поспорить 4,317488 0,005116
польза 2,302585 0,002728
мото 2,525729 0,002993
подавать 2,302585 0,002728
евролига 2,612740 0,003096
подтвердить 0,013423 0,000016
победительница 3,064725 0,025418
обновить 0,985284 0,001167
биатлон 2,525729 0,002993
подтверждать 0,013423 0,000016
гаврилов 0,013423 0,000016
фенербахча 2,612740 0,003096
учредитель 0,013423 0,000016
авторизация 0,013423 0,000016
рейтинг 0,006689 0,000008
выход 3,218876 0,003814
форма 0,013423 0,000191
призовой 5,010635 0,011874
россиянка 5,010635 0,005937
завершить 2,445686 0,005795
ссылка 0,013423 0,000064
коммуникация 0,013423 0,000016
минута 1,226446 0,001453
мой 0,013423 0,000080
американка 5,010635 0,011874
архив 0,190354 0,000226
помочь 0,013423 0,000016
статья 0,013423 0,000016
ноттингем 2,612740 0,003096
описание 0,013423 0,000016
пятый 3,401197 0,004030
процесс 0,013423 0,000016
роскомнадзор 0,013423 0,000016
технология 0,013423 0,000032
теннисный 4,317488 0,035809
редактор 0,013423 0,000016
фгуп 0,499776 0,002961
нба 2,612740 0,003096
номер 2,708050 0,006417
контакт 0,013423 0,000032
москва 0,006689 0,000032
воспользоваться 0,013423 0,000064
доллар 2,708050 0,003209
тема 0,013423 0,000048
хоккей 2,238047 0,007955
анисимов 4,317488 0,046040
сервис 0,174353 0,000207
государственный 0,013423 0,000048
дискуссия 0,013423 0,000032
превышать 2,931194 0,003473
результат 1,714798 0,002032
связанный 0,013423 0,000032
служба 0,006689 0,000008
риа 0,006689 0,000079
заметить 0,013423 0,000016
закрытый 0,013423 0,000016
обращать 0,013423 0,000016
рекомендательный 0,013423 0,000016
далее 0,013423 0,000032
селтик 2,612740 0,003096
андреевоймирр 5,010635 0,005937
серия 2,302585 0,002728
год 0,006689 0,000008
пака 2,612740 0,003096
защитить 2,445686 0,017386
хотеть 0,006689 0,000008
открывать 0,013423 0,000032
перейти 0,013423 0,000032
международный 0,013423 0,000048
матч 2,066196 0,017137
анисимоваджессик 5,010635 0,005937
счёт 2,014903 0,004775
который 0,603916 0,000716
соперница 5,010635 0,005937
андреев 2,708050 0,057755
четвертьфинальный 5,010635 0,011874
обращение 0,013423 0,000048
агентство 0,013423 0,000080
ла 2,612740 0,003096
динамо 2,238047 0,002652
провести 1,919593 0,002274
спецпроект 0,190354 0,000226
массовый 0,013423 0,000016
форресть 2,612740 0,003096
обработка 0,013423 0,000080
это 0,013423 0,000016
авторизоваться 0,013423 0,000032
выбрать 0,013423 0,000048
сегодня 0,013423 0,000159
новость 0,006689 0,000095
просить 0,013423 0,000016
доха 5,010635 0,005937
лада 2,612740 0,003096
посеять 5,010635 0,005937
полуфинал 4,317488 0,005116
штутгарт 2,612740 0,003096
новыесначала 0,013423 0,000016
зарегистрироваться 0,013423 0,000080
пожаловаться 0,006689 0,000008
войти 0,006689 0,000032
начало 1,643339 0,001947
шапка 0,013423 0,000016
отправить 0,013423 0,000223
нхл 2,525729 0,002993
продолжить 0,006689 0,000008
решение 0,006689 0,000008
лига 1,966113 0,009318
ознакомить 0,013423 0,000016
турнир 2,813411 0,036668
посев 5,010635 0,005937
вакансия 0,013423 0,000016
эл 0,013423 0,000016
мы 0,013423 0,000111
проставлять 0,013423 0,000016
уступить 5,010635 0,023747
фонд 3,064725 0,003631
участие 0,006689 0,000008
дзен 0,851752 0,001009
аккаунт 0,013423 0,000080
защита 0,013423 0,000064
регистрация 0,013423 0,000080
обсуждение 0,013423 0,000032
барс 2,612740 0,003096
опечатка 0,013423 0,000016
использовать 0,013423 0,000016
календарь 2,120264 0,002512
почему 0,013423 0,000016
восстановление 0,013423 0,000064
онлайн 0,013423 0,000016
почта 0,013423 0,000111
блокировка 0,013423 0,000064
осуществляться 0,013423 0,000016
история 1,139434 0,001350
таблица 3,401197 0,004030
апрель 0,013423 0,000016
вконтакте 0,013423 0,000032
фигурный 2,302585 0,002728
категория 1,576648 0,003736
затем 1,791759 0,002123
звезда 2,371578 0,002810
фамилия 0,013423 0,000016
логин 0,013423 0,000016
конфиденциальность 0,013423 0,000064
нарушение 0,013423 0,000048
навсегда 0,013423 0,000016
яндекс 0,013423 0,000032
сельт 2,612740 0,003096
действие 0,013423 0,000016
либо 0,013423 0,000016
федеральный 0,013423 0,000064
релиз 0,013423 0,000016
нажимать 0,013423 0,000016
пегулаженский 5,010635 0,005937
назад 0,013423 0,000080
корт 3,912023 0,004635
аманда 4,317488 0,030693
соотечественница 5,010635 0,005937
первый 0,883501 0,002094
список 0,013423 0,000016
теннисспортмирр 5,010635 0,005937
поиск 0,013423 0,000016
чемпион 2,612740 0,003096
обязательный 0,013423 0,000111
февраль 0,567984 0,000673
ошибка 0,013423 0,000048
вопрос 0,006689 0,000032
зубовский 0,013423 0,000032
катание 2,302585 0,002728
попробовать 0,013423 0,000016
заполнение 0,013423 0,000111
заполнить 0,013423 0,000111
внимание 0,013423 0,000016
принимать 0,013423 0,000016
алькарас 2,612740 0,003096
ваш 0,013423 0,000254
имя 0,013423 0,000080
главное 1,609438 0,001907
завершиться 2,931194 0,003473
титул 2,813411 0,020001
встреча 1,832581 0,004343
выпуск 0,013423 0,000016
срок 0,013423 0,000032
основание 0,013423 0,000016
издание 0,013423 0,000016
бульвар 0,013423 0,000032
сетевой 0,013423 0,000016
бундеслига 2,612740 0,003096
надзор 0,013423 0,000016
использование 0,013423 0,000016
фев 1,399717 0,001658
тая 5,010635 0,005937
вновь 0,013423 0,000016
сменить 0,013423 0,000016
предприятие 0,013423 0,000048
способ 0,013423 0,000032
материал 0,013423 0,000127
лилль 2,612740 0,003096
участвовать 0,013423 0,000032
сообщить 0,013423 0,000016
обратный 0,013423 0,000111
пегул 5,010635 0,017810
продукт 0,135438 0,000160
произойти 0,013423 0,000016
быть 0,013423 0,000016
успешно 0,013423 0,000016
второй 1,427116 0,001691
скриншот 0,013423 0,000048
