долгий 3,218876 0,001311
мороженица 5,010635 0,015304
банк 1,966113 0,000400
законный 0,013423 0,000003
день 0,591795 0,000241
экономия 4,317488 0,000879
найти 0,013423 0,000008
текстура 3,064725 0,009361
письмо 0,013423 0,000005
спасибо 0,013423 0,000003
расширить 0,006689 0,000001
любить 3,912023 0,001593
согласие 0,013423 0,000005
центр 0,166448 0,000034
ст 2,813411 0,002292
изобрести 5,010635 0,001020
связаться 0,013423 0,000016
тёплый 2,708050 0,003309
вода 1,576648 0,002247
немного 2,177422 0,001774
реклама 0,013423 0,000005
фото 0,013423 0,000066
связь 0,006689 0,000012
черника 4,317488 0,001758
кастрюля 2,371578 0,001932
запах 3,912023 0,001593
знакомый 3,064725 0,000624
кристалл 4,317488 0,000879
повар 2,238047 0,000456
перемешать 2,238047 0,010482
весь 1,021651 0,000624
пройти 0,006689 0,000001
орешек 4,317488 0,001758
заголовок 0,013423 0,000005
успеть 3,218876 0,001311
эмульсия 5,010635 0,002041
информационный 0,013423 0,000011
креманка 5,010635 0,003061
шаг 1,791759 0,031742
сложность 2,371578 0,007244
итальянский 2,813411 0,000573
рассмотреть 0,013423 0,000003
расположить 0,013423 0,000005
быстро 2,177422 0,002217
называть 2,120264 0,000863
создавать 2,371578 0,000483
застывать 5,010635 0,002041
верх 4,317488 0,000879
десерт 2,525729 0,027258
очистить 2,238047 0,002734
готовить 1,966113 0,002402
главный 0,013423 0,000008
подкаст 0,292136 0,000059
проблема 0,013423 0,000003
данные 0,013423 0,000022
максимально 3,401197 0,001385
пряник 5,010635 0,006122
выпечка 2,612740 0,007448
также 1,139434 0,000232
появиться 2,120264 0,002590
италия 2,014903 0,006975
фотография 0,013423 0,000003
легко 1,791759 0,002189
предварительно 2,931194 0,001194
снова 2,612740 0,010108
соглашаться 0,013423 0,000003
сначала 0,013423 0,000008
вред 2,445686 0,000498
начать 1,966113 0,001601
стекать 4,317488 0,001758
гастрофестивать 5,010635 0,001020
удалить 0,013423 0,000022
слой 2,813411 0,001719
закрыть 3,624341 0,004428
кофейный 4,317488 0,001758
система 1,919593 0,000391
размещение 0,013423 0,000003
клубничный 5,010635 0,008162
сколько 0,006689 0,000001
июнь 1,875141 0,000764
постепенно 2,931194 0,001194
один 1,098612 0,000671
полностью 2,014903 0,002051
совет 1,226446 0,000749
плоский 5,010635 0,002041
пример 2,813411 0,000573
богатый 3,624341 0,001476
самостоятельный 3,912023 0,000797
хотеться 3,218876 0,000655
часть 1,373049 0,001398
кожура 2,813411 0,002292
последний 0,899761 0,000366
ванильный 4,317488 0,013187
вафельный 5,010635 0,002041
нарезать 2,120264 0,004317
минута 1,226446 0,005994
выложить 2,708050 0,006617
аквафаба 5,010635 0,014284
лето 2,931194 0,001791
часто 2,371578 0,000483
вишня 3,912023 0,012745
архив 0,190354 0,000039
инвентарь 5,010635 0,002041
поесть 3,912023 0,000797
частый 2,445686 0,001494
добраться 3,912023 0,001593
описание 0,013423 0,000003
шт 2,238047 0,010026
процесс 0,013423 0,000005
залить 2,445686 0,002490
лопатка 4,317488 0,001758
заменить 2,813411 0,000573
говорить 1,714798 0,002095
морозильный 3,912023 0,010356
хранить 3,218876 0,000655
повторить 3,218876 0,003933
безлактозный 5,010635 0,002041
качество 2,177422 0,001774
коровий 5,010635 0,004081
пудра 4,317488 0,007033
подержать 3,912023 0,001593
конфорка 5,010635 0,002041
взрослый 2,931194 0,001791
становиться 2,177422 0,000887
врач 2,014903 0,000410
меняться 3,218876 0,000655
команда 2,708050 0,003309
поставить 2,014903 0,006154
посыпать 2,612740 0,002128
являться 1,875141 0,000382
застёжка 5,010635 0,001020
усилие 3,218876 0,001311
пробить 5,010635 0,004081
зона 2,371578 0,000483
перейти 0,013423 0,000003
нужно 1,455287 0,009483
счёт 2,014903 0,000821
взбивать 5,010635 0,006122
нут 4,317488 0,001758
найскрим 5,010635 0,004081
оглавление 1,791759 0,000365
доска 3,624341 0,001476
огонь 1,966113 0,008808
спецпроект 0,190354 0,000039
слово 1,514128 0,000617
консистенция 3,218876 0,001966
еда 2,177422 0,006651
взять 1,832581 0,001493
стоить 1,678431 0,000684
зип 5,010635 0,001020
вылить 3,912023 0,008762
чаша 3,912023 0,010356
менять 2,525729 0,001029
крупно 3,624341 0,001476
эл 0,013423 0,000003
дзен 0,851752 0,000173
кокосовый 5,010635 0,018365
энергетический 2,371578 0,000483
охлаждение 3,401197 0,001385
почему 0,013423 0,000003
быстрый 1,714798 0,000698
добавить 1,514128 0,012024
вкусный 1,752539 0,001784
значит 2,612740 0,001064
деглазировать 5,010635 0,002041
вконтакте 0,013423 0,000005
почувствовать 4,317488 0,001758
вверх 3,912023 0,001593
объединение 4,317488 0,001758
логин 0,013423 0,000003
конфиденциальность 0,013423 0,000011
нарушение 0,013423 0,000008
навсегда 0,013423 0,000003
контейнер 3,218876 0,014420
назад 0,013423 0,000014
остудить 2,931194 0,004775
продолжать 2,371578 0,001932
дача 4,317488 0,000879
список 0,013423 0,000003
масса 2,813411 0,016041
дополнение 3,064725 0,001248
желание 2,813411 0,002864
состояние 1,919593 0,001564
свернуться 4,317488 0,001758
пузырёк 3,912023 0,001593
приобрести 2,302585 0,000469
полуавтоматический 5,010635 0,002041
идти 1,919593 0,000391
проварить 3,912023 0,001593
слабый 2,708050 0,001103
лактоза 5,010635 0,002041
зубовский 0,013423 0,000005
заполнить 0,013423 0,000022
сборка 3,912023 0,000797
малиновый 4,317488 0,001758
пюре 3,064725 0,008113
общество 0,257045 0,000837
похоже 2,931194 0,001194
главное 1,609438 0,000655
так 2,525729 0,000514
французский 2,445686 0,000498
процедить 3,218876 0,002622
промыть 2,612740 0,001064
основание 0,013423 0,000003
лимон 3,064725 0,006241
издание 0,013423 0,000003
бульвар 0,013423 0,000005
сетевой 0,013423 0,000003
напрямую 3,218876 0,000655
вновь 0,013423 0,000003
сменить 0,013423 0,000003
добавка 3,401197 0,002078
участвовать 0,013423 0,000005
сообщить 0,013423 0,000003
сорбета 4,317488 0,014945
быть 0,013423 0,000003
застынуть 5,010635 0,002041
пошаговый 1,455287 0,000296
пекан 5,010635 0,001020
скриншот 0,013423 0,000008
стаканчик 5,010635 0,004081
истечь 0,013423 0,000003
камера 3,624341 0,008856
отмечать 1,399717 0,002280
приготовить 1,643339 0,005354
яйцо 1,966113 0,002402
есть 3,624341 0,000738
завтрак 3,218876 0,000655
электронный 0,013423 0,000003
лепесток 4,317488 0,000879
спорт 0,190354 0,000039
лишний 2,931194 0,002387
косточка 3,912023 0,004780
помешать 5,010635 0,002041
приобретение 3,624341 0,000738
топинамбур 4,317488 0,012308
четыре 2,302585 0,000938
уверить 3,218876 0,000655
хладагент 5,010635 0,001020
преобразить 5,010635 0,001020
авокадо 3,218876 0,007865
пряный 3,218876 0,001311
сохранить 0,013423 0,000008
ложка 2,525729 0,003086
чайный 3,912023 0,001593
поддон 5,010635 0,004081
взаимодействие 0,013423 0,000005
кипение 2,931194 0,005969
развенчать 5,010635 0,001020
согласный 0,013423 0,000008
перетянуть 0,013423 0,000003
ёмкость 3,401197 0,004848
щербета 5,010635 0,001020
использоваться 0,006689 0,000001
спортивный 3,064725 0,001248
женщина 1,832581 0,000373
важно 2,120264 0,003886
пополам 3,624341 0,004428
впервые 2,238047 0,000456
раз 3,064725 0,003744
магазин 3,064725 0,000624
лактионов 5,010635 0,001020
оставить 1,966113 0,004804
фио 0,013423 0,000003
ситилинк 5,010635 0,001020
пожалуйста 0,013423 0,000003
разбить 3,624341 0,004428
российский 0,883501 0,000180
дойти 3,218876 0,000655
кремовый 4,317488 0,011429
тарелка 2,813411 0,001146
стол 1,832581 0,000746
эскимо 4,317488 0,005275
необходимо 1,791759 0,001824
взбить 3,064725 0,018722
снизу 3,912023 0,001593
разнообразить 4,317488 0,000879
версия 0,013423 0,000003
ниже 0,013423 0,000008
нахождение 3,912023 0,001593
спустя 2,813411 0,002292
смотреть 1,966113 0,000801
шесть 2,371578 0,000966
тег 0,190354 0,000039
аккуратно 2,813411 0,004583
измельчить 2,931194 0,004178
помешивать 3,218876 0,005244
зарегистрировать 0,013423 0,000003
популярный 1,752539 0,002855
густой 3,401197 0,002770
назвать 1,347074 0,000274
влить 3,064725 0,003744
кристаллик 4,317488 0,003517
поле 0,013423 0,000022
знак 3,218876 0,001311
сладость 2,445686 0,001992
перетащить 0,013423 0,000008
туризм 0,283247 0,000980
положить 1,966113 0,001601
особенность 2,120264 0,000863
мелкий 2,371578 0,002897
адрес 0,013423 0,000014
представить 2,014903 0,007385
соответствие 0,013423 0,000005
брюла 5,010635 0,006122
европа 1,455287 0,004741
желтковый 4,317488 0,003517
загрузить 0,013423 0,000005
направление 0,013423 0,000003
отрегулировать 4,317488 0,001758
телефон 0,013423 0,000003
редакция 0,013423 0,000008
иначе 2,931194 0,002387
сочетание 2,708050 0,003860
пока 1,919593 0,001173
пергамент 4,317488 0,002637
период 1,118815 0,000228
должный 0,013423 0,000003
грецкий 4,317488 0,000879
отвар 3,624341 0,002952
автор 0,013423 0,000005
карамельный 4,317488 0,005275
старый 0,013423 0,000003
сообщение 0,013423 0,000038
вишнёвый 5,010635 0,002041
достать 3,218876 0,013109
кроме 1,919593 0,001173
лёгкий 2,120264 0,002590
происшествие 0,292136 0,000059
нижний 2,813411 0,001146
подавать 2,302585 0,005157
ингредиент 1,919593 0,010945
подтвердить 0,013423 0,000003
густота 4,317488 0,001758
арахис 5,010635 0,004081
блогер 3,218876 0,000655
снять 2,371578 0,003863
фрукт 3,064725 0,006241
эксперт 1,373049 0,001678
длительный 3,064725 0,001248
посуда 2,813411 0,003437
греческий 2,612740 0,001064
свежеть 3,401197 0,001385
фасоль 3,912023 0,001593
достигаться 5,010635 0,002041
поверхность 2,813411 0,001146
порционный 3,064725 0,001248
ретейлер 5,010635 0,001020
культура 0,292136 0,000059
процедура 2,813411 0,003437
получаться 2,708050 0,001654
статья 0,013423 0,000003
кусочек 2,708050 0,004411
ассортимент 4,317488 0,000879
грамм 3,912023 0,000797
редактор 0,013423 0,000003
фгуп 0,499776 0,001526
получить 0,985284 0,001204
контакт 0,013423 0,000008
деревянный 3,064725 0,001248
государственный 0,013423 0,000008
следить 2,612740 0,001064
дождаться 3,624341 0,001476
застывший 5,010635 0,002041
сделать 1,226446 0,001748
тщательно 2,445686 0,001494
различный 2,525729 0,001543
связанный 0,013423 0,000005
риа 0,006689 0,000025
интенсивно 4,317488 0,001758
закрытый 0,013423 0,000003
обращать 0,013423 0,000003
куликов 4,317488 0,017583
творчество 3,624341 0,000738
стенка 4,317488 0,001758
год 0,006689 0,000001
пакет 3,401197 0,001385
таймер 4,317488 0,000879
средне 2,813411 0,005156
акцент 4,317488 0,001758
международный 0,013423 0,000008
тёртый 2,931194 0,002984
сахар 2,525729 0,023144
крупный 2,120264 0,002159
рим 3,912023 0,001593
май 1,643339 0,000669
агентство 0,013423 0,000011
семя 3,912023 0,003186
семь 2,708050 0,000551
сладкоежка 5,010635 0,001020
подобрать 3,218876 0,001311
растопить 4,317488 0,002637
заморозить 3,218876 0,015075
сегодня 0,013423 0,000055
вместо 2,813411 0,000573
просить 0,013423 0,000003
перевернуть 3,218876 0,001311
сразу 1,832581 0,001119
лёд 3,218876 0,008521
температура 2,445686 0,005976
покупатель 3,218876 0,000655
такой 1,098612 0,001566
заморозок 5,010635 0,008162
рассказывать 2,014903 0,000410
замешать 4,317488 0,000879
вкусовой 2,813411 0,001146
протеин 5,010635 0,002041
шапка 0,013423 0,000003
отправить 0,013423 0,000077
струйка 4,317488 0,001758
продолжить 0,006689 0,000001
решение 0,006689 0,000001
рука 1,791759 0,000365
куликовоймороженый 5,010635 0,007142
ознакомить 0,013423 0,000003
накануне 3,218876 0,001311
благодаря 2,302585 0,000938
летний 1,919593 0,002345
проставлять 0,013423 0,000003
аккаунт 0,013423 0,000014
экономика 0,292136 0,000059
состав 2,120264 0,003454
совершенно 3,624341 0,000738
обсуждение 0,013423 0,000005
уверенность 3,912023 0,000797
сложно 3,218876 0,001311
кукурузный 3,624341 0,001476
миска 2,612740 0,004256
почта 0,013423 0,000019
блокировка 0,013423 0,000011
рецепт 1,118815 0,010024
вариация 3,912023 0,000797
фамилия 0,013423 0,000003
загустение 5,010635 0,006122
школа 2,813411 0,008593
татьяна 3,064725 0,017473
яндекс 0,013423 0,000005
сливочный 2,931194 0,010147
медовый 3,624341 0,001476
ягодный 3,624341 0,009594
либо 0,013423 0,000008
холодный 2,066196 0,000841
остыть 2,525729 0,004629
понадобиться 2,813411 0,003437
растворение 4,317488 0,003517
нажимать 0,013423 0,000003
согласно 2,371578 0,000966
накрыть 3,218876 0,002622
название 2,813411 0,000573
нагреть 5,010635 0,002041
карамелизованный 5,010635 0,001020
ксения 3,218876 0,000655
поиск 0,013423 0,000003
парка 3,912023 0,000797
холод 5,010635 0,002041
условие 1,321756 0,004037
настояться 3,064725 0,001248
отсутствовать 3,218876 0,000655
постоянно 2,371578 0,003863
немой 2,612740 0,001064
планетарный 5,010635 0,002041
ром 5,010635 0,008162
способ 0,013423 0,000011
продукт 0,135438 0,000193
печение 3,218876 0,000655
подача 2,120264 0,003022
черничный 5,010635 0,002041
покрыть 2,931194 0,000597
специальный 1,514128 0,000617
новый 0,006689 0,000004
орех 3,218876 0,004588
детство 2,931194 0,002387
ещё 3,218876 0,002622
блендер 3,624341 0,019188
перегреть 5,010635 0,002041
местный 2,708050 0,000551
аллергик 5,010635 0,001020
пить 3,912023 0,001593
менее 2,177422 0,001330
доступ 0,013423 0,000005
миа 0,013423 0,000046
застылый 5,010635 0,002041
охладиться 4,317488 0,001758
полный 1,678431 0,001367
задать 0,013423 0,000003
помощь 1,321756 0,002153
рецептыобществоед 5,010635 0,001020
заварной 3,912023 0,001593
аллергия 3,912023 0,001593
повеселиться 5,010635 0,001020
г 0,013423 0,000131
сладкий 2,302585 0,002344
кислинка 3,218876 0,002622
варить 2,371578 0,000966
карамель 4,317488 0,007033
качественный 3,218876 0,000655
политика 0,013423 0,000014
л 2,525729 0,003086
о 0,013423 0,000003
исследование 3,064725 0,000624
течение 0,013423 0,000008
ягода 2,525729 0,018001
китай 1,714798 0,000349
бредис 4,317488 0,005275
пищевой 2,120264 0,000863
потрясать 4,317488 0,001758
оно 2,302585 0,006564
вариант 1,966113 0,000400
мир 0,223144 0,000182
готовка 1,919593 0,000782
миф 3,912023 0,000797
освежать 2,612740 0,001064
тонкий 2,612740 0,002128
поместить 3,064725 0,001872
порошок 3,401197 0,004155
абсолютно 3,624341 0,001476
классический 1,752539 0,001071
небольшой 2,014903 0,003693
время 0,013423 0,000016
охладить 2,931194 0,003581
кнопка 0,013423 0,000003
желток 3,624341 0,009594
выходить 3,064725 0,000624
ранее 0,013423 0,000003
автоматический 3,401197 0,001385
вручную 4,317488 0,001758
чистый 3,218876 0,001311
свежесть 3,912023 0,001593
получение 2,302585 0,002813
кулинар 2,813411 0,001719
город 0,013423 0,000003
разблокировать 0,013423 0,000008
следовать 2,014903 0,001231
кондитер 3,401197 0,018007
час 0,013423 0,000107
чат 0,013423 0,000005
молочный 2,931194 0,005372
удобно 3,401197 0,000693
заменитель 5,010635 0,004081
калорийный 4,317488 0,001758
новостеймолния 0,013423 0,000003
написать 0,013423 0,000003
прийтись 2,708050 0,001103
делаться 5,010635 0,002041
плёнка 3,624341 0,004428
заключительный 4,317488 0,001758
требовать 2,120264 0,000863
показать 0,013423 0,000005
мятный 4,317488 0,001758
обеспечивать 2,813411 0,000573
отсутствие 2,014903 0,000410
подбирать 5,010635 0,001020
основный 1,791759 0,000730
пароль 0,013423 0,000030
калорийность 2,120264 0,000863
вход 0,013423 0,000005
читать 0,791128 0,000161
описать 0,013423 0,000003
ккал 2,302585 0,001875
однородный 3,064725 0,003744
рассматривать 5,010635 0,002041
формочка 5,010635 0,005101
сэндвич 4,317488 0,000879
приятный 3,218876 0,000655
соус 2,525729 0,001029
перемешивать 3,624341 0,005904
смесь 2,371578 0,010141
снизить 2,931194 0,000597
интересный 2,177422 0,000443
помыть 3,912023 0,001593
доставать 4,317488 0,003517
сильно 2,708050 0,001103
подтверждать 0,013423 0,000003
плита 3,064725 0,002496
оценить 2,525729 0,001029
мякоть 4,317488 0,001758
гаврилов 0,013423 0,000003
учредитель 0,013423 0,000003
сотейник 5,010635 0,026527
ссылка 0,013423 0,000011
коммуникация 0,013423 0,000003
срезать 4,317488 0,001758
инструкция 1,966113 0,002002
мой 0,013423 0,000014
помочь 0,013423 0,000008
извлечь 3,624341 0,001476
бренд 3,064725 0,001248
любимый 2,813411 0,001719
добавление 2,931194 0,000597
крошка 4,317488 0,001758
основа 2,120264 0,002590
пояснять 2,371578 0,003863
делать 1,427116 0,000581
роскомнадзор 0,013423 0,000003
герметичный 4,317488 0,001758
куриный 2,371578 0,000966
технология 0,013423 0,000005
градус 2,931194 0,001194
остаться 1,919593 0,000782
венчик 3,912023 0,007966
москва 0,006689 0,000004
воспользоваться 0,013423 0,000011
гладкий 3,912023 0,001593
удивительно 4,317488 0,001758
подойти 2,813411 0,001719
финик 5,010635 0,002041
соединить 2,708050 0,003309
выгодный 3,218876 0,000655
добавлять 1,919593 0,001173
особенно 2,612740 0,000532
укрыть 4,317488 0,001758
рынок 2,708050 0,000551
большой 1,832581 0,000746
сливка 2,931194 0,039393
мятый 3,912023 0,004780
далее 0,013423 0,000019
зато 3,912023 0,001593
удивить 3,218876 0,001311
кипятить 3,912023 0,004780
виктория 2,931194 0,003581
сковорода 2,525729 0,000514
животное 2,708050 0,001103
жидкий 3,218876 0,001311
хотеть 0,006689 0,000001
открывать 0,013423 0,000005
италияевропапростый 5,010635 0,001020
погружной 5,010635 0,002041
различаться 5,010635 0,001020
стать 0,851752 0,002255
разновидность 3,624341 0,001476
выстелить 5,010635 0,002041
заваривание 5,010635 0,002041
придавать 2,612740 0,001064
отличный 3,401197 0,002078
нежный 2,177422 0,003547
вкрапление 5,010635 0,002041
обращение 0,013423 0,000008
какао 4,317488 0,014066
это 0,013423 0,000079
холодное 3,624341 0,002952
массовый 0,013423 0,000003
обработка 0,013423 0,000014
разрезать 3,624341 0,005904
переложить 3,064725 0,006865
вкус 1,752539 0,026408
лимонный 2,931194 0,001194
тара 4,317488 0,001758
два 1,514128 0,000617
сироп 4,317488 0,019341
насыщенный 2,931194 0,001791
новость 0,006689 0,000026
мороженое 3,401197 0,100422
йогурт 3,401197 0,008311
дыня 5,010635 0,010203
застывание 4,317488 0,001758
остальной 2,177422 0,000887
уложить 3,624341 0,000738
покупать 2,612740 0,000532
зарегистрироваться 0,013423 0,000014
пожаловаться 0,006689 0,000001
сладкое 3,401197 0,000693
войти 0,006689 0,000005
банан 3,624341 0,013284
шоколадный 3,912023 0,014339
отличие 3,624341 0,000738
комнатный 3,064725 0,007489
веганский 5,010635 0,002041
крем 3,624341 0,010332
радио 0,274437 0,000056
защита 0,013423 0,000011
восток 2,612740 0,000532
регистрация 0,013423 0,000014
подсластитель 4,317488 0,007033
выключить 3,624341 0,001476
клубника 3,624341 0,005904
белок 3,064725 0,004992
восстановление 0,013423 0,000011
полка 3,624341 0,001476
сгустить 4,317488 0,007033
крупинка 5,010635 0,004081
затем 1,791759 0,005108
жир 2,238047 0,000911
соль 2,066196 0,000841
покупной 5,010635 0,001020
действие 0,013423 0,000003
релиз 0,013423 0,000003
ночь 2,708050 0,002206
первый 0,883501 0,000540
жирность 3,624341 0,008856
замёрзнуть 3,218876 0,001966
отделить 3,218876 0,001311
обязательный 0,013423 0,000019
ошибка 0,013423 0,000008
вопрос 0,006689 0,000005
мягкий 2,445686 0,008466
специализированный 4,317488 0,000879
крышка 3,218876 0,006554
ваш 0,013423 0,000044
имя 0,013423 0,000014
имбирь 3,624341 0,002952
больший 2,014903 0,001231
срок 0,013423 0,000005
кто 2,014903 0,000410
песок 2,177422 0,000887
колотый 5,010635 0,001020
дальнейший 2,813411 0,001146
предпочтение 2,708050 0,001654
использование 0,013423 0,000014
сгущёнка 5,010635 0,004081
пора 2,525729 0,000514
август 1,752539 0,000357
самый 0,967584 0,004138
материал 0,013423 0,000025
целлофановый 5,010635 0,001020
перемешивание 5,010635 0,002041
имбирный 4,317488 0,005275
успешно 0,013423 0,000003
аккуратный 3,624341 0,001476
разлить 3,401197 0,001385
лента 0,006689 0,000003
экспериментировать 3,912023 0,002390
сфера 0,013423 0,000003
долька 3,401197 0,001385
мочь 1,399717 0,000285
сам 1,875141 0,000764
свидетельство 0,013423 0,000003
комментирование 0,013423 0,000005
блокироваться 0,013423 0,000003
твёрдый 3,401197 0,001385
разнообразный 3,401197 0,002078
куликовойженщина 5,010635 0,001020
правило 0,013423 0,000014
толстый 3,401197 0,004155
применение 0,013423 0,000003
ваниль 5,010635 0,022446
дать 0,013423 0,000025
пресс 0,013423 0,000005
персональный 0,013423 0,000022
действовать 2,445686 0,000996
листик 3,912023 0,001593
улочка 5,010635 0,002041
минимальный 2,708050 0,001103
смочь 0,006689 0,000001
комочек 3,912023 0,001593
яичный 3,064725 0,004992
душа 3,218876 0,001311
готовый 0,006689 0,000019
мешок 5,010635 0,002041
ценность 2,120264 0,000432
дата 0,006689 0,000001
простор 4,317488 0,000879
очередь 2,120264 0,000863
цвет 2,238047 0,000911
одноклассник 0,013423 0,000005
недопустимый 0,013423 0,000003
вы 0,013423 0,000003
восстановить 0,013423 0,000003
специалист 2,371578 0,000483
просто 1,714798 0,001397
россия 0,006689 0,000033
простой 1,272966 0,006480
горячий 1,966113 0,002402
свой 0,867501 0,001413
экстракт 5,010635 0,010203
пара 2,177422 0,001774
устройство 3,624341 0,002214
авторский 3,912023 0,001593
необходимость 2,177422 0,000887
наложить 4,317488 0,001758
сайт 0,013423 0,000008
полезный 0,143101 0,000612
галочка 0,013423 0,000003
заблокировать 0,013423 0,000005
выступать 2,931194 0,001194
поддерживаетсяполучить 0,013423 0,000003
другой 0,013423 0,000019
категорически 3,912023 0,001593
стручок 5,010635 0,014284
миксер 5,010635 0,023467
унитарный 0,013423 0,000008
давать 0,013423 0,000011
бобовый 5,010635 0,002041
дынный 5,010635 0,002041
отправка 0,013423 0,000003
перелить 4,317488 0,008791
взбиться 5,010635 0,004081
выращиваться 5,010635 0,001020
собственный 2,445686 0,001992
прогреть 3,401197 0,001385
схожий 3,624341 0,000738
питание 2,302585 0,000938
сей 2,931194 0,000597
джелато 5,010635 0,002041
жаркий 3,401197 0,001385
цельный 4,317488 0,001758
вид 1,399717 0,001710
ребёнок 1,514128 0,001233
хвостик 3,912023 0,001593
вымыть 3,401197 0,001385
сложить 3,401197 0,002770
дно 3,912023 0,004780
плотный 3,401197 0,001385
навсего 5,010635 0,002041
замочить 3,401197 0,001385
масло 2,238047 0,001823
остывание 4,317488 0,001758
домашний 2,177422 0,014188
авторизация 0,013423 0,000003
религия 0,283247 0,000058
рейтинг 0,006689 0,000001
форма 0,013423 0,000046
дом 1,514128 0,001542
среднее 2,445686 0,000498
вегановый 5,010635 0,001020
растительный 2,931194 0,001194
лакомство 4,317488 0,010550
зависеть 2,066196 0,001262
шоколад 3,912023 0,006373
любой 1,576648 0,002247
украсить 2,708050 0,004963
мята 3,064725 0,001248
оригинальный 2,238047 0,002734
сахарный 3,912023 0,004780
недвижимость 0,292136 0,000059
пугаться 5,010635 0,002041
удобный 2,931194 0,001194
компонент 2,931194 0,001791
восточный 2,708050 0,000551
напоминать 3,064725 0,001248
тема 0,013423 0,000008
помешивание 5,010635 0,004081
сервис 0,174353 0,000036
дискуссия 0,013423 0,000005
фруктовый 3,218876 0,009176
служба 0,006689 0,000001
заметить 0,013423 0,000003
низкокалорийный 4,317488 0,001758
рекомендательный 0,013423 0,000003
белый 2,371578 0,004346
мёд 3,218876 0,006554
довести 2,931194 0,008356
стоять 3,401197 0,000693
движение 2,813411 0,001146
кг 3,064725 0,001248
фракция 3,064725 0,000624
морозилка 5,010635 0,039791
ручной 3,401197 0,001385
ломтик 2,931194 0,002387
крахмал 3,912023 0,004780
собирать 3,218876 0,000655
ларёк 5,010635 0,001020
кофе 3,401197 0,004155
решить 1,919593 0,000391
прекрасно 3,218876 0,000655
постоянный 3,401197 0,002770
который 0,603916 0,001107
убрать 2,302585 0,015941
холодильник 2,525729 0,003086
например 1,714798 0,001048
приготовление 1,484275 0,009067
авторизоваться 0,013423 0,000005
ванилин 5,010635 0,002041
выбрать 0,013423 0,000008
рассказать 0,933098 0,000380
растаять 4,317488 0,000879
сито 3,401197 0,002770
кулинарный 3,064725 0,000624
упрощать 5,010635 0,001020
пломбир 4,317488 0,009671
незнакомый 5,010635 0,002041
миндальный 4,317488 0,000879
вынуть 3,912023 0,001593
новыесначала 0,013423 0,000003
нужный 1,643339 0,000335
сверху 3,064725 0,003120
несколько 1,544899 0,000629
предоставить 2,066196 0,002524
марсианский 4,317488 0,001758
мл 2,612740 0,007448
место 1,272966 0,000518
банановый 3,624341 0,004428
безопасно 5,010635 0,001020
натуральный 3,064725 0,004368
пышный 3,218876 0,002622
корень 3,401197 0,001385
тёмный 3,624341 0,001476
тростниковый 4,317488 0,001758
отдых 3,218876 0,000655
вакансия 0,013423 0,000003
спелый 4,317488 0,005275
мы 0,013423 0,000025
пик 5,010635 0,004081
участие 0,006689 0,000001
раствориться 3,912023 0,001593
свежий 2,066196 0,005049
использовать 0,013423 0,000030
выбор 2,066196 0,000841
опечатка 0,013423 0,000003
образоваться 3,218876 0,001311
самостоятельно 2,708050 0,001654
каждый 1,399717 0,002280
онлайн 0,013423 0,000046
маленький 2,371578 0,001449
привычный 3,401197 0,000693
советовать 3,064725 0,000624
осуществляться 0,013423 0,000003
поставщик 3,218876 0,000655
финиковый 5,010635 0,004081
апрель 0,013423 0,000003
категория 1,576648 0,005458
сок 2,813411 0,006875
основатель 3,912023 0,000797
количество 1,919593 0,005081
модель 3,624341 0,000738
кондитерский 5,010635 0,002041
федеральный 0,013423 0,000011
баночка 5,010635 0,002041
подходящий 3,064725 0,002496
размораживать 4,317488 0,003517
поделиться 3,218876 0,005244
схватиться 5,010635 0,002041
сотня 3,624341 0,000738
поливать 4,317488 0,000879
попробовать 0,013423 0,000019
заполнение 0,013423 0,000019
вернуть 2,120264 0,000863
воздушный 3,064725 0,000624
внимание 0,013423 0,000003
принимать 0,013423 0,000003
загустеть 5,010635 0,004081
значительно 3,218876 0,000655
смешать 2,813411 0,005729
молоко 2,445686 0,015438
пп 3,624341 0,001476
выпуск 0,013423 0,000003
безопасный 3,064725 0,001248
сворачиваться 5,010635 0,002041
надзор 0,013423 0,000003
ввести 2,931194 0,001194
всё 3,912023 0,001593
очень 1,678431 0,001709
июл 4,317488 0,000879
предприятие 0,013423 0,000008
наука 0,283247 0,000058
обратный 0,013423 0,000019
произойти 0,013423 0,000003
проверить 2,302585 0,000938
книга 3,218876 0,000655
