истечь 0,013423 0,000019
польский 2,708050 0,003772
лента 0,006689 0,000019
законный 0,013423 0,000019
новый 0,006689 0,000019
день 0,591795 0,000824
австрийский 3,218876 0,004483
найти 0,013423 0,000037
письмо 0,013423 0,000037
испанский 3,218876 0,004483
сфера 0,013423 0,000019
электронный 0,013423 0,000019
спасибо 0,013423 0,000019
расширить 0,006689 0,000009
свидетельство 0,013423 0,000019
согласие 0,013423 0,000037
комментирование 0,013423 0,000037
доступ 0,013423 0,000037
блокироваться 0,013423 0,000019
миа 0,013423 0,000037
задать 0,013423 0,000019
связаться 0,013423 0,000112
тайский 3,401197 0,004737
правило 0,013423 0,000093
сохранить 0,013423 0,000019
г 0,013423 0,000037
тестовый 3,218876 0,004483
реклама 0,013423 0,000019
фото 0,013423 0,000037
политика 0,013423 0,000075
связь 0,006689 0,000075
применение 0,013423 0,000019
взаимодействие 0,013423 0,000037
о 0,013423 0,000019
дать 0,013423 0,000037
пресс 0,013423 0,000019
согласный 0,013423 0,000056
персональный 0,013423 0,000150
перетянуть 0,013423 0,000019
немецкий 2,708050 0,003772
течение 0,013423 0,000019
паназиатский 3,401197 0,004737
тортовый 3,218876 0,004483
смочь 0,006689 0,000009
использоваться 0,006689 0,000009
китайкский 3,401197 0,004737
суп 2,302585 0,003207
готовый 0,006689 0,000019
дата 0,006689 0,000009
мир 0,223144 0,000311
инфографик 2,177422 0,003033
готовка 1,919593 0,005347
пройти 0,006689 0,000009
заголовок 0,013423 0,000037
одноклассник 0,013423 0,000037
недопустимый 0,013423 0,000019
информационный 0,013423 0,000075
вы 0,013423 0,000019
фио 0,013423 0,000019
восстановить 0,013423 0,000019
пожалуйста 0,013423 0,000019
русский 1,118815 0,001558
сложность 2,371578 0,009909
итальянский 2,813411 0,003918
рассмотреть 0,013423 0,000019
расположить 0,013423 0,000037
время 0,013423 0,000056
версия 0,013423 0,000019
ниже 0,013423 0,000056
кнопка 0,013423 0,000019
россия 0,006689 0,000075
простой 1,272966 0,001773
горячий 1,966113 0,002738
кавказка 3,401197 0,004737
десерт 2,525729 0,003518
зарегистрировать 0,013423 0,000019
ранее 0,013423 0,000019
главный 0,013423 0,000019
проблема 0,013423 0,000019
данные 0,013423 0,000150
турецкий 3,401197 0,004737
выпечка 2,612740 0,003639
белорусский 3,218876 0,004483
город 0,013423 0,000019
разблокировать 0,013423 0,000056
фотография 0,013423 0,000019
сайт 0,013423 0,000056
поле 0,013423 0,000150
армянский 2,708050 0,003772
час 0,013423 0,000075
американский 1,966113 0,002738
чат 0,013423 0,000037
сладость 2,445686 0,003406
новостеймолния 0,013423 0,000019
написать 0,013423 0,000019
галочка 0,013423 0,000019
сложный 1,966113 0,002738
заблокировать 0,013423 0,000037
перетащить 0,013423 0,000056
соглашаться 0,013423 0,000019
сначала 0,013423 0,000019
вьетнамский 3,218876 0,004483
поддерживаетсяполучить 0,013423 0,000019
адрес 0,013423 0,000093
другой 0,013423 0,000056
соответствие 0,013423 0,000037
унитарный 0,013423 0,000056
давать 0,013423 0,000037
показать 0,013423 0,000019
отправка 0,013423 0,000019
загрузить 0,013423 0,000037
направление 0,013423 0,000019
основный 1,791759 0,002495
телефон 0,013423 0,000019
пароль 0,013423 0,000206
редакция 0,013423 0,000056
удалить 0,013423 0,000075
перекус 3,064725 0,004268
пирог 3,064725 0,004268
вход 0,013423 0,000037
должный 0,013423 0,000019
описать 0,013423 0,000019
размещение 0,013423 0,000019
сколько 0,006689 0,000009
автор 0,013423 0,000019
старый 0,013423 0,000019
сообщение 0,013423 0,000262
скандинавский 3,401197 0,004737
соус 2,525729 0,003518
подтвердить 0,013423 0,000019
гарнир 3,218876 0,004483
британский 2,371578 0,003303
видео 1,832581 0,002552
грузинский 2,813411 0,003918
греческий 2,612740 0,003639
подтверждать 0,013423 0,000019
гаврилов 0,013423 0,000019
учредитель 0,013423 0,000019
авторизация 0,013423 0,000019
рейтинг 0,006689 0,000009
форма 0,013423 0,000224
еврейский 3,218876 0,004483
ссылка 0,013423 0,000075
коммуникация 0,013423 0,000019
минута 1,226446 0,005124
мой 0,013423 0,000093
помочь 0,013423 0,000019
статья 0,013423 0,000019
салат 2,120264 0,002953
описание 0,013423 0,000019
любой 1,576648 0,017567
процесс 0,013423 0,000019
средиземноморский 3,218876 0,004483
азиатский 3,218876 0,004483
роскомнадзор 0,013423 0,000019
технология 0,013423 0,000037
редактор 0,013423 0,000019
восточный 2,708050 0,003772
контакт 0,013423 0,000019
москва 0,006689 0,000028
воспользоваться 0,013423 0,000075
тема 0,013423 0,000075
государственный 0,013423 0,000056
дискуссия 0,013423 0,000037
португальский 3,401197 0,004737
связанный 0,013423 0,000037
служба 0,006689 0,000009
риа 0,006689 0,000019
заметить 0,013423 0,000019
закуска 2,302585 0,009621
закрытый 0,013423 0,000019
обращать 0,013423 0,000019
рекомендательный 0,013423 0,000019
далее 0,013423 0,000037
разный 1,484275 0,002067
год 0,006689 0,000009
хотеть 0,006689 0,000009
фильтр 4,317488 0,006013
открывать 0,013423 0,000037
кухня 1,576648 0,083444
перейти 0,013423 0,000019
международный 0,013423 0,000056
японский 2,931194 0,004082
африканский 3,064725 0,004268
обращение 0,013423 0,000056
агентство 0,013423 0,000075
приготовление 1,484275 0,002067
массовый 0,013423 0,000019
обработка 0,013423 0,000093
это 0,013423 0,000019
украинский 1,576648 0,002196
авторизоваться 0,013423 0,000037
выбрать 0,013423 0,000056
сегодня 0,013423 0,000093
страна 1,139434 0,001587
новость 0,006689 0,000028
варение 3,218876 0,004483
просить 0,013423 0,000019
новыесначала 0,013423 0,000019
зарегистрироваться 0,013423 0,000093
пожаловаться 0,006689 0,000009
средний 1,832581 0,002552
войти 0,006689 0,000037
шапка 0,013423 0,000019
отправить 0,013423 0,000262
запрос 2,813411 0,003918
продолжить 0,006689 0,000009
узбекский 3,401197 0,004737
решение 0,006689 0,000009
ознакомить 0,013423 0,000019
вакансия 0,013423 0,000019
эл 0,013423 0,000019
мы 0,013423 0,000131
проставлять 0,013423 0,000019
радио 0,274437 0,000382
сожаление 3,912023 0,005449
участие 0,006689 0,000009
аккаунт 0,013423 0,000093
защита 0,013423 0,000075
регистрация 0,013423 0,000093
обсуждение 0,013423 0,000037
опечатка 0,013423 0,000019
использовать 0,013423 0,000019
мексиканский 3,218876 0,004483
почему 0,013423 0,000019
восстановление 0,013423 0,000075
быстрый 1,714798 0,002388
онлайн 0,013423 0,000019
фильтрыскрытьсбросить 4,317488 0,006013
почта 0,013423 0,000131
блокировка 0,013423 0,000075
рецепт 1,118815 0,099727
осуществляться 0,013423 0,000019
арабский 3,218876 0,004483
апрель 0,013423 0,000019
вконтакте 0,013423 0,000037
категория 1,576648 0,004392
фамилия 0,013423 0,000019
логин 0,013423 0,000019
конфиденциальность 0,013423 0,000075
нарушение 0,013423 0,000056
навсегда 0,013423 0,000019
яндекс 0,013423 0,000037
хлеб 2,371578 0,003303
корейский 3,218876 0,004483
холодный 2,066196 0,002878
действие 0,013423 0,000019
либо 0,013423 0,000019
напиток 2,371578 0,003303
федеральный 0,013423 0,000075
релиз 0,013423 0,000019
нажимать 0,013423 0,000019
назад 0,013423 0,000093
список 0,013423 0,000019
поиск 0,013423 0,000019
обязательный 0,013423 0,000131
ошибка 0,013423 0,000056
вопрос 0,006689 0,000037
зубовский 0,013423 0,000037
попробовать 0,013423 0,000019
заполнение 0,013423 0,000131
заполнить 0,013423 0,000131
внимание 0,013423 0,000019
принимать 0,013423 0,000019
индийский 3,401197 0,004737
ваш 0,013423 0,000318
имя 0,013423 0,000093
французский 2,445686 0,003406
блюдо 1,609438 0,004483
швейцарский 3,401197 0,004737
выпуск 0,013423 0,000019
срок 0,013423 0,000037
основание 0,013423 0,000019
издание 0,013423 0,000019
бульвар 0,013423 0,000037
сетевой 0,013423 0,000019
событие 1,544899 0,002152
надзор 0,013423 0,000019
использование 0,013423 0,000019
вновь 0,013423 0,000019
сменить 0,013423 0,000019
предприятие 0,013423 0,000056
способ 0,013423 0,000037
материал 0,013423 0,000168
участвовать 0,013423 0,000037
сообщить 0,013423 0,000019
обратный 0,013423 0,000131
чешский 3,401197 0,004737
произойти 0,013423 0,000019
европейский 1,791759 0,002495
быть 0,013423 0,000019
успешно 0,013423 0,000019
второй 1,427116 0,001988
печение 3,218876 0,004483
скриншот 0,013423 0,000056
