истечь 0,013423 0,000015
польский 2,708050 0,003081
закусокобществоновый 5,010635 0,005700
лента 0,006689 0,000015
законный 0,013423 0,000015
новый 0,006689 0,000038
австрийский 3,218876 0,003662
найти 0,013423 0,000015
письмо 0,013423 0,000031
испанский 3,218876 0,003662
сфера 0,013423 0,000015
электронный 0,013423 0,000015
спасибо 0,013423 0,000015
расширить 0,006689 0,000008
месяц 1,003302 0,001141
свидетельство 0,013423 0,000015
согласие 0,013423 0,000031
комментирование 0,013423 0,000031
кукуруза 4,317488 0,009824
доступ 0,013423 0,000031
блокироваться 0,013423 0,000015
миа 0,013423 0,000031
задать 0,013423 0,000015
авокадо 3,218876 0,003662
связаться 0,013423 0,000092
декабрь 0,985284 0,001121
варена 4,317488 0,004912
тайский 3,401197 0,003869
правило 0,013423 0,000076
сохранить 0,013423 0,000015
г 0,013423 0,000031
тестовый 3,218876 0,003662
палочка 4,317488 0,004912
реклама 0,013423 0,000015
фото 0,013423 0,000015
политика 0,013423 0,000061
связь 0,006689 0,000061
применение 0,013423 0,000015
взаимодействие 0,013423 0,000031
о 0,013423 0,000015
дать 0,013423 0,000031
укроп 2,445686 0,002782
пресс 0,013423 0,000015
согласный 0,013423 0,000046
персональный 0,013423 0,000122
перетянуть 0,013423 0,000015
немецкий 2,708050 0,003081
течение 0,013423 0,000015
паназиатский 3,401197 0,003869
тортовый 3,218876 0,003662
смочь 0,006689 0,000008
использоваться 0,006689 0,000008
китайкский 3,401197 0,003869
суп 2,302585 0,002620
лечо 5,010635 0,005700
готовый 0,006689 0,000015
брокколи 4,317488 0,004912
дата 0,006689 0,000008
готовка 1,919593 0,002184
пройти 0,006689 0,000008
заголовок 0,013423 0,000031
одноклассник 0,013423 0,000031
недопустимый 0,013423 0,000015
информационный 0,013423 0,000061
вы 0,013423 0,000015
рецептыкулинарияедапростый 3,401197 0,003869
фио 0,013423 0,000015
восстановить 0,013423 0,000015
пожалуйста 0,013423 0,000015
русский 1,118815 0,005091
сложность 2,371578 0,005396
итальянский 2,813411 0,006401
рассмотреть 0,013423 0,000015
капуста 2,708050 0,003081
расположить 0,013423 0,000031
время 0,013423 0,000046
версия 0,013423 0,000015
ниже 0,013423 0,000046
кнопка 0,013423 0,000015
россия 0,006689 0,000053
простой 1,272966 0,002896
горячий 1,966113 0,002237
кавказка 3,401197 0,003869
десерт 2,525729 0,002873
каштановый 5,010635 0,005700
зарегистрировать 0,013423 0,000015
ранее 0,013423 0,000015
главный 0,013423 0,000015
проблема 0,013423 0,000015
данные 0,013423 0,000122
турецкий 3,401197 0,003869
выпечка 2,612740 0,002972
белорусский 3,218876 0,003662
город 0,013423 0,000015
разблокировать 0,013423 0,000046
фотография 0,013423 0,000015
сайт 0,013423 0,000046
поле 0,013423 0,000122
армянский 2,708050 0,003081
час 0,013423 0,000061
американский 1,966113 0,002237
чат 0,013423 0,000031
легко 1,791759 0,002038
сладость 2,445686 0,002782
новостеймолния 0,013423 0,000015
написать 0,013423 0,000015
галочка 0,013423 0,000015
сложный 1,966113 0,002237
заблокировать 0,013423 0,000031
перетащить 0,013423 0,000046
соглашаться 0,013423 0,000015
сначала 0,013423 0,000015
вьетнамский 3,218876 0,003662
поддерживаетсяполучить 0,013423 0,000015
перец 2,445686 0,002782
адрес 0,013423 0,000076
рыба 2,931194 0,003335
другой 0,013423 0,000046
соответствие 0,013423 0,000031
ужин 3,401197 0,003869
унитарный 0,013423 0,000046
закусокрецептырецепт 5,010635 0,022802
давать 0,013423 0,000031
показать 0,013423 0,000015
отправка 0,013423 0,000015
кабачковый 3,912023 0,004451
загрузить 0,013423 0,000031
рулет 5,010635 0,005700
направление 0,013423 0,000015
основный 1,791759 0,002038
телефон 0,013423 0,000015
пароль 0,013423 0,000168
редакция 0,013423 0,000046
удалить 0,013423 0,000061
перекус 3,064725 0,003487
пирог 3,064725 0,003487
тарталетка 4,317488 0,004912
вход 0,013423 0,000031
должный 0,013423 0,000015
описать 0,013423 0,000015
размещение 0,013423 0,000015
сколько 0,006689 0,000008
лошадь 3,064725 0,003487
автор 0,013423 0,000015
старый 0,013423 0,000015
сообщение 0,013423 0,000214
огненный 3,064725 0,003487
скандинавский 3,401197 0,003869
торт 3,624341 0,004123
сэндвич 4,317488 0,004912
соус 2,525729 0,002873
крабовый 2,931194 0,003335
закусокпростой 3,912023 0,004451
подтвердить 0,013423 0,000015
гарнир 3,218876 0,003662
майонез 3,218876 0,003662
британский 2,371578 0,005396
грузинский 2,813411 0,003201
бутерброд 2,525729 0,005747
греческий 2,612740 0,002972
подтверждать 0,013423 0,000015
гаврилов 0,013423 0,000015
учредитель 0,013423 0,000015
болгарский 3,401197 0,003869
домашний 2,177422 0,002477
авторизация 0,013423 0,000015
рейтинг 0,006689 0,000008
форма 0,013423 0,000183
последний 0,899761 0,001024
еврейский 3,218876 0,007324
ссылка 0,013423 0,000061
коммуникация 0,013423 0,000015
минута 1,226446 0,005581
мой 0,013423 0,000076
помочь 0,013423 0,000015
брускетта 4,317488 0,009824
статья 0,013423 0,000015
салат 2,120264 0,002412
описание 0,013423 0,000015
процесс 0,013423 0,000015
клаб 5,010635 0,005700
средиземноморский 3,218876 0,003662
курица 2,931194 0,006669
азиатский 3,218876 0,003662
роскомнадзор 0,013423 0,000015
технология 0,013423 0,000031
редактор 0,013423 0,000015
помидор 2,931194 0,010004
восточный 2,708050 0,003081
контакт 0,013423 0,000015
москва 0,006689 0,000015
воспользоваться 0,013423 0,000061
тема 0,013423 0,000046
жареный 3,401197 0,003869
государственный 0,013423 0,000046
мексиканск 5,010635 0,005700
дискуссия 0,013423 0,000031
португальский 3,401197 0,003869
кимчать 5,010635 0,011401
пекинский 3,912023 0,004451
связанный 0,013423 0,000031
служба 0,006689 0,000008
риа 0,006689 0,000015
заметить 0,013423 0,000015
закуска 2,302585 0,023576
закрытый 0,013423 0,000015
обращать 0,013423 0,000015
рекомендательный 0,013423 0,000015
далее 0,013423 0,000031
разный 1,484275 0,001689
рецептырецепт 1,875141 0,002133
год 0,006689 0,000053
хотеть 0,006689 0,000008
открывать 0,013423 0,000031
кухня 1,576648 0,073541
перейти 0,013423 0,000015
международный 0,013423 0,000046
японский 2,931194 0,003335
сыр 2,708050 0,009242
африканский 3,064725 0,003487
обращение 0,013423 0,000046
агентство 0,013423 0,000061
приготовление 1,484275 0,015197
изысканный 3,624341 0,004123
массовый 0,013423 0,000015
обработка 0,013423 0,000076
это 0,013423 0,000015
украинский 1,576648 0,001794
авторизоваться 0,013423 0,000031
огурец 2,931194 0,010004
выбрать 0,013423 0,000046
сегодня 0,013423 0,000076
страна 1,139434 0,001296
новость 0,006689 0,000030
варение 3,218876 0,003662
просить 0,013423 0,000015
чеснок 2,612740 0,011890
новыесначала 0,013423 0,000015
зарегистрироваться 0,013423 0,000076
пожаловаться 0,006689 0,000008
средний 1,832581 0,002085
войти 0,006689 0,000030
шапка 0,013423 0,000015
отправить 0,013423 0,000214
продолжить 0,006689 0,000008
канапе 4,317488 0,004912
узбекский 3,401197 0,003869
решение 0,006689 0,000008
ознакомить 0,013423 0,000015
необычный 2,014903 0,002292
икра 3,624341 0,004123
март 1,514128 0,018948
гренка 4,317488 0,004912
вакансия 0,013423 0,000015
эл 0,013423 0,000015
мы 0,013423 0,000107
проставлять 0,013423 0,000015
участие 0,006689 0,000008
аккаунт 0,013423 0,000076
защита 0,013423 0,000061
свежий 2,066196 0,002351
регистрация 0,013423 0,000076
обсуждение 0,013423 0,000031
опечатка 0,013423 0,000015
использовать 0,013423 0,000015
мексиканский 3,218876 0,003662
почему 0,013423 0,000015
восстановление 0,013423 0,000061
быстрый 1,714798 0,003902
онлайн 0,013423 0,000015
хороший 1,059392 0,001205
любитель 3,624341 0,004123
почта 0,013423 0,000107
блокировка 0,013423 0,000061
рецепт 1,118815 0,132374
красный 1,966113 0,004474
осуществляться 0,013423 0,000015
вкусный 1,752539 0,001994
арабский 3,218876 0,003662
апрель 0,013423 0,000031
вконтакте 0,013423 0,000031
фамилия 0,013423 0,000015
закусокрецепт 2,708050 0,043132
логин 0,013423 0,000015
конфиденциальность 0,013423 0,000061
нарушение 0,013423 0,000046
навсегда 0,013423 0,000015
соль 2,066196 0,002351
яндекс 0,013423 0,000031
хлеб 2,371578 0,002698
корейский 3,218876 0,003662
сливочный 2,931194 0,003335
уровень 2,014903 0,002292
пикантный 3,401197 0,003869
минутрецепт 2,708050 0,003081
холодный 2,066196 0,002351
действие 0,013423 0,000015
либо 0,013423 0,000015
напиток 2,371578 0,002698
федеральный 0,013423 0,000061
релиз 0,013423 0,000015
нажимать 0,013423 0,000015
назад 0,013423 0,000076
кухнирецептыновогодний 3,912023 0,004451
список 0,013423 0,000015
лаваш 4,317488 0,004912
поиск 0,013423 0,000015
обязательный 0,013423 0,000107
ошибка 0,013423 0,000046
вопрос 0,006689 0,000030
зубовский 0,013423 0,000031
попробовать 0,013423 0,000015
заполнение 0,013423 0,000107
заполнить 0,013423 0,000107
внимание 0,013423 0,000015
принимать 0,013423 0,000015
индийский 3,401197 0,003869
ваш 0,013423 0,000244
имя 0,013423 0,000076
французский 2,445686 0,002782
блюдо 1,609438 0,003662
швейцарский 3,401197 0,003869
выпуск 0,013423 0,000015
срок 0,013423 0,000031
основание 0,013423 0,000015
издание 0,013423 0,000015
бульвар 0,013423 0,000031
сетевой 0,013423 0,000015
печёночный 5,010635 0,005700
надзор 0,013423 0,000015
использование 0,013423 0,000015
фильтрыскрыть 3,624341 0,004123
вновь 0,013423 0,000015
неделя 1,181994 0,001345
сменить 0,013423 0,000015
предприятие 0,013423 0,000046
способ 0,013423 0,000031
материал 0,013423 0,000137
участвовать 0,013423 0,000031
творожный 3,218876 0,003662
сообщить 0,013423 0,000015
обратный 0,013423 0,000107
чешский 3,401197 0,003869
произойти 0,013423 0,000015
европейский 1,791759 0,002038
яркий 2,302585 0,002620
быть 0,013423 0,000015
пошаговый 1,455287 0,001656
успешно 0,013423 0,000015
второй 1,427116 0,001624
семейный 2,525729 0,002873
шпрот 3,912023 0,004451
печение 3,218876 0,003662
скриншот 0,013423 0,000046
