придумать 2,931194 0,002129
законный 0,013423 0,000010
новый 0,006689 0,000019
день 0,591795 0,001719
экспорт 3,401197 0,007410
найти 0,013423 0,000010
письмо 0,013423 0,000019
невероятный 3,401197 0,002470
спасибо 0,013423 0,000019
санкция 2,931194 0,002129
расширить 0,006689 0,000005
местный 2,708050 0,003933
вокруг 3,064725 0,004451
попросить 3,401197 0,002470
попутно 5,010635 0,003639
согласие 0,013423 0,000019
центр 0,166448 0,000121
удар 2,120264 0,001540
менее 2,177422 0,001581
замысел 5,010635 0,003639
важный 1,297063 0,000942
касаться 2,371578 0,001722
доступ 0,013423 0,000019
пойти 2,708050 0,001967
миа 0,013423 0,000049
заявление 2,066196 0,004502
задать 0,013423 0,000010
госсекретарь 5,010635 0,003639
связаться 0,013423 0,000058
человек 1,118815 0,000813
производство 2,612740 0,003795
г 0,013423 0,000019
реклама 0,013423 0,000019
фото 0,013423 0,000010
политика 0,013423 0,000078
связь 0,006689 0,000044
о 0,013423 0,000010
венесуэла 3,218876 0,009350
насколько 3,624341 0,002632
аналитикать 3,912023 0,002841
нога 3,218876 0,002338
х 3,401197 0,002470
течение 0,013423 0,000010
китай 1,714798 0,017434
иранец 5,010635 0,003639
вариант 1,966113 0,001428
тратить 3,401197 0,002470
мир 0,223144 0,000972
задержка 3,401197 0,002470
обосноваться 5,010635 0,003639
весь 1,021651 0,000742
пройти 0,006689 0,000005
заголовок 0,013423 0,000019
наружу 5,010635 0,003639
каракас 4,317488 0,003135
неугодный 5,010635 0,003639
структура 3,624341 0,002632
информационный 0,013423 0,000039
русский 1,118815 0,000813
углеводород 5,010635 0,003639
пагубный 5,010635 0,003639
продиктовать 5,010635 0,003639
весьма 5,010635 0,007278
входить 2,813411 0,002043
рассмотреть 0,013423 0,000010
расположить 0,013423 0,000019
проект 2,014903 0,001463
бывший 2,302585 0,001672
время 0,013423 0,000029
конец 1,643339 0,002387
кнопка 0,013423 0,000010
внутренний 3,218876 0,004675
подписание 3,912023 0,002841
республика 2,302585 0,001672
ибо 5,010635 0,003639
сильный 1,919593 0,001394
ранее 0,013423 0,000019
европеец 3,912023 0,002841
ситуация 1,643339 0,001193
подкаст 0,292136 0,000212
главный 0,013423 0,000010
проблема 0,013423 0,000010
причём 2,708050 0,001967
данные 0,013423 0,000088
максимально 3,401197 0,002470
флот 3,064725 0,002226
также 1,139434 0,001655
сергей 1,544899 0,004488
украина 1,160488 0,001686
город 0,013423 0,000010
разблокировать 0,013423 0,000029
обсуждать 3,912023 0,002841
фотография 0,013423 0,000010
час 0,013423 0,000019
чат 0,013423 0,000019
актив 2,931194 0,002129
сектор 3,064725 0,002226
новостеймолния 0,013423 0,000010
написать 0,013423 0,000010
пытаться 2,708050 0,001967
вырасти 2,931194 0,002129
зависимость 1,966113 0,001428
соглашаться 0,013423 0,000010
северный 2,177422 0,001581
сначала 0,013423 0,000010
находиться 2,177422 0,001581
изменение 2,525729 0,001834
начать 1,966113 0,001428
выступить 3,624341 0,002632
показать 0,013423 0,000010
отсутствие 2,014903 0,002927
миллиард 3,064725 0,006677
основный 1,791759 0,001301
пароль 0,013423 0,000107
вообразить 5,010635 0,003639
кремль 2,177422 0,001581
формально 3,624341 0,005264
удалить 0,013423 0,000039
накрепко 5,010635 0,003639
мирный 2,525729 0,001834
сковать 5,010635 0,003639
вход 0,013423 0,000019
читать 0,791128 0,000575
производственный 3,624341 0,002632
описать 0,013423 0,000010
размещение 0,013423 0,000010
дональд 2,371578 0,006889
равно 3,401197 0,002470
сколько 0,006689 0,000005
некогда 5,010635 0,003639
форменный 5,010635 0,003639
мадурый 3,912023 0,011364
сказка 3,912023 0,002841
очертание 5,010635 0,003639
вторгаться 5,010635 0,003639
оценка 2,931194 0,002129
революция 3,624341 0,002632
иметь 1,544899 0,002244
полностью 2,014903 0,004390
интересный 2,177422 0,003163
дэн 5,010635 0,010916
триллион 4,317488 0,003135
подтверждать 0,013423 0,000010
гаврилов 0,013423 0,000010
учредитель 0,013423 0,000010
часть 1,373049 0,000997
лишь 2,371578 0,001722
распоряжение 3,624341 0,005264
последний 0,899761 0,002614
ссылка 0,013423 0,000039
сторона 1,609438 0,002338
коммуникация 0,013423 0,000010
пекин 3,401197 0,002470
прорываться 5,010635 0,003639
мой 0,013423 0,000049
архив 0,190354 0,000138
помочь 0,013423 0,000010
добавляться 3,912023 0,002841
незначительный 5,010635 0,003639
геополитический 3,912023 0,002841
германский 4,317488 0,003135
заявить 1,272966 0,000924
сша 1,118815 0,003250
природный 2,931194 0,004257
ресурс 2,612740 0,001897
описание 0,013423 0,000010
щедро 3,218876 0,002338
процесс 0,013423 0,000010
помиловать 3,218876 0,002338
энергоресурсы 4,317488 0,003135
ископаемое 4,317488 0,003135
одновременно 3,401197 0,002470
роскомнадзор 0,013423 0,000010
технология 0,013423 0,000019
эквивалентный 5,010635 0,003639
повторить 3,218876 0,002338
совпадать 3,624341 0,002632
случиться 3,218876 0,007013
качество 2,177422 0,001581
москва 0,006689 0,000019
ошибочный 5,010635 0,003639
экспортный 3,218876 0,002338
хаб 5,010635 0,003639
воспользоваться 0,013423 0,000039
финт 5,010635 0,003639
подойти 2,813411 0,002043
соединить 2,708050 0,005900
сорт 2,931194 0,002129
администрация 3,218876 0,002338
амбиция 4,317488 0,003135
климат 4,317488 0,003135
добавлять 1,919593 0,001394
результат 1,714798 0,001245
опыт 2,931194 0,002129
деньга 2,066196 0,003001
лицо 1,714798 0,002491
враг 3,218876 0,002338
команда 2,708050 0,001967
энергетика 3,064725 0,002226
далее 0,013423 0,000029
изначально 3,401197 0,002470
поставить 2,014903 0,001463
опасность 2,931194 0,002129
конференция 3,401197 0,002470
подавление 5,010635 0,003639
оплатить 2,708050 0,001967
получать 2,238047 0,001625
сравнение 3,624341 0,002632
партнёрство 5,010635 0,003639
авиастроение 4,317488 0,003135
лоб 5,010635 0,003639
хотеть 0,006689 0,000015
открывать 0,013423 0,000019
молчание 5,010635 0,003639
шёлковый 5,010635 0,003639
перейти 0,013423 0,000019
нефть 3,218876 0,025714
достаточно 2,445686 0,001776
обладать 3,064725 0,002226
стать 0,851752 0,000619
нужно 1,455287 0,001057
счёт 2,014903 0,001463
бить 2,612740 0,011384
кнр 3,912023 0,008523
мадуродональд 5,010635 0,003639
обращение 0,013423 0,000029
прицел 5,010635 0,003639
сохраниться 3,912023 0,002841
это 0,013423 0,000117
спецпроект 0,190354 0,000138
массовый 0,013423 0,000010
обработка 0,013423 0,000049
слово 1,514128 0,001100
искренне 5,010635 0,003639
американец 2,525729 0,001834
смена 3,912023 0,002841
два 1,514128 0,001100
процент 2,612740 0,003795
туман 4,317488 0,003135
инвестировать 4,317488 0,003135
новость 0,006689 0,000053
вашингтон 2,120264 0,012318
газ 2,612740 0,005692
вряд 3,912023 0,002841
сделка 3,064725 0,002226
иметься 3,401197 0,002470
гигант 5,010635 0,003639
остальной 2,177422 0,001581
рычаг 5,010635 0,007278
зарегистрироваться 0,013423 0,000049
пожаловаться 0,006689 0,000005
ссора 3,624341 0,002632
войти 0,006689 0,000024
направляться 3,912023 0,002841
сианя 5,010635 0,003639
занятый 5,010635 0,003639
зависимый 5,010635 0,003639
умственный 5,010635 0,003639
эл 0,013423 0,000010
аравия 5,010635 0,003639
идеально 2,612740 0,001897
сопрячь 5,010635 0,003639
радио 0,274437 0,000199
дзен 0,851752 0,000619
точно 2,612740 0,001897
защита 0,013423 0,000039
энергетический 2,371578 0,001722
считать 2,014903 0,002927
регистрация 0,013423 0,000049
почему 0,013423 0,000010
директор 2,612740 0,001897
восстановление 0,013423 0,000039
быстрый 1,714798 0,001245
выбить 5,010635 0,003639
заключить 3,064725 0,002226
юг 3,401197 0,002470
боливарианский 5,010635 0,003639
увесистый 5,010635 0,003639
вконтакте 0,013423 0,000019
ждать 1,919593 0,001394
затем 1,791759 0,001301
закупка 3,624341 0,002632
власть 2,371578 0,003445
грядущий 5,010635 0,003639
логин 0,013423 0,000010
конфиденциальность 0,013423 0,000039
нарушение 0,013423 0,000029
навсегда 0,013423 0,000010
путин 1,373049 0,000997
действие 0,013423 0,000010
релиз 0,013423 0,000010
назад 0,013423 0,000058
грызня 5,010635 0,003639
глобус 4,317488 0,003135
первый 0,883501 0,002566
список 0,013423 0,000010
импорт 3,624341 0,002632
ссср 3,218876 0,002338
кратный 5,010635 0,003639
обязательный 0,013423 0,000068
февраль 0,567984 0,001650
практически 2,445686 0,001776
ошибка 0,013423 0,000029
взятие 4,317488 0,003135
аналитика 2,177422 0,004744
вопрос 0,006689 0,000019
зубовский 0,013423 0,000019
наблюдаться 5,010635 0,003639
компания 1,919593 0,001394
заполнить 0,013423 0,000068
приписывать 3,912023 0,002841
именно 2,066196 0,003001
против 1,966113 0,001428
ваш 0,013423 0,000156
железнодорожный 3,064725 0,002226
общество 0,257045 0,000187
имя 0,013423 0,000049
империя 5,010635 0,003639
больший 2,014903 0,001463
срок 0,013423 0,000019
упоминаться 5,010635 0,003639
похищение 4,317488 0,003135
основание 0,013423 0,000010
срочно 3,912023 0,002841
повысить 3,624341 0,002632
издание 0,013423 0,000010
бульвар 0,013423 0,000019
активный 2,813411 0,002043
сетевой 0,013423 0,000010
глобальный 3,218876 0,004675
событие 1,544899 0,001122
рубио 3,218876 0,014026
использование 0,013423 0,000010
пора 2,525729 0,001834
вновь 0,013423 0,000010
самый 0,967584 0,000703
сменить 0,013423 0,000010
материал 0,013423 0,000088
утечка 3,912023 0,002841
участвовать 0,013423 0,000019
товар 3,064725 0,002226
сообщить 0,013423 0,000010
быть 0,013423 0,000088
европейский 1,791759 0,001301
аналитик 3,064725 0,002226
успешно 0,013423 0,000010
прощупывать 5,010635 0,003639
скриншот 0,013423 0,000029
истечь 0,013423 0,000010
укладываться 3,912023 0,002841
лента 0,006689 0,000010
кубометр 5,010635 0,003639
исходить 3,401197 0,002470
исключение 2,813411 0,002043
распил 5,010635 0,003639
сфера 0,013423 0,000019
электронный 0,013423 0,000010
спорт 0,190354 0,000138
район 2,525729 0,001834
ряд 2,612740 0,001897
лишний 2,931194 0,002129
буквально 3,064725 0,002226
иранский 4,317488 0,018813
этот 1,514128 0,002199
свидетельство 0,013423 0,000010
борьба 3,218876 0,002338
обкладывать 5,010635 0,003639
четыре 2,302585 0,001672
прошлое 2,813411 0,002043
комментирование 0,013423 0,000019
глубокий 2,931194 0,002129
блокироваться 0,013423 0,000010
африка 3,218876 0,002338
интересовать 5,010635 0,003639
правило 0,013423 0,000049
сохранить 0,013423 0,000010
нефтепромышленник 5,010635 0,003639
марко 3,912023 0,011364
вытеснение 5,010635 0,003639
тяжёлый 2,525729 0,001834
схема 3,218876 0,002338
отправляться 3,912023 0,002841
удаться 2,708050 0,003933
применение 0,013423 0,000010
взаимодействие 0,013423 0,000019
давление 3,218876 0,002338
дать 0,013423 0,000029
пресс 0,013423 0,000019
согласный 0,013423 0,000029
персональный 0,013423 0,000078
возможный 1,576648 0,002290
перетянуть 0,013423 0,000010
зарабатывать 5,010635 0,003639
потенциально 5,010635 0,003639
изрядный 5,010635 0,003639
век 2,813411 0,002043
позволить 2,708050 0,001967
смочь 0,006689 0,000005
использоваться 0,006689 0,000005
айвасин 5,010635 0,014555
рубеж 3,401197 0,002470
готовый 0,006689 0,000019
многое 3,912023 0,002841
стремиться 3,912023 0,005682
дата 0,006689 0,000005
процветание 5,010635 0,003639
очередь 2,120264 0,001540
поворот 3,912023 0,002841
одноклассник 0,013423 0,000019
недопустимый 0,013423 0,000010
остаток 3,064725 0,002226
вы 0,013423 0,000010
фио 0,013423 0,000010
сесть 4,317488 0,003135
восстановить 0,013423 0,000010
пожалуйста 0,013423 0,000010
партнёр 2,302585 0,001672
сво 1,919593 0,001394
российский 0,883501 0,000642
монополия 5,010635 0,003639
цель 1,966113 0,002856
китайский 2,238047 0,004876
речь 2,813411 0,002043
просто 1,714798 0,002491
душить 3,912023 0,005682
узы 5,010635 0,003639
сырой 3,401197 0,004940
версия 0,013423 0,000010
ниже 0,013423 0,000029
россия 0,006689 0,000102
инвестиционный 3,624341 0,002632
исправить 3,624341 0,002632
го 2,177422 0,001581
сутки 2,371578 0,003445
сгенерировать 2,708050 0,005900
шесть 2,371578 0,001722
тег 0,190354 0,000138
свой 0,867501 0,000630
зарегистрировать 0,013423 0,000010
нужда 3,912023 0,002841
осознанный 5,010635 0,003639
далекоидущий 5,010635 0,003639
нефтяной 3,912023 0,005682
получиться 2,177422 0,001581
канцлер 3,624341 0,002632
ииизображение 2,931194 0,002129
пара 2,177422 0,001581
проведение 2,177422 0,001581
объём 2,445686 0,003552
гарантировать 3,624341 0,002632
логистический 5,010635 0,003639
предупреждать 3,401197 0,002470
необходимость 2,177422 0,001581
поле 0,013423 0,000117
уравнение 4,317488 0,003135
сайт 0,013423 0,000029
связать 2,445686 0,003552
американский 1,966113 0,004283
истерика 2,813411 0,002043
полезный 0,143101 0,000208
галочка 0,013423 0,000010
сложный 1,966113 0,001428
штат 2,014903 0,017559
заблокировать 0,013423 0,000019
перетащить 0,013423 0,000029
нефтехимия 5,010635 0,003639
туризм 0,283247 0,000206
выступать 2,931194 0,002129
поддерживаетсяполучить 0,013423 0,000010
адрес 0,013423 0,000049
другой 0,013423 0,000039
соответствие 0,013423 0,000019
работа 1,427116 0,002073
континент 3,624341 0,002632
унитарный 0,013423 0,000029
интересно 4,317488 0,003135
давать 0,013423 0,000029
независимый 3,912023 0,002841
отправка 0,013423 0,000010
ослабить 4,317488 0,003135
загрузить 0,013423 0,000019
явно 3,064725 0,002226
направление 0,013423 0,000019
собственный 2,445686 0,001776
телефон 0,013423 0,000010
редакция 0,013423 0,000029
схожий 3,624341 0,002632
пока 1,919593 0,002788
национализировать 5,010635 0,003639
заполучить 5,010635 0,003639
должный 0,013423 0,000019
савчук 3,218876 0,009350
отрасль 3,624341 0,007896
саудовский 5,010635 0,003639
сей 2,931194 0,002129
маршрут 3,218876 0,004675
контроль 2,371578 0,006889
автор 0,013423 0,000019
старый 0,013423 0,000010
сообщение 0,013423 0,000136
лёгкий 2,120264 0,001540
происшествие 0,292136 0,000212
нефтедобывающий 5,010635 0,003639
подтвердить 0,013423 0,000010
оба 2,612740 0,001897
путь 2,120264 0,001540
взаимный 5,010635 0,003639
упоминать 4,317488 0,006271
авторизация 0,013423 0,000010
религия 0,283247 0,000206
рейтинг 0,006689 0,000005
форма 0,013423 0,000117
нефтеимпорт 5,010635 0,003639
показатель 2,931194 0,002129
культура 0,292136 0,000212
ирак 5,010635 0,003639
поставка 3,624341 0,005264
поток 3,064725 0,002226
иран 2,445686 0,037298
обмен 3,218876 0,002338
зависеть 2,066196 0,001501
вентиль 5,010635 0,003639
статья 0,013423 0,000010
соответственно 3,401197 0,002470
позиция 2,708050 0,003933
остылый 5,010635 0,007278
кулуарный 5,010635 0,003639
промышленность 2,813411 0,002043
временной 3,064725 0,006677
недвижимость 0,292136 0,000212
твёрдость 5,010635 0,003639
строить 5,010635 0,003639
мировой 2,371578 0,001722
априна 5,010635 0,003639
случайный 4,317488 0,003135
редактор 0,013423 0,000010
фгуп 0,499776 0,001089
западный 2,813411 0,008173
получить 0,985284 0,001431
многие 2,525729 0,001834
контакт 0,013423 0,000010
объединить 4,317488 0,003135
исключительно 2,708050 0,003933
ия 2,813411 0,004086
план 1,678431 0,002438
доллар 2,708050 0,003933
тема 0,013423 0,000029
тегеран 5,010635 0,010916
пятёрка 5,010635 0,003639
сервис 0,174353 0,000127
государственный 0,013423 0,000029
передать 2,612740 0,001897
дискуссия 0,013423 0,000019
оккупировать 5,010635 0,003639
сделать 1,226446 0,002672
фактически 3,912023 0,002841
различный 2,525729 0,003668
поднебесный 5,010635 0,003639
связанный 0,013423 0,000019
служба 0,006689 0,000005
риа 0,006689 0,000044
изображение 2,708050 0,003933
заметить 0,013423 0,000010
закрытый 0,013423 0,000010
мудрый 4,317488 0,003135
цивилизация 3,912023 0,002841
обращать 0,013423 0,000010
рекомендательный 0,013423 0,000010
подмять 5,010635 0,003639
противник 3,064725 0,002226
медийный 5,010635 0,007278
разный 1,484275 0,001078
переговоры 1,875141 0,001362
торговать 4,317488 0,003135
цеховой 5,010635 0,003639
год 0,006689 0,000034
фантомный 5,010635 0,003639
миреиранкитаймаркий 5,010635 0,003639
исламский 3,912023 0,002841
приходиться 3,912023 0,002841
международный 0,013423 0,000029
максимум 2,931194 0,002129
реальность 3,064725 0,002226
николас 4,317488 0,012542
управление 2,371578 0,003445
уступка 3,218876 0,002338
безопасность 1,919593 0,001394
потеря 2,066196 0,001501
трамп 1,544899 0,005610
ведущий 2,120264 0,001540
который 0,603916 0,003509
феномен 4,317488 0,003135
теневой 4,317488 0,003135
турция 3,624341 0,002632
май 1,643339 0,001193
агентство 0,013423 0,000039
предлагаться 3,912023 0,002841
рамка 2,708050 0,003933
козырь 4,317488 0,003135
напускать 5,010635 0,003639
авторизоваться 0,013423 0,000019
вон 5,010635 0,003639
прибыть 3,912023 0,002841
нефтегаз 5,010635 0,003639
выбрать 0,013423 0,000029
текущий 3,218876 0,004675
политический 2,813411 0,002043
сегодня 0,013423 0,000088
страна 1,139434 0,001655
уступать 3,912023 0,002841
масштаб 3,624341 0,002632
просить 0,013423 0,000010
случай 1,643339 0,002387
сразу 1,832581 0,001331
создать 1,875141 0,002724
нарастить 5,010635 0,007278
новыесначала 0,013423 0,000010
заработок 5,010635 0,003639
инфраструктура 3,064725 0,002226
несколько 1,544899 0,002244
отдельно 3,218876 0,004675
начало 1,643339 0,001193
шапка 0,013423 0,000010
отправить 0,013423 0,000136
государство 2,177422 0,001581
транспортный 3,218876 0,002338
продолжить 0,006689 0,000005
персия 5,010635 0,003639
решение 0,006689 0,000005
рука 1,791759 0,002602
ознакомить 0,013423 0,000010
упомянуть 5,010635 0,003639
капитуляция 3,624341 0,002632
баррель 5,010635 0,018194
широкий 3,064725 0,002226
вакансия 0,013423 0,000010
включать 2,813411 0,002043
мы 0,013423 0,000068
проставлять 0,013423 0,000010
лишить 3,401197 0,002470
участие 0,006689 0,000005
аккаунт 0,013423 0,000049
экономика 0,292136 0,000212
состав 2,120264 0,001540
заработать 3,624341 0,002632
вестись 3,401197 0,002470
тот 1,576648 0,001145
обсуждение 0,013423 0,000029
комплекс 2,708050 0,001967
использовать 0,013423 0,000019
опечатка 0,013423 0,000010
соглашение 3,064725 0,004451
золотой 3,218876 0,007013
онлайн 0,013423 0,000010
почта 0,013423 0,000068
товарный 5,010635 0,003639
блокировка 0,013423 0,000039
писать 1,752539 0,001273
хорошенько 3,912023 0,002841
привычный 3,401197 0,002470
осуществляться 0,013423 0,000010
боль 3,912023 0,002841
история 1,139434 0,000827
перс 5,010635 0,007278
горизонт 5,010635 0,003639
внешний 3,401197 0,002470
апрель 0,013423 0,000010
фамилия 0,013423 0,000010
доминирование 5,010635 0,003639
модель 3,624341 0,002632
яндекс 0,013423 0,000019
финансовый 1,714798 0,001245
либо 0,013423 0,000010
влияние 3,064725 0,002226
федеральный 0,013423 0,000039
нажимать 0,013423 0,000010
дождь 4,317488 0,003135
консорциум 5,010635 0,003639
название 2,813411 0,002043
развитие 2,066196 0,001501
поиск 0,013423 0,000010
монета 3,912023 0,002841
форум 3,218876 0,002338
чавистовый 5,010635 0,003639
донести 5,010635 0,003639
исторический 2,612740 0,001897
рубиониколас 5,010635 0,003639
подчеркнуть 2,931194 0,002129
предпосылка 5,010635 0,003639
сговорчивый 5,010635 0,003639
мюнхенский 3,401197 0,002470
попробовать 0,013423 0,000010
заполнение 0,013423 0,000068
добыча 5,010635 0,021833
перенос 5,010635 0,003639
вернуть 2,120264 0,001540
внимание 0,013423 0,000010
принимать 0,013423 0,000010
условие 1,321756 0,000960
помогать 2,445686 0,001776
добывать 4,317488 0,009406
ежесуточно 5,010635 0,003639
правда 2,612740 0,001897
трансокеанский 5,010635 0,003639
венесуэльский 4,317488 0,003135
выпуск 0,013423 0,000010
зажигательный 5,010635 0,007278
перечисленный 3,624341 0,002632
критически 5,010635 0,003639
огромный 2,302585 0,001672
усилить 3,912023 0,002841
надзор 0,013423 0,000010
риск 2,813411 0,002043
очень 1,678431 0,002438
миллион 2,445686 0,008880
предприятие 0,013423 0,000029
способ 0,013423 0,000019
наука 0,283247 0,000206
бесперебойный 5,010635 0,003639
обратный 0,013423 0,000068
уходить 3,401197 0,002470
продукт 0,135438 0,000098
произойти 0,013423 0,000010
неоколониализм 5,010635 0,003639
активно 3,064725 0,004451
якобы 3,624341 0,002632
