угасу 5,010635 0,005066
законный 0,013423 0,000014
новый 0,006689 0,000014
день 0,591795 0,000598
нокаут 4,317488 0,008731
рпл 2,371578 0,002398
найти 0,013423 0,000014
пакьяо 3,064725 0,055779
письмо 0,013423 0,000027
спасибо 0,013423 0,000014
выйти 2,371578 0,002398
теннис 2,525729 0,005108
расширить 0,006689 0,000007
брэдлить 5,010635 0,005066
апл 2,612740 0,002642
согласие 0,013423 0,000027
центр 0,166448 0,000841
доступ 0,013423 0,000027
миа 0,013423 0,000095
боксёрский 4,317488 0,008731
задать 0,013423 0,000014
проиграть 3,401197 0,006878
связаться 0,013423 0,000081
декабрь 0,985284 0,001992
г 0,013423 0,000027
реклама 0,013423 0,000027
фото 0,013423 0,000027
джон 5,010635 0,005066
политика 0,013423 0,000054
связь 0,006689 0,000054
й 2,014903 0,002037
к 2,177422 0,002202
о 0,013423 0,000027
экс 2,708050 0,008215
течение 0,013423 0,000014
знакомый 3,064725 0,003099
авто 2,238047 0,002263
сочи 2,238047 0,002263
потенциальный 3,912023 0,003956
футбол 2,238047 0,011315
мир 0,223144 0,001128
весь 1,021651 0,001033
пройти 0,006689 0,000007
заголовок 0,013423 0,000027
информационный 0,013423 0,000054
хабиб 5,010635 0,005066
рассмотреть 0,013423 0,000014
црвена 2,612740 0,002642
расположить 0,013423 0,000027
бывший 2,302585 0,004656
время 0,013423 0,000014
майк 5,010635 0,005066
единственный 2,525729 0,002554
кнопка 0,013423 0,000014
весовой 5,010635 0,015199
ринг 5,010635 0,010133
выходить 3,064725 0,003099
данный 2,014903 0,002037
ранее 0,013423 0,000014
главный 0,013423 0,000014
проблема 0,013423 0,000014
данные 0,013423 0,000109
санкционировать 4,317488 0,004366
одержать 4,317488 0,008731
также 1,139434 0,001152
город 0,013423 0,000014
разблокировать 0,013423 0,000041
фотография 0,013423 0,000014
час 0,013423 0,000027
чат 0,013423 0,000027
восемь 3,218876 0,013019
руслан 5,010635 0,030398
новостеймолния 0,013423 0,000014
написать 0,013423 0,000014
единоборство 2,371578 0,009592
соглашаться 0,013423 0,000014
россиянин 1,576648 0,003188
зал 3,624341 0,003665
сначала 0,013423 0,000014
претендент 4,317488 0,004366
показать 0,013423 0,000014
пароль 0,013423 0,000149
судья 3,064725 0,003099
удалить 0,013423 0,000054
вход 0,013423 0,000027
читать 0,791128 0,000800
преждевременно 5,010635 0,005066
звонить 3,912023 0,003956
описать 0,013423 0,000014
размещение 0,013423 0,000014
сколько 0,006689 0,000007
биатлон 2,525729 0,002554
подтверждать 0,013423 0,000014
гаврилов 0,013423 0,000014
учредитель 0,013423 0,000014
последний 0,899761 0,000910
проводник 3,064725 0,049581
завершить 2,445686 0,002473
ссылка 0,013423 0,000054
коммуникация 0,013423 0,000014
мой 0,013423 0,000068
момент 2,014903 0,002037
биться 4,317488 0,004366
архив 0,190354 0,000192
помочь 0,013423 0,000014
раунд 2,931194 0,002964
ноттингем 2,612740 0,002642
заявить 1,272966 0,002574
сша 1,118815 0,001131
описание 0,013423 0,000014
процесс 0,013423 0,000014
июль 1,609438 0,001627
среда 2,612740 0,002642
говорить 1,714798 0,006935
роскомнадзор 0,013423 0,000014
всемирный 3,912023 0,007911
технология 0,013423 0,000027
похожий 3,401197 0,003439
случиться 3,218876 0,003255
москва 0,006689 0,000027
воспользоваться 0,013423 0,000054
тимоти 5,010635 0,005066
становиться 2,177422 0,002202
результат 1,714798 0,001734
барриоса 5,010635 0,005066
встречаться 3,401197 0,003439
далее 0,013423 0,000027
селтик 2,612740 0,002642
крис 5,010635 0,005066
являться 1,875141 0,001896
хотеть 0,006689 0,000014
открывать 0,013423 0,000027
перейти 0,013423 0,000054
стать 0,851752 0,002584
счёт 2,014903 0,002037
единоборстваспортбоксмэнни 5,010635 0,005066
алджиерь 5,010635 0,005066
вчера 1,576648 0,001594
обращение 0,013423 0,000041
разыгрывать 5,010635 0,005066
провести 1,919593 0,003882
это 0,013423 0,000054
йорденис 5,010635 0,005066
спецпроект 0,190354 0,000192
массовый 0,013423 0,000014
обработка 0,013423 0,000068
американец 2,525729 0,002554
новость 0,006689 0,000095
лада 2,612740 0,002642
сентябрь 1,427116 0,001443
штутгарт 2,612740 0,002642
вегас 5,010635 0,015199
противостояние 3,064725 0,003099
зарегистрироваться 0,013423 0,000068
пожаловаться 0,006689 0,000007
войти 0,006689 0,000027
нхл 2,525729 0,002554
четырёхлетний 5,010635 0,005066
единогласный 5,010635 0,005066
эл 0,013423 0,000014
дзен 0,851752 0,000861
защита 0,013423 0,000054
регистрация 0,013423 0,000068
включить 3,624341 0,003665
почему 0,013423 0,000014
восстановление 0,013423 0,000054
кубинец 4,317488 0,004366
карьера 3,912023 0,023733
вконтакте 0,013423 0,000027
фигурный 2,302585 0,002328
логин 0,013423 0,000014
конфиденциальность 0,013423 0,000054
нарушение 0,013423 0,000041
навсегда 0,013423 0,000014
действие 0,013423 0,000014
общий 2,014903 0,002037
релиз 0,013423 0,000014
назад 0,013423 0,000068
молина 5,010635 0,005066
первый 0,883501 0,000893
список 0,013423 0,000014
пять 1,966113 0,001988
обязательный 0,013423 0,000095
ошибка 0,013423 0,000041
открыть 2,302585 0,002328
вопрос 0,006689 0,000027
продлиться 2,813411 0,002845
зубовский 0,013423 0,000027
заполнить 0,013423 0,000095
вспомнить 4,317488 0,004366
против 1,966113 0,009940
ваш 0,013423 0,000217
похоже 2,931194 0,023710
имя 0,013423 0,000068
профессиональный 2,612740 0,002642
главное 1,609438 0,001627
титул 2,813411 0,002845
федерация 2,066196 0,004178
больший 2,014903 0,006112
срок 0,013423 0,000027
основание 0,013423 0,000014
издание 0,013423 0,000014
бульвар 0,013423 0,000027
поединок 3,912023 0,011867
сетевой 0,013423 0,000014
бундеслига 2,612740 0,002642
использование 0,013423 0,000014
фев 1,399717 0,001415
август 1,752539 0,001772
вновь 0,013423 0,000014
самый 0,967584 0,002935
сменить 0,013423 0,000014
филиппинец 5,010635 0,010133
материал 0,013423 0,000109
лилль 2,612740 0,002642
участвовать 0,013423 0,000027
сообщить 0,013423 0,000027
слава 4,317488 0,004366
быть 0,013423 0,000014
успешно 0,013423 0,000014
скриншот 0,013423 0,000041
истечь 0,013423 0,000014
потерпеть 5,010635 0,005066
лента 0,006689 0,000014
архивный 1,347074 0,001362
ак 2,612740 0,002642
хачан 2,612740 0,002642
сфера 0,013423 0,000014
электронный 0,013423 0,000014
спорт 0,190354 0,002117
перерыв 2,371578 0,004796
этот 1,514128 0,001531
свидетельство 0,013423 0,000014
комментирование 0,013423 0,000027
блокироваться 0,013423 0,000014
маттиссь 5,010635 0,005066
правило 0,013423 0,000081
сохранить 0,013423 0,000014
анонс 5,010635 0,005066
известный 2,066196 0,002089
применение 0,013423 0,000014
взаимодействие 0,013423 0,000027
зож 2,302585 0,002328
дать 0,013423 0,000027
пресс 0,013423 0,000027
кхл 2,525729 0,002554
согласный 0,013423 0,000041
персональный 0,013423 0,000109
возможный 1,576648 0,011159
перетянуть 0,013423 0,000014
смочь 0,006689 0,000007
использоваться 0,006689 0,000007
третий 1,919593 0,001941
спортивный 3,064725 0,003099
готовый 0,006689 0,000020
драться 4,317488 0,004366
дата 0,006689 0,000007
чемпионат 2,708050 0,002738
одноклассник 0,013423 0,000027
недопустимый 0,013423 0,000014
вы 0,013423 0,000014
фио 0,013423 0,000014
восстановить 0,013423 0,000014
пожалуйста 0,013423 0,000014
проводить 2,445686 0,002473
чудо 3,624341 0,003665
версия 0,013423 0,000041
ниже 0,013423 0,000041
россия 0,006689 0,000095
тег 0,190354 0,000192
свой 0,867501 0,000877
зарегистрировать 0,013423 0,000014
назвать 1,347074 0,001362
сайт 0,013423 0,000054
поле 0,013423 0,000109
полезный 0,143101 0,000145
галочка 0,013423 0,000014
заблокировать 0,013423 0,000027
перетащить 0,013423 0,000041
поддерживаетсяполучить 0,013423 0,000014
выставочный 5,010635 0,005066
адрес 0,013423 0,000068
другой 0,013423 0,000041
соответствие 0,013423 0,000027
унитарный 0,013423 0,000041
тяжело 3,624341 0,003665
европа 1,455287 0,001471
давать 0,013423 0,000027
отправка 0,013423 0,000014
цитировать 5,010635 0,005066
загрузить 0,013423 0,000027
направление 0,013423 0,000014
телефон 0,013423 0,000014
редакция 0,013423 0,000041
филипп 2,445686 0,004946
багаутинов 5,010635 0,005066
пока 1,919593 0,001941
должный 0,013423 0,000014
знать 2,238047 0,002263
автор 0,013423 0,000014
старый 0,013423 0,000014
сообщение 0,013423 0,000190
абсолютный 5,010635 0,005066
сет 2,612740 0,002642
мото 2,525729 0,002554
сравнить 3,912023 0,003956
евролига 2,612740 0,002642
подтвердить 0,013423 0,000027
поражение 3,218876 0,006509
чудом 3,912023 0,011867
обновить 0,985284 0,000996
мэнни 5,010635 0,030398
фенербахча 2,612740 0,002642
авторизация 0,013423 0,000014
рейтинг 0,006689 0,000007
форма 0,013423 0,000163
дом 1,514128 0,001531
марио 3,624341 0,003665
статья 0,013423 0,000014
верить 3,624341 0,003665
любой 1,576648 0,001594
лукас 5,010635 0,005066
медиабанкруслан 5,010635 0,005066
редактор 0,013423 0,000014
фгуп 0,499776 0,002527
нба 2,612740 0,002642
бойцовский 5,010635 0,005066
барриос 5,010635 0,005066
контакт 0,013423 0,000027
тема 0,013423 0,000041
хоккей 2,238047 0,006789
сервис 0,174353 0,000353
государственный 0,013423 0,000041
дискуссия 0,013423 0,000027
связанный 0,013423 0,000027
служба 0,006689 0,000007
риа 0,006689 0,000081
заметить 0,013423 0,000014
закрытый 0,013423 0,000014
обращать 0,013423 0,000014
рекомендательный 0,013423 0,000014
белый 2,371578 0,002398
серия 2,302585 0,002328
год 0,006689 0,000047
пака 2,612740 0,002642
медиабанк 1,321756 0,001336
ничья 5,010635 0,005066
стриминговый 5,010635 0,005066
международный 0,013423 0,000054
матч 2,066196 0,008357
альварад 5,010635 0,005066
агентство 0,013423 0,000068
ла 2,612740 0,002642
динамо 2,238047 0,002263
форресть 2,612740 0,002642
победа 2,066196 0,006268
авторизоваться 0,013423 0,000027
выбрать 0,013423 0,000041
сегодня 0,013423 0,000136
пакьяоруслан 5,010635 0,005066
повториться 5,010635 0,005066
просить 0,013423 0,000014
дальний 3,401197 0,003439
такой 1,098612 0,001111
новыесначала 0,013423 0,000014
махачёв 5,010635 0,010133
шапка 0,013423 0,000014
отправить 0,013423 0,000190
продолжить 0,006689 0,000007
решение 0,006689 0,000014
лига 1,966113 0,007952
боксёр 5,010635 0,010133
ознакомить 0,013423 0,000014
вакансия 0,013423 0,000014
летний 1,919593 0,001941
мы 0,013423 0,000095
проставлять 0,013423 0,000014
участие 0,006689 0,000007
аккаунт 0,013423 0,000068
обсуждение 0,013423 0,000027
барс 2,612740 0,002642
опечатка 0,013423 0,000014
использовать 0,013423 0,000014
организация 2,066196 0,004178
макгрегор 5,010635 0,005066
али 5,010635 0,005066
онлайн 0,013423 0,000014
розыгрыш 3,064725 0,027889
почта 0,013423 0,000095
блокировка 0,013423 0,000054
прокомментировать 2,371578 0,014388
осуществляться 0,013423 0,000014
апрель 0,013423 0,000027
категория 1,576648 0,004783
звезда 2,371578 0,002398
фамилия 0,013423 0,000014
яндекс 0,013423 0,000027
сельт 2,612740 0,002642
либо 0,013423 0,000014
федеральный 0,013423 0,000054
нажимать 0,013423 0,000014
проводников 5,010635 0,010133
бой 2,445686 0,044512
завершение 2,708050 0,002738
поиск 0,013423 0,000014
чемпион 2,612740 0,015851
официальный 2,177422 0,004403
бокс 4,317488 0,034924
катание 2,302585 0,002328
попробовать 0,013423 0,000014
заполнение 0,013423 0,000095
внимание 0,013423 0,000014
принимать 0,013423 0,000014
алексей 1,966113 0,003976
ласа 5,010635 0,015199
алькарас 2,612740 0,002642
объявить 2,525729 0,002554
завершиться 2,931194 0,002964
думать 3,401197 0,006878
выпуск 0,013423 0,000014
информация 2,066196 0,002089
надзор 0,013423 0,000014
вничью 5,010635 0,005066
предприятие 0,013423 0,000041
способ 0,013423 0,000027
обратный 0,013423 0,000095
продукт 0,135438 0,000137
произойти 0,013423 0,000014
