истечь 0,013423 0,000015
варёный 3,218876 0,010753
лента 0,006689 0,000015
законный 0,013423 0,000015
яйцо 1,966113 0,010947
новый 0,006689 0,000015
день 0,591795 0,001318
распределить 3,401197 0,007575
найти 0,013423 0,000015
письмо 0,013423 0,000030
сфера 0,013423 0,000015
электронный 0,013423 0,000015
спасибо 0,013423 0,000015
расширить 0,006689 0,000007
свидетельство 0,013423 0,000015
согласие 0,013423 0,000030
комментирование 0,013423 0,000030
интеллект 3,624341 0,004036
доступ 0,013423 0,000030
блокироваться 0,013423 0,000015
миа 0,013423 0,000045
задать 0,013423 0,000015
связаться 0,013423 0,000090
готовность 2,238047 0,004985
вода 1,576648 0,003511
правило 0,013423 0,000075
сохранить 0,013423 0,000015
ложка 2,525729 0,005625
г 0,013423 0,000224
сладкий 2,302585 0,005128
реклама 0,013423 0,000015
фото 0,013423 0,000015
политика 0,013423 0,000060
связь 0,006689 0,000060
л 2,525729 0,005625
применение 0,013423 0,000015
взаимодействие 0,013423 0,000030
о 0,013423 0,000015
дать 0,013423 0,000030
укроп 2,445686 0,005447
пресс 0,013423 0,000015
согласный 0,013423 0,000045
персональный 0,013423 0,000120
сочетать 2,813411 0,006266
перетянуть 0,013423 0,000015
освежить 5,010635 0,011160
течение 0,013423 0,000045
картофель 2,445686 0,016341
позволить 2,708050 0,006031
смочь 0,006689 0,000007
использоваться 0,006689 0,000007
дополнительный 2,066196 0,004602
пищевой 2,120264 0,002361
суп 2,302585 0,005128
готовый 0,006689 0,000015
углевод 2,445686 0,002723
перемешать 2,238047 0,009969
ценность 2,120264 0,002361
дата 0,006689 0,000007
готовка 1,919593 0,002138
пройти 0,006689 0,000007
традиционный 1,919593 0,004275
заголовок 0,013423 0,000030
одноклассник 0,013423 0,000030
недопустимый 0,013423 0,000015
информационный 0,013423 0,000060
вы 0,013423 0,000015
фио 0,013423 0,000015
шаг 1,791759 0,023943
восстановить 0,013423 0,000015
пожалуйста 0,013423 0,000015
русский 1,118815 0,007475
освежать 2,612740 0,005819
тонкий 2,612740 0,005819
тарелка 2,813411 0,006266
рассмотреть 0,013423 0,000015
расположить 0,013423 0,000030
время 0,013423 0,000030
версия 0,013423 0,000015
ниже 0,013423 0,000045
окрошка 3,218876 0,035845
охладить 2,931194 0,006528
кнопка 0,013423 0,000015
россия 0,006689 0,000060
смотреть 1,966113 0,004379
сгенерировать 2,708050 0,006031
аккуратно 2,813411 0,006266
зарегистрировать 0,013423 0,000015
очистить 2,238047 0,009969
ранее 0,013423 0,000015
главный 0,013423 0,000015
проблема 0,013423 0,000015
данные 0,013423 0,000120
город 0,013423 0,000015
разблокировать 0,013423 0,000045
столовая 2,931194 0,006528
кубик 2,525729 0,022501
фотография 0,013423 0,000015
сайт 0,013423 0,000045
поле 0,013423 0,000120
час 0,013423 0,000030
чат 0,013423 0,000030
удобно 3,401197 0,007575
новостеймолния 0,013423 0,000015
написать 0,013423 0,000015
галочка 0,013423 0,000015
заблокировать 0,013423 0,000030
перетащить 0,013423 0,000045
разложить 3,218876 0,007169
соглашаться 0,013423 0,000015
сначала 0,013423 0,000015
поддерживаетсяполучить 0,013423 0,000015
перец 2,445686 0,005447
адрес 0,013423 0,000075
другой 0,013423 0,000045
соответствие 0,013423 0,000030
унитарный 0,013423 0,000045
давать 0,013423 0,000030
показать 0,013423 0,000015
отправка 0,013423 0,000015
загрузить 0,013423 0,000030
направление 0,013423 0,000015
нож 3,064725 0,013651
телефон 0,013423 0,000015
пароль 0,013423 0,000164
редакция 0,013423 0,000045
удалить 0,013423 0,000090
калорийность 2,120264 0,002361
вход 0,013423 0,000030
должный 0,013423 0,000015
квас 3,624341 0,056504
описать 0,013423 0,000015
размещение 0,013423 0,000015
ккал 2,302585 0,002564
сколько 0,006689 0,000007
автор 0,013423 0,000015
старый 0,013423 0,000015
сообщение 0,013423 0,000209
жаркий 3,401197 0,007575
интеллектомокрошка 4,317488 0,004808
подавать 2,302585 0,005128
один 1,098612 0,002447
ингредиент 1,919593 0,010688
подтвердить 0,013423 0,000015
смесь 2,371578 0,010564
сметана 2,708050 0,012063
подтверждать 0,013423 0,000015
гаврилов 0,013423 0,000015
учредитель 0,013423 0,000015
кожура 2,813411 0,006266
авторизация 0,013423 0,000015
рейтинг 0,006689 0,000007
форма 0,013423 0,000179
нарезать 2,120264 0,037778
порционный 3,064725 0,006826
ссылка 0,013423 0,000060
зелень 2,371578 0,015846
коммуникация 0,013423 0,000015
минута 1,226446 0,005463
мой 0,013423 0,000075
мягкость 3,218876 0,007169
помочь 0,013423 0,000015
статья 0,013423 0,000015
кружочек 3,624341 0,008072
добавление 2,931194 0,006528
описание 0,013423 0,000015
шт 2,238047 0,009969
процесс 0,013423 0,000015
залить 2,445686 0,005447
делать 1,427116 0,003178
мелко 2,525729 0,005625
роскомнадзор 0,013423 0,000015
куриный 2,371578 0,005282
технология 0,013423 0,000030
белка 2,371578 0,002641
редактор 0,013423 0,000015
остаться 1,919593 0,004275
фгуп 0,499776 0,000557
получить 0,985284 0,002194
контакт 0,013423 0,000015
хлебный 3,624341 0,016144
москва 0,006689 0,000022
воспользоваться 0,013423 0,000060
тема 0,013423 0,000045
государственный 0,013423 0,000045
соединить 2,708050 0,006031
дискуссия 0,013423 0,000030
около 2,177422 0,009699
тщательно 2,445686 0,005447
связанный 0,013423 0,000030
придать 2,813411 0,006266
служба 0,006689 0,000007
риа 0,006689 0,000052
заметить 0,013423 0,000015
большой 1,832581 0,004081
закрытый 0,013423 0,000015
зелёный 2,708050 0,006031
обращать 0,013423 0,000015
рекомендательный 0,013423 0,000015
далее 0,013423 0,000030
посыпать 2,612740 0,005819
рецептырецепт 1,875141 0,002088
год 0,006689 0,000007
хотеть 0,006689 0,000007
открывать 0,013423 0,000030
кухня 1,576648 0,005267
перейти 0,013423 0,000015
международный 0,013423 0,000045
аромат 2,708050 0,003016
придавать 2,612740 0,002910
обращение 0,013423 0,000045
агентство 0,013423 0,000060
порция 2,238047 0,007477
приготовление 1,484275 0,006611
семя 3,912023 0,008713
поперчить 3,218876 0,007169
это 0,013423 0,000194
холодное 3,624341 0,008072
массовый 0,013423 0,000015
обработка 0,013423 0,000075
вкус 1,752539 0,009758
авторизоваться 0,013423 0,000030
огурец 2,931194 0,013057
выбрать 0,013423 0,000045
сегодня 0,013423 0,000090
новость 0,006689 0,000060
просить 0,013423 0,000015
кремовость 5,010635 0,011160
острый 2,813411 0,012532
такой 1,098612 0,002447
петрушка 2,813411 0,006266
новыесначала 0,013423 0,000015
зарегистрироваться 0,013423 0,000075
сверху 3,064725 0,006826
пожаловаться 0,006689 0,000007
посолить 2,813411 0,006266
отварить 2,813411 0,012532
войти 0,006689 0,000030
шапка 0,013423 0,000015
отправить 0,013423 0,000209
овощ 2,120264 0,002361
заправить 3,912023 0,004356
продолжить 0,006689 0,000007
решение 0,006689 0,000007
ознакомить 0,013423 0,000015
вакансия 0,013423 0,000015
эл 0,013423 0,000015
мы 0,013423 0,000105
проставлять 0,013423 0,000015
идеально 2,612740 0,005819
участие 0,006689 0,000007
аккаунт 0,013423 0,000075
защита 0,013423 0,000060
свежий 2,066196 0,004602
регистрация 0,013423 0,000075
обсуждение 0,013423 0,000030
использовать 0,013423 0,000075
опечатка 0,013423 0,000015
мара 2,931194 0,003264
почему 0,013423 0,000015
каждый 1,399717 0,003117
восстановление 0,013423 0,000060
миска 2,612740 0,005819
онлайн 0,013423 0,000015
мандолина 5,010635 0,011160
почта 0,013423 0,000105
блокировка 0,013423 0,000060
рецепт 1,118815 0,006229
осуществляться 0,013423 0,000015
апрель 0,013423 0,000015
вконтакте 0,013423 0,000030
категория 1,576648 0,001756
фамилия 0,013423 0,000015
жир 2,238047 0,002492
логин 0,013423 0,000015
конфиденциальность 0,013423 0,000060
нарушение 0,013423 0,000045
навсегда 0,013423 0,000015
соль 2,066196 0,004602
питательный 2,931194 0,006528
яндекс 0,013423 0,000030
холодный 2,066196 0,009204
действие 0,013423 0,000015
либо 0,013423 0,000015
равномерно 3,218876 0,007169
федеральный 0,013423 0,000060
релиз 0,013423 0,000015
нажимать 0,013423 0,000015
назад 0,013423 0,000075
остудить 2,931194 0,006528
список 0,013423 0,000015
колбаса 3,064725 0,017064
подходящий 3,064725 0,006826
поиск 0,013423 0,000015
лук 2,302585 0,005128
обязательный 0,013423 0,000105
ошибка 0,013423 0,000045
вопрос 0,006689 0,000030
искусственный 3,218876 0,007169
зубовский 0,013423 0,000030
попробовать 0,013423 0,000015
заполнение 0,013423 0,000105
заполнить 0,013423 0,000105
размер 2,014903 0,008975
внимание 0,013423 0,000015
принимать 0,013423 0,000015
ваш 0,013423 0,000239
имя 0,013423 0,000075
блюдо 1,609438 0,014338
выпуск 0,013423 0,000015
срок 0,013423 0,000030
основание 0,013423 0,000015
уникальный 2,014903 0,002244
издание 0,013423 0,000015
занять 3,218876 0,007169
бульвар 0,013423 0,000030
постараться 3,912023 0,008713
сетевой 0,013423 0,000015
надзор 0,013423 0,000015
использование 0,013423 0,000015
вновь 0,013423 0,000015
мина 2,445686 0,002723
сменить 0,013423 0,000015
редис 3,912023 0,017425
жёсткий 2,931194 0,006528
предприятие 0,013423 0,000045
способ 0,013423 0,000030
материал 0,013423 0,000120
участвовать 0,013423 0,000030
сообщить 0,013423 0,000015
обратный 0,013423 0,000105
произойти 0,013423 0,000015
быть 0,013423 0,000015
успешно 0,013423 0,000015
скриншот 0,013423 0,000045
