формула 3,401197 0,003565
законный 0,013423 0,000014
новый 0,006689 0,000014
рпл 2,371578 0,007458
фетисов 5,010635 0,005252
найти 0,013423 0,000014
письмо 0,013423 0,000028
пакьяо 3,064725 0,003213
вынести 2,813411 0,002949
спасибо 0,013423 0,000014
теннис 2,525729 0,007943
расширить 0,006689 0,000007
ахмат 4,317488 0,004526
апл 2,612740 0,002739
согласие 0,013423 0,000028
центр 0,166448 0,000349
доступ 0,013423 0,000028
миа 0,013423 0,000042
полный 1,678431 0,003519
задать 0,013423 0,000014
позор 4,317488 0,004526
связаться 0,013423 0,000084
дубай 2,813411 0,002949
обыграть 3,624341 0,003799
украинец 2,302585 0,004827
г 0,013423 0,000028
реклама 0,013423 0,000028
фото 0,013423 0,000042
интер 5,010635 0,005252
политика 0,013423 0,000056
й 2,014903 0,002112
связь 0,006689 0,000056
о 0,013423 0,000014
побороться 3,912023 0,004101
течение 0,013423 0,000014
авто 2,238047 0,002346
паралимпиец 3,064725 0,003213
добыть 4,317488 0,004526
сочи 2,238047 0,004692
футбол 2,238047 0,023460
сила 1,455287 0,001525
мир 0,223144 0,000234
пройти 0,006689 0,000007
заголовок 0,013423 0,000028
информационный 0,013423 0,000056
русский 1,118815 0,004691
рассмотреть 0,013423 0,000014
црвена 2,612740 0,002739
расположить 0,013423 0,000028
карман 4,317488 0,004526
честной 4,317488 0,004526
время 0,013423 0,000028
называть 2,120264 0,002222
кнопка 0,013423 0,000014
новгород 3,218876 0,003374
ранее 0,013423 0,000014
главный 0,013423 0,000028
проблема 0,013423 0,000014
данные 0,013423 0,000113
город 0,013423 0,000014
разблокировать 0,013423 0,000042
италия 2,014903 0,002112
фотография 0,013423 0,000014
час 0,013423 0,000028
чат 0,013423 0,000028
новостеймолния 0,013423 0,000014
написать 0,013423 0,000014
шанс 5,010635 0,005252
единоборство 2,371578 0,004972
пытаться 2,708050 0,002839
соглашаться 0,013423 0,000014
россиянин 1,576648 0,001653
сначала 0,013423 0,000014
показать 0,013423 0,000014
пароль 0,013423 0,000155
судья 3,064725 0,003213
заслужить 5,010635 0,005252
филиппов 4,317488 0,004526
удалить 0,013423 0,000056
олимпийский 2,708050 0,008516
вход 0,013423 0,000028
подорвать 3,912023 0,004101
описать 0,013423 0,000014
размещение 0,013423 0,000014
сколько 0,006689 0,000007
рекомендовать 2,371578 0,002486
сенсация 3,624341 0,003799
гонка 4,317488 0,009051
совет 1,226446 0,002571
видео 1,832581 0,003842
чехия 3,218876 0,003374
победительница 3,064725 0,003213
биатлон 2,525729 0,005295
сенсационно 5,010635 0,005252
подтверждать 0,013423 0,000014
оценить 2,525729 0,002648
гаврилов 0,013423 0,000014
учредитель 0,013423 0,000014
локомотив 3,401197 0,003565
проводник 3,064725 0,003213
завершить 2,445686 0,002564
едва 3,912023 0,004101
ссылка 0,013423 0,000056
коммуникация 0,013423 0,000014
минута 1,226446 0,001286
мой 0,013423 0,000070
идиот 5,010635 0,005252
архив 0,190354 0,000200
помочь 0,013423 0,000014
ноттингем 2,612740 0,002739
сша 1,118815 0,001173
описание 0,013423 0,000014
избежать 2,525729 0,002648
процесс 0,013423 0,000014
роскомнадзор 0,013423 0,000014
технология 0,013423 0,000028
махачкала 3,912023 0,004101
хоккейный 3,624341 0,015196
эксклюзив 5,010635 0,005252
москва 0,006689 0,000035
воспользоваться 0,013423 0,000056
вечер 2,931194 0,003073
скандал 2,813411 0,005898
команда 2,708050 0,002839
рспорт 5,010635 0,005252
далее 0,013423 0,000028
селтик 2,612740 0,002739
лос 3,401197 0,003565
панарин 4,317488 0,004526
зенит 3,624341 0,003799
очки 3,912023 0,004101
мечта 3,912023 0,004101
хотеть 0,006689 0,000007
открывать 0,013423 0,000028
перейти 0,013423 0,000014
золото 3,401197 0,010696
акрон 5,010635 0,005252
определиться 3,401197 0,003565
прогон 5,010635 0,005252
вчера 1,576648 0,011569
андреев 2,708050 0,002839
обращение 0,013423 0,000042
десятка 2,525729 0,002648
пшик 5,010635 0,005252
провести 1,919593 0,002012
спецпроект 0,190354 0,000200
массовый 0,013423 0,000014
обработка 0,013423 0,000070
это 0,013423 0,000014
норвежец 4,317488 0,004526
стычка 4,317488 0,004526
прыжок 5,010635 0,005252
допуск 3,064725 0,003213
спортсмен 3,218876 0,003374
отречься 5,010635 0,005252
дефицит 3,064725 0,003213
сразиться 3,401197 0,003565
новость 0,006689 0,000056
лада 2,612740 0,002739
взять 1,832581 0,001921
тренер 4,317488 0,004526
звание 3,624341 0,003799
штутгарт 2,612740 0,002739
уничтожить 2,708050 0,002839
бандёр 5,010635 0,005252
выгнать 4,317488 0,004526
зарегистрироваться 0,013423 0,000070
головин 3,218876 0,006748
пожаловаться 0,006689 0,000007
сафон 5,010635 0,005252
войти 0,006689 0,000035
нхл 2,525729 0,007943
анджелес 3,401197 0,003565
турнир 2,813411 0,005898
эл 0,013423 0,000014
сафонов 5,010635 0,005252
защита 0,013423 0,000056
регистрация 0,013423 0,000070
почему 0,013423 0,000028
восстановление 0,013423 0,000056
хороший 1,059392 0,001110
тренировка 3,624341 0,003799
красный 1,966113 0,002061
дисквалификация 3,218876 0,003374
вконтакте 0,013423 0,000028
фигурный 2,302585 0,014482
программа 1,919593 0,002012
пранкеры 5,010635 0,005252
логин 0,013423 0,000014
конфиденциальность 0,013423 0,000056
нарушение 0,013423 0,000042
навсегда 0,013423 0,000014
оренбург 4,317488 0,004526
действие 0,013423 0,000014
релиз 0,013423 0,000014
фигурист 5,010635 0,010504
назад 0,013423 0,000070
первый 0,883501 0,002778
список 0,013423 0,000014
обязательный 0,013423 0,000098
ошибка 0,013423 0,000056
февраль 0,567984 0,002381
аналитика 2,177422 0,002282
буде 5,010635 0,005252
вопрос 0,006689 0,000028
зубовский 0,013423 0,000028
игра 1,609438 0,003374
заполнить 0,013423 0,000098
ваш 0,013423 0,000225
похоже 2,931194 0,003073
имя 0,013423 0,000084
главное 1,609438 0,003374
титул 2,813411 0,002949
усик 5,010635 0,005252
интервью 2,813411 0,005898
срок 0,013423 0,000028
высказаться 2,525729 0,002648
основание 0,013423 0,000014
издание 0,013423 0,000014
песок 2,177422 0,002282
бульвар 0,013423 0,000028
бундеслига 2,612740 0,005477
сетевой 0,013423 0,000014
зайти 3,624341 0,003799
полуфинальный 3,912023 0,004101
использование 0,013423 0,000014
вновь 0,013423 0,000014
сменить 0,013423 0,000014
материал 0,013423 0,000113
лилль 2,612740 0,002739
рубин 5,010635 0,005252
участвовать 0,013423 0,000028
соревнование 2,813411 0,002949
сообщить 0,013423 0,000014
быть 0,013423 0,000014
успешно 0,013423 0,000014
тутберидзе 5,010635 0,005252
скриншот 0,013423 0,000042
истечь 0,013423 0,000014
лента 0,006689 0,000014
ак 2,612740 0,002739
хачан 2,612740 0,002739
балтика 5,010635 0,005252
конкуренция 5,010635 0,005252
сфера 0,013423 0,000014
электронный 0,013423 0,000014
спорт 0,190354 0,001397
национальный 2,302585 0,002414
франция 2,708050 0,002839
перерыв 2,371578 0,002486
свидетельство 0,013423 0,000014
комментирование 0,013423 0,000028
четверной 5,010635 0,005252
вингер 3,064725 0,003213
блокироваться 0,013423 0,000014
сохранить 0,013423 0,000028
правило 0,013423 0,000070
фабрегас 5,010635 0,005252
известный 2,066196 0,002166
применение 0,013423 0,000014
взаимодействие 0,013423 0,000028
зож 2,302585 0,004827
дать 0,013423 0,000028
кхл 2,525729 0,013238
пресс 0,013423 0,000028
согласный 0,013423 0,000042
персональный 0,013423 0,000113
развести 3,401197 0,003565
возможный 1,576648 0,001653
перетянуть 0,013423 0,000014
смочь 0,006689 0,000014
использоваться 0,006689 0,000007
игрок 2,708050 0,002839
готовый 0,006689 0,000014
парень 3,912023 0,004101
признать 1,966113 0,002061
мужской 3,912023 0,004101
дата 0,006689 0,000007
инфографик 2,177422 0,002282
чемпионат 2,708050 0,008516
одноклассник 0,013423 0,000028
недопустимый 0,013423 0,000014
вы 0,013423 0,000014
фио 0,013423 0,000014
восстановить 0,013423 0,000014
пожалуйста 0,013423 0,000014
российский 0,883501 0,002778
испания 3,912023 0,004101
выиграть 3,624341 0,007598
хейтить 5,010635 0,005252
крыло 3,401197 0,003565
версия 0,013423 0,000014
ниже 0,013423 0,000042
россия 0,006689 0,000063
отнять 4,317488 0,004526
рекорд 2,708050 0,002839
тег 0,190354 0,000200
свой 0,867501 0,000909
зарегистрировать 0,013423 0,000014
назвать 1,347074 0,001412
пара 2,177422 0,002282
казахстан 3,218876 0,003374
сайт 0,013423 0,000042
поле 0,013423 0,000113
американский 1,966113 0,002061
хвалёный 5,010635 0,005252
истерика 2,813411 0,002949
полезный 0,143101 0,000150
галочка 0,013423 0,000014
сложный 1,966113 0,002061
заблокировать 0,013423 0,000028
перетащить 0,013423 0,000042
судейский 4,317488 0,004526
поддерживаетсяполучить 0,013423 0,000014
адрес 0,013423 0,000070
братан 4,317488 0,004526
зеленский 1,875141 0,001966
другой 0,013423 0,000042
соответствие 0,013423 0,000028
симоненкокорреспондент 5,010635 0,005252
унитарный 0,013423 0,000042
европа 1,455287 0,001525
давать 0,013423 0,000028
отправка 0,013423 0,000014
загрузить 0,013423 0,000028
направление 0,013423 0,000014
телефон 0,013423 0,000014
блог 5,010635 0,005252
редакция 0,013423 0,000042
запретить 2,708050 0,002839
филипп 2,445686 0,005127
должный 0,013423 0,000014
заседание 3,401197 0,003565
знать 2,238047 0,002346
автор 0,013423 0,000028
старый 0,013423 0,000014
сообщение 0,013423 0,000197
сет 2,612740 0,002739
гуменник 5,010635 0,005252
мото 2,525729 0,002648
нижний 2,813411 0,002949
евролига 2,612740 0,002739
мастер 3,064725 0,003213
подтвердить 0,013423 0,000014
ростов 4,317488 0,004526
чудом 3,912023 0,004101
эксперт 1,373049 0,001439
краснодар 3,624341 0,003799
фенербахча 2,612740 0,002739
стравить 5,010635 0,005252
канада 4,317488 0,009051
авторизация 0,013423 0,000014
рейтинг 0,006689 0,000007
форма 0,013423 0,000169
медаль 2,445686 0,010254
кингз 4,317488 0,004526
хайкин 5,010635 0,005252
монстр 5,010635 0,005252
альпинист 3,064725 0,003213
статья 0,013423 0,000014
петросян 3,624341 0,018995
редактор 0,013423 0,000014
фгуп 0,499776 0,000524
нба 2,612740 0,002739
получить 0,985284 0,001033
контакт 0,013423 0,000028
план 1,678431 0,001759
тема 0,013423 0,000042
хоккей 2,238047 0,016422
аллегри 5,010635 0,005252
спартак 5,010635 0,005252
сервис 0,174353 0,000183
государственный 0,013423 0,000042
дискуссия 0,013423 0,000028
гол 3,912023 0,004101
презерватив 5,010635 0,005252
связанный 0,013423 0,000028
служба 0,006689 0,000007
риа 0,006689 0,000042
заметить 0,013423 0,000014
закрытый 0,013423 0,000014
обращать 0,013423 0,000014
рекомендательный 0,013423 0,000014
серия 2,302585 0,004827
ски 3,064725 0,003213
цска 2,813411 0,005898
дегтярёв 3,912023 0,004101
пака 2,612740 0,002739
год 0,006689 0,000014
защитить 2,445686 0,002564
ореховредактор 5,010635 0,005252
международный 0,013423 0,000042
андрей 2,302585 0,004827
матч 2,066196 0,012995
завоевать 3,064725 0,003213
континентальный 4,317488 0,009051
лыжный 4,317488 0,009051
большунов 5,010635 0,010504
ла 2,612740 0,002739
серебро 3,624341 0,003799
агентство 0,013423 0,000070
динамо 2,238047 0,007038
следующий 1,427116 0,001496
форресть 2,612740 0,002739
привести 2,371578 0,002486
авторизоваться 0,013423 0,000028
позвать 5,010635 0,005252
расклад 4,317488 0,004526
выбрать 0,013423 0,000042
рассказать 0,933098 0,001956
сегодня 0,013423 0,000084
жена 3,912023 0,004101
гусарский 4,317488 0,004526
просить 0,013423 0,000014
лч 5,010635 0,010504
сми 2,177422 0,002282
поплыть 5,010635 0,005252
битва 2,708050 0,002839
америка 2,708050 0,002839
новыесначала 0,013423 0,000014
иван 3,401197 0,003565
заставить 3,064725 0,003213
глимт 5,010635 0,005252
шапка 0,013423 0,000014
отправить 0,013423 0,000197
поздравить 2,525729 0,002648
продолжить 0,006689 0,000007
решение 0,006689 0,000007
лига 1,966113 0,024731
пьянка 5,010635 0,005252
ознакомить 0,013423 0,000014
гала 5,010635 0,005252
вакансия 0,013423 0,000014
шевалье 5,010635 0,005252
корреспондент 4,317488 0,004526
мы 0,013423 0,000098
проставлять 0,013423 0,000014
участие 0,006689 0,000014
аккаунт 0,013423 0,000070
топ 2,708050 0,002839
состав 2,120264 0,002222
олимпиада 2,445686 0,023073
тот 1,576648 0,001653
обсуждение 0,013423 0,000028
барс 2,612740 0,002739
опечатка 0,013423 0,000014
использовать 0,013423 0,000014
онлайн 0,013423 0,000014
розыгрыш 3,064725 0,003213
почта 0,013423 0,000098
блокировка 0,013423 0,000056
писать 1,752539 0,001837
прокомментировать 2,371578 0,002486
щадить 5,010635 0,005252
осуществляться 0,013423 0,000014
таблица 3,401197 0,003565
апрель 0,013423 0,000014
инфантино 5,010635 0,005252
звезда 2,371578 0,012430
фамилия 0,013423 0,000014
сенченкокорреспондент 5,010635 0,005252
яндекс 0,013423 0,000028
сельт 2,612740 0,002739
либо 0,013423 0,000014
федеральный 0,013423 0,000056
нажимать 0,013423 0,000014
ои 4,317488 0,004526
бой 2,445686 0,002564
поиск 0,013423 0,000014
чемпион 2,612740 0,005477
жулин 5,010635 0,005252
клебо 5,010635 0,005252
бокс 4,317488 0,004526
катание 2,302585 0,014482
попробовать 0,013423 0,000014
заполнение 0,013423 0,000098
мегасенсация 5,010635 0,005252
внимание 0,013423 0,000014
принимать 0,013423 0,000014
алькарас 2,612740 0,002739
премьер 2,931194 0,006145
правда 2,612740 0,002739
выпуск 0,013423 0,000014
принять 1,791759 0,001878
палач 4,317488 0,004526
надзор 0,013423 0,000014
предприятие 0,013423 0,000042
способ 0,013423 0,000028
обратный 0,013423 0,000098
продукт 0,135438 0,000142
произойти 0,013423 0,000014
