обходиться 3,912023 0,000722
банк 1,966113 0,000726
законный 0,013423 0,000002
день 0,591795 0,000218
казак 4,317488 0,000797
найти 0,013423 0,000002
свекольный 3,912023 0,003610
письмо 0,013423 0,000005
целое 3,218876 0,001188
спасибо 0,013423 0,000002
расширить 0,006689 0,000001
пена 3,912023 0,004332
вокруг 3,064725 0,000566
грибной 3,624341 0,000669
согласие 0,013423 0,000005
центр 0,166448 0,000031
ст 2,813411 0,006231
су 3,624341 0,001338
содержимое 3,624341 0,001338
борщевик 5,010635 0,000925
связаться 0,013423 0,000015
тёплый 2,708050 0,001999
кожица 4,317488 0,001594
декабрь 0,985284 0,000182
вода 1,576648 0,013677
человек 1,118815 0,000413
немного 2,177422 0,003215
реклама 0,013423 0,000005
фото 0,013423 0,000005
связь 0,006689 0,000010
кастрюля 2,371578 0,019697
суп 2,302585 0,018274
повар 2,238047 0,002065
перемешать 2,238047 0,004957
весь 1,021651 0,000189
пройти 0,006689 0,000001
заголовок 0,013423 0,000005
информационный 0,013423 0,000010
шаг 1,791759 0,028771
обжаривать 3,624341 0,002007
рассмотреть 0,013423 0,000002
капуста 2,708050 0,030989
расположить 0,013423 0,000005
проект 2,014903 0,000372
слишком 2,708050 0,000500
называть 2,120264 0,000391
невкусно 5,010635 0,000925
очистить 2,238047 0,015284
готовить 1,966113 0,009435
главный 0,013423 0,000005
подкаст 0,292136 0,000054
проблема 0,013423 0,000002
режим 2,066196 0,002288
данные 0,013423 0,000020
также 1,139434 0,001262
туда 3,218876 0,001188
одноимённый 3,912023 0,000722
фотография 0,013423 0,000002
предварительно 2,931194 0,003787
трава 3,064725 0,001697
соглашаться 0,013423 0,000002
сначала 0,013423 0,000007
употреблять 3,401197 0,001256
сквасить 5,010635 0,000925
удалить 0,013423 0,000010
закрыть 3,624341 0,001338
размещение 0,013423 0,000002
кефир 2,931194 0,002705
сколько 0,006689 0,000001
запекать 3,218876 0,000594
постепенно 2,931194 0,001082
оттенок 2,612740 0,001929
иметь 1,544899 0,000285
совет 1,226446 0,001132
филе 3,912023 0,001444
бутерброд 2,525729 0,000466
индейка 4,317488 0,001594
сметана 2,708050 0,012496
кожура 2,813411 0,001558
нарезать 2,120264 0,022306
едва 3,912023 0,000722
сторона 1,609438 0,000594
минута 1,226446 0,015166
вовсе 3,624341 0,000669
шеф 2,238047 0,003305
кислый 3,912023 0,000722
выложить 2,708050 0,003999
некоторый 2,014903 0,000372
часто 2,371578 0,000438
сельдерей 5,010635 0,004624
архив 0,190354 0,000035
посечь 5,010635 0,001850
кипяток 2,813411 0,002077
прозрачность 4,317488 0,001594
золотистый 2,931194 0,002164
описание 0,013423 0,000002
шт 2,238047 0,071049
процесс 0,013423 0,000010
залить 2,445686 0,004063
говорить 1,714798 0,007596
курица 2,931194 0,009197
щи 3,912023 0,000722
помидор 2,931194 0,010820
чесночный 5,010635 0,001850
струя 4,317488 0,001594
становиться 2,177422 0,000402
меняться 3,218876 0,000594
нравиться 3,912023 0,000722
молотый 3,064725 0,001131
влиять 2,445686 0,000451
бульон 3,624341 0,041475
встречаться 3,401197 0,000628
закуска 2,302585 0,000425
поставить 2,014903 0,000744
посыпать 2,612740 0,000964
параллельно 3,912023 0,002888
сытный 2,612740 0,000482
перейти 0,013423 0,000017
нужно 1,455287 0,002149
обладать 3,064725 0,000566
счёт 2,014903 0,000372
оглавление 1,791759 0,000331
зубец 5,010635 0,001850
пропитаться 3,912023 0,001444
порция 2,238047 0,000826
огонь 1,966113 0,010887
спецпроект 0,190354 0,000035
украинский 1,576648 0,001164
шпинат 4,317488 0,003188
слово 1,514128 0,000279
литовский 4,317488 0,003984
консистенция 3,218876 0,000594
еда 2,177422 0,006028
варка 3,401197 0,005650
стоить 1,678431 0,001239
чаша 3,912023 0,002888
петрушка 2,813411 0,006751
красивый 2,445686 0,000451
покрошить 4,317488 0,002391
крупно 3,624341 0,002676
вариться 4,317488 0,001594
стакан 3,064725 0,001131
средний 1,832581 0,001691
отварить 2,813411 0,005712
горошек 3,912023 0,002888
целый 2,931194 0,001082
эл 0,013423 0,000002
дзен 0,851752 0,000157
прокипеть 5,010635 0,001850
почему 0,013423 0,000002
хороший 1,059392 0,001173
добавить 1,514128 0,024872
красный 1,966113 0,002540
змея 2,708050 0,000500
готовиться 2,931194 0,001082
вкусный 1,752539 0,002264
рубить 5,010635 0,000925
вконтакте 0,013423 0,000005
логин 0,013423 0,000002
конфиденциальность 0,013423 0,000010
нарушение 0,013423 0,000007
навсегда 0,013423 0,000002
контейнер 3,218876 0,002376
общий 2,014903 0,001488
натереть 2,708050 0,011996
назад 0,013423 0,000012
остудить 2,931194 0,001082
говядина 3,218876 0,014259
список 0,013423 0,000005
дополнение 3,064725 0,000566
желание 2,813411 0,002077
лук 2,302585 0,025074
идти 1,919593 0,000354
приобрести 2,302585 0,000425
проварить 3,912023 0,001444
слабый 2,708050 0,001000
зубовский 0,013423 0,000005
подпортить 4,317488 0,000797
заполнить 0,013423 0,000017
сборка 3,912023 0,000722
пюре 3,064725 0,001131
именно 2,066196 0,000763
общество 0,257045 0,000047
так 2,525729 0,000466
бекон 3,912023 0,000722
промыть 2,612740 0,003858
основание 0,013423 0,000002
лимон 3,064725 0,001131
издание 0,013423 0,000002
бульвар 0,013423 0,000005
засыпать 3,624341 0,001338
активный 2,813411 0,000519
сетевой 0,013423 0,000002
затирка 5,010635 0,001850
давленый 5,010635 0,001850
вновь 0,013423 0,000002
сменить 0,013423 0,000002
кипятиться 5,010635 0,000925
подаваться 3,401197 0,001256
выкладывать 3,401197 0,000628
участвовать 0,013423 0,000005
сообщить 0,013423 0,000002
беседа 3,912023 0,001444
подразумевать 3,912023 0,000722
быть 0,013423 0,000002
пошаговый 1,455287 0,001343
половинка 3,401197 0,002511
скриншот 0,013423 0,000007
трапеза 3,624341 0,000669
ингридиент 5,010635 0,001850
истечь 0,013423 0,000002
налить 3,218876 0,001188
отмечать 1,399717 0,000258
яйцо 1,966113 0,010161
привкус 3,912023 0,001444
приготовить 1,643339 0,000303
послевкусие 5,010635 0,000925
электронный 0,013423 0,000002
установить 2,302585 0,000850
спорт 0,190354 0,000035
косточка 3,912023 0,000722
этот 1,514128 0,000559
соломка 3,624341 0,010703
глубокий 2,931194 0,002705
вкрутую 3,401197 0,001256
рубленый 5,010635 0,005549
убивать 3,912023 0,000722
пряный 3,218876 0,000594
сохранить 0,013423 0,000005
ложка 2,525729 0,003263
основной 2,371578 0,001313
перчик 5,010635 0,000925
взаимодействие 0,013423 0,000005
кипение 2,931194 0,005951
согласный 0,013423 0,000007
перетянуть 0,013423 0,000002
картофель 2,445686 0,035209
позволить 2,708050 0,000500
использоваться 0,006689 0,000001
отправлять 3,624341 0,001338
важно 2,120264 0,000391
раз 3,064725 0,000566
медиабанктарелка 5,010635 0,000925
оставить 1,966113 0,001452
фио 0,013423 0,000002
кусок 3,401197 0,001256
корейски 3,912023 0,000722
пожалуйста 0,013423 0,000002
лавров 3,401197 0,001256
образование 2,708050 0,000500
картошка 2,813411 0,004154
тарелка 2,813411 0,002596
стол 1,832581 0,001691
необходимо 1,791759 0,000992
соблюдать 3,064725 0,000566
запеканка 3,401197 0,000628
версия 0,013423 0,000007
ниже 0,013423 0,000007
переборщить 5,010635 0,000925
монастырь 3,624341 0,000669
тег 0,190354 0,000035
измельчить 2,931194 0,009738
помешивать 3,218876 0,003565
квашеный 4,317488 0,007172
зарегистрировать 0,013423 0,000002
мосев 5,010635 0,003699
вытащить 3,624341 0,006689
розмарин 4,317488 0,000797
популярный 1,752539 0,000970
грудинка 5,010635 0,000925
влить 3,064725 0,002263
поле 0,013423 0,000020
кофейня 4,317488 0,001594
перетащить 0,013423 0,000007
положить 1,966113 0,009435
особенность 2,120264 0,000391
туризм 0,283247 0,000052
тамара 5,010635 0,003699
мелкий 2,371578 0,005253
щавель 4,317488 0,013547
адрес 0,013423 0,000012
соответствие 0,013423 0,000005
загрузить 0,013423 0,000005
сеть 2,371578 0,001751
уксус 3,218876 0,005941
направление 0,013423 0,000002
телефон 0,013423 0,000002
заправлять 5,010635 0,000925
редакция 0,013423 0,000007
чёрный 2,238047 0,005370
сочетание 2,708050 0,000500
пока 1,919593 0,001417
галкова 4,317488 0,000797
должный 0,013423 0,000017
свинина 3,624341 0,008027
украшение 3,401197 0,001256
галковы 4,317488 0,004781
отвар 3,624341 0,003345
автор 0,013423 0,000015
старый 0,013423 0,000002
сообщение 0,013423 0,000035
медиабанкборщ 5,010635 0,000925
достать 3,218876 0,001188
кроме 1,919593 0,000709
тёрка 2,813411 0,011943
лёгкий 2,120264 0,001565
происшествие 0,292136 0,000054
подавать 2,302585 0,008925
томить 4,317488 0,001594
ингредиент 1,919593 0,010629
подтвердить 0,013423 0,000002
густота 4,317488 0,001594
лебедев 3,624341 0,000669
россияборщедапродуктыпростый 5,010635 0,000925
шейк 4,317488 0,001594
мраморный 4,317488 0,001594
снять 2,371578 0,002626
эксперт 1,373049 0,000253
длительный 3,064725 0,000566
греческий 2,612740 0,000482
свежеть 3,401197 0,002511
фасоль 3,912023 0,011553
заправка 5,010635 0,011098
баклажан 3,912023 0,000722
культура 0,292136 0,000054
мягкость 3,218876 0,003565
ароматный 2,302585 0,000425
получаться 2,708050 0,001000
статья 0,013423 0,000002
консервированный 3,912023 0,002888
кусочек 2,708050 0,001999
повсеместно 5,010635 0,000925
свариться 5,010635 0,008323
редактор 0,013423 0,000002
полтора 3,912023 0,004332
ранний 2,612740 0,000482
фгуп 0,499776 0,001384
многий 3,064725 0,000566
получить 0,985284 0,000182
бытовать 5,010635 0,000925
контакт 0,013423 0,000002
ошпарить 4,317488 0,001594
жареный 3,401197 0,001256
государственный 0,013423 0,000007
копчёный 3,912023 0,001444
тщательно 2,445686 0,002708
связанный 0,013423 0,000005
риа 0,006689 0,000042
поэтапно 4,317488 0,000797
закрытый 0,013423 0,000002
зелёный 2,708050 0,006998
обращать 0,013423 0,000002
солёный 3,912023 0,000722
разный 1,484275 0,003835
год 0,006689 0,000007
таймер 4,317488 0,001594
характерный 3,401197 0,000628
томатный 3,401197 0,021344
кухня 1,576648 0,000291
международный 0,013423 0,000007
андрей 2,302585 0,000425
тёртый 2,931194 0,002164
поэтому 2,014903 0,000372
сахар 2,525729 0,012121
крупный 2,120264 0,006261
столовый 3,624341 0,002676
агентство 0,013423 0,000010
блин 2,014903 0,000372
огурец 2,931194 0,004869
сегодня 0,013423 0,000050
пропустить 2,931194 0,001082
просить 0,013423 0,000002
сразу 1,832581 0,000338
морковь 3,401197 0,039549
такой 1,098612 0,000811
вместе 2,302585 0,002125
чеснок 2,612740 0,021700
рассказывать 2,014903 0,000744
тонко 4,317488 0,001594
выпариться 5,010635 0,001850
вкусовой 2,813411 0,001039
отдельно 3,218876 0,002971
шапка 0,013423 0,000002
отправить 0,013423 0,000059
овощ 2,120264 0,016827
прозрачный 3,912023 0,000722
регион 1,919593 0,003897
продолжить 0,006689 0,000004
решение 0,006689 0,000001
ознакомить 0,013423 0,000002
необычный 2,014903 0,000372
летний 1,919593 0,000709
щерба 4,317488 0,000797
проставлять 0,013423 0,000002
накрошить 5,010635 0,001850
аккаунт 0,013423 0,000012
экономика 0,292136 0,000054
состав 2,120264 0,001174
тот 1,576648 0,000582
носитель 4,317488 0,000797
обсуждение 0,013423 0,000005
выделиться 5,010635 0,000925
дарить 3,401197 0,000628
почта 0,013423 0,000017
блокировка 0,013423 0,000010
рецепт 1,118815 0,008466
запечь 3,624341 0,000669
хозяйка 3,401197 0,001256
обжарить 3,064725 0,018667
фамилия 0,013423 0,000002
школа 2,813411 0,000519
яндекс 0,013423 0,000005
хлеб 2,371578 0,000438
холодный 2,066196 0,008771
либо 0,013423 0,000007
остыть 2,525729 0,000932
сливать 5,010635 0,001850
нажимать 0,013423 0,000002
согласно 2,371578 0,000438
зажарка 5,010635 0,013872
накрыть 3,218876 0,002376
название 2,813411 0,001558
колбаса 3,064725 0,005091
поиск 0,013423 0,000002
многогранный 5,010635 0,000925
молодой 2,525729 0,000466
полуготовность 5,010635 0,003699
условие 1,321756 0,000488
помогать 2,445686 0,000451
настояться 3,064725 0,005091
кислота 3,064725 0,001697
перечисленный 3,624341 0,001338
подготовить 2,120264 0,002348
постоянно 2,371578 0,001751
окраска 4,317488 0,001594
зима 1,919593 0,000709
вышеперечисленный 3,912023 0,001444
редис 3,912023 0,001444
способ 0,013423 0,000012
творожный 3,218876 0,000594
продукт 0,135438 0,000450
медленный 4,317488 0,004781
яркий 2,302585 0,000850
второй 1,427116 0,000527
хрустеть 3,064725 0,000566
подача 2,120264 0,001957
придумать 2,931194 0,001082
тушение 5,010635 0,001850
сбрызгивать 4,317488 0,000797
варёный 3,218876 0,004753
новый 0,006689 0,000009
пароварка 4,317488 0,004781
орех 3,218876 0,000594
ещё 3,218876 0,001188
полоска 3,912023 0,001444
снимать 3,401197 0,002511
сварить 3,624341 0,003345
менее 2,177422 0,001206
доступ 0,013423 0,000005
закипание 3,624341 0,001338
миа 0,013423 0,000042
натирать 5,010635 0,001850
задать 0,013423 0,000002
готовность 2,238047 0,004957
мускатный 4,317488 0,000797
г 0,013423 0,000248
сладкий 2,302585 0,002125
кислинка 3,218876 0,001188
варить 2,371578 0,022324
качественный 3,218876 0,000594
политика 0,013423 0,000012
л 2,525729 0,015850
рецептыкулинария 5,010635 0,000925
подходить 2,445686 0,001806
о 0,013423 0,000002
репчатый 3,064725 0,007354
течение 0,013423 0,000017
теория 5,010635 0,000925
оно 2,302585 0,000850
вариант 1,966113 0,002177
мир 0,223144 0,000041
готовка 1,919593 0,000354
кефирный 3,912023 0,001444
тонкий 2,612740 0,002893
поместить 3,064725 0,004525
этап 2,931194 0,001623
голяшка 5,010635 0,000925
классический 1,752539 0,002588
небольшой 2,014903 0,003719
конец 1,643339 0,001213
время 0,013423 0,000012
охладить 2,931194 0,001082
кнопка 0,013423 0,000002
томат 3,624341 0,002676
ранее 0,013423 0,000002
составлять 2,238047 0,000413
чистый 3,218876 0,000594
кулинар 2,813411 0,002596
город 0,013423 0,000002
разблокировать 0,013423 0,000007
пекарный 4,317488 0,001594
следовать 2,014903 0,000744
час 0,013423 0,000035
волоколамский 5,010635 0,000925
чат 0,013423 0,000005
топлёный 5,010635 0,002774
новостеймолния 0,013423 0,000002
написать 0,013423 0,000002
зависимость 1,966113 0,000363
базилик 3,218876 0,000594
требовать 2,120264 0,000391
показать 0,013423 0,000002
пароль 0,013423 0,000027
хотя 2,371578 0,000438
дополнить 3,401197 0,001256
вход 0,013423 0,000005
рекомендоваться 3,218876 0,001782
читать 0,791128 0,000146
описать 0,013423 0,000002
полчаса 3,401197 0,003139
перемешивать 3,624341 0,001338
смесь 2,371578 0,000438
рёбрышко 4,317488 0,005578
сильно 2,708050 0,000500
подтверждать 0,013423 0,000002
плита 3,064725 0,005091
гаврилов 0,013423 0,000002
учредитель 0,013423 0,000002
зной 5,010635 0,001850
болгарский 3,401197 0,007533
неповторимый 3,912023 0,000722
ссылка 0,013423 0,000010
коммуникация 0,013423 0,000002
мой 0,013423 0,000012
момент 2,014903 0,000744
помочь 0,013423 0,000002
извлечь 3,624341 0,001338
бренд 3,064725 0,001131
любимый 2,813411 0,001039
салат 2,120264 0,000783
добавление 2,931194 0,000541
класться 5,010635 0,000925
основа 2,120264 0,002739
истечение 3,401197 0,001256
кожа 3,401197 0,000628
делать 1,427116 0,000263
роскомнадзор 0,013423 0,000002
куриный 2,371578 0,002189
технология 0,013423 0,000005
оладья 4,317488 0,000797
закладка 4,317488 0,000797
остаться 1,919593 0,001417
шинковать 5,010635 0,000925
девушка 2,931194 0,000541
москва 0,006689 0,000004
воспользоваться 0,013423 0,000010
сорт 2,931194 0,001082
добавлять 1,919593 0,003189
особенно 2,612740 0,000964
перекладывать 5,010635 0,001850
большой 1,832581 0,000338
далее 0,013423 0,000007
хвойный 3,912023 0,000722
пансионат 4,317488 0,001594
сковорода 2,525729 0,010256
бывать 3,218876 0,000594
отварный 3,912023 0,001444
хотеть 0,006689 0,000002
открывать 0,013423 0,000005
потереть 5,010635 0,003699
высыпать 3,912023 0,002888
стать 0,851752 0,000943
придавать 2,612740 0,002893
нежный 2,177422 0,000402
пенка 5,010635 0,000925
приобретать 3,064725 0,000566
обращение 0,013423 0,000007
это 0,013423 0,000022
холодное 3,624341 0,000669
массовый 0,013423 0,000002
обработка 0,013423 0,000012
переложить 3,064725 0,004525
порезать 3,624341 0,017393
вкус 1,752539 0,015850
лимонный 2,931194 0,007033
лука 3,218876 0,002376
два 1,514128 0,001397
насыщенный 2,931194 0,003787
новость 0,006689 0,000043
вполне 3,624341 0,000669
настоять 5,010635 0,000925
сентябрь 1,427116 0,001317
остальной 2,177422 0,000804
зарегистрироваться 0,013423 0,000012
пожаловаться 0,006689 0,000001
войти 0,006689 0,000005
коренья 5,010635 0,000925
насыщенность 3,401197 0,000628
подсолёный 5,010635 0,001850
радио 0,274437 0,000051
защита 0,013423 0,000010
регистрация 0,013423 0,000012
включить 3,624341 0,001338
питие 5,010635 0,000925
выключить 3,624341 0,004014
особый 1,752539 0,000970
восстановление 0,013423 0,000010
лавр 4,317488 0,000797
чернослив 5,010635 0,000925
литр 3,401197 0,003767
затем 1,791759 0,010583
белокочанный 4,317488 0,009563
неизменный 4,317488 0,000797
жир 2,238047 0,000413
соль 2,066196 0,015636
румяность 4,317488 0,001594
перетирать 5,010635 0,000925
соединиться 4,317488 0,000797
действие 0,013423 0,000002
релиз 0,013423 0,000002
великолепный 4,317488 0,000797
тиффаня 3,064725 0,000566
смешанный 4,317488 0,001594
первый 0,883501 0,000163
пост 2,302585 0,000850
обиходник 5,010635 0,000925
лист 2,708050 0,016994
отделить 3,218876 0,002376
пять 1,966113 0,002177
слить 3,401197 0,000628
обязательный 0,013423 0,000017
февраль 0,567984 0,000105
практически 2,445686 0,000451
ошибка 0,013423 0,000007
птица 3,912023 0,002166
вопрос 0,006689 0,000005
мягкий 2,445686 0,001806
закладывать 4,317488 0,001594
установка 3,401197 0,001256
корзинка 5,010635 0,001850
крышка 3,218876 0,005347
щиборщ 5,010635 0,000925
ваш 0,013423 0,000040
имя 0,013423 0,000012
свёкла 3,064725 0,046949
мнение 2,238047 0,001239
присутствовать 3,218876 0,000594
блюдо 1,609438 0,003565
больший 2,014903 0,000744
срок 0,013423 0,000005
букет 5,010635 0,001850
считаться 2,525729 0,000466
чили 4,317488 0,006375
предпочтение 2,708050 0,000500
использование 0,013423 0,000007
материал 0,013423 0,000022
выбирать 2,014903 0,000372
заготовка 4,317488 0,001594
успешно 0,013423 0,000002
аккуратный 3,624341 0,000669
лента 0,006689 0,000002
пучок 3,624341 0,004014
нашинковать 3,624341 0,012041
зимний 1,919593 0,000354
сфера 0,013423 0,000002
долька 3,401197 0,000628
солить 3,912023 0,001444
томиться 5,010635 0,002774
сам 1,875141 0,000692
свидетельство 0,013423 0,000002
комментирование 0,013423 0,000005
пассеровать 5,010635 0,001850
блокироваться 0,013423 0,000002
крапива 4,317488 0,007172
спорить 5,010635 0,000925
правило 0,013423 0,000012
толстый 3,401197 0,001256
применение 0,013423 0,000002
душистый 3,912023 0,001444
дать 0,013423 0,000032
укроп 2,445686 0,006771
пресс 0,013423 0,000010
персональный 0,013423 0,000020
кулинария 2,371578 0,006566
пикантность 3,624341 0,000669
потушить 5,010635 0,004624
смочь 0,006689 0,000001
сало 3,624341 0,024082
готовый 0,006689 0,000041
кисловатый 4,317488 0,001594
дата 0,006689 0,000001
сугроб 2,931194 0,000541
цвет 2,238047 0,004131
одноклассник 0,013423 0,000005
недопустимый 0,013423 0,000002
вы 0,013423 0,000002
придание 3,912023 0,000722
восстановить 0,013423 0,000002
отложить 3,912023 0,001444
вялый 5,010635 0,000925
россия 0,006689 0,000046
простой 1,272966 0,004699
горячий 1,966113 0,006532
хватить 3,624341 0,000669
свой 0,867501 0,002242
заливка 4,317488 0,001594
свиной 4,317488 0,002391
полукольцо 3,624341 0,001338
получиться 2,177422 0,000804
январь 1,040343 0,000384
пара 2,177422 0,000804
столовая 2,931194 0,002164
кубик 2,525729 0,017248
сайт 0,013423 0,000007
правильно 2,066196 0,000381
правдоподобный 5,010635 0,000925
слегка 2,708050 0,000500
великий 2,120264 0,000391
полезный 0,143101 0,000026
галочка 0,013423 0,000002
технолог 3,624341 0,000669
заблокировать 0,013423 0,000005
мясной 3,912023 0,013719
поддерживаетсяполучить 0,013423 0,000002
перец 2,445686 0,021667
другой 0,013423 0,000020
сюда 3,624341 0,001338
ржаной 3,912023 0,000722
унитарный 0,013423 0,000007
давать 0,013423 0,000005
указ 3,912023 0,000722
отправка 0,013423 0,000002
лавровый 3,401197 0,020088
отдать 2,931194 0,000541
пожилой 4,317488 0,001594
почистить 3,912023 0,002888
сухой 2,813411 0,001039
сушёный 3,624341 0,000669
сен 3,401197 0,000628
специя 2,813411 0,004673
постный 2,931194 0,002705
вид 1,399717 0,000775
пряность 4,317488 0,000797
вымыть 3,401197 0,002511
сложить 3,401197 0,002511
замочить 3,401197 0,001256
обновить 0,985284 0,000182
масло 2,238047 0,011153
штучка 5,010635 0,000925
борша 5,010635 0,000925
домашний 2,177422 0,000804
авторизация 0,013423 0,000002
религия 0,283247 0,000052
рейтинг 0,006689 0,000001
форма 0,013423 0,000030
среднее 2,445686 0,006320
зелень 2,371578 0,020135
тушить 3,624341 0,006020
растительный 2,931194 0,010820
острота 5,010635 0,001850
овощной 2,612740 0,010609
медиабанкприготовление 5,010635 0,000925
принцип 3,218876 0,001782
украсить 2,708050 0,001000
традиционно 2,612740 0,000482
луковица 3,912023 0,007220
недвижимость 0,292136 0,000054
мелко 2,525729 0,014918
наш 1,919593 0,000709
казаться 3,401197 0,000628
кость 3,912023 0,006498
мультиварка 3,912023 0,005054
мясо 2,445686 0,023924
борщ 3,624341 0,086963
компонент 2,931194 0,001623
всыпать 3,912023 0,004332
тема 0,013423 0,000007
сервис 0,174353 0,000064
дискуссия 0,013423 0,000005
около 2,177422 0,001608
придать 2,813411 0,002077
служба 0,006689 0,000001
заметить 0,013423 0,000002
стрингер 3,624341 0,004014
класть 3,064725 0,000566
рекомендательный 0,013423 0,000002
бордовый 3,912023 0,000722
довести 2,931194 0,005410
жарка 3,912023 0,001444
прокипятить 3,912023 0,000722
мундир 4,317488 0,000797
жирный 3,401197 0,001883
кг 3,064725 0,001131
медиабанк 1,321756 0,000732
ломтик 2,931194 0,002164
установиться 5,010635 0,001850
аромат 2,708050 0,002499
который 0,603916 0,000223
убрать 2,302585 0,000850
карбонат 4,317488 0,002391
комбинировать 4,317488 0,000797
холодильник 2,525729 0,000932
наталья 2,525729 0,001399
варежка 3,064725 0,000566
приготовление 1,484275 0,010136
поперчить 3,218876 0,001188
следующий 1,427116 0,001054
королевский 3,218876 0,000594
пища 2,813411 0,001039
авторизоваться 0,013423 0,000005
выбрать 0,013423 0,000022
кулинарный 3,064725 0,000566
паста 3,624341 0,020068
жарить 3,401197 0,005022
новыесначала 0,013423 0,000002
грудка 3,624341 0,002007
несколько 1,544899 0,001711
посолить 2,813411 0,004154
мл 2,612740 0,001929
примерно 2,177422 0,003617
место 1,272966 0,000470
заправить 3,912023 0,001444
рогов 5,010635 0,002774
нежирный 4,317488 0,001594
корень 3,401197 0,003767
вакансия 0,013423 0,000002
спелый 4,317488 0,000797
мы 0,013423 0,000017
участие 0,006689 0,000001
свежий 2,066196 0,005339
использовать 0,013423 0,000015
опечатка 0,013423 0,000002
каждый 1,399717 0,000775
онлайн 0,013423 0,000005
маленький 2,371578 0,000438
привычный 3,401197 0,001883
осуществляться 0,013423 0,000002
апрель 0,013423 0,000002
появление 2,525729 0,000932
сок 2,813411 0,009866
количество 1,919593 0,001063
говяжий 4,317488 0,003188
борщёв 5,010635 0,000925
владимир 1,373049 0,000253
порубить 3,912023 0,004332
федеральный 0,013423 0,000010
разогреть 2,931194 0,002164
упоминание 3,218876 0,000594
пампушка 5,010635 0,014797
обязать 2,813411 0,000519
он 3,064725 0,002263
крутиться 5,010635 0,000925
попробовать 0,013423 0,000002
заполнение 0,013423 0,000017
вернуть 2,120264 0,001565
воздушный 3,064725 0,000566
внимание 0,013423 0,000002
принимать 0,013423 0,000002
шкварка 5,010635 0,002774
пережарить 5,010635 0,001850
смешать 2,813411 0,004154
наваристый 5,010635 0,003699
гриб 2,813411 0,001039
молоко 2,445686 0,000451
выпуск 0,013423 0,000002
уникальный 2,014903 0,000372
зубчик 3,912023 0,010109
инжуват 5,010635 0,000925
надзор 0,013423 0,000002
ярослав 3,624341 0,004683
предприятие 0,013423 0,000007
наука 0,283247 0,000052
какой 1,399717 0,000258
обратный 0,013423 0,000017
уходить 3,401197 0,001256
произойти 0,013423 0,000002
смазать 2,931194 0,001082
книга 3,218876 0,000594
