состоять 3,218876 0,002041
рф 1,181994 0,003748
специальный 1,514128 0,000960
законный 0,013423 0,000009
новый 0,006689 0,000013
день 0,591795 0,000751
оборона 2,066196 0,001310
найти 0,013423 0,000009
письмо 0,013423 0,000017
спасибо 0,013423 0,000009
частично 3,912023 0,002481
расширить 0,006689 0,000004
исчерпывающий 5,010635 0,003177
попросить 3,401197 0,002157
согласие 0,013423 0,000017
центр 0,166448 0,000106
амбулаторный 5,010635 0,003177
безработный 5,010635 0,003177
прикрепить 3,912023 0,002481
бесплатный 3,218876 0,051028
важный 1,297063 0,000822
доступ 0,013423 0,000017
миа 0,013423 0,000043
заявление 2,066196 0,001310
полный 1,678431 0,001064
предел 2,931194 0,001859
задать 0,013423 0,000009
юридический 2,813411 0,003568
предложить 2,066196 0,001310
помощь 1,321756 0,002514
александр 1,373049 0,004353
связаться 0,013423 0,000051
декабрь 0,985284 0,000625
человек 1,118815 0,001419
заболевание 3,912023 0,009923
г 0,013423 0,000034
лично 3,401197 0,002157
контузия 5,010635 0,003177
реклама 0,013423 0,000017
фото 0,013423 0,000017
пункт 2,238047 0,001419
политика 0,013423 0,000051
связь 0,006689 0,000038
москвич 3,218876 0,002041
добиться 2,302585 0,001460
мособлдума 5,010635 0,003177
о 0,013423 0,000009
средство 2,120264 0,002689
суд 1,791759 0,002272
положительный 3,912023 0,002481
лекарство 3,401197 0,122935
течение 0,013423 0,000017
область 1,427116 0,001810
дополнительный 2,066196 0,001310
многодетный 3,912023 0,002481
диагноз 4,317488 0,002738
одинок 4,317488 0,005476
обращаться 2,371578 0,001504
омс 4,317488 0,002738
мир 0,223144 0,000141
пройти 0,006689 0,000004
заголовок 0,013423 0,000017
неработающий 5,010635 0,003177
информационный 0,013423 0,000034
льгота 2,813411 0,008920
необходимый 2,238047 0,001419
житель 2,612740 0,001657
юношеский 5,010635 0,003177
входить 2,813411 0,003568
копия 3,624341 0,002298
рассмотреть 0,013423 0,000009
расположить 0,013423 0,000017
практика 2,612740 0,003314
время 0,013423 0,000026
оплачивать 3,401197 0,004314
называть 2,120264 0,001344
кнопка 0,013423 0,000009
посмотреть 2,177422 0,001381
социальный 1,678431 0,006386
инфомат 5,010635 0,003177
фз 3,064725 0,001943
ранее 0,013423 0,000009
главный 0,013423 0,000017
проблема 0,013423 0,000026
ситуация 1,643339 0,002084
подкаст 0,292136 0,000185
данные 0,013423 0,000077
соответствующий 2,931194 0,001859
посещение 2,813411 0,001784
иной 2,238047 0,001419
госуслуга 2,708050 0,001717
также 1,139434 0,003613
получение 2,302585 0,014601
город 0,013423 0,000017
подать 2,238047 0,001419
разблокировать 0,013423 0,000026
фотография 0,013423 0,000009
погибнуть 3,218876 0,002041
следовать 2,014903 0,002555
час 0,013423 0,000017
чат 0,013423 0,000017
региональный 3,064725 0,013604
новостеймолния 0,013423 0,000009
написать 0,013423 0,000009
млн 3,401197 0,002157
прийтись 2,708050 0,001717
соглашаться 0,013423 0,000009
россиянин 1,576648 0,001000
охрана 3,624341 0,002298
сначала 0,013423 0,000009
правовой 3,218876 0,002041
незаконный 3,218876 0,002041
касса 4,317488 0,005476
показать 0,013423 0,000009
устанавливаться 3,218876 0,002041
здравоохранение 3,624341 0,011491
васильев 3,912023 0,007442
отсутствие 2,014903 0,001278
основный 1,791759 0,001136
пароль 0,013423 0,000094
подмосковье 2,238047 0,002838
удалить 0,013423 0,000034
последствие 1,544899 0,000980
порядок 1,832581 0,001162
оформить 3,064725 0,001943
вход 0,013423 0,000017
рекомендоваться 3,218876 0,002041
читать 0,791128 0,000502
описать 0,013423 0,000009
размещение 0,013423 0,000009
сколько 0,006689 0,000004
отказ 2,302585 0,008761
артём 3,401197 0,006470
фапах 5,010635 0,003177
жаловаться 4,317488 0,002738
купить 3,218876 0,002041
кавалер 5,010635 0,003177
поддержка 2,445686 0,001551
обязательно 2,931194 0,001859
иметь 1,544899 0,006858
сельский 3,218876 0,002041
председатель 3,064725 0,001943
полностью 2,014903 0,001278
опухоль 5,010635 0,003177
департамент 3,218876 0,002041
посетить 3,218876 0,002041
перевязочный 5,010635 0,003177
мера 1,875141 0,001189
подтверждать 0,013423 0,000017
гаврилов 0,013423 0,000009
учредитель 0,013423 0,000009
московский 1,678431 0,002129
ссылка 0,013423 0,000034
возникать 3,064725 0,001943
действительный 5,010635 0,003177
коммуникация 0,013423 0,000009
медикамент 5,010635 0,006355
срочный 4,317488 0,002738
мой 0,013423 0,000043
некоторый 2,014903 0,006388
пфр 4,317488 0,002738
старость 3,912023 0,002481
миелолейкоз 5,010635 0,003177
рассчитывать 2,931194 0,001859
архив 0,190354 0,000121
помочь 0,013423 0,000009
выписать 4,317488 0,002738
труд 2,931194 0,001859
помимо 2,708050 0,001717
богодвид 3,218876 0,004082
описание 0,013423 0,000009
процесс 0,013423 0,000009
основа 2,120264 0,004033
карта 2,612740 0,001657
отказать 3,218876 0,002041
делать 1,427116 0,005430
пояснять 2,371578 0,004512
говорить 1,714798 0,002175
совершеннолетний 3,912023 0,002481
роскомнадзор 0,013423 0,000009
технология 0,013423 0,000017
тыс 3,624341 0,006895
глюкометр 5,010635 0,006355
скидка 3,912023 0,014884
зрение 3,401197 0,002157
москва 0,006689 0,000021
приём 3,624341 0,002298
выписка 3,624341 0,002298
воспользоваться 0,013423 0,000034
муниципальный 3,912023 0,007442
вследствие 3,912023 0,002481
врач 2,014903 0,014054
предоставление 2,931194 0,005576
оформление 2,813411 0,005352
гипофизарный 5,010635 0,003177
отдельный 2,525729 0,001602
деньга 2,066196 0,001310
ноябрь 1,514128 0,000960
лицо 1,714798 0,003262
далее 0,013423 0,000017
поставить 2,014903 0,001278
выдача 3,064725 0,001943
являться 1,875141 0,001189
получать 2,238047 0,005677
документ 2,371578 0,004512
чек 4,317488 0,002738
хотеть 0,006689 0,000004
открывать 0,013423 0,000017
зона 2,371578 0,001504
льготыроссиялекарстваздоровьеврачиминистерство 5,010635 0,003177
перейти 0,013423 0,000060
пенсионер 3,401197 0,008627
портал 2,931194 0,001859
нужно 1,455287 0,003691
медицинский 3,064725 0,009717
закрепить 3,624341 0,004597
работать 1,966113 0,002493
возможно 2,708050 0,003434
установленный 2,931194 0,001859
фельдшер 4,317488 0,002738
оглавление 1,791759 0,001136
наращивать 3,912023 0,002481
обращение 0,013423 0,000034
группа 2,302585 0,005840
провести 1,919593 0,001217
это 0,013423 0,000034
спецпроект 0,190354 0,000121
массовый 0,013423 0,000009
обработка 0,013423 0,000043
закон 2,445686 0,003102
слово 1,514128 0,001920
предусмотреть 2,813411 0,003568
ветеран 3,401197 0,002157
новость 0,006689 0,000059
гоша 5,010635 0,003177
взять 1,832581 0,001162
реабилитация 3,401197 0,002157
консультация 3,624341 0,004597
мерцательный 5,010635 0,003177
законодательство 2,813411 0,008920
измерение 3,912023 0,002481
катастрофа 3,064725 0,001943
медизделие 5,010635 0,003177
доступный 2,302585 0,001460
льготный 3,064725 0,038868
диабет 4,317488 0,002738
зарегистрироваться 0,013423 0,000043
пожаловаться 0,006689 0,000004
войти 0,006689 0,000017
пособие 3,401197 0,006470
затрата 3,912023 0,002481
возраст 2,177422 0,002761
лекарственный 4,317488 0,002738
относиться 2,371578 0,001504
эл 0,013423 0,000009
радио 0,274437 0,000174
дзен 0,851752 0,000540
пригласить 2,708050 0,001717
защита 0,013423 0,000043
регистрация 0,013423 0,000051
полис 4,317488 0,002738
утвердить 3,064725 0,001943
почему 0,013423 0,000009
ежегодно 3,218876 0,002041
периодически 5,010635 0,003177
восстановление 0,013423 0,000034
быстрый 1,714798 0,001087
регулировать 3,218876 0,002041
обслуживание 3,912023 0,002481
нанизм 5,010635 0,003177
вконтакте 0,013423 0,000017
страдать 3,624341 0,002298
ждать 1,919593 0,001217
телемедицинский 5,010635 0,006355
власть 2,371578 0,001504
логин 0,013423 0,000009
конфиденциальность 0,013423 0,000034
нарушение 0,013423 0,000026
навсегда 0,013423 0,000009
действие 0,013423 0,000017
релиз 0,013423 0,000009
назад 0,013423 0,000043
болезнь 3,624341 0,004597
список 0,013423 0,000085
разрешить 2,931194 0,001859
рецептурный 5,010635 0,003177
отсрочить 5,010635 0,003177
рассеянный 5,010635 0,003177
дистрофия 5,010635 0,003177
обязательный 0,013423 0,000060
ошибка 0,013423 0,000026
вопрос 0,006689 0,000025
зубовский 0,013423 0,000017
юрист 2,371578 0,001504
деятельность 2,612740 0,001657
уточнить 2,931194 0,003717
компания 1,919593 0,002434
заполнить 0,013423 0,000060
аэс 3,624341 0,002298
размер 2,014903 0,001278
ошибиться 5,010635 0,003177
ваш 0,013423 0,000136
общество 0,257045 0,000163
имя 0,013423 0,000043
главное 1,609438 0,001021
федерация 2,066196 0,001310
медиабанкфармацевт 5,010635 0,003177
рекомендация 2,708050 0,001717
срок 0,013423 0,000026
прокуратура 2,931194 0,001859
основание 0,013423 0,000009
кто 2,014903 0,005111
издание 0,013423 0,000009
бульвар 0,013423 0,000017
сетевой 0,013423 0,000009
наградить 4,317488 0,002738
потребоваться 2,525729 0,001602
использование 0,013423 0,000009
вновь 0,013423 0,000009
сменить 0,013423 0,000009
материал 0,013423 0,000094
участвовать 0,013423 0,000026
товар 3,064725 0,003887
сообщить 0,013423 0,000009
слава 4,317488 0,002738
быть 0,013423 0,000009
успешно 0,013423 0,000009
скриншот 0,013423 0,000026
истечь 0,013423 0,000017
поликлиника 4,317488 0,005476
отчуждение 5,010635 0,003177
отмечать 1,399717 0,001775
лента 0,006689 0,000008
архивный 1,347074 0,000854
ранение 3,624341 0,002298
паспортный 4,317488 0,002738
назначение 3,064725 0,001943
кряжевый 3,401197 0,004314
линия 2,813411 0,001784
электронный 0,013423 0,000026
отделение 2,612740 0,001657
сфера 0,013423 0,000009
спорт 0,190354 0,000121
приобретение 3,624341 0,002298
аптека 5,010635 0,063546
отечественный 3,912023 0,002481
мочь 1,399717 0,010651
беременный 5,010635 0,003177
этот 1,514128 0,000960
свидетельство 0,013423 0,000009
комментирование 0,013423 0,000017
запись 2,931194 0,001859
приложение 3,064725 0,001943
блокироваться 0,013423 0,000009
друг 2,612740 0,003314
ведомственный 5,010635 0,003177
специализировать 4,317488 0,002738
выдаваться 3,912023 0,002481
оформлять 3,401197 0,002157
правило 0,013423 0,000060
сохранить 0,013423 0,000009
министерство 1,966113 0,003740
провизор 5,010635 0,006355
жительство 3,401197 0,002157
удаться 2,708050 0,001717
занятой 4,317488 0,002738
применение 0,013423 0,000009
взаимодействие 0,013423 0,000017
основное 3,624341 0,002298
дать 0,013423 0,000026
пресс 0,013423 0,000017
согласный 0,013423 0,000026
персональный 0,013423 0,000068
перетянуть 0,013423 0,000009
организовать 2,931194 0,001859
минимальный 2,708050 0,001717
смочь 0,006689 0,000004
использоваться 0,006689 0,000004
гарантия 3,218876 0,002041
производитель 3,218876 0,002041
женщина 1,832581 0,002324
инвалид 3,218876 0,014288
готовый 0,006689 0,000013
перечень 3,401197 0,002157
медиабанкженщина 3,624341 0,002298
дата 0,006689 0,000004
блокадный 5,010635 0,003177
голубеть 4,317488 0,008213
постановление 3,218876 0,004082
публиковать 3,912023 0,002481
больной 5,010635 0,003177
одноклассник 0,013423 0,000017
недопустимый 0,013423 0,000009
вы 0,013423 0,000009
фио 0,013423 0,000009
восстановить 0,013423 0,000009
пожалуйста 0,013423 0,000009
российский 0,883501 0,001120
гебель 5,010635 0,003177
партнёр 2,302585 0,001460
паспорт 2,525729 0,001602
необходимо 1,791759 0,001136
пациент 3,064725 0,003887
спид 5,010635 0,003177
экономический 2,302585 0,001460
версия 0,013423 0,000009
ниже 0,013423 0,000026
узнать 2,014903 0,002555
комментировать 3,064725 0,001943
россия 0,006689 0,000085
простой 1,272966 0,000807
горячий 1,966113 0,001247
смотреть 1,966113 0,002493
тег 0,190354 0,000121
нарушаться 5,010635 0,003177
обычно 2,813411 0,003568
свой 0,867501 0,000550
зарегистрировать 0,013423 0,000009
январь 1,040343 0,002639
получиться 2,177422 0,001381
журнал 4,317488 0,002738
компенсировать 3,218876 0,002041
услуга 2,445686 0,003102
сайт 0,013423 0,000034
поле 0,013423 0,000068
знак 3,218876 0,002041
великий 2,120264 0,001344
полезный 0,143101 0,000091
галочка 0,013423 0,000009
заблокировать 0,013423 0,000017
перетащить 0,013423 0,000026
положить 1,966113 0,008727
туризм 0,283247 0,000180
руководство 2,931194 0,001859
поддерживаетсяполучить 0,013423 0,000009
адрес 0,013423 0,000051
другой 0,013423 0,000060
соответствие 0,013423 0,000026
сертификат 3,912023 0,002481
работа 1,427116 0,000905
унитарный 0,013423 0,000026
давать 0,013423 0,000026
отправка 0,013423 0,000009
ожидание 3,401197 0,002157
загрузить 0,013423 0,000017
направление 0,013423 0,000009
кандидат 3,218876 0,002041
увечье 4,317488 0,002738
телефон 0,013423 0,000009
обжаловать 3,624341 0,002298
редакция 0,013423 0,000026
записаться 5,010635 0,003177
должный 0,013423 0,000026
выдать 3,064725 0,001943
число 1,643339 0,002084
склероз 5,010635 0,003177
военнослужащий 3,401197 0,002157
сен 3,401197 0,002157
автор 0,013423 0,000009
возврат 3,912023 0,002481
старый 0,013423 0,000009
сообщение 0,013423 0,000119
пенсия 3,064725 0,001943
гостелемед 5,010635 0,003177
ребёнок 1,514128 0,003841
происшествие 0,292136 0,000185
местность 4,317488 0,002738
внести 2,612740 0,001657
подтвердить 0,013423 0,000009
правительство 1,875141 0,005945
региональноий 5,010635 0,003177
страховой 3,401197 0,002157
обновить 0,985284 0,000625
порфирий 3,624341 0,002298
вич 5,010635 0,003177
эксперт 1,373049 0,002612
длительный 3,064725 0,001943
аритмия 5,010635 0,003177
война 2,238047 0,001419
указывать 2,708050 0,001717
полцена 4,317488 0,002738
авторизация 0,013423 0,000009
религия 0,283247 0,000180
рейтинг 0,006689 0,000004
форма 0,013423 0,000119
медаль 2,445686 0,001551
злокачественный 5,010635 0,003177
культура 0,292136 0,000185
бесплатно 2,931194 0,003717
одинокий 4,317488 0,002738
набор 2,931194 0,001859
процедура 2,813411 0,001784
советский 2,371578 0,001504
существовать 2,302585 0,001460
статья 0,013423 0,000009
регулирование 3,218876 0,002041
больница 2,931194 0,001859
артрит 5,010635 0,003177
жалоба 3,624341 0,004597
гражданский 2,371578 0,001504
временной 3,064725 0,001943
недвижимость 0,292136 0,000185
изделие 3,624341 0,004597
позвонить 3,624341 0,002298
редактор 0,013423 0,000009
льготник 5,010635 0,015887
фгуп 0,499776 0,000951
получатель 3,064725 0,003887
получить 0,985284 0,013745
контакт 0,013423 0,000009
письменный 3,401197 0,002157
ликвидация 2,813411 0,001784
тема 0,013423 0,000026
государственный 0,013423 0,000034
сервис 0,174353 0,000221
оказаться 2,525729 0,001602
орден 3,624341 0,002298
фармацевт 5,010635 0,009532
дискуссия 0,013423 0,000017
оксана 3,064725 0,003887
муковисцидоз 5,010635 0,003177
связанный 0,013423 0,000026
жалнин 5,010635 0,012709
служба 0,006689 0,000008
риа 0,006689 0,000051
заметить 0,013423 0,000009
здоровье 1,832581 0,004648
приказ 3,401197 0,002157
гиперлипидемия 5,010635 0,003177
технический 2,612740 0,001657
анализ 2,708050 0,001717
закрытый 0,013423 0,000009
обращать 0,013423 0,000009
рекомендательный 0,013423 0,000009
заведовать 4,317488 0,002738
право 2,066196 0,006551
эксплуатация 3,401197 0,002157
минздрав 3,912023 0,022326
год 0,006689 0,000064
выдавать 3,624341 0,009193
медиабанк 1,321756 0,002514
максим 2,525729 0,003203
обратиться 2,302585 0,008761
клиника 4,317488 0,002738
международный 0,013423 0,000026
андрей 2,302585 0,001460
комитет 2,708050 0,001717
потеря 2,066196 0,001310
который 0,603916 0,002298
сахар 2,525729 0,003203
например 1,714798 0,002175
агентство 0,013423 0,000034
следующий 1,427116 0,001810
авторизоваться 0,013423 0,000017
гемофилия 5,010635 0,003177
выбрать 0,013423 0,000026
частный 2,525729 0,003203
сегодня 0,013423 0,000068
жена 3,912023 0,002481
страна 1,139434 0,000723
просить 0,013423 0,000009
случай 1,643339 0,005210
острый 2,813411 0,001784
такой 1,098612 0,001393
безвозмездный 5,010635 0,003177
руководитель 2,445686 0,001551
новыесначала 0,013423 0,000009
союз 3,218876 0,002041
нужный 1,643339 0,002084
несколько 1,544899 0,000980
предоставить 2,066196 0,001310
герой 3,064725 0,003887
место 1,272966 0,001614
начало 1,643339 0,001042
шапка 0,013423 0,000009
отправить 0,013423 0,000119
государство 2,177422 0,001381
продолжить 0,006689 0,000004
медиабанкизмерение 5,010635 0,003177
решение 0,006689 0,000004
печать 5,010635 0,003177
ознакомить 0,013423 0,000009
военный 1,514128 0,000960
вакансия 0,013423 0,000009
мы 0,013423 0,000060
проставлять 0,013423 0,000009
участие 0,006689 0,000004
кормилец 3,912023 0,002481
аккаунт 0,013423 0,000043
экономика 0,292136 0,000185
состав 2,120264 0,001344
гепатоцеребральный 5,010635 0,003177
обсуждение 0,013423 0,000017
опечатка 0,013423 0,000009
использовать 0,013423 0,000009
самостоятельно 2,708050 0,001717
организация 2,066196 0,001310
гражданин 2,066196 0,006551
кровь 3,218876 0,004082
онлайн 0,013423 0,000009
перемежаться 5,010635 0,003177
почта 0,013423 0,000060
блокировка 0,013423 0,000034
рецепт 1,118815 0,016318
отказываться 3,624341 0,002298
осуществляться 0,013423 0,000009
правоохранительный 5,010635 0,003177
поход 3,912023 0,002481
апрель 0,013423 0,000009
категория 1,576648 0,004999
фамилия 0,013423 0,000009
евгений 2,238047 0,002838
довольно 3,401197 0,002157
яндекс 0,013423 0,000017
университет 1,919593 0,002434
уровень 2,014903 0,002555
выписывать 5,010635 0,006355
финансовый 1,714798 0,002175
заключение 3,064725 0,001943
принести 2,371578 0,001504
либо 0,013423 0,000043
мощность 3,064725 0,001943
федеральный 0,013423 0,000051
орган 2,708050 0,001717
нажимать 0,013423 0,000009
согласно 2,371578 0,003008
справка 1,791759 0,002272
обязать 2,813411 0,001784
семья 2,014903 0,003833
поиск 0,013423 0,000009
показание 3,912023 0,004961
аналогичный 3,218876 0,004082
целесообразно 4,317488 0,002738
регулироваться 3,401197 0,002157
расширять 4,317488 0,002738
попробовать 0,013423 0,000009
заполнение 0,013423 0,000060
участник 1,752539 0,001111
сталкиваться 4,317488 0,002738
внимание 0,013423 0,000009
принимать 0,013423 0,000009
препарат 3,218876 0,024494
инвалидность 3,218876 0,004082
медорганизация 4,317488 0,002738
ленинград 3,401197 0,004314
родитель 2,931194 0,001859
условие 1,321756 0,000838
возможность 1,752539 0,001111
насчитываться 4,317488 0,002738
пп 3,624341 0,002298
выпуск 0,013423 0,000009
физраствор 5,010635 0,003177
аптечный 5,010635 0,003177
надзор 0,013423 0,000009
фенилкетонурия 5,010635 0,003177
предприятие 0,013423 0,000026
способ 0,013423 0,000017
смирнов 5,010635 0,009532
наука 0,283247 0,000359
какой 1,399717 0,003550
обслуживать 5,010635 0,003177
наличие 3,064725 0,011660
доцент 2,708050 0,003434
обратный 0,013423 0,000060
учреждение 3,401197 0,006470
чернобыльский 5,010635 0,006355
произойти 0,013423 0,000017
продукт 0,135438 0,000086
дцп 5,010635 0,003177
