истечь 0,013423 0,000015
лента 0,006689 0,000015
законный 0,013423 0,000015
архивный 1,347074 0,001550
новый 0,006689 0,000015
день 0,591795 0,000681
ак 2,612740 0,003007
хачан 2,612740 0,003007
есть 3,624341 0,004171
рпл 2,371578 0,002729
найти 0,013423 0,000015
зимний 1,919593 0,006627
письмо 0,013423 0,000031
сфера 0,013423 0,000015
электронный 0,013423 0,000015
спасибо 0,013423 0,000015
спорт 0,190354 0,002410
теннис 2,525729 0,005813
расширить 0,006689 0,000008
перерыв 2,371578 0,002729
апл 2,612740 0,003007
свидетельство 0,013423 0,000015
согласие 0,013423 0,000031
центр 0,166448 0,000958
комментирование 0,013423 0,000031
сказать 2,371578 0,002729
доступ 0,013423 0,000031
пойти 2,708050 0,003116
блокироваться 0,013423 0,000015
миа 0,013423 0,000108
долго 3,064725 0,003527
задать 0,013423 0,000015
связаться 0,013423 0,000093
тёплый 2,708050 0,003116
вообще 2,931194 0,003373
правило 0,013423 0,000077
сохранить 0,013423 0,000015
г 0,013423 0,000031
немного 2,177422 0,002506
реклама 0,013423 0,000031
фото 0,013423 0,000031
политика 0,013423 0,000062
четверг 3,401197 0,003914
связь 0,006689 0,000062
й 2,014903 0,002319
к 2,177422 0,002506
применение 0,013423 0,000015
взаимодействие 0,013423 0,000031
альпинизм 4,317488 0,034778
о 0,013423 0,000015
зож 2,302585 0,002650
дать 0,013423 0,000031
пресс 0,013423 0,000031
кхл 2,525729 0,002906
согласный 0,013423 0,000046
персональный 0,013423 0,000124
перетянуть 0,013423 0,000015
серебряный 4,317488 0,009937
коля 5,010635 0,005766
течение 0,013423 0,000015
смочь 0,006689 0,000008
использоваться 0,006689 0,000008
авто 2,238047 0,002575
вес 3,912023 0,004502
душа 3,218876 0,003704
готовый 0,006689 0,000015
сочи 2,238047 0,002575
церемония 3,912023 0,009004
футбол 2,238047 0,012877
дата 0,006689 0,000008
рад 5,010635 0,011532
впервые 2,238047 0,002575
награждение 4,317488 0,009937
весь 1,021651 0,001176
пройти 0,006689 0,000008
заголовок 0,013423 0,000031
одноклассник 0,013423 0,000031
недопустимый 0,013423 0,000015
информационный 0,013423 0,000062
вы 0,013423 0,000015
фио 0,013423 0,000015
восстановить 0,013423 0,000015
пожалуйста 0,013423 0,000015
рассмотреть 0,013423 0,000015
выиграть 3,624341 0,004171
црвена 2,612740 0,003007
расположить 0,013423 0,000031
просто 1,714798 0,001973
версия 0,013423 0,000015
время 0,013423 0,000015
ниже 0,013423 0,000046
единственный 2,525729 0,002906
кнопка 0,013423 0,000015
россия 0,006689 0,000100
призёр 3,912023 0,009004
тег 0,190354 0,000219
праздновать 2,612740 0,003007
свой 0,867501 0,009983
зарегистрировать 0,013423 0,000015
сильный 1,919593 0,002209
ранее 0,013423 0,000015
главный 0,013423 0,000015
проблема 0,013423 0,000015
данные 0,013423 0,000124
пообещать 3,624341 0,004171
пара 2,177422 0,002506
город 0,013423 0,000015
разблокировать 0,013423 0,000046
италия 2,014903 0,006956
фотография 0,013423 0,000015
сайт 0,013423 0,000046
поле 0,013423 0,000124
час 0,013423 0,000031
чат 0,013423 0,000031
подкараулить 4,317488 0,009937
полезный 0,143101 0,000165
новостеймолния 0,013423 0,000015
написать 0,013423 0,000015
галочка 0,013423 0,000015
единоборство 2,371578 0,002729
заблокировать 0,013423 0,000031
перетащить 0,013423 0,000046
соглашаться 0,013423 0,000015
россиянин 1,576648 0,007257
представитель 2,302585 0,002650
сначала 0,013423 0,000015
поддерживаетсяполучить 0,013423 0,000015
адрес 0,013423 0,000077
представить 2,014903 0,002319
другой 0,013423 0,000046
соответствие 0,013423 0,000031
спринт 4,317488 0,004968
унитарный 0,013423 0,000046
европа 1,455287 0,001675
давать 0,013423 0,000031
показать 0,013423 0,000015
победить 3,218876 0,007408
отправка 0,013423 0,000015
загрузить 0,013423 0,000031
направление 0,013423 0,000015
телефон 0,013423 0,000015
пароль 0,013423 0,000170
редакция 0,013423 0,000046
филипп 2,445686 0,050659
удалить 0,013423 0,000062
мышца 3,912023 0,004502
филипповзимний 5,010635 0,005766
олимпийский 2,708050 0,015581
сладенький 5,010635 0,005766
вход 0,013423 0,000031
должный 0,013423 0,000015
ориоля 4,317488 0,019873
читать 0,791128 0,000910
описать 0,013423 0,000015
размещение 0,013423 0,000015
сколько 0,006689 0,000008
автор 0,013423 0,000015
старый 0,013423 0,000015
сообщение 0,013423 0,000216
сет 2,612740 0,003007
мото 2,525729 0,002906
евролига 2,612740 0,003007
подтвердить 0,013423 0,000015
дисциплина 3,624341 0,004171
тирамис 5,010635 0,005766
обновить 0,985284 0,001134
биатлон 2,525729 0,002906
подтверждать 0,013423 0,000015
гаврилов 0,013423 0,000015
фенербахча 2,612740 0,003007
учредитель 0,013423 0,000015
авторизация 0,013423 0,000015
рейтинг 0,006689 0,000008
форма 0,013423 0,000185
медаль 2,445686 0,002814
завершить 2,445686 0,002814
ссылка 0,013423 0,000062
коммуникация 0,013423 0,000015
мой 0,013423 0,000077
бежать 3,624341 0,004171
никита 3,912023 0,027011
архив 0,190354 0,000219
помочь 0,013423 0,000015
поесть 3,912023 0,004502
альпинист 3,064725 0,021160
статья 0,013423 0,000015
ноттингем 2,612740 0,003007
заявить 1,272966 0,004395
описание 0,013423 0,000015
захотеть 3,624341 0,004171
процесс 0,013423 0,000015
роскомнадзор 0,013423 0,000015
технология 0,013423 0,000031
редактор 0,013423 0,000015
фгуп 0,499776 0,002876
нба 2,612740 0,003007
контакт 0,013423 0,000031
москва 0,006689 0,000031
воспользоваться 0,013423 0,000062
план 1,678431 0,011589
тема 0,013423 0,000046
хоккей 2,238047 0,007726
сервис 0,174353 0,000201
государственный 0,013423 0,000046
дискуссия 0,013423 0,000031
сделать 1,226446 0,001411
результат 1,714798 0,001973
связанный 0,013423 0,000031
служба 0,006689 0,000008
риа 0,006689 0,000077
заметить 0,013423 0,000015
закрытый 0,013423 0,000015
обращать 0,013423 0,000015
рекомендательный 0,013423 0,000015
далее 0,013423 0,000031
селтик 2,612740 0,003007
ски 3,064725 0,042321
серия 2,302585 0,002650
являться 1,875141 0,002158
год 0,006689 0,000038
пака 2,612740 0,003007
хотеть 0,006689 0,000008
открывать 0,013423 0,000031
перейти 0,013423 0,000031
нормально 4,317488 0,004968
международный 0,013423 0,000046
матч 2,066196 0,009511
золото 3,401197 0,011742
завоевать 3,064725 0,003527
стать 0,851752 0,000980
нужно 1,455287 0,001675
обращение 0,013423 0,000046
серебро 3,624341 0,008341
например 1,714798 0,001973
агентство 0,013423 0,000077
ла 2,612740 0,003007
обогнать 4,317488 0,009937
динамо 2,238047 0,002575
следующий 1,427116 0,016423
спецпроект 0,190354 0,000219
массовый 0,013423 0,000015
форресть 2,612740 0,003007
обработка 0,013423 0,000077
это 0,013423 0,000015
спортникита 5,010635 0,005766
авторизоваться 0,013423 0,000031
выбрать 0,013423 0,000046
рассказать 0,933098 0,006443
сегодня 0,013423 0,000170
новость 0,006689 0,000092
просить 0,013423 0,000015
взять 1,832581 0,016871
лада 2,612740 0,003007
штутгарт 2,612740 0,003007
новыесначала 0,013423 0,000015
мужик 5,010635 0,011532
исполнять 3,624341 0,004171
зарегистрироваться 0,013423 0,000077
пожаловаться 0,006689 0,000008
войти 0,006689 0,000031
кайфовать 5,010635 0,005766
держать 2,931194 0,003373
шапка 0,013423 0,000015
отправить 0,013423 0,000216
нхл 2,525729 0,002906
продолжить 0,006689 0,000008
решение 0,006689 0,000008
лига 1,966113 0,009050
ознакомить 0,013423 0,000015
обещать 3,624341 0,004171
вакансия 0,013423 0,000015
эл 0,013423 0,000015
мы 0,013423 0,000108
проставлять 0,013423 0,000015
участие 0,006689 0,000015
дзен 0,851752 0,000980
аккаунт 0,013423 0,000077
защита 0,013423 0,000062
олимпиада 2,445686 0,019701
регистрация 0,013423 0,000077
обсуждение 0,013423 0,000031
барс 2,612740 0,003007
опечатка 0,013423 0,000015
использовать 0,013423 0,000015
почему 0,013423 0,000015
восстановление 0,013423 0,000062
онлайн 0,013423 0,000015
почта 0,013423 0,000108
добавить 1,514128 0,001742
блокировка 0,013423 0,000062
осуществляться 0,013423 0,000015
апрель 0,013423 0,000015
вконтакте 0,013423 0,000031
фигурный 2,302585 0,002650
программа 1,919593 0,002209
звезда 2,371578 0,002729
фамилия 0,013423 0,000015
логин 0,013423 0,000015
конфиденциальность 0,013423 0,000062
нарушение 0,013423 0,000046
навсегда 0,013423 0,000015
испанец 4,317488 0,009937
яндекс 0,013423 0,000031
кардон 4,317488 0,004968
сельт 2,612740 0,003007
действие 0,013423 0,000015
либо 0,013423 0,000015
федеральный 0,013423 0,000062
релиз 0,013423 0,000015
нажимать 0,013423 0,000015
назад 0,013423 0,000077
первый 0,883501 0,001017
список 0,013423 0,000015
поиск 0,013423 0,000015
чемпион 2,612740 0,003007
обязательный 0,013423 0,000108
февраль 0,567984 0,000654
ошибка 0,013423 0,000046
вопрос 0,006689 0,000031
продлиться 2,813411 0,003238
зубовский 0,013423 0,000031
катание 2,302585 0,002650
игра 1,609438 0,027781
попробовать 0,013423 0,000015
заполнение 0,013423 0,000108
отдыхать 3,912023 0,004502
заполнить 0,013423 0,000108
массажик 5,010635 0,005766
внимание 0,013423 0,000015
принимать 0,013423 0,000031
алькарас 2,612740 0,003007
ваш 0,013423 0,000247
имя 0,013423 0,000077
главное 1,609438 0,001852
интервью 2,813411 0,003238
выпуск 0,013423 0,000015
срок 0,013423 0,000031
основание 0,013423 0,000015
издание 0,013423 0,000015
бульвар 0,013423 0,000031
сетевой 0,013423 0,000015
бундеслига 2,612740 0,003007
надзор 0,013423 0,000015
использование 0,013423 0,000015
фев 1,399717 0,001611
вновь 0,013423 0,000015
очень 1,678431 0,005794
сменить 0,013423 0,000015
предприятие 0,013423 0,000046
способ 0,013423 0,000031
материал 0,013423 0,000124
лилль 2,612740 0,003007
участвовать 0,013423 0,000031
соревнование 2,813411 0,003238
сообщить 0,013423 0,000015
обратный 0,013423 0,000108
продукт 0,135438 0,000156
произойти 0,013423 0,000015
быть 0,013423 0,000046
успешно 0,013423 0,000015
второй 1,427116 0,001642
скриншот 0,013423 0,000046
