истечь 0,013423 0,000020
шукшин 5,010635 0,015002
лента 0,006689 0,000020
законный 0,013423 0,000020
новый 0,006689 0,000020
день 0,591795 0,000886
найти 0,013423 0,000020
письмо 0,013423 0,000040
сфера 0,013423 0,000020
электронный 0,013423 0,000020
спасибо 0,013423 0,000020
спорт 0,190354 0,000285
расширить 0,006689 0,000010
мочь 1,399717 0,002095
месяц 1,003302 0,001502
посикунчик 5,010635 0,007501
свидетельство 0,013423 0,000020
согласие 0,013423 0,000040
центр 0,166448 0,000249
комментирование 0,013423 0,000040
доступ 0,013423 0,000040
блокироваться 0,013423 0,000020
миа 0,013423 0,000040
задать 0,013423 0,000020
назваться 5,010635 0,007501
александр 1,373049 0,004111
связаться 0,013423 0,000121
правило 0,013423 0,000100
сохранить 0,013423 0,000020
народ 2,238047 0,003350
г 0,013423 0,000040
реклама 0,013423 0,000040
фото 0,013423 0,000020
политика 0,013423 0,000100
связь 0,006689 0,000080
применение 0,013423 0,000020
взаимодействие 0,013423 0,000040
о 0,013423 0,000020
насколько 3,624341 0,010851
дать 0,013423 0,000040
пресс 0,013423 0,000040
согласный 0,013423 0,000060
персональный 0,013423 0,000161
перетянуть 0,013423 0,000020
снег 2,371578 0,003550
течение 0,013423 0,000020
смочь 0,006689 0,000010
использоваться 0,006689 0,000010
знакомый 3,064725 0,009176
поэт 5,010635 0,022503
готовый 0,006689 0,000020
сила 1,455287 0,002179
дата 0,006689 0,000010
мир 0,223144 0,000668
пройти 0,006689 0,000010
заголовок 0,013423 0,000040
одноклассник 0,013423 0,000040
недопустимый 0,013423 0,000020
информационный 0,013423 0,000080
вы 0,013423 0,000020
фио 0,013423 0,000020
восстановить 0,013423 0,000020
пожалуйста 0,013423 0,000020
рассмотреть 0,013423 0,000020
расположить 0,013423 0,000040
версия 0,013423 0,000020
время 0,013423 0,000040
ниже 0,013423 0,000060
называть 2,120264 0,003174
кнопка 0,013423 0,000020
россия 0,006689 0,000070
тест 2,445686 0,051257
социальный 1,678431 0,002513
тег 0,190354 0,000285
зарегистрировать 0,013423 0,000020
недвижимостьриа 3,401197 0,005092
ранее 0,013423 0,000020
подкаст 0,292136 0,000437
главный 0,013423 0,000020
проблема 0,013423 0,000020
данные 0,013423 0,000161
популярный 1,752539 0,002624
январь 1,040343 0,003115
навигатор 2,931194 0,004388
город 0,013423 0,000020
разблокировать 0,013423 0,000060
юбилей 5,010635 0,007501
фотография 0,013423 0,000020
сайт 0,013423 0,000060
поле 0,013423 0,000161
час 0,013423 0,000040
чат 0,013423 0,000040
великий 2,120264 0,006348
полезный 0,143101 0,000214
новостеймолния 0,013423 0,000020
написать 0,013423 0,000020
галочка 0,013423 0,000020
заблокировать 0,013423 0,000040
перетащить 0,013423 0,000060
помнить 3,624341 0,005426
соглашаться 0,013423 0,000020
туризм 0,283247 0,000424
возрождение 5,010635 0,007501
сначала 0,013423 0,000020
поддерживаетсяполучить 0,013423 0,000020
адрес 0,013423 0,000100
викторина 5,010635 0,052507
другой 0,013423 0,000060
соответствие 0,013423 0,000040
василий 3,624341 0,010851
унитарный 0,013423 0,000060
давать 0,013423 0,000040
показать 0,013423 0,000020
блок 3,912023 0,011713
отправка 0,013423 0,000020
загрузить 0,013423 0,000040
направление 0,013423 0,000020
телефон 0,013423 0,000020
пароль 0,013423 0,000221
редакция 0,013423 0,000060
удалить 0,013423 0,000080
период 1,118815 0,001675
лезть 4,317488 0,006463
вход 0,013423 0,000040
должный 0,013423 0,000020
описать 0,013423 0,000020
знать 2,238047 0,026803
размещение 0,013423 0,000020
сколько 0,006689 0,000010
автор 0,013423 0,000020
старый 0,013423 0,000020
сообщение 0,013423 0,000281
корея 4,317488 0,006463
школьный 4,317488 0,006463
происшествие 0,292136 0,000437
цитата 5,010635 0,007501
подтвердить 0,013423 0,000020
путь 2,120264 0,003174
подтверждать 0,013423 0,000020
громкий 3,401197 0,005092
гаврилов 0,013423 0,000020
учредитель 0,013423 0,000020
война 2,238047 0,003350
авторизация 0,013423 0,000020
религия 0,283247 0,000424
рейтинг 0,006689 0,000010
форма 0,013423 0,000241
последний 0,899761 0,001347
ссылка 0,013423 0,000080
коммуникация 0,013423 0,000020
мой 0,013423 0,000100
культура 0,292136 0,000437
архив 0,190354 0,000285
помочь 0,013423 0,000020
гастроном 4,317488 0,006463
статья 0,013423 0,000020
описание 0,013423 0,000020
процесс 0,013423 0,000020
июль 1,609438 0,007228
недвижимость 0,292136 0,000437
освобождение 2,708050 0,012162
роскомнадзор 0,013423 0,000020
мировой 2,371578 0,003550
технология 0,013423 0,000040
викторин 5,010635 0,015002
редактор 0,013423 0,000020
контакт 0,013423 0,000020
москва 0,006689 0,000020
воспользоваться 0,013423 0,000080
тема 0,013423 0,000060
сервис 0,174353 0,000261
государственный 0,013423 0,000060
дискуссия 0,013423 0,000040
айвазовский 5,010635 0,015002
связанный 0,013423 0,000040
служба 0,006689 0,000010
риа 0,006689 0,000020
ноябрь 1,514128 0,004533
заметить 0,013423 0,000020
закрытый 0,013423 0,000020
обращать 0,013423 0,000020
рекомендательный 0,013423 0,000020
далее 0,013423 0,000040
творчество 3,624341 0,016277
новогодний 2,120264 0,003174
год 0,006689 0,000020
писатель 3,218876 0,004819
навигаторриа 2,445686 0,003661
хотеть 0,006689 0,000010
открывать 0,013423 0,000040
перейти 0,013423 0,000020
международный 0,013423 0,000060
мать 3,401197 0,005092
октябрь 1,714798 0,002567
обращение 0,013423 0,000060
агентство 0,013423 0,000080
отечество 3,401197 0,005092
спецпроект 0,190354 0,000285
массовый 0,013423 0,000020
обработка 0,013423 0,000100
это 0,013423 0,000020
победа 2,066196 0,003093
слово 1,514128 0,002267
знание 3,912023 0,005856
авторизоваться 0,013423 0,000040
выбрать 0,013423 0,000060
сегодня 0,013423 0,000121
новость 0,006689 0,000050
просить 0,013423 0,000020
сентябрь 1,427116 0,004273
жизнь 1,714798 0,002567
новыесначала 0,013423 0,000020
актёр 2,371578 0,003550
зарегистрироваться 0,013423 0,000100
иван 3,401197 0,010183
пожаловаться 0,006689 0,000010
войти 0,006689 0,000040
шапка 0,013423 0,000020
отправить 0,013423 0,000281
продолжить 0,006689 0,000010
решение 0,006689 0,000010
ознакомить 0,013423 0,000020
судьба 3,218876 0,004819
вакансия 0,013423 0,000020
эл 0,013423 0,000020
мы 0,013423 0,000141
проставлять 0,013423 0,000020
радио 0,274437 0,000411
участие 0,006689 0,000010
маяковский 4,317488 0,012927
аккаунт 0,013423 0,000100
экономика 0,292136 0,000437
груздь 5,010635 0,007501
защита 0,013423 0,000080
регистрация 0,013423 0,000100
обсуждение 0,013423 0,000040
лермонтов 5,010635 0,007501
опечатка 0,013423 0,000020
использовать 0,013423 0,000020
почему 0,013423 0,000020
каждый 1,399717 0,002095
восстановление 0,013423 0,000080
онлайн 0,013423 0,000020
почта 0,013423 0,000141
блокировка 0,013423 0,000080
клопёс 5,010635 0,007501
осуществляться 0,013423 0,000020
апрель 0,013423 0,000020
вконтакте 0,013423 0,000040
программа 1,919593 0,002874
фамилия 0,013423 0,000020
логин 0,013423 0,000020
конфиденциальность 0,013423 0,000080
нарушение 0,013423 0,000060
навсегда 0,013423 0,000020
яндекс 0,013423 0,000040
владимир 1,373049 0,002055
действие 0,013423 0,000020
либо 0,013423 0,000020
федеральный 0,013423 0,000080
релиз 0,013423 0,000020
нажимать 0,013423 0,000020
назад 0,013423 0,000100
список 0,013423 0,000020
поиск 0,013423 0,000020
обязательный 0,013423 0,000141
ошибка 0,013423 0,000060
идти 1,919593 0,002874
вопрос 0,006689 0,000040
кузов 5,010635 0,007501
зубовский 0,013423 0,000040
понимать 2,708050 0,004054
попробовать 0,013423 0,000020
песня 5,010635 0,007501
заполнение 0,013423 0,000141
заполнить 0,013423 0,000141
внимание 0,013423 0,000020
принимать 0,013423 0,000020
соц 2,371578 0,003550
традиция 1,919593 0,002874
голос 4,317488 0,006463
ваш 0,013423 0,000322
общество 0,257045 0,000385
имя 0,013423 0,000100
главное 1,609438 0,002409
гриб 2,813411 0,004212
фильм 2,813411 0,004212
выпуск 0,013423 0,000020
срок 0,013423 0,000040
основание 0,013423 0,000020
издание 0,013423 0,000020
бульвар 0,013423 0,000040
сетевой 0,013423 0,000020
надзор 0,013423 0,000020
зима 1,919593 0,002874
использование 0,013423 0,000020
август 1,752539 0,005247
вновь 0,013423 0,000020
неделя 1,181994 0,001769
сменить 0,013423 0,000020
предприятие 0,013423 0,000060
способ 0,013423 0,000040
материал 0,013423 0,000181
наука 0,283247 0,000424
участвовать 0,013423 0,000040
сообщить 0,013423 0,000020
обратный 0,013423 0,000141
продукт 0,135438 0,000203
произойти 0,013423 0,000020
быть 0,013423 0,000020
успешно 0,013423 0,000020
второй 1,427116 0,002136
скриншот 0,013423 0,000060
