горка 3,401197 0,003283
поездка 3,401197 0,003283
рф 1,181994 0,001141
радоница 3,912023 0,003776
законный 0,013423 0,000013
новый 0,006689 0,000013
день 0,591795 0,001142
оборона 2,066196 0,001994
покрасить 2,813411 0,016294
найти 0,013423 0,000013
католический 2,931194 0,002829
письмо 0,013423 0,000026
спасибо 0,013423 0,000013
расширить 0,006689 0,000006
делиться 3,401197 0,003283
согласие 0,013423 0,000026
центр 0,166448 0,000321
доступ 0,013423 0,000026
миа 0,013423 0,000026
народный 2,177422 0,006305
задать 0,013423 0,000013
связаться 0,013423 0,000078
аллергия 3,912023 0,003776
иисус 3,218876 0,009321
шириковтеолог 3,624341 0,003498
г 0,013423 0,000026
йоханнесбург 5,010635 0,004837
реклама 0,013423 0,000026
фото 0,013423 0,000013
политика 0,013423 0,000065
четверг 3,401197 0,003283
й 2,014903 0,001945
связь 0,006689 0,000052
о 0,013423 0,000013
экзархат 5,010635 0,004837
течение 0,013423 0,000013
область 1,427116 0,002755
мир 0,223144 0,001077
обеспечить 2,120264 0,002047
пройти 0,006689 0,000019
заголовок 0,013423 0,000026
информационный 0,013423 0,000052
русский 1,118815 0,007560
дело 1,249435 0,002412
рассмотреть 0,013423 0,000013
расположить 0,013423 0,000026
время 0,013423 0,000026
кнопка 0,013423 0,000013
мегаполис 3,912023 0,003776
республика 2,302585 0,002223
ранее 0,013423 0,000013
ситуация 1,643339 0,001586
подкаст 0,292136 0,000282
главный 0,013423 0,000013
проблема 0,013423 0,000013
данные 0,013423 0,000104
чистый 3,218876 0,003107
город 0,013423 0,000013
разблокировать 0,013423 0,000039
фотография 0,013423 0,000013
час 0,013423 0,000026
чат 0,013423 0,000026
отпраздновать 5,010635 0,004837
вера 3,401197 0,003283
новостеймолния 0,013423 0,000013
написать 0,013423 0,000013
схождение 3,624341 0,003498
соглашаться 0,013423 0,000013
сначала 0,013423 0,000013
симптом 3,624341 0,003498
показать 0,013423 0,000013
пароль 0,013423 0,000143
подмосковье 2,238047 0,008641
удалить 0,013423 0,000052
последствие 1,544899 0,001491
гуманитарный 3,218876 0,006214
вход 0,013423 0,000026
хозяйство 2,612740 0,002522
описать 0,013423 0,000013
размещение 0,013423 0,000013
сколько 0,006689 0,000006
городской 2,302585 0,002223
стихийный 2,813411 0,002716
ветка 3,624341 0,003498
подтверждать 0,013423 0,000013
гаврилов 0,013423 0,000013
учредитель 0,013423 0,000013
последний 0,899761 0,000868
московский 1,678431 0,004860
ссылка 0,013423 0,000052
коммуникация 0,013423 0,000013
инструкция 1,966113 0,001898
мой 0,013423 0,000065
каркад 3,401197 0,006566
содружество 5,010635 0,004837
архив 0,190354 0,000184
помочь 0,013423 0,000013
константин 3,064725 0,002958
описание 0,013423 0,000013
процесс 0,013423 0,000013
освящать 3,401197 0,003283
привычка 5,010635 0,004837
бирюков 3,624341 0,003498
делать 1,427116 0,004133
роскомнадзор 0,013423 0,000013
технология 0,013423 0,000026
зарайский 5,010635 0,004837
христов 2,708050 0,026139
москва 0,006689 0,000058
воспользоваться 0,013423 0,000052
врач 2,014903 0,003890
христос 2,931194 0,008488
милосердие 5,010635 0,004837
большой 1,832581 0,003538
свыше 3,064725 0,002958
далее 0,013423 0,000026
кулич 3,218876 0,006214
островский 5,010635 0,004837
стегать 3,624341 0,003498
хотеть 0,006689 0,000006
открывать 0,013423 0,000026
перейти 0,013423 0,000013
обращение 0,013423 0,000039
огонь 1,966113 0,001898
спецпроект 0,190354 0,000184
массовый 0,013423 0,000013
обработка 0,013423 0,000065
это 0,013423 0,000013
суеверие 3,401197 0,003283
новость 0,006689 0,000052
сентябрь 1,427116 0,001378
жизнь 1,714798 0,001655
зарегистрироваться 0,013423 0,000065
пожаловаться 0,006689 0,000006
войти 0,006689 0,000026
память 3,218876 0,003107
эл 0,013423 0,000013
радио 0,274437 0,000265
защита 0,013423 0,000052
регистрация 0,013423 0,000065
почему 0,013423 0,000039
восстановление 0,013423 0,000052
хороший 1,059392 0,001023
вина 2,371578 0,004578
красный 1,966113 0,001898
вконтакте 0,013423 0,000026
седмица 3,401197 0,009849
логин 0,013423 0,000013
конфиденциальность 0,013423 0,000052
нарушение 0,013423 0,000039
навсегда 0,013423 0,000013
подарить 3,218876 0,003107
путин 1,373049 0,005301
действие 0,013423 0,000013
релиз 0,013423 0,000013
назад 0,013423 0,000065
религиозный 2,708050 0,020912
список 0,013423 0,000013
примета 3,064725 0,005916
обязательный 0,013423 0,000091
февраль 0,567984 0,000548
ошибка 0,013423 0,000039
значение 2,238047 0,002160
кладбище 3,624341 0,003498
суббота 2,931194 0,002829
вопрос 0,006689 0,000026
зубовский 0,013423 0,000026
заполнить 0,013423 0,000091
традиция 1,919593 0,016676
ваш 0,013423 0,000207
общество 0,257045 0,002729
имя 0,013423 0,000065
срок 0,013423 0,000026
основание 0,013423 0,000013
издание 0,013423 0,000013
бульвар 0,013423 0,000026
сетевой 0,013423 0,000013
первозванский 5,010635 0,004837
гундяев 3,624341 0,006997
использование 0,013423 0,000013
неделя 1,181994 0,003423
вновь 0,013423 0,000013
сменить 0,013423 0,000013
российско 4,317488 0,004167
материал 0,013423 0,000117
участвовать 0,013423 0,000026
сообщить 0,013423 0,000013
красить 2,931194 0,005659
быть 0,013423 0,000039
доброта 5,010635 0,004837
пошаговый 1,455287 0,002809
успешно 0,013423 0,000013
скриншот 0,013423 0,000039
истечь 0,013423 0,000013
отмечать 1,399717 0,001351
мчс 3,218876 0,003107
лента 0,006689 0,000013
яйцо 1,966113 0,017080
космонавт 3,912023 0,003776
сфера 0,013423 0,000013
электронный 0,013423 0,000013
россотрудничество 5,010635 0,004837
спорт 0,190354 0,000184
месяц 1,003302 0,000968
церковь 2,708050 0,020912
свидетельство 0,013423 0,000013
комментирование 0,013423 0,000026
блокироваться 0,013423 0,000013
африка 3,218876 0,006214
глава 1,919593 0,001853
правило 0,013423 0,000065
сохранить 0,013423 0,000013
пожарный 5,010635 0,004837
министерство 1,966113 0,001898
богослужение 3,624341 0,006997
применение 0,013423 0,000013
взаимодействие 0,013423 0,000026
дать 0,013423 0,000026
сербский 3,624341 0,017492
призвать 2,525729 0,002438
космос 4,317488 0,008335
пресс 0,013423 0,000026
согласный 0,013423 0,000039
персональный 0,013423 0,000104
сочетать 2,813411 0,002716
перетянуть 0,013423 0,000013
православный 2,525729 0,017066
смочь 0,006689 0,000006
использоваться 0,006689 0,000006
рубеж 3,401197 0,003283
пётр 2,238047 0,002160
готовый 0,006689 0,000013
важно 2,120264 0,002047
дата 0,006689 0,000013
традиционный 1,919593 0,005559
цвет 2,238047 0,002160
одноклассник 0,013423 0,000026
недопустимый 0,013423 0,000013
вы 0,013423 0,000013
фио 0,013423 0,000013
патриарх 3,218876 0,021749
кирилл 1,875141 0,007240
восстановить 0,013423 0,000013
пожалуйста 0,013423 0,000013
фестиваль 2,931194 0,002829
весенний 3,401197 0,003283
версия 0,013423 0,000013
ниже 0,013423 0,000039
снижать 3,218876 0,003107
россия 0,006689 0,000116
тег 0,190354 0,000184
зарегистрировать 0,013423 0,000013
тен 5,010635 0,004837
назвать 1,347074 0,001300
благодатный 3,401197 0,003283
сайт 0,013423 0,000039
поле 0,013423 0,000104
правильно 2,066196 0,003989
полезный 0,143101 0,000276
галочка 0,013423 0,000013
соотечественник 5,010635 0,004837
заблокировать 0,013423 0,000026
перетащить 0,013423 0,000039
помнить 3,624341 0,003498
туризм 0,283247 0,000273
поддерживаетсяполучить 0,013423 0,000013
адрес 0,013423 0,000065
другой 0,013423 0,000039
соответствие 0,013423 0,000026
унитарный 0,013423 0,000039
вигилянский 5,010635 0,004837
давать 0,013423 0,000026
независимый 3,912023 0,003776
отправка 0,013423 0,000013
загрузить 0,013423 0,000026
театр 3,064725 0,005916
направление 0,013423 0,000013
телефон 0,013423 0,000013
редакция 0,013423 0,000039
период 1,118815 0,001080
праздник 1,427116 0,013775
должный 0,013423 0,000013
проживать 4,317488 0,004167
селидово 5,010635 0,009673
донецкий 3,218876 0,003107
автор 0,013423 0,000013
старый 0,013423 0,000013
сообщение 0,013423 0,000181
зарема 5,010635 0,004837
палестина 2,813411 0,002716
происшествие 0,292136 0,000282
днр 3,912023 0,003776
подтвердить 0,013423 0,000013
доброволец 3,912023 0,003776
юар 4,317488 0,008335
порфирий 3,624341 0,006997
светлый 2,612740 0,032785
пасха 2,525729 0,112146
авторизация 0,013423 0,000013
религия 0,283247 0,004101
рейтинг 0,006689 0,000006
форма 0,013423 0,000155
дом 1,514128 0,001462
культура 0,292136 0,000564
мероприятие 2,931194 0,002829
статья 0,013423 0,000013
прощёный 4,317488 0,004167
гражданский 2,371578 0,002289
оригинальный 2,238047 0,004321
недвижимость 0,292136 0,000282
ходить 2,813411 0,002716
редактор 0,013423 0,000013
контакт 0,013423 0,000013
ликвидация 2,813411 0,002716
тема 0,013423 0,000039
сервис 0,174353 0,000168
государственный 0,013423 0,000039
дискуссия 0,013423 0,000026
связанный 0,013423 0,000026
служба 0,006689 0,000013
риа 0,006689 0,000019
заметить 0,013423 0,000013
здоровье 1,832581 0,001769
бедствие 2,813411 0,002716
закрытый 0,013423 0,000013
обращать 0,013423 0,000013
рекомендательный 0,013423 0,000013
разный 1,484275 0,002865
год 0,006689 0,000019
максим 2,525729 0,002438
навигаторриа 2,445686 0,002361
международный 0,013423 0,000052
сербия 3,912023 0,007552
безопасность 1,919593 0,001853
который 0,603916 0,000583
православие 3,218876 0,012428
агентство 0,013423 0,000065
чрезвычайный 2,931194 0,002829
авторизоваться 0,013423 0,000026
выбрать 0,013423 0,000039
рассказать 0,933098 0,003603
сегодня 0,013423 0,000104
просить 0,013423 0,000013
священник 2,525729 0,004876
новыесначала 0,013423 0,000013
шапка 0,013423 0,000013
отправить 0,013423 0,000181
государство 2,177422 0,002102
поздравить 2,525729 0,002438
продолжить 0,006689 0,000006
решение 0,006689 0,000006
проходить 2,177422 0,002102
ознакомить 0,013423 0,000013
лазарев 5,010635 0,004837
вакансия 0,013423 0,000013
мы 0,013423 0,000091
проставлять 0,013423 0,000013
участие 0,006689 0,000006
аккаунт 0,013423 0,000065
экономика 0,292136 0,000282
обсуждение 0,013423 0,000026
опечатка 0,013423 0,000013
использовать 0,013423 0,000013
онлайн 0,013423 0,000013
десять 2,445686 0,002361
воскресение 2,612740 0,027741
почта 0,013423 0,000091
блокировка 0,013423 0,000052
рецепт 1,118815 0,005400
осуществляться 0,013423 0,000013
история 1,139434 0,004399
апрель 0,013423 0,000453
появление 2,525729 0,004876
совершить 3,401197 0,003283
фамилия 0,013423 0,000013
яндекс 0,013423 0,000026
владимир 1,373049 0,007952
либо 0,013423 0,000013
федеральный 0,013423 0,000065
нажимать 0,013423 0,000013
справка 1,791759 0,001729
сотрудничество 3,624341 0,003498
тысяча 1,919593 0,001853
поиск 0,013423 0,000013
открыться 2,708050 0,002614
рсгц 5,010635 0,004837
пасхальный 2,931194 0,022635
попробовать 0,013423 0,000013
мартынов 4,317488 0,004167
заполнение 0,013423 0,000091
внимание 0,013423 0,000013
принимать 0,013423 0,000013
алексей 1,966113 0,001898
соц 2,371578 0,002289
рцнк 5,010635 0,004837
мострансавто 5,010635 0,009673
взгляд 2,931194 0,002829
расписание 2,525729 0,002438
выпуск 0,013423 0,000013
уникальный 2,014903 0,001945
надзор 0,013423 0,000013
способ 0,013423 0,000039
предприятие 0,013423 0,000039
наука 0,283247 0,000820
обратный 0,013423 0,000091
продукт 0,135438 0,000261
произойти 0,013423 0,000013
