определённый 2,813411 0,002430
констатация 5,010635 0,004327
законный 0,013423 0,000012
новый 0,006689 0,000017
найти 0,013423 0,000012
письмо 0,013423 0,000023
вынести 2,813411 0,002430
происходить 2,177422 0,001880
спасибо 0,013423 0,000012
санкция 2,931194 0,005063
расширить 0,006689 0,000006
свести 5,010635 0,004327
стаж 3,912023 0,003378
добро 4,317488 0,003728
согласие 0,013423 0,000023
центр 0,166448 0,000144
доступ 0,013423 0,000023
миа 0,013423 0,000058
фемин 5,010635 0,004327
полный 1,678431 0,001449
задать 0,013423 0,000012
расстройство 4,317488 0,003728
помощь 1,321756 0,002283
пол 3,624341 0,003130
связаться 0,013423 0,000070
исполнение 3,218876 0,005559
декабрь 0,985284 0,000851
человек 1,118815 0,000966
композиция 3,912023 0,003378
г 0,013423 0,000023
реклама 0,013423 0,000023
фото 0,013423 0,000012
кастрировать 5,010635 0,004327
флажок 5,010635 0,004327
политика 0,013423 0,000058
связь 0,006689 0,000046
добиться 2,302585 0,003977
культурный 3,401197 0,002937
о 0,013423 0,000012
отрастить 5,010635 0,004327
течение 0,013423 0,000012
володиндензел 5,010635 0,004327
оно 2,302585 0,003977
четырёхлеток 5,010635 0,004327
гениталии 5,010635 0,004327
мир 0,223144 0,001349
мальчик 4,317488 0,003728
стройный 5,010635 0,004327
запад 1,966113 0,003396
пройти 0,006689 0,000006
заголовок 0,013423 0,000023
поспособствовать 5,010635 0,004327
ладан 5,010635 0,004327
информационный 0,013423 0,000046
русский 1,118815 0,001932
дело 1,249435 0,001079
этаж 4,317488 0,003728
рассмотреть 0,013423 0,000012
иллюстрация 5,010635 0,004327
расположить 0,013423 0,000023
практика 2,612740 0,002256
время 0,013423 0,000023
книжка 5,010635 0,004327
называть 2,120264 0,001831
единственный 2,525729 0,004362
кнопка 0,013423 0,000012
социальный 1,678431 0,001449
отменить 2,813411 0,017007
филадельфия 5,010635 0,008654
данный 2,014903 0,001740
трансгендерный 5,010635 0,017308
ранее 0,013423 0,000012
главный 0,013423 0,000023
подкаст 0,292136 0,000252
проблема 0,013423 0,000012
данные 0,013423 0,000093
иной 2,238047 0,001933
имущественный 5,010635 0,004327
город 0,013423 0,000012
разблокировать 0,013423 0,000035
честно 3,624341 0,003130
публикация 2,177422 0,001880
фотография 0,013423 0,000012
радуга 4,317488 0,003728
час 0,013423 0,000023
чат 0,013423 0,000023
новостеймолния 0,013423 0,000012
написать 0,013423 0,000012
лактация 5,010635 0,004327
соглашаться 0,013423 0,000012
степень 3,218876 0,002780
сначала 0,013423 0,000012
родить 3,218876 0,002780
уничтожение 3,624341 0,009389
увидеть 3,218876 0,002780
показать 0,013423 0,000012
псевдофеминистка 5,010635 0,004327
понимание 3,624341 0,003130
отсутствие 2,014903 0,001740
дензел 5,010635 0,012981
пароль 0,013423 0,000128
пожелать 4,317488 0,003728
яйцеклетка 5,010635 0,004327
удалить 0,013423 0,000046
девочка 2,612740 0,002256
вход 0,013423 0,000023
гинеколог 5,010635 0,012981
еврокомиссия 3,912023 0,013513
хэнкс 5,010635 0,004327
читать 0,791128 0,000683
описать 0,013423 0,000012
размещение 0,013423 0,000012
сколько 0,006689 0,000006
постепенно 2,931194 0,002531
инквизитор 5,010635 0,004327
нормальный 4,317488 0,003728
метафора 5,010635 0,004327
кавычка 5,010635 0,004327
британский 2,371578 0,002048
дышать 5,010635 0,004327
подтверждать 0,013423 0,000012
гаврилов 0,013423 0,000012
выясниться 3,624341 0,003130
учредитель 0,013423 0,000012
свобода 3,064725 0,002647
оскар 3,912023 0,006757
ссылка 0,013423 0,000046
именовать 5,010635 0,004327
трансгендер 5,010635 0,004327
коммуникация 0,013423 0,000012
вовсе 3,624341 0,003130
дорогой 3,064725 0,002647
мой 0,013423 0,000058
субвенция 5,010635 0,004327
помочь 0,013423 0,000023
архив 0,190354 0,000164
многодесятилетний 5,010635 0,004327
повесточка 5,010635 0,004327
экстремистский 5,010635 0,004327
перевоспитаться 5,010635 0,004327
заявить 1,272966 0,002199
описание 0,013423 0,000012
процесс 0,013423 0,000012
потерять 2,525729 0,002181
гипербола 5,010635 0,004327
заменить 2,813411 0,002430
делать 1,427116 0,001232
роскомнадзор 0,013423 0,000012
технология 0,013423 0,000023
гомофоб 5,010635 0,004327
остаться 1,919593 0,001658
повторить 3,218876 0,002780
каток 2,612740 0,002256
профессия 3,401197 0,002937
грудной 5,010635 0,004327
выносить 3,912023 0,003378
европарламент 5,010635 0,025962
москва 0,006689 0,000012
воспользоваться 0,013423 0,000046
врач 2,014903 0,001740
навязывать 5,010635 0,004327
отдельный 2,525729 0,002181
ноябрь 1,514128 0,001308
деньга 2,066196 0,001784
лицо 1,714798 0,001481
хромосомный 5,010635 0,004327
далее 0,013423 0,000023
ведьма 4,317488 0,003728
разум 5,010635 0,004327
наоборот 3,401197 0,005874
хотеть 0,006689 0,000017
открывать 0,013423 0,000023
неподобающий 5,010635 0,004327
перейти 0,013423 0,000012
элгэбэтэшный 5,010635 0,004327
стать 0,851752 0,000736
нужно 1,455287 0,001257
тотально 5,010635 0,004327
печально 5,010635 0,004327
афера 5,010635 0,004327
обращение 0,013423 0,000035
это 0,013423 0,000116
массовый 0,013423 0,000023
спецпроект 0,190354 0,000164
обработка 0,013423 0,000058
труба 4,317488 0,003728
украинский 1,576648 0,001362
форпост 5,010635 0,004327
злобный 5,010635 0,004327
код 3,218876 0,002780
новость 0,006689 0,000064
вашингтон 2,120264 0,007324
вполне 3,624341 0,003130
начинаться 2,813411 0,002430
красивый 2,445686 0,002112
выгнать 4,317488 0,003728
зарегистрироваться 0,013423 0,000058
пожаловаться 0,006689 0,000006
неравноправие 5,010635 0,004327
войти 0,006689 0,000029
улица 2,612740 0,002256
заступиться 5,010635 0,004327
володин 5,010635 0,021635
чтение 3,624341 0,003130
неравенство 5,010635 0,004327
возраст 2,177422 0,001880
любовь 3,912023 0,003378
мифология 5,010635 0,004327
судьба 3,218876 0,002780
учить 4,317488 0,003728
эл 0,013423 0,000012
радио 0,274437 0,000237
дзен 0,851752 0,000736
точно 2,612740 0,002256
защита 0,013423 0,000058
политик 3,401197 0,002937
считать 2,014903 0,001740
регистрация 0,013423 0,000058
подозрение 3,624341 0,003130
порочность 5,010635 0,004327
уход 3,624341 0,006260
почему 0,013423 0,000012
подумать 3,912023 0,003378
вмешательство 3,218876 0,002780
восстановление 0,013423 0,000046
караев 3,218876 0,011119
чувство 5,010635 0,004327
красный 1,966113 0,001698
отреагировать 3,064725 0,002647
карьера 3,912023 0,003378
вконтакте 0,013423 0,000023
затем 1,791759 0,001547
власть 2,371578 0,002048
логин 0,013423 0,000012
конфиденциальность 0,013423 0,000046
нарушение 0,013423 0,000035
навсегда 0,013423 0,000012
твориться 4,317488 0,003728
душка 5,010635 0,004327
глубина 3,624341 0,003130
подручный 5,010635 0,004327
ориентация 4,317488 0,003728
медиа 5,010635 0,004327
действие 0,013423 0,000012
медик 3,624341 0,003130
детский 2,612740 0,002256
релиз 0,013423 0,000012
назад 0,013423 0,000058
отмена 2,931194 0,002531
первый 0,883501 0,000763
список 0,013423 0,000012
вещество 3,624341 0,003130
медийка 5,010635 0,004327
деградация 5,010635 0,004327
означать 3,401197 0,002937
состояние 1,919593 0,001658
отделить 3,218876 0,002780
норма 2,525729 0,002181
обязательный 0,013423 0,000093
практически 2,445686 0,004224
февраль 0,567984 0,000490
ошибка 0,013423 0,000035
психика 5,010635 0,004327
зло 4,317488 0,003728
аналитика 2,177422 0,003761
вопрос 0,006689 0,000023
зубовский 0,013423 0,000023
никто 2,445686 0,006336
заполнить 0,013423 0,000081
невинный 5,010635 0,004327
переход 3,912023 0,003378
стратегия 3,912023 0,003378
ваш 0,013423 0,000185
общество 0,257045 0,000222
имя 0,013423 0,000058
главное 1,609438 0,001390
старший 2,612740 0,002256
понятный 3,912023 0,003378
мазоха 5,010635 0,004327
срок 0,013423 0,000023
основание 0,013423 0,000012
бородатый 5,010635 0,004327
издание 0,013423 0,000012
бульвар 0,013423 0,000023
сетевой 0,013423 0,000012
использование 0,013423 0,000012
вновь 0,013423 0,000012
сменить 0,013423 0,000012
вырастание 5,010635 0,004327
материал 0,013423 0,000104
дебаты 5,010635 0,008654
участвовать 0,013423 0,000023
сообщить 0,013423 0,000012
быть 0,013423 0,000035
европейский 1,791759 0,003095
успешно 0,013423 0,000012
точнее 3,912023 0,006757
скриншот 0,013423 0,000035
истечь 0,013423 0,000012
настать 5,010635 0,004327
лента 0,006689 0,000017
охота 4,317488 0,003728
документальный 5,010635 0,004327
чернокожий 5,010635 0,004327
роль 3,401197 0,002937
отделение 2,612740 0,002256
сфера 0,013423 0,000012
электронный 0,013423 0,000012
спорт 0,190354 0,000164
ах 3,912023 0,013513
сад 3,218876 0,002780
услышать 3,912023 0,003378
евроздравоохранение 5,010635 0,004327
расчётливый 5,010635 0,004327
мочь 1,399717 0,003626
публично 5,010635 0,004327
инклюзивность 5,010635 0,004327
этот 1,514128 0,005230
сам 1,875141 0,004858
свидетельство 0,013423 0,000012
безумие 5,010635 0,004327
борьба 3,218876 0,005559
комментирование 0,013423 0,000023
сказать 2,371578 0,002048
глубокий 2,931194 0,002531
психический 4,317488 0,003728
блокироваться 0,013423 0,000012
ассигнование 5,010635 0,004327
разнообразный 3,401197 0,002937
двигать 5,010635 0,004327
женский 3,218876 0,002780
разрастаться 5,010635 0,004327
правило 0,013423 0,000058
сохранить 0,013423 0,000012
смалодушничать 5,010635 0,004327
летальный 5,010635 0,004327
растительность 5,010635 0,004327
применение 0,013423 0,000012
взаимодействие 0,013423 0,000023
социум 5,010635 0,004327
дать 0,013423 0,000046
железа 5,010635 0,004327
пресс 0,013423 0,000023
согласный 0,013423 0,000035
персональный 0,013423 0,000093
оружие 2,445686 0,002112
перетянуть 0,013423 0,000012
смысл 2,708050 0,002339
счастие 3,401197 0,002937
смочь 0,006689 0,000006
использоваться 0,006689 0,000006
отправлять 3,624341 0,003130
женщина 1,832581 0,031651
готовый 0,006689 0,000012
признать 1,966113 0,003396
транслировать 5,010635 0,004327
парень 3,912023 0,003378
мужской 3,912023 0,010135
дата 0,006689 0,000006
спикер 5,010635 0,004327
очередь 2,120264 0,005493
беда 3,912023 0,003378
цвет 2,238047 0,003865
одноклассник 0,013423 0,000023
недопустимый 0,013423 0,000012
вы 0,013423 0,000012
фио 0,013423 0,000012
восстановить 0,013423 0,000012
пожалуйста 0,013423 0,000012
образование 2,708050 0,004677
сексуальный 4,317488 0,003728
удостоить 5,010635 0,004327
просто 1,714798 0,002962
равноправие 5,010635 0,004327
версия 0,013423 0,000012
ниже 0,013423 0,000035
радужный 4,317488 0,003728
россия 0,006689 0,000087
сгенерировать 2,708050 0,007016
тег 0,190354 0,000164
обычно 2,813411 0,002430
свой 0,867501 0,000749
зарегистрировать 0,013423 0,000012
лгбт 5,010635 0,012981
январь 1,040343 0,000898
густой 3,401197 0,002937
вячеслав 5,010635 0,017308
назвать 1,347074 0,003490
плоть 5,010635 0,004327
ииизображение 2,931194 0,002531
пара 2,177422 0,001880
фаллопиев 5,010635 0,004327
противоположный 5,010635 0,004327
выборный 4,317488 0,007457
организоваться 4,317488 0,003728
оплата 3,624341 0,003130
доля 3,401197 0,002937
сайт 0,013423 0,000035
поле 0,013423 0,000093
записать 4,317488 0,003728
полезный 0,143101 0,000124
галочка 0,013423 0,000012
многочисленный 3,401197 0,002937
заблокировать 0,013423 0,000023
перетащить 0,013423 0,000035
убояться 5,010635 0,004327
туризм 0,283247 0,000245
казна 5,010635 0,004327
поддерживаетсяполучить 0,013423 0,000012
адрес 0,013423 0,000058
другой 0,013423 0,000035
соответствие 0,013423 0,000023
унитарный 0,013423 0,000035
европа 1,455287 0,007540
осмотр 4,317488 0,003728
давать 0,013423 0,000023
эндокринный 5,010635 0,004327
отправка 0,013423 0,000012
несущий 5,010635 0,004327
эмоция 3,401197 0,002937
загрузить 0,013423 0,000023
методичка 5,010635 0,004327
дисфория 5,010635 0,004327
критерий 3,624341 0,003130
направление 0,013423 0,000012
телефон 0,013423 0,000012
матка 5,010635 0,008654
редакция 0,013423 0,000035
тоталитаризм 5,010635 0,004327
запретить 2,708050 0,004677
пока 1,919593 0,003315
ес 2,445686 0,002112
определять 3,624341 0,003130
голливуд 5,010635 0,004327
должный 0,013423 0,000012
число 1,643339 0,001419
яичниковый 5,010635 0,004327
клуб 3,218876 0,005559
факт 2,302585 0,001988
операционный 5,010635 0,004327
повредить 4,317488 0,003728
автор 0,013423 0,000012
беременность 4,317488 0,003728
старый 0,013423 0,000012
сообщение 0,013423 0,000162
вид 1,399717 0,002417
превратиться 3,624341 0,003130
ребёнок 1,514128 0,001308
происшествие 0,292136 0,000252
нижний 2,813411 0,002430
подтвердить 0,013423 0,000012
попасть 2,708050 0,007016
обновить 0,985284 0,000851
положение 2,612740 0,002256
авторизация 0,013423 0,000012
религия 0,283247 0,000245
рейтинг 0,006689 0,000006
форма 0,013423 0,000139
порка 5,010635 0,004327
культура 0,292136 0,000252
роды 4,317488 0,003728
очередной 2,813411 0,002430
обмен 3,218876 0,002780
бесплатно 2,931194 0,002531
набор 2,931194 0,005063
коллега 2,371578 0,002048
статья 0,013423 0,000012
евросоюз 2,238047 0,017394
любой 1,576648 0,001362
гражданский 2,371578 0,002048
осматривать 3,624341 0,006260
помахивание 5,010635 0,004327
недвижимость 0,292136 0,000252
широко 3,401197 0,002937
наш 1,919593 0,003315
редактор 0,013423 0,000012
скрытый 4,317488 0,003728
фгуп 0,499776 0,001295
настоящий 2,302585 0,003977
западный 2,813411 0,002430
пропуск 5,010635 0,004327
получить 0,985284 0,000851
контакт 0,013423 0,000012
ненадобность 5,010635 0,004327
исключительно 2,708050 0,002339
костёр 5,010635 0,004327
ия 2,813411 0,004859
тема 0,013423 0,000035
государственный 0,013423 0,000046
сервис 0,174353 0,000151
оказаться 2,525729 0,002181
дискуссия 0,013423 0,000023
родильный 5,010635 0,004327
сделать 1,226446 0,002118
связанный 0,013423 0,000023
служба 0,006689 0,000006
риа 0,006689 0,000052
изображение 2,708050 0,004677
заметить 0,013423 0,000012
тело 2,612740 0,002256
белые 4,317488 0,003728
закрытый 0,013423 0,000012
обращать 0,013423 0,000012
рекомендательный 0,013423 0,000012
ноль 5,010635 0,004327
адвокат 3,401197 0,002937
придурок 5,010635 0,004327
резолюция 5,010635 0,004327
тепло 3,912023 0,003378
торговать 4,317488 0,003728
гендерный 5,010635 0,008654
будущее 2,238047 0,001933
движение 2,813411 0,002430
год 0,006689 0,000006
митушница 5,010635 0,004327
машина 3,218876 0,002780
лечение 3,064725 0,002647
международный 0,013423 0,000035
забота 3,401197 0,002937
реальность 3,064725 0,002647
малыш 3,912023 0,003378
трамп 1,544899 0,001334
решить 1,919593 0,001658
который 0,603916 0,003129
стремительно 5,010635 0,004327
агентство 0,013423 0,000046
авторизоваться 0,013423 0,000023
маркер 4,317488 0,003728
уничтожать 3,218876 0,002780
гетеро 5,010635 0,004327
выбрать 0,013423 0,000035
страх 3,218876 0,002780
сегодня 0,013423 0,000116
елена 2,931194 0,010125
страна 1,139434 0,000984
притон 4,317488 0,011185
тайна 2,445686 0,002112
просить 0,013423 0,000012
зачать 5,010635 0,004327
глубоко 4,317488 0,003728
путешествовать 3,912023 0,003378
создать 1,875141 0,001619
ненависть 3,912023 0,003378
такой 1,098612 0,000949
малый 2,612740 0,002256
новыесначала 0,013423 0,000012
спрингстина 5,010635 0,004327
несколько 1,544899 0,001334
сдавать 4,317488 0,003728
шапка 0,013423 0,000012
отправить 0,013423 0,000162
продолжить 0,006689 0,000006
решение 0,006689 0,000012
рука 1,791759 0,001547
пытать 5,010635 0,004327
никакой 2,708050 0,002339
естественно 5,010635 0,004327
собираться 2,813411 0,002430
ознакомить 0,013423 0,000012
вакансия 0,013423 0,000012
мы 0,013423 0,000081
проставлять 0,013423 0,000012
некий 3,401197 0,002937
лишить 3,401197 0,005874
прекрасный 3,218876 0,005559
участие 0,006689 0,000006
аккаунт 0,013423 0,000058
элгэбэтэшник 5,010635 0,004327
экономика 0,292136 0,000252
жёрнов 5,010635 0,004327
тот 1,576648 0,001362
обсуждение 0,013423 0,000023
несчастный 4,317488 0,003728
опечатка 0,013423 0,000012
использовать 0,013423 0,000012
кровь 3,218876 0,002780
онлайн 0,013423 0,000012
почта 0,013423 0,000081
блокировка 0,013423 0,000046
писать 1,752539 0,001513
отказываться 3,624341 0,003130
осуществляться 0,013423 0,000012
вызвать 2,371578 0,002048
сочувствовать 5,010635 0,004327
отменять 4,317488 0,003728
апрель 0,013423 0,000012
фамилия 0,013423 0,000012
дензесть 5,010635 0,004327
яндекс 0,013423 0,000023
уровень 2,014903 0,003480
принести 2,371578 0,002048
вашингтоневрокомиссияевросоюзевропарламентаналитик 5,010635 0,004327
либо 0,013423 0,000012
орган 2,708050 0,004677
федеральный 0,013423 0,000046
нажимать 0,013423 0,000012
согласно 2,371578 0,002048
дума 4,317488 0,003728
мужчина 2,612740 0,011281
тысяча 1,919593 0,001658
диаметрально 5,010635 0,004327
поиск 0,013423 0,000012
молодой 2,525729 0,002181
бескорыстно 5,010635 0,004327
поменять 5,010635 0,004327
невозможно 2,525729 0,004362
медленно 3,624341 0,006260
способствовать 2,813411 0,002430
попробовать 0,013423 0,000012
заполнение 0,013423 0,000081
участник 1,752539 0,001513
внимание 0,013423 0,000023
принимать 0,013423 0,000023
объявить 2,525729 0,002181
словосочетание 5,010635 0,012981
возможность 1,752539 0,003027
миреевропароссиявячеслав 5,010635 0,004327
правда 2,612740 0,002256
фильм 2,813411 0,002430
выпускать 4,317488 0,003728
выпуск 0,013423 0,000012
эпштейн 2,525729 0,002181
палач 4,317488 0,003728
принять 1,791759 0,001547
надзор 0,013423 0,000012
очень 1,678431 0,001449
тварь 5,010635 0,004327
жёсткий 2,931194 0,002531
предприятие 0,013423 0,000035
способ 0,013423 0,000023
высокий 2,238047 0,001933
наука 0,283247 0,000245
какой 1,399717 0,001209
сообщество 4,317488 0,011185
обратный 0,013423 0,000081
продукт 0,135438 0,000117
произойти 0,013423 0,000012
