слух 4,317488 0,004678
специальный 1,514128 0,004921
банк 1,966113 0,002130
законный 0,013423 0,000015
новый 0,006689 0,000043
день 0,591795 0,000641
найти 0,013423 0,000015
письмо 0,013423 0,000044
спасибо 0,013423 0,000015
расширить 0,006689 0,000007
физический 2,813411 0,006096
согласие 0,013423 0,000029
центр 0,166448 0,000180
важный 1,297063 0,001405
доступ 0,013423 0,000029
миа 0,013423 0,000029
открытый 3,401197 0,003685
задать 0,013423 0,000015
александр 1,373049 0,001488
связаться 0,013423 0,000087
декабрь 0,985284 0,011742
майский 3,218876 0,003487
коллапс 3,624341 0,003927
отмечаться 3,064725 0,003320
г 0,013423 0,000029
реклама 0,013423 0,000029
фото 0,013423 0,000015
пункт 2,238047 0,002425
политика 0,013423 0,000073
буря 3,912023 0,004238
связь 0,006689 0,000058
о 0,013423 0,000015
течение 0,013423 0,000015
родительский 3,218876 0,003487
макс 4,317488 0,004678
балл 2,931194 0,003176
область 1,427116 0,001546
мир 0,223144 0,000484
наступить 3,218876 0,003487
пройти 0,006689 0,000014
заголовок 0,013423 0,000029
информационный 0,013423 0,000058
рассмотреть 0,013423 0,000015
расположить 0,013423 0,000029
время 0,013423 0,000029
кнопка 0,013423 0,000015
ноженкоюрист 4,317488 0,004678
социальный 1,678431 0,001818
мегаполис 3,912023 0,008477
тренд 3,912023 0,004238
лопата 3,624341 0,003927
ранее 0,013423 0,000015
подкаст 0,292136 0,000317
главный 0,013423 0,000015
проблема 0,013423 0,000015
режим 2,066196 0,002239
данные 0,013423 0,000116
сергей 1,544899 0,008369
навигатор 2,931194 0,003176
украина 1,160488 0,003772
город 0,013423 0,000015
разблокировать 0,013423 0,000044
фотография 0,013423 0,000015
дмитрий 1,576648 0,008541
час 0,013423 0,000029
чат 0,013423 0,000029
магнитный 4,317488 0,004678
написать 0,013423 0,000029
новостеймолния 0,013423 0,000015
научный 2,302585 0,002495
соглашаться 0,013423 0,000015
россиянин 1,576648 0,001708
сначала 0,013423 0,000015
кадровый 3,401197 0,007370
васильеваюрист 3,912023 0,008477
показать 0,013423 0,000015
международник 3,624341 0,007853
мороз 3,218876 0,003487
фотокорова 3,624341 0,003927
выставка 2,302585 0,004989
пароль 0,013423 0,000160
задача 2,177422 0,002359
удалить 0,013423 0,000058
последствие 1,544899 0,001674
порядок 1,832581 0,003971
вход 0,013423 0,000029
производственный 3,624341 0,007853
хозяйство 2,612740 0,002831
описать 0,013423 0,000015
сочельник 3,624341 0,003927
размещение 0,013423 0,000015
сколько 0,006689 0,000014
огненный 3,064725 0,003320
городской 2,302585 0,002495
трудоустройство 3,218876 0,006975
совинформбюро 4,317488 0,004678
подтверждать 0,013423 0,000015
халдей 4,317488 0,004678
гаврилов 0,013423 0,000015
учредитель 0,013423 0,000015
последний 0,899761 0,000975
ссылка 0,013423 0,000058
коммуникация 0,013423 0,000015
инструкция 1,966113 0,004260
мой 0,013423 0,000073
помочь 0,013423 0,000029
архив 0,190354 0,000206
труд 2,931194 0,006351
заявить 1,272966 0,001379
описание 0,013423 0,000015
метод 2,931194 0,003176
процесс 0,013423 0,000015
потерять 2,525729 0,002736
бирюков 3,624341 0,007853
делать 1,427116 0,001546
освобождение 2,708050 0,005868
уборка 2,708050 0,002934
роскомнадзор 0,013423 0,000015
технология 0,013423 0,000029
таракан 5,010635 0,005429
каток 2,612740 0,002831
москва 0,006689 0,000138
воспользоваться 0,013423 0,000058
замена 3,624341 0,003927
ноябрь 1,514128 0,004921
лицо 1,714798 0,003716
екатерина 2,445686 0,002650
закуска 2,302585 0,002495
далее 0,013423 0,000029
агаевагенеральный 5,010635 0,005429
банкротство 3,064725 0,006641
новогодний 2,120264 0,002297
животное 2,708050 0,002934
единый 2,177422 0,009436
хотеть 0,006689 0,000007
открывать 0,013423 0,000029
водительский 4,317488 0,004678
перейти 0,013423 0,000015
пенсионер 3,401197 0,003685
стать 0,851752 0,000923
работать 1,966113 0,002130
обращение 0,013423 0,000044
операция 1,752539 0,005696
спецпроект 0,190354 0,000206
массовый 0,013423 0,000015
обработка 0,013423 0,000073
это 0,013423 0,000015
встать 3,624341 0,007853
новость 0,006689 0,000058
начинаться 2,813411 0,003048
жизнь 1,714798 0,003716
покупать 2,612740 0,002831
пристав 3,624341 0,003927
зарегистрироваться 0,013423 0,000073
привлечь 2,525729 0,002736
пожаловаться 0,006689 0,000007
войти 0,006689 0,000029
пособие 3,401197 0,007370
спецоперация 2,445686 0,002650
измениться 2,813411 0,003048
возраст 2,177422 0,002359
эл 0,013423 0,000015
радио 0,274437 0,000297
защита 0,013423 0,000058
регистрация 0,013423 0,000073
почему 0,013423 0,000015
директор 2,612740 0,002831
восстановление 0,013423 0,000058
хороший 1,059392 0,002296
музей 2,612740 0,002831
красный 1,966113 0,002130
удостоверение 3,912023 0,004238
вконтакте 0,013423 0,000029
логин 0,013423 0,000015
конфиденциальность 0,013423 0,000058
нарушение 0,013423 0,000044
навсегда 0,013423 0,000015
путин 1,373049 0,001488
действие 0,013423 0,000015
релиз 0,013423 0,000015
назад 0,013423 0,000073
список 0,013423 0,000015
дед 3,912023 0,004238
обязательный 0,013423 0,000102
февраль 0,567984 0,000615
ошибка 0,013423 0,000044
суббота 2,931194 0,003176
открыть 2,302585 0,002495
вопрос 0,006689 0,000029
зубовский 0,013423 0,000029
заполнить 0,013423 0,000102
размер 2,014903 0,002183
традиция 1,919593 0,004159
стиллавина 3,401197 0,014740
ваш 0,013423 0,000233
общество 0,257045 0,004177
имя 0,013423 0,000073
срок 0,013423 0,000029
основание 0,013423 0,000015
кто 2,014903 0,002183
издание 0,013423 0,000015
бульвар 0,013423 0,000029
сетевой 0,013423 0,000015
использование 0,013423 0,000015
вновь 0,013423 0,000015
неделя 1,181994 0,001281
сменить 0,013423 0,000015
нанять 4,317488 0,004678
материал 0,013423 0,000131
недвижимостьнавигатор 3,064725 0,003320
участвовать 0,013423 0,000029
сообщить 0,013423 0,000015
быть 0,013423 0,000015
пошаговый 1,455287 0,006307
успешно 0,013423 0,000015
скриншот 0,013423 0,000044
истечь 0,013423 0,000015
лента 0,006689 0,000014
сфера 0,013423 0,000015
электронный 0,013423 0,000015
жкх 2,708050 0,002934
спорт 0,190354 0,000206
кредит 2,302585 0,002495
месяц 1,003302 0,001087
свидетельство 0,013423 0,000015
комментирование 0,013423 0,000029
погода 3,064725 0,003320
блокироваться 0,013423 0,000015
правило 0,013423 0,000087
сохранить 0,013423 0,000015
народ 2,238047 0,002425
морковкинэкономист 2,931194 0,003176
применение 0,013423 0,000015
взаимодействие 0,013423 0,000029
дать 0,013423 0,000029
пресс 0,013423 0,000029
согласный 0,013423 0,000044
персональный 0,013423 0,000116
перетянуть 0,013423 0,000015
снег 2,371578 0,002569
выходной 3,218876 0,006975
усиленный 2,931194 0,003176
смочь 0,006689 0,000007
использоваться 0,006689 0,000007
пётр 2,238047 0,004850
готовый 0,006689 0,000014
дата 0,006689 0,000014
одноклассник 0,013423 0,000029
недопустимый 0,013423 0,000015
фронтовой 3,624341 0,003927
вы 0,013423 0,000015
фио 0,013423 0,000015
восстановить 0,013423 0,000015
пожалуйста 0,013423 0,000015
сво 1,919593 0,002080
паспорт 2,525729 0,002736
версия 0,013423 0,000015
ниже 0,013423 0,000044
россия 0,006689 0,000174
тег 0,190354 0,000412
судебный 2,612740 0,002831
зарегистрировать 0,013423 0,000015
биржа 3,912023 0,008477
январь 1,040343 0,002254
назвать 1,347074 0,002919
отражение 4,317488 0,004678
историкалександр 3,912023 0,004238
сайт 0,013423 0,000044
поле 0,013423 0,000116
полезный 0,143101 0,000155
галочка 0,013423 0,000015
заблокировать 0,013423 0,000029
перетащить 0,013423 0,000044
туризм 0,283247 0,000307
сотрудник 1,791759 0,003882
поддерживаетсяполучить 0,013423 0,000015
адрес 0,013423 0,000087
другой 0,013423 0,000044
соответствие 0,013423 0,000029
работа 1,427116 0,004639
рождественский 3,218876 0,003487
рфекатерина 4,317488 0,004678
унитарный 0,013423 0,000044
долг 2,445686 0,002650
давать 0,013423 0,000029
техникувчера 5,010635 0,005429
рабочий 2,708050 0,002934
брачный 3,624341 0,003927
отправка 0,013423 0,000015
собянин 3,624341 0,003927
загрузить 0,013423 0,000029
направление 0,013423 0,000015
телефон 0,013423 0,000015
редакция 0,013423 0,000044
период 1,118815 0,001212
праздник 1,427116 0,001546
должный 0,013423 0,000015
число 1,643339 0,001780
кризис 3,401197 0,003685
причина 2,066196 0,002239
автор 0,013423 0,000015
беременность 4,317488 0,004678
старый 0,013423 0,000015
сообщение 0,013423 0,000204
пенсия 3,064725 0,003320
происшествие 0,292136 0,000317
подтвердить 0,013423 0,000015
правительство 1,875141 0,006095
путь 2,120264 0,002297
эксперт 1,373049 0,001488
предмет 2,302585 0,002495
авторизация 0,013423 0,000015
снегосплавной 3,912023 0,004238
религия 0,283247 0,000307
рейтинг 0,006689 0,000007
форма 0,013423 0,000175
максимальный 2,371578 0,002569
культура 0,292136 0,000633
роды 4,317488 0,004678
образец 3,912023 0,004238
аферист 3,624341 0,003927
советский 2,371578 0,002569
статья 0,013423 0,000015
украсить 2,708050 0,002934
медведев 2,612740 0,022646
отношение 1,791759 0,001941
недвижимость 0,292136 0,000317
бездомный 3,912023 0,004238
редактор 0,013423 0,000015
получить 0,985284 0,001067
контакт 0,013423 0,000015
тема 0,013423 0,000044
сервис 0,174353 0,000378
государственный 0,013423 0,000044
дискуссия 0,013423 0,000029
абитуриентариа 2,931194 0,003176
оксана 3,064725 0,006641
квартира 2,612740 0,002831
связанный 0,013423 0,000044
служба 0,006689 0,000014
риа 0,006689 0,000014
огэ 3,912023 0,004238
заметить 0,013423 0,000015
здоровье 1,832581 0,001985
закрытый 0,013423 0,000029
обращать 0,013423 0,000015
рекомендательный 0,013423 0,000015
проявляться 4,317488 0,004678
год 0,006689 0,000109
навигаторриа 2,445686 0,002650
международный 0,013423 0,000044
забота 3,401197 0,003685
безработица 3,912023 0,008477
ведущий 2,120264 0,002297
идея 2,931194 0,003176
избавиться 3,401197 0,003685
сталинградский 3,624341 0,003927
агентство 0,013423 0,000058
фссп 3,624341 0,003927
победа 2,066196 0,002239
выплата 2,931194 0,003176
авторизоваться 0,013423 0,000029
выбрать 0,013423 0,000044
рассказать 0,933098 0,001011
сегодня 0,013423 0,000131
просить 0,013423 0,000015
битва 2,708050 0,002934
коммунальщик 3,064725 0,003320
новыесначала 0,013423 0,000015
шапка 0,013423 0,000015
отправить 0,013423 0,000218
продолжить 0,006689 0,000007
решение 0,006689 0,000007
ознакомить 0,013423 0,000015
бахтияроварелигиовед 3,624341 0,003927
переходный 4,317488 0,004678
военный 1,514128 0,004921
вакансия 0,013423 0,000015
мы 0,013423 0,000102
проставлять 0,013423 0,000015
участие 0,006689 0,000007
аккаунт 0,013423 0,000073
топ 2,708050 0,002934
экономика 0,292136 0,000317
обсуждение 0,013423 0,000029
анна 2,931194 0,003176
комната 3,912023 0,004238
снегопад 2,177422 0,011795
опечатка 0,013423 0,000015
использовать 0,013423 0,000015
календарь 2,120264 0,006891
онлайн 0,013423 0,000015
почта 0,013423 0,000102
блокировка 0,013423 0,000058
рецепт 1,118815 0,001212
прокомментировать 2,371578 0,002569
осуществляться 0,013423 0,000015
апрель 0,013423 0,000015
фамилия 0,013423 0,000015
евгений 2,238047 0,002425
яндекс 0,013423 0,000029
университет 1,919593 0,006239
финансовый 1,714798 0,005574
владимир 1,373049 0,001488
либо 0,013423 0,000015
влияние 3,064725 0,003320
федеральный 0,013423 0,000073
нажимать 0,013423 0,000015
справка 1,791759 0,001941
тульский 3,401197 0,003685
поиск 0,013423 0,000029
политолог 3,218876 0,006975
альперт 4,317488 0,004678
попробовать 0,013423 0,000015
заполнение 0,013423 0,000102
участник 1,752539 0,003797
внимание 0,013423 0,000015
принимать 0,013423 0,000015
ленинград 3,401197 0,003685
соц 2,371578 0,002569
расписание 2,525729 0,002736
выпуск 0,013423 0,000015
стоимость 2,525729 0,005473
луганск 3,401197 0,007370
надзор 0,013423 0,000015
предприятие 0,013423 0,000044
способ 0,013423 0,000029
наука 0,283247 0,000614
доцент 2,708050 0,005868
обратный 0,013423 0,000102
стенькорелигиовед 3,624341 0,007853
признак 3,064725 0,003320
продукт 0,135438 0,000147
произойти 0,013423 0,000015
проверить 2,302585 0,002495
вайлдберриз 5,010635 0,005429
