специальный 1,514128 0,002862
масленица 2,120264 0,004008
законный 0,013423 0,000013
новый 0,006689 0,000025
день 0,591795 0,002797
покрасить 2,813411 0,002659
найти 0,013423 0,000013
письмо 0,013423 0,000025
мундать 5,010635 0,004736
происходить 2,177422 0,002058
спасибо 0,013423 0,000013
расширить 0,006689 0,000006
наброситься 4,317488 0,004081
согласие 0,013423 0,000025
центр 0,166448 0,000157
удар 2,120264 0,002004
доступ 0,013423 0,000025
миа 0,013423 0,000025
задать 0,013423 0,000013
конфликт 2,371578 0,011208
александр 1,373049 0,002596
связаться 0,013423 0,000076
декабрь 0,985284 0,001863
человек 1,118815 0,001057
шириковтеолог 3,624341 0,003426
г 0,013423 0,000038
реклама 0,013423 0,000025
отказаться 2,708050 0,002560
фото 0,013423 0,000013
политика 0,013423 0,000063
связь 0,006689 0,000051
о 0,013423 0,000013
норфолк 4,317488 0,004081
экс 2,708050 0,002560
течение 0,013423 0,000013
родительский 3,218876 0,006085
область 1,427116 0,001349
клещ 5,010635 0,004736
карл 3,912023 0,003698
пригрозить 3,912023 0,003698
сила 1,455287 0,002751
мир 0,223144 0,005695
пройти 0,006689 0,000006
заголовок 0,013423 0,000025
информационный 0,013423 0,000051
русский 1,118815 0,001057
рассмотреть 0,013423 0,000013
расположить 0,013423 0,000025
тюрьма 3,912023 0,003698
время 0,013423 0,000025
джеффри 4,317488 0,004081
кнопка 0,013423 0,000013
оон 2,708050 0,007679
жомарт 3,401197 0,003215
румынский 3,912023 0,003698
ранее 0,013423 0,000013
подкаст 0,292136 0,000276
главный 0,013423 0,000013
проблема 0,013423 0,000013
данные 0,013423 0,000101
сергей 1,544899 0,002920
пообещать 3,624341 0,003426
член 2,238047 0,002115
пьяный 2,612740 0,002470
украина 1,160488 0,020841
город 0,013423 0,000025
разблокировать 0,013423 0,000038
лукашенко 3,401197 0,006429
фотография 0,013423 0,000013
дмитрий 1,576648 0,004471
час 0,013423 0,000025
чат 0,013423 0,000025
сектор 3,064725 0,002897
новостеймолния 0,013423 0,000013
написать 0,013423 0,000013
схождение 3,624341 0,003426
соглашаться 0,013423 0,000013
сначала 0,013423 0,000013
закрытие 3,401197 0,003215
показать 0,013423 0,000013
международник 3,624341 0,003426
австралия 3,401197 0,012859
пароль 0,013423 0,000140
кремль 2,177422 0,002058
вооружённый 2,014903 0,003809
удалить 0,013423 0,000051
последствие 1,544899 0,002920
дебош 2,708050 0,002560
мирный 2,525729 0,016711
вход 0,013423 0,000025
описать 0,013423 0,000013
размещение 0,013423 0,000013
дональд 2,371578 0,017933
сколько 0,006689 0,000006
сумма 2,302585 0,002176
июнь 1,875141 0,003545
хамас 4,317488 0,004081
база 2,302585 0,002176
надеяться 2,931194 0,002771
ёлка 3,401197 0,003215
саргсян 5,010635 0,004736
совет 1,226446 0,004637
департамент 3,218876 0,003042
значительный 2,931194 0,002771
подтверждать 0,013423 0,000013
арестовать 2,931194 0,002771
оценить 2,525729 0,002387
гаврилов 0,013423 0,000013
учредитель 0,013423 0,000013
экстремизм 3,624341 0,003426
исмаил 4,317488 0,004081
последний 0,899761 0,000850
япония 3,218876 0,006085
ссылка 0,013423 0,000051
коммуникация 0,013423 0,000013
мой 0,013423 0,000063
каркад 3,401197 0,003215
архив 0,190354 0,000180
помочь 0,013423 0,000013
британия 3,401197 0,003215
пересадить 5,010635 0,004736
заявить 1,272966 0,002406
сша 1,118815 0,019035
описание 0,013423 0,000013
лидер 2,813411 0,002659
процесс 0,013423 0,000013
рольникнуть 5,010635 0,004736
помиловать 3,218876 0,003042
роскомнадзор 0,013423 0,000013
технология 0,013423 0,000025
сапрыкин 2,708050 0,002560
кайя 3,912023 0,003698
король 3,912023 0,003698
москва 0,006689 0,000019
атака 2,931194 0,002771
воспользоваться 0,013423 0,000051
ормузский 4,317488 0,004081
ереван 3,912023 0,003698
екатерина 2,445686 0,002312
павел 2,238047 0,002115
эндрю 3,064725 0,005793
далее 0,013423 0,000025
астрология 4,317488 0,004081
новогодний 2,120264 0,002004
единый 2,177422 0,002058
хотеть 0,006689 0,000006
открывать 0,013423 0,000025
перейти 0,013423 0,000013
освободить 2,708050 0,002560
угроза 2,238047 0,002115
урегулировать 3,401197 0,003215
стать 0,851752 0,000805
палестино 3,624341 0,006851
обращение 0,013423 0,000038
огонь 1,966113 0,001858
операция 1,752539 0,003313
спецпроект 0,190354 0,000180
массовый 0,013423 0,000013
обработка 0,013423 0,000063
это 0,013423 0,000013
украинский 1,576648 0,001490
новость 0,006689 0,000044
вашингтон 2,120264 0,002004
газ 2,612740 0,002470
пихта 5,010635 0,004736
противостояние 3,064725 0,002897
зарегистрироваться 0,013423 0,000063
пожаловаться 0,006689 0,000013
войти 0,006689 0,000025
берингов 3,401197 0,003215
комнатный 3,064725 0,002897
эл 0,013423 0,000013
радио 0,274437 0,000259
залужный 3,624341 0,006851
защита 0,013423 0,000051
регистрация 0,013423 0,000063
почему 0,013423 0,000013
восстановление 0,013423 0,000051
хороший 1,059392 0,001001
оппозиционер 4,317488 0,004081
бельгия 5,010635 0,004736
отреагировать 3,064725 0,002897
белоруссия 3,218876 0,003042
вконтакте 0,013423 0,000025
программа 1,919593 0,001814
логин 0,013423 0,000013
конфиденциальность 0,013423 0,000051
нарушение 0,013423 0,000038
навсегда 0,013423 0,000013
ханий 4,317488 0,004081
путин 1,373049 0,006489
действие 0,013423 0,000013
релиз 0,013423 0,000013
назад 0,013423 0,000063
первый 0,883501 0,000835
список 0,013423 0,000013
примета 3,064725 0,002897
вербный 3,401197 0,003215
шоубиз 3,624341 0,003426
рэу 3,912023 0,003698
обязательный 0,013423 0,000089
февраль 0,567984 0,000537
ошибка 0,013423 0,000038
кишинёв 3,912023 0,007395
значение 2,238047 0,006346
суббота 2,931194 0,005541
вопрос 0,006689 0,000025
выполнить 3,401197 0,003215
зубовский 0,013423 0,000025
заполнить 0,013423 0,000089
традиция 1,919593 0,009072
ваш 0,013423 0,000203
имя 0,013423 0,000076
общество 0,257045 0,000243
ответ 1,791759 0,001694
срок 0,013423 0,000038
высказаться 2,525729 0,002387
перевести 3,624341 0,003426
основание 0,013423 0,000013
кто 2,014903 0,001904
издание 0,013423 0,000013
выделение 3,912023 0,003698
песок 2,177422 0,004116
бульвар 0,013423 0,000025
сетевой 0,013423 0,000013
рубио 3,218876 0,006085
использование 0,013423 0,000013
вновь 0,013423 0,000013
неделя 1,181994 0,001117
сменить 0,013423 0,000013
беринг 3,624341 0,003426
присматривать 3,401197 0,003215
материал 0,013423 0,000114
недвижимостьнавигатор 3,064725 0,002897
участвовать 0,013423 0,000025
сообщить 0,013423 0,000013
быть 0,013423 0,000025
израильский 3,401197 0,006429
пошаговый 1,455287 0,001376
успешно 0,013423 0,000013
скриншот 0,013423 0,000038
истечь 0,013423 0,000013
отмечать 1,399717 0,001323
лента 0,006689 0,000013
яйцо 1,966113 0,001858
арест 2,445686 0,002312
посольство 3,401197 0,003215
зимний 1,919593 0,001814
сфера 0,013423 0,000013
электронный 0,013423 0,000013
спорт 0,190354 0,000180
кредит 2,302585 0,002176
молдавия 3,912023 0,003698
месяц 1,003302 0,000948
церковь 2,708050 0,005119
пролив 3,218876 0,009127
свидетельство 0,013423 0,000013
комментирование 0,013423 0,000025
блокироваться 0,013423 0,000013
прогнозирование 5,010635 0,004736
женский 3,218876 0,003042
правило 0,013423 0,000076
сохранить 0,013423 0,000013
марко 3,912023 0,003698
цветок 3,912023 0,003698
применение 0,013423 0,000013
взаимодействие 0,013423 0,000025
дать 0,013423 0,000025
пресс 0,013423 0,000025
согласный 0,013423 0,000038
персональный 0,013423 0,000101
возможный 1,576648 0,002980
перетянуть 0,013423 0,000013
смысл 2,708050 0,002560
православный 2,525729 0,004775
астропсихология 5,010635 0,004736
смочь 0,006689 0,000006
использоваться 0,006689 0,000006
готовый 0,006689 0,000019
пётр 2,238047 0,002115
запасной 4,317488 0,004081
румяный 3,401197 0,003215
известно 2,931194 0,002771
кира 3,624341 0,003426
дата 0,006689 0,000032
одноклассник 0,013423 0,000025
недопустимый 0,013423 0,000013
вы 0,013423 0,000013
фио 0,013423 0,000013
восстановить 0,013423 0,000013
пожалуйста 0,013423 0,000013
лавров 3,401197 0,006429
зарубина 3,912023 0,003698
российский 0,883501 0,000835
весенний 3,401197 0,003215
специалист 2,371578 0,002242
дерево 3,401197 0,003215
версия 0,013423 0,000013
ниже 0,013423 0,000038
россия 0,006689 0,000120
тег 0,190354 0,000360
выделить 2,931194 0,002771
зарегистрировать 0,013423 0,000013
палата 3,401197 0,003215
израиль 2,931194 0,016623
требование 1,832581 0,003464
январь 1,040343 0,005900
благодатный 3,401197 0,003215
казахстан 3,218876 0,006085
сайт 0,013423 0,000038
поле 0,013423 0,000101
правильно 2,066196 0,001953
биньямин 4,317488 0,004081
полезный 0,143101 0,000135
галочка 0,013423 0,000013
штат 2,014903 0,001904
заблокировать 0,013423 0,000025
перетащить 0,013423 0,000038
туризм 0,283247 0,000268
поддерживаетсяполучить 0,013423 0,000013
адрес 0,013423 0,000063
зеленский 1,875141 0,007089
другой 0,013423 0,000038
соответствие 0,013423 0,000025
унитарный 0,013423 0,000038
давать 0,013423 0,000025
отправка 0,013423 0,000013
загрузить 0,013423 0,000025
направление 0,013423 0,000013
телефон 0,013423 0,000013
редакция 0,013423 0,000038
филипп 2,445686 0,002312
лондон 4,317488 0,004081
виргиния 5,010635 0,004736
период 1,118815 0,001057
праздник 1,427116 0,002698
должный 0,013423 0,000013
число 1,643339 0,001553
нетаньяху 3,218876 0,006085
причина 2,066196 0,005859
автор 0,013423 0,000013
старый 0,013423 0,000013
сообщение 0,013423 0,000178
палестина 2,813411 0,007978
происшествие 0,292136 0,000276
подтвердить 0,013423 0,000013
равноденствие 4,317488 0,004081
троицкий 4,317488 0,004081
стармера 3,624341 0,003426
эксперт 1,373049 0,002596
пасха 2,525729 0,002387
деренеу 3,912023 0,003698
домашний 2,177422 0,002058
авторизация 0,013423 0,000013
мэр 3,218876 0,003042
религия 0,283247 0,000268
рейтинг 0,006689 0,000006
форма 0,013423 0,000152
культура 0,292136 0,000276
иран 2,445686 0,016181
валерий 3,064725 0,002897
коллега 2,371578 0,002242
левый 3,912023 0,003698
нато 2,612740 0,002470
астролог 5,010635 0,004736
статья 0,013423 0,000013
великобритания 3,218876 0,009127
серж 5,010635 0,004736
евросоюз 2,238047 0,004231
медведев 2,612740 0,004939
каллас 2,612740 0,004939
господний 3,218876 0,003042
недвижимость 0,292136 0,000276
плеханов 3,912023 0,003698
редактор 0,013423 0,000013
самсонян 4,317488 0,004081
близкий 2,066196 0,001953
контакт 0,013423 0,000013
минский 3,624341 0,003426
план 1,678431 0,012691
тема 0,013423 0,000038
государственный 0,013423 0,000063
сервис 0,174353 0,000165
дискуссия 0,013423 0,000025
абитуриентариа 2,931194 0,002771
тоннель 3,401197 0,003215
ажурный 3,218876 0,003042
квартира 2,612740 0,002470
связанный 0,013423 0,000038
служба 0,006689 0,000006
риа 0,006689 0,000013
заметить 0,013423 0,000013
аделаида 5,010635 0,004736
закрытый 0,013423 0,000013
обращать 0,013423 0,000013
святой 2,708050 0,002560
рекомендательный 0,013423 0,000013
разный 1,484275 0,001403
переговоры 1,875141 0,001772
мадагаскар 2,813411 0,005318
будущее 2,238047 0,002115
год 0,006689 0,000051
навигаторриа 2,445686 0,002312
международный 0,013423 0,000051
управление 2,371578 0,002242
трамп 1,544899 0,016062
наталья 2,525729 0,002387
празднование 2,708050 0,005119
май 1,643339 0,001553
агентство 0,013423 0,000051
блин 2,014903 0,001904
перспектива 2,708050 0,002560
королевский 3,218876 0,003042
авторизоваться 0,013423 0,000025
выбрать 0,013423 0,000051
рассказать 0,933098 0,000882
сегодня 0,013423 0,000089
апелляционный 3,912023 0,003698
просить 0,013423 0,000013
случай 1,643339 0,001553
сми 2,177422 0,002058
новыесначала 0,013423 0,000013
актёр 2,371578 0,002242
предоставить 2,066196 0,001953
юлия 3,912023 0,003698
шапка 0,013423 0,000013
отправить 0,013423 0,000178
продолжить 0,006689 0,000006
решение 0,006689 0,000013
проходить 2,177422 0,002058
ознакомить 0,013423 0,000013
село 3,064725 0,002897
март 1,514128 0,007156
военный 1,514128 0,002862
вакансия 0,013423 0,000013
мы 0,013423 0,000089
проставлять 0,013423 0,000013
участие 0,006689 0,000006
аккаунт 0,013423 0,000063
суворовапсихолог 5,010635 0,004736
экономика 0,292136 0,000276
обсуждение 0,013423 0,000025
сретение 3,401197 0,003215
опечатка 0,013423 0,000013
использовать 0,013423 0,000013
календарь 2,120264 0,002004
онлайн 0,013423 0,000013
воскресение 2,612740 0,002470
мвф 3,624341 0,013703
почта 0,013423 0,000089
блокировка 0,013423 0,000051
рецепт 1,118815 0,001057
писать 1,752539 0,001656
строительство 2,931194 0,002771
осуществляться 0,013423 0,000013
история 1,139434 0,004308
сосна 4,317488 0,004081
киев 1,832581 0,003464
апрель 0,013423 0,000051
осудить 3,401197 0,003215
фамилия 0,013423 0,000013
солнцестояние 3,912023 0,003698
яндекс 0,013423 0,000025
университет 1,919593 0,001814
принц 2,931194 0,005541
финансовый 1,714798 0,001621
владимир 1,373049 0,006489
либо 0,013423 0,000013
продолжительность 3,401197 0,003215
федеральный 0,013423 0,000051
нажимать 0,013423 0,000013
справка 1,791759 0,001694
армения 3,401197 0,006429
семья 2,014903 0,001904
поиск 0,013423 0,000013
политолог 3,218876 0,003042
понимать 2,708050 0,002560
попробовать 0,013423 0,000013
заполнение 0,013423 0,000089
внимание 0,013423 0,000013
принимать 0,013423 0,000013
алексей 1,966113 0,001858
соц 2,371578 0,002242
касым 4,317488 0,004081
женева 2,238047 0,002115
завершиться 2,931194 0,002771
выпуск 0,013423 0,000013
эпштейн 2,525729 0,002387
опасный 3,401197 0,003215
принять 1,791759 0,001694
пылевой 5,010635 0,004736
надзор 0,013423 0,000013
финансирование 2,708050 0,002560
предприятие 0,013423 0,000038
способ 0,013423 0,000025
наука 0,283247 0,000268
какой 1,399717 0,001323
обострение 3,912023 0,007395
токай 3,401197 0,006429
обратный 0,013423 0,000089
стенькорелигиовед 3,624341 0,003426
продукт 0,135438 0,000128
произойти 0,013423 0,000013
порошенко 4,317488 0,008162
