определение 3,218876 0,003945
истечь 0,013423 0,000016
лента 0,006689 0,000016
законный 0,013423 0,000016
новый 0,006689 0,000016
день 0,591795 0,002176
уловить 5,010635 0,006140
найти 0,013423 0,000016
письмо 0,013423 0,000033
сфера 0,013423 0,000016
электронный 0,013423 0,000016
спасибо 0,013423 0,000016
спорт 0,190354 0,000233
обозначать 5,010635 0,006140
просмотр 4,317488 0,005291
расширить 0,006689 0,000008
обзор 2,371578 0,002906
радиоэфир 3,624341 0,004442
мочь 1,399717 0,001715
набрать 3,624341 0,004442
согласие 0,013423 0,000066
свидетельство 0,013423 0,000016
центр 0,166448 0,000204
комментирование 0,013423 0,000115
доступ 0,013423 0,000033
блокироваться 0,013423 0,000033
миа 0,013423 0,000115
задать 0,013423 0,000016
лексический 5,010635 0,006140
связаться 0,013423 0,000099
многократный 5,010635 0,006140
правило 0,013423 0,000197
флуда 5,010635 0,006140
сохранить 0,013423 0,000016
г 0,013423 0,000033
флешмоб 5,010635 0,006140
реклама 0,013423 0,000033
фото 0,013423 0,000066
содержание 2,931194 0,010776
политика 0,013423 0,000082
связь 0,006689 0,000066
высказываться 4,317488 0,005291
применение 0,013423 0,000016
взаимодействие 0,013423 0,000033
о 0,013423 0,000016
дать 0,013423 0,000049
персональный 0,013423 0,000148
пресс 0,013423 0,000033
согласный 0,013423 0,000049
действовать 2,445686 0,002997
перетянуть 0,013423 0,000016
течение 0,013423 0,000033
смысл 2,708050 0,003319
смочь 0,006689 0,000008
использоваться 0,006689 0,000008
третий 1,919593 0,002352
готовый 0,006689 0,000016
дата 0,006689 0,000008
мир 0,223144 0,001094
инфографик 2,177422 0,008005
конкретный 3,218876 0,003945
читатель 5,010635 0,006140
деловой 3,064725 0,003756
пройти 0,006689 0,000008
порочить 5,010635 0,006140
заголовок 0,013423 0,000033
единица 5,010635 0,006140
одноклассник 0,013423 0,000033
недопустимый 0,013423 0,000016
информационный 0,013423 0,000066
вы 0,013423 0,000016
фио 0,013423 0,000016
восстановить 0,013423 0,000016
пожалуйста 0,013423 0,000033
русский 1,118815 0,002742
российский 0,883501 0,002165
преимущественно 3,912023 0,004794
меньшинство 5,010635 0,006140
цель 1,966113 0,002409
рассмотреть 0,013423 0,000016
расположить 0,013423 0,000033
расовый 3,624341 0,004442
употребление 4,317488 0,005291
версия 0,013423 0,000016
время 0,013423 0,000016
ниже 0,013423 0,000049
кнопка 0,013423 0,000016
россия 0,006689 0,000123
социальный 1,678431 0,002057
несовершеннолетний 2,931194 0,003592
тег 0,190354 0,000233
свой 0,867501 0,001063
идентичный 5,010635 0,006140
зарегистрировать 0,013423 0,000016
ранее 0,013423 0,000016
подкаст 0,292136 0,000716
главный 0,013423 0,000016
проблема 0,013423 0,000016
данные 0,013423 0,000148
также 1,139434 0,001396
город 0,013423 0,000016
разблокировать 0,013423 0,000049
публикация 2,177422 0,002668
оставлять 3,064725 0,003756
фотография 0,013423 0,000016
сайт 0,013423 0,000066
поле 0,013423 0,000132
час 0,013423 0,000049
чат 0,013423 0,000033
конституционный 4,317488 0,005291
написать 0,013423 0,000033
полезный 0,143101 0,000175
новостеймолния 0,013423 0,000016
галочка 0,013423 0,000016
заблокировать 0,013423 0,000049
перетащить 0,013423 0,000049
зависимость 1,966113 0,002409
соглашаться 0,013423 0,000016
туризм 0,283247 0,000347
сотрудник 1,791759 0,002196
сначала 0,013423 0,000016
поддерживаетсяполучить 0,013423 0,000016
адрес 0,013423 0,000115
другой 0,013423 0,000115
вред 2,445686 0,002997
соответствие 0,013423 0,000033
изменение 2,525729 0,003095
подрывать 4,317488 0,005291
унитарный 0,013423 0,000049
давать 0,013423 0,000033
показать 0,013423 0,000016
отправка 0,013423 0,000016
загрузить 0,013423 0,000033
направление 0,013423 0,000016
телефон 0,013423 0,000016
пароль 0,013423 0,000181
фигурировать 4,317488 0,005291
редакция 0,013423 0,000049
схожий 3,624341 0,004442
удалить 0,013423 0,000066
выражать 3,401197 0,004168
вход 0,013423 0,000033
должный 0,013423 0,000016
коммерческий 3,401197 0,004168
факт 2,302585 0,002822
описать 0,013423 0,000016
размещение 0,013423 0,000016
сколько 0,006689 0,000008
дискриминация 5,010635 0,006140
автор 0,013423 0,000033
сообщение 0,013423 0,000263
старый 0,013423 0,000016
её 3,064725 0,003756
пропагандировать 5,010635 0,006140
происшествие 0,292136 0,000358
подтвердить 0,013423 0,000016
иметь 1,544899 0,001893
оскорбление 5,010635 0,012281
видео 1,832581 0,006737
преследовать 3,624341 0,004442
пренебрежение 5,010635 0,006140
подтверждать 0,013423 0,000016
гаврилов 0,013423 0,000016
учредитель 0,013423 0,000016
часть 1,373049 0,001683
авторизация 0,013423 0,000016
религия 0,283247 0,000347
рейтинг 0,006689 0,000008
форма 0,013423 0,000214
целиком 4,317488 0,005291
оперативный 3,064725 0,003756
последний 0,899761 0,001103
насильственный 5,010635 0,006140
ссылка 0,013423 0,000082
публиковаться 3,401197 0,004168
коммуникация 0,013423 0,000016
мой 0,013423 0,000082
культура 0,292136 0,000358
момент 2,014903 0,002469
подпадать 4,317488 0,005291
архив 0,190354 0,000233
помочь 0,013423 0,000016
статья 0,013423 0,000033
лексика 4,317488 0,005291
половой 5,010635 0,006140
ресурс 2,612740 0,003202
описание 0,013423 0,000016
любой 1,576648 0,001932
процесс 0,013423 0,000016
честь 4,317488 0,005291
разбитый 4,317488 0,005291
отношение 1,791759 0,002196
злоупотреблять 5,010635 0,006140
недвижимость 0,292136 0,000358
роскомнадзор 0,013423 0,000016
технология 0,013423 0,000033
редактор 0,013423 0,000016
фгуп 0,499776 0,003062
контакт 0,013423 0,000016
язык 2,931194 0,007184
нарушать 3,624341 0,008883
москва 0,006689 0,000033
комментарий 3,624341 0,026650
трудно 4,317488 0,005291
воспользоваться 0,013423 0,000066
тема 0,013423 0,000099
сервис 0,174353 0,000214
государственный 0,013423 0,000049
неуважение 4,317488 0,010582
дискуссия 0,013423 0,000049
поступать 3,401197 0,004168
грамотно 5,010635 0,006140
предложение 2,612740 0,003202
обязываться 4,317488 0,010582
связанный 0,013423 0,000033
служба 0,006689 0,000008
риа 0,006689 0,000082
заметить 0,013423 0,000016
лицо 1,714798 0,008406
большой 1,832581 0,004492
анализ 2,708050 0,003319
закрытый 0,013423 0,000016
удалённый 4,317488 0,005291
этнический 5,010635 0,006140
обращать 0,013423 0,000016
рекомендательный 0,013423 0,000016
далее 0,013423 0,000033
право 2,066196 0,005064
текст 3,401197 0,016673
являться 1,875141 0,002298
проявляться 4,317488 0,005291
написание 4,317488 0,005291
год 0,006689 0,000008
хотеть 0,006689 0,000008
открывать 0,013423 0,000033
перейти 0,013423 0,000016
международный 0,013423 0,000049
угроза 2,238047 0,002743
русски 4,317488 0,005291
который 0,603916 0,001480
производный 5,010635 0,006140
обращение 0,013423 0,000049
спам 5,010635 0,006140
агентство 0,013423 0,000066
нецензурный 4,317488 0,005291
это 0,013423 0,000033
спецпроект 0,190354 0,000233
массовый 0,013423 0,000016
обработка 0,013423 0,000082
вне 3,401197 0,004168
авторизоваться 0,013423 0,000033
распространять 4,317488 0,005291
намёк 4,317488 0,005291
выбрать 0,013423 0,000049
сегодня 0,013423 0,000164
новость 0,006689 0,000123
просить 0,013423 0,000016
акция 2,931194 0,003592
законодательство 2,813411 0,003448
ненависть 3,912023 0,004794
такой 1,098612 0,001346
доступный 2,302585 0,002822
латиница 5,010635 0,006140
новыесначала 0,013423 0,000016
ущемлять 5,010635 0,006140
зарегистрироваться 0,013423 0,000082
пожаловаться 0,006689 0,000008
войти 0,006689 0,000033
место 1,272966 0,001560
шапка 0,013423 0,000016
отправить 0,013423 0,000230
продолжить 0,006689 0,000008
решение 0,006689 0,000008
ознакомить 0,013423 0,000016
вакансия 0,013423 0,000016
эл 0,013423 0,000016
мы 0,013423 0,000115
проставлять 0,013423 0,000016
уважительно 5,010635 0,006140
радио 0,274437 0,001009
участие 0,006689 0,000008
аккаунт 0,013423 0,000082
экономика 0,292136 0,000358
защита 0,013423 0,000066
регистрация 0,013423 0,000099
буква 3,401197 0,004168
обсуждение 0,013423 0,000033
репутация 3,912023 0,004794
опечатка 0,013423 0,000016
использовать 0,013423 0,000016
почему 0,013423 0,000016
заглавный 5,010635 0,006140
организация 2,066196 0,002532
восстановление 0,013423 0,000066
содержать 2,931194 0,017961
онлайн 0,013423 0,000016
почта 0,013423 0,000115
призывать 3,912023 0,004794
блокировка 0,013423 0,000066
писать 1,752539 0,002148
осуществляться 0,013423 0,000016
непристойный 5,010635 0,006140
апрель 0,013423 0,000016
вконтакте 0,013423 0,000033
фамилия 0,013423 0,000016
логин 0,013423 0,000016
нарушение 0,013423 0,000066
конфиденциальность 0,013423 0,000066
навсегда 0,013423 0,000016
количество 1,919593 0,004705
яндекс 0,013423 0,000033
действие 0,013423 0,000033
либо 0,013423 0,000016
федеральный 0,013423 0,000066
релиз 0,013423 0,000016
нажимать 0,013423 0,000016
назад 0,013423 0,000082
религиозный 2,708050 0,003319
список 0,013423 0,000016
поиск 0,013423 0,000016
норма 2,525729 0,003095
обязательный 0,013423 0,000115
ошибка 0,013423 0,000049
строй 4,317488 0,005291
вопрос 0,006689 0,000033
невозможно 2,525729 0,003095
зубовский 0,013423 0,000033
попробовать 0,013423 0,000016
заполнение 0,013423 0,000115
причинять 5,010635 0,006140
заполнить 0,013423 0,000115
участник 1,752539 0,002148
внимание 0,013423 0,000016
принимать 0,013423 0,000016
рекламный 3,912023 0,004794
ваш 0,013423 0,000263
общество 0,257045 0,000315
имя 0,013423 0,000082
малосодержательный 5,010635 0,006140
возможность 1,752539 0,002148
федерация 2,066196 0,005064
достоинство 4,317488 0,005291
выпуск 0,013423 0,000016
срок 0,013423 0,000033
основание 0,013423 0,000016
информация 2,066196 0,007596
издание 0,013423 0,000016
бульвар 0,013423 0,000033
сетевой 0,013423 0,000033
событие 1,544899 0,005680
пользователь 3,401197 0,025009
надзор 0,013423 0,000016
использование 0,013423 0,000033
вновь 0,013423 0,000016
самый 0,967584 0,001186
сменить 0,013423 0,000016
предприятие 0,013423 0,000049
способ 0,013423 0,000033
материал 0,013423 0,000214
наука 0,283247 0,000347
участвовать 0,013423 0,000033
сообщить 0,013423 0,000016
обратный 0,013423 0,000115
признак 3,064725 0,003756
продукт 0,135438 0,000166
произойти 0,013423 0,000016
быть 0,013423 0,000016
успешно 0,013423 0,000016
скриншот 0,013423 0,000049
