витамин 3,912023 0,026811
рф 1,181994 0,001473
законный 0,013423 0,000008
новый 0,006689 0,000063
день 0,591795 0,000369
образ 2,066196 0,009011
орех 3,218876 0,008022
детство 2,931194 0,001826
найти 0,013423 0,000008
письмо 0,013423 0,000017
спасибо 0,013423 0,000008
расширить 0,006689 0,000004
снимать 3,401197 0,002119
корочка 3,401197 0,002119
согласие 0,013423 0,000017
центр 0,166448 0,000104
петербург 2,302585 0,001435
важный 1,297063 0,000808
доступ 0,013423 0,000017
миа 0,013423 0,000017
микроволновка 4,317488 0,002690
задать 0,013423 0,000008
александр 1,373049 0,000855
связаться 0,013423 0,000050
декабрь 0,985284 0,005525
человек 1,118815 0,002091
сладкий 2,302585 0,001435
г 0,013423 0,000017
реклама 0,013423 0,000017
варить 2,371578 0,002955
фото 0,013423 0,000025
политика 0,013423 0,000042
связь 0,006689 0,000033
о 0,013423 0,000008
санкт 2,525729 0,001574
студент 3,912023 0,002437
кастрюля 2,371578 0,001478
течение 0,013423 0,000008
ягода 2,525729 0,006295
область 1,427116 0,000889
суп 2,302585 0,005739
повар 2,238047 0,004183
холестерин 4,317488 0,008070
мир 0,223144 0,000278
клюква 4,317488 0,008070
училище 5,010635 0,003122
эликсир 5,010635 0,003122
пройти 0,006689 0,000004
заголовок 0,013423 0,000017
информационный 0,013423 0,000033
русский 1,118815 0,006971
сложность 2,371578 0,013299
цветной 3,064725 0,001909
рассмотреть 0,013423 0,000008
мимоза 3,064725 0,003819
капуста 2,708050 0,003375
расположить 0,013423 0,000017
классический 1,752539 0,006552
быстро 2,177422 0,001357
гарнироврецепт 5,010635 0,003122
время 0,013423 0,000017
кнопка 0,013423 0,000008
десерт 2,525729 0,006295
готовить 1,966113 0,002450
ранее 0,013423 0,000008
подкаст 0,292136 0,000182
главный 0,013423 0,000008
проблема 0,013423 0,000008
данные 0,013423 0,000067
выпечка 2,612740 0,001628
кулинар 2,813411 0,001753
город 0,013423 0,000008
разблокировать 0,013423 0,000025
фотография 0,013423 0,000008
дмитрий 1,576648 0,001965
кондитер 3,401197 0,002119
цыплёнок 4,317488 0,002690
час 0,013423 0,000092
чат 0,013423 0,000017
легко 1,791759 0,012280
новостеймолния 0,013423 0,000008
написать 0,013423 0,000008
научный 2,302585 0,002869
соглашаться 0,013423 0,000008
сначала 0,013423 0,000008
употреблять 3,401197 0,002119
початок 5,010635 0,003122
вред 2,445686 0,016762
родить 3,218876 0,002006
горох 5,010635 0,003122
редька 3,912023 0,007312
профессионал 4,317488 0,002690
показать 0,013423 0,000008
основный 1,791759 0,007815
пароль 0,013423 0,000092
манный 5,010635 0,006244
салатоврецепт 3,624341 0,002258
подмосковье 2,238047 0,004183
удалить 0,013423 0,000033
вход 0,013423 0,000017
описать 0,013423 0,000008
размещение 0,013423 0,000008
сколько 0,006689 0,000004
торт 3,624341 0,002258
успокаивать 5,010635 0,003122
смородина 4,317488 0,002690
совет 1,226446 0,003821
интересный 2,177422 0,001357
бутерброд 2,525729 0,003147
пшённый 5,010635 0,003122
подтверждать 0,013423 0,000008
гаврилов 0,013423 0,000008
учредитель 0,013423 0,000008
последний 0,899761 0,000561
московский 1,678431 0,001046
ссылка 0,013423 0,000033
коммуникация 0,013423 0,000008
минута 1,226446 0,017575
шеф 2,238047 0,005578
инструкция 1,966113 0,001225
мой 0,013423 0,000042
чабрец 5,010635 0,003122
архив 0,190354 0,000119
помочь 0,013423 0,000008
кизил 4,317488 0,002690
салат 2,120264 0,019816
природный 2,931194 0,007305
повелевать 3,912023 0,002437
описание 0,013423 0,000008
процесс 0,013423 0,000008
июль 1,609438 0,001003
кожа 3,401197 0,002119
курица 2,931194 0,005479
роскомнадзор 0,013423 0,000008
технология 0,013423 0,000017
щи 3,912023 0,002437
духовка 2,708050 0,013498
пингвин 3,912023 0,002437
гречка 5,010635 0,003122
секрет 2,445686 0,006095
москва 0,006689 0,000008
воспользоваться 0,013423 0,000033
французски 3,624341 0,004516
испечь 4,317488 0,002690
влиять 2,445686 0,001524
ноябрь 1,514128 0,003774
екатерина 2,445686 0,003048
закуска 2,302585 0,004304
далее 0,013423 0,000017
кляр 5,010635 0,003122
сковорода 2,525729 0,001574
рецептырецепт 1,875141 0,011683
новогодний 2,120264 0,007926
киноа 3,624341 0,004516
хотеть 0,006689 0,000004
сытный 2,612740 0,001628
открывать 0,013423 0,000017
перейти 0,013423 0,000008
сложностирецепт 4,317488 0,005380
японский 2,931194 0,001826
сыр 2,708050 0,003375
нут 4,317488 0,005380
часарецепт 2,813411 0,024541
обращение 0,013423 0,000025
это 0,013423 0,000050
спецпроект 0,190354 0,000119
массовый 0,013423 0,000008
обработка 0,013423 0,000042
молодость 5,010635 0,003122
простуда 4,317488 0,005380
вкус 1,752539 0,001092
еда 2,177422 0,047483
сразиться 3,401197 0,002119
новость 0,006689 0,000033
доступный 2,302585 0,001435
жизнь 1,714798 0,007479
хачапури 5,010635 0,003122
зарегистрироваться 0,013423 0,000042
пожаловаться 0,006689 0,000004
сладкое 3,401197 0,002119
средний 1,832581 0,012560
войти 0,006689 0,000017
салатовновогодний 3,912023 0,002437
эл 0,013423 0,000008
радио 0,274437 0,000171
минутпростой 3,912023 0,002437
защита 0,013423 0,000033
восток 2,612740 0,003256
регистрация 0,013423 0,000042
яблоко 3,912023 0,004875
почему 0,013423 0,000008
манка 4,317488 0,002690
восстановление 0,013423 0,000033
быстрый 1,714798 0,001068
хороший 1,059392 0,003300
змея 2,708050 0,006749
вкусный 1,752539 0,004368
вконтакте 0,013423 0,000017
логин 0,013423 0,000008
пушкин 4,317488 0,002690
блюдрецепт 3,218876 0,014039
конфиденциальность 0,013423 0,000033
нарушение 0,013423 0,000025
навсегда 0,013423 0,000008
минутрецепт 2,708050 0,006749
забавный 4,317488 0,002690
действие 0,013423 0,000008
стевий 5,010635 0,003122
релиз 0,013423 0,000008
сибирский 3,218876 0,002006
назад 0,013423 0,000042
купечески 5,010635 0,003122
говядина 3,218876 0,004011
тиффаня 3,064725 0,003819
список 0,013423 0,000008
лук 2,302585 0,002869
обязательный 0,013423 0,000059
ошибка 0,013423 0,000025
вопрос 0,006689 0,000017
тунец 4,317488 0,002690
мягкий 2,445686 0,003048
зубовский 0,013423 0,000017
кавказ 5,010635 0,003122
заполнить 0,013423 0,000059
мегрельск 5,010635 0,003122
против 1,966113 0,006125
ваш 0,013423 0,000134
общество 0,257045 0,000801
имя 0,013423 0,000042
блюдо 1,609438 0,007019
срок 0,013423 0,000017
основание 0,013423 0,000008
издание 0,013423 0,000008
бульвар 0,013423 0,000017
поединок 3,912023 0,002437
инжир 5,010635 0,003122
сетевой 0,013423 0,000008
кухнирецепт 2,612740 0,019535
использование 0,013423 0,000008
вновь 0,013423 0,000008
неделя 1,181994 0,000736
сменить 0,013423 0,000008
материал 0,013423 0,000075
символ 2,813411 0,003506
участвовать 0,013423 0,000017
сообщить 0,013423 0,000008
европейский 1,791759 0,007815
быть 0,013423 0,000008
пошаговый 1,455287 0,011787
успешно 0,013423 0,000008
скриншот 0,013423 0,000025
дайкон 5,010635 0,003122
истечь 0,013423 0,000008
лента 0,006689 0,000008
приготовить 1,643339 0,017406
завтрак 3,218876 0,002006
сфера 0,013423 0,000008
электронный 0,013423 0,000008
спорт 0,190354 0,000119
месяц 1,003302 0,000625
свидетельство 0,013423 0,000008
комментирование 0,013423 0,000017
кукуруза 4,317488 0,002690
растениеводство 5,010635 0,003122
блокироваться 0,013423 0,000008
ближний 3,064725 0,001909
авокадо 3,218876 0,002006
минутандрей 5,010635 0,003122
правило 0,013423 0,000042
сохранить 0,013423 0,000008
морковкинэкономист 2,931194 0,003653
иммунитет 5,010635 0,006244
льняной 5,010635 0,003122
применение 0,013423 0,000025
взаимодействие 0,013423 0,000017
кекс 5,010635 0,003122
зож 2,302585 0,010042
дать 0,013423 0,000017
пресс 0,013423 0,000017
согласный 0,013423 0,000025
персональный 0,013423 0,000067
кулинария 2,371578 0,079791
возможный 1,576648 0,001965
перетянуть 0,013423 0,000008
десертовзакуска 5,010635 0,003122
смочь 0,006689 0,000004
использоваться 0,006689 0,000008
комочек 3,912023 0,002437
спортивный 3,064725 0,001909
сало 3,624341 0,006774
женщина 1,832581 0,002284
заготовить 3,624341 0,004516
пётр 2,238047 0,001394
готовый 0,006689 0,000008
дата 0,006689 0,000004
сочный 2,525729 0,004721
сугроб 2,931194 0,003653
одноклассник 0,013423 0,000017
недопустимый 0,013423 0,000008
вы 0,013423 0,000008
фио 0,013423 0,000008
корейски 3,912023 0,002437
восстановить 0,013423 0,000008
пожалуйста 0,013423 0,000008
картошка 2,813411 0,003506
стол 1,832581 0,004567
десертовпростый 3,912023 0,002437
запеканка 3,401197 0,004238
версия 0,013423 0,000008
ниже 0,013423 0,000025
растение 3,624341 0,020323
россия 0,006689 0,000075
простой 1,272966 0,035691
волос 3,912023 0,002437
тег 0,190354 0,000119
зарегистрировать 0,013423 0,000008
израиль 2,931194 0,001826
январь 1,040343 0,007778
сайт 0,013423 0,000025
поле 0,013423 0,000067
правильно 2,066196 0,003862
сладость 2,445686 0,001524
полезный 0,143101 0,000535
галочка 0,013423 0,000008
заблокировать 0,013423 0,000017
перетащить 0,013423 0,000025
туризм 0,283247 0,000353
сотрудник 1,791759 0,002233
поддерживаетсяполучить 0,013423 0,000008
адрес 0,013423 0,000042
другой 0,013423 0,000025
соответствие 0,013423 0,000017
креветка 2,813411 0,003506
унитарный 0,013423 0,000025
европа 1,455287 0,000907
давать 0,013423 0,000017
отправка 0,013423 0,000008
загрузить 0,013423 0,000017
императрица 3,912023 0,002437
направление 0,013423 0,000008
телефон 0,013423 0,000008
медицина 4,317488 0,002690
редакция 0,013423 0,000025
чёрный 2,238047 0,001394
питание 2,302585 0,007173
период 1,118815 0,000697
должный 0,013423 0,000008
факт 2,302585 0,001435
автор 0,013423 0,000008
старый 0,013423 0,000008
сообщение 0,013423 0,000117
польза 2,302585 0,020085
происшествие 0,292136 0,000182
крабовый 2,931194 0,003653
закусокпростой 3,912023 0,002437
подтвердить 0,013423 0,000008
лебедев 3,624341 0,002258
правительство 1,875141 0,002337
грузинский 2,813411 0,001753
масло 2,238047 0,001394
фрукт 3,064725 0,001909
антиоксидант 4,317488 0,005380
свежеть 3,401197 0,002119
царствовать 4,317488 0,002690
домашний 2,177422 0,001357
авторизация 0,013423 0,000008
религия 0,283247 0,000176
рейтинг 0,006689 0,000004
форма 0,013423 0,000117
дом 1,514128 0,003774
культура 0,292136 0,000728
ароматный 2,302585 0,002869
статья 0,013423 0,000008
консервированный 3,912023 0,002437
табак 5,010635 0,003122
мята 3,064725 0,003819
организм 3,218876 0,012033
оригинальный 2,238047 0,001394
недвижимость 0,292136 0,000182
красота 3,401197 0,002119
редактор 0,013423 0,000008
мясо 2,445686 0,006095
сытно 5,010635 0,003122
восточный 2,708050 0,001687
контакт 0,013423 0,000008
тема 0,013423 0,000025
сервис 0,174353 0,000109
государственный 0,013423 0,000025
дискуссия 0,013423 0,000017
антибиотик 4,317488 0,005380
связанный 0,013423 0,000017
служба 0,006689 0,000004
риа 0,006689 0,000013
заметить 0,013423 0,000008
здоровье 1,832581 0,004567
закрытый 0,013423 0,000008
обращать 0,013423 0,000008
рекомендательный 0,013423 0,000008
здоровый 3,624341 0,015807
год 0,006689 0,000063
средне 2,813411 0,019282
кухня 1,576648 0,005894
международный 0,013423 0,000025
октябрь 1,714798 0,006410
шампиньон 4,317488 0,002690
ведущий 2,120264 0,002642
сахар 2,525729 0,001574
мангал 3,912023 0,002437
турция 3,624341 0,002258
артишок 5,010635 0,003122
варежка 3,064725 0,003819
май 1,643339 0,001024
агентство 0,013423 0,000033
приготовление 1,484275 0,016646
пища 2,813411 0,001753
авторизоваться 0,013423 0,000017
штрудель 5,010635 0,006244
каша 3,401197 0,006357
выбрать 0,013423 0,000025
сегодня 0,013423 0,000050
бараний 5,010635 0,003122
просить 0,013423 0,000008
морковь 3,401197 0,002119
кулинарный 3,064725 0,001909
дальний 3,401197 0,002119
классика 3,401197 0,002119
такой 1,098612 0,000684
фарш 3,912023 0,002437
новыесначала 0,013423 0,000008
шапка 0,013423 0,000008
отправить 0,013423 0,000117
овощ 2,120264 0,005284
продолжить 0,006689 0,000004
решение 0,006689 0,000004
ознакомить 0,013423 0,000008
необычный 2,014903 0,002511
март 1,514128 0,000943
вакансия 0,013423 0,000008
противопоказание 4,317488 0,002690
мы 0,013423 0,000059
проставлять 0,013423 0,000008
участие 0,006689 0,000004
аккаунт 0,013423 0,000042
экономика 0,292136 0,000182
свежий 2,066196 0,001287
обсуждение 0,013423 0,000017
опечатка 0,013423 0,000008
использовать 0,013423 0,000008
онлайн 0,013423 0,000008
почта 0,013423 0,000059
блокировка 0,013423 0,000033
рецепт 1,118815 0,075982
осуществляться 0,013423 0,000008
история 1,139434 0,000710
апрель 0,013423 0,000008
фамилия 0,013423 0,000008
закусокрецепт 2,708050 0,008436
яндекс 0,013423 0,000017
университет 1,919593 0,002392
хлеб 2,371578 0,004433
финансовый 1,714798 0,002137
либо 0,013423 0,000008
федеральный 0,013423 0,000033
нажимать 0,013423 0,000008
справка 1,791759 0,001116
реальный 3,401197 0,004238
крупа 3,218876 0,004011
мужчина 2,612740 0,001628
поиск 0,013423 0,000008
кедровый 4,317488 0,002690
рецептыпростой 2,813411 0,001753
муравейник 5,010635 0,003122
попробовать 0,013423 0,000008
заполнение 0,013423 0,000059
десертоврецепт 3,401197 0,006357
внимание 0,013423 0,000008
принимать 0,013423 0,000017
условие 1,321756 0,000824
воспаление 5,010635 0,003122
гриб 2,813411 0,003506
молоко 2,445686 0,001524
консервы 3,064725 0,003819
плохой 2,708050 0,001687
выпуск 0,013423 0,000008
картофельный 3,401197 0,002119
булгур 5,010635 0,009366
надзор 0,013423 0,000008
зима 1,919593 0,002392
гастрономия 3,401197 0,004238
предприятие 0,013423 0,000025
способ 0,013423 0,000017
терпкий 3,624341 0,002258
наука 0,283247 0,000176
творожный 3,218876 0,002006
обратный 0,013423 0,000059
продукт 0,135438 0,003122
произойти 0,013423 0,000008
хрустеть 3,064725 0,001909
