истечь 0,013423 0,000014
лента 0,006689 0,000014
законный 0,013423 0,000014
приготовить 1,643339 0,019500
новый 0,006689 0,000166
есть 3,624341 0,007820
найти 0,013423 0,000029
католический 2,931194 0,003162
письмо 0,013423 0,000029
сфера 0,013423 0,000014
электронный 0,013423 0,000014
спасибо 0,013423 0,000014
спорт 0,190354 0,000205
расширить 0,006689 0,000007
грузия 3,401197 0,003669
стиль 3,218876 0,003472
месяц 1,003302 0,001082
свидетельство 0,013423 0,000014
согласие 0,013423 0,000029
центр 0,166448 0,000180
комментирование 0,013423 0,000029
север 3,064725 0,003306
доступ 0,013423 0,000029
блокироваться 0,013423 0,000014
миа 0,013423 0,000029
задать 0,013423 0,000014
связаться 0,013423 0,000087
декабрь 0,985284 0,011692
правило 0,013423 0,000072
сохранить 0,013423 0,000014
г 0,013423 0,000029
реклама 0,013423 0,000029
фото 0,013423 0,000014
политика 0,013423 0,000072
связь 0,006689 0,000058
применение 0,013423 0,000014
взаимодействие 0,013423 0,000029
о 0,013423 0,000014
дать 0,013423 0,000029
пресс 0,013423 0,000029
согласный 0,013423 0,000043
персональный 0,013423 0,000116
кулинария 2,371578 0,017908
перетянуть 0,013423 0,000014
течение 0,013423 0,000014
счастие 3,401197 0,003669
область 1,427116 0,001539
смочь 0,006689 0,000007
использоваться 0,006689 0,000007
готовый 0,006689 0,000014
дата 0,006689 0,000007
мир 0,223144 0,000722
сугроб 2,931194 0,006324
пройти 0,006689 0,000007
заголовок 0,013423 0,000029
одноклассник 0,013423 0,000029
недопустимый 0,013423 0,000014
информационный 0,013423 0,000058
вы 0,013423 0,000014
фио 0,013423 0,000014
восстановить 0,013423 0,000014
пожалуйста 0,013423 0,000014
русский 1,118815 0,002414
арктический 4,317488 0,004657
стол 1,832581 0,007908
рассмотреть 0,013423 0,000014
расположить 0,013423 0,000029
классический 1,752539 0,001891
версия 0,013423 0,000014
время 0,013423 0,000029
ниже 0,013423 0,000043
кнопка 0,013423 0,000014
россия 0,006689 0,000065
посмотреть 2,177422 0,002349
простой 1,272966 0,020598
горячий 1,966113 0,002121
мурманский 3,624341 0,003910
тег 0,190354 0,000205
десерт 2,525729 0,002725
зарегистрировать 0,013423 0,000014
готовить 1,966113 0,002121
ретро 5,010635 0,005405
подарок 2,931194 0,006324
ранее 0,013423 0,000014
подкаст 0,292136 0,000315
главный 0,013423 0,000014
проблема 0,013423 0,000014
данные 0,013423 0,000116
январь 1,040343 0,005611
кулинар 2,813411 0,003035
город 0,013423 0,000014
разблокировать 0,013423 0,000043
мода 3,912023 0,004220
италия 2,014903 0,002174
фотография 0,013423 0,000014
сайт 0,013423 0,000043
поле 0,013423 0,000116
час 0,013423 0,000029
чат 0,013423 0,000029
легко 1,791759 0,005799
полезный 0,143101 0,000154
новостеймолния 0,013423 0,000014
написать 0,013423 0,000014
галочка 0,013423 0,000014
заблокировать 0,013423 0,000029
перетащить 0,013423 0,000043
соглашаться 0,013423 0,000014
туризм 0,283247 0,006111
сначала 0,013423 0,000014
поддерживаетсяполучить 0,013423 0,000014
адрес 0,013423 0,000072
другой 0,013423 0,000043
соответствие 0,013423 0,000029
незабываемый 3,912023 0,004220
рождественский 3,218876 0,003472
унитарный 0,013423 0,000043
европа 1,455287 0,004710
показать 0,013423 0,000029
давать 0,013423 0,000029
мороз 3,218876 0,003472
отправка 0,013423 0,000014
загрузить 0,013423 0,000029
направление 0,013423 0,000014
телефон 0,013423 0,000014
пароль 0,013423 0,000159
редакция 0,013423 0,000043
удалить 0,013423 0,000058
период 1,118815 0,001207
оформить 3,064725 0,006612
праздник 1,427116 0,007697
вход 0,013423 0,000029
должный 0,013423 0,000014
описать 0,013423 0,000014
размещение 0,013423 0,000014
сколько 0,006689 0,000007
автор 0,013423 0,000014
старый 0,013423 0,000029
сообщение 0,013423 0,000203
лёгкий 2,120264 0,002287
происшествие 0,292136 0,000315
ёлка 3,401197 0,007338
подтвердить 0,013423 0,000014
полностью 2,014903 0,002174
совет 1,226446 0,002646
чехия 3,218876 0,003472
бутерброд 2,525729 0,005449
салатовновый 5,010635 0,005405
подтверждать 0,013423 0,000014
гаврилов 0,013423 0,000014
учредитель 0,013423 0,000014
удовольствие 3,912023 0,004220
тигр 4,317488 0,009315
рождество 3,401197 0,011007
авторизация 0,013423 0,000014
религия 0,283247 0,000306
рейтинг 0,006689 0,000007
форма 0,013423 0,000203
ссылка 0,013423 0,000058
коммуникация 0,013423 0,000014
минута 1,226446 0,002646
мой 0,013423 0,000072
культура 0,292136 0,000630
архив 0,190354 0,000205
помочь 0,013423 0,000014
скрыть 5,010635 0,005405
советский 2,371578 0,002558
статья 0,013423 0,000014
современный 2,813411 0,003035
салат 2,120264 0,020585
описание 0,013423 0,000014
процесс 0,013423 0,000014
оригинальный 2,238047 0,004829
организм 3,218876 0,003472
недвижимость 0,292136 0,000315
роскомнадзор 0,013423 0,000014
технология 0,013423 0,000029
эмилия 5,010635 0,005405
редактор 0,013423 0,000014
западный 2,813411 0,003035
контакт 0,013423 0,000014
христов 2,708050 0,005843
москва 0,006689 0,000029
воспользоваться 0,013423 0,000058
игрушка 3,912023 0,008440
тема 0,013423 0,000043
сервис 0,174353 0,000188
государственный 0,013423 0,000043
дискуссия 0,013423 0,000029
связанный 0,013423 0,000029
служба 0,006689 0,000007
риа 0,006689 0,000007
заметить 0,013423 0,000014
арктика 3,401197 0,003669
диета 3,912023 0,004220
милан 3,401197 0,003669
закуска 2,302585 0,002484
тоскана 5,010635 0,005405
закрытый 0,013423 0,000014
обращать 0,013423 0,000014
рекомендательный 0,013423 0,000014
далее 0,013423 0,000029
глинтвейн 3,912023 0,004220
разный 1,484275 0,001601
праздничный 2,238047 0,002414
рецептырецепт 1,875141 0,004046
новогодний 2,120264 0,057181
год 0,006689 0,000188
хотеть 0,006689 0,000007
открывать 0,013423 0,000029
кухня 1,576648 0,001701
перейти 0,013423 0,000014
международный 0,013423 0,000043
небанальный 5,010635 0,005405
согревать 4,317488 0,004657
варежка 3,064725 0,006612
рим 3,912023 0,004220
обращение 0,013423 0,000043
агентство 0,013423 0,000058
спецпроект 0,190354 0,000205
массовый 0,013423 0,000014
обработка 0,013423 0,000072
это 0,013423 0,000014
авторизоваться 0,013423 0,000029
еда 2,177422 0,035233
выбрать 0,013423 0,000043
сегодня 0,013423 0,000072
страна 1,139434 0,001229
новость 0,006689 0,000029
просить 0,013423 0,000014
новыесначала 0,013423 0,000014
зарегистрироваться 0,013423 0,000072
пожаловаться 0,006689 0,000007
войти 0,006689 0,000029
шапка 0,013423 0,000014
отправить 0,013423 0,000203
продолжить 0,006689 0,000007
решение 0,006689 0,000007
романие 5,010635 0,005405
ознакомить 0,013423 0,000014
необычный 2,014903 0,008694
венеция 5,010635 0,005405
вакансия 0,013423 0,000014
эл 0,013423 0,000014
мы 0,013423 0,000101
проставлять 0,013423 0,000014
радио 0,274437 0,000296
участие 0,006689 0,000007
аккаунт 0,013423 0,000072
экономика 0,292136 0,000315
защита 0,013423 0,000058
регистрация 0,013423 0,000072
обсуждение 0,013423 0,000029
разбогатеть 5,010635 0,005405
опечатка 0,013423 0,000014
использовать 0,013423 0,000014
почему 0,013423 0,000014
восстановление 0,013423 0,000072
онлайн 0,013423 0,000014
хороший 1,059392 0,004571
модный 3,912023 0,004220
почта 0,013423 0,000101
блокировка 0,013423 0,000058
рецепт 1,118815 0,059139
змея 2,708050 0,017528
осуществляться 0,013423 0,000014
вциома 4,317488 0,004657
история 1,139434 0,001229
вкусный 1,752539 0,005672
апрель 0,013423 0,000014
вконтакте 0,013423 0,000029
фамилия 0,013423 0,000014
закусокрецепт 2,708050 0,002921
логин 0,013423 0,000014
конфиденциальность 0,013423 0,000058
нарушение 0,013423 0,000043
навсегда 0,013423 0,000014
яндекс 0,013423 0,000029
минутрецепт 2,708050 0,005843
неаполь 5,010635 0,005405
действие 0,013423 0,000014
либо 0,013423 0,000014
напиток 2,371578 0,002558
федеральный 0,013423 0,000058
релиз 0,013423 0,000014
нажимать 0,013423 0,000014
назад 0,013423 0,000072
справка 1,791759 0,001933
тиффаня 3,064725 0,006612
список 0,013423 0,000014
ссср 3,218876 0,010417
желание 2,813411 0,003035
поиск 0,013423 0,000014
дед 3,912023 0,004220
пять 1,966113 0,002121
обязательный 0,013423 0,000101
ошибка 0,013423 0,000043
открыть 2,302585 0,002484
вопрос 0,006689 0,000029
мурманск 4,317488 0,004657
зубовский 0,013423 0,000029
попробовать 0,013423 0,000014
заполнение 0,013423 0,000101
заполнить 0,013423 0,000101
турист 3,218876 0,006945
внимание 0,013423 0,000014
принимать 0,013423 0,000014
ваш 0,013423 0,000232
общество 0,257045 0,000832
имя 0,013423 0,000072
впечатление 3,218876 0,010417
блюдо 1,609438 0,013889
детокс 5,010635 0,005405
выпуск 0,013423 0,000014
срок 0,013423 0,000029
основание 0,013423 0,000014
издание 0,013423 0,000014
оливье 3,218876 0,006945
бульвар 0,013423 0,000029
сетевой 0,013423 0,000014
надзор 0,013423 0,000014
подборка 4,317488 0,004657
кухнирецепт 2,612740 0,005637
использование 0,013423 0,000014
вновь 0,013423 0,000014
неделя 1,181994 0,001275
гастрономия 3,401197 0,011007
сменить 0,013423 0,000014
предприятие 0,013423 0,000043
способ 0,013423 0,000029
материал 0,013423 0,000130
символ 2,813411 0,006070
наука 0,283247 0,000306
участвовать 0,013423 0,000029
сообщить 0,013423 0,000014
обратный 0,013423 0,000101
продукт 0,135438 0,000877
произойти 0,013423 0,000014
европейский 1,791759 0,001933
быть 0,013423 0,000014
пошаговый 1,455287 0,003140
успешно 0,013423 0,000014
скриншот 0,013423 0,000043
