истечь 0,013423 0,000014
витамин 3,912023 0,003996
рф 1,181994 0,002415
лента 0,006689 0,000014
законный 0,013423 0,000014
приготовить 1,643339 0,011750
яйцо 1,966113 0,002008
новый 0,006689 0,000068
день 0,591795 0,001209
образ 2,066196 0,002111
завтрак 3,218876 0,009864
найти 0,013423 0,000014
письмо 0,013423 0,000027
сфера 0,013423 0,000014
электронный 0,013423 0,000014
спасибо 0,013423 0,000014
спорт 0,190354 0,000194
расширить 0,006689 0,000007
грузия 3,401197 0,003474
месяц 1,003302 0,001025
свидетельство 0,013423 0,000014
согласие 0,013423 0,000027
центр 0,166448 0,000170
комментирование 0,013423 0,000027
петербург 2,302585 0,002352
важный 1,297063 0,002650
сырник 5,010635 0,005118
доступ 0,013423 0,000027
блокироваться 0,013423 0,000014
миа 0,013423 0,000027
задать 0,013423 0,000014
ближний 3,064725 0,003130
александр 1,373049 0,001403
связаться 0,013423 0,000082
декабрь 0,985284 0,012077
майский 3,218876 0,003288
правило 0,013423 0,000069
сохранить 0,013423 0,000014
сладкий 2,302585 0,002352
г 0,013423 0,000027
морковкинэкономист 2,931194 0,005988
реклама 0,013423 0,000027
варить 2,371578 0,002422
фото 0,013423 0,000041
творог 3,401197 0,006948
политика 0,013423 0,000069
сметанный 5,010635 0,005118
связь 0,006689 0,000055
известный 2,066196 0,002111
применение 0,013423 0,000014
взаимодействие 0,013423 0,000027
о 0,013423 0,000014
санкт 2,525729 0,002580
зож 2,302585 0,002352
дать 0,013423 0,000027
пресс 0,013423 0,000027
согласный 0,013423 0,000041
персональный 0,013423 0,000110
кулинария 2,371578 0,019380
возможный 1,576648 0,003221
перетянуть 0,013423 0,000014
течение 0,013423 0,000014
смочь 0,006689 0,000007
использоваться 0,006689 0,000027
всмятку 5,010635 0,005118
суп 2,302585 0,002352
заготовить 3,624341 0,007404
пётр 2,238047 0,002286
сельдь 4,317488 0,004410
готовый 0,006689 0,000014
повар 2,238047 0,002286
дата 0,006689 0,000007
мир 0,223144 0,000228
сугроб 2,931194 0,005988
сочный 2,525729 0,002580
пройти 0,006689 0,000007
заголовок 0,013423 0,000027
шуба 3,912023 0,003996
одноклассник 0,013423 0,000027
недопустимый 0,013423 0,000014
информационный 0,013423 0,000055
вы 0,013423 0,000014
фио 0,013423 0,000014
восстановить 0,013423 0,000014
пожалуйста 0,013423 0,000014
русский 1,118815 0,004571
тонкий 2,612740 0,002669
картошка 2,813411 0,005748
стол 1,832581 0,003744
рассмотреть 0,013423 0,000014
мимоза 3,064725 0,006261
расположить 0,013423 0,000027
десертовпростый 3,912023 0,003996
классический 1,752539 0,008951
версия 0,013423 0,000014
время 0,013423 0,000027
ниже 0,013423 0,000041
растение 3,624341 0,007404
кнопка 0,013423 0,000014
россия 0,006689 0,000082
простой 1,272966 0,039008
тег 0,190354 0,000194
десерт 2,525729 0,007740
шашлыкаовощ 5,010635 0,005118
зарегистрировать 0,013423 0,000014
готовить 1,966113 0,006025
ранее 0,013423 0,000014
подкаст 0,292136 0,000298
главный 0,013423 0,000014
проблема 0,013423 0,000014
данные 0,013423 0,000110
январь 1,040343 0,004251
выпечка 2,612740 0,002669
кулинар 2,813411 0,002874
город 0,013423 0,000014
разблокировать 0,013423 0,000041
фотография 0,013423 0,000014
дмитрий 1,576648 0,003221
кондитер 3,401197 0,003474
сайт 0,013423 0,000041
поле 0,013423 0,000110
правильно 2,066196 0,002111
час 0,013423 0,000027
чат 0,013423 0,000027
похудение 3,624341 0,007404
легко 1,791759 0,003660
полезный 0,143101 0,000439
новостеймолния 0,013423 0,000014
написать 0,013423 0,000014
галочка 0,013423 0,000014
заблокировать 0,013423 0,000027
перетащить 0,013423 0,000041
научный 2,302585 0,004704
соглашаться 0,013423 0,000014
туризм 0,283247 0,002025
сотрудник 1,791759 0,003660
сначала 0,013423 0,000014
поддерживаетсяполучить 0,013423 0,000014
адрес 0,013423 0,000069
вред 2,445686 0,007494
родить 3,218876 0,003288
другой 0,013423 0,000041
соответствие 0,013423 0,000027
унитарный 0,013423 0,000041
давать 0,013423 0,000027
показать 0,013423 0,000014
отправка 0,013423 0,000014
загрузить 0,013423 0,000027
императрица 3,912023 0,003996
направление 0,013423 0,000014
телефон 0,013423 0,000014
пароль 0,013423 0,000151
редакция 0,013423 0,000041
спирулина 4,317488 0,008820
удалить 0,013423 0,000055
питание 2,302585 0,004704
период 1,118815 0,001143
закавказье 5,010635 0,005118
вход 0,013423 0,000027
должный 0,013423 0,000014
факт 2,302585 0,002352
описать 0,013423 0,000014
размещение 0,013423 0,000014
кефир 2,931194 0,002994
сколько 0,006689 0,000007
автор 0,013423 0,000014
старый 0,013423 0,000014
сообщение 0,013423 0,000192
польза 2,302585 0,009408
происшествие 0,292136 0,000298
крабовый 2,931194 0,002994
подтвердить 0,013423 0,000014
правительство 1,875141 0,003831
совет 1,226446 0,003758
интересный 2,177422 0,002224
бутерброд 2,525729 0,005160
подтверждать 0,013423 0,000014
царствовать 4,317488 0,004410
гаврилов 0,013423 0,000014
учредитель 0,013423 0,000014
гречневый 3,624341 0,003702
домашний 2,177422 0,002224
авторизация 0,013423 0,000014
религия 0,283247 0,000289
рейтинг 0,006689 0,000007
форма 0,013423 0,000178
последний 0,899761 0,000919
дом 1,514128 0,006186
ссылка 0,013423 0,000055
коммуникация 0,013423 0,000014
минута 1,226446 0,002506
шеф 2,238047 0,006858
мой 0,013423 0,000069
культура 0,292136 0,001194
архив 0,190354 0,000194
помочь 0,013423 0,000014
статья 0,013423 0,000014
кипяток 2,813411 0,005748
салат 2,120264 0,017326
повелевать 3,912023 0,003996
описание 0,013423 0,000014
процесс 0,013423 0,000014
мята 3,064725 0,006261
июль 1,609438 0,001644
недвижимость 0,292136 0,000298
курица 2,931194 0,002994
роскомнадзор 0,013423 0,000014
технология 0,013423 0,000027
редактор 0,013423 0,000014
мультиварка 3,912023 0,003996
мясо 2,445686 0,004996
духовка 2,708050 0,011065
контакт 0,013423 0,000014
москва 0,006689 0,000014
воспользоваться 0,013423 0,000055
тема 0,013423 0,000041
сервис 0,174353 0,000178
государственный 0,013423 0,000041
французски 3,624341 0,003702
дискуссия 0,013423 0,000027
ажурный 3,218876 0,006576
связанный 0,013423 0,000027
служба 0,006689 0,000007
риа 0,006689 0,000014
заметить 0,013423 0,000014
екатерина 2,445686 0,004996
здоровье 1,832581 0,001872
закрытый 0,013423 0,000014
сходить 2,931194 0,002994
обращать 0,013423 0,000014
рекомендательный 0,013423 0,000014
далее 0,013423 0,000027
шашлык 3,218876 0,006576
здоровый 3,624341 0,003702
рецептырецепт 1,875141 0,003831
год 0,006689 0,000068
новогодний 2,120264 0,010829
киноа 3,624341 0,007404
хотеть 0,006689 0,000007
открывать 0,013423 0,000027
кухня 1,576648 0,006442
перейти 0,013423 0,000014
международный 0,013423 0,000041
ведущий 2,120264 0,004331
варежка 3,064725 0,006261
обращение 0,013423 0,000041
май 1,643339 0,003357
агентство 0,013423 0,000055
блин 2,014903 0,008232
приготовление 1,484275 0,006064
это 0,013423 0,000041
спецпроект 0,190354 0,000194
массовый 0,013423 0,000014
обработка 0,013423 0,000069
вкус 1,752539 0,001790
авторизоваться 0,013423 0,000027
еда 2,177422 0,020017
выбрать 0,013423 0,000041
рассказать 0,933098 0,000953
сегодня 0,013423 0,000082
новость 0,006689 0,000041
просить 0,013423 0,000014
жизнь 1,714798 0,001752
новыесначала 0,013423 0,000014
зарегистрироваться 0,013423 0,000069
пожаловаться 0,006689 0,000007
сладкое 3,401197 0,003474
войти 0,006689 0,000027
шапка 0,013423 0,000014
отправить 0,013423 0,000192
овощ 2,120264 0,002166
продолжить 0,006689 0,000007
решение 0,006689 0,000007
водоросль 3,912023 0,007992
ознакомить 0,013423 0,000014
необычный 2,014903 0,006174
вакансия 0,013423 0,000014
эл 0,013423 0,000014
мы 0,013423 0,000096
проставлять 0,013423 0,000014
крем 3,624341 0,007404
радио 0,274437 0,000280
участие 0,006689 0,000007
аккаунт 0,013423 0,000069
экономика 0,292136 0,000298
защита 0,013423 0,000055
восток 2,612740 0,002669
регистрация 0,013423 0,000069
чиз 5,010635 0,005118
обсуждение 0,013423 0,000027
опечатка 0,013423 0,000014
использовать 0,013423 0,000014
почему 0,013423 0,000014
каждый 1,399717 0,001430
ряженка 5,010635 0,005118
восстановление 0,013423 0,000055
онлайн 0,013423 0,000014
хороший 1,059392 0,004328
почта 0,013423 0,000096
блокировка 0,013423 0,000055
рецепт 1,118815 0,076569
змея 2,708050 0,008298
осуществляться 0,013423 0,000014
история 1,139434 0,001164
вкусный 1,752539 0,001790
апрель 0,013423 0,000014
вконтакте 0,013423 0,000027
фамилия 0,013423 0,000014
закусокрецепт 2,708050 0,002766
логин 0,013423 0,000014
пушкин 4,317488 0,004410
конфиденциальность 0,013423 0,000055
нарушение 0,013423 0,000041
навсегда 0,013423 0,000014
яндекс 0,013423 0,000027
университет 1,919593 0,003922
хлеб 2,371578 0,007267
финансовый 1,714798 0,003503
минутрецепт 2,708050 0,005532
действие 0,013423 0,000014
либо 0,013423 0,000014
федеральный 0,013423 0,000055
релиз 0,013423 0,000014
нажимать 0,013423 0,000014
назад 0,013423 0,000069
справка 1,791759 0,001830
тиффаня 3,064725 0,006261
список 0,013423 0,000014
крупа 3,218876 0,006576
рецептыеда 5,010635 0,005118
поиск 0,013423 0,000014
рассыпчатый 5,010635 0,005118
обязательный 0,013423 0,000096
февраль 0,567984 0,002321
ошибка 0,013423 0,000041
вопрос 0,006689 0,000027
зубовский 0,013423 0,000027
попробовать 0,013423 0,000014
заполнение 0,013423 0,000096
заполнить 0,013423 0,000096
воздушный 3,064725 0,003130
десертоврецепт 3,401197 0,003474
внимание 0,013423 0,000014
принимать 0,013423 0,000014
пюре 3,064725 0,003130
ваш 0,013423 0,000219
общество 0,257045 0,000525
имя 0,013423 0,000069
свёкла 3,064725 0,003130
французский 2,445686 0,002498
молоко 2,445686 0,004996
консервы 3,064725 0,006261
блюдо 1,609438 0,004932
выпуск 0,013423 0,000014
срок 0,013423 0,000027
основание 0,013423 0,000014
издание 0,013423 0,000014
бульвар 0,013423 0,000027
сетевой 0,013423 0,000014
картофельный 3,401197 0,003474
надзор 0,013423 0,000014
зима 1,919593 0,003922
кухнирецепт 2,612740 0,002669
использование 0,013423 0,000014
вновь 0,013423 0,000014
неделя 1,181994 0,001207
самый 0,967584 0,000988
гастрономия 3,401197 0,003474
сменить 0,013423 0,000014
предприятие 0,013423 0,000041
способ 0,013423 0,000027
материал 0,013423 0,000123
символ 2,813411 0,002874
наука 0,283247 0,000289
участвовать 0,013423 0,000027
творожный 3,218876 0,003288
сообщить 0,013423 0,000014
обратный 0,013423 0,000096
продукт 0,135438 0,000968
произойти 0,013423 0,000014
быть 0,013423 0,000014
пошаговый 1,455287 0,011892
успешно 0,013423 0,000014
скриншот 0,013423 0,000041
