минпросвещение 5,010635 0,003613
лауреат 4,317488 0,001556
состоять 3,218876 0,001160
стандартный 3,218876 0,001160
рф 1,181994 0,001278
личный 2,177422 0,002355
формула 3,401197 0,001226
законный 0,013423 0,000005
девять 3,624341 0,001307
день 0,591795 0,001707
металл 4,317488 0,001556
найти 0,013423 0,000010
письмо 0,013423 0,000015
спасибо 0,013423 0,000005
повлиять 3,401197 0,001226
расширить 0,006689 0,000002
вуз 3,912023 0,001410
эффективный 3,401197 0,001226
делиться 3,401197 0,001226
согласие 0,013423 0,000010
центр 0,166448 0,000060
задание 5,010635 0,039738
заявление 2,066196 0,001490
встретить 2,813411 0,001014
связаться 0,013423 0,000029
декабрь 0,985284 0,000710
человек 1,118815 0,000403
вслух 5,010635 0,001806
вода 1,576648 0,000568
соответствовать 2,612740 0,001884
подробный 2,813411 0,001014
заведение 4,317488 0,003113
тестовый 3,218876 0,001160
реклама 0,013423 0,000010
содержание 2,931194 0,002113
фото 0,013423 0,000010
пункт 2,238047 0,000807
связь 0,006689 0,000024
липецкий 3,912023 0,001410
иностранный 2,177422 0,010204
документально 5,010635 0,001806
пробел 5,010635 0,001806
суд 1,791759 0,000646
положительный 3,912023 0,001410
балл 2,931194 0,038040
область 1,427116 0,000514
запах 3,912023 0,001410
устно 5,010635 0,003613
уезжать 5,010635 0,001806
инженерный 3,912023 0,001410
эксперимент 3,912023 0,007051
весь 1,021651 0,001473
пройти 0,006689 0,000007
заголовок 0,013423 0,000010
информационный 0,013423 0,000019
подготовиться 4,317488 0,001556
резервный 3,912023 0,005641
рассмотреть 0,013423 0,000005
расположить 0,013423 0,000010
проект 2,014903 0,001453
социальный 1,678431 0,001815
записывать 4,317488 0,001556
справочный 4,317488 0,001556
главный 0,013423 0,000015
проблема 0,013423 0,000010
подкаст 0,292136 0,000105
данные 0,013423 0,000044
развернуть 4,317488 0,003113
капиллярный 5,010635 0,001806
иной 2,238047 0,000807
также 1,139434 0,001643
ппэ 5,010635 0,001806
появиться 2,120264 0,001529
одобрить 3,624341 0,001307
фотография 0,013423 0,000005
дмитрий 1,576648 0,000568
прошлый 3,218876 0,001160
классный 3,912023 0,001410
снова 2,612740 0,000942
соглашаться 0,013423 0,000005
сначала 0,013423 0,000005
изменение 2,525729 0,012747
окончание 3,064725 0,002210
начать 1,966113 0,000709
кодификатор 5,010635 0,001806
однако 1,966113 0,001418
удалить 0,013423 0,000019
себя 2,445686 0,002645
субъект 3,064725 0,002210
предназначить 2,813411 0,001014
система 1,919593 0,002768
размещение 0,013423 0,000005
сколько 0,006689 0,000010
изменить 2,931194 0,003170
профильный 5,010635 0,001806
июнь 1,875141 0,010816
открываться 3,912023 0,002820
специальность 3,401197 0,003678
допускаться 5,010635 0,001806
химия 4,317488 0,021790
поддержка 2,445686 0,000882
один 1,098612 0,001980
дисциплина 3,624341 0,003920
иметь 1,544899 0,000557
пример 2,813411 0,003043
контролировать 3,064725 0,001105
мирошина 5,010635 0,003613
часть 1,373049 0,002475
практический 3,624341 0,001307
последний 0,899761 0,000649
класс 3,624341 0,023518
сторона 1,609438 0,001160
минута 1,226446 0,001768
некоторый 2,014903 0,002179
архив 0,190354 0,000069
частый 2,445686 0,000882
богодвид 3,218876 0,002321
заявить 1,272966 0,000459
ресурс 2,612740 0,000942
описание 0,013423 0,000005
процесс 0,013423 0,000010
июль 1,609438 0,002901
раскрытие 5,010635 0,001806
освобождение 2,708050 0,000976
удостоверять 3,401197 0,001226
надежда 2,302585 0,001660
логический 5,010635 0,001806
словарь 5,010635 0,001806
становиться 2,177422 0,000785
поступить 3,401197 0,006130
влиять 2,445686 0,002645
назначить 3,624341 0,001307
текст 3,401197 0,002452
являться 1,875141 0,002028
получать 2,238047 0,004841
проводиться 3,401197 0,001226
коснуться 4,317488 0,003113
единый 2,177422 0,002355
наоборот 3,401197 0,001226
длиться 4,317488 0,003113
навык 5,010635 0,003613
капустин 4,317488 0,003113
перейти 0,013423 0,000029
подготовка 2,177422 0,004710
калькулятор 3,624341 0,003920
решать 3,912023 0,001410
прямо 2,931194 0,001057
портал 2,931194 0,001057
нужно 1,455287 0,005771
техникум 4,317488 0,007782
счёт 2,014903 0,000726
медицинский 3,064725 0,001105
интерес 2,525729 0,001821
лабораторный 5,010635 0,001806
траектория 3,624341 0,001307
определиться 3,401197 0,001226
напряжение 5,010635 0,001806
оглавление 1,791759 0,000646
спецпроект 0,190354 0,000069
экспертный 4,317488 0,004669
закон 2,445686 0,000882
слово 1,514128 0,003821
удовлетворить 4,317488 0,001556
рост 2,708050 0,000976
предусмотреть 2,813411 0,001014
противный 4,317488 0,001556
спортсмен 3,218876 0,001160
комиссия 2,931194 0,004227
начинаться 2,813411 0,002028
взять 1,832581 0,001321
стоить 1,678431 0,001210
измерение 3,912023 0,001410
округлять 5,010635 0,001806
понятно 3,624341 0,001307
проблемный 4,317488 0,001556
средний 1,832581 0,001321
егэ 5,010635 0,005419
периодический 4,317488 0,001556
рособрнадзор 5,010635 0,007225
относиться 2,371578 0,000855
педагог 5,010635 0,003613
допустить 3,401197 0,001226
эл 0,013423 0,000005
уменьшиться 4,317488 0,001556
дзен 0,851752 0,000307
канал 3,064725 0,001105
почему 0,013423 0,000005
быстрый 1,714798 0,000618
добавить 1,514128 0,000546
относительно 4,317488 0,001556
вконтакте 0,013423 0,000010
логин 0,013423 0,000005
нововведение 4,317488 0,004669
нарушение 0,013423 0,000019
конфиденциальность 0,013423 0,000019
навсегда 0,013423 0,000005
сочинение 5,010635 0,012644
сокращение 3,624341 0,001307
общий 2,014903 0,002179
назад 0,013423 0,000024
болезнь 3,624341 0,002613
предыдущий 3,401197 0,001226
список 0,013423 0,000010
кабинет 2,813411 0,001014
институт 3,401197 0,001226
антисептик 5,010635 0,001806
идти 1,919593 0,001384
зубовский 0,013423 0,000010
уточнить 2,931194 0,002113
заполнить 0,013423 0,000034
собеседование 5,010635 0,001806
обществознание 5,010635 0,016257
аттестация 5,010635 0,014450
подключить 5,010635 0,001806
общество 0,257045 0,000093
профессиональный 2,612740 0,002826
угодный 4,317488 0,001556
французский 2,445686 0,000882
федерация 2,066196 0,000745
медиабанксдача 5,010635 0,001806
основание 0,013423 0,000005
издание 0,013423 0,000005
бульвар 0,013423 0,000010
сетевой 0,013423 0,000005
сдача 4,317488 0,020233
позволять 2,238047 0,003227
вновь 0,013423 0,000005
сменить 0,013423 0,000005
участвовать 0,013423 0,000015
подаваться 3,401197 0,001226
сообщить 0,013423 0,000005
ученик 4,317488 0,009338
быть 0,013423 0,000019
беседа 3,912023 0,001410
физкультура 5,010635 0,001806
пошаговый 1,455287 0,000525
скриншот 0,013423 0,000015
определение 3,218876 0,001160
истечь 0,013423 0,000005
отмечать 1,399717 0,002018
кряжевый 3,401197 0,002452
формулировка 5,010635 0,001806
диалог 4,317488 0,001556
перераспределение 3,912023 0,001410
линия 2,813411 0,001014
электронный 0,013423 0,000010
преподаватель 3,912023 0,001410
установить 2,302585 0,000830
спорт 0,190354 0,000069
лишний 2,931194 0,001057
перерыв 2,371578 0,000855
набрать 3,624341 0,005226
этот 1,514128 0,002183
четыре 2,302585 0,004150
питер 4,317488 0,003113
сентябрьский 5,010635 0,001806
выдаваться 3,912023 0,001410
оформлять 3,401197 0,001226
сохранить 0,013423 0,000010
основной 2,371578 0,008549
взаимодействие 0,013423 0,000010
основное 3,624341 0,002613
опасение 4,317488 0,003113
рассуждение 5,010635 0,001806
согласный 0,013423 0,000019
зачёт 5,010635 0,001806
перетянуть 0,013423 0,000005
немецкий 2,708050 0,000976
использоваться 0,006689 0,000002
рубеж 3,401197 0,001226
этикетка 5,010635 0,001806
многолетний 4,317488 0,001556
важно 2,120264 0,002293
фио 0,013423 0,000005
алгебра 5,010635 0,001806
пожалуйста 0,013423 0,000005
образование 2,708050 0,006834
российский 0,883501 0,000637
фис 5,010635 0,003613
паспорт 2,525729 0,000911
необходимо 1,791759 0,002584
выставить 5,010635 0,001806
монолог 5,010635 0,001806
экономический 2,302585 0,001660
версия 0,013423 0,000005
ниже 0,013423 0,000015
снижать 3,218876 0,001160
растворимость 5,010635 0,001806
исправить 3,624341 0,001307
тег 0,190354 0,000069
обычно 2,813411 0,001014
зарегистрировать 0,013423 0,000005
требование 1,832581 0,001321
поле 0,013423 0,000039
выполнение 2,612740 0,002826
увеличить 3,218876 0,001160
перетащить 0,013423 0,000015
экономить 5,010635 0,001806
положить 1,966113 0,002126
туризм 0,283247 0,000102
руководство 2,931194 0,001057
адрес 0,013423 0,000024
морковкин 3,912023 0,001410
соответствие 0,013423 0,000029
компьютер 3,064725 0,001105
работа 1,427116 0,003087
регламентироваться 3,912023 0,001410
ожидание 3,401197 0,001226
загрузить 0,013423 0,000010
критерий 3,624341 0,010452
направление 0,013423 0,000005
телефон 0,013423 0,000005
редакция 0,013423 0,000015
чёрный 2,238047 0,000807
запретить 2,708050 0,000976
перекус 3,064725 0,001105
определять 3,624341 0,001307
интерфейс 5,010635 0,001806
период 1,118815 0,004840
должный 0,013423 0,000024
оцениваться 5,010635 0,001806
автор 0,013423 0,000005
старый 0,013423 0,000005
сообщение 0,013423 0,000068
короткий 3,401197 0,001226
кроме 1,919593 0,001384
польза 2,302585 0,000830
происшествие 0,292136 0,000105
подход 2,708050 0,000976
внести 2,612740 0,000942
подавать 2,302585 0,000830
подтвердить 0,013423 0,000019
правительство 1,875141 0,002028
везде 5,010635 0,003613
оба 2,612740 0,000942
предмет 2,302585 0,041503
указывать 2,708050 0,000976
брать 2,445686 0,001763
публиковаться 3,401197 0,001226
обучаться 3,912023 0,001410
максимальный 2,371578 0,004275
культура 0,292136 0,000105
нормативный 3,624341 0,001307
процедура 2,813411 0,002028
статья 0,013423 0,000005
больница 2,931194 0,001057
захотеть 3,624341 0,002613
ограничение 2,813411 0,003043
плеханов 3,912023 0,001410
пересдать 5,010635 0,009031
редактор 0,013423 0,000010
ранний 2,612740 0,004709
фгуп 0,499776 0,000901
близкий 2,066196 0,000745
получить 0,985284 0,003907
контакт 0,013423 0,000005
язык 2,931194 0,033813
направить 2,371578 0,001710
письменный 3,401197 0,003678
менделеев 5,010635 0,001806
государственный 0,013423 0,000082
следить 2,612740 0,001884
поступать 3,401197 0,002452
тщательно 2,445686 0,000882
связанный 0,013423 0,000010
огэ 3,912023 0,118461
риа 0,006689 0,000036
закрытый 0,013423 0,000005
обстоятельство 5,010635 0,001806
обращать 0,013423 0,000005
право 2,066196 0,000745
год 0,006689 0,000082
максим 2,525729 0,001821
десятый 3,912023 0,001410
увеличение 3,064725 0,002210
международный 0,013423 0,000019
лечение 3,064725 0,001105
аттестационный 5,010635 0,001806
резкий 3,624341 0,001307
поэтому 2,014903 0,000726
методист 5,010635 0,001806
длительность 3,912023 0,004231
просвещение 5,010635 0,003613
краткий 3,912023 0,001410
май 1,643339 0,004739
агентство 0,013423 0,000019
сегодня 0,013423 0,000048
выпускник 4,317488 0,032685
пропустить 2,931194 0,001057
приниматься 3,624341 0,001307
просить 0,013423 0,000005
такой 1,098612 0,003168
руководитель 2,445686 0,001763
вместе 2,302585 0,000830
учёт 2,813411 0,002028
отдельно 3,218876 0,001160
шапка 0,013423 0,000005
отправить 0,013423 0,000068
прозрачный 3,912023 0,001410
запрос 2,813411 0,001014
продолжить 0,006689 0,000010
регион 1,919593 0,002076
пересдача 5,010635 0,019869
оптимальный 5,010635 0,003613
решение 0,006689 0,000012
рука 1,791759 0,000646
проходить 2,177422 0,004710
ознакомить 0,013423 0,000005
март 1,514128 0,001637
устный 4,317488 0,004669
включать 2,813411 0,001014
проставлять 0,013423 0,000005
аккаунт 0,013423 0,000024
экономика 0,292136 0,000105
состав 2,120264 0,000764
тот 1,576648 0,003410
обсуждение 0,013423 0,000010
протокол 5,010635 0,001806
уверенность 3,912023 0,001410
разрабатывать 5,010635 0,001806
организация 2,066196 0,002979
указать 2,708050 0,000976
содержать 2,931194 0,001057
почта 0,013423 0,000034
блокировка 0,013423 0,000019
история 1,139434 0,003697
три 2,120264 0,002293
таблица 3,401197 0,003678
фамилия 0,013423 0,000005
школа 2,813411 0,011156
светлана 2,813411 0,001014
яндекс 0,013423 0,000010
университет 1,919593 0,002076
повторять 3,912023 0,001410
принести 2,371578 0,000855
либо 0,013423 0,000005
нажимать 0,013423 0,000005
согласно 2,371578 0,002565
ксения 3,218876 0,002321
поиск 0,013423 0,000005
участник 1,752539 0,001895
объявление 3,624341 0,002613
алексей 1,966113 0,001418
условие 1,321756 0,000953
помогать 2,445686 0,000882
текстовый 3,912023 0,005641
отсутствовать 3,218876 0,001160
расписание 2,525729 0,010926
серьёзно 3,912023 0,001410
род 3,624341 0,001307
девятиклассник 5,010635 0,001806
прохождение 3,912023 0,002820
точность 3,624341 0,001307
оборудование 3,401197 0,001226
риск 2,813411 0,002028
логика 5,010635 0,001806
способ 0,013423 0,000010
высокий 2,238047 0,001614
доцент 2,708050 0,000976
продукт 0,135438 0,000049
второй 1,427116 0,000514
заранее 2,708050 0,000976
подача 2,120264 0,000764
специальный 1,514128 0,001092
новый 0,006689 0,000027
испанский 3,218876 0,001160
всероссийский 5,010635 0,001806
местный 2,708050 0,001952
петербург 2,302585 0,000830
менее 2,177422 0,002355
важный 1,297063 0,000468
касаться 2,371578 0,000855
доступ 0,013423 0,000010
пойти 2,708050 0,000976
миа 0,013423 0,000034
тренироваться 5,010635 0,001806
полный 1,678431 0,001210
задать 0,013423 0,000005
предложить 2,066196 0,001490
александр 1,373049 0,000990
мысль 3,912023 0,001410
г 0,013423 0,000015
политика 0,013423 0,000024
й 2,014903 0,001453
к 2,177422 0,000785
учётный 3,218876 0,001160
изложение 3,912023 0,004231
о 0,013423 0,000005
санкт 2,525729 0,000911
средство 2,120264 0,000764
течение 0,013423 0,000015
дополнительный 2,066196 0,005214
вариант 1,966113 0,001418
тратить 3,401197 0,001226
сила 1,455287 0,000525
мир 0,223144 0,000080
конкретный 3,218876 0,001160
итоговый 3,912023 0,011282
гигиена 5,010635 0,001806
русский 1,118815 0,009276
этап 2,931194 0,003170
планировать 2,612740 0,000942
небольшой 2,014903 0,001453
бывший 2,302585 0,000830
время 0,013423 0,000058
конец 1,643339 0,001185
кнопка 0,013423 0,000005
явиться 5,010635 0,001806
бутылка 4,317488 0,001556
гелевый 4,317488 0,001556
ранее 0,013423 0,000010
госуслуга 2,708050 0,001952
навигатор 2,931194 0,004227
город 0,013423 0,000010
получение 2,302585 0,002490
подать 2,238047 0,000807
разблокировать 0,013423 0,000015
час 0,013423 0,000034
чат 0,013423 0,000010
новостеймолния 0,013423 0,000005
написать 0,013423 0,000005
фактологический 5,010635 0,001806
вырасти 2,931194 0,003170
физика 4,317488 0,015564
экзаменатор 5,010635 0,001806
экзаменационный 5,010635 0,009031
показать 0,013423 0,000010
окончательный 3,912023 0,001410
отсутствие 2,014903 0,001453
основный 1,791759 0,003875
передумать 5,010635 0,001806
пароль 0,013423 0,000053
требоваться 2,708050 0,000976
хотя 2,371578 0,000855
дополнить 3,401197 0,001226
последствие 1,544899 0,001671
гуманитарный 3,218876 0,001160
порядок 1,832581 0,001982
ким 5,010635 0,012644
выражать 3,401197 0,001226
вход 0,013423 0,000015
читать 0,791128 0,000285
описать 0,013423 0,000005
равно 3,401197 0,002452
рекомендовать 2,371578 0,000855
цифровой 2,445686 0,000882
школьный 4,317488 0,004669
оценка 2,931194 0,008453
обязательно 2,931194 0,002113
снизить 2,931194 0,002113
госсовет 5,010635 0,001806
перенести 3,624341 0,001307
мера 1,875141 0,000676
подтверждать 0,013423 0,000010
гаврилов 0,013423 0,000005
учредитель 0,013423 0,000005
лишь 2,371578 0,001710
запачкать 5,010635 0,001806
высказывать 5,010635 0,001806
ссылка 0,013423 0,000019
коммуникация 0,013423 0,000005
инструкция 1,966113 0,000709
мой 0,013423 0,000024
помочь 0,013423 0,000005
указанный 2,931194 0,002113
середина 3,624341 0,002613
математик 4,317488 0,017121
разрабатываться 5,010635 0,001806
роскомнадзор 0,013423 0,000005
технология 0,013423 0,000010
испытание 3,401197 0,001226
остаться 1,919593 0,004152
прежний 3,912023 0,001410
комфортный 3,218876 0,001160
профессия 3,401197 0,006130
гэк 5,010635 0,001806
москва 0,006689 0,000014
воспользоваться 0,013423 0,000019
ожидаться 3,401197 0,001226
девятый 4,317488 0,003113
экзамен 4,317488 0,085603
гибкий 5,010635 0,001806
результат 1,714798 0,008036
опыт 2,931194 0,001057
далее 0,013423 0,000010
документ 2,371578 0,005130
логичность 5,010635 0,001806
атлас 5,010635 0,001806
чей 2,931194 0,002113
расчёт 2,708050 0,000976
хотеть 0,006689 0,000002
открывать 0,013423 0,000010
ерошевский 5,010635 0,007225
предстоять 3,401197 0,002452
программный 5,010635 0,001806
салфетка 3,401197 0,001226
аттестат 5,010635 0,036126
повторный 3,064725 0,001105
работать 1,966113 0,002835
обучение 3,401197 0,004904
возможно 2,708050 0,000976
паниковать 5,010635 0,001806
обращение 0,013423 0,000015
провести 1,919593 0,000692
это 0,013423 0,000044
массовый 0,013423 0,000005
обработка 0,013423 0,000024
большинство 2,612740 0,000942
качественно 4,317488 0,001556
код 3,218876 0,001160
распространять 4,317488 0,001556
два 1,514128 0,003821
ограничить 2,525729 0,000911
новость 0,006689 0,000041
математика 5,010635 0,018063
справиться 3,401197 0,001226
сентябрь 1,427116 0,006688
остальной 2,177422 0,003140
округление 5,010635 0,001806
зарегистрироваться 0,013423 0,000024
пожаловаться 0,006689 0,000002
квалифицировать 4,317488 0,001556
войти 0,006689 0,000010
старт 4,317488 0,001556
чтение 3,624341 0,001307
измениться 2,813411 0,003043
радио 0,274437 0,000099
защита 0,013423 0,000019
регистрация 0,013423 0,000029
переслать 5,010635 0,001806
минимум 2,371578 0,001710
тезис 5,010635 0,001806
изучение 4,317488 0,001556
особый 1,752539 0,000632
восстановление 0,013423 0,000019
арифметический 5,010635 0,003613
сосредоточиться 5,010635 0,001806
засчитываться 4,317488 0,001556
программа 1,919593 0,006920
уважительный 5,010635 0,009031
путин 1,373049 0,000495
действие 0,013423 0,000005
релиз 0,013423 0,000005
первый 0,883501 0,000637
разрешить 2,931194 0,001057
одинаковый 4,317488 0,001556
обязательный 0,013423 0,000063
рэу 3,912023 0,001410
ошибка 0,013423 0,000034
фипеть 5,010635 0,007225
вопрос 0,006689 0,000014
мишустин 3,624341 0,001307
отметка 3,912023 0,002820
орфографический 5,010635 0,001806
ваш 0,013423 0,000077
имя 0,013423 0,000029
ответ 1,791759 0,003875
мнение 2,238047 0,003227
ставить 3,218876 0,001160
рекомендация 2,708050 0,001952
срок 0,013423 0,000024
больший 2,014903 0,000726
личность 2,931194 0,002113
кто 2,014903 0,002905
дальнейший 2,813411 0,004057
предпочтение 2,708050 0,000976
использование 0,013423 0,000005
август 1,752539 0,000632
материал 0,013423 0,000063
соревнование 2,813411 0,002028
конкурс 3,401197 0,001226
досрочный 4,317488 0,015564
выбирать 2,014903 0,000726
карандаш 5,010635 0,001806
успешно 0,013423 0,000005
вывести 3,912023 0,001410
лента 0,006689 0,000005
архивный 1,347074 0,000486
нагрузка 3,912023 0,002820
литературоведческий 5,010635 0,001806
сфера 0,013423 0,000005
учитель 4,317488 0,003113
ах 3,912023 0,001410
ряд 2,612740 0,000942
проверка 2,708050 0,003905
оценивание 5,010635 0,003613
отечественный 3,912023 0,001410
мочь 1,399717 0,003028
заболеть 4,317488 0,001556
оборудовать 4,317488 0,001556
свидетельство 0,013423 0,000010
сам 1,875141 0,000676
проверяться 5,010635 0,001806
комментирование 0,013423 0,000010
запись 2,931194 0,001057
блокироваться 0,013423 0,000005
медсправка 5,010635 0,001806
совпадение 4,317488 0,001556
правило 0,013423 0,000077
министерство 1,966113 0,001418
сохранение 3,218876 0,001160
стресс 4,317488 0,001556
применение 0,013423 0,000005
дать 0,013423 0,000019
пресс 0,013423 0,000010
персональный 0,013423 0,000039
английский 4,317488 0,001556
действовать 2,445686 0,000882
возможный 1,576648 0,001137
аннулировать 5,010635 0,001806
минимальный 2,708050 0,011715
смочь 0,006689 0,000010
готовый 0,006689 0,000005
дата 0,006689 0,000024
снижение 3,624341 0,001307
важность 3,624341 0,001307
вернуться 2,445686 0,000882
публиковать 3,912023 0,002820
очередь 2,120264 0,000764
одноклассник 0,013423 0,000010
недопустимый 0,013423 0,000005
вы 0,013423 0,000005
восстановить 0,013423 0,000005
измерительный 5,010635 0,001806
выставляться 5,010635 0,001806
речь 2,813411 0,001014
липецк 5,010635 0,003613
порог 3,912023 0,001410
профессор 3,912023 0,002820
литература 4,317488 0,020233
узнать 2,014903 0,002179
россия 0,006689 0,000043
тест 2,445686 0,000882
существенно 4,317488 0,001556
сдать 3,912023 0,012692
простой 1,272966 0,000918
свой 0,867501 0,000938
образовательный 3,624341 0,006533
проведение 2,177422 0,004710
объём 2,445686 0,001763
грамотность 3,912023 0,004231
выборный 4,317488 0,004669
организоваться 4,317488 0,001556
уравнение 4,317488 0,001556
геометрия 4,317488 0,003113
сайт 0,013423 0,000019
колледж 3,912023 0,019743
полезный 0,143101 0,000052
галочка 0,013423 0,000005
факультет 4,317488 0,001556
биографический 5,010635 0,001806
файл 3,401197 0,003678
заблокировать 0,013423 0,000010
черновик 5,010635 0,001806
поддерживаетсяполучить 0,013423 0,000005
другой 0,013423 0,000024
унитарный 0,013423 0,000015
прийти 2,445686 0,000882
презентация 5,010635 0,001806
давать 0,013423 0,000034
рабочий 2,708050 0,003905
отправка 0,013423 0,000005
россииоснович 5,010635 0,001806
учебный 4,317488 0,007782
выдать 3,064725 0,002210
причина 2,066196 0,005214
контроль 2,371578 0,000855
неудовлетворительный 5,010635 0,005419
вид 1,399717 0,001514
ребёнок 1,514128 0,000546
попасть 2,708050 0,000976
освоить 5,010635 0,001806
путь 2,120264 0,003057
подчёркивать 2,813411 0,001014
обновить 0,985284 0,000355
недоставать 4,317488 0,001556
авторизация 0,013423 0,000005
религия 0,283247 0,000102
рейтинг 0,006689 0,000002
форма 0,013423 0,000063
переезд 5,010635 0,001806
среднее 2,445686 0,000882
показатель 2,931194 0,001057
медиабанкудостоверение 4,317488 0,001556
зависеть 2,066196 0,002235
даваться 3,912023 0,004231
любой 1,576648 0,000568
традиционно 2,612740 0,000942
отличаться 2,708050 0,000976
сопоставление 5,010635 0,001806
информатика 5,010635 0,025288
недвижимость 0,292136 0,000105
указание 3,912023 0,001410
граница 2,931194 0,001057
школьник 3,218876 0,012764
напоминать 3,064725 0,001105
литературный 5,010635 0,001806
робот 5,010635 0,001806
тема 0,013423 0,000029
объяснить 2,612740 0,000942
сервис 0,174353 0,000063
дискуссия 0,013423 0,000010
служба 0,006689 0,000002
заметить 0,013423 0,000005
приказ 3,401197 0,003678
заниматься 3,218876 0,001160
здоровье 1,832581 0,000661
технический 2,612740 0,002826
точный 3,624341 0,002613
влажный 5,010635 0,001806
рекомендательный 0,013423 0,000005
потренироваться 5,010635 0,001806
редактура 5,010635 0,001806
медиабанк 1,321756 0,000953
писатель 3,218876 0,001160
произведение 4,317488 0,003113
ручка 5,010635 0,003613
видакас 5,010635 0,001806
максимум 2,931194 0,002113
октябрь 1,714798 0,000618
управление 2,371578 0,001710
безопасность 1,919593 0,002076
решить 1,919593 0,001384
который 0,603916 0,003919
убрать 2,302585 0,000830
конфликтный 4,317488 0,001556
биология 4,317488 0,017121
например 1,714798 0,001855
знание 3,912023 0,008461
привести 2,371578 0,002565
авторизоваться 0,013423 0,000010
учиться 3,218876 0,010443
поступление 3,624341 0,007839
выбрать 0,013423 0,000029
рассказать 0,933098 0,000336
случай 1,643339 0,002370
строгий 3,624341 0,001307
новыесначала 0,013423 0,000005
нужный 1,643339 0,001185
создание 2,302585 0,000830
профвыбор 5,010635 0,001806
предоставить 2,066196 0,000745
сдавать 4,317488 0,032685
начало 1,643339 0,000592
государство 2,177422 0,000785
успешный 3,912023 0,004231
ведомство 3,218876 0,001160
вакансия 0,013423 0,000005
мы 0,013423 0,000034
география 4,317488 0,018677
чётко 3,624341 0,001307
участие 0,006689 0,000002
утверждать 2,302585 0,001660
корректировка 5,010635 0,001806
попытка 3,218876 0,003481
выбор 2,066196 0,007448
использовать 0,013423 0,000010
опечатка 0,013423 0,000005
каждый 1,399717 0,001514
досрочно 4,317488 0,001556
онлайн 0,013423 0,000005
демоверсия 5,010635 0,001806
педагогический 5,010635 0,001806
писать 1,752539 0,000632
осуществляться 0,013423 0,000005
обеспечение 2,612740 0,000942
раздел 2,525729 0,001821
апрель 0,013423 0,000024
количество 1,919593 0,002076
подписать 2,612740 0,000942
контрольный 5,010635 0,001806
уровень 2,014903 0,000726
усвоение 5,010635 0,001806
составить 2,931194 0,001057
финансовый 1,714798 0,001855
механизм 3,624341 0,001307
федеральный 0,013423 0,000024
продолжительность 3,401197 0,001226
формат 2,120264 0,011465
спецификация 5,010635 0,003613
справка 1,791759 0,001292
развитие 2,066196 0,000745
официальный 2,177422 0,004710
невозможно 2,525729 0,000911
понимать 2,708050 0,000976
попробовать 0,013423 0,000005
заполнение 0,013423 0,000034
внимание 0,013423 0,000005
принимать 0,013423 0,000019
россиясоциальный 5,010635 0,001806
возможность 1,752539 0,002527
устранить 5,010635 0,001806
занимать 2,525729 0,000911
выпуск 0,013423 0,000005
кафедра 4,317488 0,003113
апелляция 5,010635 0,009031
надзор 0,013423 0,000005
ввести 2,931194 0,001057
спо 5,010635 0,001806
сообщать 3,218876 0,001160
предприятие 0,013423 0,000015
наука 0,283247 0,000204
какой 1,399717 0,005046
упростить 3,401197 0,001226
линейка 5,010635 0,005419
сообщество 4,317488 0,001556
наличие 3,064725 0,001105
обратный 0,013423 0,000034
учреждение 3,401197 0,002452
произойти 0,013423 0,000015
проверить 2,302585 0,000830
источник 1,966113 0,002835
термин 4,317488 0,001556
