锌褉懈写褍屑邪褌褜 2,931194 0,001762
褋锌械褑懈邪谢褜薪褘泄 1,514128 0,062785
褉褎 1,181994 0,001421
蟹邪泻芯薪薪褘泄 0,013423 0,000008
屑懈褉械褋褕邪写芯薪斜邪褋褋写芯薪邪谢褜写 4,317488 0,002595
薪芯胁褘泄 0,006689 0,000028
写械薪褜 0,591795 0,000711
芯斜芯褉芯薪邪 2,066196 0,001242
锌褉芯屑褘褕谢械薪薪褘泄 3,912023 0,004702
薪邪泄褌懈 0,013423 0,000008
锌懈褋褜屑芯 0,013423 0,000016
褍懈褌泻芯褎褎写卸邪褉械写 4,317488 0,002595
褋锌邪褋懈斜芯 0,013423 0,000008
褉邪褋褕懈褉懈褌褜 0,006689 0,000004
褉械泻邪 3,624341 0,002178
褋芯谐谢邪褋懈械 0,013423 0,000016
褑械薪褌褉 0,166448 0,000200
褋褋 5,010635 0,003011
褍写邪褉 2,120264 0,001274
褋械胁械褉 3,064725 0,001842
胁邪卸薪褘泄 1,297063 0,002338
褋褍 3,624341 0,002178
写芯褋褌褍锌 0,013423 0,000016
屑懈邪 0,013423 0,000016
蟹邪褟胁谢械薪懈械 2,066196 0,007450
褍泻褉邪懈薪械胁 3,401197 0,012264
锌褉械写械谢 2,931194 0,001762
蟹邪写邪褌褜 0,013423 0,000008
泻芯薪褎谢懈泻褌 2,371578 0,001425
褋胁褟蟹邪褌褜褋褟 0,013423 0,000048
褔械谢芯胁械泻 1,118815 0,001345
锌褍褋褌褜 3,912023 0,002351
褍泻褉邪懈薪械褑 2,302585 0,002768
褍褉芯卸械薪械褑 5,010635 0,003011
谐 0,013423 0,000016
褉械泻谢邪屑邪 0,013423 0,000016
芯褌泻邪蟹邪褌褜褋褟 2,708050 0,001627
褎芯褌芯 0,013423 0,000008
锌芯谢懈褌懈泻邪 0,013423 0,000040
褋胁褟蟹褜 0,006689 0,000036
谐邪谢褍蟹懈薪懈谐芯褉褜 4,317488 0,002595
胁薪械蟹邪锌薪芯 4,317488 0,002595
谢械胁懈褌褌邪 5,010635 0,003011
胁蟹褉褘胁 2,813411 0,003382
屑邪泻褉芯薪 3,624341 0,004356
锌芯写褏芯写懈褌褜 2,445686 0,001470
芯 0,013423 0,000008
芯斜屑芯褉芯泻 5,010635 0,003011
谢芯胁褍褕泻邪 3,912023 0,002351
褋褉械写褋褌胁芯 2,120264 0,001274
褟写械褉薪褘泄 2,813411 0,001691
褍泻褉邪懈薪械芯斜褖械褋褌胁芯褉芯褋褋懈褟写屑懈褌褉懈泄 5,010635 0,003011
褌械褔械薪懈械 0,013423 0,000008
芯斜谢邪褋褌褜 1,427116 0,004288
褍泻褉邪懈薪械褉芯褋褋懈褟写屑懈褌褉懈泄 4,317488 0,005189
褋懈谢邪 1,455287 0,005247
屑懈褉 0,223144 0,000939
芯斜械褋锌械褔懈褌褜 2,120264 0,001274
蟹邪锌邪写 1,966113 0,017723
懈薪写懈褟 3,912023 0,002351
锌褉芯泄褌懈 0,006689 0,000004
褏褉邪薪懈谢懈褖械 4,317488 0,002595
蟹邪谐芯谢芯胁芯泻 0,013423 0,000016
褍屑 3,912023 0,002351
懈薪褎芯褉屑邪褑懈芯薪薪褘泄 0,013423 0,000032
褉褍褋褋泻懈泄 1,118815 0,002017
卸懈褌械谢褜 2,612740 0,001570
写械谢芯 1,249435 0,000751
褍屑械褉芯胁屑懈褉薪褘泄 4,317488 0,002595
褉邪褋褋屑芯褌褉械褌褜 0,013423 0,000008
褉邪褋锌芯谢芯卸懈褌褜 0,013423 0,000016
斜芯械褑 3,401197 0,006132
褌褑泻 4,317488 0,002595
胁褉械屑褟 0,013423 0,000008
泻薪芯锌泻邪 0,013423 0,000008
蟹邪斜褘褌褜 3,218876 0,001934
锌芯褋屑芯褌褉械褌褜 2,177422 0,001309
写薪械锌褉芯锌械褌褉芯胁褋泻 5,010635 0,003011
褍斜懈泄褋褌胁芯 3,064725 0,001842
锌褉懈褋谢邪褌褜 3,401197 0,002044
锌褉芯褌懈胁芯褉械褔懈胁褘泄 5,010635 0,003011
褉邪薪械械 0,013423 0,000008
锌褉芯斜谢械屑邪 0,013423 0,000016
褋懈褌褍邪褑懈褟 1,643339 0,001975
褌褉邪屑锌褍泻褉邪懈薪邪锌械褉械谐芯胁芯褉 4,317488 0,002595
锌芯写泻邪褋褌 0,292136 0,000176
谐谢邪胁薪褘泄 0,013423 0,000008
写邪薪薪褘械 0,013423 0,000073
褉械蟹泻芯 3,912023 0,004702
褎褉芯薪褌 3,064725 0,003684
褍泻褉邪懈薪械褍泻褉邪懈薪邪写薪械锌褉芯锌械褌褉芯胁褋泻写薪械锌褉 5,010635 0,003011
褍泻褉邪懈薪邪 1,160488 0,055095
谐芯褉芯写 0,013423 0,000016
褉邪蟹胁械写褔懈泻 3,624341 0,002178
褉邪蟹斜谢芯泻懈褉芯胁邪褌褜 0,013423 0,000024
褍泻褉邪懈薪褘褉芯写懈芯薪 5,010635 0,003011
锌芯写褉芯斜薪芯褋褌褜 4,317488 0,002595
褎芯褌芯谐褉邪褎懈褟 0,013423 0,000008
褉邪褋泻芯谢芯褌褜 2,525729 0,001518
褔邪褋 0,013423 0,000016
屑械写懈薪褋泻懈泄 2,612740 0,001570
褔邪褌 0,013423 0,000016
薪芯胁芯褋褌械泄屑芯谢薪懈褟 0,013423 0,000008
薪邪锌懈褋邪褌褜 0,013423 0,000008
锌褉懈泄褌懈褋褜 2,708050 0,001627
褋芯谐谢邪褕邪褌褜褋褟 0,013423 0,000008
褋薪邪褔邪谢邪 0,013423 0,000008
褌械褉褉懈褌芯褉懈褟 2,302585 0,002768
懈蟹屑械薪械薪懈械 2,525729 0,001518
胁褘褋褌褍锌懈褌褜 3,624341 0,010890
锌芯泻邪蟹邪褌褜 0,013423 0,000008
锌邪褉芯谢褜 0,013423 0,000089
蟹邪写邪褔邪 2,177422 0,001309
泻褉械屑谢褜 2,177422 0,002617
胁芯芯褉褍卸褢薪薪褘泄 2,014903 0,003633
胁芯芯褉褍卸懈褌褜 5,010635 0,003011
褍写邪谢懈褌褜 0,013423 0,000032
锌芯褋谢械写褋褌胁懈械 1,544899 0,001857
屑懈褉薪褘泄 2,525729 0,001518
胁褏芯写 0,013423 0,000016
屑懈褉械褍泻褉邪懈薪邪褉芯褋褋懈褟锌芯谢褜褕邪褍泻褉邪懈薪褋泻懈泄 5,010635 0,003011
芯锌懈褋邪褌褜 0,013423 0,000008
褉邪蟹屑械褖械薪懈械 0,013423 0,000008
褋泻芯谢褜泻芯 0,006689 0,000004
懈蟹屑械薪懈褌褜 2,931194 0,003523
谐械薪械褉邪谢 3,912023 0,002351
褌褉褍写芯褍褋褌褉芯泄褋褌胁芯 3,218876 0,003869
锌芯写写械褉卸泻邪 2,445686 0,002940
锌褍褋泻芯胁芯泄 4,317488 0,002595
褋褌懈褏懈泄薪褘泄 2,813411 0,001691
褍懈褌泻芯褎褎 3,401197 0,004088
褍泻褉邪懈薪械褉芯褋褋懈褟褍泻褉邪懈薪邪写屑懈褌褉懈泄 3,912023 0,002351
屑械褉邪 1,875141 0,002254
薪械薪邪写褢卸薪褘泄 5,010635 0,003011
锌芯写褌胁械褉卸写邪褌褜 0,013423 0,000008
褋芯谢写邪褌 3,912023 0,002351
屑械写懈薪褋泻懈泄褉褍褋褌械屑邪 4,317488 0,002595
谐邪胁褉懈谢芯胁 0,013423 0,000008
褍褔褉械写懈褌械谢褜 0,013423 0,000008
屑懈褉械谢懈褌胁邪胁芯芯褉褍卸械薪薪褘泄 5,010635 0,003011
褋褋褘谢泻邪 0,013423 0,000032
褋褌芯褉芯薪邪 1,609438 0,001934
泻芯屑屑褍薪懈泻邪褑懈褟 0,013423 0,000008
屑芯泄 0,013423 0,000040
褔械褔薪褟 4,317488 0,002595
芯斜褋褍写懈褌褜 3,401197 0,002044
锌芯屑芯褔褜 0,013423 0,000016
邪褉褏懈胁 0,190354 0,000114
懈蟹胁懈薪懈褌褜褋褟 5,010635 0,003011
蟹邪褟胁懈褌褜 1,272966 0,008415
泻芯谢褍屑斜懈泄褋泻懈泄 4,317488 0,002595
褋褕邪 1,118815 0,010758
芯锌懈褋邪薪懈械 0,013423 0,000008
锌褉芯褑械褋褋 0,013423 0,000008
锌芯褌械褉褟褌褜 2,525729 0,001518
泻芯褋褌褞泻芯胁 4,317488 0,002595
褍斜械谐邪褌褜 5,010635 0,003011
泻邪褉褌邪 2,612740 0,001570
褋芯泄褌懈 5,010635 0,003011
泻褉邪泄褉芯褋褋懈褟屑褔褋 5,010635 0,003011
薪邪褉邪斜芯褌泻邪 3,401197 0,004088
芯褋胁芯斜芯卸写械薪懈械 2,708050 0,001627
褉芯褋泻芯屑薪邪写蟹芯褉 0,013423 0,000008
褋邪谢褜写芯 5,010635 0,003011
褌械褏薪芯谢芯谐懈褟 0,013423 0,000016
泻芯薪褌褉邪褌邪泻邪 5,010635 0,003011
芯褋褌邪褌褜褋褟 1,919593 0,001154
褍泄褌懈 3,218876 0,001934
邪褉褌懈谢谢械褉懈褋褌 3,064725 0,001842
褋谢褍褔懈褌褜褋褟 3,218876 0,001934
锌褉械懈屑褍褖械褋褌胁芯 3,064725 0,001842
屑邪褋褕褌邪斜薪褘泄 3,624341 0,002178
褋谢芯屑邪褌褜 3,912023 0,002351
屑芯褋泻胁邪 0,006689 0,000008
锌褉懈褢屑 3,624341 0,002178
胁芯褋锌芯谢褜蟹芯胁邪褌褜褋褟 0,013423 0,000032
谐械薪懈邪谢褜薪褘泄 3,912023 0,002351
锌褉械写褍锌褉械卸写械薪懈械 3,912023 0,004702
褋屑械褉褌褜 2,612740 0,003140
斜芯泻芯屑 4,317488 0,002595
胁褝斜 5,010635 0,006022
写邪谢械械 0,013423 0,000016
芯锌邪褋薪芯褋褌褜 2,931194 0,003523
泻芯薪褎械褉械薪褑懈褟 3,401197 0,004088
褋懈谐薪邪谢 2,931194 0,001762
褍泻褉邪懈薪械褉芯褋褋懈褟械泻邪褌械褉懈薪斜褍褉谐写屑懈褌褉懈泄 5,010635 0,006022
褍褋懈谢懈械 3,218876 0,001934
芯斜屑邪薪褘胁邪褌褜 3,912023 0,002351
屑械褕邪褌褜 3,624341 0,002178
褉邪褋褔褢褌 2,708050 0,001627
蟹邪斜懈褌褜 2,931194 0,001762
褉邪蟹胁芯褉芯胁邪褌褜 5,010635 0,003011
褏芯褌械褌褜 0,006689 0,000012
芯褌泻褉褘胁邪褌褜 0,013423 0,000016
蟹芯薪邪 2,371578 0,005701
锌械褉械泄褌懈 0,013423 0,000008
邪褉屑懈褟 2,120264 0,005097
褍谐褉芯蟹邪 2,238047 0,001345
锌褉褟屑芯 2,931194 0,001762
泻褍褕薪械褉 3,401197 0,004088
斜锌薪褍褌褜 3,401197 0,010220
胁褔械褉邪 1,576648 0,006633
芯褌斜懈褌褜 3,912023 0,002351
斜械卸械薪泻邪 5,010635 0,003011
褉芯泻芯胁芯泄 5,010635 0,003011
芯斜褉邪褖械薪懈械 0,013423 0,000040
褋懈谢芯胁懈泻 4,317488 0,002595
锌褉芯胁械褋褌懈 1,919593 0,001154
谐褉褍锌锌邪 2,302585 0,001384
芯锌械褉邪褑懈褟 1,752539 0,074778
褍屑薪褘泄 2,708050 0,001627
褝褌芯 0,013423 0,000056
胁芯蟹芯斜薪芯胁谢械薪懈械 4,317488 0,002595
褋锌械褑锌褉芯械泻褌 0,190354 0,000114
屑邪褋褋芯胁褘泄 0,013423 0,000008
芯斜褉邪斜芯褌泻邪 0,013423 0,000040
锌褉芯谐褉械屑械褌褜 4,317488 0,005189
褍泻褉邪懈薪褋泻懈泄 1,576648 0,003790
褋谢芯胁芯 1,514128 0,001820
褉邪褋锌褘谢懈褌褜 5,010635 0,003011
写胁邪 1,514128 0,000910
写芯薪斜邪褋褋 2,612740 0,004710
泻邪谢谢邪褋锌邪胁械褌褜 3,624341 0,002178
胁械褌械褉邪薪 3,401197 0,002044
薪芯胁芯褋褌褜 0,006689 0,000020
谐邪蟹 2,612740 0,001570
锌褉懈胁谢械泻邪褌褜 3,624341 0,002178
薪邪褋褌褉芯懈褌褜 5,010635 0,003011
褋写械谢泻邪 3,064725 0,001842
褋褌芯懈褌褜 1,678431 0,001009
锌芯泻褍褕械薪懈械 3,624341 0,002178
褍泻褉邪懈薪褘褋械胁械褉薪褘泄 5,010635 0,003011
薪邪褋谢邪褌褜 2,445686 0,001470
泻邪褌邪褋褌褉芯褎邪 3,064725 0,007367
屑懈褏邪懈谢 2,525729 0,001518
卸懈蟹薪褜 1,714798 0,001031
褍薪懈褔褌芯卸懈褌褜 2,708050 0,004882
锌褉芯写胁懈谐邪褌褜 5,010635 0,003011
蟹邪褉械谐懈褋褌褉懈褉芯胁邪褌褜褋褟 0,013423 0,000040
锌芯卸邪谢芯胁邪褌褜褋褟 0,006689 0,000008
胁芯泄褌懈 0,006689 0,000016
蟹邪褏邪褉芯胁 2,813411 0,003382
薪邪褢屑薪懈泻 3,064725 0,001842
泻芯褌褢谢 5,010635 0,003011
褎懈薪谢褟薪写懈褟 2,931194 0,001762
斜褍褉褕褌褘薪 5,010635 0,003011
褋锌械褑芯锌械褉邪褑懈褟 2,445686 0,007349
芯褌褔邪褟薪薪褘泄 5,010635 0,003011
芯斜械褖邪褌褜 3,624341 0,002178
褋褍写褜斜邪 3,218876 0,001934
褝谢 0,013423 0,000008
褉邪写懈芯 0,274437 0,000165
蟹邪褖懈褌邪 0,013423 0,000040
褝薪械褉谐械褌懈褔械褋泻懈泄 2,371578 0,001425
懈蟹斜械卸邪薪懈械 4,317488 0,002595
褉械谐懈褋褌褉邪褑懈褟 0,013423 0,000040
写懈锌谢芯屑邪褌懈褟 3,401197 0,002044
锌芯褔械屑褍 0,013423 0,000008
胁芯褋褋褌邪薪芯胁谢械薪懈械 0,013423 0,000032
褋褍褏械褑泻懈泄 5,010635 0,003011
褌邪泄薪褘泄 3,064725 0,001842
谐芯褌芯胁懈褌褜褋褟 2,931194 0,001762
芯褌褉械邪谐懈褉芯胁邪褌褜 3,064725 0,003684
胁泻芯薪褌邪泻褌械 0,013423 0,000016
谢芯谐懈薪 0,013423 0,000008
泻芯薪褎懈写械薪褑懈邪谢褜薪芯褋褌褜 0,013423 0,000032
薪邪褉褍褕械薪懈械 0,013423 0,000024
薪邪胁褋械谐写邪 0,013423 0,000008
褋芯胁褎械写褟 5,010635 0,003011
谐邪谢懈褔懈薪邪 5,010635 0,003011
锌褍褌懈薪 1,373049 0,000825
写械泄褋褌胁懈械 0,013423 0,000024
褉械谢懈蟹 0,013423 0,000008
薪邪蟹邪写 0,013423 0,000040
屑械写胁械写械胁褋械褉谐械泄 4,317488 0,012973
薪芯褔褜 2,708050 0,001627
锌褉芯写芯谢卸邪褌褜 2,371578 0,001425
褍卸邪褋薪褍褌褜褋褟 5,010635 0,003011
锌械褉胁褘泄 0,883501 0,000531
褉邪蟹褉械褕懈褌褜 2,931194 0,001762
褋锌懈褋芯泻 0,013423 0,000008
锌械褉械谐芯胁芯褉褖懈泻 4,317488 0,002595
褋械写褜屑芯泄 3,912023 0,002351
懈褌芯谐 2,302585 0,001384
芯褋械薪褜 2,708050 0,001627
芯斜褟蟹邪褌械谢褜薪褘泄 0,013423 0,000056
褎械胁褉邪谢褜 0,567984 0,022187
芯褕懈斜泻邪 0,013423 0,000024
锌褉懈芯斜褉械褋褌懈 2,302585 0,002768
邪薪邪谢懈褌懈泻邪 2,177422 0,001309
胁芯锌褉芯褋 0,006689 0,000016
蟹褍斜芯胁褋泻懈泄 0,013423 0,000016
写械褉 5,010635 0,003011
懈谐褉邪 1,609438 0,000967
褋褍胁械褉械薪懈褌械褌 3,912023 0,002351
蟹邪锌芯谢薪懈褌褜 0,013423 0,000056
胁邪褕 0,013423 0,000129
芯斜褖械褋褌胁芯 0,257045 0,000154
懈屑褟 0,013423 0,000040
褋褉芯泻 0,013423 0,000024
褍斜懈褌褘泄 4,317488 0,002595
胁褘褋泻邪蟹邪褌褜褋褟 2,525729 0,007589
芯褋薪芯胁邪薪懈械 0,013423 0,000008
懈蟹写邪薪懈械 0,013423 0,000008
褍泻褉邪懈薪械芯斜褖械褋褌胁芯褉芯褋褋懈褟胁褝斜 5,010635 0,003011
斜褍谢褜胁邪褉 0,013423 0,000016
褋械褌械胁芯泄 0,013423 0,000008
褉邪褋泻褉褘褌褜 2,612740 0,007851
褋芯斜褘褌懈械 1,544899 0,001857
褉褍斜懈芯 3,218876 0,001934
懈褋锌芯谢褜蟹芯胁邪薪懈械 0,013423 0,000008
胁薪芯胁褜 0,013423 0,000008
斜邪薪写邪 2,525729 0,001518
褋屑械薪懈褌褜 0,013423 0,000008
锌褍褌懈薪薪邪褌芯胁芯芯褉褍卸械薪薪褘泄 5,010635 0,003011
屑邪褌械褉懈邪谢 0,013423 0,000081
褍褔邪褋褌胁芯胁邪褌褜 0,013423 0,000016
褋芯芯斜褖懈褌褜 0,013423 0,000024
锌芯谐褍斜懈褌褜 2,931194 0,001762
斜褘褌褜 0,013423 0,000008
褍褋锌械褕薪芯 0,013423 0,000008
蟹邪泻芯薪褔懈褌褜褋褟 3,401197 0,002044
褋泻褉懈薪褕芯褌 0,013423 0,000024
懈褋褌械褔褜 0,013423 0,000008
屑械写胁械写械胁褉芯褋褋懈褟 5,010635 0,003011
谢械薪褌邪 0,006689 0,000008
锌褉懈谐芯褌芯胁懈褌褜 1,643339 0,000988
胁褘谢械褌 4,317488 0,002595
写懈邪谢芯谐 4,317488 0,002595
褋褎械褉邪 0,013423 0,000008
褝谢械泻褌褉芯薪薪褘泄 0,013423 0,000008
芯写械褋褋邪 4,317488 0,002595
褋锌芯褉褌 0,190354 0,000114
褉邪蟹褉邪斜芯褌邪褌褜 3,401197 0,002044
屑芯褔褜 1,399717 0,000841
褋胁懈写械褌械谢褜褋褌胁芯 0,013423 0,000008
泻芯屑屑械薪褌懈褉芯胁邪薪懈械 0,013423 0,000016
屑褍褏芯斜芯泄泻邪 5,010635 0,003011
斜谢芯泻懈褉芯胁邪褌褜褋褟 0,013423 0,000008
泻褉邪褏 4,317488 0,002595
斜褍写邪薪芯胁 3,401197 0,002044
锌械褋泻芯胁泻邪泄褟 3,912023 0,002351
锌褉邪胁懈谢芯 0,013423 0,000040
褋芯褏褉邪薪懈褌褜 0,013423 0,000008
褉械泻芯褉写薪褘泄 5,010635 0,003011
屑懈薪懈褋褌械褉褋褌胁芯 1,966113 0,001182
泻褉邪泄 2,371578 0,001425
写懈胁懈蟹懈褟 5,010635 0,003011
褑邪褉懈褌褜 5,010635 0,003011
锌褉懈屑械薪械薪懈械 0,013423 0,000008
胁蟹邪懈屑芯写械泄褋褌胁懈械 0,013423 0,000016
写邪褌褜 0,013423 0,000016
锌褉懈蟹胁邪褌褜 2,525729 0,006071
锌褉械褋褋 0,013423 0,000016
褋芯谐谢邪褋薪褘泄 0,013423 0,000024
锌械褉褋芯薪邪谢褜薪褘泄 0,013423 0,000065
芯褉褍卸懈械 2,445686 0,001470
褋屑懈褉懈褌褜褋褟 4,317488 0,002595
写胁褍谢懈褔薪褘泄 5,010635 0,003011
锌械褉械褌褟薪褍褌褜 0,013423 0,000008
褌褉懈写褑邪褌褜 3,912023 0,002351
褋屑芯褔褜 0,006689 0,000004
懈褋锌芯谢褜蟹芯胁邪褌褜褋褟 0,006689 0,000012
卸械薪褖懈薪邪 1,832581 0,001101
懈薪褌械褉邪泻褌懈胁薪褘泄 2,931194 0,001762
蟹邪谐薪邪褌褜 3,401197 0,002044
懈薪胁邪谢懈写 3,218876 0,001934
谐芯褌芯胁褘泄 0,006689 0,000008
胁褋 3,218876 0,003869
写邪褌邪 0,006689 0,000004
胁械褉薪褍褌褜褋褟 2,445686 0,001470
胁邪卸薪芯褋褌褜 3,624341 0,002178
褉械褕懈褌褜褋褟 4,317488 0,002595
褕褌褍褉屑芯胁懈泻 5,010635 0,006022
芯写薪芯泻谢邪褋褋薪懈泻 0,013423 0,000016
薪械写芯锌褍褋褌懈屑褘泄 0,013423 0,000008
泻邪蟹褍褋 5,010635 0,003011
胁褘 0,013423 0,000008
褎懈芯 0,013423 0,000008
胁芯褋褋褌邪薪芯胁懈褌褜 0,013423 0,000008
锌芯卸邪谢褍泄褋褌邪 0,013423 0,000008
芯斜褉邪蟹芯胁邪薪懈械 2,708050 0,001627
褋胁芯 1,919593 0,014997
褉芯褋褋懈泄褋泻懈泄 0,883501 0,001593
屑械写胁械写械胁褉芯褋褋懈褟械泻邪褌械褉懈薪斜褍褉谐械写懈薪褘泄 5,010635 0,003011
泻褉邪褋薪芯写邪褉褋泻懈泄 3,218876 0,001934
锌褉芯褋褌芯 1,714798 0,001031
胁械褉褋懈褟 0,013423 0,000008
薪懈卸械 0,013423 0,000024
邪褉褌芯褉褍写懈械 5,010635 0,003011
褉芯褋褋懈褟 0,006689 0,000173
懈褋锌褍谐邪褌褜褋褟 4,317488 0,002595
褌械谐 0,190354 0,000114
蟹邪褉械谐懈褋褌褉懈褉芯胁邪褌褜 0,013423 0,000008
褌褉械胁芯卸薪褘泄 3,912023 0,002351
褌褉械斜芯胁邪薪懈械 1,832581 0,002203
褏械褉褋芯薪 4,317488 0,002595
褋褌懈谢谢邪胁懈薪械写懈薪褘泄 4,317488 0,012973
锌谢械薪 4,317488 0,002595
薪邪蟹胁邪褌褜 1,347074 0,002429
胁褘褋褌褉械谢懈褌褜 4,317488 0,002595
褔褢褌泻懈泄 3,218876 0,001934
锌褉械写褍锌褉械卸写邪褌褜 3,401197 0,002044
褋邪泄褌 0,013423 0,000024
锌芯谢械 0,013423 0,000065
懈褋褌械褉懈泻邪 2,813411 0,001691
锌芯谢械蟹薪褘泄 0,143101 0,000086
谐邪谢芯褔泻邪 0,013423 0,000008
褋谢芯卸薪褘泄 1,966113 0,002363
屑褞薪褏械薪 4,317488 0,005189
谐械褉邪褋懈屑芯胁褏械褉褋芯薪褋泻懈泄 5,010635 0,003011
蟹邪斜谢芯泻懈褉芯胁邪褌褜 0,013423 0,000016
锌械褉械褌邪褖懈褌褜 0,013423 0,000024
褍写邪褉懈褌褜 3,912023 0,002351
锌械褉械锌芯谢芯褏 5,010635 0,003011
褋褌芯屑邪褌芯谢芯谐 4,317488 0,002595
褌褍褉懈蟹屑 0,283247 0,000170
褋芯褌褉褍写薪懈泻 1,791759 0,001077
锌芯写写械褉卸懈胁邪械褌褋褟锌芯谢褍褔懈褌褜 0,013423 0,000008
邪写褉械褋 0,013423 0,000040
蟹械谢械薪褋泻懈泄 1,875141 0,012396
写褉褍谐芯泄 0,013423 0,000032
褋芯芯褌胁械褌褋褌胁懈械 0,013423 0,000016
褍薪懈褌邪褉薪褘泄 0,013423 0,000024
械胁褉芯锌邪 1,455287 0,001749
写邪胁邪褌褜 0,013423 0,000016
褉邪斜芯褔懈泄 2,708050 0,001627
芯褌锌褉邪胁泻邪 0,013423 0,000008
锌械褉械写邪褔邪 3,064725 0,001842
褔械褉褌邪 4,317488 0,002595
泻谢懈褔泻芯 5,010635 0,003011
蟹邪谐褉褍蟹懈褌褜 0,013423 0,000016
泻邪褌懈褌褜褋褟 5,010635 0,003011
薪邪锌褉邪胁谢械薪懈械 0,013423 0,000008
褌械谢械褎芯薪 0,013423 0,000008
褉械写邪泻褑懈褟 0,013423 0,000024
薪邪谢褢褌 4,317488 0,002595
褍泻褉邪懈薪械斜械蟹芯锌邪褋薪芯褋褌褜泻褉邪褋薪芯写邪褉褋泻懈泄 5,010635 0,003011
械褉 3,401197 0,002044
械褋 2,445686 0,004409
褋芯锌褉芯褌懈胁谢械薪懈械 5,010635 0,003011
褉邪褋泻芯锌泻邪 4,317488 0,002595
写芯谢卸薪褘泄 0,013423 0,000008
写褉芯薪 2,931194 0,003523
邪胁褌芯褉 0,013423 0,000008
褋褌邪褉褘泄 0,013423 0,000008
褋芯芯斜褖械薪懈械 0,013423 0,000113
胁懈写 1,399717 0,000841
锌芯褋锌芯褉懈褌褜 4,317488 0,002595
胁芯泄褋泻芯 3,064725 0,001842
锌芯谢褜蟹邪 2,302585 0,001384
褉械斜褢薪芯泻 1,514128 0,001820
锌褉芯懈褋褕械褋褌胁懈械 0,292136 0,000176
锌芯写褌胁械褉写懈褌褜 0,013423 0,000008
写胁懈谐邪褌褜褋褟 4,317488 0,002595
锌芯褉邪卸械薪懈械 3,218876 0,001934
芯邪褝 4,317488 0,002595
写胁褍褏褔邪褋芯胁芯泄 5,010635 0,003011
芯斜薪芯胁懈褌褜 0,985284 0,000592
锌芯谢褟泻 3,624341 0,002178
锌芯谢芯卸械薪懈械 2,612740 0,001570
锌褉芯谐褉械褋褋 2,813411 0,001691
邪胁褌芯褉懈蟹邪褑懈褟 0,013423 0,000008
褉械谢懈谐懈褟 0,283247 0,000170
褉械泄褌懈薪谐 0,006689 0,000004
褎芯褉屑邪 0,013423 0,000097
写芯屑 1,514128 0,000910
蟹邪褉褍斜懈薪械胁褉芯褋芯褞蟹胁褘泄 3,912023 0,002351
泻褍谢褜褌褍褉邪 0,292136 0,000176
胁泻褋 5,010635 0,003011
屑懈褉械褍泻褉邪懈薪邪褉芯褋褋懈褟褕胁械褑懈褟胁谢邪写懈屑懈褉 5,010635 0,003011
泻芯屑锌械褌械薪褑懈褟 3,218876 0,003869
锌芯褌芯泻 3,064725 0,001842
褋褍屑褋泻懈泄 5,010635 0,003011
薪邪褌芯 2,612740 0,006281
褋褌邪褌褜褟 0,013423 0,000008
锌芯蟹懈褑懈褟 2,708050 0,001627
屑芯斜懈谢懈蟹芯胁邪褌褜 3,912023 0,004702
屑械写胁械写械胁 2,612740 0,020412
谐褉邪卸写邪薪褋泻懈泄 2,371578 0,002850
泻邪谢谢邪褋 2,612740 0,003140
锌褉芯屑褘褕谢械薪薪芯褋褌褜 2,813411 0,001691
薪械写胁懈卸懈屑芯褋褌褜 0,292136 0,000176
褍泻褉邪懈薪械褉芯褋褋懈褟械泻邪褌械褉懈薪斜褍褉谐械写懈薪褘泄 5,010635 0,003011
褉械写邪泻褌芯褉 0,013423 0,000008
褉邪泻械褌褔懈泻 2,931194 0,001762
锌芯谢褍褔懈褌褜 0,985284 0,000592
褋芯褋褉械写芯褌芯褔懈褌褜 5,010635 0,003011
泻芯薪褌邪泻褌 0,013423 0,000008
褎芯薪 3,218876 0,003869
懈褋泻谢褞褔懈褌械谢褜薪芯 2,708050 0,003255
蟹懈屑芯泄 2,813411 0,001691
屑懈薪褋泻懈泄 3,624341 0,002178
锌谢邪薪 1,678431 0,004035
写芯谢谢邪褉 2,708050 0,003255
谢懈泻胁懈写邪褑懈褟 2,813411 0,001691
褌械屑邪 0,013423 0,000024
褋械褉胁懈褋 0,174353 0,000105
谐芯褋褍写邪褉褋褌胁械薪薪褘泄 0,013423 0,000024
邪胁褌芯斜褍褋 4,317488 0,002595
写懈褋泻褍褋褋懈褟 0,013423 0,000016
锌褉械写谢芯卸械薪懈械 2,612740 0,001570
芯泻芯薪褎褍蟹懈褌褜褋褟 5,010635 0,003011
褋写械谢邪褌褜 1,226446 0,005159
褋褌懈胁 3,401197 0,002044
褋胁褟蟹邪薪薪褘泄 0,013423 0,000016
泻邪写褘褉芯胁 5,010635 0,003011
褋谢褍卸斜邪 0,006689 0,000004
褉懈邪 0,006689 0,000008
蟹邪屑械褌懈褌褜 0,013423 0,000008
斜械写褋褌胁懈械 2,813411 0,001691
蟹邪泻褉褘褌褘泄 0,013423 0,000008
芯斜褉邪褖邪褌褜 0,013423 0,000008
谐芯褉褞褔械械 4,317488 0,002595
褉械泻芯屑械薪写邪褌械谢褜薪褘泄 0,013423 0,000008
褋械褉懈褟 2,302585 0,001384
斜械谢褘泄 2,371578 0,001425
锌械褉械谐芯胁芯褉褘 1,875141 0,012396
锌芯胁褋褌邪薪褔械褋泻懈泄 4,317488 0,002595
谐芯写 0,006689 0,000004
懈褋褌芯褖懈褌褜 5,010635 0,003011
褋锌邪褋褌懈 2,238047 0,001345
屑械卸写褍薪邪褉芯写薪褘泄 0,013423 0,000024
芯锌褉芯胁械褉谐薪褍褌褜 5,010635 0,003011
蟹邪斜芯褌邪 3,401197 0,002044
褉械蟹泻懈泄 3,624341 0,002178
褉芯褋褋懈褟斜械蟹芯锌邪褋薪芯褋褌褜 5,010635 0,003011
褉械褕懈褌褜 1,919593 0,002307
褌褉邪屑锌 1,544899 0,004642
谐械薪褕褌邪斜 4,317488 0,002595
写械谢械谐邪褑懈褟 2,708050 0,001627
泻褉褍锌薪褘泄 2,120264 0,001274
邪谐械薪褌褋褌胁芯 0,013423 0,000032
锌褉懈斜谢懈卸邪褌褜 3,218876 0,003869
锌芯斜械写邪 2,066196 0,001242
芯褌斜懈胁邪褌褜褋褟 5,010635 0,003011
褔褉械蟹胁褘褔邪泄薪褘泄 2,931194 0,001762
邪胁褌芯褉懈蟹芯胁邪褌褜褋褟 0,013423 0,000016
褍薪懈褔褌芯卸邪褌褜 3,218876 0,001934
胁褘斜褉邪褌褜 0,013423 0,000024
褉邪褋褋泻邪蟹邪褌褜 0,933098 0,008411
褋械谐芯写薪褟 0,013423 0,000040
胁械褋薪邪 3,218876 0,001934
锌褉芯锌褍褋褌懈褌褜 2,931194 0,001762
锌褉芯褋懈褌褜 0,013423 0,000008
褋芯蟹写邪褌褜 1,875141 0,003381
薪邪褏芯写懈褌褜 5,010635 0,003011
斜懈褌胁邪 2,708050 0,003255
褍泻褉邪懈薪械斜械蟹芯锌邪褋薪芯褋褌褜褉芯褋褋懈褟写屑懈褌褉懈泄 4,317488 0,005189
褋锌邪褋邪褌褜褋褟 5,010635 0,003011
薪芯胁褘械褋薪邪褔邪谢邪 0,013423 0,000008
谐褉邪薪褜 3,624341 0,002178
薪械芯卸懈写邪薪薪褘泄 4,317488 0,007784
屑械褋褌芯 1,272966 0,001530
褕邪锌泻邪 0,013423 0,000008
芯褌锌褉邪胁懈褌褜 0,013423 0,000113
锌褉芯写芯谢卸懈褌褜 0,006689 0,000004
褉械褕械薪懈械 0,006689 0,000012
褋芯斜懈褉邪褌褜褋褟 2,813411 0,001691
斜械褋锌懈谢芯褌薪褘泄 3,912023 0,002351
芯蟹薪邪泻芯屑懈褌褜 0,013423 0,000008
褉邪写懈 3,912023 0,002351
褕懈褉芯泻懈泄 3,064725 0,003684
胁芯械薪薪褘泄 1,514128 0,062785
胁邪泻邪薪褋懈褟 0,013423 0,000008
屑褘 0,013423 0,000056
锌褉芯褋褌邪胁谢褟褌褜 0,013423 0,000008
褍泻褉邪懈薪械泻懈褉懈谢谢 4,317488 0,002595
褍褔邪褋褌懈械 0,006689 0,000008
褍褌胁械褉卸写邪褌褜 2,302585 0,001384
邪泻泻邪褍薪褌 0,013423 0,000040
褋褘褉褋泻懈泄 5,010635 0,003011
褝泻芯薪芯屑懈泻邪 0,292136 0,000176
写芯褋褌懈谐薪褍褌褜 2,612740 0,001570
芯斜褋褍卸写械薪懈械 0,013423 0,000016
芯锌械褔邪褌泻邪 0,013423 0,000008
懈褋锌芯谢褜蟹芯胁邪褌褜 0,013423 0,000008
薪邪写褢卸薪褘泄 2,813411 0,001691
褋芯谐谢邪褕械薪懈械 3,064725 0,001842
芯薪谢邪泄薪 0,013423 0,000008
褔械褉薪懈谐芯胁褋泻懈泄 4,317488 0,002595
锌芯褔褌邪 0,013423 0,000056
斜谢芯泻懈褉芯胁泻邪 0,013423 0,000032
锌褉芯泻芯屑屑械薪褌懈褉芯胁邪褌褜 2,371578 0,001425
褍卸邪褋 3,912023 0,002351
锌懈褋邪褌褜 1,752539 0,001053
褍泻褉邪懈薪械写屑懈褌褉懈泄 5,010635 0,006022
芯褋褍褖械褋褌胁谢褟褌褜褋褟 0,013423 0,000008
胁褘蟹胁邪褌褜 2,371578 0,001425
褍褉邪谢褜褋泻懈泄 3,401197 0,002044
泻懈械胁 1,832581 0,006608
邪锌褉械谢褜 0,013423 0,000008
褎邪屑懈谢懈褟 0,013423 0,000008
褕芯泻懈褉芯胁邪褌褜 5,010635 0,003011
泻芯谢懈褔械褋褌胁芯 1,919593 0,001154
褟薪写械泻褋 0,013423 0,000016
蟹邪泻谢褞褔械薪懈械 3,064725 0,001842
谢懈斜芯 0,013423 0,000008
褎械写械褉邪谢褜薪褘泄 0,013423 0,000032
薪邪卸懈屑邪褌褜 0,013423 0,000008
屑懈褉械褏械褉褋芯薪褉芯褋褋懈褟胁邪谢械褉懈褟 5,010635 0,003011
褌褉械褌褜 3,064725 0,001842
褉邪蟹胁懈褌懈械 2,066196 0,001242
褌褘褋褟褔邪 1,919593 0,003461
蟹邪胁械褉褕械薪懈械 2,708050 0,001627
褋械屑褜褟 2,014903 0,001211
锌芯懈褋泻 0,013423 0,000008
锌谢芯褖邪写泻邪 3,064725 0,001842
褌褉械胁芯谐邪 4,317488 0,002595
褉芯褋褋懈褟芯斜褖械褋褌胁芯 4,317488 0,007784
胁褋褍 2,238047 0,016140
褉械褕邪褞褖懈泄 5,010635 0,006022
褎芯褉褍屑 3,218876 0,001934
芯褌泻褉褘褌褜褋褟 2,708050 0,001627
谢邪谐械褉褜 2,612740 0,001570
褋谢邪褌褜 5,010635 0,003011
屑褞薪褏械薪褋泻懈泄 3,401197 0,002044
锌芯锌褉芯斜芯胁邪褌褜 0,013423 0,000008
蟹邪锌芯谢薪械薪懈械 0,013423 0,000056
褍褔邪褋褌薪懈泻 1,752539 0,005266
胁薪懈屑邪薪懈械 0,013423 0,000008
锌褉懈薪懈屑邪褌褜 0,013423 0,000008
锌芯写褉邪蟹薪懈褌褜 5,010635 0,003011
卸械薪械胁邪 2,238047 0,004035
芯斜褗褟胁懈褌褜 2,525729 0,001518
胁芯蟹屑芯卸薪芯褋褌褜 1,752539 0,001053
胁褋褌褉械褔邪 1,832581 0,002203
谢褟泄械薪邪 5,010635 0,003011
锌谢芯褏芯泄 2,708050 0,001627
胁褘锌褍褋泻 0,013423 0,000008
邪谢械泻褋械械胁 4,317488 0,002595
屑懈褉芯褕薪懈泻薪褍褌褜 5,010635 0,003011
芯锌邪褋薪褘泄 3,401197 0,002044
锌褉懈薪褟褌褜 1,791759 0,001077
薪邪写蟹芯褉 0,013423 0,000008
芯褔械薪褜 1,678431 0,001009
褍锌邪褋褌褜 3,624341 0,002178
锌褉械写锌褉懈褟褌懈械 0,013423 0,000032
褋锌芯褋芯斜 0,013423 0,000016
褝褋泻邪谢邪褑懈褟 4,317488 0,002595
薪邪褍泻邪 0,283247 0,000170
芯斜褉邪褌薪褘泄 0,013423 0,000056
胁褘斜芯褉褘 3,401197 0,002044
锌褉芯懈蟹芯泄褌懈 0,013423 0,000016
锌褉芯写褍泻褌 0,135438 0,000081
邪泻褌懈胁薪芯 3,064725 0,001842
屑械写胁械写械胁械写懈薪褘泄 5,010635 0,006022
