подача 2,120264 0,004738
истечь 0,013423 0,000015
налить 3,218876 0,007193
лента 0,006689 0,000015
законный 0,013423 0,000015
яйцо 1,966113 0,010984
новый 0,006689 0,000015
день 0,591795 0,001322
пучок 3,624341 0,016198
найти 0,013423 0,000015
текстура 3,064725 0,003424
письмо 0,013423 0,000030
сфера 0,013423 0,000015
электронный 0,013423 0,000015
спасибо 0,013423 0,000015
расширить 0,006689 0,000007
свидетельство 0,013423 0,000015
согласие 0,013423 0,000030
комментирование 0,013423 0,000030
интеллект 3,624341 0,004050
доступ 0,013423 0,000030
блокироваться 0,013423 0,000015
миа 0,013423 0,000045
вкрутую 3,401197 0,007600
задать 0,013423 0,000015
связаться 0,013423 0,000090
готовность 2,238047 0,005001
вода 1,576648 0,029948
правило 0,013423 0,000075
сохранить 0,013423 0,000015
г 0,013423 0,000135
реклама 0,013423 0,000015
фото 0,013423 0,000015
политика 0,013423 0,000060
связь 0,006689 0,000060
л 2,525729 0,005644
применение 0,013423 0,000015
взаимодействие 0,013423 0,000030
подходить 2,445686 0,005465
о 0,013423 0,000015
дать 0,013423 0,000030
укроп 2,445686 0,010930
пресс 0,013423 0,000015
согласный 0,013423 0,000045
персональный 0,013423 0,000120
богатство 3,912023 0,004371
перетянуть 0,013423 0,000015
кастрюля 2,371578 0,015899
течение 0,013423 0,000015
картофель 2,445686 0,010930
ч 2,612740 0,002919
смочь 0,006689 0,000007
использоваться 0,006689 0,000007
насыщать 4,317488 0,009648
пищевой 2,120264 0,002369
суп 2,302585 0,010291
готовый 0,006689 0,000030
углевод 2,445686 0,005465
перемешать 2,238047 0,005001
ценность 2,120264 0,002369
дата 0,006689 0,000007
готовка 1,919593 0,002145
пройти 0,006689 0,000007
заголовок 0,013423 0,000030
одноклассник 0,013423 0,000030
недопустимый 0,013423 0,000015
информационный 0,013423 0,000060
вы 0,013423 0,000015
фио 0,013423 0,000015
шаг 1,791759 0,024024
восстановить 0,013423 0,000015
пожалуйста 0,013423 0,000015
русский 1,118815 0,005000
освежать 2,612740 0,005839
необходимый 2,238047 0,007502
рассмотреть 0,013423 0,000015
расположить 0,013423 0,000030
классический 1,752539 0,003916
небольшой 2,014903 0,009005
время 0,013423 0,000030
версия 0,013423 0,000015
ниже 0,013423 0,000045
окрошка 3,218876 0,053948
охладить 2,931194 0,006550
кнопка 0,013423 0,000015
россия 0,006689 0,000060
создавать 2,371578 0,002650
простой 1,272966 0,001422
сгенерировать 2,708050 0,006052
свой 0,867501 0,001939
зарегистрировать 0,013423 0,000015
очистить 2,238047 0,010002
воздушность 5,010635 0,005598
ранее 0,013423 0,000015
главный 0,013423 0,000015
проблема 0,013423 0,000015
данные 0,013423 0,000120
порадовать 3,912023 0,004371
лёгкость 3,912023 0,004371
город 0,013423 0,000015
разблокировать 0,013423 0,000045
кубик 2,525729 0,011288
фотография 0,013423 0,000015
сайт 0,013423 0,000045
поле 0,013423 0,000120
час 0,013423 0,000045
чат 0,013423 0,000030
полезный 0,143101 0,000160
новостеймолния 0,013423 0,000015
написать 0,013423 0,000015
галочка 0,013423 0,000015
заблокировать 0,013423 0,000030
перетащить 0,013423 0,000045
соглашаться 0,013423 0,000015
сначала 0,013423 0,000015
поддерживаетсяполучить 0,013423 0,000015
адрес 0,013423 0,000075
другой 0,013423 0,000045
соответствие 0,013423 0,000030
унитарный 0,013423 0,000045
давать 0,013423 0,000030
показать 0,013423 0,000015
отправка 0,013423 0,000015
загрузить 0,013423 0,000030
уксус 3,218876 0,014386
направление 0,013423 0,000015
нож 3,064725 0,006849
телефон 0,013423 0,000015
пароль 0,013423 0,000165
редакция 0,013423 0,000045
сочетание 2,708050 0,003026
удалить 0,013423 0,000060
калорийность 2,120264 0,002369
вход 0,013423 0,000030
должный 0,013423 0,000015
описать 0,013423 0,000015
размещение 0,013423 0,000015
ккал 2,302585 0,002573
кефир 2,931194 0,042576
сколько 0,006689 0,000007
автор 0,013423 0,000015
старый 0,013423 0,000015
сообщение 0,013423 0,000210
жаркий 3,401197 0,007600
интеллектомокрошка 4,317488 0,004824
тёрка 2,813411 0,018861
лёгкий 2,120264 0,002369
ингредиент 1,919593 0,010724
подтвердить 0,013423 0,000015
сметана 2,708050 0,006052
посуда 2,813411 0,006287
подтверждать 0,013423 0,000015
гаврилов 0,013423 0,000015
учредитель 0,013423 0,000015
часть 1,373049 0,003068
авторизация 0,013423 0,000015
рейтинг 0,006689 0,000007
форма 0,013423 0,000180
нарезать 2,120264 0,026059
ссылка 0,013423 0,000060
коммуникация 0,013423 0,000015
мой 0,013423 0,000075
помочь 0,013423 0,000015
статья 0,013423 0,000015
описание 0,013423 0,000015
процесс 0,013423 0,000015
организм 3,218876 0,003597
мелко 2,525729 0,022576
одновременно 3,401197 0,003800
роскомнадзор 0,013423 0,000015
куриный 2,371578 0,005300
технология 0,013423 0,000030
белка 2,371578 0,002650
редактор 0,013423 0,000015
фгуп 0,499776 0,000558
контакт 0,013423 0,000015
москва 0,006689 0,000022
воспользоваться 0,013423 0,000060
тема 0,013423 0,000045
государственный 0,013423 0,000045
дискуссия 0,013423 0,000030
тщательно 2,445686 0,005465
связанный 0,013423 0,000030
служба 0,006689 0,000007
риа 0,006689 0,000052
заметить 0,013423 0,000015
газировать 3,912023 0,056823
большой 1,832581 0,004095
штука 3,624341 0,024297
закрытый 0,013423 0,000015
зелёный 2,708050 0,012103
обращать 0,013423 0,000015
рекомендательный 0,013423 0,000015
далее 0,013423 0,000030
салями 5,010635 0,027992
посыпать 2,612740 0,005839
рецептырецепт 1,875141 0,002095
год 0,006689 0,000007
хотеть 0,006689 0,000007
открывать 0,013423 0,000030
кухня 1,576648 0,005285
перейти 0,013423 0,000015
международный 0,013423 0,000045
который 0,603916 0,001350
аромат 2,708050 0,006052
придавать 2,612740 0,002919
нежный 2,177422 0,002433
холодильник 2,525729 0,005644
крупный 2,120264 0,009476
обращение 0,013423 0,000045
доска 3,624341 0,008099
агентство 0,013423 0,000060
порция 2,238047 0,005001
приготовление 1,484275 0,003317
это 0,013423 0,000060
массовый 0,013423 0,000015
обработка 0,013423 0,000075
разделочный 5,010635 0,011197
вкус 1,752539 0,013707
авторизоваться 0,013423 0,000030
огурец 2,931194 0,019650
лука 3,218876 0,007193
выбрать 0,013423 0,000045
смешивание 5,010635 0,005598
сегодня 0,013423 0,000090
новость 0,006689 0,000060
просить 0,013423 0,000015
новыесначала 0,013423 0,000015
покрошить 4,317488 0,009648
зарегистрироваться 0,013423 0,000075
пожаловаться 0,006689 0,000007
посолить 2,813411 0,006287
отварить 2,813411 0,012574
мл 2,612740 0,005839
войти 0,006689 0,000030
шапка 0,013423 0,000015
отправить 0,013423 0,000210
овощ 2,120264 0,002369
продолжить 0,006689 0,000007
решение 0,006689 0,000007
ознакомить 0,013423 0,000015
усиление 5,010635 0,011197
благодаря 2,302585 0,002573
вакансия 0,013423 0,000015
эл 0,013423 0,000015
летний 1,919593 0,004290
мы 0,013423 0,000105
проставлять 0,013423 0,000015
идеально 2,612740 0,005839
участие 0,006689 0,000007
аккаунт 0,013423 0,000075
защита 0,013423 0,000060
регистрация 0,013423 0,000075
обсуждение 0,013423 0,000030
опечатка 0,013423 0,000015
использовать 0,013423 0,000015
мара 2,931194 0,003275
белок 3,064725 0,003424
почему 0,013423 0,000015
особый 1,752539 0,001958
восстановление 0,013423 0,000060
миска 2,612740 0,005839
онлайн 0,013423 0,000015
почта 0,013423 0,000105
добавить 1,514128 0,006767
блокировка 0,013423 0,000060
рецепт 1,118815 0,006250
осуществляться 0,013423 0,000015
вкусный 1,752539 0,001958
апрель 0,013423 0,000015
вконтакте 0,013423 0,000030
затем 1,791759 0,004004
категория 1,576648 0,001762
фамилия 0,013423 0,000015
жир 2,238047 0,005001
логин 0,013423 0,000015
конфиденциальность 0,013423 0,000060
нарушение 0,013423 0,000045
навсегда 0,013423 0,000015
соль 2,066196 0,009234
яндекс 0,013423 0,000030
холодный 2,066196 0,013852
действие 0,013423 0,000015
либо 0,013423 0,000015
натереть 2,708050 0,012103
федеральный 0,013423 0,000060
релиз 0,013423 0,000015
нажимать 0,013423 0,000015
назад 0,013423 0,000075
остудить 2,931194 0,006550
список 0,013423 0,000015
поиск 0,013423 0,000015
лук 2,302585 0,010291
обязательный 0,013423 0,000105
ошибка 0,013423 0,000045
вопрос 0,006689 0,000030
искусственный 3,218876 0,007193
зубовский 0,013423 0,000030
попробовать 0,013423 0,000015
заполнение 0,013423 0,000105
заполнить 0,013423 0,000105
внимание 0,013423 0,000015
принимать 0,013423 0,000015
ваш 0,013423 0,000240
имя 0,013423 0,000075
смешать 2,813411 0,006287
снабжать 5,010635 0,005598
блюдо 1,609438 0,005395
занимать 2,525729 0,002822
выпуск 0,013423 0,000015
срок 0,013423 0,000030
промыть 2,612740 0,005839
основание 0,013423 0,000015
уникальный 2,014903 0,002251
издание 0,013423 0,000015
подготовить 2,120264 0,009476
бульвар 0,013423 0,000030
сетевой 0,013423 0,000015
подсолить 3,624341 0,008099
надзор 0,013423 0,000015
потолочь 5,010635 0,011197
использование 0,013423 0,000015
вновь 0,013423 0,000015
сменить 0,013423 0,000015
редис 3,912023 0,017484
предприятие 0,013423 0,000045
способ 0,013423 0,000030
материал 0,013423 0,000120
участвовать 0,013423 0,000030
сообщить 0,013423 0,000015
обратный 0,013423 0,000105
произойти 0,013423 0,000015
быть 0,013423 0,000015
успешно 0,013423 0,000015
скриншот 0,013423 0,000045
