состояться 2,708050 0,002845
рф 1,181994 0,001242
законный 0,013423 0,000014
новый 0,006689 0,000014
рпл 2,371578 0,002491
найти 0,013423 0,000014
газета 3,218876 0,003381
письмо 0,013423 0,000028
спасибо 0,013423 0,000014
теннис 2,525729 0,005306
расширить 0,006689 0,000007
угрожать 3,624341 0,003807
апл 2,612740 0,002744
согласие 0,013423 0,000028
центр 0,166448 0,000874
доступ 0,013423 0,000028
миа 0,013423 0,000099
задать 0,013423 0,000014
мид 3,064725 0,012877
предложить 2,066196 0,019533
рожков 5,010635 0,005263
связаться 0,013423 0,000085
г 0,013423 0,000028
реклама 0,013423 0,000028
фото 0,013423 0,000028
бойкотировать 5,010635 0,005263
политика 0,013423 0,000056
четверг 3,401197 0,003573
связь 0,006689 0,000056
й 2,014903 0,002116
к 2,177422 0,002287
иностранный 2,177422 0,002287
о 0,013423 0,000014
двусторонний 3,624341 0,003807
течение 0,013423 0,000014
авто 2,238047 0,002351
откат 5,010635 0,005263
паралимпиец 3,064725 0,022535
вариант 1,966113 0,002065
сочи 2,238047 0,002351
футбол 2,238047 0,011754
мир 0,223144 0,000703
весь 1,021651 0,001073
пройти 0,006689 0,000014
заголовок 0,013423 0,000028
информационный 0,013423 0,000056
дело 1,249435 0,001312
итальянский 2,813411 0,002955
организатор 3,912023 0,004109
совмин 5,010635 0,005263
рассмотреть 0,013423 0,000014
црвена 2,612740 0,002744
расположить 0,013423 0,000028
время 0,013423 0,000014
кнопка 0,013423 0,000014
ранее 0,013423 0,000028
проблема 0,013423 0,000028
главный 0,013423 0,000014
данные 0,013423 0,000127
украина 1,160488 0,004876
город 0,013423 0,000014
разблокировать 0,013423 0,000042
италия 2,014903 0,038097
фотография 0,013423 0,000014
вица 4,317488 0,009070
час 0,013423 0,000028
символика 4,317488 0,004535
чат 0,013423 0,000028
новостеймолния 0,013423 0,000014
написать 0,013423 0,000014
единоборство 2,371578 0,002491
соглашаться 0,013423 0,000014
россиянин 1,576648 0,006625
сначала 0,013423 0,000014
выступить 3,624341 0,003807
показать 0,013423 0,000014
окончательный 3,912023 0,004109
пароль 0,013423 0,000155
хотя 2,371578 0,002491
миреиталиякиевроссияантонио 5,010635 0,005263
однако 1,966113 0,002065
удалить 0,013423 0,000056
серьёзный 2,525729 0,002653
вход 0,013423 0,000028
читать 0,791128 0,000831
описать 0,013423 0,000014
размещение 0,013423 0,000014
сколько 0,006689 0,000007
совет 1,226446 0,001288
польша 2,931194 0,003079
биатлон 2,525729 0,002653
мера 1,875141 0,001970
подтверждать 0,013423 0,000014
гаврилов 0,013423 0,000014
учредитель 0,013423 0,000014
завершить 2,445686 0,002569
ссылка 0,013423 0,000056
сторона 1,609438 0,001691
коммуникация 0,013423 0,000014
мой 0,013423 0,000070
архив 0,190354 0,000200
помочь 0,013423 0,000014
богодвид 3,218876 0,006762
ноттингем 2,612740 0,002744
описание 0,013423 0,000014
процесс 0,013423 0,000014
предложный 5,010635 0,005263
среда 2,612740 0,002744
роскомнадзор 0,013423 0,000014
технология 0,013423 0,000028
москва 0,006689 0,000021
надежда 2,302585 0,002419
воспользоваться 0,013423 0,000056
результат 1,714798 0,001801
павел 2,238047 0,002351
обсуждаться 3,624341 0,003807
далее 0,013423 0,000042
селтик 2,612740 0,002744
хотеть 0,006689 0,000007
открывать 0,013423 0,000028
перейти 0,013423 0,000056
вчера 1,576648 0,003312
обращение 0,013423 0,000042
спецпроект 0,190354 0,000200
массовый 0,013423 0,000014
обработка 0,013423 0,000070
это 0,013423 0,000014
минфин 4,317488 0,004535
гимн 4,317488 0,004535
спортсмен 3,218876 0,010144
новость 0,006689 0,000105
лада 2,612740 0,002744
абодить 5,010635 0,005263
штутгарт 2,612740 0,002744
зарегистрироваться 0,013423 0,000070
пожаловаться 0,006689 0,000007
войти 0,006689 0,000028
нхл 2,525729 0,002653
эл 0,013423 0,000014
дзен 0,851752 0,000895
защита 0,013423 0,000056
регистрация 0,013423 0,000070
почему 0,013423 0,000014
восстановление 0,013423 0,000056
вина 2,371578 0,002491
вконтакте 0,013423 0,000028
фигурный 2,302585 0,002419
логин 0,013423 0,000014
конфиденциальность 0,013423 0,000056
нарушение 0,013423 0,000042
навсегда 0,013423 0,000014
паралимпиада 3,218876 0,013525
действие 0,013423 0,000014
релиз 0,013423 0,000014
назад 0,013423 0,000085
список 0,013423 0,000014
таяниджордж 5,010635 0,005263
проигнорировать 5,010635 0,005263
паралимпийский 3,624341 0,034264
обязательный 0,013423 0,000099
ошибка 0,013423 0,000042
антонио 3,912023 0,024656
вопрос 0,006689 0,000028
зубовский 0,013423 0,000028
игра 1,609438 0,015215
заполнить 0,013423 0,000099
ваш 0,013423 0,000226
имя 0,013423 0,000070
главное 1,609438 0,001691
молодёжь 3,624341 0,019035
срок 0,013423 0,000028
основание 0,013423 0,000014
издание 0,013423 0,000028
бульвар 0,013423 0,000028
сетевой 0,013423 0,000014
бундеслига 2,612740 0,002744
джорджетти 5,010635 0,005263
кортина 3,912023 0,004109
использование 0,013423 0,000014
фев 1,399717 0,001470
вновь 0,013423 0,000014
сменить 0,013423 0,000014
материал 0,013423 0,000113
лилль 2,612740 0,002744
участвовать 0,013423 0,000028
сообщить 0,013423 0,000028
быть 0,013423 0,000028
успешно 0,013423 0,000014
скриншот 0,013423 0,000042
истечь 0,013423 0,000014
лента 0,006689 0,000014
архивный 1,347074 0,001415
ак 2,612740 0,002744
хачан 2,612740 0,002744
нейтральный 3,624341 0,003807
зимний 1,919593 0,002016
сфера 0,013423 0,000014
электронный 0,013423 0,000014
спорт 0,190354 0,002999
национальный 2,302585 0,002419
перерыв 2,371578 0,002491
этот 1,514128 0,001590
свидетельство 0,013423 0,000014
комментирование 0,013423 0,000028
блокироваться 0,013423 0,000014
глава 1,919593 0,006049
отметить 2,014903 0,002116
правило 0,013423 0,000070
сохранить 0,013423 0,000014
министерство 1,966113 0,008261
джордж 5,010635 0,021053
разыграть 4,317488 0,004535
применение 0,013423 0,000014
взаимодействие 0,013423 0,000028
дать 0,013423 0,000127
зож 2,302585 0,002419
пресс 0,013423 0,000028
кхл 2,525729 0,002653
согласный 0,013423 0,000042
персональный 0,013423 0,000113
мелонь 5,010635 0,021053
перетянуть 0,013423 0,000014
смочь 0,006689 0,000007
использоваться 0,006689 0,000007
инвалид 3,218876 0,003381
готовый 0,006689 0,000014
украиныпаралимпийский 5,010635 0,005263
дата 0,006689 0,000007
впервые 2,238047 0,002351
открытие 3,624341 0,003807
очередь 2,120264 0,002227
одноклассник 0,013423 0,000028
недопустимый 0,013423 0,000014
вы 0,013423 0,000014
фио 0,013423 0,000014
восстановить 0,013423 0,000014
пожалуйста 0,013423 0,000014
российский 0,883501 0,003712
протест 3,624341 0,007614
мелониминистерство 5,010635 0,005263
виза 3,064725 0,032192
версия 0,013423 0,000014
ниже 0,013423 0,000042
россия 0,006689 0,000162
шесть 2,371578 0,004982
тег 0,190354 0,000200
зарегистрировать 0,013423 0,000014
назвать 1,347074 0,001415
сайт 0,013423 0,000042
поле 0,013423 0,000113
полезный 0,143101 0,000150
галочка 0,013423 0,000014
заблокировать 0,013423 0,000028
перетащить 0,013423 0,000042
выступать 2,931194 0,003079
поддерживаетсяполучить 0,013423 0,000014
адрес 0,013423 0,000070
другой 0,013423 0,000042
соответствие 0,013423 0,000028
унитарный 0,013423 0,000042
европа 1,455287 0,001529
давать 0,013423 0,000056
отправка 0,013423 0,000014
загрузить 0,013423 0,000028
направление 0,013423 0,000014
телефон 0,013423 0,000014
редакция 0,013423 0,000042
должный 0,013423 0,000014
заседание 3,401197 0,007145
звучать 4,317488 0,004535
говориться 2,371578 0,002491
автор 0,013423 0,000014
флаг 3,218876 0,010144
старый 0,013423 0,000014
сообщение 0,013423 0,000197
вид 1,399717 0,001470
сет 2,612740 0,002744
мото 2,525729 0,002653
евролига 2,612740 0,002744
подтвердить 0,013423 0,000014
выразить 2,708050 0,002845
фенербахча 2,612740 0,002744
белорус 3,912023 0,008219
авторизация 0,013423 0,000014
рейтинг 0,006689 0,000007
форма 0,013423 0,000169
медаль 2,445686 0,002569
ампеццо 3,912023 0,004109
статья 0,013423 0,000028
медиабанкфлаг 5,010635 0,005263
редактор 0,013423 0,000014
фгуп 0,499776 0,002625
нба 2,612740 0,002744
получить 0,985284 0,001035
джанкарло 5,010635 0,005263
контакт 0,013423 0,000028
возложить 3,624341 0,003807
тема 0,013423 0,000056
хоккей 2,238047 0,007053
сервис 0,174353 0,000183
государственный 0,013423 0,000042
дискуссия 0,013423 0,000028
связанный 0,013423 0,000028
служба 0,006689 0,000007
риа 0,006689 0,000091
заметить 0,013423 0,000014
милан 3,401197 0,007145
закрытый 0,013423 0,000014
обращать 0,013423 0,000014
рекомендательный 0,013423 0,000014
серия 2,302585 0,002419
дегтярёв 3,912023 0,004109
год 0,006689 0,000021
пака 2,612740 0,002744
медиабанк 1,321756 0,001388
выдавать 3,624341 0,003807
максим 2,525729 0,005306
министр 2,525729 0,010612
международный 0,013423 0,000056
комитет 2,708050 0,005689
матч 2,066196 0,008681
андреа 5,010635 0,005263
делегация 2,708050 0,002845
маловероятный 5,010635 0,005263
агентство 0,013423 0,000070
ла 2,612740 0,002744
динамо 2,238047 0,002351
форресть 2,612740 0,002744
авторизоваться 0,013423 0,000028
крайний 3,218876 0,003381
выбрать 0,013423 0,000042
предстоящий 4,317488 0,009070
последовать 3,912023 0,004109
рассказать 0,933098 0,000980
сегодня 0,013423 0,000141
президент 1,643339 0,001726
просить 0,013423 0,000014
случай 1,643339 0,001726
сми 2,177422 0,013723
новыесначала 0,013423 0,000014
пересмотреть 4,317488 0,009070
примерно 2,177422 0,002287
шапка 0,013423 0,000014
отправить 0,013423 0,000197
продолжить 0,006689 0,000007
решение 0,006689 0,000028
лига 1,966113 0,008261
ознакомить 0,013423 0,000014
март 1,514128 0,001590
вакансия 0,013423 0,000014
мы 0,013423 0,000099
проставлять 0,013423 0,000014
приглашение 3,401197 0,003573
участие 0,006689 0,000014
аккаунт 0,013423 0,000070
состав 2,120264 0,002227
обсуждение 0,013423 0,000028
комплект 4,317488 0,004535
барс 2,612740 0,002744
опечатка 0,013423 0,000014
использовать 0,013423 0,000014
таянуть 4,317488 0,027211
онлайн 0,013423 0,000014
почта 0,013423 0,000099
блокировка 0,013423 0,000056
писать 1,752539 0,003682
осуществляться 0,013423 0,000014
киев 1,832581 0,011550
апрель 0,013423 0,000014
звезда 2,371578 0,002491
фамилия 0,013423 0,000014
яндекс 0,013423 0,000028
либо 0,013423 0,000028
сельт 2,612740 0,002744
федеральный 0,013423 0,000056
нажимать 0,013423 0,000014
поиск 0,013423 0,000014
чемпион 2,612740 0,002744
катание 2,302585 0,002419
попробовать 0,013423 0,000014
заполнение 0,013423 0,000099
пкр 5,010635 0,010527
внимание 0,013423 0,000014
принимать 0,013423 0,000028
алькарас 2,612740 0,002744
премьер 2,931194 0,009237
сопровождать 3,218876 0,033812
выпуск 0,013423 0,000014
надзор 0,013423 0,000014
предприятие 0,013423 0,000042
способ 0,013423 0,000028
обратный 0,013423 0,000099
продукт 0,135438 0,000142
произойти 0,013423 0,000014
