вашингтону 5,010635 5,010635
законным 0,013423 0,013423
новый 0,013423 0,013423
найти 0,013423 0,013423
основанием 0,013423 0,013423
письмо 0,013423 0,013423
спасибо 0,013423 0,013423
ждет 2,612740 2,612740
си 4,317488 8,634976
согласие 0,013423 0,026846
центр 0,190354 0,190354
доступ 0,013423 0,026846
миа 0,013423 0,026846
задать 0,013423 0,013423
теги 0,190354 0,190354
автору 0,013423 0,013423
связаться 0,013423 0,080538
должны 0,013423 0,013423
г 0,013423 0,026846
д 0,013423 0,026846
реклама 0,190354 0,190354
фото 0,013423 0,013423
политика 0,013423 0,026846
связь 0,006689 0,013378
готово 0,013423 0,026846
течение 0,013423 0,013423
автора 2,931194 2,931194
информационных 0,013423 0,013423
размещения 0,013423 0,013423
русские 3,912023 3,912023
ответа 2,708050 2,708050
конфиденциальности 0,013423 0,053692
мир 1,966113 1,966113
связи 0,013423 0,080538
самому 5,010635 5,010635
заголовок 0,013423 0,026846
должна 2,525729 2,525729
знают 5,010635 5,010635
процесса 0,013423 0,013423
адресу 0,013423 0,026846
проблему 0,013423 0,013423
время 0,013423 0,026846
разлюбили 5,010635 5,010635
данных 0,013423 0,107384
письма 0,013423 0,013423
часов 0,013423 0,026846
соглашаетесь 0,013423 0,013423
хотят 2,813411 5,626821
ранее 0,013423 0,013423
восстановления 0,013423 0,013423
главный 0,013423 0,013423
данные 0,013423 0,013423
эпштейна 3,064725 3,064725
разблокировать 0,013423 0,040269
город 0,013423 0,013423
честно 3,624341 3,624341
лукашенко 3,401197 3,401197
одном 2,931194 2,931194
фотографию 0,013423 0,013423
обращаем 0,013423 0,013423
отправлено 0,013423 0,013423
написать 0,013423 0,013423
новостеймолния 0,013423 0,013423
одноклассники 0,013423 0,026846
сначала 0,013423 0,013423
остановит 4,317488 4,317488
своего 2,708050 2,708050
публикации 2,238047 2,238047
нашла 4,317488 4,317488
показать 0,013423 0,013423
кнопку 0,013423 0,013423
коммуникаций 0,013423 0,013423
пароль 0,013423 0,080538
пароля 0,013423 0,053692
делают 2,931194 2,931194
перейдите 0,013423 0,013423
арийцев 5,010635 5,010635
вход 0,013423 0,013423
продукты 0,150823 0,150823
закрыто 0,013423 0,013423
удалено 0,013423 0,013423
сколько 0,006689 0,006689
гаврилова 0,013423 0,013423
материалов 0,013423 0,053692
отправлена 0,013423 0,013423
чате 0,013423 0,013423
получил 2,612740 2,612740
расположенному 0,013423 0,026846
чату 0,013423 0,013423
получит 3,218876 3,218876
редакцией 0,013423 0,013423
японии 3,912023 3,912023
совет 2,525729 2,525729
жар 5,010635 5,010635
учредитель 0,013423 0,013423
путина 2,612740 5,225480
рассмотрены 0,013423 0,013423
мое 0,013423 0,026846
ссылка 0,013423 0,026846
последние 1,098612 1,098612
ссылке 0,013423 0,013423
перетяните 0,013423 0,013423
ссылки 0,013423 0,013423
помочь 0,013423 0,013423
архив 0,190354 0,190354
ненастоящих 5,010635 5,010635
ошибках 0,013423 0,013423
обязательны 0,013423 0,093961
сможет 3,401197 3,401197
германский 4,317488 4,317488
отказать 3,624341 3,624341
выпуска 0,013423 0,013423
списка 0,013423 0,013423
формой 0,013423 0,053692
роскомнадзор 0,013423 0,013423
блокировался 0,013423 0,013423
москва 0,006689 0,013378
воспользоваться 0,013423 0,013423
русской 1,752539 1,752539
руками 3,218876 3,218876
входа 0,013423 0,013423
загребать 5,010635 5,010635
моё 0,013423 0,013423
федеральное 0,013423 0,013423
федеральной 0,013423 0,013423
международное 0,013423 0,040269
будут 0,013423 0,013423
новостей 0,006689 0,006689
политикой 0,013423 0,040269
обработки 0,013423 0,026846
даю 0,013423 0,026846
независимость 5,010635 5,010635
обработку 0,013423 0,026846
обратной 0,013423 0,067115
подкасты 0,292136 0,292136
определиться 4,317488 4,317488
редакции 0,013423 0,026846
обращений 0,013423 0,013423
кого 2,708050 2,708050
обработка 0,013423 0,013423
это 0,013423 0,013423
обзоры 2,525729 2,525729
ермака 4,317488 4,317488
милитаризация 3,912023 3,912023
описанием 0,013423 0,013423
новую 0,013423 0,013423
массовых 0,013423 0,013423
пройдена 0,013423 0,013423
используется 0,013423 0,013423
зарегистрироваться 0,013423 0,053692
пожаловаться 0,013423 0,013423
новости 0,006689 0,013378
войти 0,013423 0,053692
разговора 5,010635 5,010635
управлять 5,010635 5,010635
электронной 0,013423 0,013423
далеко 4,317488 4,317488
мире 0,274437 0,274437
эл 0,013423 0,013423
действия 0,013423 0,013423
радио 0,274437 0,274437
внука 3,218876 3,218876
защита 0,013423 0,013423
регистрация 0,013423 0,040269
почему 0,013423 0,013423
использования 0,013423 0,013423
восстановление 0,013423 0,040269
вопросам 0,013423 0,026846
государственное 0,013423 0,013423
ультиматума 5,010635 5,010635
гренландии 5,010635 5,010635
вконтакте 0,013423 0,026846
спецпроекты 0,190354 0,190354
привлекая 5,010635 5,010635
просим 0,013423 0,013423
навсегда 0,013423 0,013423
нарушение 0,013423 0,040269
заблокирован 0,013423 0,013423
ошибку 0,013423 0,013423
защиты 0,013423 0,013423
окажется 4,317488 4,317488
путин 1,514128 1,514128
назад 0,013423 0,067115
обращения 0,013423 0,026846
путиным 5,010635 5,010635
первый 2,014903 2,014903
гренландию 5,010635 5,010635
февраля 0,616186 4,929489
принесет 4,317488 4,317488
спасителя 3,401197 3,401197
трампа 2,238047 4,476093
ошибка 0,013423 0,013423
вопрос 0,006689 0,006689
зубовский 0,013423 0,026846
подтверждаете 0,013423 0,013423
никто 2,813411 2,813411
заполнить 0,013423 0,026846
соберет 5,010635 5,010635
осуществляется 0,013423 0,013423
ваш 0,013423 0,053692
научили 5,010635 5,010635
против 1,966113 1,966113
имя 0,013423 0,067115
другие 0,013423 0,026846
общество 0,265703 0,265703
хуже 3,912023 7,824046
надзору 0,013423 0,013423
срок 0,013423 0,026846
издание 0,013423 0,013423
бульвар 0,013423 0,026846
событий 2,177422 2,177422
хотите 0,013423 0,013423
заполните 0,013423 0,067115
технологий 0,013423 0,026846
сетевое 0,013423 0,013423
неделю 1,373049 1,373049
вновь 0,013423 0,013423
сменить 0,013423 0,013423
трампу 3,912023 3,912023
материал 0,013423 0,013423
участвовать 0,013423 0,026846
сообщить 0,013423 0,013423
успешно 0,013423 0,013423
скриншот 0,013423 0,040269
крутых 5,010635 5,010635
лента 0,006689 0,013378
чужими 5,010635 5,010635
заблокированы 0,013423 0,013423
спорт 0,190354 0,190354
сфере 0,013423 0,013423
франция 3,624341 3,624341
месяц 1,297063 1,297063
свидетельство 0,013423 0,013423
правила 0,013423 0,026846
взаимодействия 0,013423 0,026846
брюсселе 3,912023 3,912023
полюбили 5,010635 5,010635
сохранить 0,013423 0,013423
информационное 0,013423 0,040269
комментирования 0,013423 0,026846
пресс 0,013423 0,026846
применения 0,013423 0,013423
сделал 2,708050 2,708050
уедет 5,010635 5,010635
федеральному 0,013423 0,026846
привет 3,218876 3,218876
персональных 0,013423 0,107384
произошла 0,013423 0,013423
передал 3,064725 3,064725
дата 0,013423 0,013423
ваше 0,013423 0,107384
гораздо 3,218876 3,218876
сайте 0,013423 0,013423
ваши 0,013423 0,013423
дате 2,525729 5,051457
фио 0,013423 0,013423
восстановить 0,013423 0,013423
пожалуйста 0,013423 0,013423
ниже 0,013423 0,040269
версия 0,013423 0,013423
вопроса 0,013423 0,013423
россия 0,006689 0,046823
поля 0,013423 0,093961
января 1,160488 12,765365
израиль 2,931194 2,931194
государственному 0,013423 0,026846
канцлер 3,624341 3,624341
предупредил 3,401197 6,802395
регистрации 0,013423 0,026846
европе 2,238047 2,238047
поле 0,013423 0,013423
сайт 0,013423 0,026846
сервисы 0,190354 0,190354
зарегистрировано 0,013423 0,013423
другое 0,013423 0,013423
туризм 0,283247 0,283247
поддерживаетсяполучить 0,013423 0,013423
адрес 0,013423 0,040269
соответствии 0,013423 0,026846
загрузите 0,013423 0,013423
сообщения 0,013423 0,053692
европа 2,371578 7,114734
загрузить 0,013423 0,013423
направлении 0,013423 0,013423
замеченных 0,013423 0,013423
телефон 0,013423 0,013423
отправки 0,013423 0,013423
унитарному 0,013423 0,026846
период 1,160488 1,160488
сообщение 0,013423 0,134230
выберите 0,013423 0,040269
старые 0,013423 0,013423
попробуйте 0,013423 0,013423
войны 2,708050 2,708050
материалы 1,643339 1,643339
защитой 0,013423 0,026846
статьи 0,013423 0,013423
немцы 5,010635 5,010635
подтвердите 0,013423 0,013423
авторизация 0,013423 0,013423
религия 0,283247 0,283247
форма 0,013423 0,013423
логином 0,013423 0,013423
рейтинг 0,006689 0,006689
галочку 0,013423 0,013423
милитаризацией 5,010635 5,010635
виражах 5,010635 5,010635
перетащите 0,013423 0,040269
материале 0,013423 0,026846
акопов 3,218876 6,437752
культура 0,292136 0,292136
материала 0,013423 0,026846
происшествия 0,292136 0,292136
иран 2,612740 2,612740
вашего 0,013423 0,013423
паролем 0,013423 0,013423
зубам 5,010635 5,010635
евросоюз 2,931194 2,931194
популярности 2,813411 2,813411
способы 0,013423 0,026846
зарегистрируйтесь 0,013423 0,013423
обо 0,013423 0,013423
недвижимость 0,292136 0,292136
дискуссии 0,013423 0,026846
редактор 0,013423 0,013423
унитарное 0,013423 0,013423
форму 0,013423 0,093961
тема 0,013423 0,040269
отправленного 0,013423 0,013423
предложение 3,401197 3,401197
связанные 0,013423 0,013423
рекомендательных 0,013423 0,013423
данная 0,013423 0,013423
обратная 0,013423 0,026846
риа 0,006689 0,013378
бомбу 5,010635 5,010635
проставляя 0,013423 0,013423
связанных 0,013423 0,013423
опишите 0,013423 0,013423
заполнения 0,013423 0,093961
полезное 0,182322 0,182322
год 0,967584 1,935168
службе 0,013423 0,013423
нюанс 3,912023 3,912023
релизов 0,013423 0,013423
награду 4,317488 4,317488
ваших 0,013423 0,026846
почты 0,013423 0,013423
кастро 3,218876 3,218876
миллиардов 3,912023 3,912023
трамп 1,609438 11,266065
агентство 0,013423 0,040269
правил 0,013423 0,040269
авторизоваться 0,013423 0,013423
авторизуйтесь 0,013423 0,013423
агентства 0,013423 0,013423
сегодня 0,013423 0,067115
расширенный 0,013423 0,013423
петр 2,445686 4,891372
штаты 2,708050 5,416100
новыесначала 0,013423 0,013423
шапка 0,013423 0,013423
отправить 0,013423 0,147653
продолжить 0,013423 0,013423
желанную 5,010635 5,010635
решении 0,013423 0,013423
воспользуйтесь 0,013423 0,040269
венесуэлой 4,317488 4,317488
участие 0,006689 0,006689
аккаунт 0,013423 0,053692
капитуляции 3,912023 3,912023
экономика 0,292136 0,292136
обсуждение 0,013423 0,013423
использовать 0,013423 0,013423
опечатка 0,013423 0,013423
блокировки 0,013423 0,013423
онлайн 0,013423 0,013423
понравится 4,317488 4,317488
контактов 0,013423 0,013423
почта 0,013423 0,080538
апреля 0,013423 0,013423
фамилия 0,013423 0,013423
плохому 4,317488 4,317488
нами 0,013423 0,093961
яндекс 0,013423 0,026846
удалили 0,013423 0,040269
либо 0,013423 0,013423
напугана 5,010635 5,010635
вакансии 0,013423 0,013423
аккаунту 0,013423 0,013423
открываемого 0,013423 0,026846
нажимая 0,013423 0,013423
поиск 0,013423 0,013423
вами 0,013423 0,013423
недопустимое 0,013423 0,013423
атомную 4,317488 4,317488
украиной 3,624341 3,624341
согласны 0,013423 0,040269
истек 0,013423 0,013423
предприятию 0,013423 0,026846
рекламы 0,013423 0,013423
хочет 2,120264 2,120264
вернуть 2,813411 2,813411
внимание 0,013423 0,013423
принимать 0,013423 0,013423
сможете 0,013423 0,013423
года 0,006689 0,006689
евросоюза 3,401197 3,401197
ознакомлены 0,013423 0,013423
принять 3,912023 3,912023
моих 0,013423 0,026846
предприятие 0,013423 0,013423
наука 0,292136 0,292136
обсуждения 0,013423 0,013423
полушарии 5,010635 5,010635
блокировкой 0,013423 0,040269
внимания 3,218876 3,218876
