законным 0,013423 0,013423
рф 1,181994 24,821872
новый 0,013423 0,013423
севера 3,064725 3,064725
день 1,203973 2,407946
единая 2,813411 16,880464
найти 0,013423 0,013423
основанием 0,013423 0,013423
письмо 0,013423 0,013423
вызов 3,401197 3,401197
спасибо 0,013423 0,013423
боеприпасы 4,317488 4,317488
наличных 5,010635 5,010635
заявил 1,427116 4,281349
согласие 0,013423 0,026846
центр 0,190354 0,190354
доступ 0,013423 0,026846
декабря 1,098612 1,098612
миа 0,013423 0,026846
задать 0,013423 0,013423
теги 0,190354 0,380707
автору 0,013423 0,013423
пожаре 5,010635 5,010635
связаться 0,013423 0,080538
александр 1,455287 4,365862
должны 0,013423 0,013423
г 0,013423 0,026846
д 0,013423 0,026846
реклама 0,190354 0,190354
фото 0,013423 0,013423
политика 0,013423 0,026846
силы 2,014903 38,283157
связь 0,006689 0,013378
грозит 2,612740 2,612740
стихийных 2,931194 2,931194
леопард 5,010635 5,010635
готово 0,013423 0,026846
т 2,525729 5,051457
течение 0,013423 0,013423
область 1,714798 24,007178
информационных 0,013423 0,013423
удары 3,064725 3,064725
назвал 1,875141 1,875141
размещения 0,013423 0,013423
делам 3,064725 3,064725
конфиденциальности 0,013423 0,053692
связи 0,013423 0,080538
запад 2,302585 2,302585
заголовок 0,013423 0,026846
ловушку 4,317488 4,317488
ук 3,912023 3,912023
процесса 0,013423 0,013423
адресу 0,013423 0,026846
екатеринбург 3,401197 3,401197
проблему 0,013423 0,013423
время 0,013423 0,026846
данных 0,013423 0,107384
проблемы 2,238047 2,238047
учетная 3,912023 3,912023
национальной 2,931194 2,931194
поведения 3,624341 3,624341
письма 0,013423 0,013423
часов 0,013423 0,026846
ленинградская 3,401197 10,203592
соглашаетесь 0,013423 0,013423
республика 2,612740 15,676440
ранее 0,013423 0,013423
восстановления 0,013423 0,013423
главный 0,013423 0,013423
данные 0,013423 0,013423
черниговской 4,317488 4,317488
колумбия 5,010635 5,010635
сергей 1,609438 4,828314
бойцы 3,624341 7,248682
разблокировать 0,013423 0,040269
город 0,013423 0,026846
фотографию 0,013423 0,013423
брянская 5,010635 10,021271
дмитрий 1,643339 9,860037
обращаем 0,013423 0,013423
отправлено 0,013423 0,013423
написать 0,013423 0,013423
новостеймолния 0,013423 0,013423
колумбийских 4,317488 4,317488
украине 1,427116 27,115211
одноклассники 0,013423 0,026846
сначала 0,013423 0,013423
запусков 5,010635 5,010635
украины 1,832581 23,823559
показать 0,013423 0,013423
кнопку 0,013423 0,013423
коммуникаций 0,013423 0,013423
основные 2,612740 5,225480
пароль 0,013423 0,080538
пароля 0,013423 0,053692
последствий 2,525729 2,525729
перейдите 0,013423 0,013423
вход 0,013423 0,013423
южной 3,912023 3,912023
продукты 0,150823 0,150823
закрыто 0,013423 0,013423
удалено 0,013423 0,013423
минобороны 2,525729 17,680101
сколько 0,006689 0,006689
гаврилова 0,013423 0,013423
материалов 0,013423 0,053692
отправлена 0,013423 0,013423
чате 0,013423 0,013423
специальность 5,010635 5,010635
расположенному 0,013423 0,026846
чату 0,013423 0,013423
редакцией 0,013423 0,013423
интересные 2,931194 2,931194
выбивает 5,010635 5,010635
днепропетровская 5,010635 5,010635
учредитель 0,013423 0,013423
спасателей 5,010635 5,010635
рассмотрены 0,013423 0,013423
обороны 2,177422 17,419376
изменилось 4,317488 4,317488
мое 0,013423 0,026846
ссылка 0,013423 0,026846
областью 5,010635 10,021271
техникой 4,317488 4,317488
последние 1,098612 2,197225
ссылке 0,013423 0,013423
перетяните 0,013423 0,013423
ссылки 0,013423 0,013423
помочь 0,013423 0,013423
архив 0,190354 0,190354
июля 1,791759 3,583519
военная 2,120264 40,285007
специальная 2,066196 39,257730
ошибках 0,013423 0,013423
изменения 2,813411 2,813411
обязательны 0,013423 0,093961
рубежи 5,010635 5,010635
эвакуация 5,010635 5,010635
сша 1,118815 1,118815
выпуска 0,013423 0,013423
списка 0,013423 0,013423
формой 0,013423 0,053692
роскомнадзор 0,013423 0,013423
компетенции 3,218876 3,218876
ракете 5,010635 5,010635
блокировался 0,013423 0,013423
москва 0,006689 0,013378
воспользоваться 0,013423 0,013423
входа 0,013423 0,013423
наработки 3,401197 3,401197
моё 0,013423 0,013423
федеральное 0,013423 0,013423
федеральной 0,013423 0,013423
новгородская 4,317488 4,317488
краснодарском 3,401197 3,401197
беспилотной 5,010635 5,010635
международное 0,013423 0,040269
бронемашину 5,010635 5,010635
армии 2,708050 2,708050
речного 5,010635 5,010635
выгодные 5,010635 5,010635
будут 0,013423 0,026846
опасность 3,401197 3,401197
новостей 0,006689 0,006689
политикой 0,013423 0,040269
сравнение 4,317488 4,317488
авиации 4,317488 4,317488
обработки 0,013423 0,026846
даю 0,013423 0,026846
зоне 2,931194 8,793581
подводника 5,010635 5,010635
украинских 3,401197 3,401197
обработку 0,013423 0,026846
обратной 0,013423 0,067115
подкасты 0,292136 0,292136
смоленская 5,010635 5,010635
редакции 0,013423 0,026846
обращений 0,013423 0,013423
операция 2,120264 40,285007
обработка 0,013423 0,013423
это 0,013423 0,040269
войск 4,317488 4,317488
украинский 2,931194 2,931194
группу 3,401197 3,401197
преимущества 3,401197 6,802395
описанием 0,013423 0,013423
новую 0,013423 0,013423
массовых 0,013423 0,013423
артиллеристы 3,064725 3,064725
харьковская 5,010635 10,021271
подразделения 3,401197 3,401197
пройдена 0,013423 0,013423
загнали 3,912023 3,912023
звание 4,317488 4,317488
используется 0,013423 0,013423
зарегистрироваться 0,013423 0,053692
пожаловаться 0,013423 0,013423
сентября 1,514128 6,056511
новости 0,006689 0,040134
войти 0,013423 0,053692
ночью 5,010635 5,010635
электронной 0,013423 0,013423
недостатки 5,010635 10,021271
переднему 5,010635 5,010635
моряка 5,010635 5,010635
мире 0,274437 0,274437
уничтожили 3,624341 10,873023
эл 0,013423 0,013423
действия 0,013423 0,026846
радио 0,274437 0,274437
уклонение 5,010635 5,010635
защита 0,013423 0,013423
регистрация 0,013423 0,040269
сбить 4,317488 4,317488
почему 0,013423 0,040269
использования 0,013423 0,013423
восстановление 0,013423 0,040269
вопросам 0,013423 0,026846
государственное 0,013423 0,013423
вконтакте 0,013423 0,026846
области 1,919593 3,839186
спецпроекты 0,190354 0,190354
просим 0,013423 0,013423
навсегда 0,013423 0,013423
нарушение 0,013423 0,040269
заблокирован 0,013423 0,013423
ошибку 0,013423 0,013423
защиты 0,013423 0,013423
богомаз 5,010635 5,010635
танк 4,317488 8,634976
беспилотников 5,010635 5,010635
назад 0,013423 0,067115
офицер 3,912023 3,912023
обращения 0,013423 0,026846
пусковую 4,317488 4,317488
февраля 0,616186 2,464745
узнают 5,010635 5,010635
ошибка 0,013423 0,013423
верхняя 4,317488 4,317488
вопрос 0,006689 0,006689
зубовский 0,013423 0,026846
подтверждаете 0,013423 0,013423
щитке 5,010635 5,010635
заполнить 0,013423 0,026846
марта 1,678431 3,356862
осуществляется 0,013423 0,013423
ваш 0,013423 0,053692
имя 0,013423 0,067115
общество 0,265703 0,265703
другие 0,013423 0,040269
свердловская 4,317488 4,317488
надзору 0,013423 0,013423
срок 0,013423 0,026846
издание 0,013423 0,013423
бульвар 0,013423 0,026846
потеряли 5,010635 5,010635
хотите 0,013423 0,013423
заполните 0,013423 0,067115
технологий 0,013423 0,026846
сетевое 0,013423 0,013423
поразили 4,317488 4,317488
неделю 1,373049 1,373049
вновь 0,013423 0,013423
сменить 0,013423 0,013423
беспилотник 5,010635 5,010635
материал 0,013423 0,013423
участвовать 0,013423 0,026846
группировки 4,317488 8,634976
недвижимостьнавигатор 3,064725 3,064725
сообщить 0,013423 0,013423
константиновка 5,010635 10,021271
успешно 0,013423 0,013423
скриншот 0,013423 0,040269
лента 0,006689 0,013378
мчс 3,218876 3,218876
росгвардия 5,010635 5,010635
прапорщик 5,010635 5,010635
заблокированы 0,013423 0,013423
спорт 0,190354 0,190354
стиллавин 3,401197 10,203592
сфере 0,013423 0,013423
краю 5,010635 5,010635
месяц 1,297063 1,297063
константиновкой 5,010635 5,010635
автомат 5,010635 5,010635
свидетельство 0,013423 0,013423
военном 3,624341 3,624341
четыре 2,612740 2,612740
снятие 4,317488 4,317488
правила 0,013423 0,040269
взаимодействия 0,013423 0,026846
сохранить 0,013423 0,013423
информационное 0,013423 0,040269
министерство 2,238047 17,904373
край 2,708050 2,708050
комментирования 0,013423 0,026846
гражданской 2,708050 2,708050
сергеевка 5,010635 5,010635
крае 3,218876 3,218876
дрозденко 5,010635 10,021271
пресс 0,013423 0,026846
россии 0,395515 2,373089
применения 0,013423 0,013423
федеральному 0,013423 0,026846
персональных 0,013423 0,107384
первая 3,218876 3,218876
произошла 0,013423 0,013423
цели 2,525729 5,051457
вс 3,218876 12,875503
известно 2,931194 2,931194
дата 0,013423 0,013423
ваше 0,013423 0,107384
сайте 0,013423 0,013423
ваши 0,013423 0,013423
фио 0,013423 0,013423
восстановить 0,013423 0,013423
пожалуйста 0,013423 0,013423
сво 1,919593 9,597964
брянской 4,317488 4,317488
перевернула 5,010635 5,010635
краснодарский 3,912023 3,912023
ниже 0,013423 0,040269
версия 0,013423 0,013423
вопроса 0,013423 0,013423
узнать 2,302585 2,302585
которую 2,931194 2,931194
россия 0,006689 0,193981
сутки 2,525729 5,051457
поля 0,013423 0,093961
приобрела 3,624341 3,624341
сбили 5,010635 10,021271
представление 5,010635 5,010635
государственному 0,013423 0,026846
созданные 3,064725 3,064725
регистрации 0,013423 0,026846
используемой 5,010635 5,010635
ситуациям 3,064725 3,064725
морского 5,010635 5,010635
черниговская 5,010635 5,010635
поле 0,013423 0,013423
сайт 0,013423 0,026846
сложным 3,624341 3,624341
сервисы 0,190354 0,190354
зарегистрировано 0,013423 0,013423
другое 0,013423 0,013423
туризм 0,283247 0,283247
представил 3,912023 3,912023
поддерживаетсяполучить 0,013423 0,013423
адрес 0,013423 0,040269
соответствии 0,013423 0,026846
причины 2,525729 2,525729
характеристики 3,912023 15,648092
ограничения 3,218876 3,218876
сбила 5,010635 10,021271
загрузите 0,013423 0,013423
беспилотную 3,912023 3,912023
сообщения 0,013423 0,053692
загрузить 0,013423 0,013423
направлении 0,013423 0,013423
замеченных 0,013423 0,013423
телефон 0,013423 0,013423
особенности 2,708050 2,708050
отправки 0,013423 0,013423
работников 5,010635 5,010635
абрамс 5,010635 5,010635
унитарному 0,013423 0,026846
период 1,160488 1,160488
колесный 5,010635 5,010635
канадскую 5,010635 5,010635
сообщение 0,013423 0,134230
выберите 0,013423 0,040269
старые 0,013423 0,013423
попробуйте 0,013423 0,013423
банкоматах 5,010635 5,010635
днр 3,912023 7,824046
объявили 3,401197 3,401197
федеральная 3,064725 3,064725
локомотивы 3,912023 3,912023
мобилизации 4,317488 4,317488
положение 3,218876 3,218876
заняли 5,010635 5,010635
защитой 0,013423 0,026846
статьи 0,013423 0,013423
пво 3,912023 15,648092
подтвердите 0,013423 0,013423
авторизация 0,013423 0,013423
религия 0,283247 0,283247
форма 0,013423 0,013423
логином 0,013423 0,013423
рейтинг 0,006689 0,006689
галочку 0,013423 0,013423
военно 4,317488 4,317488
тактико 4,317488 8,634976
перетащите 0,013423 0,040269
материале 0,013423 0,026846
культура 0,292136 0,292136
приготовили 3,064725 3,064725
материала 0,013423 0,026846
крым 4,317488 4,317488
происшествия 0,292136 0,292136
вашего 0,013423 0,013423
паролем 0,013423 0,013423
принцип 3,912023 3,912023
способы 0,013423 0,026846
зарегистрируйтесь 0,013423 0,013423
обо 0,013423 0,013423
медведев 2,612740 28,740140
недвижимость 0,292136 0,292136
ликвидации 2,813411 2,813411
дискуссии 0,013423 0,026846
редактор 0,013423 0,013423
флота 3,218876 3,218876
унитарное 0,013423 0,013423
тверская 5,010635 5,010635
вооруженные 2,371578 42,688403
исключительно 2,708050 2,708050
бедствий 3,064725 3,064725
форму 0,013423 0,093961
тема 0,013423 0,040269
отправленного 0,013423 0,013423
рекомендательных 0,013423 0,013423
связанные 0,013423 0,026846
абитуриентариа 2,931194 2,931194
данная 0,013423 0,013423
служба 2,238047 2,238047
обратная 0,013423 0,026846
риа 0,006689 0,013378
технические 3,218876 6,437752
проставляя 0,013423 0,013423
связанных 0,013423 0,013423
опишите 0,013423 0,013423
заполнения 0,013423 0,093961
полезное 0,182322 0,182322
год 0,967584 0,967584
службе 0,013423 0,013423
навигаторриа 2,445686 2,445686
релизов 0,013423 0,013423
чрезвычайным 3,064725 3,064725
ваших 0,013423 0,026846
почты 0,013423 0,013423
кассетные 5,010635 5,010635
лейтенант 4,317488 4,317488
октября 1,832581 1,832581
безопасность 2,813411 61,895036
агентство 0,013423 0,040269
артем 3,401197 3,401197
правил 0,013423 0,040269
расшифровать 5,010635 5,010635
авторизоваться 0,013423 0,013423
авторизуйтесь 0,013423 0,013423
агентства 0,013423 0,013423
сегодня 0,013423 0,080538
воинское 5,010635 5,010635
расширенный 0,013423 0,013423
отмечают 2,525729 2,525729
народная 3,218876 16,094379
широчайшие 3,624341 3,624341
такое 1,875141 5,625423
новыесначала 0,013423 0,013423
инфраструктуре 3,912023 3,912023
шапка 0,013423 0,013423
отправить 0,013423 0,147653
продолжить 0,013423 0,013423
используются 2,612740 2,612740
справки 1,875141 1,875141
решении 0,013423 0,013423
рассказал 1,347074 2,694147
пышма 4,317488 4,317488
воспользуйтесь 0,013423 0,040269
участие 0,006689 0,006689
донецкая 3,624341 18,121705
аккаунт 0,013423 0,053692
экономика 0,292136 0,292136
обсуждение 0,013423 0,013423
улучшили 5,010635 5,010635
достигнуты 4,317488 4,317488
использовать 0,013423 0,013423
опечатка 0,013423 0,013423
центра 3,064725 3,064725
блокировки 0,013423 0,013423
онлайн 0,013423 0,013423
армата 5,010635 5,010635
контактов 0,013423 0,013423
почта 0,013423 0,080538
уральские 3,401197 3,401197
гвардии 4,317488 4,317488
апреля 0,013423 0,026846
фамилия 0,013423 0,013423
нами 0,013423 0,093961
яндекс 0,013423 0,026846
удалили 0,013423 0,040269
либо 0,013423 0,013423
военных 2,708050 2,708050
вакансии 0,013423 0,013423
аккаунту 0,013423 0,013423
открываемого 0,013423 0,026846
наемников 3,912023 3,912023
нажимая 0,013423 0,013423
поиск 0,013423 0,013423
вами 0,013423 0,013423
недопустимое 0,013423 0,013423
категории 2,708050 2,708050
всу 2,238047 11,190233
запаса 4,317488 4,317488
согласны 0,013423 0,040269
истек 0,013423 0,013423
невозможно 2,525729 2,525729
ленинградской 4,317488 4,317488
предприятию 0,013423 0,026846
рекламы 0,013423 0,013423
нанесли 3,912023 3,912023
внимание 0,013423 0,013423
принимать 0,013423 0,013423
площадку 3,218876 3,218876
соц 2,371578 2,371578
билете 5,010635 5,010635
сможете 0,013423 0,013423
года 0,006689 0,006689
калужская 5,010635 5,010635
ознакомлены 0,013423 0,013423
распределительном 5,010635 5,010635
доброполье 5,010635 5,010635
днепра 5,010635 5,010635
моих 0,013423 0,026846
предприятие 0,013423 0,013423
наука 0,292136 0,292136
событием 3,624341 3,624341
бпла 3,401197 17,005987
обсуждения 0,013423 0,013423
блокировкой 0,013423 0,040269
