лауреат 4,317488 4,317488
законным 0,013423 0,013423
стандартный 5,010635 5,010635
рф 1,181994 3,545982
девять 3,912023 3,912023
день 1,203973 2,407946
найти 0,013423 0,013423
основанием 0,013423 0,013423
письмо 0,013423 0,013423
содержания 3,401197 3,401197
учреждения 5,010635 10,021271
спасибо 0,013423 0,013423
повлиять 4,317488 4,317488
атласы 5,010635 5,010635
вуз 5,010635 5,010635
чья 4,317488 4,317488
заявил 1,427116 1,427116
согласие 0,013423 0,026846
некоторых 2,525729 2,525729
отличается 3,064725 3,064725
письму 5,010635 5,010635
центр 0,190354 0,190354
работ 3,912023 3,912023
округляют 5,010635 5,010635
одну 2,813411 2,813411
декабря 1,098612 2,197225
воду 2,302585 2,302585
задание 5,010635 20,042541
заявление 2,445686 2,445686
минпросвещения 5,010635 10,021271
заданий 5,010635 30,063812
задании 5,010635 15,031906
получен 5,010635 5,010635
связаться 0,013423 0,080538
вслух 5,010635 5,010635
иностранные 3,912023 19,560115
те 2,813411 8,440232
одна 2,612740 5,225480
реклама 0,190354 0,190354
фото 0,013423 0,026846
содержание 3,624341 3,624341
самим 4,317488 4,317488
лет 1,514128 1,514128
связь 0,006689 0,013378
иностранным 5,010635 5,010635
учащимся 4,317488 4,317488
задания 5,010635 30,063812
такие 2,525729 7,577186
иностранный 5,010635 15,031906
заявления 2,708050 2,708050
документально 5,010635 5,010635
снижен 5,010635 5,010635
готово 0,013423 0,026846
спецификации 5,010635 5,010635
учебной 5,010635 5,010635
относятся 2,813411 2,813411
суд 2,066196 2,066196
занимает 2,813411 2,813411
дополнительного 5,010635 15,031906
балл 5,010635 40,085082
устно 5,010635 10,021271
интерфейса 5,010635 5,010635
главные 2,931194 2,931194
информационных 0,013423 0,013423
лишнего 3,624341 3,624341
размещения 0,013423 0,013423
конфиденциальности 0,013423 0,053692
связи 0,013423 0,107384
эксперимент 5,010635 15,031906
заголовок 0,013423 0,026846
подготовиться 4,317488 4,317488
выведен 5,010635 5,010635
процесса 0,013423 0,013423
адресу 0,013423 0,026846
резервные 5,010635 20,042541
проблему 0,013423 0,013423
предпочтениями 4,317488 4,317488
отмечает 1,966113 7,864451
данных 0,013423 0,120807
проблемы 2,238047 2,238047
справочные 5,010635 5,010635
учетная 3,912023 3,912023
записывать 5,010635 5,010635
точного 5,010635 5,010635
дмитрия 4,317488 4,317488
социальный 2,708050 8,124151
письма 0,013423 0,013423
экзаменов 5,010635 35,074447
черновика 5,010635 5,010635
часов 0,013423 0,040269
соглашаетесь 0,013423 0,013423
серьезно 3,912023 3,912023
главный 0,013423 0,013423
данные 0,013423 0,026846
критериям 4,317488 12,952464
иной 3,401197 3,401197
имени 2,371578 2,371578
также 1,139434 4,557737
ппэ 5,010635 5,010635
проекта 3,624341 3,624341
последнее 3,218876 6,437752
прошлые 5,010635 5,010635
передумал 5,010635 5,010635
одной 2,120264 2,120264
фотографию 0,013423 0,013423
экономя 5,010635 5,010635
отправлено 0,013423 0,013423
классный 5,010635 5,010635
снова 2,612740 2,612740
сначала 0,013423 0,013423
предметах 5,010635 10,021271
поступающие 5,010635 5,010635
окончании 4,317488 4,317488
изменение 3,218876 3,218876
начать 3,218876 3,218876
предметам 5,010635 55,116988
официальная 4,317488 4,317488
часа 1,875141 7,500564
изменений 4,317488 12,952464
периодическая 5,010635 5,010635
профильных 5,010635 5,010635
протоколы 5,010635 5,010635
однако 1,966113 3,932226
перейдите 0,013423 0,013423
конфликтную 5,010635 5,010635
специальности 3,912023 3,912023
согласен 5,010635 5,010635
слов 3,912023 19,560115
языки 3,624341 18,121705
июня 2,066196 24,794356
система 3,401197 3,401197
закрыто 0,013423 0,013423
сколько 0,006689 0,026756
материалов 0,013423 0,053692
изменить 3,912023 3,912023
могут 1,643339 9,860037
отправлена 0,013423 0,013423
чате 0,013423 0,013423
июнь 3,624341 7,248682
языку 4,317488 43,174881
получил 2,612740 7,838220
стороны 2,238047 2,238047
химия 4,317488 34,539905
угодно 4,317488 4,317488
чату 0,013423 0,013423
редакцией 0,013423 0,013423
дают 3,401197 10,203592
сторону 3,064725 3,064725
поддержку 3,912023 3,912023
пример 3,218876 9,656627
июне 3,401197 6,802395
специальностей 5,010635 5,010635
дисциплину 5,010635 5,010635
мирошина 5,010635 5,010635
часть 1,919593 9,597964
рассмотрены 0,013423 0,013423
заведения 5,010635 5,010635
осталось 3,624341 3,624341
изменилось 4,317488 8,634976
встретишь 5,010635 5,010635
каждому 3,218876 9,656627
класс 5,010635 15,031906
практические 3,912023 3,912023
химии 5,010635 25,053176
перетяните 0,013423 0,013423
некоторые 2,525729 5,051457
архив 0,190354 0,190354
июля 1,791759 8,958797
липецкой 3,912023 3,912023
богодвид 3,218876 6,437752
ошибках 0,013423 0,013423
допускалась 5,010635 5,010635
изменения 2,813411 28,134107
обязательная 5,010635 5,010635
личные 3,064725 3,064725
подтвержденным 5,010635 5,010635
русского 3,064725 6,129450
химию 5,010635 5,010635
процесс 2,014903 2,014903
уточнили 5,010635 10,021271
логические 5,010635 5,010635
выпуска 0,013423 0,013423
раскрытие 5,010635 5,010635
списка 0,013423 0,013423
освобождение 2,931194 2,931194
формой 0,013423 0,067115
обучается 5,010635 5,010635
итоговая 5,010635 5,010635
дается 3,912023 3,912023
ученики 5,010635 15,031906
надежда 3,624341 7,248682
российской 1,678431 1,678431
сдают 5,010635 25,053176
словарь 5,010635 5,010635
местному 5,010635 10,021271
одинаковая 5,010635 5,010635
навыки 5,010635 10,021271
федеральное 0,013423 0,013423
неудовлетворительной 5,010635 5,010635
федеральной 0,013423 0,013423
мирошин 5,010635 5,010635
поступить 4,317488 21,587441
единые 5,010635 5,010635
каналу 5,010635 5,010635
международное 0,013423 0,040269
текста 4,317488 8,634976
будут 0,013423 0,053692
новостей 0,006689 0,006689
разрабатывает 5,010635 5,010635
четко 3,624341 3,624341
приказом 3,912023 3,912023
наоборот 3,401197 3,401197
систему 3,624341 7,248682
перейти 1,203973 6,019864
решать 5,010635 5,010635
калькулятор 4,317488 12,952464
прямо 2,931194 2,931194
нужны 3,064725 3,064725
техникум 5,010635 20,042541
школах 5,010635 5,010635
нужно 1,455287 16,008160
системы 2,302585 2,302585
медицинский 4,317488 4,317488
любые 3,624341 3,624341
интерес 3,218876 3,218876
сочинения 5,010635 10,021271
колледжи 4,317488 12,952464
обратной 0,013423 0,067115
траектория 5,010635 5,010635
подкасты 0,292136 0,292136
определиться 4,317488 4,317488
фипи 5,010635 20,042541
ограничены 5,010635 5,010635
подготовку 5,010635 10,021271
дисциплин 5,010635 5,010635
оглавление 1,791759 1,791759
напряжений 5,010635 5,010635
сообщает 5,010635 5,010635
квалифицированной 5,010635 5,010635
капиллярную 5,010635 5,010635
подготовки 2,931194 11,724775
закон 2,813411 2,813411
экспертные 4,317488 12,952464
рост 3,218876 3,218876
удовлетворить 5,010635 5,010635
предусмотреть 5,010635 5,010635
найдет 5,010635 5,010635
спортсмен 5,010635 5,010635
четырех 3,401197 3,401197
комиссию 5,010635 5,010635
комиссия 4,317488 8,634976
сдаваемых 5,010635 5,010635
описанием 0,013423 0,013423
предложенных 5,010635 5,010635
взять 2,931194 5,862388
измерений 5,010635 5,010635
четырем 4,317488 4,317488
понятно 3,624341 3,624341
используется 0,013423 0,013423
выбрал 4,317488 4,317488
официальном 3,624341 3,624341
средний 3,064725 3,064725
окончания 3,624341 3,624341
егэ 5,010635 15,031906
проходят 3,624341 7,248682
рособрнадзор 5,010635 10,021271
нарушения 5,010635 5,010635
мире 0,274437 0,274437
педагог 5,010635 10,021271
эл 0,013423 0,013423
допустить 3,912023 3,912023
уменьшиться 5,010635 5,010635
беседу 5,010635 5,010635
неудовлетворительную 5,010635 5,010635
дзен 0,851752 0,851752
изменили 5,010635 10,021271
чаще 2,612740 2,612740
почему 0,013423 0,013423
вопросам 0,013423 0,040269
относительно 4,317488 4,317488
вконтакте 0,013423 0,026846
области 1,919593 1,919593
навсегда 0,013423 0,013423
нарушение 0,013423 0,040269
сокращения 4,317488 4,317488
болезни 5,010635 5,010635
сочинение 5,010635 20,042541
сочинении 5,010635 5,010635
общие 4,317488 4,317488
проводятся 4,317488 4,317488
аттестации 5,010635 35,074447
принимает 3,624341 3,624341
эксперименте 5,010635 5,010635
назад 0,013423 0,067115
помогает 2,813411 2,813411
регламентируется 5,010635 5,010635
болезнь 4,317488 4,317488
составлено 5,010635 5,010635
школьников 4,317488 25,904929
список 2,014903 2,014903
эксперименту 5,010635 5,010635
русскому 4,317488 38,857393
единому 4,317488 4,317488
институт 3,912023 3,912023
позволяющие 5,010635 5,010635
зубовский 0,013423 0,026846
заполнить 0,013423 0,026846
собеседование 5,010635 5,010635
нововведения 4,317488 12,952464
предыдущей 5,010635 5,010635
обществознание 5,010635 35,074447
осуществляется 0,013423 0,013423
общество 0,265703 0,265703
другие 0,013423 0,040269
аттестация 5,010635 5,010635
открываются 3,912023 7,824046
профессиональный 5,010635 5,010635
общем 3,218876 6,437752
французский 3,912023 3,912023
сдаче 5,010635 10,021271
физкультуре 5,010635 5,010635
надзору 0,013423 0,013423
нового 1,678431 5,035292
медиабанксдача 5,010635 5,010635
сдачи 5,010635 30,063812
издание 0,013423 0,013423
бульвар 0,013423 0,026846
хотите 0,013423 0,013423
заполните 0,013423 0,067115
классах 5,010635 10,021271
сетевое 0,013423 0,013423
контролирует 4,317488 4,317488
сдача 5,010635 25,053176
вновь 0,013423 0,013423
обществознанию 5,010635 10,021271
сменить 0,013423 0,013423
стоит 1,714798 3,429597
участвовать 0,013423 0,026846
сообщить 0,013423 0,013423
ученик 5,010635 15,031906
указанного 5,010635 5,010635
критериями 5,010635 5,010635
скриншот 0,013423 0,040269
федерации 2,177422 2,177422
позволяют 4,317488 4,317488
округлением 5,010635 5,010635
определение 3,624341 3,624341
варианты 2,708050 2,708050
менделеева 5,010635 5,010635
диалог 5,010635 5,010635
формулировка 5,010635 5,010635
линия 4,317488 4,317488
перераспределение 5,010635 5,010635
преподаватель 3,912023 3,912023
спорт 0,190354 0,190354
набрать 5,010635 5,010635
субъектов 3,624341 7,248682
четыре 2,612740 7,838220
образования 3,624341 7,248682
взаимодействия 0,013423 0,026846
требованиями 2,931194 5,862388
здоровьем 5,010635 5,010635
оформлять 4,317488 4,317488
сохранить 0,013423 0,026846
информационное 0,013423 0,040269
техникумы 4,317488 4,317488
основной 3,401197 30,610776
ответами 5,010635 5,010635
программ 3,912023 3,912023
основном 3,624341 7,248682
рассуждение 5,010635 5,010635
основное 2,931194 2,931194
работам 5,010635 5,010635
немецкий 4,317488 4,317488
федеральному 0,013423 0,026846
причинам 4,317488 8,634976
высокой 3,218876 3,218876
контрольно 5,010635 5,010635
важно 2,120264 6,360791
полное 3,401197 3,401197
подается 3,401197 3,401197
выпускникам 5,010635 5,010635
имеют 2,525729 2,525729
опасения 5,010635 10,021271
проходит 2,931194 5,862388
фио 0,013423 0,013423
изменились 5,010635 5,010635
образовании 3,624341 7,248682
образование 3,401197 10,203592
пожалуйста 0,013423 0,013423
фис 5,010635 10,021271
паспорт 2,931194 2,931194
тех 2,177422 6,532266
необходимо 1,791759 7,167038
монолог 5,010635 5,010635
человека 2,177422 2,177422
ниже 0,013423 0,040269
версия 0,013423 0,013423
алгебру 5,010635 5,010635
исправить 3,624341 3,624341
школьники 5,010635 20,042541
поля 0,013423 0,093961
баллами 5,010635 5,010635
редакторе 5,010635 5,010635
важны 4,317488 4,317488
многолетним 5,010635 5,010635
обычно 2,813411 2,813411
школьника 4,317488 4,317488
государственному 0,013423 0,026846
растворимости 5,010635 5,010635
требуются 3,912023 3,912023
периодов 4,317488 17,269952
поле 0,013423 0,013423
выполнение 3,912023 7,824046
работу 2,708050 2,708050
зарегистрировано 0,013423 0,013423
рубежом 3,912023 3,912023
туризм 0,283247 0,283247
руководство 3,401197 3,401197
адрес 0,013423 0,040269
рекомендует 3,624341 3,624341
образовательная 4,317488 4,317488
соответствии 0,013423 0,040269
заданиями 5,010635 5,010635
соответствие 5,010635 15,031906
работа 2,612740 2,612740
загрузите 0,013423 0,013423
небольшая 3,912023 3,912023
сообщения 0,013423 0,053692
загрузить 0,013423 0,013423
ожидание 5,010635 5,010635
российских 1,966113 1,966113
аттестате 5,010635 10,021271
критерий 4,317488 4,317488
направлении 0,013423 0,013423
критерии 5,010635 5,010635
замеченных 0,013423 0,013423
телефон 0,013423 0,013423
аттестата 5,010635 55,116988
морковкина 5,010635 5,010635
перекус 3,218876 3,218876
принимается 3,912023 3,912023
кряжев 3,401197 6,802395
период 1,160488 8,123414
рособрнадзора 5,010635 10,021271
являясь 5,010635 5,010635
этикетки 5,010635 5,010635
программном 5,010635 5,010635
работы 2,302585 4,605170
рабочего 3,912023 3,912023
сообщение 0,013423 0,134230
короткий 5,010635 5,010635
регионов 3,218876 3,218876
старые 0,013423 0,013423
виде 2,177422 2,177422
кроме 1,919593 3,839186
остальные 3,624341 10,873023
попробуйте 0,013423 0,013423
подход 3,218876 3,218876
финансового 2,066196 6,198589
подтвердить 4,317488 4,317488
остальным 3,912023 3,912023
наукам 5,010635 5,010635
оба 3,218876 3,218876
везде 5,010635 10,021271
материалы 1,643339 4,930018
критерию 5,010635 10,021271
получает 3,912023 11,736069
расчеты 4,317488 4,317488
проблемного 5,010635 5,010635
выражает 5,010635 5,010635
пользу 3,064725 3,064725
добавили 4,317488 4,317488
предмет 3,624341 18,121705
статьи 0,013423 0,013423
факультета 4,317488 4,317488
подтвердите 0,013423 0,013423
ограничений 3,401197 6,802395
брать 2,931194 5,862388
перетащите 0,013423 0,040269
следит 3,912023 3,912023
процедуру 3,218876 3,218876
максимальный 5,010635 20,042541
материале 0,013423 0,040269
культура 0,292136 0,292136
больницы 3,624341 3,624341
материала 0,013423 0,026846
экзаменационной 5,010635 5,010635
происшествия 0,292136 0,292136
вашего 0,013423 0,013423
профессионального 3,912023 3,912023
предметов 5,010635 20,042541
паролем 0,013423 0,013423
процедура 3,624341 3,624341
захотят 4,317488 8,634976
набрал 4,317488 4,317488
языкам 5,010635 5,010635
зарегистрируйтесь 0,013423 0,013423
обо 0,013423 0,013423
максимальных 5,010635 5,010635
появятся 3,912023 3,912023
пересдать 5,010635 25,053176
определяет 3,912023 3,912023
зависит 2,371578 7,114734
запретил 3,912023 3,912023
компьютеры 4,317488 4,317488
редактор 0,013423 0,013423
ранний 5,010635 5,010635
фгуп 0,499776 2,498879
получить 1,752539 8,762694
планировал 5,010635 5,010635
язык 3,401197 47,616763
отправленного 0,013423 0,013423
государственный 2,931194 14,655969
следить 3,624341 3,624341
поступать 4,317488 4,317488
экономической 3,064725 6,129450
связанные 0,013423 0,013423
резкого 5,010635 5,010635
тщательно 2,445686 2,445686
плеханова 3,912023 3,912023
решено 3,624341 3,624341
обратная 0,013423 0,026846
риа 0,006689 0,100335
огэ 3,912023 328,609932
организациях 4,317488 4,317488
право 2,525729 2,525729
связанных 0,013423 0,013423
опишите 0,013423 0,013423
обстоятельства 5,010635 5,010635
просвещения 5,010635 10,021271
правительстве 2,177422 6,532266
времени 2,238047 11,190233
год 0,967584 4,837920
максим 2,525729 5,051457
десятый 4,317488 4,317488
увеличение 3,624341 7,248682
аттестационным 5,010635 5,010635
лечение 3,912023 3,912023
почты 0,013423 0,013423
экзаменационная 5,010635 5,010635
гуманитарную 4,317488 4,317488
итоговую 4,317488 4,317488
языка 5,010635 10,021271
мая 1,832581 12,828070
методист 5,010635 5,010635
поэтому 2,014903 2,014903
началом 3,401197 3,401197
длительность 4,317488 12,952464
мае 3,401197 3,401197
форматов 4,317488 4,317488
агентство 0,013423 0,040269
механизмы 5,010635 5,010635
даётся 5,010635 10,021271
регионах 2,931194 2,931194
портале 3,401197 3,401197
остались 4,317488 4,317488
агентства 0,013423 0,013423
сегодня 0,013423 0,134230
выпускник 4,317488 30,222417
быстрее 2,813411 2,813411
формулами 5,010635 5,010635
указывает 3,218876 3,218876
сообществ 5,010635 5,010635
руководитель 2,708050 5,416100
вместе 2,302585 2,302585
такое 1,875141 7,500564
международных 3,912023 3,912023
таком 3,218876 3,218876
руки 3,401197 3,401197
запачкает 5,010635 5,010635
отдельно 3,218876 3,218876
влияет 2,525729 2,525729
логику 5,010635 5,010635
ближе 4,317488 4,317488
шапка 0,013423 0,013423
участвует 4,317488 4,317488
отправить 0,013423 0,147653
продолжить 0,013423 0,053692
запрос 3,624341 3,624341
пересдача 5,010635 25,053176
решение 1,791759 3,583519
решении 0,013423 0,013423
проходить 3,912023 3,912023
учебного 5,010635 10,021271
формате 3,624341 21,746046
истории 2,612740 7,838220
воспользуйтесь 0,013423 0,040269
аккаунт 0,013423 0,053692
экономика 0,292136 0,292136
состав 2,525729 2,525729
сентябрьского 5,010635 5,010635
обсуждение 0,013423 0,013423
организацию 3,218876 6,437752
оптимальным 5,010635 10,021271
блокировки 0,013423 0,013423
указать 3,218876 3,218876
которая 1,643339 1,643339
содержать 3,912023 3,912023
формату 5,010635 5,010635
почта 0,013423 0,080538
организации 2,525729 2,525729
школу 3,912023 11,736069
главная 2,120264 2,120264
уверенности 5,010635 5,010635
алексея 3,912023 3,912023
история 1,484275 8,905649
таблица 3,401197 10,203592
фамилия 0,013423 0,013423
пересдачу 5,010635 10,021271
полученных 3,624341 3,624341
школа 4,317488 8,634976
яндекс 0,013423 0,026846
светлана 2,813411 2,813411
объявления 4,317488 8,634976
источники 3,624341 14,497364
удалили 0,013423 0,040269
повторять 3,912023 3,912023
либо 0,013423 0,013423
принести 4,317488 4,317488
школе 5,010635 25,053176
согласно 2,371578 7,114734
итоговой 5,010635 30,063812
аккаунту 0,013423 0,013423
пересдачи 5,010635 20,042541
открываемого 0,013423 0,026846
поиск 0,013423 0,013423
ксения 3,401197 6,802395
подписал 3,624341 3,624341
развернутыми 5,010635 5,010635
согласны 0,013423 0,040269
коснулись 5,010635 10,021271
набравший 5,010635 5,010635
рекламы 0,013423 0,013423
участник 3,624341 3,624341
лабораторное 5,010635 5,010635
алексей 1,966113 1,966113
текстовый 3,912023 11,736069
расписание 2,612740 31,352880
форматы 4,317488 4,317488
металлов 5,010635 5,010635
прохождение 4,317488 4,317488
учащихся 4,317488 25,904929
точность 3,624341 3,624341
разрешенных 5,010635 5,010635
оборудование 3,401197 3,401197
прохождении 4,317488 4,317488
положительной 4,317488 4,317488
спецификациях 5,010635 5,010635
профвыбора 5,010635 5,010635
перерывы 5,010635 5,010635
обсуждения 0,013423 0,013423
заранее 2,708050 2,708050
предстоит 3,401197 6,802395
второй 2,445686 2,445686
блокировкой 0,013423 0,040269
условия 2,612740 2,612740
специальностям 4,317488 4,317488
апелляции 5,010635 5,010635
дальнейшем 3,624341 7,248682
подтвержденная 4,317488 4,317488
специальных 3,912023 3,912023
новый 0,013423 0,026846
заданиях 5,010635 5,010635
новые 1,643339 8,216697
подаче 3,401197 3,401197
испанский 5,010635 5,010635
программах 5,010635 5,010635
специальные 3,218876 3,218876
программам 3,912023 3,912023
менее 2,177422 6,532266
дисциплинам 5,010635 5,010635
доступ 0,013423 0,026846
пойти 3,401197 3,401197
тренироваться 5,010635 5,010635
должно 2,708050 2,708050
миа 0,013423 0,093961
задать 0,013423 0,013423
теги 0,190354 0,190354
полный 2,612740 2,612740
автору 0,013423 0,013423
первой 3,064725 3,064725
показано 5,010635 5,010635
кодификаторы 5,010635 5,010635
соответствует 3,624341 7,248682
мысль 5,010635 5,010635
остался 3,912023 3,912023
александр 1,455287 2,910574
текстовом 5,010635 5,010635
должны 0,013423 0,053692
словам 1,752539 3,505078
экзамена 5,010635 65,138259
г 0,013423 0,040269
д 0,013423 0,026846
экзамене 5,010635 40,085082
кому 2,371578 9,486312
политика 0,013423 0,026846
силы 2,014903 2,014903
й 2,014903 4,029806
изложении 5,010635 5,010635
изложение 5,010635 10,021271
гигиены 5,010635 5,010635
санкт 2,525729 2,525729
госуслуги 2,813411 2,813411
течение 0,013423 0,040269
какие 2,177422 13,064532
запаха 4,317488 4,317488
дополнительный 3,912023 3,912023
возможностей 3,912023 3,912023
каким 3,624341 3,624341
тратить 3,624341 3,624341
вариант 2,371578 2,371578
основных 2,445686 2,445686
ответа 2,708050 2,708050
россииосновной 5,010635 5,010635
инженерно 5,010635 5,010635
каких 2,525729 5,051457
большую 3,064725 3,064725
русский 2,931194 35,174325
гибкой 5,010635 5,010635
этап 3,912023 7,824046
бутылке 5,010635 5,010635
выбирают 3,912023 3,912023
небольшой 2,931194 2,931194
время 0,013423 0,093961
краткими 5,010635 5,010635
явиться 5,010635 5,010635
ресурсы 3,401197 3,401197
средства 2,445686 2,445686
восстановления 0,013423 0,013423
ранее 0,013423 0,026846
заданиям 5,010635 5,010635
петербурге 3,624341 3,624341
отсутствовал 4,317488 4,317488
высших 5,010635 5,010635
навигатор 2,931194 11,724775
разблокировать 0,013423 0,040269
подать 2,813411 2,813411
получение 2,931194 2,931194
город 0,013423 0,026846
появится 3,064725 3,064725
физику 5,010635 5,010635
состоит 3,401197 3,401197
обращаем 0,013423 0,013423
физики 5,010635 5,010635
физике 5,010635 5,010635
экзаменационных 5,010635 5,010635
написать 0,013423 0,013423
новостеймолния 0,013423 0,013423
дальнейшая 4,317488 4,317488
указанные 3,218876 3,218876
последствия 1,966113 5,898339
вырасти 5,010635 5,010635
физика 4,317488 30,222417
одноклассники 0,013423 0,026846
проходили 3,912023 3,912023
экзаменационный 5,010635 10,021271
своего 2,708050 2,708050
одобрена 5,010635 5,010635
получения 2,445686 4,891372
показать 0,013423 0,013423
кнопку 0,013423 0,013423
инструкции 3,064725 3,064725
коммуникаций 0,013423 0,013423
рисками 4,317488 8,634976
сдал 5,010635 5,010635
основные 2,612740 2,612740
отсутствие 2,612740 2,612740
пароль 0,013423 0,080538
отсутствии 3,624341 3,624341
пароля 0,013423 0,053692
хотя 2,371578 2,371578
файлов 3,912023 3,912023
счет 2,445686 2,445686
порядок 2,445686 7,337058
госуслуг 3,218876 3,218876
ким 5,010635 35,074447
вход 0,013423 0,013423
соревнованиях 3,624341 3,624341
продукты 0,150823 0,150823
читать 0,851752 0,851752
удалено 0,013423 0,013423
ответы 3,064725 6,129450
возможна 3,912023 3,912023
равно 3,401197 6,802395
гаврилова 0,013423 0,013423
перенесут 5,010635 5,010635
комиссией 3,912023 3,912023
оценка 5,010635 5,010635
расположенному 0,013423 0,026846
обязательно 2,931194 5,862388
назначены 5,010635 5,010635
выпускниками 5,010635 5,010635
всем 1,455287 5,821149
справился 4,317488 4,317488
оценки 3,624341 10,873023
мера 3,401197 3,401197
этапа 4,317488 4,317488
оценку 4,317488 17,269952
учредитель 0,013423 0,013423
лишь 2,371578 4,743156
середину 5,010635 5,010635
мое 0,013423 0,026846
ссылка 0,013423 0,026846
ссылке 0,013423 0,013423
образовательной 5,010635 5,010635
ссылки 0,013423 0,013423
помочь 0,013423 0,013423
смог 3,401197 3,401197
указаниями 5,010635 5,010635
обязательны 0,013423 0,093961
середине 3,624341 3,624341
сможет 3,401197 3,401197
арифметическое 5,010635 5,010635
причиной 4,317488 4,317488
предмета 5,010635 40,085082
роскомнадзор 0,013423 0,013423
оценивались 5,010635 5,010635
остаться 3,218876 3,218876
блокировался 0,013423 0,013423
утверждает 3,218876 6,437752
прежним 5,010635 5,010635
гэк 5,010635 5,010635
профессия 4,317488 8,634976
профессию 5,010635 5,010635
становится 2,708050 2,708050
москве 1,118815 3,356445
москва 0,006689 0,020067
воспользоваться 0,013423 0,013423
девятых 5,010635 10,021271
входа 0,013423 0,026846
экзамен 5,010635 60,127624
предмету 5,010635 20,042541
моё 0,013423 0,013423
публикуются 4,317488 4,317488
результат 3,218876 3,218876
подают 4,317488 4,317488
эта 2,371578 2,371578
результаты 3,912023 31,296184
окончательное 4,317488 4,317488
прозрачной 5,010635 5,010635
логичность 5,010635 5,010635
документ 3,218876 12,875503
стресса 5,010635 5,010635
которой 2,238047 4,476093
устное 5,010635 5,010635
политикой 0,013423 0,040269
приведены 5,010635 5,010635
рабочей 3,912023 3,912023
профессии 4,317488 8,634976
комфортных 3,912023 3,912023
обработки 0,013423 0,026846
даю 0,013423 0,026846
высказывает 5,010635 5,010635
аттестат 5,010635 35,074447
разделе 2,931194 2,931194
обработку 0,013423 0,026846
писателей 5,010635 5,010635
работать 2,708050 10,832201
редакции 0,013423 0,026846
возможно 2,708050 2,708050
обучение 3,624341 10,873023
обращений 0,013423 0,013423
паниковать 5,010635 5,010635
действуют 3,624341 3,624341
раньше 3,064725 9,194175
большинстве 3,912023 3,912023
провести 3,401197 3,401197
обработка 0,013423 0,013423
это 0,013423 0,120807
качественно 4,317488 4,317488
код 3,401197 3,401197
удостоверяющий 4,317488 4,317488
распространять 5,010635 5,010635
математики 5,010635 15,031906
знаниях 5,010635 5,010635
этих 2,302585 6,907755
предметы 2,612740 41,803840
две 2,177422 2,177422
математике 5,010635 30,063812
кабинете 3,064725 3,064725
набрали 5,010635 5,010635
новую 0,013423 0,013423
математика 4,317488 47,492369
массовых 0,013423 0,013423
выполнения 3,401197 3,401197
цифровые 3,624341 3,624341
математику 5,010635 5,010635
пройдена 0,013423 0,013423
конкретную 5,010635 5,010635
зарегистрироваться 0,013423 0,053692
пожаловаться 0,013423 0,013423
сентября 1,514128 15,141277
салфетки 3,912023 3,912023
установлена 4,317488 4,317488
предназначенный 5,010635 5,010635
новости 0,006689 0,107024
войти 0,013423 0,053692
пробелы 5,010635 5,010635
региона 3,401197 3,401197
старт 5,010635 5,010635
электронной 0,013423 0,013423
чтение 5,010635 5,010635
сентябре 3,624341 10,873023
длятся 5,010635 10,021271
личности 3,401197 3,401197
действия 0,013423 0,013423
радио 0,274437 0,274437
защита 0,013423 0,013423
дополнили 5,010635 5,010635
регистрация 0,013423 0,040269
тезис 5,010635 5,010635
минимум 2,612740 5,225480
изучение 5,010635 5,010635
основного 3,218876 12,875503
использования 0,013423 0,013423
особый 3,218876 3,218876
восстановление 0,013423 0,040269
государственного 3,912023 7,824046
опытом 4,317488 4,317488
арифметический 5,010635 5,010635
государственное 0,013423 0,013423
сосредоточиться 5,010635 5,010635
обучения 3,624341 3,624341
государственной 2,813411 14,067054
ерошевская 5,010635 20,042541
программе 2,813411 2,813411
спецпроекты 0,190354 0,190354
просим 0,013423 0,013423
заблокирован 0,013423 0,013423
ошибку 0,013423 0,013423
защиты 0,013423 0,013423
путин 1,514128 1,514128
уважительным 5,010635 10,021271
организуются 5,010635 5,010635
мнения 4,317488 12,952464
обращения 0,013423 0,026846
программу 3,218876 3,218876
выпускников 5,010635 25,053176
первый 2,014903 2,014903
ошибки 3,401197 10,203592
занимается 3,912023 3,912023
программы 2,525729 10,102915
рэу 3,912023 3,912023
минут 1,297063 5,188253
мнению 2,708050 2,708050
бывшее 5,010635 5,010635
ошибка 0,013423 0,026846
нужного 3,624341 3,624341
рекомендации 2,931194 5,862388
обязательных 5,010635 5,010635
вопрос 0,006689 0,006689
отметка 4,317488 4,317488
мишустин 3,624341 3,624341
экзамены 4,317488 47,492369
подтверждаете 0,013423 0,013423
орфографический 5,010635 5,010635
капустина 5,010635 10,021271
марта 1,678431 5,035292
ваш 0,013423 0,053692
обязательные 3,912023 15,648092
имя 0,013423 0,067115
ответ 2,931194 5,862388
ребенка 2,525729 2,525729
срок 0,013423 0,040269
выпускники 5,010635 10,021271
личность 3,218876 3,218876
дальнейший 5,010635 5,010635
технологий 0,013423 0,026846
фактологическая 5,010635 5,010635
выпускника 5,010635 20,042541
выпускнику 5,010635 5,010635
включает 3,624341 3,624341
отметки 5,010635 5,010635
материал 0,013423 0,013423
оборудованы 5,010635 5,010635
одному 3,912023 3,912023
досрочный 5,010635 5,010635
результатов 5,010635 5,010635
соревнований 5,010635 5,010635
карандаш 5,010635 5,010635
конкурса 3,624341 3,624341
успешно 0,013423 0,013423
госсовете 5,010635 5,010635
приказу 5,010635 5,010635
лента 0,006689 0,013378
объемом 5,010635 10,021271
свидетельства 3,624341 3,624341
засчитывается 5,010635 5,010635
совпадения 5,010635 5,010635
заблокированы 0,013423 0,013423
нагрузки 5,010635 5,010635
выбрали 5,010635 5,010635
учитель 4,317488 8,634976
сфере 0,013423 0,013423
ряд 2,931194 2,931194
ах 3,912023 3,912023
проверка 4,317488 4,317488
приказе 5,010635 5,010635
успешной 4,317488 12,952464
проверке 5,010635 10,021271
нагрузку 5,010635 5,010635
свидетельство 0,013423 0,013423
проверки 3,064725 3,064725
проверяться 5,010635 5,010635
иностранному 3,912023 15,648092
запись 3,624341 3,624341
министерства 3,624341 7,248682
правила 0,013423 0,161076
вырос 5,010635 10,021271
медсправка 5,010635 5,010635
учета 3,401197 3,401197
возможности 2,302585 2,302585
сохранение 3,912023 3,912023
литературоведческих 5,010635 5,010635
комментирования 0,013423 0,026846
пошаговыми 5,010635 5,010635
перешли 5,010635 5,010635
даты 2,813411 19,693875
дать 2,066196 2,066196
пресс 0,013423 0,026846
россии 0,395515 0,791030
применения 0,013423 0,013423
английский 5,010635 5,010635
минимальные 5,010635 30,063812
результатам 2,445686 4,891372
минимальный 4,317488 8,634976
документами 4,317488 8,634976
заведениях 5,010635 5,010635
государственная 3,624341 7,248682
персональных 0,013423 0,107384
баллов 4,317488 38,857393
произошла 0,013423 0,026846
образовательных 3,912023 3,912023
привели 3,624341 3,624341
возможных 3,912023 3,912023
программой 5,010635 5,010635
начинаются 5,010635 10,021271
минимальных 4,317488 12,952464
ваше 0,013423 0,107384
дата 0,013423 0,040269
сайте 0,013423 0,026846
вернуться 3,624341 3,624341
важность 4,317488 4,317488
снижение 3,912023 3,912023
ваши 0,013423 0,013423
очередь 2,238047 2,238047
измерительные 5,010635 5,010635
проектов 4,317488 4,317488
разрабатывается 5,010635 5,010635
восстановить 0,013423 0,013423
минимальным 4,317488 4,317488
сниженным 5,010635 5,010635
убрали 4,317488 4,317488
гг 4,317488 4,317488
профессор 3,912023 7,824046
порог 3,912023 3,912023
конце 2,238047 2,238047
среднего 3,401197 3,401197
вопроса 0,013423 0,026846
литература 5,010635 30,063812
которую 2,931194 2,931194
узнать 2,302585 6,907755
экзаменатором 5,010635 5,010635
простом 5,010635 5,010635
россия 0,006689 0,107024
существенно 4,317488 4,317488
личной 4,317488 4,317488
тест 2,931194 2,931194
простой 2,120264 2,120264
сдать 5,010635 40,085082
оценивания 5,010635 10,021271
конца 2,445686 2,445686
литературе 4,317488 30,222417
государства 2,931194 2,931194
личном 2,931194 2,931194
свои 2,445686 2,445686
школьной 5,010635 15,031906
подтверждает 3,624341 3,624341
эффективной 5,010635 5,010635
свое 2,445686 2,445686
учетом 3,218876 3,218876
рассказала 2,445686 2,445686
речи 3,912023 3,912023
образовательный 5,010635 5,010635
регистрации 0,013423 0,040269
произошло 2,708050 2,708050
проведение 3,064725 3,064725
рабочих 3,624341 7,248682
причине 3,912023 15,648092
геометрию 5,010635 10,021271
срока 3,218876 3,218876
едиными 5,010635 5,010635
сайт 0,013423 0,026846
досрочная 5,010635 20,042541
сроки 2,525729 2,525729
колледж 5,010635 55,116988
сервисы 0,190354 0,190354
сдающих 5,010635 10,021271
файл 3,912023 7,824046
делится 3,624341 3,624341
другое 0,013423 0,013423
трех 2,177422 2,177422
биографических 5,010635 5,010635
поддерживаетсяполучить 0,013423 0,013423
противном 4,317488 4,317488
питере 5,010635 10,021271
выборные 5,010635 15,031906
двух 2,014903 8,059612
уравнения 4,317488 4,317488
влияют 3,912023 7,824046
трем 4,317488 8,634976
презентацию 5,010635 5,010635
прийти 3,912023 3,912023
результатами 4,317488 4,317488
отправки 0,013423 0,013423
проведения 2,525729 12,628643
унитарному 0,013423 0,026846
учебных 4,317488 4,317488
двум 5,010635 10,021271
раннего 4,317488 4,317488
выдать 3,624341 7,248682
останется 5,010635 10,021271
ставят 4,317488 4,317488
пунктах 5,010635 5,010635
которому 2,931194 2,931194
грамотности 3,912023 11,736069
обновлено 1,003302 1,003302
пропустил 4,317488 4,317488
контроля 3,401197 3,401197
принимают 3,401197 6,802395
неудовлетворительный 5,010635 5,010635
учебные 5,010635 5,010635
положено 4,317488 12,952464
выберите 0,013423 0,040269
выбранных 4,317488 4,317488
вид 2,708050 2,708050
доцента 3,912023 3,912023
письменная 5,010635 15,031906
попасть 3,624341 3,624341
освоить 5,010635 5,010635
экзаменах 5,010635 5,010635
путь 2,612740 2,612740
экзаменам 5,010635 10,021271
защитой 0,013423 0,026846
авторизация 0,013423 0,013423
религия 0,283247 0,283247
дни 2,612740 10,450960
форма 0,013423 0,013423
логином 0,013423 0,013423
рейтинг 0,006689 0,006689
галочку 0,013423 0,013423
переезд 5,010635 5,010635
среднее 4,317488 4,317488
пути 2,813411 8,440232
подробнее 3,064725 3,064725
показатель 3,624341 3,624341
зачет 5,010635 5,010635
медиабанкудостоверение 5,010635 5,010635
направлены 4,317488 4,317488
информатику 5,010635 10,021271
уезжает 5,010635 5,010635
пройдет 3,218876 6,437752
напоминает 3,401197 3,401197
информатики 5,010635 5,010635
направлена 5,010635 5,010635
информатике 5,010635 20,042541
способы 0,013423 0,026846
традиционно 2,612740 2,612740
сопоставление 5,010635 5,010635
информатика 5,010635 35,074447
терминов 5,010635 5,010635
недвижимость 0,292136 0,292136
литературных 5,010635 5,010635
дискуссии 0,013423 0,026846
каком 3,624341 3,624341
рода 4,317488 4,317488
августа 2,120264 2,120264
участником 5,010635 5,010635
ручку 5,010635 10,021271
позволяет 2,445686 4,891372
унитарное 0,013423 0,013423
девятиклассникам 5,010635 5,010635
ограничением 5,010635 5,010635
точные 4,317488 4,317488
теме 3,912023 7,824046
дней 1,832581 3,665163
публикуют 5,010635 10,021271
робот 5,010635 5,010635
форму 0,013423 0,093961
тема 0,013423 0,040269
границу 4,317488 4,317488
объяснить 5,010635 5,010635
участников 2,371578 2,371578
рекомендательных 0,013423 0,013423
черную 4,317488 4,317488
знания 5,010635 10,021271
данная 0,013423 0,013423
заболел 5,010635 5,010635
управления 2,813411 5,626821
техническим 4,317488 8,634976
влажные 5,010635 5,010635
аннулированы 5,010635 5,010635
учащегося 5,010635 5,010635
технические 3,218876 3,218876
редактура 5,010635 5,010635
потренироваться 5,010635 5,010635
проставляя 0,013423 0,013423
заполнения 0,013423 0,093961
полезное 0,182322 0,182322
развернутые 5,010635 5,010635
произведений 5,010635 10,021271
службе 0,013423 0,013423
медиабанк 1,321756 2,643512
релизов 0,013423 0,013423
решением 3,912023 7,824046
уважительной 5,010635 15,031906
ваших 0,013423 0,026846
видакас 5,010635 5,010635
максимум 2,931194 5,862388
классу 4,317488 4,317488
ко 2,177422 2,177422
является 2,066196 4,132393
предложили 3,624341 3,624341
октября 1,832581 1,832581
которые 1,455287 11,642298
решить 3,624341 3,624341
классов 5,010635 35,074447
который 1,160488 4,641951
биологию 5,010635 5,010635
профессиональной 3,401197 3,401197
класса 4,317488 4,317488
устная 5,010635 10,021271
биология 4,317488 34,539905
которым 2,612740 2,612740
идет 2,445686 4,891372
гелевую 5,010635 5,010635
например 1,714798 5,144395
классе 5,010635 20,042541
правил 0,013423 0,053692
балла 4,317488 8,634976
образовательную 5,010635 5,010635
выставлена 5,010635 5,010635
знаний 5,010635 15,031906
авторизоваться 0,013423 0,013423
авторизуйтесь 0,013423 0,013423
привести 3,401197 3,401197
увеличен 5,010635 5,010635
поступлении 4,317488 12,952464
учиться 5,010635 5,010635
периода 3,401197 3,401197
баллы 2,931194 41,036713
случае 1,714798 6,859194
расширенный 0,013423 0,013423
полученная 5,010635 5,010635
ожидается 3,401197 3,401197
новыесначала 0,013423 0,013423
биологии 5,010635 10,021271
дополнительная 4,317488 12,952464
поступления 3,912023 11,736069
создание 3,912023 3,912023
предоставить 2,708050 2,708050
сдавать 5,010635 65,138259
собой 2,445686 7,337058
развития 2,813411 2,813411
отечественном 5,010635 5,010635
условиях 2,066196 2,066196
ведомство 4,317488 4,317488
попытки 4,317488 8,634976
корректировки 5,010635 5,010635
справку 4,317488 8,634976
количеству 3,912023 3,912023
выборе 3,401197 3,401197
география 4,317488 34,539905
липецке 5,010635 10,021271
участие 0,006689 0,006689
архивное 1,373049 1,373049
попытка 3,912023 3,912023
географию 5,010635 5,010635
опечатка 0,013423 0,013423
использовать 0,013423 0,026846
выбор 2,813411 16,880464
выдается 4,317488 4,317488
смогли 3,624341 3,624341
досрочно 4,317488 4,317488
онлайн 0,013423 0,013423
другого 3,218876 3,218876
контактов 0,013423 0,013423
количества 3,064725 6,129450
писать 4,317488 4,317488
раздел 3,401197 3,401197
апреля 0,013423 0,067115
получают 3,401197 10,203592
обеспечении 5,010635 5,010635
университета 2,177422 6,532266
строгое 5,010635 5,010635
уровне 2,931194 2,931194
подчеркивает 3,064725 3,064725
нами 0,013423 0,093961
досрочного 5,010635 25,053176
интереса 3,624341 3,624341
усвоение 5,010635 5,010635
продолжительность 3,624341 3,624341
всероссийского 5,010635 5,010635
педагогических 5,010635 5,010635
федеральный 3,218876 3,218876
географии 5,010635 15,031906
вакансии 0,013423 0,013423
испытаниям 4,317488 4,317488
формат 2,445686 14,674116
демоверсии 5,010635 5,010635
выставляется 5,010635 5,010635
снижая 5,010635 5,010635
подключат 5,010635 5,010635
безопасности 2,177422 6,532266
экзаменами 5,010635 5,010635
нажимая 0,013423 0,013423
вами 0,013423 0,013423
недопустимое 0,013423 0,013423
году 1,139434 23,928120
тестовая 5,010635 5,010635
недостающие 5,010635 5,010635
истек 0,013423 0,013423
невозможно 2,525729 2,525729
понимать 3,401197 3,401197
внес 4,317488 4,317488
кафедры 4,317488 8,634976
темам 5,010635 5,010635
официальные 4,317488 17,269952
дает 3,064725 6,129450
предприятию 0,013423 0,026846
нормативными 5,010635 5,010635
внимание 0,013423 0,013423
принимать 0,013423 0,013423
россиясоциальный 5,010635 5,010635
сможете 0,013423 0,013423
устранить 5,010635 5,010635
возможность 2,302585 4,605170
повторное 3,912023 3,912023
года 0,006689 0,040134
выбору 3,624341 10,873023
чьи 3,624341 3,624341
электронная 5,010635 5,010635
ознакомлены 0,013423 0,013423
апелляцию 5,010635 15,031906
баллах 5,010635 5,010635
антисептики 5,010635 5,010635
апелляция 5,010635 5,010635
ввести 3,624341 3,624341
спо 5,010635 5,010635
моих 0,013423 0,026846
баллам 5,010635 5,010635
предприятие 0,013423 0,013423
наука 0,292136 0,292136
линейка 5,010635 15,031906
упростить 3,624341 3,624341
касается 2,612740 2,612740
наличии 3,218876 3,218876
видов 3,401197 3,401197
проверить 2,708050 2,708050
