законным 0,013423 0,013423
рф 1,181994 2,363988
новый 0,013423 0,107384
день 1,203973 2,407946
образ 3,624341 3,624341
найти 0,013423 0,013423
основанием 0,013423 0,013423
письмо 0,013423 0,013423
спасибо 0,013423 0,013423
вкусного 3,218876 3,218876
согласие 0,013423 0,026846
центр 0,190354 0,190354
петербург 2,813411 2,813411
доступ 0,013423 0,026846
декабря 1,098612 13,183347
миа 0,013423 0,026846
задать 0,013423 0,013423
теги 0,190354 0,190354
автору 0,013423 0,013423
связаться 0,013423 0,080538
александр 1,455287 1,455287
должны 0,013423 0,013423
г 0,013423 0,026846
д 0,013423 0,026846
реклама 0,190354 0,190354
майские 3,218876 3,218876
фото 0,013423 0,040269
варить 2,445686 2,445686
политика 0,013423 0,026846
связь 0,006689 0,013378
сметанный 5,010635 5,010635
санкт 2,525729 2,525729
готово 0,013423 0,026846
течение 0,013423 0,013423
рецепта 2,931194 2,931194
всмятку 5,010635 5,010635
информационных 0,013423 0,013423
сельдь 5,010635 5,010635
размещения 0,013423 0,013423
повар 3,624341 3,624341
тонкие 3,624341 3,624341
конфиденциальности 0,013423 0,053692
связи 0,013423 0,080538
заголовок 0,013423 0,026846
процесса 0,013423 0,013423
адресу 0,013423 0,026846
проблему 0,013423 0,013423
мимоза 3,064725 6,129450
выпечки 2,708050 2,708050
рецепты 1,139434 62,668886
классический 2,014903 6,044709
время 0,013423 0,026846
данных 0,013423 0,107384
классических 4,317488 4,317488
письма 0,013423 0,013423
десерт 3,218876 3,218876
часов 0,013423 0,026846
соглашаетесь 0,013423 0,013423
ранее 0,013423 0,013423
восстановления 0,013423 0,013423
готовить 2,445686 7,337058
главный 0,013423 0,013423
данные 0,013423 0,013423
разблокировать 0,013423 0,040269
город 0,013423 0,013423
фотографию 0,013423 0,013423
дмитрий 1,643339 3,286679
обращаем 0,013423 0,013423
легко 1,791759 3,583519
отправлено 0,013423 0,013423
написать 0,013423 0,013423
новостеймолния 0,013423 0,013423
научный 2,445686 4,891372
одноклассники 0,013423 0,026846
сначала 0,013423 0,013423
вред 2,612740 7,838220
показать 0,013423 0,013423
кнопку 0,013423 0,013423
коммуникаций 0,013423 0,013423
пароль 0,013423 0,080538
пароля 0,013423 0,053692
блюд 2,238047 4,476093
спирулина 4,317488 8,634976
перейдите 0,013423 0,013423
закавказье 5,010635 5,010635
вход 0,013423 0,013423
продукты 0,150823 1,055760
закрыто 0,013423 0,013423
удалено 0,013423 0,013423
сколько 0,006689 0,006689
гаврилова 0,013423 0,013423
материалов 0,013423 0,053692
отправлена 0,013423 0,013423
чате 0,013423 0,013423
расположенному 0,013423 0,026846
чату 0,013423 0,013423
редакцией 0,013423 0,013423
простых 3,064725 3,064725
учредитель 0,013423 0,013423
рассмотрены 0,013423 0,013423
простые 1,752539 47,318546
символа 3,218876 3,218876
мое 0,013423 0,026846
ссылка 0,013423 0,026846
последние 1,098612 1,098612
шеф 2,302585 6,907755
ссылке 0,013423 0,013423
перетяните 0,013423 0,013423
ссылки 0,013423 0,013423
крема 4,317488 4,317488
помочь 0,013423 0,013423
архив 0,190354 0,190354
июля 1,791759 1,791759
ошибках 0,013423 0,013423
обязательны 0,013423 0,093961
салат 2,371578 14,229468
повелевать 3,912023 3,912023
интересных 3,401197 3,401197
гречневого 5,010635 5,010635
выпуска 0,013423 0,013423
списка 0,013423 0,013423
формой 0,013423 0,053692
курица 3,912023 3,912023
роскомнадзор 0,013423 0,013423
новогодние 2,931194 8,793581
блокировался 0,013423 0,013423
закусокрецепты 2,708050 2,708050
москва 0,006689 0,013378
духовке 2,708050 10,832201
воспользоваться 0,013423 0,013423
русской 1,752539 7,010155
входа 0,013423 0,013423
французски 3,624341 3,624341
моё 0,013423 0,013423
федеральное 0,013423 0,013423
федеральной 0,013423 0,013423
лучшие 1,714798 3,429597
екатерина 2,445686 4,891372
международное 0,013423 0,040269
завтраков 3,912023 7,824046
ажурного 4,317488 8,634976
шашлык 3,912023 3,912023
будут 0,013423 0,013423
новостей 0,006689 0,006689
лучших 1,832581 3,665163
новогодний 2,708050 5,416100
политикой 0,013423 0,040269
киноа 3,624341 7,248682
обработки 0,013423 0,026846
даю 0,013423 0,026846
жизни 2,120264 2,120264
обработку 0,013423 0,026846
обратной 0,013423 0,067115
подкасты 0,292136 0,292136
редакции 0,013423 0,026846
обращений 0,013423 0,013423
завтрака 5,010635 5,010635
обработка 0,013423 0,013423
это 0,013423 0,040269
вкус 2,120264 2,120264
полезная 5,010635 5,010635
еда 2,177422 19,596798
описанием 0,013423 0,013423
новую 0,013423 0,013423
рассыпчатая 5,010635 5,010635
кипятке 3,401197 6,802395
массовых 0,013423 0,013423
пройдена 0,013423 0,013423
кондитера 3,624341 3,624341
используется 0,013423 0,053692
зарегистрироваться 0,013423 0,053692
пожаловаться 0,013423 0,013423
сладкое 3,912023 3,912023
новости 0,006689 0,033445
войти 0,013423 0,053692
тиффани 3,064725 6,129450
электронной 0,013423 0,013423
рецептов 2,177422 4,354844
мире 0,274437 0,274437
эл 0,013423 0,013423
действия 0,013423 0,013423
радио 0,274437 0,274437
крем 3,624341 3,624341
водоросли 3,912023 7,824046
защита 0,013423 0,013423
восток 3,218876 3,218876
чиз 5,010635 5,010635
регистрация 0,013423 0,040269
почему 0,013423 0,013423
использования 0,013423 0,013423
восстановление 0,013423 0,040269
вопросам 0,013423 0,026846
государственное 0,013423 0,013423
салаты 2,708050 5,416100
фактах 3,624341 3,624341
змея 3,218876 3,218876
вконтакте 0,013423 0,026846
спецпроекты 0,190354 0,190354
просим 0,013423 0,013423
навсегда 0,013423 0,013423
нарушение 0,013423 0,040269
заблокирован 0,013423 0,013423
пушкин 4,317488 4,317488
ошибку 0,013423 0,013423
минутрецепты 2,708050 5,416100
змеи 2,931194 5,862388
защиты 0,013423 0,013423
назад 0,013423 0,067115
обращения 0,013423 0,026846
февраля 0,616186 2,464745
рецептыеда 5,010635 5,010635
минут 1,297063 2,594126
ошибка 0,013423 0,013423
вопрос 0,006689 0,006689
зубовский 0,013423 0,026846
подтверждаете 0,013423 0,013423
заполнить 0,013423 0,026846
осуществляется 0,013423 0,013423
ваш 0,013423 0,053692
пюре 3,064725 3,064725
имя 0,013423 0,067115
другие 0,013423 0,026846
общество 0,265703 0,531406
надзору 0,013423 0,013423
нового 1,678431 1,678431
блюдо 2,014903 2,014903
срок 0,013423 0,026846
витамины 3,912023 3,912023
издание 0,013423 0,013423
бульвар 0,013423 0,026846
хотите 0,013423 0,013423
заполните 0,013423 0,067115
технологий 0,013423 0,026846
сетевое 0,013423 0,013423
неделю 1,373049 1,373049
вновь 0,013423 0,013423
яйца 1,966113 1,966113
сменить 0,013423 0,013423
материал 0,013423 0,013423
участвовать 0,013423 0,026846
сообщить 0,013423 0,013423
пошаговые 2,238047 6,714140
пошаговый 2,813411 8,440232
самые 2,238047 2,238047
успешно 0,013423 0,013423
скриншот 0,013423 0,040269
лента 0,006689 0,013378
приготовить 2,014903 14,104321
растения 3,624341 7,248682
заблокированы 0,013423 0,013423
спорт 0,190354 0,190354
сфере 0,013423 0,013423
грузия 3,912023 3,912023
десертовпростые 3,912023 3,912023
месяц 1,297063 1,297063
свидетельство 0,013423 0,013423
правила 0,013423 0,026846
взаимодействия 0,013423 0,026846
известных 2,813411 2,813411
сочные 3,912023 3,912023
ближний 3,912023 3,912023
картошку 3,912023 3,912023
сохранить 0,013423 0,013423
информационное 0,013423 0,040269
морковкинэкономист 2,931194 5,862388
комментирования 0,013423 0,026846
творог 5,010635 5,010635
блинов 2,371578 2,371578
зож 2,302585 2,302585
пресс 0,013423 0,026846
россии 0,395515 0,395515
кулинария 2,525729 20,205829
применения 0,013423 0,013423
возможный 2,371578 4,743156
шашлыки 3,624341 3,624341
федеральному 0,013423 0,026846
персональных 0,013423 0,107384
произошла 0,013423 0,013423
важное 2,525729 5,051457
заготовить 3,624341 7,248682
дата 0,013423 0,013423
ваше 0,013423 0,107384
сайте 0,013423 0,013423
ваши 0,013423 0,013423
сугроб 3,064725 6,129450
фио 0,013423 0,013423
восстановить 0,013423 0,013423
пожалуйста 0,013423 0,013423
стол 2,238047 4,476093
ниже 0,013423 0,040269
версия 0,013423 0,013423
вопроса 0,013423 0,013423
россия 0,006689 0,073579
простой 2,120264 4,240527
поля 0,013423 0,093961
консервами 3,064725 6,129450
супы 4,317488 4,317488
блины 2,238047 6,714140
января 1,160488 4,641951
государственному 0,013423 0,026846
пошагово 3,064725 6,129450
регистрации 0,013423 0,026846
шубой 3,912023 3,912023
поле 0,013423 0,013423
сайт 0,013423 0,026846
дома 2,238047 8,952186
правильно 2,066196 2,066196
похудении 5,010635 10,021271
десерта 3,401197 6,802395
сервисы 0,190354 0,190354
зарегистрировано 0,013423 0,013423
другое 0,013423 0,013423
французской 3,064725 3,064725
туризм 0,283247 1,982732
сотрудник 2,612740 5,225480
поддерживаетсяполучить 0,013423 0,013423
адрес 0,013423 0,040269
соответствии 0,013423 0,026846
загрузите 0,013423 0,013423
сообщения 0,013423 0,053692
загрузить 0,013423 0,013423
императрица 4,317488 4,317488
направлении 0,013423 0,013423
кулинаров 2,931194 2,931194
замеченных 0,013423 0,013423
телефон 0,013423 0,013423
отправки 0,013423 0,013423
домашних 2,612740 2,612740
питание 2,708050 5,416100
унитарному 0,013423 0,026846
период 1,160488 1,160488
сообщение 0,013423 0,134230
кефира 3,624341 3,624341
выберите 0,013423 0,040269
старые 0,013423 0,013423
польза 2,813411 11,253643
картошкой 3,624341 3,624341
попробуйте 0,013423 0,013423
крабовый 3,401197 3,401197
финансового 2,066196 4,132393
сырники 5,010635 5,010635
бутерброды 2,525729 5,051457
защитой 0,013423 0,026846
царствовать 4,317488 4,317488
статьи 0,013423 0,013423
подтвердите 0,013423 0,013423
авторизация 0,013423 0,013423
религия 0,283247 0,283247
форма 0,013423 0,013423
логином 0,013423 0,013423
рейтинг 0,006689 0,006689
галочку 0,013423 0,013423
форме 2,302585 2,302585
перетащите 0,013423 0,040269
материале 0,013423 0,026846
культура 0,292136 1,168546
мяту 3,064725 6,129450
материала 0,013423 0,026846
происшествия 0,292136 0,292136
вашего 0,013423 0,013423
паролем 0,013423 0,013423
способы 0,013423 0,026846
зарегистрируйтесь 0,013423 0,013423
обо 0,013423 0,013423
недвижимость 0,292136 0,292136
дискуссии 0,013423 0,026846
рецептырецепты 1,875141 3,750282
редактор 0,013423 0,013423
унитарное 0,013423 0,013423
мясо 2,931194 5,862388
мультиварке 3,912023 3,912023
сладкая 3,218876 3,218876
форму 0,013423 0,093961
тема 0,013423 0,040269
отправленного 0,013423 0,013423
связанные 0,013423 0,013423
рекомендательных 0,013423 0,013423
данная 0,013423 0,013423
обратная 0,013423 0,026846
риа 0,006689 0,013378
здоровье 2,445686 2,445686
творога 5,010635 5,010635
сходить 2,931194 2,931194
свекла 3,218876 3,218876
проставляя 0,013423 0,013423
связанных 0,013423 0,013423
опишите 0,013423 0,013423
заполнения 0,013423 0,093961
здоровый 3,912023 3,912023
полезное 0,182322 0,182322
правительстве 2,177422 4,354844
кухни 1,832581 7,330326
год 0,967584 7,740672
службе 0,013423 0,013423
релизов 0,013423 0,013423
ваших 0,013423 0,026846
почты 0,013423 0,013423
десертоврецепты 3,401197 3,401197
мая 1,832581 3,665163
ведущий 2,302585 4,605170
рожденная 3,912023 3,912023
варежка 3,064725 6,129450
агентство 0,013423 0,040269
классическая 5,010635 5,010635
правил 0,013423 0,040269
полезен 3,912023 3,912023
авторизоваться 0,013423 0,013423
авторизуйтесь 0,013423 0,013423
советы 1,752539 5,257616
агентства 0,013423 0,013423
сегодня 0,013423 0,080538
расширенный 0,013423 0,013423
петр 2,445686 2,445686
новыесначала 0,013423 0,013423
приготовления 1,791759 7,167038
шапка 0,013423 0,013423
овощ 3,401197 3,401197
отправить 0,013423 0,147653
продолжить 0,013423 0,013423
справки 1,875141 1,875141
решении 0,013423 0,013423
рассказал 1,347074 1,347074
необычные 2,238047 6,714140
воспользуйтесь 0,013423 0,040269
участие 0,006689 0,006689
аккаунт 0,013423 0,053692
экономика 0,292136 0,292136
ряженки 5,010635 5,010635
обсуждение 0,013423 0,013423
использовать 0,013423 0,013423
опечатка 0,013423 0,013423
каждый 2,120264 2,120264
блокировки 0,013423 0,013423
онлайн 0,013423 0,013423
контактов 0,013423 0,013423
шашлыкаовощи 5,010635 5,010635
почта 0,013423 0,080538
рецепт 1,544899 13,904095
апреля 0,013423 0,013423
история 1,484275 1,484275
картофельного 3,912023 3,912023
фамилия 0,013423 0,013423
университета 2,177422 4,354844
нами 0,013423 0,093961
яндекс 0,013423 0,026846
хлеб 2,931194 8,793581
удалили 0,013423 0,040269
либо 0,013423 0,013423
вакансии 0,013423 0,013423
аккаунту 0,013423 0,013423
открываемого 0,013423 0,026846
нажимая 0,013423 0,013423
крупа 3,624341 7,248682
поиск 0,013423 0,013423
кухнирецепты 2,612740 2,612740
вами 0,013423 0,013423
недопустимое 0,013423 0,013423
согласны 0,013423 0,040269
истек 0,013423 0,013423
воздушные 4,317488 4,317488
предприятию 0,013423 0,026846
рекламы 0,013423 0,013423
молока 3,218876 3,218876
зиму 2,612740 5,225480
внимание 0,013423 0,013423
принимать 0,013423 0,013423
сможете 0,013423 0,013423
года 0,006689 0,013378
ознакомлены 0,013423 0,013423
молоке 3,064725 3,064725
моих 0,013423 0,026846
гастрономия 3,401197 3,401197
предприятие 0,013423 0,013423
наука 0,292136 0,292136
творожный 4,317488 4,317488
обсуждения 0,013423 0,013423
блокировкой 0,013423 0,040269
