приобретет 3,624341 7,248682
законным 0,013423 0,013423
новый 0,013423 0,013423
маслом 2,708050 5,416100
найти 0,013423 0,013423
основанием 0,013423 0,013423
письмо 0,013423 0,013423
спасибо 0,013423 0,013423
сочетающий 5,010635 10,021271
пена 4,317488 8,634976
согласие 0,013423 0,026846
доступ 0,013423 0,026846
миа 0,013423 0,040269
задать 0,013423 0,013423
автору 0,013423 0,013423
связаться 0,013423 0,080538
должны 0,013423 0,013423
углеводы 2,445686 2,445686
г 0,013423 0,120807
д 0,013423 0,026846
фото 0,013423 0,013423
политика 0,013423 0,013423
связь 0,006689 0,013378
готово 0,013423 0,026846
течение 0,013423 0,013423
репчатый 3,064725 6,129450
ч 2,612740 2,612740
информационных 0,013423 0,013423
размещения 0,013423 0,013423
вариант 2,371578 4,743156
конфиденциальности 0,013423 0,053692
связи 0,013423 0,080538
заголовок 0,013423 0,026846
овощи 2,708050 5,416100
простоту 5,010635 5,010635
шаг 1,875141 16,876270
процесса 0,013423 0,013423
готовки 1,919593 1,919593
адресу 0,013423 0,026846
капусту 4,317488 17,269952
проблему 0,013423 0,013423
капуста 3,624341 36,243409
маленьком 5,010635 10,021271
корочки 3,912023 7,824046
рецепты 1,139434 3,418303
время 0,013423 0,026846
данных 0,013423 0,107384
начнет 3,401197 6,802395
письма 0,013423 0,013423
часов 0,013423 0,026846
томатная 3,912023 7,824046
соглашаетесь 0,013423 0,013423
обжаривайте 4,317488 8,634976
ранее 0,013423 0,013423
восстановления 0,013423 0,013423
главный 0,013423 0,013423
данные 0,013423 0,013423
коричневый 4,317488 8,634976
разблокировать 0,013423 0,040269
город 0,013423 0,013423
одной 2,120264 4,240527
фотографию 0,013423 0,013423
обращаем 0,013423 0,013423
отправлено 0,013423 0,013423
написать 0,013423 0,013423
новостеймолния 0,013423 0,013423
одноклассники 0,013423 0,026846
сначала 0,013423 0,013423
разное 4,317488 8,634976
показать 0,013423 0,013423
соломкой 3,912023 15,648092
кнопку 0,013423 0,013423
коммуникаций 0,013423 0,013423
пароль 0,013423 0,080538
пароля 0,013423 0,053692
перейдите 0,013423 0,013423
калорийность 2,120264 2,120264
вход 0,013423 0,013423
закрыто 0,013423 0,013423
удалено 0,013423 0,013423
ккал 2,302585 2,302585
сколько 0,006689 0,006689
гаврилова 0,013423 0,013423
материалов 0,013423 0,040269
отправлена 0,013423 0,013423
семейного 3,912023 3,912023
чате 0,013423 0,013423
цвета 2,445686 4,891372
расположенному 0,013423 0,026846
чату 0,013423 0,013423
редакцией 0,013423 0,013423
оттенок 3,064725 6,129450
полностью 2,014903 2,014903
спадет 5,010635 10,021271
учредитель 0,013423 0,013423
поджариваться 5,010635 10,021271
рассмотрены 0,013423 0,013423
простые 1,752539 1,752539
минуты 2,931194 5,862388
мое 0,013423 0,026846
нарезать 2,445686 4,891372
ссылка 0,013423 0,026846
ссылке 0,013423 0,013423
нежное 3,912023 7,824046
перетяните 0,013423 0,013423
ссылки 0,013423 0,013423
помочь 0,013423 0,013423
кипяток 3,912023 15,648092
ошибках 0,013423 0,013423
обязательны 0,013423 0,093961
плиты 3,624341 7,248682
качества 2,931194 2,931194
выпуска 0,013423 0,013423
немецкой 3,064725 6,129450
списка 0,013423 0,013423
формой 0,013423 0,053692
роскомнадзор 0,013423 0,013423
пастой 4,317488 4,317488
блокировался 0,013423 0,013423
москва 0,006689 0,020067
воспользоваться 0,013423 0,013423
входа 0,013423 0,013423
моё 0,013423 0,013423
белки 2,371578 2,371578
федеральное 0,013423 0,013423
федеральной 0,013423 0,013423
молотый 3,401197 13,604790
большой 2,445686 4,891372
международное 0,013423 0,040269
штука 5,010635 30,063812
сковороде 2,708050 10,832201
будут 0,013423 0,013423
новостей 0,006689 0,006689
политикой 0,013423 0,040269
обработки 0,013423 0,026846
даю 0,013423 0,026846
отличным 3,912023 3,912023
вкусу 2,066196 14,463374
обработку 0,013423 0,026846
обратной 0,013423 0,067115
редакции 0,013423 0,026846
порции 2,445686 2,445686
обращений 0,013423 0,013423
вкуса 2,445686 2,445686
обработка 0,013423 0,013423
это 0,013423 0,040269
описанием 0,013423 0,013423
новую 0,013423 0,013423
массовых 0,013423 0,013423
дополняемая 5,010635 5,010635
пройдена 0,013423 0,013423
готовьте 3,912023 7,824046
используется 0,013423 0,026846
зарегистрироваться 0,013423 0,053692
пожаловаться 0,013423 0,013423
новости 0,006689 0,033445
войти 0,013423 0,053692
белокочанная 4,317488 8,634976
электронной 0,013423 0,013423
каждого 2,931194 2,931194
насыщенность 3,401197 3,401197
пикантными 5,010635 5,010635
эл 0,013423 0,013423
действия 0,013423 0,013423
идеально 2,612740 2,612740
защита 0,013423 0,013423
регистрация 0,013423 0,040269
почему 0,013423 0,013423
основного 3,218876 6,437752
использования 0,013423 0,013423
восстановление 0,013423 0,040269
вопросам 0,013423 0,026846
государственное 0,013423 0,013423
нарезанный 3,064725 6,129450
выбором 3,064725 3,064725
вконтакте 0,013423 0,026846
затем 1,791759 3,583519
просим 0,013423 0,013423
подсолнечным 4,317488 8,634976
навсегда 0,013423 0,013423
нарушение 0,013423 0,040269
заблокирован 0,013423 0,013423
соль 2,120264 8,481054
ошибку 0,013423 0,013423
защиты 0,013423 0,013423
назад 0,013423 0,067115
обращения 0,013423 0,026846
лук 2,302585 13,815511
лист 3,064725 12,258901
минут 1,297063 7,782379
ошибка 0,013423 0,013423
вопрос 0,006689 0,006689
зубовский 0,013423 0,026846
подтверждаете 0,013423 0,013423
заполнить 0,013423 0,026846
осуществляется 0,013423 0,013423
ваш 0,013423 0,053692
имя 0,013423 0,067115
другие 0,013423 0,026846
томатной 5,010635 5,010635
надзору 0,013423 0,013423
блюдо 2,014903 6,044709
срок 0,013423 0,026846
издание 0,013423 0,013423
бульвар 0,013423 0,026846
хотите 0,013423 0,013423
заполните 0,013423 0,067115
технологий 0,013423 0,026846
раскрыть 4,317488 4,317488
влейте 3,912023 7,824046
сетевое 0,013423 0,013423
блюда 2,177422 4,354844
подсолите 5,010635 10,021271
вновь 0,013423 0,013423
сменить 0,013423 0,013423
материал 0,013423 0,013423
участвовать 0,013423 0,026846
сообщить 0,013423 0,013423
успешно 0,013423 0,013423
скриншот 0,013423 0,040269
лента 0,006689 0,013378
сильном 5,010635 10,021271
снимите 3,624341 7,248682
черный 2,708050 10,832201
подсолнечное 3,912023 7,824046
заблокированы 0,013423 0,013423
сфере 0,013423 0,013423
свидетельство 0,013423 0,013423
правила 0,013423 0,026846
взаимодействия 0,013423 0,026846
сохранить 0,013423 0,013423
информационное 0,013423 0,040269
комментирования 0,013423 0,026846
рецептыпростые 2,813411 2,813411
основное 2,931194 5,862388
пресс 0,013423 0,013423
применения 0,013423 0,013423
федеральному 0,013423 0,026846
золотистой 3,912023 7,824046
персональных 0,013423 0,107384
произошла 0,013423 0,013423
золотистого 3,624341 7,248682
ценность 2,302585 2,302585
дата 0,013423 0,013423
ваше 0,013423 0,107384
сайте 0,013423 0,013423
ваши 0,013423 0,013423
фио 0,013423 0,013423
восстановить 0,013423 0,013423
пожалуйста 0,013423 0,013423
конце 2,238047 8,952186
ниже 0,013423 0,040269
версия 0,013423 0,013423
вопроса 0,013423 0,013423
россия 0,006689 0,053512
поля 0,013423 0,093961
жарьте 4,317488 8,634976
государственному 0,013423 0,026846
регистрации 0,013423 0,026846
нарезанную 4,317488 17,269952
поле 0,013423 0,013423
сайт 0,013423 0,026846
сочетая 5,010635 5,010635
слегка 2,708050 5,416100
зарегистрировано 0,013423 0,013423
ужина 3,624341 3,624341
другое 0,013423 0,013423
положить 2,612740 5,225480
поддерживаетсяполучить 0,013423 0,013423
адрес 0,013423 0,040269
перец 2,525729 10,102915
соответствии 0,013423 0,026846
загрузите 0,013423 0,013423
сообщения 0,013423 0,053692
загрузить 0,013423 0,013423
лавровый 3,401197 13,604790
направлении 0,013423 0,013423
замеченных 0,013423 0,013423
телефон 0,013423 0,013423
отправки 0,013423 0,013423
обжарьте 4,317488 8,634976
необходимости 2,612740 5,225480
пока 1,919593 3,839186
унитарному 0,013423 0,026846
добавьте 2,708050 32,496602
томатную 4,317488 8,634976
свинина 3,624341 10,873023
сообщение 0,013423 0,134230
выберите 0,013423 0,040269
старые 0,013423 0,013423
попробуйте 0,013423 0,013423
вкусовые 3,624341 3,624341
свинину 3,624341 7,248682
масло 2,302585 4,605170
защитой 0,013423 0,026846
тушенная 4,317488 38,857393
статьи 0,013423 0,013423
подтвердите 0,013423 0,013423
авторизация 0,013423 0,013423
специями 3,624341 3,624341
форма 0,013423 0,013423
логином 0,013423 0,013423
рейтинг 0,006689 0,006689
галочку 0,013423 0,013423
ароматные 4,317488 8,634976
зелень 2,708050 10,832201
перетащите 0,013423 0,040269
материале 0,013423 0,026846
смешайте 4,317488 8,634976
материала 0,013423 0,026846
вашего 0,013423 0,013423
паролем 0,013423 0,013423
тушите 5,010635 20,042541
способы 0,013423 0,026846
зарегистрируйтесь 0,013423 0,013423
обо 0,013423 0,013423
мясом 2,931194 32,243131
насыщая 5,010635 5,010635
мелко 2,525729 10,102915
дискуссии 0,013423 0,026846
редактор 0,013423 0,013423
позволяет 2,445686 4,891372
фгуп 0,499776 0,499776
унитарное 0,013423 0,013423
мясо 2,931194 23,449550
форму 0,013423 0,093961
тема 0,013423 0,040269
отправленного 0,013423 0,013423
пасту 4,317488 8,634976
связанные 0,013423 0,013423
рекомендательных 0,013423 0,013423
около 2,177422 8,709688
данная 0,013423 0,013423
обратная 0,013423 0,026846
риа 0,006689 0,033445
проставляя 0,013423 0,013423
связанных 0,013423 0,013423
опишите 0,013423 0,013423
заполнения 0,013423 0,093961
кубиками 2,931194 5,862388
кухни 1,832581 3,665163
кг 3,064725 6,129450
службе 0,013423 0,013423
релизов 0,013423 0,013423
ваших 0,013423 0,026846
кухня 1,832581 1,832581
почты 0,013423 0,013423
приготовлении 2,813411 2,813411
агентство 0,013423 0,040269
приготовление 1,966113 1,966113
правил 0,013423 0,040269
мар 2,931194 2,931194
авторизоваться 0,013423 0,013423
авторизуйтесь 0,013423 0,013423
агентства 0,013423 0,013423
сегодня 0,013423 0,080538
положите 5,010635 10,021271
расширенный 0,013423 0,013423
морковь 3,401197 13,604790
паста 3,912023 7,824046
чеснок 2,931194 11,724775
новыесначала 0,013423 0,013423
слабом 3,401197 6,802395
шапка 0,013423 0,013423
отправить 0,013423 0,147653
продолжить 0,013423 0,013423
решении 0,013423 0,013423
нотками 5,010635 5,010635
воспользуйтесь 0,013423 0,040269
участие 0,006689 0,006689
прекрасный 3,912023 7,824046
аккаунт 0,013423 0,053692
обсуждение 0,013423 0,013423
использовать 0,013423 0,013423
опечатка 0,013423 0,013423
нашинкуйте 5,010635 10,021271
блокировки 0,013423 0,013423
онлайн 0,013423 0,013423
контактов 0,013423 0,013423
почта 0,013423 0,080538
рецепт 1,544899 4,634698
апреля 0,013423 0,013423
фамилия 0,013423 0,013423
категория 1,875141 1,875141
нами 0,013423 0,093961
яндекс 0,013423 0,026846
отдельной 3,401197 6,802395
удалили 0,013423 0,040269
либо 0,013423 0,013423
жиры 2,371578 2,371578
вакансии 0,013423 0,013423
аккаунту 0,013423 0,013423
открываемого 0,013423 0,026846
нажимая 0,013423 0,013423
поиск 0,013423 0,013423
вами 0,013423 0,013423
недопустимое 0,013423 0,013423
согласны 0,013423 0,040269
ингредиента 3,912023 3,912023
истек 0,013423 0,013423
предприятию 0,013423 0,026846
рекламы 0,013423 0,013423
внимание 0,013423 0,013423
принимать 0,013423 0,013423
сковородку 5,010635 20,042541
сможете 0,013423 0,013423
года 0,006689 0,006689
пищевая 2,371578 2,371578
ознакомлены 0,013423 0,013423
ингредиенты 1,919593 1,919593
огне 2,708050 16,248301
моих 0,013423 0,026846
предприятие 0,013423 0,013423
обсуждения 0,013423 0,013423
разогретым 4,317488 8,634976
блокировкой 0,013423 0,040269
