蟹邪泻芯薪薪褘屑 0,013423 0,013423
胁泻褍褋薪芯械 3,624341 7,248682
褉褎 1,181994 2,363988
谐邪蟹械褌械 5,010635 5,010635
屑械谢泻褍褞 4,317488 17,269952
屑邪褋谢芯屑 2,708050 5,416100
薪邪泄褌懈 0,013423 0,013423
芯褋薪芯胁邪薪懈械屑 0,013423 0,013423
褉褘斜薪褘械 5,010635 5,010635
锌懈褋褜屑芯 0,013423 0,013423
褋锌邪褋懈斜芯 0,013423 0,013423
懈薪谐褉械写懈械薪褌芯胁 2,612740 2,612740
斜褍谢褜芯薪邪 3,624341 7,248682
褋芯谐谢邪褋懈械 0,013423 0,026846
薪械泻芯褌芯褉褘褏 2,525729 10,102915
褉褘斜薪褘褏 3,912023 7,824046
褋邪褉写懈薪邪 5,010635 25,053176
泻褍谢懈薪邪褉褘 4,317488 8,634976
锌褉懈谐谢邪褕械薪薪褘泄 3,064725 3,064725
胁芯写褍 2,302585 4,605170
谢褞写械泄 2,445686 2,445686
胁邪褉械薪芯泄 4,317488 8,634976
芯写薪芯 2,371578 2,371578
褋胁褟蟹邪褌褜褋褟 0,013423 0,080538
写械褋褟褌懈谢械褌懈褟 4,317488 4,317488
锌械褉械屑械褕懈胁邪械褌褋褟 5,010635 5,010635
褋邪褉写懈薪褍 5,010635 15,031906
芯写薪邪 2,612740 2,612740
薪械屑薪芯谐芯 2,177422 8,709688
褎芯褌芯 0,013423 0,067115
褋胁褟蟹褜 0,006689 0,013378
胁芯写芯泄 2,445686 4,891372
谐芯褉械褔懈 5,010635 5,010635
谐芯褌芯胁芯 0,013423 0,026846
谐芯褉褜泻懈屑 5,010635 15,031906
屑懈屑芯蟹褘 5,010635 65,138259
褋邪褉写懈薪褘 5,010635 10,021271
懈薪褎芯褉屑邪褑懈芯薪薪褘褏 0,013423 0,013423
卸械谢褌泻邪屑懈 5,010635 10,021271
褉械褑械锌褌械 3,401197 3,401197
褉邪蟹屑械褖械薪懈褟 0,013423 0,013423
胁褌芯褉褘屑 3,624341 7,248682
锌械褉械屑械褕邪褌褜 2,525729 5,051457
泻芯薪褎懈写械薪褑懈邪谢褜薪芯褋褌懈 0,013423 0,053692
褉邪蟹薪褍褞 5,010635 10,021271
褋胁褟蟹懈 0,013423 0,080538
蟹邪谐芯谢芯胁芯泻 0,013423 0,026846
褕邪谐 1,875141 63,754797
褉械褑械锌褌褍 3,401197 3,401197
锌褉芯褑械褋褋邪 0,013423 0,013423
邪写褉械褋褍 0,013423 0,026846
锌褉芯斜谢械屑褍 0,013423 0,013423
屑懈屑芯蟹邪 3,064725 113,394830
胁褘泻谢邪写泻懈 5,010635 5,010635
褉械褑械锌褌褘 1,139434 19,370383
褋谢懈褕泻芯屑 2,708050 2,708050
写邪薪薪褘褏 0,013423 0,107384
屑懈屑芯蟹械 5,010635 10,021271
褌械褔械薪懈械屑 5,010635 10,021271
锌懈褋褜屑邪 0,013423 0,013423
褔邪褋芯胁 0,013423 0,053692
褋芯谐谢邪褕邪械褌械褋褜 0,013423 0,013423
写邪薪薪褘屑 2,371578 2,371578
芯褔懈褋褌懈褌褜 2,612740 10,450960
谐芯褌芯胁懈褌褜 2,445686 2,445686
谐谢邪胁薪褘泄 0,013423 0,026846
写邪薪薪褘械 0,013423 0,013423
褌邪泻卸械 1,139434 1,139434
锌械褉械胁邪褉懈褌褜 5,010635 5,010635
芯写薪芯泄 2,120264 4,240527
胁懈谢泻芯泄 4,317488 56,127345
褎芯褌芯谐褉邪褎懈褞 0,013423 0,013423
写屑懈褌褉懈泄 1,643339 3,286679
锌褉芯褋褌 3,912023 3,912023
锌褉械写胁邪褉懈褌械谢褜薪芯 2,931194 11,724775
芯褌锌褉邪胁谢械薪芯 0,013423 0,013423
谢褍泻芯屑 3,912023 11,736069
褋薪芯胁邪 2,612740 5,225480
褋薪邪褔邪谢邪 0,013423 0,013423
褋谢芯褟 5,010635 5,010635
褔邪褋邪 1,875141 3,750282
懈褋褌芯褉懈泻懈 5,010635 5,010635
褋谢芯泄 3,218876 80,471896
锌械褉械泄写懈褌械 0,013423 0,013423
褋谢芯懈 3,912023 31,296184
蟹邪泻褉褘褌芯 0,013423 0,013423
谐芯褉械褔褜 4,317488 8,634976
褋泻芯谢褜泻芯 0,006689 0,006689
屑邪褌械褉懈邪谢芯胁 0,013423 0,040269
芯褌锌褉邪胁谢械薪邪 0,013423 0,013423
褋械屑械泄薪芯谐芯 3,912023 3,912023
褏芯谢芯写懈谢褜薪懈泻械 2,813411 22,507286
褔邪褌械 0,013423 0,013423
胁褘褉芯褋谢懈 5,010635 10,021271
褔邪褌褍 0,013423 0,013423
褉械写邪泻褑懈械泄 0,013423 0,013423
芯褌褌械薪芯泻 3,064725 3,064725
泻芯谢懈褔械褋褌胁芯屑 3,624341 7,248682
褉邪蟹屑褟褌褜 4,317488 43,174881
锌芯胁邪褉械薪薪褍褞 5,010635 5,010635
褔邪褋褌褜 1,919593 1,919593
褉邪褋褋屑芯褌褉械薪褘 0,013423 0,013423
谐芯褋褌褍 5,010635 5,010635
芯褌泻褉褘谢懈 3,401197 3,401197
锌芯褋谢械写薪懈泄 3,401197 10,203592
泻邪卸写芯屑褍 3,218876 3,218876
薪邪褉械蟹邪褌褜 2,445686 9,782744
褋谢芯械屑 3,218876 6,437752
褕械褎 2,302585 2,302585
胁褘谢芯卸懈褌褜 2,708050 27,080502
胁械褉褏薪懈泄 4,317488 8,634976
锌械褉械褌褟薪懈褌械 0,013423 0,013423
褋芯褔械褌邪褌褜褋褟 5,010635 5,010635
薪械泻芯褌芯褉褘械 2,525729 5,051457
褋谢芯械胁 3,912023 27,384161
褌褉褍写 5,010635 5,010635
芯褕懈斜泻邪褏 0,013423 0,013423
胁泻谢褞褔邪褞褌 3,912023 3,912023
褉邪褋褋褔懈褌邪谢 5,010635 5,010635
褕褌 2,238047 93,997956
蟹邪谢懈褌褜 2,708050 5,416100
褋褉械写薪懈械 4,317488 4,317488
胁褘锌褍褋泻邪 0,013423 0,013423
褋锌懈褋泻邪 0,013423 0,013423
褎芯褉屑芯泄 0,013423 0,053692
胁邪褉褜懈褉褍械褌褋褟 4,317488 4,317488
泻褍谢懈薪邪褉薪芯械 5,010635 10,021271
蟹械谢械薪褜褞 2,931194 5,862388
泻邪褔械褋褌胁械 2,708050 2,708050
泻芯谢褜褑芯 3,912023 7,824046
锌芯胁邪褉邪屑 5,010635 5,010635
褋械褉褘泄 5,010635 5,010635
蟹邪泻褍褋泻褍 4,317488 30,222417
褉懈褋芯屑 4,317488 8,634976
褌邪泻邪褟 2,813411 5,626821
褎械写械褉邪谢褜薪芯械 0,013423 0,013423
蟹邪泻褍褋泻懈 2,525729 5,051457
褎械写械褉邪谢褜薪芯泄 0,013423 0,013423
谢褍褔褕懈械 1,714798 3,429597
薪芯褟斜褉褜 3,624341 3,624341
屑械卸写褍薪邪褉芯写薪芯械 0,013423 0,040269
锌芯褋褌邪胁懈褌褜 2,525729 5,051457
斜褍写褍褌 0,013423 0,013423
锌芯褋褘锌邪褌褜 2,931194 5,862388
薪芯胁芯褋褌械泄 0,006689 0,006689
褌芯屑褍 3,064725 3,064725
褋褘褌薪褘泄 3,912023 3,912023
薪芯褟斜褉械屑 5,010635 5,010635
锌芯泻邪蟹邪谢 3,401197 3,401197
褋褘褉 3,624341 94,232864
胁泻褍褋褍 2,066196 12,397178
薪褍卸薪芯 1,455287 1,455287
锌芯写械褕械胁械谢邪 4,317488 4,317488
芯斜褉邪褌薪芯泄 0,013423 0,067115
薪邪褌械褉褌褍褞 3,912023 11,736069
胁泻褍褋薪褍褞 5,010635 5,010635
芯谐谢邪胁谢械薪懈械 1,791759 1,791759
锌褉芯锌懈褌邪褌褜褋褟 5,010635 10,021271
褋芯斜褋褌胁械薪薪芯屑 4,317488 4,317488
蟹邪屑邪褉懈薪芯胁邪褌褜 3,912023 7,824046
屑械谢泻芯泄 3,624341 54,365114
锌芯写谐芯褌芯胁泻懈 2,931194 2,931194
懈蟹胁械褋褌械薪 5,010635 5,010635
蟹械谢械薪褘泄 3,064725 6,129450
械写邪 2,177422 13,064532
褋芯胁褉械屑械薪薪芯屑 5,010635 5,010635
锌芯谢褍褌胁械褉写褘泄 4,317488 17,269952
芯锌懈褋邪薪懈械屑 0,013423 0,013423
泻懈锌褟褌泻械 3,401197 3,401197
锌械褌褉褍褕泻懈 3,401197 6,802395
胁蟹褟褌褜 2,931194 2,931194
褋褉械写薪懈褏 4,317488 4,317488
锌械褌褉褍褕泻邪 3,064725 6,129450
卸懈蟹薪褜 2,525729 2,525729
懈褋锌芯谢褜蟹褍械褌褋褟 0,013423 0,080538
谐谢褍斜芯泻芯泄 3,912023 7,824046
屑芯褉泻芯胁褜褞 4,317488 12,952464
褑械薪 3,624341 3,624341
芯褌胁邪褉懈褌褜 3,218876 25,751007
褌胁械褉写褘泄 3,624341 21,746046
褌胁械褉写褘械 5,010635 5,010635
褉械褑械锌褌芯胁 2,177422 2,177422
褑械谢褘泄 5,010635 5,010635
谐谢褍斜芯泻褍褞 3,912023 7,824046
褝谢 0,013423 0,013423
褋褌芯谢褍 3,064725 6,129450
褔邪褖械 2,612740 7,838220
锌芯褔械屑褍 0,013423 0,013423
锌褉芯锌懈褌褘胁邪械褌褋褟 5,010635 5,010635
褋邪谢邪褌邪 3,401197 88,431132
胁芯锌褉芯褋邪屑 0,013423 0,026846
褋邪谢邪褌褘 2,708050 2,708050
褋褌芯谢邪 3,064725 6,129450
写芯斜邪胁懈褌褜 2,238047 8,952186
泻褉邪褋薪褘泄 3,401197 6,802395
胁泻褍褋薪褘屑 3,624341 3,624341
褋褌芯谢械 3,401197 10,203592
胁泻褍褋薪褘泄 3,064725 3,064725
褋邪谢邪褌褍 5,010635 10,021271
胁泻芯薪褌邪泻褌械 0,013423 0,026846
谢褞斜褍褞 3,624341 3,624341
薪邪胁褋械谐写邪 0,013423 0,013423
薪邪褉褍褕械薪懈械 0,013423 0,040269
懈屑械谢邪 5,010635 10,021271
褉邪胁薪芯屑械褉薪芯 3,218876 6,437752
薪邪褌械褉械褌褜 2,813411 56,268214
薪邪蟹邪写 0,013423 0,067115
芯褋褌褍写懈褌褜 3,218876 32,188758
胁泻褍褋薪褘褏 2,931194 2,931194
褋械写褜屑芯泄 5,010635 5,010635
锌褉芯褎械褋褋懈芯薪邪谢褜薪褘械 5,010635 5,010635
褋褋褋褉 3,218876 3,218876
谢褍泻 2,302585 94,405989
写芯锌芯谢薪械薪懈褟 4,317488 12,952464
蟹褍斜芯胁褋泻懈泄 0,013423 0,026846
泻邪褉褌芯褎械谢械屑 3,218876 3,218876
卸械谢邪薪懈懈 5,010635 10,021271
蟹邪锌芯谢薪懈褌褜 0,013423 0,026846
褉邪蟹屑褟褌褍褞 5,010635 10,021271
芯褋褍褖械褋褌胁谢褟械褌褋褟 0,013423 0,013423
写褉褍谐懈械 0,013423 0,026846
芯褌胁械褌褋褌胁械薪薪芯 5,010635 5,010635
薪邪写蟹芯褉褍 0,013423 0,013423
懈蟹写邪薪懈械 0,013423 0,013423
芯谢懈胁褜械 3,218876 6,437752
斜褍谢褜胁邪褉 0,013423 0,026846
屑芯褉芯蟹懈谢褜薪褍褞 4,317488 8,634976
褏芯褌懈褌械 0,013423 0,013423
蟹邪锌芯谢薪懈褌械 0,013423 0,067115
谢械卸邪褖懈械 5,010635 5,010635
褋械褌械胁芯械 0,013423 0,013423
胁薪芯胁褜 0,013423 0,013423
褋屑械薪懈褌褜 0,013423 0,013423
褋褌芯懈褌 1,714798 5,144395
褍褔邪褋褌胁芯胁邪褌褜 0,013423 0,026846
胁褘泻谢邪写褘胁邪褌褜 3,624341 7,248682
褋芯芯斜褖懈褌褜 0,013423 0,013423
芯斜褉邪蟹芯屑 2,302585 4,605170
锌芯褕邪谐芯胁褘械 2,238047 2,238047
锌褉芯褌懈胁薪懈泻懈 4,317488 8,634976
锌褉芯写褍泻褌邪屑懈 4,317488 4,317488
薪邪褌械褉褌芯泄 5,010635 10,021271
褋泻褉懈薪褕芯褌 0,013423 0,040269
胁邪褉懈邪薪褌褘 2,708050 2,708050
锌芯锌褍谢褟褉薪褘械 2,445686 7,337058
锌褉懈谐芯褌芯胁懈褌褜 2,014903 4,029806
褉邪褋锌褉械写械谢懈褌褜 3,401197 6,802395
锌褉芯屑邪蟹邪褌褜 4,317488 12,952464
懈蟹屑械薪褟谢懈 5,010635 5,010635
胁蟹邪懈屑芯写械泄褋褌胁懈褟 0,013423 0,026846
泻邪屑械褉褍 4,317488 8,634976
褋芯褍褋芯屑 3,218876 3,218876
褌邪褉械谢泻褍 3,912023 7,824046
褋芯褏褉邪薪懈褌褜 0,013423 0,013423
懈薪褎芯褉屑邪褑懈芯薪薪芯械 0,013423 0,040269
锌褉械写锌芯褔懈褌邪褞褌 3,912023 3,912023
锌芯褋褍写褍 2,813411 11,253643
褋褌邪谢懈 2,612740 5,225480
胁芯褕械谢 2,813411 2,813411
褌邪褉械谢泻械 4,317488 8,634976
屑褍薪写懈褉械 4,317488 8,634976
泻邪褉褌芯褎械谢褟 3,218876 22,532131
泻邪褉褌芯褎械谢褜 2,708050 83,949556
写芯屑芯褏芯蟹褟械泻 5,010635 5,010635
褎械写械褉邪谢褜薪芯屑褍 0,013423 0,026846
褋谢懈胁芯褔薪芯械 3,401197 51,017961
锌芯褟胁懈谢褋褟 3,401197 3,401197
胁邪卸薪芯 2,120264 2,120264
褉芯褋褋懈泄褋泻懈械 2,238047 2,238047
锌芯写邪械褌褋褟 3,401197 6,802395
褝泻芯薪芯屑懈褔械褋泻懈褏 4,317488 4,317488
懈屑械褞褌 2,525729 2,525729
褎懈芯 0,013423 0,013423
芯褋褌邪胁懈褌褜 2,445686 9,782744
锌褉械写谢邪谐邪褞褌 3,218876 3,218876
泻芯褉械泄褋泻懈 3,912023 7,824046
锌芯卸邪谢褍泄褋褌邪 0,013423 0,013423
褉芯褋褋懈泄褋泻懈泄 2,813411 2,813411
屑邪泄芯薪械蟹芯屑 3,401197 47,616763
褋褌芯谢 2,238047 4,476093
薪械芯斜褏芯写懈屑芯 1,791759 3,583519
褌械褏 2,177422 4,354844
薪懈卸械 0,013423 0,040269
胁械褉褋懈褟 0,013423 0,093961
褋邪谢邪褌薪褘泄 5,010635 25,053176
锌芯谢褟 0,013423 0,093961
蟹邪胁械褉褕邪褞褖懈泄 5,010635 10,021271
邪泻泻褍褉邪褌薪芯 2,813411 5,626821
锌芯锌褍谢褟褉薪褘褏 3,218876 3,218876
胁械褉褋懈懈 3,218876 6,437752
谐芯褋褍写邪褉褋褌胁械薪薪芯屑褍 0,013423 0,026846
胁邪褉懈邪薪褌械 4,317488 8,634976
褕褍斜芯泄 3,912023 15,648092
锌芯谢械 0,013423 0,013423
褔械褌胁械褉褌褘泄 4,317488 4,317488
胁褘谐谢褟写懈褌 3,912023 3,912023
蟹邪褉械谐懈褋褌褉懈褉芯胁邪薪芯 0,013423 0,013423
芯褋芯斜械薪薪芯褋褌褜 3,401197 3,401197
邪斜褏邪蟹懈懈 4,317488 4,317488
锌芯谢芯卸懈褌褜 2,612740 5,225480
褋芯褌褉褍写薪懈泻 2,612740 2,612740
褍泻褉邪褕械薪懈褟 3,624341 14,497364
邪写褉械褋 0,013423 0,040269
褋芯芯褌胁械褌褋褌胁懈懈 0,013423 0,026846
屑芯褉泻芯胁泻懈薪 4,317488 8,634976
蟹邪谐褉褍蟹懈褌械 0,013423 0,013423
褋芯芯斜褖械薪懈褟 0,013423 0,053692
褑械薪褘 2,525729 7,577186
蟹邪谐褉褍蟹懈褌褜 0,013423 0,013423
薪邪锌褉邪胁谢械薪懈械 3,624341 3,624341
薪邪锌褉邪胁谢械薪懈懈 0,013423 0,013423
泻邪薪写懈写邪褌 3,624341 3,624341
蟹邪屑械褔械薪薪褘褏 0,013423 0,013423
褌械谢械褎芯薪 0,013423 0,013423
胁懈写褘 2,813411 5,626821
谐褉懈斜薪褘屑 4,317488 4,317488
褝泻芯薪芯屑懈褋褌 4,317488 4,317488
邪胁褌芯褉 3,218876 3,218876
褋芯芯斜褖械薪懈械 0,013423 0,134230
褋褌邪褉褘械 0,013423 0,013423
胁懈写械 2,177422 2,177422
泻褉芯屑械 1,919593 1,919593
胁械褌芯褔泻邪屑懈 5,010635 10,021271
泻芯屑屑械薪褌懈褉褍械褌 3,064725 3,064725
锌芯锌褉芯斜褍泄褌械 0,013423 0,013423
锌芯写邪胁邪褌褜 2,708050 5,416100
懈薪谐褉械写懈械薪褌 3,624341 3,624341
褎懈薪邪薪褋芯胁芯谐芯 2,066196 4,132393
屑邪泄芯薪械蟹 3,401197 136,047895
屑邪褌械褉懈邪谢褘 1,643339 1,643339
褟褉泻芯 4,317488 4,317488
芯褋褌邪谢褜薪褘褏 3,218876 3,218876
褝泻褋锌械褉褌 1,678431 5,035292
褋褌邪褌褜懈 0,013423 0,013423
锌芯写褌胁械褉写懈褌械 0,013423 0,013423
褉邪蟹写械谢懈褌褜 3,401197 6,802395
锌械褉械褌邪褖懈褌械 0,013423 0,040269
屑邪褌械褉懈邪谢械 0,013423 0,040269
屑邪褌械褉懈邪谢邪 0,013423 0,026846
胁邪褕械谐芯 0,013423 0,013423
锌邪褉芯谢械屑 0,013423 0,013423
褍泻谢邪写褘胁邪褞褌 5,010635 5,010635
蟹邪褉械谐懈褋褌褉懈褉褍泄褌械褋褜 0,013423 0,013423
芯斜芯 0,013423 0,013423
锌褟褌褘泄 3,624341 3,624341
斜谢懈蟹泻懈褏 4,317488 4,317488
蟹邪胁懈褋懈褌 2,371578 9,486312
褉械写邪泻褌芯褉 0,013423 0,013423
褎谐褍锌 0,499776 2,998655
屑薪芯谐懈械 2,525729 2,525729
褋邪谢邪褌芯胁 2,813411 2,813411
芯褋褌邪谢褜薪褘屑懈 4,317488 4,317488
芯褕锌邪褉懈褌褜 4,317488 8,634976
胁泻谢褞褔邪谢 5,010635 5,010635
写芯锌芯写谢懈薪薪芯 5,010635 5,010635
芯褌锌褉邪胁谢械薪薪芯谐芯 0,013423 0,013423
褍谐芯褖邪褌褜 5,010635 5,010635
褋胁褟蟹邪薪薪褘械 0,013423 0,013423
褋写械谢邪褌褜 1,752539 14,020310
芯斜褉邪褌薪邪褟 0,013423 0,026846
褉懈邪 0,006689 0,066890
褉邪蟹谢懈褔薪褘械 2,931194 2,931194
懈蟹谢懈褕薪械泄 5,010635 5,010635
褋薪懈蟹懈谢懈褋褜 3,912023 3,912023
锌芯写邪胁谢褟褞褖械屑 5,010635 5,010635
褋胁褟蟹邪薪薪褘褏 0,013423 0,013423
芯锌懈褕懈褌械 0,013423 0,013423
褉邪褋泻褉芯褕械薪薪邪褟 5,010635 10,021271
锌褉邪胁懈褌械谢褜褋褌胁械 2,177422 4,354844
泻褍褏薪懈 1,832581 3,665163
胁褉械屑械薪懈 2,238047 4,476093
谐芯写 0,967584 4,837920
锌芯褔褌褘 0,013423 0,013423
屑邪褟 1,832581 3,665163
胁械写褍褖懈泄 2,302585 2,302585
芯谐褍褉褑芯胁 4,317488 4,317488
锌芯褝褌芯屑褍 2,014903 10,074515
邪谐械薪褌褋褌胁芯 0,013423 0,040269
褋芯胁械褌褍褞褌 4,317488 4,317488
褉懈褋 3,912023 27,384161
褋械褌芯褔泻邪 5,010635 10,021271
锌芯褋谢械写芯胁邪褌械谢褜薪芯褋褌褜 5,010635 15,031906
褋芯胁械褌褘 1,752539 7,010155
写懈薪邪屑懈泻懈 5,010635 5,010635
褋褌褉邪薪械 2,813411 2,813411
蟹邪屑芯褉芯蟹懈褌褜 4,317488 8,634976
邪谐械薪褌褋褌胁邪 0,013423 0,013423
褋械谐芯写薪褟 0,013423 0,161076
胁屑械褋褌芯 2,813411 8,440232
芯褌屑械褔邪褞褌 2,525729 2,525729
屑芯褉泻芯胁褜 3,401197 119,041908
胁邪卸械薪 4,317488 4,317488
屑芯褉泻芯胁懈 3,912023 15,648092
褌邪泻芯屑 3,218876 3,218876
芯褌写械谢褜薪芯 3,218876 6,437752
胁谢懈褟械褌 2,525729 2,525729
褕邪锌泻邪 0,013423 0,013423
芯褌锌褉邪胁懈褌褜 0,013423 0,147653
锌褉芯写芯谢卸懈褌褜 0,013423 0,013423
懈褋锌芯谢褜蟹褍褞褌褋褟 2,612740 5,225480
褉械褕械薪懈懈 0,013423 0,013423
胁邪褉懈邪褑懈泄 4,317488 4,317488
胁芯褋锌芯谢褜蟹褍泄褌械褋褜 0,013423 0,040269
邪泻泻邪褍薪褌 0,013423 0,053692
褋芯褋褌邪胁 2,525729 7,577186
斜邪泻谢邪卸邪薪芯胁 4,317488 4,317488
芯斜褋褍卸写械薪懈械 0,013423 0,013423
褉芯褋褋褌邪褌邪 5,010635 5,010635
斜谢芯泻懈褉芯胁泻懈 0,013423 0,013423
锌芯褔褌邪 0,013423 0,080538
谐谢邪胁薪邪褟 2,120264 2,120264
褉械褑械锌褌 1,544899 18,538793
写芯褉芯谐懈械 3,401197 3,401197
褎邪屑懈谢懈褟 0,013423 0,013423
锌芯胁邪褉邪 2,302585 6,907755
褟薪写械泻褋 0,013423 0,026846
褏芯谢芯写薪褘屑 3,218876 6,437752
褋械褌芯褔泻褍 4,317488 8,634976
褍写邪谢懈谢懈 0,013423 0,040269
胁邪褉械薪褘泄 5,010635 10,021271
谢懈斜芯 0,013423 0,013423
邪泻泻邪褍薪褌褍 0,013423 0,013423
薪械斜芯谢褜褕懈屑 4,317488 8,634976
芯褌泻褉褘胁邪械屑芯谐芯 0,013423 0,026846
褉械写泻芯 3,624341 3,624341
锌芯懈褋泻 0,013423 0,013423
褋芯谐谢邪褋薪褘 0,013423 0,040269
懈薪谐褉械写懈械薪褌邪 3,912023 7,824046
锌芯褌褍褋泻薪械械褌 5,010635 5,010635
褍褋芯胁械褉褕械薪褋褌胁芯胁邪薪懈褟 5,010635 15,031906
褉械泻谢邪屑褘 0,013423 0,013423
褏芯蟹褟泄泻懈 3,624341 3,624341
斜褘胁邪械褌 3,912023 3,912023
蟹懈屑褍 2,612740 5,225480
邪薪邪谢芯谐懈懈 5,010635 10,021271
泻懈锌褟褖械泄 4,317488 8,634976
薪邪褋褌芯褟褌褜褋褟 3,218876 12,875503
褋芯蟹写邪薪懈械屑 5,010635 5,010635
锌芯写褏芯写懈褌 2,525729 2,525729
褋谢械写褍械褌 2,066196 8,264785
褋褌芯懈屑芯褋褌褜 2,612740 13,063700
懈薪谐褉械写懈械薪褌褘 1,919593 26,874300
懈蟹屑械薪褟械褌 5,010635 10,021271
写芯褑械薪褌 2,813411 2,813411
褉懈褋邪 3,912023 7,824046
褋胁芯懈屑 2,612740 2,612740
褟褉泻懈屑 3,624341 10,873023
芯斜褋褍卸写械薪懈褟 0,013423 0,013423
褟褉泻懈泄 3,401197 3,401197
懈褋锌芯谢褜蟹芯胁邪谢懈褋褜 3,912023 3,912023
斜谢褞写邪屑 5,010635 5,010635
胁褌芯褉芯泄 2,445686 2,445686
斜谢芯泻懈褉芯胁泻芯泄 0,013423 0,040269
锌褉懈芯斜褉械褌械褌 3,624341 3,624341
懈蟹屑械谢褜褔械薪薪邪褟 5,010635 10,021271
薪芯胁褘泄 0,013423 0,053692
写芯褋褌褍锌 0,013423 0,026846
屑懈邪 0,013423 0,107384
蟹邪写邪褌褜 0,013423 0,013423
邪胁褌芯褉褍 0,013423 0,013423
锌械褉胁芯屑 2,708050 2,708050
写芯谢卸薪褘 0,013423 0,013423
泻芯屑锌芯蟹懈褑懈褞 5,010635 20,042541
谐 0,013423 0,375845
写 0,013423 0,026846
械 3,912023 3,912023
胁邪褉懈褌褜 2,445686 2,445686
褋谢邪写泻懈械 3,218876 3,218876
锌芯谢懈褌懈泻邪 0,013423 0,013423
泻懈锌褟褌泻芯屑 3,401197 6,802395
谐芯褌芯胁薪芯褋褌懈 2,612740 5,225480
锌褉芯胁械写械薪薪褘泄 5,010635 5,010635
褌械褔械薪懈械 0,013423 0,040269
褉械锌褔邪褌褘泄 3,064725 33,711977
泻邪泻懈械 2,177422 2,177422
褋褘褉褘 4,317488 4,317488
锌褉芯褔薪芯 4,317488 4,317488
芯薪芯 2,302585 4,605170
胁邪褉懈邪薪褌 2,371578 4,743156
芯胁芯褖薪褘褏 4,317488 4,317488
芯胁芯褖懈 2,708050 8,124151
锌褉邪蟹写薪懈褔薪芯谐芯 3,624341 10,873023
褋褘褉邪 4,317488 4,317488
泻谢邪褋褋懈褔械褋泻懈泄 2,014903 20,149030
胁褉械屑褟 0,013423 0,026846
褍泻谢邪写褘胁邪械褌褋褟 3,912023 7,824046
卸械谢褌芯泻 3,912023 54,768322
褉邪薪械械 0,013423 0,013423
胁芯褋褋褌邪薪芯胁谢械薪懈褟 0,013423 0,013423
泻谢邪褋褋懈褔械褋泻懈械 3,064725 6,129450
蟹邪谐芯褌芯胁芯泻 5,010635 5,010635
褉邪蟹斜谢芯泻懈褉芯胁邪褌褜 0,013423 0,040269
谐芯褉芯写 0,013423 0,013423
泻褍谢懈薪邪褉 5,010635 10,021271
蟹邪胁械褉褕邪械褌 4,317488 17,269952
褔邪褋 2,813411 5,626821
芯斜褉邪褖邪械屑 0,013423 0,013423
薪邪褉褟写褍 3,912023 3,912023
锌芯泻褉褘褌邪褟 5,010635 10,021271
薪邪锌懈褋邪褌褜 0,013423 0,013423
薪芯胁芯褋褌械泄屑芯谢薪懈褟 0,013423 0,013423
薪邪褍褔薪褘泄 2,445686 2,445686
芯写薪芯泻谢邪褋褋薪懈泻懈 0,013423 0,026846
锌芯泻邪蟹邪褌褜 0,013423 0,013423
泻薪芯锌泻褍 0,013423 0,013423
泻芯屑屑褍薪懈泻邪褑懈泄 0,013423 0,013423
锌褉芯写褍泻褌邪 3,401197 3,401197
胁泻褍褋芯屑 2,931194 2,931194
锌褉芯写褍泻褌芯胁 3,624341 18,121705
褋褌邪褉邪谢褋褟 5,010635 10,021271
锌邪褉芯谢褜 0,013423 0,080538
锌邪褉芯谢褟 0,013423 0,053692
斜谢褞写 2,238047 2,238047
泻邪谢芯褉懈泄薪芯褋褌褜 2,120264 4,240527
锌芯褉褟写芯泻 2,445686 9,782744
胁褏芯写 0,013423 0,013423
锌芯屑懈写芯褉芯胁 3,912023 3,912023
斜邪薪泻懈 3,064725 6,129450
锌褉芯写褍泻褌褘 0,150823 0,904937
褍写邪谢械薪芯 0,013423 0,013423
谐邪胁褉懈谢芯胁邪 0,013423 0,013423
斜邪薪泻邪 3,064725 24,517801
芯褌薪芯褋懈褌褋褟 3,401197 3,401197
褉邪蟹褉芯胁薪褟褌褜 5,010635 10,021271
褉邪褋锌芯谢芯卸械薪薪芯屑褍 0,013423 0,026846
胁褋械泄 2,445686 2,445686
写芯屑邪褕薪械谐芯 3,401197 6,802395
褋懈谢褜薪芯 2,708050 2,708050
薪懈蟹泻芯泻邪谢芯褉懈泄薪褘械 5,010635 5,010635
褉褘斜薪褘屑懈 5,010635 15,031906
懈蟹薪邪褔邪谢褜薪邪褟 5,010635 10,021271
褍褔褉械写懈褌械谢褜 0,013423 0,013423
锌褉芯褋褌褘械 1,752539 14,020310
屑芯械 0,013423 0,026846
褋褋褘谢泻邪 0,013423 0,026846
褋褋褘谢泻械 0,013423 0,013423
泻邪卸械褌褋褟 3,624341 7,248682
卸械谢褌泻懈 4,317488 51,809857
褋褋褘谢泻懈 0,013423 0,013423
泻褉褍锌薪芯泄 3,064725 30,647251
锌芯屑芯褔褜 0,013423 0,013423
褉械褑械锌褌褘泻褍谢懈薪邪褉懈褟锌褉芯写褍泻褌褘褋邪谢邪褌 4,317488 4,317488
芯斜褟蟹邪褌械谢褜薪褘 0,013423 0,093961
褋邪谢邪褌 2,371578 78,262073
褍泻谢邪写褘胁邪薪懈械 5,010635 5,010635
褋邪谢邪褌薪懈褑褍 5,010635 10,021271
褝褌邪锌褘 4,317488 12,952464
胁褌芯褉邪褟 3,218876 6,437752
褉芯褋泻芯屑薪邪写蟹芯褉 0,013423 0,013423
锌芯写谐芯褌芯胁谢械薪薪芯谐芯 5,010635 5,010635
泻芯薪褋械褉胁懈褉芯胁邪薪薪芯泄 4,317488 4,317488
斜械谢泻邪 3,401197 6,802395
泻褍褉懈薪褘械 3,624341 18,121705
斜谢芯泻懈褉芯胁邪谢褋褟 0,013423 0,013423
锌褉懈写褍屑邪谢懈 3,401197 3,401197
屑芯褋泻胁邪 0,006689 0,020067
胁芯褋锌芯谢褜蟹芯胁邪褌褜褋褟 0,013423 0,013423
胁褏芯写邪 0,013423 0,013423
褋锌械褑懈褎懈褔械褋泻懈泄 4,317488 4,317488
锌芯写芯泄褌懈 5,010635 5,010635
锌芯褌褉械斜芯胁邪谢芯褋褜 5,010635 5,010635
屑芯褢 0,013423 0,013423
斜械谢泻懈 2,371578 28,458936
褋褉邪胁薪械薪懈褞 3,912023 3,912023
写芯斜邪胁谢褟褌褜 2,931194 5,862388
写邪谢械械 2,238047 8,952186
写芯谢卸械薪 2,177422 8,709688
芯褌胁邪褉薪褘械 4,317488 8,634976
屑邪泄芯薪械蟹薪邪褟 5,010635 20,042541
锌芯谢懈褌懈泻芯泄 0,013423 0,040269
芯斜褉邪斜芯褌泻懈 0,013423 0,026846
写邪褞 0,013423 0,026846
锌芯谢芯胁懈薪邪 4,317488 21,587441
斜芯谢褜褕懈薪褋褌胁邪 3,912023 3,912023
芯斜褉邪斜芯褌泻褍 0,013423 0,026846
褏胁芯泄薪褘械 4,317488 4,317488
褉械写邪泻褑懈懈 0,013423 0,026846
芯斜褉邪褖械薪懈泄 0,013423 0,013423
斜芯谢褜褕懈薪褋褌胁械 3,912023 3,912023
芯斜褉邪斜芯褌泻邪 0,013423 0,013423
褝褌芯 0,013423 0,013423
斜芯谢褜褕懈薪褋褌胁芯 3,064725 3,064725
锌芯褉械蟹邪褌褜 3,624341 7,248682
胁泻褍褋 2,120264 16,962108
谢褍泻械 4,317488 8,634976
谢褍泻邪 3,218876 3,218876
褟懈褔薪褘屑懈 4,317488 8,634976
薪芯胁褍褞 0,013423 0,013423
屑邪褋褋芯胁褘褏 0,013423 0,013423
写芯褋褌褍锌薪褘械 3,401197 3,401197
褉邪蟹薪芯胁懈写薪芯褋褌械泄 4,317488 8,634976
锌械褔械薪褜褞 4,317488 4,317488
锌褉芯泄写械薪邪 0,013423 0,013423
褍谢芯卸懈褌褜 3,624341 7,248682
邪锌锌械褌懈褌薪芯 5,010635 5,010635
蟹邪褉械谐懈褋褌褉懈褉芯胁邪褌褜褋褟 0,013423 0,053692
锌芯卸邪谢芯胁邪褌褜褋褟 0,013423 0,013423
褋械薪褌褟斜褉褟 1,514128 4,542383
薪芯胁芯褋褌懈 0,006689 0,066890
胁芯泄褌懈 0,013423 0,053692
泻邪褉褌芯褔械泻 5,010635 5,010635
褝谢械泻褌褉芯薪薪芯泄 0,013423 0,013423
褕械褋褌芯泄 4,317488 4,317488
写械泄褋褌胁懈褟 0,013423 0,013423
蟹邪褖懈褌邪 0,013423 0,013423
褉械谐懈褋褌褉邪褑懈褟 0,013423 0,040269
斜械谢芯泻 3,401197 47,616763
懈褋锌芯谢褜蟹芯胁邪薪懈褟 0,013423 0,013423
褉褍斜谢褜 4,317488 4,317488
胁芯褋褋褌邪薪芯胁谢械薪懈械 0,013423 0,040269
薪芯胁芯械 2,525729 2,525729
谐芯褋褍写邪褉褋褌胁械薪薪芯械 0,013423 0,013423
薪邪锌芯屑懈薪邪褞褖褍褞 5,010635 5,010635
卸械谢褌泻芯胁 4,317488 8,634976
芯斜褘褔薪褘泄 4,317488 4,317488
斜谢褞写芯屑 4,317488 4,317488
蟹邪褌械屑 1,791759 3,583519
锌褉芯褋懈屑 0,013423 0,013423
褏褉褍褋褌褟褖懈械 3,218876 3,218876
蟹邪斜谢芯泻懈褉芯胁邪薪 0,013423 0,013423
褋芯谢褜 2,120264 10,601318
芯褕懈斜泻褍 0,013423 0,013423
蟹邪褖懈褌褘 0,013423 0,013423
褉械锌褔邪褌褘屑 5,010635 15,031906
芯斜褉邪褖械薪懈褟 0,013423 0,026846
薪邪褉械蟹邪薪薪褘屑 4,317488 12,952464
锌褉芯褋褌褍褞 3,912023 3,912023
卸械谢褌泻芯屑 5,010635 10,021271
锌械褉胁褘泄 2,014903 8,059612
芯褌写械谢懈褌褜 3,401197 6,802395
锌褟褌褜 2,302585 6,907755
褋谢懈褌褜 3,624341 7,248682
屑懈薪褍褌 1,297063 7,782379
芯褕懈斜泻邪 0,013423 0,013423
锌褉邪泻褌懈褔械褋泻懈 2,445686 2,445686
褌褉械褋泻懈 4,317488 4,317488
胁芯锌褉芯褋 0,006689 0,006689
褌褍薪械褑 5,010635 45,095718
褋邪屑褘褏 1,875141 3,750282
褋谢芯褟屑懈 3,912023 11,736069
锌芯写褌胁械褉卸写邪械褌械 0,013423 0,013423
锌褉械写锌芯褔褌械薪懈泄 3,218876 3,218876
泻芯薪褋械褉胁懈褉芯胁邪薪薪褍褞 5,010635 30,063812
褋芯泻褍 4,317488 4,317488
胁邪褕 0,013423 0,053692
芯斜褟蟹邪褌械谢褜薪褘械 3,912023 7,824046
懈屑褟 0,013423 0,067115
胁褟谢械薪褘械 4,317488 4,317488
褍褏褍写褕邪褞褌 5,010635 5,010635
屑薪械薪懈械 3,218876 3,218876
薪械芯斜褘褔薪芯械 3,912023 7,824046
蟹邪谐芯褌芯胁泻懈 4,317488 8,634976
褋褉芯泻 0,013423 0,026846
褌械褏薪芯谢芯谐懈泄 0,013423 0,026846
褉械褑械锌褌褘褉芯褋褋懈褟械写邪锌褉芯褋褌褘械 4,317488 4,317488
斜谢褞写邪 2,177422 4,354844
褟泄褑邪 1,966113 62,915611
褋邪屑褘泄 2,177422 2,177422
屑邪褌械褉懈邪谢 0,013423 0,013423
褋邪屑褘屑 2,302585 2,302585
褍褋锌械褕薪芯 0,013423 0,013423
褍褌胁械褉卸写邪褞褌 2,931194 5,862388
谢械薪褌邪 0,006689 0,013378
薪邪褕懈薪泻芯胁邪褌褜 3,912023 7,824046
蟹邪斜谢芯泻懈褉芯胁邪薪褘 0,013423 0,013423
褋褎械褉械 0,013423 0,013423
蟹邪屑芯褉芯卸械薪薪芯械 5,010635 25,053176
褋胁懈写械褌械谢褜褋褌胁芯 0,013423 0,013423
泻芯泻褌械泄谢褜 4,317488 4,317488
锌褉邪胁懈谢邪 0,013423 0,026846
泻芯薪褋械褉胁芯胁 3,912023 7,824046
懈蟹屑械谢褜褔邪褞褌褋褟 5,010635 5,010635
褉褘斜芯泄 3,624341 3,624341
褋薪械谐褍 5,010635 5,010635
褋械褉写褑邪 4,317488 4,317488
泻芯屑屑械薪褌懈褉芯胁邪薪懈褟 0,013423 0,026846
褌械褉褌褘械 5,010635 10,021271
写邪褌褜 2,066196 4,132393
锌褉械褋褋 0,013423 0,013423
褍泻褉芯锌 2,612740 5,225480
泻褍谢懈薪邪褉懈褟 2,525729 15,154372
锌褉懈屑械薪械薪懈褟 0,013423 0,013423
褟懈褔薪褘泄 4,317488 69,079810
锌械褉褋芯薪邪谢褜薪褘褏 0,013423 0,107384
褌褉械褌懈泄 2,931194 2,931194
写芯斜邪胁谢褟械褌褋褟 4,317488 4,317488
锌褉芯懈蟹芯褕谢邪 0,013423 0,013423
芯斜褟蟹邪薪 3,624341 3,624341
锌褉懈胁械谢懈 3,624341 3,624341
褉褍斜谢械泄 2,525729 2,525729
褟懈褔薪褘械 4,317488 38,857393
写邪褌邪 0,013423 0,013423
胁邪褕械 0,013423 0,107384
褋邪泄褌械 0,013423 0,013423
胁懈蟹懈褌薪褘褏 5,010635 5,010635
胁邪褕懈 0,013423 0,013423
泻褍谢懈薪邪褉懈懈 3,624341 3,624341
褉邪蟹屑懈薪邪械褌褋褟 5,010635 5,010635
胁芯褋褋褌邪薪芯胁懈褌褜 0,013423 0,013423
褋褍褖械褋褌胁褍械褌 2,612740 5,225480
褋褘褉芯屑 2,708050 5,416100
褍泻褉芯锌邪 3,218876 6,437752
薪邪褌械褉褌褘屑 5,010635 10,021271
褋褉械写薪械谐芯 3,401197 6,802395
褋褘褉芯泄 3,912023 3,912023
胁芯锌褉芯褋邪 0,013423 0,013423
褉芯褋褋懈褟 0,006689 0,127091
薪邪褌械褉褌褘泄 5,010635 20,042541
泻芯薪褋械褉胁邪屑懈 3,064725 24,517801
薪邪褌械褉褌褘械 4,317488 25,904929
屑邪泄芯薪械蟹邪 3,624341 25,370387
锌芯褕邪谐芯胁芯 3,064725 21,453076
褉褘斜褘 3,624341 14,497364
泻芯薪械褔薪邪褟 5,010635 5,010635
褉械谐懈褋褌褉邪褑懈懈 0,013423 0,026846
芯锌褍斜谢懈泻芯胁邪薪薪褘泄 5,010635 5,010635
褉褘斜褍 3,401197 61,221553
胁邪褉械薪邪褟 3,624341 10,873023
褋邪泄褌 0,013423 0,026846
锌褉懈褋褍褌褋褌胁芯胁邪谢懈 3,912023 3,912023
褍卸懈薪邪 3,624341 3,624341
写褉褍谐芯械 0,013423 0,013423
写芯斜邪胁谢褟褞褌 3,064725 6,129450
锌芯写写械褉卸懈胁邪械褌褋褟锌芯谢褍褔懈褌褜 0,013423 0,013423
褋邪泄褉邪 5,010635 65,138259
锌械褉械褑 2,525729 5,051457
褉褘斜邪 4,317488 73,397298
写胁褍褏 2,014903 4,029806
谐芯褉斜褍褕邪 5,010635 15,031906
褍胁械谢懈褔懈胁邪械褌 4,317488 8,634976
泻褍谢懈薪邪褉芯胁 2,931194 11,724775
芯褌锌褉邪胁泻懈 0,013423 0,013423
泻邪泻褍褞 3,401197 10,203592
写芯屑邪褕薪懈褏 2,612740 2,612740
褋褍褏芯泄 3,218876 6,437752
褍薪懈褌邪褉薪芯屑褍 0,013423 0,026846
谢芯卸泻芯泄 3,064725 6,129450
泻谢邪褋褋懈褔械褋泻芯屑褍 3,912023 3,912023
芯斜薪芯胁谢械薪芯 1,003302 1,003302
谐芯褉斜褍褕褍 5,010635 10,021271
褑胁械褌泻懈 5,010635 5,010635
胁褘斜械褉懈褌械 0,013423 0,040269
褋芯褉褌邪 3,401197 3,401197
泻邪褉褌芯褕泻芯泄 3,624341 7,248682
屑邪褋谢械 3,401197 27,209579
褌械褉褌褘泄 3,912023 7,824046
薪械蟹邪屑褘褋谢芯胁邪褌芯褋褌褜 5,010635 5,010635
蟹邪屑芯褔懈褌褜 3,624341 3,624341
芯褋褌邪胁褕邪褟褋褟 5,010635 5,010635
蟹械谢械薪懈 3,912023 3,912023
屑邪褋谢芯 2,302585 34,538776
薪邪褍泻 2,931194 2,931194
蟹邪褖懈褌芯泄 0,013423 0,026846
褉邪蟹屑械褉邪 2,708050 5,416100
芯褌写械谢褜薪芯褋褌懈 5,010635 10,021271
邪胁褌芯褉懈蟹邪褑懈褟 0,013423 0,013423
写芯屑邪褕薪懈泄 3,218876 6,437752
褎芯褉屑邪 0,013423 0,013423
谢芯谐懈薪芯屑 0,013423 0,013423
褉械泄褌懈薪谐 0,006689 0,006689
谐邪谢芯褔泻褍 0,013423 0,013423
蟹械谢械薪褜 2,708050 21,664402
褋芯褋褌邪胁谢褟械褌 2,445686 2,445686
褋械谢械写泻芯泄 4,317488 12,952464
写械褉卸懈褌 5,010635 5,010635
褋谢械写褍褞褌 5,010635 10,021271
褋锌芯褋芯斜褘 0,013423 0,026846
褍泻褉邪褋懈褌褜 2,931194 11,724775
谐芯褉褔懈褑械泄 4,317488 4,317488
谢褞斜芯屑 3,064725 6,129450
屑械谢泻芯 2,525729 37,885930
泻芯锌褔械薪芯泄 5,010635 5,010635
写懈褋泻褍褋褋懈懈 0,013423 0,026846
褋芯胁械褌褋泻懈褏 3,064725 3,064725
褍薪懈褌邪褉薪芯械 0,013423 0,013423
芯褌胁邪褉懈胁邪褞褌褋褟 5,010635 5,010635
褉械锌褔邪褌芯谐芯 5,010635 5,010635
褎芯褉屑褍 0,013423 0,187922
褌械屑邪 0,013423 0,040269
褋屑邪蟹邪薪 5,010635 10,021271
褉械泻芯屑械薪写邪褌械谢褜薪褘褏 0,013423 0,013423
褕锌褉芯褌邪屑懈 3,912023 3,912023
写邪薪薪邪褟 0,013423 0,013423
胁褏芯写褟褖懈褏 4,317488 4,317488
邪薪邪谢懈蟹 3,064725 3,064725
屑邪谢芯褋芯谢褜薪芯泄 5,010635 5,010635
褉械褑械锌褌邪褏 5,010635 20,042541
斜械谢褘泄 3,401197 6,802395
锌褉芯褋褌邪胁谢褟褟 0,013423 0,013423
蟹邪锌芯谢薪械薪懈褟 0,013423 0,093961
褉芯褋褋懈褟薪 1,919593 1,919593
褋谢褍卸斜械 0,013423 0,013423
谢芯褋芯褋褜 5,010635 5,010635
褉械谢懈蟹芯胁 0,013423 0,013423
褋芯斜懈褉邪褌褜 5,010635 10,021271
芯褌胁邪褉薪芯泄 5,010635 25,053176
胁邪褕懈褏 0,013423 0,026846
胁褘谐谢褟写褟褌 3,912023 7,824046
锌芯写邪褔械泄 3,218876 12,875503
褉邪蟹褗械屑薪褍褞 5,010635 20,042541
锌褉芯屑邪蟹褘胁邪械褌褋褟 5,010635 5,010635
泻芯褌芯褉褘械 1,455287 8,731723
写懈械褌懈褔械褋泻懈屑 5,010635 5,010635
泻芯褌芯褉褘泄 1,160488 5,802438
懈蟹斜邪胁懈褌褜褋褟 3,624341 3,624341
谐褉邪卸写邪薪 2,931194 5,862388
褍斜褉邪褌褜 2,525729 5,051457
锌褉懈褋褍褌褋褌胁褍械褌 4,317488 8,634976
锌褉懈谐芯褌芯胁谢械薪懈懈 2,813411 2,813411
薪邪锌褉懈屑械褉 1,714798 3,429597
锌褉懈谐芯褌芯胁谢械薪懈械 1,966113 11,796677
褋谢械写褍褞褖懈屑 3,218876 6,437752
褋谢械写褍褞褖懈泄 2,931194 5,862388
锌褉邪胁懈谢 0,013423 0,040269
泻芯褌芯褉褘褏 1,966113 1,966113
锌褉懈谐芯褌邪胁谢懈胁邪褌褜 5,010635 5,010635
邪胁褌芯褉懈蟹芯胁邪褌褜褋褟 0,013423 0,013423
邪胁褌芯褉懈蟹褍泄褌械褋褜 0,013423 0,013423
褋谢褍褔邪械 1,714798 3,429597
褉邪褋褕懈褉械薪薪褘泄 0,013423 0,013423
褋褔懈褌邪褞褌 3,064725 3,064725
锌芯褌褉械斜懈褌械谢褜褋泻懈褏 4,317488 4,317488
锌褉械写芯褋褌邪褌芯褔薪芯 4,317488 4,317488
褉褍泻芯泄 3,624341 7,248682
褋胁械卸邪褟 3,401197 6,802395
薪芯胁褘械褋薪邪褔邪谢邪 0,013423 0,013423
锌褉懈谐芯褌芯胁谢械薪懈褟 1,791759 8,958797
锌芯褋芯谢懈褌褜 3,064725 6,129450
屑谢 2,612740 15,676440
锌褉懈写褍屑邪谢 3,401197 6,802395
褋械褌泻邪 5,010635 20,042541
褍褋谢芯胁懈褟褏 2,066196 2,066196
褋褘褌薪械械 5,010635 10,021271
褌械褉泻褍 5,010635 20,042541
胁褘斜芯褉械 3,401197 3,401197
褍褔邪褋褌懈械 0,006689 0,006689
褌械褉泻械 2,931194 67,417456
芯锌械褔邪褌泻邪 0,013423 0,013423
懈褋锌芯谢褜蟹芯胁邪褌褜 0,013423 0,107384
褋褘褌薪芯谐芯 3,912023 7,824046
泻邪卸写褘泄 2,120264 8,481054
芯薪谢邪泄薪 0,013423 0,013423
泻芯薪褌邪泻褌芯胁 0,013423 0,013423
泻芯薪褋械褉胁懈褉芯胁邪薪薪邪褟 4,317488 56,127345
邪锌褉械谢褟 0,013423 0,013423
泻邪褉褌芯褎械谢褜薪芯谐芯 3,912023 3,912023
褍薪懈胁械褉褋懈褌械褌邪 2,177422 4,354844
薪邪屑懈 0,013423 0,093961
蟹邪胁芯械胁邪谢邪 5,010635 5,010635
薪械屑 2,612740 2,612740
褋芯胁械褌褋泻芯泄 5,010635 5,010635
胁邪泻邪薪褋懈懈 0,013423 0,013423
谐芯写褘 3,624341 3,624341
薪邪卸懈屑邪褟 0,013423 0,013423
胁邪屑懈 0,013423 0,013423
锌褉邪蟹写薪懈褔薪芯屑 3,912023 11,736069
薪械写芯锌褍褋褌懈屑芯械 0,013423 0,013423
谐芯写褍 1,139434 2,278869
懈褋褌械泻 0,013423 0,013423
褍泻褋褍褋邪 3,912023 7,824046
懈褋锌芯谢褜蟹褍褟 2,612740 5,225480
锌芯锌褉芯斜芯胁邪褌褜 3,624341 7,248682
锌褉械写锌褉懈褟褌懈褞 0,013423 0,026846
芯褎懈褑懈邪谢褜薪褘屑 3,064725 3,064725
胁薪懈屑邪薪懈械 0,013423 0,013423
锌褉懈薪懈屑邪褌褜 0,013423 0,013423
锌褉械写械谢邪褏 3,218876 3,218876
褋屑芯卸械褌械 0,013423 0,013423
谐芯写邪 0,006689 0,033445
锌锌 3,624341 7,248682
泻芯薪褋械褉胁褘 5,010635 5,010635
胁褘斜芯褉褍 3,624341 3,624341
芯蟹薪邪泻芯屑谢械薪褘 0,013423 0,013423
褋械谢械写泻邪 3,912023 3,912023
屑芯懈褏 0,013423 0,026846
芯褔械薪褜 1,678431 1,678431
锌褉械写锌褉懈褟褌懈械 0,013423 0,013423
褋屑邪蟹邪褌褜 3,064725 24,517801
薪懈泻邪泻 3,064725 6,129450
