законным 0,013423 0,013423
новый 0,013423 0,026846
нокаут 5,010635 5,010635
найти 0,013423 0,013423
основанием 0,013423 0,013423
письмо 0,013423 0,013423
спасибо 0,013423 0,013423
согласие 0,013423 0,026846
центр 0,190354 0,190354
доступ 0,013423 0,026846
декабря 1,098612 1,098612
миа 0,013423 0,026846
задать 0,013423 0,013423
теги 0,190354 0,190354
автору 0,013423 0,013423
связаться 0,013423 0,080538
александр 1,455287 2,910574
должны 0,013423 0,013423
г 0,013423 0,026846
д 0,013423 0,026846
реклама 0,190354 0,190354
фото 0,013423 0,013423
политика 0,013423 0,026846
связь 0,006689 0,013378
готовности 2,612740 2,612740
готово 0,013423 0,026846
течение 0,013423 0,013423
автора 2,931194 2,931194
информационных 0,013423 0,013423
размещения 0,013423 0,013423
конфиденциальности 0,013423 0,053692
войной 5,010635 5,010635
связи 0,013423 0,080538
заголовок 0,013423 0,026846
процесса 0,013423 0,013423
адресу 0,013423 0,026846
проблему 0,013423 0,013423
цветной 3,912023 3,912023
время 0,013423 0,026846
конец 3,912023 3,912023
данных 0,013423 0,107384
ракетчики 2,931194 2,931194
носович 3,218876 6,437752
письма 0,013423 0,013423
часов 0,013423 0,026846
соглашаетесь 0,013423 0,013423
ранее 0,013423 0,013423
восстановления 0,013423 0,013423
подарок 5,010635 5,010635
главный 0,013423 0,013423
данные 0,013423 0,013423
разблокировать 0,013423 0,040269
город 0,013423 0,013423
фотографию 0,013423 0,013423
обращаем 0,013423 0,013423
отправлено 0,013423 0,013423
написать 0,013423 0,013423
новостеймолния 0,013423 0,013423
союзник 4,317488 4,317488
одноклассники 0,013423 0,026846
сначала 0,013423 0,013423
степень 4,317488 4,317488
украину 2,612740 2,612740
публикации 2,238047 2,238047
показать 0,013423 0,013423
кнопку 0,013423 0,013423
коммуникаций 0,013423 0,013423
русских 3,064725 3,064725
пароль 0,013423 0,080538
пароля 0,013423 0,053692
перейдите 0,013423 0,013423
сворачивает 5,010635 5,010635
вход 0,013423 0,013423
продукты 0,150823 0,150823
миропорядок 5,010635 5,010635
закрыто 0,013423 0,013423
удалено 0,013423 0,013423
сколько 0,006689 0,006689
гаврилова 0,013423 0,013423
материалов 0,013423 0,053692
отправлена 0,013423 0,013423
элиту 5,010635 5,010635
чате 0,013423 0,013423
расположенному 0,013423 0,026846
чату 0,013423 0,013423
революцию 5,010635 5,010635
редакцией 0,013423 0,013423
польша 3,064725 3,064725
ноу 5,010635 5,010635
трампом 5,010635 5,010635
пророссийской 5,010635 5,010635
учредитель 0,013423 0,013423
путина 2,612740 2,612740
рассмотрены 0,013423 0,013423
мое 0,013423 0,026846
ссылка 0,013423 0,026846
эпохи 5,010635 5,010635
последние 1,098612 1,098612
ссылке 0,013423 0,013423
перетяните 0,013423 0,013423
ссылки 0,013423 0,013423
помочь 0,013423 0,013423
архив 0,190354 0,190354
революции 4,317488 4,317488
ошибках 0,013423 0,013423
обязательны 0,013423 0,093961
сша 1,118815 2,237630
выпуска 0,013423 0,013423
списка 0,013423 0,013423
формой 0,013423 0,053692
роскомнадзор 0,013423 0,013423
хау 5,010635 5,010635
блокировался 0,013423 0,013423
глобальную 4,317488 4,317488
становится 2,708050 2,708050
москва 0,006689 0,013378
воспользоваться 0,013423 0,013423
входа 0,013423 0,013423
серной 5,010635 5,010635
прибалтике 5,010635 5,010635
моё 0,013423 0,013423
федеральное 0,013423 0,013423
федеральной 0,013423 0,013423
лицо 2,813411 2,813411
международное 0,013423 0,040269
должен 2,177422 2,177422
будут 0,013423 0,013423
новостей 0,006689 0,006689
ноября 1,714798 5,144395
политикой 0,013423 0,040269
обработки 0,013423 0,026846
даю 0,013423 0,026846
показал 3,401197 3,401197
нужны 3,064725 3,064725
обработку 0,013423 0,026846
обратной 0,013423 0,067115
подкасты 0,292136 0,292136
редакции 0,013423 0,026846
обращений 0,013423 0,013423
вчера 1,576648 1,576648
теневого 4,317488 4,317488
обработка 0,013423 0,013423
это 0,013423 0,013423
обзоры 2,525729 2,525729
актуальны 5,010635 5,010635
главную 3,624341 3,624341
топят 5,010635 5,010635
описанием 0,013423 0,013423
новую 0,013423 0,013423
массовых 0,013423 0,013423
пройдена 0,013423 0,013423
используется 0,013423 0,013423
уничтожить 3,218876 3,218876
зарегистрироваться 0,013423 0,053692
пожаловаться 0,013423 0,013423
сентября 1,514128 6,056511
новости 0,006689 0,013378
войти 0,013423 0,053692
электронной 0,013423 0,013423
мире 0,274437 0,274437
эл 0,013423 0,013423
действия 0,013423 0,013423
радио 0,274437 0,274437
защита 0,013423 0,013423
регистрация 0,013423 0,040269
почему 0,013423 0,013423
использования 0,013423 0,013423
восстановление 0,013423 0,040269
вопросам 0,013423 0,026846
новое 2,525729 2,525729
германия 3,064725 3,064725
государственное 0,013423 0,013423
вконтакте 0,013423 0,026846
спецпроекты 0,190354 0,190354
просим 0,013423 0,013423
навсегда 0,013423 0,013423
нарушение 0,013423 0,040269
заблокирован 0,013423 0,013423
гренландия 4,317488 8,634976
ошибку 0,013423 0,013423
защиты 0,013423 0,013423
путин 1,514128 1,514128
эхо 5,010635 5,010635
назад 0,013423 0,067115
обращения 0,013423 0,026846
февраля 0,616186 0,616186
великое 5,010635 5,010635
ошибка 0,013423 0,013423
готовят 3,218876 3,218876
вопрос 0,006689 0,006689
зубовский 0,013423 0,026846
подтверждаете 0,013423 0,013423
заполнить 0,013423 0,026846
осуществляется 0,013423 0,013423
ваш 0,013423 0,053692
имя 0,013423 0,067115
другие 0,013423 0,026846
общество 0,265703 0,265703
надзору 0,013423 0,013423
подрывают 5,010635 5,010635
срок 0,013423 0,026846
издание 0,013423 0,013423
показала 4,317488 4,317488
бульвар 0,013423 0,026846
событий 2,177422 2,177422
хотите 0,013423 0,013423
заполните 0,013423 0,067115
технологий 0,013423 0,026846
сетевое 0,013423 0,013423
неделю 1,373049 1,373049
раскрыта 3,912023 3,912023
вновь 0,013423 0,013423
сменить 0,013423 0,013423
трампу 3,912023 3,912023
материал 0,013423 0,013423
участвовать 0,013423 0,026846
сообщить 0,013423 0,013423
успешно 0,013423 0,013423
скриншот 0,013423 0,040269
зеленского 2,177422 4,354844
лента 0,006689 0,013378
объединила 5,010635 5,010635
страной 4,317488 4,317488
заблокированы 0,013423 0,013423
спорт 0,190354 0,190354
сфере 0,013423 0,013423
грузия 3,912023 3,912023
переговорах 2,177422 2,177422
месяц 1,297063 1,297063
истинное 4,317488 4,317488
свидетельство 0,013423 0,013423
правила 0,013423 0,026846
взаимодействия 0,013423 0,026846
сохранить 0,013423 0,013423
информационное 0,013423 0,040269
комментирования 0,013423 0,026846
пресс 0,013423 0,026846
россии 0,395515 1,186544
применения 0,013423 0,013423
сделал 2,708050 2,708050
болото 4,317488 4,317488
федеральному 0,013423 0,026846
персональных 0,013423 0,107384
произошла 0,013423 0,013423
российские 2,238047 2,238047
дата 0,013423 0,013423
ваше 0,013423 0,107384
сайте 0,013423 0,013423
общая 5,010635 5,010635
ваши 0,013423 0,013423
дате 2,525729 5,051457
беда 4,317488 4,317488
фио 0,013423 0,013423
восстановить 0,013423 0,013423
пентагон 3,912023 3,912023
запада 3,912023 3,912023
пожалуйста 0,013423 0,013423
ниже 0,013423 0,040269
версия 0,013423 0,013423
вопроса 0,013423 0,013423
россия 0,006689 0,046823
поля 0,013423 0,093961
свое 2,445686 2,445686
января 1,160488 5,802438
государственному 0,013423 0,026846
регистрации 0,013423 0,026846
европе 2,238047 2,238047
поле 0,013423 0,013423
сайт 0,013423 0,026846
сервисы 0,190354 0,190354
зарегистрировано 0,013423 0,013423
европу 3,064725 3,064725
цветные 5,010635 5,010635
другое 0,013423 0,013423
туризм 0,283247 0,283247
поддерживаетсяполучить 0,013423 0,013423
адрес 0,013423 0,040269
соответствии 0,013423 0,026846
зеленский 2,066196 2,066196
загрузите 0,013423 0,013423
сообщения 0,013423 0,053692
загрузить 0,013423 0,013423
направлении 0,013423 0,013423
миром 3,912023 3,912023
замеченных 0,013423 0,013423
телефон 0,013423 0,013423
отправки 0,013423 0,013423
унитарному 0,013423 0,026846
период 1,160488 1,160488
сообщение 0,013423 0,134230
выберите 0,013423 0,040269
старые 0,013423 0,013423
попробуйте 0,013423 0,013423
объяснил 3,064725 3,064725
материалы 1,643339 1,643339
российского 2,612740 2,612740
защитой 0,013423 0,026846
прогресс 2,931194 2,931194
войне 3,624341 3,624341
статьи 0,013423 0,013423
подтвердите 0,013423 0,013423
авторизация 0,013423 0,013423
религия 0,283247 0,283247
форма 0,013423 0,013423
логином 0,013423 0,013423
рейтинг 0,006689 0,006689
галочку 0,013423 0,013423
россией 2,931194 5,862388
перетащите 0,013423 0,040269
материале 0,013423 0,026846
культура 0,292136 0,292136
материала 0,013423 0,026846
надвигается 5,010635 5,010635
происшествия 0,292136 0,292136
вашего 0,013423 0,013423
сговор 5,010635 5,010635
паролем 0,013423 0,013423
нато 2,612740 2,612740
популярности 2,813411 2,813411
демонтаже 5,010635 5,010635
способы 0,013423 0,026846
зарегистрируйтесь 0,013423 0,013423
обо 0,013423 0,013423
отправила 4,317488 4,317488
недвижимость 0,292136 0,292136
дискуссии 0,013423 0,026846
редактор 0,013423 0,013423
флота 3,218876 3,218876
унитарное 0,013423 0,013423
форму 0,013423 0,093961
тема 0,013423 0,040269
отправленного 0,013423 0,013423
связанные 0,013423 0,013423
рекомендательных 0,013423 0,013423
данная 0,013423 0,013423
обратная 0,013423 0,026846
риа 0,006689 0,013378
проставляя 0,013423 0,013423
связанных 0,013423 0,013423
опишите 0,013423 0,013423
переговоры 2,177422 2,177422
заполнения 0,013423 0,093961
полезное 0,182322 0,182322
год 0,967584 0,967584
службе 0,013423 0,013423
релизов 0,013423 0,013423
ваших 0,013423 0,026846
почты 0,013423 0,013423
октября 1,832581 9,162907
выжить 5,010635 5,010635
трамп 1,609438 6,437752
агентство 0,013423 0,040269
правил 0,013423 0,040269
королевский 5,010635 5,010635
выбирает 4,317488 4,317488
авторизоваться 0,013423 0,013423
авторизуйтесь 0,013423 0,013423
вещь 5,010635 5,010635
обеспечили 2,931194 2,931194
агентства 0,013423 0,013423
сегодня 0,013423 0,067115
молдова 5,010635 5,010635
тайна 3,912023 3,912023
расширенный 0,013423 0,013423
новыесначала 0,013423 0,013423
отменила 5,010635 5,010635
шапка 0,013423 0,013423
отправить 0,013423 0,147653
продолжить 0,013423 0,013423
решении 0,013423 0,013423
воспользуйтесь 0,013423 0,040269
начала 2,445686 2,445686
участие 0,006689 0,006689
аккаунт 0,013423 0,053692
экономика 0,292136 0,292136
обсуждение 0,013423 0,013423
использовать 0,013423 0,013423
опечатка 0,013423 0,013423
блокировки 0,013423 0,013423
онлайн 0,013423 0,013423
контактов 0,013423 0,013423
почта 0,013423 0,080538
апреля 0,013423 0,013423
фамилия 0,013423 0,013423
нами 0,013423 0,093961
яндекс 0,013423 0,026846
удалили 0,013423 0,040269
либо 0,013423 0,013423
вакансии 0,013423 0,013423
аккаунту 0,013423 0,013423
открываемого 0,013423 0,026846
нажимая 0,013423 0,013423
поиск 0,013423 0,013423
вами 0,013423 0,013423
недопустимое 0,013423 0,013423
согласны 0,013423 0,040269
истек 0,013423 0,013423
мюнхенский 5,010635 5,010635
предприятию 0,013423 0,026846
рекламы 0,013423 0,013423
женеве 2,371578 2,371578
внимание 0,013423 0,013423
принимать 0,013423 0,013423
сможете 0,013423 0,013423
года 0,006689 0,006689
евросоюза 3,401197 3,401197
границы 3,912023 3,912023
думать 5,010635 5,010635
ознакомлены 0,013423 0,013423
кислоте 5,010635 5,010635
присутствие 4,317488 4,317488
моих 0,013423 0,026846
предприятие 0,013423 0,013423
аляски 4,317488 4,317488
наука 0,292136 0,292136
обсуждения 0,013423 0,013423
блокировкой 0,013423 0,040269
