законным 0,013423 0,013423
польский 4,317488 4,317488
новый 0,013423 0,013423
поднимали 5,010635 5,010635
найти 0,013423 0,013423
основанием 0,013423 0,013423
польские 4,317488 17,269952
письмо 0,013423 0,013423
прирезало 5,010635 5,010635
спасибо 0,013423 0,013423
выйти 3,401197 3,401197
районы 5,010635 5,010635
новостью 5,010635 10,021271
проголосовало 5,010635 5,010635
население 4,317488 12,952464
немецко 5,010635 5,010635
согласие 0,013423 0,026846
центр 0,190354 0,190354
польских 5,010635 5,010635
доступ 0,013423 0,026846
арт 3,624341 3,624341
берлин 5,010635 5,010635
польшу 4,317488 8,634976
должно 2,708050 2,708050
помощью 1,919593 1,919593
долго 3,064725 6,129450
миа 0,013423 0,067115
решили 3,218876 9,656627
задать 0,013423 0,013423
теги 0,190354 0,190354
автору 0,013423 0,013423
хаус 5,010635 5,010635
польши 3,912023 11,736069
мало 3,218876 3,218876
связаться 0,013423 0,080538
невероятным 5,010635 5,010635
цвела 5,010635 5,010635
должны 0,013423 0,013423
приглашали 5,010635 5,010635
г 0,013423 0,026846
д 0,013423 0,026846
захватчики 5,010635 5,010635
реклама 0,190354 0,190354
е 3,912023 3,912023
фото 0,013423 0,013423
частная 5,010635 5,010635
политика 0,013423 0,026846
связь 0,006689 0,013378
британское 5,010635 10,021271
ноги 3,912023 3,912023
тяжелейшие 5,010635 5,010635
оказалось 3,912023 3,912023
готово 0,013423 0,026846
миреаналитика 5,010635 5,010635
течение 0,013423 0,013423
сотрудничества 4,317488 4,317488
информационных 0,013423 0,013423
размещения 0,013423 0,013423
конфиденциальности 0,013423 0,053692
связи 0,013423 0,080538
освободили 3,912023 3,912023
заголовок 0,013423 0,026846
подведут 5,010635 5,010635
своей 2,177422 2,177422
суперзвезду 5,010635 5,010635
процесса 0,013423 0,013423
адресу 0,013423 0,026846
проблему 0,013423 0,013423
бывшим 5,010635 5,010635
вывозили 5,010635 5,010635
время 0,013423 0,013423
данных 0,013423 0,107384
польшароссиямосквабарбара 5,010635 5,010635
отпустила 5,010635 5,010635
бедной 5,010635 5,010635
смеха 5,010635 10,021271
нулевые 5,010635 5,010635
оон 2,708050 10,832201
письма 0,013423 0,013423
дела 3,401197 3,401197
недавно 3,624341 3,624341
часов 0,013423 0,026846
соглашаетесь 0,013423 0,013423
логично 5,010635 5,010635
ранее 0,013423 0,013423
восстановления 0,013423 0,013423
разрыв 4,317488 4,317488
главный 0,013423 0,026846
данные 0,013423 0,013423
договора 3,218876 3,218876
территории 2,813411 2,813411
бывшие 5,010635 5,010635
потребовать 3,401197 3,401197
кризиса 4,317488 4,317488
разблокировать 0,013423 0,040269
город 0,013423 0,026846
разведчик 3,912023 3,912023
призвал 2,813411 2,813411
готовит 4,317488 4,317488
украинцев 2,525729 5,051457
одной 2,120264 2,120264
буржуазным 5,010635 5,010635
фотографию 0,013423 0,013423
восточной 3,064725 3,064725
обращаем 0,013423 0,013423
отправлено 0,013423 0,013423
написать 0,013423 0,013423
новостеймолния 0,013423 0,013423
одноклассники 0,013423 0,026846
сначала 0,013423 0,013423
припасть 5,010635 5,010635
поляков 3,912023 15,648092
показать 0,013423 0,013423
кнопку 0,013423 0,013423
коммуникаций 0,013423 0,013423
свободу 3,624341 3,624341
обрекли 5,010635 5,010635
орд 5,010635 5,010635
пароль 0,013423 0,080538
пароля 0,013423 0,053692
тонах 5,010635 5,010635
перейдите 0,013423 0,013423
выплачивает 4,317488 4,317488
послал 5,010635 5,010635
пригласив 5,010635 5,010635
вход 0,013423 0,013423
пошли 4,317488 4,317488
продукты 0,150823 0,150823
читать 0,851752 0,851752
закрыто 0,013423 0,013423
удалено 0,013423 0,013423
терпит 5,010635 5,010635
сколько 0,006689 0,006689
гаврилова 0,013423 0,013423
материалов 0,013423 0,040269
отправлена 0,013423 0,013423
корабли 5,010635 5,010635
казнили 5,010635 5,010635
иском 5,010635 5,010635
чате 0,013423 0,013423
стороны 2,238047 2,238047
расположенному 0,013423 0,026846
чату 0,013423 0,013423
редакцией 0,013423 0,013423
всем 1,455287 11,642298
угнетать 5,010635 5,010635
польша 3,064725 15,323626
польше 3,912023 27,384161
солдат 4,317488 4,317488
учредитель 0,013423 0,013423
такого 2,813411 2,813411
часть 1,919593 1,919593
рассмотрены 0,013423 0,013423
странах 3,064725 3,064725
славянским 4,317488 4,317488
мое 0,013423 0,026846
ссылка 0,013423 0,026846
ссылке 0,013423 0,013423
говорится 2,371578 4,743156
перетяните 0,013423 0,013423
ссылки 0,013423 0,013423
помочь 0,013423 0,013423
архив 0,190354 0,190354
ольбрыхский 5,010635 5,010635
экономическую 3,912023 3,912023
обувь 3,912023 3,912023
ошибках 0,013423 0,013423
репарации 3,218876 25,751007
обязательны 0,013423 0,093961
репараций 4,317488 8,634976
вернули 5,010635 5,010635
щедро 3,218876 3,218876
потерять 5,010635 5,010635
выпуска 0,013423 0,013423
списка 0,013423 0,013423
формой 0,013423 0,053692
роскомнадзор 0,013423 0,013423
руках 3,218876 3,218876
блокировался 0,013423 0,013423
пришли 3,624341 3,624341
сполна 5,010635 5,010635
москве 1,118815 1,118815
театры 5,010635 5,010635
москва 0,006689 0,046823
воспользоваться 0,013423 0,013423
входа 0,013423 0,013423
гениальный 5,010635 5,010635
такая 2,813411 5,626821
моё 0,013423 0,013423
федеральное 0,013423 0,013423
репарациях 5,010635 5,010635
федеральной 0,013423 0,013423
уютом 5,010635 5,010635
безвозмездно 5,010635 10,021271
рынок 3,624341 3,624341
международное 0,013423 0,040269
армии 2,708050 2,708050
вклад 4,317488 4,317488
восторженных 5,010635 5,010635
деньги 2,445686 2,445686
претензий 4,317488 4,317488
даром 5,010635 5,010635
будут 0,013423 0,013423
новостей 0,006689 0,006689
виктория 3,064725 12,258901
выплатить 5,010635 5,010635
которой 2,238047 4,476093
новогодний 2,708050 2,708050
политикой 0,013423 0,040269
хорошее 4,317488 4,317488
обработки 0,013423 0,026846
систему 3,624341 3,624341
даю 0,013423 0,026846
выстрелили 5,010635 5,010635
армия 2,708050 2,708050
нужны 3,064725 3,064725
стать 2,302585 2,302585
польское 5,010635 5,010635
обработку 0,013423 0,026846
работать 2,708050 5,416100
обратной 0,013423 0,067115
подкасты 0,292136 0,292136
ботян 5,010635 5,010635
редакции 0,013423 0,026846
обращений 0,013423 0,013423
брыльской 5,010635 5,010635
братьев 5,010635 5,010635
наших 3,064725 6,129450
красная 3,401197 3,401197
обработка 0,013423 0,013423
это 0,013423 0,040269
социалке 5,010635 5,010635
приказало 5,010635 5,010635
произведенные 5,010635 5,010635
порадовало 5,010635 10,021271
граждане 2,813411 16,880464
допуск 4,317488 4,317488
милитаризация 3,912023 3,912023
главную 3,624341 3,624341
большего 5,010635 5,010635
сгоняли 5,010635 5,010635
брызжут 5,010635 10,021271
описанием 0,013423 0,013423
новую 0,013423 0,013423
массовых 0,013423 0,013423
запанувала 5,010635 5,010635
пройдена 0,013423 0,013423
красивый 3,624341 3,624341
используется 0,013423 0,013423
гитлеровских 5,010635 5,010635
зарегистрироваться 0,013423 0,053692
пожаловаться 0,013423 0,013423
новости 0,006689 0,066890
войти 0,013423 0,053692
жилых 4,317488 4,317488
электронной 0,013423 0,013423
целые 4,317488 4,317488
сдерживать 4,317488 4,317488
калькуляторы 4,317488 8,634976
требовали 5,010635 5,010635
судьба 4,317488 4,317488
мире 0,274437 1,097747
эл 0,013423 0,013423
действия 0,013423 0,013423
радио 0,274437 0,274437
дзен 0,851752 0,851752
защита 0,013423 0,013423
носили 5,010635 5,010635
коварные 5,010635 5,010635
сэв 5,010635 10,021271
регистрация 0,013423 0,040269
выплатит 3,218876 19,313255
почему 0,013423 0,013423
обещание 5,010635 5,010635
порты 5,010635 5,010635
использования 0,013423 0,013423
восстановление 0,013423 0,040269
вопросам 0,013423 0,026846
государственное 0,013423 0,013423
судьбы 4,317488 4,317488
никифорова 3,218876 12,875503
имело 5,010635 5,010635
погибли 3,624341 3,624341
алмаз 5,010635 5,010635
вконтакте 0,013423 0,026846
спецпроекты 0,190354 0,190354
просим 0,013423 0,013423
навсегда 0,013423 0,013423
нарушение 0,013423 0,040269
заблокирован 0,013423 0,013423
миллиарды 5,010635 10,021271
желающим 3,218876 19,313255
ошибку 0,013423 0,013423
защиты 0,013423 0,013423
шли 4,317488 4,317488
ребята 5,010635 5,010635
назад 0,013423 0,067115
обращения 0,013423 0,026846
прегрешений 5,010635 5,010635
рынку 5,010635 5,010635
предки 4,317488 4,317488
февраля 0,616186 1,232372
ссср 3,218876 9,656627
ошибка 0,013423 0,013423
носом 5,010635 10,021271
открыты 4,317488 4,317488
частной 3,624341 3,624341
полугода 3,912023 3,912023
вопрос 0,006689 0,006689
строй 5,010635 5,010635
аналитика 2,177422 6,532266
зубовский 0,013423 0,026846
самых 1,875141 1,875141
подтверждаете 0,013423 0,013423
заполнить 0,013423 0,026846
суверенитет 5,010635 10,021271
учения 4,317488 4,317488
силезию 5,010635 5,010635
сгенерировано 2,708050 8,124151
осуществляется 0,013423 0,013423
ваш 0,013423 0,053692
против 1,966113 1,966113
именно 2,066196 2,066196
имя 0,013423 0,067115
другие 0,013423 0,026846
общество 0,265703 0,265703
общем 3,218876 3,218876
проигрыватели 5,010635 5,010635
вымирание 5,010635 5,010635
триллиона 4,317488 4,317488
надзору 0,013423 0,013423
надругались 5,010635 5,010635
брыльска 5,010635 15,031906
срок 0,013423 0,026846
наверное 5,010635 5,010635
издание 0,013423 0,040269
бульвар 0,013423 0,026846
фильмы 4,317488 8,634976
массово 4,317488 8,634976
хотите 0,013423 0,013423
заполните 0,013423 0,067115
технологий 0,013423 0,026846
сетевое 0,013423 0,013423
вновь 0,013423 0,026846
пора 4,317488 4,317488
сменить 0,013423 0,013423
самый 2,177422 2,177422
безо 5,010635 5,010635
материал 0,013423 0,013423
участвовать 0,013423 0,026846
самым 2,302585 2,302585
сообщить 0,013423 0,013423
образом 2,302585 4,605170
успешно 0,013423 0,013423
скриншот 0,013423 0,040269
заводы 4,317488 4,317488
культуры 3,218876 3,218876
лента 0,006689 0,013378
ботинки 5,010635 5,010635
заблокированы 0,013423 0,013423
спорт 0,190354 0,190354
сфере 0,013423 0,013423
ах 3,912023 7,824046
буквально 3,064725 3,064725
месяц 1,297063 1,297063
свидетельство 0,013423 0,013423
правила 0,013423 0,026846
взаимодействия 0,013423 0,026846
лавочках 5,010635 5,010635
сохранить 0,013423 0,013423
сделали 3,064725 6,129450
информационное 0,013423 0,040269
нашу 4,317488 4,317488
комментирования 0,013423 0,026846
шестьсот 4,317488 4,317488
народам 3,064725 3,064725
наши 3,401197 3,401197
пресс 0,013423 0,026846
пепел 5,010635 5,010635
немецкие 5,010635 5,010635
иск 3,064725 3,064725
россии 0,395515 0,791030
вашу 3,912023 3,912023
миронов 5,010635 5,010635
применения 0,013423 0,013423
федеральному 0,013423 0,026846
бешеная 5,010635 5,010635
всяких 5,010635 5,010635
персональных 0,013423 0,107384
произошла 0,013423 0,013423
заставил 4,317488 4,317488
оккупанты 5,010635 20,042541
дата 0,013423 0,013423
ваше 0,013423 0,107384
сайте 0,013423 0,013423
ваши 0,013423 0,013423
очередь 2,238047 13,428279
фио 0,013423 0,013423
восстановить 0,013423 0,013423
сохранения 3,401197 3,401197
пожалуйста 0,013423 0,026846
спасла 4,317488 4,317488
слезы 5,010635 10,021271
просто 1,714798 3,429597
давно 3,218876 6,437752
ниже 0,013423 0,040269
версия 0,013423 0,013423
ждут 3,624341 3,624341
вопроса 0,013423 0,013423
россия 0,006689 0,140469
россию 2,302585 2,302585
поля 0,013423 0,093961
прощать 5,010635 5,010635
цыбульский 5,010635 5,010635
государственному 0,013423 0,026846
регистрации 0,013423 0,026846
ииизображение 2,931194 2,931194
третьем 3,912023 3,912023
офицеров 5,010635 5,010635
поле 0,013423 0,013423
сайт 0,013423 0,026846
микроавтобусы 5,010635 5,010635
соцлагеря 5,010635 5,010635
соцлагерю 5,010635 5,010635
уничтожен 5,010635 5,010635
сервисы 0,190354 0,190354
зарегистрировано 0,013423 0,013423
восстанавливая 5,010635 5,010635
другое 0,013423 0,013423
туризм 0,283247 0,283247
промышленности 3,218876 3,218876
руководство 3,401197 3,401197
поддерживаетсяполучить 0,013423 0,013423
сообщило 5,010635 10,021271
адрес 0,013423 0,040269
соответствии 0,013423 0,026846
увлеклись 5,010635 5,010635
загрузите 0,013423 0,013423
пруссии 5,010635 5,010635
сообщения 0,013423 0,053692
двери 4,317488 4,317488
утро 5,010635 10,021271
загрузить 0,013423 0,013423
евро 4,317488 8,634976
кино 3,401197 6,802395
направлении 0,013423 0,013423
замеченных 0,013423 0,013423
телефон 0,013423 0,013423
фашистские 5,010635 5,010635
отправки 0,013423 0,013423
отрасли 3,624341 3,624341
позволило 4,317488 4,317488
числе 2,525729 2,525729
унитарному 0,013423 0,026846
варшавского 5,010635 5,010635
обновлено 1,003302 1,003302
поляки 3,912023 15,648092
сообщение 0,013423 0,134230
выберите 0,013423 0,040269
старые 0,013423 0,013423
попробуйте 0,013423 0,013423
видели 5,010635 5,010635
войны 2,708050 5,416100
проигравшая 5,010635 5,010635
ирония 5,010635 5,010635
материалы 1,643339 1,643339
пенсиями 4,317488 4,317488
войска 3,912023 3,912023
спрос 3,912023 3,912023
защитой 0,013423 0,026846
статьи 0,013423 0,013423
взлета 4,317488 4,317488
подтвердите 0,013423 0,013423
авторизация 0,013423 0,013423
простить 5,010635 5,010635
религия 0,283247 0,283247
форма 0,013423 0,013423
логином 0,013423 0,013423
рейтинг 0,006689 0,006689
галочку 0,013423 0,013423
россией 2,931194 2,931194
перетащите 0,013423 0,040269
материале 0,013423 0,026846
культура 0,292136 0,584273
материала 0,013423 0,026846
принялся 5,010635 5,010635
коммунистов 5,010635 5,010635
происшествия 0,292136 0,292136
деятелей 4,317488 4,317488
гастроли 5,010635 5,010635
вашего 0,013423 0,013423
получше 4,317488 4,317488
несмотря 2,708050 2,708050
паролем 0,013423 0,013423
обе 3,912023 3,912023
советский 3,624341 10,873023
тысяч 2,238047 2,238047
советские 4,317488 8,634976
промышленной 5,010635 5,010635
способы 0,013423 0,026846
разрушения 5,010635 5,010635
зарегистрируйтесь 0,013423 0,013423
обо 0,013423 0,013423
прекрасными 5,010635 5,010635
недвижимость 0,292136 0,292136
мировом 5,010635 5,010635
ии 2,813411 5,626821
удалось 2,931194 2,931194
победителей 3,624341 3,624341
отсутствием 3,912023 3,912023
дискуссии 0,013423 0,026846
редактор 0,013423 0,013423
исчезли 5,010635 5,010635
фгуп 0,499776 1,499327
унитарное 0,013423 0,013423
многие 2,525729 2,525729
никому 3,401197 3,401197
вовсю 5,010635 5,010635
форму 0,013423 0,093961
тема 0,013423 0,040269
нам 2,525729 7,577186
отправленного 0,013423 0,013423
державой 5,010635 5,010635
домов 4,317488 4,317488
дали 3,624341 3,624341
связанные 0,013423 0,013423
рекомендательных 0,013423 0,013423
взаимовыгодное 5,010635 5,010635
фактически 3,912023 3,912023
данная 0,013423 0,013423
оккупация 5,010635 10,021271
обратная 0,013423 0,026846
изображение 2,813411 5,626821
риа 0,006689 0,060201
инициативы 5,010635 5,010635
проставляя 0,013423 0,013423
связанных 0,013423 0,013423
опишите 0,013423 0,013423
заполнения 0,013423 0,093961
полякам 5,010635 5,010635
тяжесть 5,010635 5,010635
полезное 0,182322 0,182322
службе 0,013423 0,013423
польшей 5,010635 5,010635
релизов 0,013423 0,013423
обратиться 2,612740 2,612740
увеличение 3,624341 3,624341
ваших 0,013423 0,026846
наказал 4,317488 4,317488
почты 0,013423 0,013423
постоянные 5,010635 5,010635
кофе 3,401197 6,802395
учитывая 4,317488 4,317488
николаевич 4,317488 4,317488
жесточайшим 5,010635 5,010635
спас 4,317488 4,317488
идет 2,445686 4,891372
писали 4,317488 4,317488
агентство 0,013423 0,040269
передовой 3,912023 3,912023
правил 0,013423 0,040269
концлагерях 5,010635 5,010635
брыльскаоонв 5,010635 5,010635
уготована 5,010635 5,010635
авторизоваться 0,013423 0,013423
авторизуйтесь 0,013423 0,013423
убивали 5,010635 5,010635
гитлеру 5,010635 5,010635
стране 2,813411 2,813411
агентства 0,013423 0,013423
сегодня 0,013423 0,107384
страна 3,064725 3,064725
расширенный 0,013423 0,013423
социалистической 5,010635 5,010635
сразу 1,832581 1,832581
кончились 5,010635 5,010635
безработицы 5,010635 5,010635
такое 1,875141 3,750282
жить 4,317488 8,634976
новыесначала 0,013423 0,013423
союз 5,010635 10,021271
гетто 4,317488 4,317488
аграрной 5,010635 5,010635
страну 3,401197 6,802395
направлением 5,010635 5,010635
экономику 3,624341 3,624341
шапка 0,013423 0,013423
место 1,832581 1,832581
отправить 0,013423 0,147653
продолжить 0,013423 0,013423
вводили 5,010635 5,010635
решении 0,013423 0,013423
начали 2,931194 2,931194
чудовищных 5,010635 5,010635
условиях 2,066196 2,066196
чисто 5,010635 5,010635
москвой 3,912023 3,912023
воспользуйтесь 0,013423 0,040269
начала 2,445686 4,891372
участие 0,006689 0,006689
аккаунт 0,013423 0,053692
оккупантам 5,010635 5,010635
экономика 0,292136 0,292136
фабрики 5,010635 5,010635
обсуждение 0,013423 0,013423
глаз 3,624341 7,248682
использовать 0,013423 0,013423
опечатка 0,013423 0,013423
модным 5,010635 5,010635
блокировки 0,013423 0,013423
смогли 3,624341 3,624341
онлайн 0,013423 0,013423
контактов 0,013423 0,013423
почта 0,013423 0,080538
заставляли 5,010635 5,010635
апреля 0,013423 0,013423
украинского 3,401197 3,401197
рейхе 5,010635 5,010635
фамилия 0,013423 0,013423
пишет 2,177422 2,177422
вчерашнее 5,010635 10,021271
нами 0,013423 0,093961
яндекс 0,013423 0,026846
краков 5,010635 5,010635
наслаждалось 5,010635 5,010635
удалили 0,013423 0,040269
либо 0,013423 0,013423
вакансии 0,013423 0,013423
аккаунту 0,013423 0,013423
бои 3,912023 3,912023
советское 5,010635 5,010635
открываемого 0,013423 0,026846
сотрудничество 5,010635 5,010635
нажимая 0,013423 0,013423
поиск 0,013423 0,013423
вами 0,013423 0,013423
недопустимое 0,013423 0,013423
условии 3,912023 3,912023
согласны 0,013423 0,040269
истек 0,013423 0,013423
санкциями 5,010635 5,010635
барбары 5,010635 5,010635
предприятию 0,013423 0,026846
рекламы 0,013423 0,013423
нарывается 5,010635 5,010635
подальше 5,010635 5,010635
внимание 0,013423 0,013423
инициатива 4,317488 4,317488
принимать 0,013423 0,013423
святыню 5,010635 5,010635
оказалась 3,401197 3,401197
алексей 1,966113 1,966113
антироссийскими 5,010635 5,010635
кафе 3,912023 3,912023
сможете 0,013423 0,013423
года 0,006689 0,006689
стабильностью 5,010635 5,010635
кинофестивали 5,010635 5,010635
правда 2,708050 2,708050
фильм 3,624341 3,624341
польская 4,317488 4,317488
дорогостоящие 5,010635 5,010635
встроил 5,010635 5,010635
огромный 4,317488 8,634976
ознакомлены 0,013423 0,013423
померанию 5,010635 5,010635
запустили 5,010635 5,010635
живительному 5,010635 5,010635
одежда 4,317488 4,317488
моих 0,013423 0,026846
очень 1,678431 1,678431
предприятие 0,013423 0,013423
барбара 5,010635 15,031906
наука 0,292136 0,292136
расцвела 5,010635 5,010635
обсуждения 0,013423 0,013423
блокировкой 0,013423 0,040269
немцев 5,010635 5,010635
