называемый 4,317488 4,317488
законным 0,013423 0,013423
низкообогащенный 5,010635 5,010635
основанием 0,013423 0,013423
экспорт 3,624341 3,624341
найти 0,013423 0,026846
быстрой 3,912023 3,912023
письмо 0,013423 0,013423
спасибо 0,013423 0,026846
стал 2,120264 2,120264
эффективных 5,010635 5,010635
согласие 0,013423 0,026846
центр 0,190354 0,190354
производства 3,624341 3,624341
корпорация 4,317488 17,269952
пыталась 5,010635 5,010635
одно 2,371578 2,371578
связаться 0,013423 0,080538
та 4,317488 4,317488
производство 2,708050 5,416100
очевидно 3,624341 3,624341
реклама 0,190354 0,190354
фото 0,013423 0,013423
лет 1,514128 1,514128
связь 0,006689 0,013378
санкции 3,218876 3,218876
внезапно 4,317488 4,317488
оказалось 3,912023 3,912023
готово 0,013423 0,026846
билла 4,317488 4,317488
проекты 3,218876 6,437752
предложено 4,317488 4,317488
урана 5,010635 15,031906
информационных 0,013423 0,013423
собрать 3,912023 3,912023
размещения 0,013423 0,013423
малую 5,010635 5,010635
конфиденциальности 0,013423 0,053692
связи 0,013423 0,107384
заголовок 0,013423 0,026846
осел 5,010635 5,010635
китаем 3,218876 3,218876
дело 1,919593 1,919593
процесса 0,013423 0,013423
адресу 0,013423 0,026846
проблему 0,013423 0,013423
данных 0,013423 0,107384
проблемы 2,238047 13,428279
конкурентов 4,317488 4,317488
водится 5,010635 5,010635
письма 0,013423 0,013423
часов 0,013423 0,026846
соглашаетесь 0,013423 0,013423
данным 2,371578 2,371578
главный 0,013423 0,013423
данные 0,013423 0,013423
также 1,139434 1,139434
одной 2,120264 2,120264
одном 2,931194 2,931194
подробность 5,010635 5,010635
фотографию 0,013423 0,013423
джефф 5,010635 15,031906
отправлено 0,013423 0,013423
давай 3,624341 3,624341
функционирование 5,010635 5,010635
сначала 0,013423 0,013423
шекспира 5,010635 5,010635
свете 4,317488 4,317488
летию 5,010635 5,010635
перейдите 0,013423 0,013423
часы 3,912023 3,912023
языки 3,624341 3,624341
закрыто 0,013423 0,013423
атомной 3,912023 19,560115
сколько 0,006689 0,006689
материалов 0,013423 0,040269
могут 1,643339 1,643339
отправлена 0,013423 0,013423
чате 0,013423 0,013423
рубика 5,010635 5,010635
прошла 3,624341 3,624341
известной 5,010635 5,010635
чату 0,013423 0,013423
телефоном 5,010635 5,010635
редакцией 0,013423 0,013423
полностью 2,014903 2,014903
июне 3,401197 3,401197
десятков 4,317488 4,317488
рассмотрены 0,013423 0,013423
макдоналда 5,010635 5,010635
загрузки 4,317488 4,317488
нему 3,064725 3,064725
последние 1,098612 2,197225
перетяните 0,013423 0,013423
архив 0,190354 0,190354
июля 1,791759 1,791759
ошибках 0,013423 0,013423
сша 1,118815 13,425780
выпуска 0,013423 0,013423
ослабив 4,317488 4,317488
соединенных 4,317488 4,317488
списка 0,013423 0,013423
формой 0,013423 0,053692
производить 5,010635 5,010635
российское 3,218876 3,218876
безоса 5,010635 5,010635
серые 5,010635 5,010635
федеральное 0,013423 0,013423
нравится 3,912023 3,912023
администрация 5,010635 5,010635
избавились 5,010635 5,010635
тонн 3,912023 7,824046
федеральной 0,013423 0,013423
лучшие 1,714798 1,714798
уран 4,317488 12,952464
воздуху 5,010635 10,021271
международное 0,013423 0,040269
будут 0,013423 0,107384
новостей 0,006689 0,006689
списке 4,317488 4,317488
увеличивать 4,317488 4,317488
ответном 5,010635 5,010635
слезами 5,010635 5,010635
нужно 1,455287 2,910574
обратной 0,013423 0,067115
подкасты 0,292136 0,292136
капитализацией 5,010635 5,010635
закон 2,813411 5,626821
масштабирование 5,010635 5,010635
окончанию 3,912023 3,912023
альтернативную 5,010635 5,010635
описанием 0,013423 0,013423
соединенные 3,912023 3,912023
финансированием 4,317488 4,317488
штатов 4,317488 4,317488
используется 0,013423 0,013423
станций 5,010635 5,010635
высокообогащенного 5,010635 5,010635
наладить 5,010635 5,010635
лампочкой 5,010635 5,010635
мире 0,274437 0,548874
эл 0,013423 0,013423
безопасной 4,317488 4,317488
показательное 5,010635 5,010635
оружейного 5,010635 5,010635
дзен 0,851752 0,851752
удаленных 5,010635 5,010635
почему 0,013423 0,013423
вопросам 0,013423 0,026846
закупки 3,912023 3,912023
могли 3,624341 3,624341
значит 2,612740 2,612740
вконтакте 0,013423 0,026846
области 1,919593 1,919593
любую 3,624341 3,624341
мечтают 3,624341 3,624341
желающие 3,912023 3,912023
нарушение 0,013423 0,040269
навсегда 0,013423 0,026846
альтмана 5,010635 5,010635
годов 5,010635 5,010635
назад 0,013423 0,067115
угадайте 4,317488 4,317488
институт 3,912023 11,736069
эксперименты 5,010635 5,010635
аналитика 2,177422 6,532266
безупречная 5,010635 5,010635
зубовский 0,013423 0,026846
заводская 5,010635 5,010635
никто 2,813411 2,813411
заполнить 0,013423 0,026846
обществе 5,010635 5,010635
сборка 4,317488 4,317488
аэс 3,624341 7,248682
недавнего 5,010635 5,010635
осуществляется 0,013423 0,013423
именно 2,066196 2,066196
другие 0,013423 0,026846
общество 0,265703 0,265703
надзору 0,013423 0,013423
издание 0,013423 0,013423
бульвар 0,013423 0,026846
ломоносов 5,010635 5,010635
баз 5,010635 5,010635
хотите 0,013423 0,013423
заполните 0,013423 0,067115
точку 3,912023 11,736069
других 1,966113 1,966113
сетевое 0,013423 0,013423
вновь 0,013423 0,013423
сменить 0,013423 0,013423
целых 4,317488 4,317488
гейтса 5,010635 5,010635
участвовать 0,013423 0,026846
точки 3,218876 6,437752
сообщить 0,013423 0,013423
скриншот 0,013423 0,040269
главы 2,931194 2,931194
спорт 0,190354 0,190354
грехом 5,010635 5,010635
распространило 5,010635 5,010635
взаимодействия 0,013423 0,026846
патэс 5,010635 5,010635
сохранить 0,013423 0,013423
информационное 0,013423 0,040269
суета 5,010635 5,010635
полет 4,317488 4,317488
ледокольном 5,010635 5,010635
усиленным 5,010635 10,021271
федеральному 0,013423 0,026846
выступление 3,624341 3,624341
пополам 3,624341 3,624341
требования 2,525729 2,525729
впервые 2,238047 4,476093
полном 3,912023 3,912023
фио 0,013423 0,013423
кирилл 1,919593 7,678371
байден 4,317488 4,317488
пожалуйста 0,013423 0,013423
волна 4,317488 4,317488
давно 3,218876 3,218876
ниже 0,013423 0,040269
версия 0,013423 0,013423
ядерного 3,912023 7,824046
поля 0,013423 0,093961
запасов 5,010635 5,010635
государственному 0,013423 0,026846
взяться 5,010635 5,010635
американского 3,624341 3,624341
заключается 3,912023 3,912023
поле 0,013423 0,013423
зарегистрировано 0,013423 0,013423
туризм 0,283247 0,283247
адрес 0,013423 0,040269
соответствии 0,013423 0,026846
работа 2,612740 2,612740
загрузите 0,013423 0,013423
сообщения 0,013423 0,053692
продавал 5,010635 5,010635
мелкие 3,064725 3,064725
загрузить 0,013423 0,013423
реакторах 4,317488 4,317488
направлении 0,013423 0,013423
замеченных 0,013423 0,013423
телефон 0,013423 0,013423
итоге 3,624341 3,624341
самого 3,401197 3,401197
энергии 3,401197 13,604790
милее 5,010635 5,010635
сообщение 0,013423 0,134230
старые 0,013423 0,013423
виде 2,177422 2,177422
попробуйте 0,013423 0,013423
закапывать 5,010635 5,010635
низкообогащенного 5,010635 5,010635
основаны 4,317488 4,317488
доставить 4,317488 4,317488
правительство 3,401197 3,401197
материалы 1,643339 1,643339
ядерной 4,317488 4,317488
атомных 3,912023 3,912023
статьи 0,013423 0,013423
подтвердите 0,013423 0,013423
исключения 3,624341 3,624341
десятками 4,317488 4,317488
перетащите 0,013423 0,040269
материале 0,013423 0,026846
культура 0,292136 0,292136
материала 0,013423 0,026846
происшествия 0,292136 0,292136
вашего 0,013423 0,013423
паролем 0,013423 0,013423
реакторы 5,010635 5,010635
зарегистрируйтесь 0,013423 0,013423
обо 0,013423 0,013423
веселая 5,010635 5,010635
флоте 5,010635 5,010635
запретил 3,912023 3,912023
отсутствием 3,912023 3,912023
редактор 0,013423 0,013423
фгуп 0,499776 1,499327
серьезным 3,912023 3,912023
способны 3,624341 3,624341
топлива 4,317488 8,634976
рональда 5,010635 5,010635
отправленного 0,013423 0,013423
воцарился 5,010635 5,010635
настолько 4,317488 8,634976
связанные 0,013423 0,013423
топливо 3,912023 7,824046
обратная 0,013423 0,026846
риа 0,006689 0,060201
атомные 3,218876 19,313255
фри 5,010635 5,010635
прорыв 3,912023 3,912023
встретила 4,317488 4,317488
связанных 0,013423 0,013423
опишите 0,013423 0,013423
времени 2,238047 2,238047
обсуждается 5,010635 10,021271
малых 5,010635 10,021271
почты 0,013423 0,013423
проверенных 3,912023 3,912023
приличном 5,010635 5,010635
трамп 1,609438 1,609438
концепции 5,010635 5,010635
мае 3,401197 3,401197
агентство 0,013423 0,040269
состоялось 3,912023 3,912023
агентства 0,013423 0,013423
выяснилась 5,010635 5,010635
сегодня 0,013423 0,107384
штаты 2,708050 2,708050
отмечают 2,525729 2,525729
стартапов 5,010635 10,021271
добавлены 5,010635 5,010635
малый 3,624341 3,624341
зависимости 2,014903 2,014903
шапка 0,013423 0,013423
решений 3,624341 3,624341
прыть 5,010635 5,010635
отправить 0,013423 0,147653
продолжить 0,013423 0,013423
используются 2,612740 2,612740
решении 0,013423 0,013423
метаниях 5,010635 5,010635
наглости 3,218876 19,313255
истории 2,612740 2,612740
получилось 3,218876 3,218876
воспользуйтесь 0,013423 0,040269
аккаунт 0,013423 0,053692
экономика 0,292136 0,292136
совершенно 3,624341 3,624341
обсуждение 0,013423 0,013423
блокировки 0,013423 0,013423
рамках 2,931194 2,931194
которая 1,643339 1,643339
держится 5,010635 5,010635
экономике 3,624341 3,624341
почта 0,013423 0,080538
история 1,484275 1,484275
совершил 5,010635 5,010635
фамилия 0,013423 0,013423
яндекс 0,013423 0,026846
удалили 0,013423 0,040269
либо 0,013423 0,013423
военных 2,708050 2,708050
аккаунту 0,013423 0,013423
открываемого 0,013423 0,026846
поиск 0,013423 0,013423
согласны 0,013423 0,040269
путингосударственная 5,010635 5,010635
ритм 5,010635 5,010635
рекламы 0,013423 0,013423
конями 5,010635 5,010635
яростно 3,624341 3,624341
дошло 5,010635 5,010635
готовятся 3,401197 3,401197
дошли 4,317488 4,317488
самолетами 4,317488 8,634976
тсс 5,010635 5,010635
монополистом 5,010635 5,010635
обсуждения 0,013423 0,013423
блокировкой 0,013423 0,040269
многих 3,401197 3,401197
готов 2,371578 2,371578
новый 0,013423 0,026846
косолапый 5,010635 5,010635
новые 1,643339 1,643339
невероятный 4,317488 4,317488
доступ 0,013423 0,026846
миа 0,013423 0,067115
задать 0,013423 0,013423
теги 0,190354 0,190354
автору 0,013423 0,013423
первой 3,064725 3,064725
должны 0,013423 0,013423
б 4,317488 8,634976
министерством 3,912023 3,912023
г 0,013423 0,026846
д 0,013423 0,026846
политика 0,013423 0,026846
полным 3,401197 6,802395
эдисона 5,010635 5,010635
ядерный 4,317488 8,634976
х 3,401197 3,401197
течение 0,013423 0,026846
китай 2,177422 13,064532
ядерные 5,010635 10,021271
экологической 5,010635 5,010635
обеспечить 3,218876 3,218876
мобильную 3,912023 3,912023
плавучей 5,010635 5,010635
время 0,013423 0,026846
расконсервации 5,010635 5,010635
гейтсвладимир 5,010635 5,010635
нацентрифужить 5,010635 5,010635
пробовать 3,912023 3,912023
восстановления 0,013423 0,013423
ранее 0,013423 0,026846
ядерных 4,317488 12,952464
объявлен 4,317488 4,317488
клочки 5,010635 5,010635
разблокировать 0,013423 0,040269
город 0,013423 0,013423
комедия 5,010635 5,010635
обращаем 0,013423 0,013423
понимания 3,912023 3,912023
написать 0,013423 0,013423
новостеймолния 0,013423 0,013423
одноклассники 0,013423 0,026846
охране 4,317488 4,317488
безос 5,010635 15,031906
показать 0,013423 0,013423
кнопку 0,013423 0,013423
коммуникаций 0,013423 0,013423
переписала 5,010635 5,010635
обратили 4,317488 4,317488
пароль 0,013423 0,080538
пароля 0,013423 0,053692
асмм 5,010635 15,031906
реализуемой 5,010635 5,010635
обогащенный 5,010635 5,010635
вход 0,013423 0,013423
отходов 5,010635 5,010635
минимальное 3,624341 3,624341
пошли 4,317488 8,634976
продукты 0,150823 0,150823
профессионалов 4,317488 4,317488
читать 0,851752 0,851752
удалено 0,013423 0,013423
равно 3,401197 3,401197
гаврилова 0,013423 0,013423
меры 2,612740 2,612740
потребность 5,010635 5,010635
мысли 5,010635 5,010635
расположенному 0,013423 0,026846
остра 5,010635 5,010635
люди 2,238047 2,238047
участвующих 4,317488 4,317488
видел 3,912023 3,912023
учредитель 0,013423 0,013423
ресурсах 5,010635 10,021271
массачусетский 5,010635 15,031906
мое 0,013423 0,026846
ссылка 0,013423 0,026846
мартышка 5,010635 5,010635
ссылке 0,013423 0,013423
подозрительно 5,010635 5,010635
момент 2,708050 2,708050
ссылки 0,013423 0,013423
аналитикароссиясшакитайджефф 5,010635 5,010635
помочь 0,013423 0,026846
американцев 3,401197 3,401197
среду 3,218876 3,218876
академик 3,912023 3,912023
обязательны 0,013423 0,093961
щедро 3,218876 3,218876
немножко 5,010635 5,010635
помиловать 3,624341 3,624341
безосбилл 5,010635 5,010635
запустить 4,317488 4,317488
делать 2,238047 6,714140
роскомнадзор 0,013423 0,013423
пройдены 5,010635 5,010635
среди 2,813411 2,813411
блокировался 0,013423 0,013423
планеты 4,317488 4,317488
госкорпорации 5,010635 5,010635
москва 0,006689 0,013378
воспользоваться 0,013423 0,013423
окружающую 5,010635 5,010635
входа 0,013423 0,013423
ужасе 5,010635 5,010635
моё 0,013423 0,013423
мишка 5,010635 5,010635
белла 5,010635 5,010635
эта 2,371578 2,371578
дозаправки 5,010635 5,010635
энергетики 3,218876 6,437752
которой 2,238047 2,238047
энергетику 5,010635 5,010635
политикой 0,013423 0,040269
утвердил 3,912023 3,912023
обработки 0,013423 0,026846
даю 0,013423 0,026846
реакторов 5,010635 15,031906
килограммов 5,010635 5,010635
обычного 4,317488 4,317488
импорта 3,912023 3,912023
обработку 0,013423 0,026846
штормами 5,010635 5,010635
редакции 0,013423 0,026846
возможно 2,708050 2,708050
обращений 0,013423 0,013423
ссору 3,624341 3,624341
дам 5,010635 5,010635
китайцы 5,010635 5,010635
кого 2,708050 16,248301
обработка 0,013423 0,013423
это 0,013423 0,080538
указе 5,010635 5,010635
этим 2,238047 2,238047
сэма 5,010635 5,010635
преимущества 3,401197 3,401197
прямой 3,912023 3,912023
этих 2,302585 4,605170
момента 3,064725 3,064725
ядерную 5,010635 5,010635
новость 5,010635 10,021271
новую 0,013423 0,013423
массовых 0,013423 0,013423
плакать 5,010635 5,010635
пройдена 0,013423 0,013423
зарегистрироваться 0,013423 0,053692
пожаловаться 0,013423 0,013423
новости 0,006689 0,066890
войти 0,013423 0,053692
электронной 0,013423 0,013423
глубину 5,010635 5,010635
оказывается 3,624341 3,624341
действия 0,013423 0,013423
радио 0,274437 0,274437
защита 0,013423 0,013423
урезав 5,010635 5,010635
регистрация 0,013423 0,040269
обычных 4,317488 4,317488
серийное 5,010635 5,010635
использования 0,013423 0,013423
восстановление 0,013423 0,040269
государственное 0,013423 0,013423
серийного 4,317488 4,317488
земле 3,624341 3,624341
программе 2,813411 2,813411
автоподписью 5,010635 5,010635
рынке 3,218876 6,437752
спецпроекты 0,190354 0,190354
обычный 4,317488 4,317488
просим 0,013423 0,013423
начал 4,317488 4,317488
заблокирован 0,013423 0,013423
рынка 3,912023 7,824046
гейтс 5,010635 15,031906
ошибку 0,013423 0,013423
джеффа 5,010635 5,010635
защиты 0,013423 0,040269
разбираться 4,317488 4,317488
путин 1,514128 6,056511
обращения 0,013423 0,026846
эксперты 2,612740 5,225480
февраля 0,616186 2,464745
программы 2,525729 2,525729
трампа 2,238047 2,238047
ошибка 0,013423 0,013423
вопрос 0,006689 0,006689
самых 1,875141 1,875141
бросились 5,010635 5,010635
подтверждаете 0,013423 0,013423
могильников 5,010635 5,010635
компания 3,218876 3,218876
сгенерировано 2,708050 8,124151
ваш 0,013423 0,053692
имя 0,013423 0,067115
хуже 3,912023 3,912023
срок 0,013423 0,026846
знающие 5,010635 5,010635
технологий 0,013423 0,026846
компаний 3,624341 3,624341
велика 5,010635 5,010635
прибежали 5,010635 5,010635
запрете 3,912023 3,912023
компании 2,302585 4,605170
показали 3,401197 3,401197
стрельников 3,218876 12,875503
предсказуемо 5,010635 5,010635
материал 0,013423 0,013423
технологический 5,010635 15,031906
успешно 0,013423 0,013423
проблемам 5,010635 5,010635
утверждают 2,931194 2,931194
лента 0,006689 0,013378
аж 5,010635 5,010635
ввс 3,912023 7,824046
заблокированы 0,013423 0,013423
вильяма 5,010635 5,010635
сфере 0,013423 0,013423
свидетельство 0,013423 0,013423
обнародовало 5,010635 5,010635
правила 0,013423 0,053692
цирк 5,010635 5,010635
совпадение 5,010635 5,010635
вообще 2,931194 2,931194
комментирования 0,013423 0,026846
покупайте 5,010635 5,010635
билл 5,010635 15,031906
пресс 0,013423 0,026846
росатома 4,317488 8,634976
россии 0,395515 4,746177
применения 0,013423 0,013423
знатная 5,010635 5,010635
росатом 4,317488 17,269952
государственная 3,624341 10,873023
персональных 0,013423 0,107384
произошла 0,013423 0,013423
дата 0,013423 0,013423
ваше 0,013423 0,107384
сайте 0,013423 0,013423
нашего 3,912023 3,912023
ваши 0,013423 0,013423
процентов 2,931194 2,931194
проектов 4,317488 4,317488
восстановить 0,013423 0,013423
сво 1,919593 1,919593
просто 1,714798 3,429597
вопроса 0,013423 0,013423
россия 0,006689 0,107024
го 2,177422 2,177422
россию 2,302585 4,605170
унификации 5,010635 5,010635
объяснили 4,317488 8,634976
регистрации 0,013423 0,026846
потомок 5,010635 5,010635
ииизображение 2,931194 2,931194
проведение 3,064725 3,064725
стратегической 5,010635 5,010635
маленькая 4,317488 4,317488
лидером 4,317488 4,317488
кубик 5,010635 5,010635
американских 3,912023 11,736069
сайт 0,013423 0,026846
американский 3,624341 3,624341
сервисы 0,190354 0,190354
накруткой 5,010635 5,010635
другое 0,013423 0,013423
трех 2,177422 2,177422
поддерживаетсяполучить 0,013423 0,013423
синхронно 5,010635 5,010635
поводу 3,401197 6,802395
отдать 3,912023 3,912023
отправки 0,013423 0,013423
китайской 3,912023 3,912023
специалисты 3,064725 3,064725
унитарному 0,013423 0,026846
праздник 2,525729 2,525729
выберите 0,013423 0,040269
картошкой 3,624341 3,624341
выбраны 5,010635 5,010635
путь 2,612740 2,612740
российского 2,612740 2,612740
злые 4,317488 4,317488
защитой 0,013423 0,026846
замечательных 5,010635 5,010635
перевезен 5,010635 5,010635
авторизация 0,013423 0,013423
религия 0,283247 0,283247
дни 2,612740 5,225480
форма 0,013423 0,013423
логином 0,013423 0,013423
рейтинг 0,006689 0,006689
галочку 0,013423 0,013423
автономная 5,010635 5,010635
обмен 3,218876 3,218876
западные 4,317488 4,317488
энергоблоков 5,010635 5,010635
козлом 4,317488 4,317488
способы 0,013423 0,026846
однозначным 5,010635 5,010635
недвижимость 0,292136 0,292136
ии 2,813411 5,626821
победителей 3,624341 3,624341
предлагаемых 5,010635 5,010635
дискуссии 0,013423 0,026846
электростанции 5,010635 5,010635
морг 5,010635 10,021271
перевезли 5,010635 5,010635
унитарное 0,013423 0,013423
увеличив 4,317488 4,317488
никому 3,401197 3,401197
теме 3,912023 3,912023
форму 0,013423 0,093961
тема 0,013423 0,040269
высокопробный 5,010635 5,010635
зоопарк 4,317488 4,317488
километра 3,912023 3,912023
участников 2,371578 2,371578
рекомендательных 0,013423 0,013423
недрогнувшей 5,010635 5,010635
данная 0,013423 0,013423
реактор 5,010635 10,021271
изображение 2,813411 5,626821
заморачиваться 5,010635 5,010635
серию 3,912023 3,912023
проставляя 0,013423 0,013423
заполнения 0,013423 0,093961
транспортировки 3,401197 3,401197
близко 4,317488 4,317488
полезное 0,182322 0,182322
службе 0,013423 0,013423
поздно 4,317488 4,317488
экспериментальных 5,010635 5,010635
релизов 0,013423 0,013423
серии 4,317488 4,317488
ваших 0,013423 0,026846
является 2,066196 4,132393
приглашены 4,317488 4,317488
которые 1,455287 1,455287
реальности 3,912023 3,912023
идет 2,445686 2,445686
считаные 5,010635 5,010635
правил 0,013423 0,040269
тайно 4,317488 4,317488
авторизоваться 0,013423 0,013423
авторизуйтесь 0,013423 0,013423
надежных 5,010635 5,010635
созданию 3,624341 3,624341
президент 2,238047 4,476093
расширенный 0,013423 0,013423
масштаб 5,010635 5,010635
притом 5,010635 5,010635
модульную 5,010635 5,010635
американской 2,525729 5,051457
рукой 3,624341 3,624341
новыесначала 0,013423 0,013423
высокопробного 5,010635 5,010635
понятное 5,010635 5,010635
возбудился 5,010635 5,010635
сердцебиением 5,010635 10,021271
отбора 3,912023 3,912023
начали 2,931194 2,931194
появилось 2,931194 2,931194
участие 0,006689 0,006689
прольется 5,010635 5,010635
смогла 2,931194 2,931194
использовать 0,013423 0,013423
опечатка 0,013423 0,013423
онлайн 0,013423 0,013423
золотой 3,624341 3,624341
контактов 0,013423 0,013423
занимательная 5,010635 5,010635
запросу 3,218876 3,218876
верно 5,010635 5,010635
апреля 0,013423 0,013423
нами 0,013423 0,093961
владимир 1,373049 5,492197
влияние 3,401197 3,401197
поклон 5,010635 5,010635
вакансии 0,013423 0,013423
дождь 4,317488 4,317488
безопасности 2,177422 2,177422
нажимая 0,013423 0,013423
вами 0,013423 0,013423
недопустимое 0,013423 0,013423
годами 3,624341 3,624341
пентагону 5,010635 5,010635
истек 0,013423 0,013423
разобранном 5,010635 5,010635
получат 3,218876 3,218876
предприятию 0,013423 0,026846
внимание 0,013423 0,026846
принимать 0,013423 0,013423
оплатят 3,624341 3,624341
разорванная 5,010635 5,010635
сравнили 5,010635 5,010635
сможете 0,013423 0,013423
эксплуатации 3,624341 3,624341
возможность 2,302585 2,302585
года 0,006689 0,020067
правда 2,708050 2,708050
метания 5,010635 5,010635
ознакомлены 0,013423 0,013423
тепловой 5,010635 5,010635
вся 3,912023 7,824046
моих 0,013423 0,026846
очень 1,678431 1,678431
президентской 5,010635 5,010635
особое 3,064725 3,064725
предприятие 0,013423 0,013423
выяснилось 3,624341 3,624341
наука 0,292136 0,292136
просьбой 5,010635 5,010635
единственной 5,010635 10,021271
ожидали 3,218876 19,313255
