законным 0,013423 0,013423
рф 1,181994 2,363988
новый 0,013423 0,013423
найти 0,013423 0,013423
основанием 0,013423 0,013423
письмо 0,013423 0,026846
содержания 3,401197 3,401197
спасибо 0,013423 0,013423
указан 3,401197 3,401197
радиоэфир 3,624341 3,624341
согласие 0,013423 0,026846
центр 0,190354 0,190354
правом 3,624341 3,624341
любая 3,912023 3,912023
доступ 0,013423 0,026846
миа 0,013423 0,107384
задать 0,013423 0,013423
теги 0,190354 0,190354
автору 0,013423 0,013423
связаться 0,013423 0,080538
должны 0,013423 0,013423
г 0,013423 0,026846
д 0,013423 0,026846
реклама 0,190354 0,190354
отказаться 3,218876 3,218876
фото 0,013423 0,053692
политика 0,013423 0,026846
предусмотрено 3,624341 3,624341
связь 0,006689 0,013378
использованием 3,064725 6,129450
силу 3,064725 3,064725
готово 0,013423 0,026846
течение 0,013423 0,013423
информационных 0,013423 0,013423
размещения 0,013423 0,026846
упоминания 3,912023 3,912023
обращаться 2,708050 2,708050
конфиденциальности 0,013423 0,053692
медиагруппы 5,010635 5,010635
связи 0,013423 0,107384
заголовок 0,013423 0,026846
должна 2,525729 2,525729
прав 3,064725 3,064725
процесса 0,013423 0,013423
адресу 0,013423 0,040269
проблему 0,013423 0,013423
время 0,013423 0,026846
данных 0,013423 0,107384
письма 0,013423 0,013423
районном 5,010635 5,010635
правообладателя 5,010635 5,010635
часов 0,013423 0,026846
правообладателю 5,010635 5,010635
соглашаетесь 0,013423 0,013423
средства 2,445686 2,445686
ранее 0,013423 0,013423
восстановления 0,013423 0,013423
главный 0,013423 0,013423
данные 0,013423 0,013423
соответствующий 3,218876 3,218876
разблокировать 0,013423 0,040269
город 0,013423 0,013423
телепрограмм 5,010635 5,010635
медиагруппой 5,010635 5,010635
разногласия 5,010635 5,010635
фотографию 0,013423 0,013423
обращаем 0,013423 0,013423
отправлено 0,013423 0,013423
новостеймолния 0,013423 0,013423
написать 0,013423 0,026846
одноклассники 0,013423 0,026846
сначала 0,013423 0,013423
письменного 5,010635 10,021271
хамовническом 5,010635 5,010635
лиц 2,302585 4,605170
изменены 5,010635 5,010635
получения 2,445686 14,674116
показать 0,013423 0,013423
кнопку 0,013423 0,013423
коммуникаций 0,013423 0,013423
допускающего 5,010635 5,010635
пароль 0,013423 0,080538
пароля 0,013423 0,053692
перейдите 0,013423 0,013423
вход 0,013423 0,013423
продукты 0,150823 0,150823
закрыто 0,013423 0,013423
удалено 0,013423 0,013423
сколько 0,006689 0,006689
гаврилова 0,013423 0,013423
могут 1,643339 1,643339
материалов 0,013423 0,093961
отправлена 0,013423 0,013423
чате 0,013423 0,013423
предварительного 5,010635 5,010635
предусмотренную 5,010635 5,010635
открытую 5,010635 5,010635
расположенному 0,013423 0,026846
чату 0,013423 0,013423
редакцией 0,013423 0,013423
живописи 5,010635 5,010635
размещенные 5,010635 5,010635
инфографика 2,177422 6,532266
всем 1,455287 1,455287
видео 1,832581 5,497744
заказа 5,010635 5,010635
учредитель 0,013423 0,013423
такого 2,813411 2,813411
рассмотрены 0,013423 0,013423
систем 3,624341 3,624341
мое 0,013423 0,026846
влечет 3,912023 3,912023
ссылка 0,013423 0,026846
последние 1,098612 1,098612
ссылке 0,013423 0,013423
перетяните 0,013423 0,013423
ссылки 0,013423 0,013423
помочь 0,013423 0,013423
архив 0,190354 0,190354
графики 5,010635 5,010635
ошибках 0,013423 0,013423
изменения 2,813411 2,813411
обязательны 0,013423 0,093961
фотографии 3,624341 3,624341
указанных 4,317488 4,317488
выпуска 0,013423 0,013423
списка 0,013423 0,013423
формой 0,013423 0,053692
роскомнадзор 0,013423 0,013423
самая 2,177422 2,177422
блокировался 0,013423 0,013423
индивидуализации 5,010635 5,010635
вступает 4,317488 4,317488
москве 1,118815 2,237630
москва 0,006689 0,013378
воспользоваться 0,013423 0,013423
российской 1,678431 5,035292
входа 0,013423 0,013423
материальным 5,010635 5,010635
законодательства 3,624341 3,624341
переработка 5,010635 5,010635
моё 0,013423 0,013423
федеральное 0,013423 0,013423
соблюдении 5,010635 5,010635
федеральной 0,013423 0,013423
международное 0,013423 0,040269
далее 2,238047 11,190233
результаты 3,912023 3,912023
должен 2,177422 2,177422
будут 0,013423 0,013423
новостей 0,006689 0,006689
москвы 1,455287 2,910574
которой 2,238047 2,238047
политикой 0,013423 0,040269
лица 2,525729 2,525729
обработки 0,013423 0,026846
даю 0,013423 0,026846
новостных 3,912023 3,912023
обработку 0,013423 0,026846
обратной 0,013423 0,080538
подкасты 0,292136 0,584273
редакции 0,013423 0,026846
возможно 2,708050 5,416100
обращений 0,013423 0,013423
обработка 0,013423 0,013423
это 0,013423 0,013423
установленных 4,317488 4,317488
ответственность 3,064725 3,064725
обзоры 2,525729 2,525729
момента 3,064725 3,064725
описанием 0,013423 0,013423
новую 0,013423 0,013423
массовых 0,013423 0,013423
пройдена 0,013423 0,013423
используется 0,013423 0,013423
зарегистрироваться 0,013423 0,053692
пожаловаться 0,013423 0,013423
новости 0,006689 0,127091
войти 0,013423 0,053692
электронной 0,013423 0,013423
лент 4,317488 4,317488
мире 0,274437 1,097747
случаев 3,218876 3,218876
эл 0,013423 0,013423
действия 0,013423 0,013423
радио 0,274437 1,097747
защита 0,013423 0,013423
предусмотренном 5,010635 5,010635
регистрация 0,013423 0,040269
почему 0,013423 0,013423
использованию 4,317488 4,317488
регулируются 3,912023 3,912023
использования 0,013423 0,080538
восстановление 0,013423 0,040269
обязуетесь 5,010635 10,021271
вопросам 0,013423 0,040269
государственное 0,013423 0,013423
вконтакте 0,013423 0,026846
учитывать 3,401197 3,401197
спецпроекты 0,190354 0,190354
просим 0,013423 0,013423
навсегда 0,013423 0,013423
нарушение 0,013423 0,040269
заблокирован 0,013423 0,013423
ошибку 0,013423 0,013423
защиты 0,013423 0,013423
медиагруппа 5,010635 5,010635
назад 0,013423 0,067115
обращения 0,013423 0,026846
тексты 5,010635 5,010635
дополнения 4,317488 4,317488
ошибка 0,013423 0,013423
события 2,525729 5,051457
вопрос 0,006689 0,006689
зубовский 0,013423 0,026846
подтверждаете 0,013423 0,013423
запрещена 5,010635 5,010635
специального 3,912023 3,912023
заполнить 0,013423 0,053692
деятельности 2,931194 2,931194
осуществляется 0,013423 0,013423
ваш 0,013423 0,053692
имя 0,013423 0,067115
другие 0,013423 0,026846
общество 0,265703 0,265703
надзору 0,013423 0,013423
срок 0,013423 0,026846
контента 3,912023 62,592368
издание 0,013423 0,013423
бульвар 0,013423 0,026846
пользователя 3,624341 3,624341
коммерческое 5,010635 5,010635
событий 2,177422 2,177422
хотите 0,013423 0,013423
заполните 0,013423 0,067115
технологий 0,013423 0,026846
сетевое 0,013423 0,013423
пользователю 3,912023 3,912023
использование 2,612740 28,740140
вновь 0,013423 0,013423
сменить 0,013423 0,013423
использовании 2,813411 8,440232
заимствования 5,010635 5,010635
материал 0,013423 0,013423
стоит 1,714798 1,714798
участвовать 0,013423 0,026846
сообщить 0,013423 0,013423
образом 2,302585 2,302585
любого 3,064725 3,064725
запрещено 3,912023 3,912023
успешно 0,013423 0,013423
скриншот 0,013423 0,040269
федерации 2,177422 6,532266
лента 0,006689 0,013378
устного 5,010635 5,010635
заблокированы 0,013423 0,013423
спорт 0,190354 0,190354
сфере 0,013423 0,013423
споры 5,010635 5,010635
странице 4,317488 8,634976
свидетельство 0,013423 0,013423
аудиоматериалы 5,010635 5,010635
правила 0,013423 0,174499
взаимодействия 0,013423 0,026846
проверять 4,317488 4,317488
действующим 5,010635 10,021271
страницу 3,912023 3,912023
медиагруппыи 5,010635 5,010635
сохранить 0,013423 0,013423
информационное 0,013423 0,040269
комментирования 0,013423 0,026846
законодательством 3,218876 9,656627
пресс 0,013423 0,026846
россии 0,395515 1,186544
применения 0,013423 0,013423
визуальных 5,010635 5,010635
федеральному 0,013423 0,026846
гиперссылку 5,010635 5,010635
персональных 0,013423 0,107384
произошла 0,013423 0,013423
дата 0,013423 0,013423
ваше 0,013423 0,107384
сайте 0,013423 0,013423
ваши 0,013423 0,013423
фио 0,013423 0,013423
восстановить 0,013423 0,013423
пожалуйста 0,013423 0,013423
гиперссылка 5,010635 5,010635
необходимо 1,791759 3,583519
соблюдать 3,401197 3,401197
ниже 0,013423 0,040269
версия 0,013423 0,013423
вопроса 0,013423 0,013423
разрешения 5,010635 30,063812
разрешению 5,010635 5,010635
интернет 3,624341 7,248682
россия 0,006689 0,086957
поля 0,013423 0,093961
государственному 0,013423 0,026846
регистрации 0,013423 0,026846
произведениях 5,010635 5,010635
поле 0,013423 0,013423
сайт 0,013423 0,026846
возникающие 5,010635 5,010635
сервисы 0,190354 0,190354
зарегистрировано 0,013423 0,013423
другое 0,013423 0,013423
туризм 0,283247 0,283247
поддерживаетсяполучить 0,013423 0,013423
отношения 2,525729 2,525729
адрес 0,013423 0,067115
прямую 4,317488 4,317488
соответствии 0,013423 0,026846
загрузите 0,013423 0,013423
сообщения 0,013423 0,053692
загрузить 0,013423 0,013423
направлении 0,013423 0,013423
замеченных 0,013423 0,013423
телефон 0,013423 0,013423
отправки 0,013423 0,013423
регулярно 3,401197 3,401197
редакция 5,010635 5,010635
унитарному 0,013423 0,026846
авторских 5,010635 10,021271
сети 2,813411 5,626821
сообщение 0,013423 0,134230
выберите 0,013423 0,040269
старые 0,013423 0,013423
правообладателем 5,010635 5,010635
виде 2,177422 2,177422
кроме 1,919593 1,919593
попробуйте 0,013423 0,013423
положений 5,010635 10,021271
защитой 0,013423 0,026846
предмет 3,624341 3,624341
статьи 0,013423 0,013423
подтвердите 0,013423 0,013423
авторизация 0,013423 0,013423
религия 0,283247 0,283247
форма 0,013423 0,013423
логином 0,013423 0,013423
рейтинг 0,006689 0,006689
галочку 0,013423 0,013423
форме 2,302585 2,302585
перетащите 0,013423 0,040269
материале 0,013423 0,026846
культура 0,292136 0,292136
действующего 4,317488 4,317488
материала 0,013423 0,040269
реализации 3,064725 3,064725
происшествия 0,292136 0,292136
вашего 0,013423 0,013423
паролем 0,013423 0,013423
иные 3,401197 3,401197
дня 1,678431 5,035292
любое 2,931194 2,931194
способы 0,013423 0,026846
зарегистрируйтесь 0,013423 0,013423
обо 0,013423 0,013423
отношении 3,064725 6,129450
темы 2,612740 7,838220
музыка 3,624341 3,624341
недвижимость 0,292136 0,292136
свободное 5,010635 5,010635
дискуссии 0,013423 0,026846
редактор 0,013423 0,013423
фгуп 0,499776 2,498879
интеллектуальной 5,010635 5,010635
унитарное 0,013423 0,013423
процессуальным 5,010635 5,010635
арбитражном 5,010635 5,010635
оперативная 3,624341 3,624341
форму 0,013423 0,120807
тема 0,013423 0,040269
отправленного 0,013423 0,013423
связанные 0,013423 0,013423
рекомендательных 0,013423 0,013423
целей 2,931194 2,931194
данная 0,013423 0,013423
новая 3,064725 3,064725
третьих 3,624341 7,248682
обратная 0,013423 0,026846
связанным 3,912023 3,912023
риа 0,006689 0,100335
анализ 3,064725 3,064725
порядке 2,931194 5,862388
россиясегодня 5,010635 10,021271
проставляя 0,013423 0,013423
связанных 0,013423 0,013423
опишите 0,013423 0,013423
обозначенного 5,010635 5,010635
заполнения 0,013423 0,093961
ряда 4,317488 4,317488
полезное 0,182322 0,182322
права 2,708050 2,708050
службе 0,013423 0,013423
релизов 0,013423 0,013423
ваших 0,013423 0,026846
является 2,066196 4,132393
почты 0,013423 0,013423
размещен 5,010635 5,010635
аналитических 5,010635 10,021271
произведения 5,010635 10,021271
агентство 0,013423 0,040269
следующим 3,218876 3,218876
правил 0,013423 0,067115
которых 1,966113 1,966113
авторизоваться 0,013423 0,013423
авторизуйтесь 0,013423 0,013423
агентства 0,013423 0,013423
сегодня 0,013423 0,147653
расширенный 0,013423 0,013423
иного 4,317488 4,317488
новыесначала 0,013423 0,013423
собой 2,445686 2,445686
шапка 0,013423 0,013423
отправить 0,013423 0,147653
продолжить 0,013423 0,013423
располагаться 5,010635 5,010635
решении 0,013423 0,013423
начале 2,445686 2,445686
одностороннем 4,317488 4,317488
воспользуйтесь 0,013423 0,040269
участие 0,006689 0,006689
аккаунт 0,013423 0,053692
экономика 0,292136 0,292136
печатной 5,010635 5,010635
обсуждение 0,013423 0,013423
использовать 0,013423 0,013423
опечатка 0,013423 0,013423
аудиовизуальных 3,912023 3,912023
блокировки 0,013423 0,013423
подлежат 3,624341 3,624341
онлайн 0,013423 0,013423
контактов 0,013423 0,013423
почта 0,013423 0,080538
апреля 0,013423 0,013423
уведомления 4,317488 4,317488
фамилия 0,013423 0,013423
непосредственно 3,218876 6,437752
обладателем 5,010635 5,010635
нами 0,013423 0,093961
яндекс 0,013423 0,026846
места 2,612740 2,612740
удалили 0,013423 0,040269
либо 0,013423 0,040269
вакансии 0,013423 0,013423
аккаунту 0,013423 0,013423
открываемого 0,013423 0,026846
какого 3,401197 3,401197
нажимая 0,013423 0,013423
поиск 0,013423 0,013423
вами 0,013423 0,026846
недопустимое 0,013423 0,013423
согласны 0,013423 0,040269
истек 0,013423 0,013423
нарушением 5,010635 10,021271
используя 2,612740 2,612740
предприятию 0,013423 0,026846
рекламы 0,013423 0,013423
поисковых 5,010635 5,010635
внимание 0,013423 0,013423
города 3,064725 6,129450
принимать 0,013423 0,013423
сможете 0,013423 0,013423
суде 3,218876 6,437752
года 0,006689 0,006689
информации 2,612740 2,612740
информация 2,612740 5,225480
аудиовизуальные 5,010635 5,010635
ознакомлены 0,013423 0,013423
контент 5,010635 10,021271
дизайна 3,912023 3,912023
моих 0,013423 0,026846
предприятие 0,013423 0,013423
наука 0,292136 0,292136
третьи 3,912023 3,912023
обсуждения 0,013423 0,013423
источник 2,445686 2,445686
блокировкой 0,013423 0,040269
