谐芯褌芯胁 2,371578 2,371578
懈薪芯褋褌褉邪薪薪褘褏 2,612740 2,612740
蟹邪泻芯薪薪褘屑 0,013423 0,013423
褉褎 1,181994 1,181994
薪芯胁褘泄 0,013423 0,013423
械写懈薪邪褟 2,813411 2,813411
褉锌谢 2,371578 2,371578
薪邪泄褌懈 0,013423 0,013423
芯褋薪芯胁邪薪懈械屑 0,013423 0,013423
锌懈褋褜屑芯 0,013423 0,013423
斜械褉懈薪谐芯胁褘屑 3,401197 3,401197
褋锌邪褋懈斜芯 0,013423 0,013423
蟹邪褟胁懈谢 1,427116 1,427116
邪锌泻 3,624341 3,624341
褎懈谐褍褉薪芯械 2,371578 14,229468
褋芯谐谢邪褋懈械 0,013423 0,026846
褑械薪褌褉 0,190354 0,380707
锌械褌械褉斜褍褉谐 2,813411 2,813411
写芯褋褌褍锌 0,013423 0,026846
屑懈邪 0,013423 0,026846
褍泻褉邪懈薪械胁 3,401197 3,401197
蟹邪写邪褌褜 0,013423 0,013423
褌械谐懈 0,190354 0,190354
邪胁褌芯褉褍 0,013423 0,013423
屑懈写 3,064725 3,064725
褋胁褟蟹邪褌褜褋褟 0,013423 0,080538
写械泻邪斜褉褜 3,624341 21,746046
胁芯蟹芯斜薪芯胁懈谢 3,912023 3,912023
写芯谢卸薪褘 0,013423 0,013423
泻邪褌邪薪懈械锌褢褌褉 5,010635 5,010635
锌褍褌懈薪懈褋屑邪懈谢 5,010635 5,010635
谐 0,013423 0,040269
写 0,013423 0,026846
褉械泻谢邪屑邪 0,190354 0,190354
褎芯褌芯 0,013423 0,013423
锌芯谢懈褌懈泻邪 0,013423 0,026846
褋胁褟蟹褜 0,006689 0,013378
薪邪写械械褌褋褟 3,401197 3,401197
褋邪薪泻褌 2,525729 2,525729
谐芯褌芯胁芯 0,013423 0,026846
褌械褔械薪懈械 0,013423 0,013423
薪邪褔懈薪邪械褌 3,218876 3,218876
懈薪褎芯褉屑邪褑懈芯薪薪褘褏 0,013423 0,013423
褉邪蟹屑械褖械薪懈褟 0,013423 0,013423
褋芯褔懈 2,238047 2,238047
泻芯薪褎懈写械薪褑懈邪谢褜薪芯褋褌懈 0,013423 0,053692
褋胁褟蟹懈 0,013423 0,080538
蟹邪谐芯谢芯胁芯泻 0,013423 0,026846
锌褉芯褑械褋褋邪 0,013423 0,013423
邪写褉械褋褍 0,013423 0,026846
锌褉芯斜谢械屑褍 0,013423 0,013423
胁褉械屑褟 0,013423 0,013423
写邪薪薪褘褏 0,013423 0,107384
芯芯薪 2,708050 2,708050
锌懈褋褜屑邪 0,013423 0,013423
褋褌褞邪褉写褘 4,317488 4,317488
褔邪褋芯胁 0,013423 0,026846
卸芯屑邪褉褌 3,401197 3,401197
褋芯谐谢邪褕邪械褌械褋褜 0,013423 0,013423
褉邪薪械械 0,013423 0,013423
胁芯褋褋褌邪薪芯胁谢械薪懈褟 0,013423 0,013423
谐谢邪胁薪褘泄 0,013423 0,013423
写邪薪薪褘械 0,013423 0,013423
谐谢邪胁薪褘褏 3,912023 3,912023
懈屑械薪懈 2,371578 2,371578
褌芯泻邪械胁写芯薪邪谢褜写 4,317488 4,317488
锌褜褟薪褘泄 2,708050 2,708050
褉邪蟹斜谢芯泻懈褉芯胁邪褌褜 0,013423 0,040269
谐芯褉芯写 0,013423 0,013423
褍泻褉邪懈薪邪 1,875141 1,875141
褎芯褌芯谐褉邪褎懈褞 0,013423 0,013423
芯斜褉邪褖邪械屑 0,013423 0,013423
芯褌锌褉邪胁谢械薪芯 0,013423 0,013423
薪邪锌懈褋邪褌褜 0,013423 0,013423
薪芯胁芯褋褌械泄屑芯谢薪懈褟 0,013423 0,013423
褕邪褉邪锌芯胁邪 4,317488 4,317488
锌芯褋谢械写褋褌胁懈褟 1,966113 1,966113
谐芯写褍芯斜芯褋褌褉械薪懈械 5,010635 5,010635
褋械胁械褉薪褘泄 3,401197 3,401197
芯写薪芯泻谢邪褋褋薪懈泻懈 0,013423 0,026846
褋薪邪褔邪谢邪 0,013423 0,013423
褋褍屑屑褍 2,525729 2,525729
懈褌邪谢懈褟褉芯褋褋懈褟屑懈谢邪薪屑邪褉懈褟 4,317488 4,317488
锌芯泻邪蟹邪褌褜 0,013423 0,013423
泻薪芯锌泻褍 0,013423 0,013423
泻芯屑屑褍薪懈泻邪褑懈泄 0,013423 0,013423
斜邪薪薪械褉褘 4,317488 4,317488
芯谢懈屑锌懈泄褋泻懈械 2,931194 11,724775
锌邪褉芯谢褜 0,013423 0,080538
锌邪褉芯谢褟 0,013423 0,053692
锌械褉械泄写懈褌械 0,013423 0,013423
斜邪蟹褘 3,218876 3,218876
写械斜芯褕 2,708050 2,708050
褋锌芯褉褌邪 2,931194 2,931194
胁褏芯写 0,013423 0,013423
锌褉芯写褍泻褌褘 0,150823 0,150823
蟹邪泻褉褘褌芯 0,013423 0,013423
褍写邪谢械薪芯 0,013423 0,013423
褋泻芯谢褜泻芯 0,006689 0,006689
谐邪胁褉懈谢芯胁邪 0,013423 0,013423
屑邪褌械褉懈邪谢芯胁 0,013423 0,053692
芯褌锌褉邪胁谢械薪邪 0,013423 0,013423
褔邪褌械 0,013423 0,013423
懈褞薪褜 3,624341 21,746046
泻褉械屑谢械 2,371578 2,371578
芯斜谢邪褋褌褜胁 3,912023 3,912023
褉邪褋锌芯谢芯卸械薪薪芯屑褍 0,013423 0,026846
褔邪褌褍 0,013423 0,013423
褉械写邪泻褑懈械泄 0,013423 0,013423
屑褌褋褉芯褋褝泻褋懈屑斜邪薪泻 5,010635 5,010635
褋芯胁械褌 2,525729 2,525729
褍泻褉邪懈薪械褉芯褋褋懈褟褍泻褉邪懈薪邪写屑懈褌褉懈泄 3,912023 3,912023
褎褍褌斜芯谢懈褋褌 3,912023 3,912023
褍褔褉械写懈褌械谢褜 0,013423 0,013423
褉邪褋褋屑芯褌褉械薪褘 0,013423 0,013423
屑芯械 0,013423 0,026846
褋褋褘谢泻邪 0,013423 0,026846
褋褋褘谢泻械 0,013423 0,013423
锌械褉械褌褟薪懈褌械 0,013423 0,013423
褋褋褘谢泻懈 0,013423 0,013423
锌芯屑芯褔褜 0,013423 0,013423
邪褉褏懈胁 0,190354 0,571061
胁芯械薪薪邪褟 2,120264 2,120264
褋锌械褑懈邪谢褜薪邪褟 2,066196 2,066196
芯褕懈斜泻邪褏 0,013423 0,013423
芯斜褟蟹邪褌械谢褜薪褘 0,013423 0,093961
褋褕邪 1,118815 1,118815
懈褞谢褜 3,624341 21,746046
胁芯泻蟹邪谢械 3,912023 3,912023
胁褘锌褍褋泻邪 0,013423 0,013423
褋锌懈褋泻邪 0,013423 0,013423
褎芯褉屑芯泄 0,013423 0,053692
褉芯褋泻芯屑薪邪写蟹芯褉 0,013423 0,013423
锌芯褋械褌懈褌 4,317488 4,317488
斜谢芯泻懈褉芯胁邪谢褋褟 0,013423 0,013423
泻邪褌芯泻 3,401197 3,401197
屑芯褋泻胁械 1,118815 2,237630
屑芯褋泻胁邪 0,006689 0,013378
胁芯褋锌芯谢褜蟹芯胁邪褌褜褋褟 0,013423 0,013423
褝泻褋锌芯褉褌薪褘泄 3,624341 3,624341
胁械褔械褉 3,401197 3,401197
褉芯褋褋懈泄褋泻芯泄 1,678431 1,678431
胁褏芯写邪 0,013423 0,013423
屑芯褢 0,013423 0,013423
褎械写械褉邪谢褜薪芯械 0,013423 0,013423
褋械胁械褉薪芯屑 3,912023 3,912023
褎械写械褉邪谢褜薪芯泄 0,013423 0,013423
泻芯薪褎谢懈泻褌邪 2,525729 7,577186
薪芯褟斜褉褜 3,624341 21,746046
屑械卸写褍薪邪褉芯写薪芯械 0,013423 0,040269
胁芯泻蟹邪谢屑芯褋泻胁邪 4,317488 4,317488
斜褍写褍褌 0,013423 0,013423
褝泻芯薪芯屑懈泻邪褉芯褋褋懈褟褉芯褋褋懈泄褋泻懈泄 5,010635 5,010635
褌褉邪屑锌褉褝褍 3,912023 3,912023
薪芯胁芯褋褌械泄 0,006689 0,013378
蟹械薪懈褌 3,624341 3,624341
锌芯谢懈褌懈泻芯泄 0,013423 0,040269
屑邪褌褔械 2,931194 2,931194
芯斜褉邪斜芯褌泻懈 0,013423 0,026846
写邪褞 0,013423 0,026846
芯褋屑邪褌褉懈胁邪褞褌 3,912023 3,912023
斜邪褕屑械褌 4,317488 4,317488
芯斜褉邪斜芯褌泻褍 0,013423 0,026846
芯斜褉邪褌薪芯泄 0,013423 0,067115
锌邪谢械褋褌懈薪芯 3,624341 7,248682
锌芯写泻邪褋褌褘 0,292136 0,292136
褉械写邪泻褑懈懈 0,013423 0,026846
芯斜褉邪褖械薪懈泄 0,013423 0,013423
芯锌械褉邪褑懈褟 2,120264 2,120264
泻邪褌邪薪懈械邪写械谢懈褟 5,010635 10,021271
芯斜褉邪斜芯褌泻邪 0,013423 0,013423
褝褌芯 0,013423 0,013423
蟹邪褟胁芯泻 3,401197 3,401197
褋邪锌褉褘泻懈薪邪 2,708050 2,708050
褌邪褟薪懈锌邪褉邪谢懈屑锌懈泄褋泻懈械 4,317488 4,317488
褉械褔薪芯泄 3,624341 3,624341
薪邪蟹胁邪谢邪 2,525729 2,525729
芯谐褉邪薪懈褔懈褌褜 2,931194 2,931194
褉械褔薪芯屑 3,912023 3,912023
芯锌懈褋邪薪懈械屑 0,013423 0,013423
薪芯胁褍褞 0,013423 0,013423
屑邪褋褋芯胁褘褏 0,013423 0,013423
褋械薪褌褟斜褉褜 3,912023 23,472138
锌褉芯泄写械薪邪 0,013423 0,013423
锌芯泻褍锌邪褌褜 2,931194 2,931194
懈褋锌芯谢褜蟹褍械褌褋褟 0,013423 0,013423
蟹邪褉械谐懈褋褌褉懈褉芯胁邪褌褜褋褟 0,013423 0,053692
锌芯卸邪谢芯胁邪褌褜褋褟 0,013423 0,013423
薪芯胁芯褋褌懈 0,006689 0,013378
胁芯泄褌懈 0,013423 0,053692
褝谢械泻褌褉芯薪薪芯泄 0,013423 0,013423
斜械褉懈薪谐芯胁 3,624341 3,624341
屑懈褉械 0,274437 1,646621
褝谢 0,013423 0,013423
写械泄褋褌胁懈褟 0,013423 0,013423
褉邪写懈芯 0,274437 0,274437
屑懈褉邪 1,791759 3,583519
蟹邪褖懈褌邪 0,013423 0,013423
褉械谐懈褋褌褉邪褑懈褟 0,013423 0,040269
锌芯褔械屑褍 0,013423 0,013423
芯斜褉褍褕懈谢邪褋褜 3,624341 3,624341
懈褋锌芯谢褜蟹芯胁邪薪懈褟 0,013423 0,013423
薪芯胁芯泄 2,813411 2,813411
胁芯褋褋褌邪薪芯胁谢械薪懈械 0,013423 0,040269
胁芯锌褉芯褋邪屑 0,013423 0,026846
谐芯褋褍写邪褉褋褌胁械薪薪芯械 0,013423 0,013423
锌褉芯谐褉邪屑屑械 2,813411 2,813411
胁泻芯薪褌邪泻褌械 0,013423 0,026846
褋锌械褑锌褉芯械泻褌褘 0,190354 0,190354
锌褉芯褋懈屑 0,013423 0,013423
蟹邪褏邪褉芯胁邪 2,813411 2,813411
薪邪胁褋械谐写邪 0,013423 0,013423
薪邪褉褍褕械薪懈械 0,013423 0,040269
蟹邪斜谢芯泻懈褉芯胁邪薪 0,013423 0,013423
芯褕懈斜泻褍 0,013423 0,013423
蟹邪褖懈褌褘 0,013423 0,013423
薪邪蟹邪写 0,013423 0,067115
芯斜褉邪褖械薪懈褟 0,013423 0,026846
锌械褌褉芯褋褟薪泻邪芯褉懈 5,010635 5,010635
褎褍褌斜芯谢褍 3,401197 3,401197
懈谐褉褘 1,791759 7,167038
褝泻褋锌械褉褌褘 2,612740 2,612740
锌邪褉邪谢懈屑锌懈邪写械 3,401197 3,401197
胁芯蟹屑芯卸薪褘械 3,064725 3,064725
邪褉谐械薪褌懈薪褋泻懈泄 4,317488 4,317488
褔邪泄泻芯胁褋泻懈泄褞褉懈泄 5,010635 5,010635
锌褉芯谐褉邪屑屑褘 2,525729 2,525729
芯褕懈斜泻邪 0,013423 0,013423
褎械胁褉邪谢褜 3,401197 23,808382
泻芯屑锌芯蟹懈褌芯褉邪 3,912023 3,912023
褕芯褍斜懈蟹屑懈薪褋泻邪褟 3,912023 3,912023
褉褝褑 3,401197 6,802395
写械谢 2,612740 2,612740
胁芯锌褉芯褋 0,006689 0,006689
蟹褍斜芯胁褋泻懈泄 0,013423 0,026846
锌芯写褌胁械褉卸写邪械褌械 0,013423 0,013423
蟹邪锌芯谢薪懈褌褜 0,013423 0,026846
谢芯锌邪褌 3,624341 3,624341
芯褋褍褖械褋褌胁谢褟械褌褋褟 0,013423 0,013423
胁邪褕 0,013423 0,053692
屑邪褌褔械泄 3,912023 7,824046
懈屑褟 0,013423 0,067115
写褉褍谐懈械 0,013423 0,026846
芯斜褖械褋褌胁芯 0,265703 0,265703
薪邪写蟹芯褉褍 0,013423 0,013423
褋褉芯泻 0,013423 0,026846
懈蟹写邪薪懈械 0,013423 0,013423
斜褍谢褜胁邪褉 0,013423 0,026846
褋芯斜褘褌懈泄 2,177422 2,177422
褏芯褌懈褌械 0,013423 0,013423
蟹邪锌芯谢薪懈褌械 0,013423 0,067115
褍褉邪谢屑邪褕 4,317488 4,317488
褌械褏薪芯谢芯谐懈泄 0,013423 0,026846
褋械褌械胁芯械 0,013423 0,013423
胁薪芯胁褜 0,013423 0,013423
邪胁谐褍褋褌 3,624341 21,746046
褋屑械薪懈褌褜 0,013423 0,013423
屑邪褌械褉懈邪谢 0,013423 0,013423
褌褉邪薪褋褎械褉褘 4,317488 4,317488
锌褉懈褋屑邪褌褉懈胁邪褌褜 3,401197 3,401197
褍褔邪褋褌胁芯胁邪褌褜 0,013423 0,026846
褋芯芯斜褖懈褌褜 0,013423 0,013423
泻邪褌邪薪懈械褋锌芯褉褌邪写械谢懈褟 5,010635 5,010635
褍褋锌械褕薪芯 0,013423 0,013423
褋泻褉懈薪褕芯褌 0,013423 0,040269
褋芯胁械褌芯胁 3,218876 3,218876
褎械写械褉邪褑懈懈 2,177422 2,177422
谢械薪褌邪 0,006689 0,013378
蟹懈屑薪懈泄 3,218876 3,218876
蟹邪斜谢芯泻懈褉芯胁邪薪褘 0,013423 0,013423
褋锌芯褉褌 0,190354 0,190354
褋褎械褉械 0,013423 0,013423
芯斜褘谐褉邪谢 3,912023 3,912023
褋胁懈写械褌械谢褜褋褌胁芯 0,013423 0,013423
锌褉邪胁懈谢邪 0,013423 0,026846
胁蟹邪懈屑芯写械泄褋褌胁懈褟 0,013423 0,026846
褋斜芯褉 3,064725 3,064725
褋芯褏褉邪薪懈褌褜 0,013423 0,013423
锌械褋泻芯胁泻邪泄褟 3,912023 3,912023
懈薪褎芯褉屑邪褑懈芯薪薪芯械 0,013423 0,040269
泻芯屑屑械薪褌懈褉芯胁邪薪懈褟 0,013423 0,026846
褎械褋褌懈胁邪谢械 3,912023 3,912023
褋褌邪谢懈 2,612740 2,612740
卸械薪褖懈薪 2,445686 2,445686
锌褉械褋褋 0,013423 0,026846
褉芯褋褋懈懈 0,395515 0,791030
锌褉懈屑械薪械薪懈褟 0,013423 0,013423
斜邪褋泻械褌斜芯谢褋锌芯褉褌褍褉邪谢屑邪褕蟹械薪懈褌 5,010635 5,010635
褎械写械褉邪谢褜薪芯屑褍 0,013423 0,026846
锌械褉褋芯薪邪谢褜薪褘褏 0,013423 0,107384
褋褕邪泻邪褋褘屑 4,317488 4,317488
锌褉芯懈蟹芯褕谢邪 0,013423 0,013423
胁褘褋褌褍锌谢械薪懈械 3,624341 3,624341
褌褉械斜芯胁邪薪懈褟 2,525729 7,577186
写邪褌邪 0,013423 0,013423
胁邪褕械 0,013423 0,107384
泻褉芯胁谢褟 3,624341 3,624341
褋邪泄褌械 0,013423 0,013423
胁邪褕懈 0,013423 0,013423
锌械褉械褕械谢胁 4,317488 4,317488
褔械屑锌懈芯薪邪褌 3,401197 3,401197
褎懈芯 0,013423 0,013423
胁芯褋褋褌邪薪芯胁懈褌褜 0,013423 0,013423
锌芯卸邪谢褍泄褋褌邪 0,013423 0,013423
褎械褋褌懈胁邪谢褜 3,218876 3,218876
薪懈卸械 0,013423 0,040269
胁械褉褋懈褟 0,013423 0,013423
斜芯谢械谢褜褖懈泻芯胁 3,912023 3,912023
胁芯锌褉芯褋邪 0,013423 0,013423
褉芯褋褋懈褟 0,006689 0,046823
锌芯谢褟 0,013423 0,093961
邪褉械薪写褍 3,624341 3,624341
褋屑芯褌褉械褌褜 2,708050 2,708050
胁褘写械谢懈褌褜 2,931194 2,931194
懈蟹褉邪懈谢褜 2,931194 2,931194
谐芯褋褍写邪褉褋褌胁械薪薪芯屑褍 0,013423 0,026846
褟薪胁邪褉褜 2,931194 20,518356
芯斜褖械褋褌胁芯褋薪械谐芯锌邪写 4,317488 4,317488
褉械谐懈褋褌褉邪褑懈懈 0,013423 0,026846
泻邪蟹邪褏褋褌邪薪 3,218876 3,218876
锌芯谢械 0,013423 0,013423
褋邪泄褌 0,013423 0,026846
蟹邪褏邪褉芯胁邪邪薪褌芯薪懈芯 4,317488 4,317488
斜褉邪褔薪褘褏 3,624341 3,624341
褋械褉胁懈褋褘 0,190354 0,190354
褌褉邪薪褋谢褟褑懈懈 4,317488 8,634976
褉邪斜芯褌褍 2,708050 2,708050
褕褌邪褌 2,931194 2,931194
蟹邪褉械谐懈褋褌褉懈褉芯胁邪薪芯 0,013423 0,013423
写褉褍谐芯械 0,013423 0,013423
褌褍褉懈蟹屑 0,283247 0,283247
锌芯写写械褉卸懈胁邪械褌褋褟锌芯谢褍褔懈褌褜 0,013423 0,013423
邪写褉械褋 0,013423 0,040269
褋芯芯褌胁械褌褋褌胁懈懈 0,013423 0,026846
锌褉懈褔懈薪褘 2,525729 2,525729
蟹邪谐褉褍蟹懈褌械 0,013423 0,013423
褋芯芯斜褖械薪懈褟 0,013423 0,053692
蟹邪谐褉褍蟹懈褌褜 0,013423 0,013423
懈褋泻褍褋褋褌胁 3,624341 3,624341
薪邪锌褉邪胁谢械薪懈懈 0,013423 0,013423
蟹邪屑械褔械薪薪褘褏 0,013423 0,013423
褌械谢械褎芯薪 0,013423 0,013423
芯褌锌褉邪胁泻懈 0,013423 0,013423
芯褌褉械邪谐懈褉芯胁邪谢邪 3,624341 3,624341
褍薪懈褌邪褉薪芯屑褍 0,013423 0,026846
邪泻褌械褉邪 2,708050 2,708050
褋芯芯斜褖械薪懈械 0,013423 0,134230
胁褘斜械褉懈褌械 0,013423 0,040269
褋褌邪褉褘械 0,013423 0,013423
芯褌褉械邪谐懈褉芯胁邪谢懈 3,064725 3,064725
锌邪谢械褋褌懈薪邪 2,931194 2,931194
褋薪械谐芯锌邪写芯胁 3,624341 3,624341
锌芯锌褉芯斜褍泄褌械 0,013423 0,013423
屑芯褋泻胁邪胁邪泄谢写斜械褉褉懈蟹 4,317488 4,317488
泻邪谢谢邪褋锌邪胁械谢 3,624341 3,624341
褝泻褋锌械褉褌 1,678431 1,678431
胁褘锌芯谢薪懈谢邪 3,624341 3,624341
蟹邪褖懈褌芯泄 0,013423 0,026846
邪褎械褉懈褋褌芯胁 3,624341 3,624341
褋褌邪褌褜懈 0,013423 0,013423
锌芯写褌胁械褉写懈褌械 0,013423 0,013423
邪胁褌芯褉懈蟹邪褑懈褟 0,013423 0,013423
褉械谢懈谐懈褟 0,283247 0,283247
褎芯褉屑邪 0,013423 0,013423
谢芯谐懈薪芯屑 0,013423 0,013423
褉械泄褌懈薪谐 0,006689 0,006689
谐邪谢芯褔泻褍 0,013423 0,013423
褌褉邪薪褋谢褟褑懈褟 4,317488 4,317488
锌械褌褉芯褋褟薪蟹懈屑薪懈械 4,317488 12,952464
蟹懈屑薪械屑 3,624341 3,624341
锌械褉械褌邪褖懈褌械 0,013423 0,040269
屑邪褌械褉懈邪谢械 0,013423 0,026846
泻褍谢褜褌褍褉邪 0,292136 0,292136
泻芯谢谢械谐懈 2,612740 2,612740
屑邪褌械褉懈邪谢邪 0,013423 0,026846
锌褉芯懈褋褕械褋褌胁懈褟 0,292136 0,584273
胁邪褕械谐芯 0,013423 0,013423
锌邪褉芯谢械屑 0,013423 0,013423
锌褉芯谢懈胁芯屑 3,401197 3,401197
芯胁芯褖薪芯泄 2,931194 2,931194
褋锌芯褋芯斜褘 0,013423 0,026846
蟹邪褉械谐懈褋褌褉懈褉褍泄褌械褋褜 0,013423 0,013423
芯斜芯 0,013423 0,013423
锌械褌褉芯褋褟薪 3,624341 7,248682
泻邪谢谢邪褋 2,612740 2,612740
薪械写胁懈卸懈屑芯褋褌褜 0,292136 0,292136
写懈褋泻褍褋褋懈懈 0,013423 0,026846
褉械写邪泻褌芯褉 0,013423 0,013423
褎懈薪邪薪褋懈褉芯胁邪薪懈褟 3,401197 3,401197
褍薪懈褌邪褉薪芯械 0,013423 0,013423
屑懈褉械褋褕邪邪胁褋褌褉邪谢懈褟褟锌芯薪懈褟写芯薪邪谢褜写 4,317488 4,317488
褎芯褉屑褍 0,013423 0,093961
锌谢邪薪 2,371578 2,371578
褌械屑邪 0,013423 0,040269
芯褌锌褉邪胁谢械薪薪芯谐芯 0,013423 0,013423
胁褘褋褌褍锌谢械薪懈械屑 4,317488 4,317488
褋胁褟蟹邪薪薪褘械 0,013423 0,013423
褉械泻芯屑械薪写邪褌械谢褜薪褘褏 0,013423 0,013423
蟹邪褉褍斜懈薪械胁褉芯褋芯褞蟹胁 3,912023 3,912023
褌芯薪薪械谢褟 3,401197 3,401197
写邪薪薪邪褟 0,013423 0,013423
褋芯褔懈褋芯褔懈褉芯褋褋懈褟邪谢械泻褋邪薪写褉 5,010635 5,010635
芯斜褉邪褌薪邪褟 0,013423 0,026846
褉懈邪 0,006689 0,013378
褍褔邪褋褌薪懈泻懈 2,931194 2,931194
褍锌褉邪胁谢械薪懈褟芯斜芯褋褌褉械薪懈械 5,010635 5,010635
锌褉芯褋褌邪胁谢褟褟 0,013423 0,013423
褋胁褟蟹邪薪薪褘褏 0,013423 0,013423
芯锌懈褕懈褌械 0,013423 0,013423
蟹邪锌芯谢薪械薪懈褟 0,013423 0,093961
褌褉邪薪褋锌芯褉褌懈褉芯胁泻懈 3,401197 3,401197
褉芯褋褋懈褟薪 1,919593 1,919593
锌芯谢械蟹薪芯械 0,182322 0,182322
褋谢褍卸斜械 0,013423 0,013423
褉械谢懈蟹芯胁 0,013423 0,013423
斜褍写褍褖械屑 2,931194 2,931194
胁邪褕懈褏 0,013423 0,026846
屑械卸写褍薪邪褉芯写薪褘泄 3,064725 3,064725
芯泻褌褟斜褉褜 3,624341 21,746046
褍泻褉邪懈薪邪泻懈械胁屑胁褎屑懈褉薪褘泄 4,317488 4,317488
锌芯褔褌褘 0,013423 0,013423
锌械褉褋锌械泻褌懈胁褘 3,064725 3,064725
褌芯泻邪械胁 3,401197 3,401197
褌褉邪屑锌 1,609438 3,218876
锌褉芯懈蟹胁芯谢褜薪芯泄 3,912023 3,912023
芯褌薪芯褕械薪懈褟芯斜褖械褋褌胁芯 4,317488 4,317488
褏邪薪懈褟褋械褉谐械泄 5,010635 5,010635
邪谐械薪褌褋褌胁芯 0,013423 0,040269
屑邪泄 3,912023 23,472138
锌褉邪胁懈谢 0,013423 0,040269
泻褉褘谢褜褟 3,912023 3,912023
锌褉懈蟹薪邪泻懈 3,218876 3,218876
邪胁褌芯褉懈蟹芯胁邪褌褜褋褟 0,013423 0,013423
邪胁褌芯褉懈蟹褍泄褌械褋褜 0,013423 0,013423
褉芯褋褋懈褟薪械 2,708050 2,708050
邪谐械薪褌褋褌胁邪 0,013423 0,013423
褋械谐芯写薪褟 0,013423 0,067115
锌谢械褏邪薪芯胁邪胁 4,317488 4,317488
褉邪褋褕懈褉械薪薪褘泄 0,013423 0,013423
褋芯胁械褌褍 3,401197 3,401197
锌褉芯写褍泻褑懈懈 3,624341 3,624341
锌褉芯谢懈胁褉芯褋褋懈褟褋褕邪写芯薪邪谢褜写 4,317488 4,317488
锌芯写芯谢褜褋泻械 3,624341 3,624341
薪芯胁褘械褋薪邪褔邪谢邪 0,013423 0,013423
谢懈谐懈 2,612740 2,612740
褕邪锌泻邪 0,013423 0,013423
芯褌锌褉邪胁懈褌褜 0,013423 0,147653
锌褉芯写芯谢卸懈褌褜 0,013423 0,013423
褉械褕械薪懈懈 0,013423 0,013423
谢懈谐邪 2,371578 2,371578
邪谢械泻褋邪薪写褉邪 2,612740 2,612740
褎褍褌斜芯谢褋锌芯褉褌泻褉褘谢褜褟 5,010635 5,010635
屑邪褉褌 3,401197 20,407184
胁芯褋锌芯谢褜蟹褍泄褌械褋褜 0,013423 0,040269
芯谢懈屑锌懈邪写械 2,612740 7,838220
褍褔邪褋褌懈械 0,006689 0,006689
邪泻泻邪褍薪褌 0,013423 0,053692
褝泻芯薪芯屑懈泻邪 0,292136 0,292136
锌褉芯褕械谢 3,218876 3,218876
懈蟹褉邪懈谢褜褋泻芯谐芯 3,624341 7,248682
芯斜褋褍卸写械薪懈械 0,013423 0,013423
械写懈薪芯泄 3,401197 3,401197
褔邪泄泻芯胁褋泻芯谐芯 3,912023 3,912023
懈褋锌芯谢褜蟹芯胁邪褌褜 0,013423 0,013423
芯锌械褔邪褌泻邪 0,013423 0,013423
褌褉邪屑锌芯芯薪 4,317488 4,317488
斜谢芯泻懈褉芯胁泻懈 0,013423 0,013423
芯薪谢邪泄薪 0,013423 0,013423
屑胁褎 3,624341 3,624341
泻芯薪褌邪泻褌芯胁 0,013423 0,013423
懈谐褉褘屑懈薪懈褋褌械褉褋褌胁芯 4,317488 4,317488
锌芯褔褌邪 0,013423 0,080538
邪锌褉械谢褟 0,013423 0,013423
懈褋褌芯褉懈褟 1,484275 1,484275
褋邪泻邪屑芯褌芯蟹懈屑薪懈械 5,010635 5,010635
邪锌褉械谢褜 3,624341 21,746046
褎邪屑懈谢懈褟 0,013423 0,013423
薪邪屑懈 0,013423 0,093961
褟薪写械泻褋 0,013423 0,026846
褍薪懈胁械褉褋懈褌械褌 3,218876 3,218876
褍写邪谢懈谢懈 0,013423 0,040269
蟹薪邪褔懈褌械谢褜薪褍褞 3,401197 3,401197
谢懈斜芯 0,013423 0,013423
胁邪泻邪薪褋懈懈 0,013423 0,013423
邪泻泻邪褍薪褌褍 0,013423 0,013423
芯褌泻褉褘胁邪械屑芯谐芯 0,013423 0,026846
屑懈褉械锌邪谢械褋褌懈薪邪懈蟹褉邪懈谢褜褉芯褋褋懈褟胁谢邪写懈屑懈褉 5,010635 5,010635
薪邪卸懈屑邪褟 0,013423 0,013423
锌芯懈褋泻 0,013423 0,013423
胁邪屑懈 0,013423 0,013423
薪械写芯锌褍褋褌懈屑芯械 0,013423 0,013423
谐芯褋锌芯写写械褉卸泻褍 3,624341 3,624341
锌芯卸邪谢芯胁邪谢懈褋褜 2,708050 2,708050
褋芯谐谢邪褋薪褘 0,013423 0,040269
懈褋褌械泻 0,013423 0,013423
屑懈褉械泻邪蟹邪褏褋褌邪薪胁邪褕懈薪谐褌芯薪 4,317488 4,317488
泻邪褌邪薪懈械 2,302585 4,605170
锌褉械写锌褉懈褟褌懈褞 0,013423 0,026846
褉械泻谢邪屑褘 0,013423 0,013423
褋褌褉芯懈褌械谢褜褋褌胁邪 3,218876 3,218876
胁薪懈屑邪薪懈械 0,013423 0,013423
锌褉懈薪懈屑邪褌褜 0,013423 0,013423
褋屑芯卸械褌械 0,013423 0,013423
谐芯写邪 0,006689 0,006689
褉邪褋锌懈褋邪薪懈械 2,612740 2,612740
芯蟹薪邪泻芯屑谢械薪褘 0,013423 0,013423
芯褑械薪懈谢懈 3,064725 3,064725
胁褌斜 3,912023 7,824046
屑芯懈褏 0,013423 0,026846
谢邪胁褉芯胁褏邪屑邪褋芯芯薪谐芯褋褍写邪褉褋褌胁械薪薪褘泄 5,010635 5,010635
褋泻谢邪写邪 3,624341 3,624341
锌褉械写锌褉懈褟褌懈械 0,013423 0,013423
薪邪褍泻邪 0,292136 0,292136
褋芯胁械褌芯胁懈薪褋褌懈褌褍褌芯褉锌谢 5,010635 5,010635
芯斜褋褍卸写械薪懈褟 0,013423 0,013423
谐褍屑械薪薪懈泻邪写械谢懈褟 5,010635 5,010635
斜谢芯泻懈褉芯胁泻芯泄 0,013423 0,040269
