подача 4,317488 4,317488
законным 0,013423 0,013423
вкусное 3,624341 7,248682
новый 0,013423 0,013423
мелкую 4,317488 8,634976
маслом 2,708050 8,124151
орех 4,317488 4,317488
синиченко 5,010635 5,010635
найти 0,013423 0,013423
основанием 0,013423 0,013423
доставки 3,912023 3,912023
быстрой 3,912023 3,912023
письмо 0,013423 0,013423
спасибо 0,013423 0,013423
жаропрочную 5,010635 10,021271
бульона 3,624341 7,248682
согласие 0,013423 0,026846
доступ 0,013423 0,026846
декабря 1,098612 1,098612
содержимое 3,624341 7,248682
миа 0,013423 0,040269
задать 0,013423 0,013423
таким 2,525729 2,525729
людей 2,445686 2,445686
автору 0,013423 0,013423
вмешать 4,317488 8,634976
связаться 0,013423 0,080538
готовность 3,218876 6,437752
мускатный 5,010635 5,010635
должны 0,013423 0,040269
углеводы 2,445686 2,445686
г 0,013423 0,174499
д 0,013423 0,026846
одна 2,612740 2,612740
немного 2,177422 4,354844
фото 0,013423 0,013423
политика 0,013423 0,013423
связь 0,006689 0,013378
макароны 3,912023 3,912023
готовности 2,612740 5,225480
смесью 3,912023 11,736069
сложности 2,813411 5,626821
эффектнее 5,010635 5,010635
готово 0,013423 0,026846
европейской 2,238047 4,476093
течение 0,013423 0,013423
репчатый 3,064725 6,129450
ч 2,612740 2,612740
запеченный 5,010635 5,010635
пищевой 3,624341 3,624341
информационных 0,013423 0,013423
увидите 5,010635 5,010635
размещения 0,013423 0,013423
вторым 3,624341 7,248682
мин 2,445686 2,445686
основных 2,445686 4,891372
конфиденциальности 0,013423 0,053692
связи 0,013423 0,080538
весь 2,813411 5,626821
заголовок 0,013423 0,026846
смажьте 4,317488 4,317488
шаг 1,875141 31,877398
сложность 2,931194 2,931194
процесса 0,013423 0,013423
готовки 1,919593 1,919593
мусака 5,010635 5,010635
адресу 0,013423 0,026846
получается 3,064725 3,064725
проблему 0,013423 0,013423
гратен 5,010635 5,010635
корочки 3,912023 3,912023
рецепты 1,139434 6,836606
классический 2,014903 2,014903
время 0,013423 0,053692
быстро 2,177422 4,354844
данных 0,013423 0,107384
восковой 5,010635 5,010635
письма 0,013423 0,013423
часов 0,013423 0,026846
соглашаетесь 0,013423 0,013423
очистить 2,612740 15,676440
ранее 0,013423 0,013423
восстановления 0,013423 0,013423
главный 0,013423 0,026846
данные 0,013423 0,013423
распространилась 5,010635 5,010635
сергей 1,609438 4,828314
разблокировать 0,013423 0,040269
город 0,013423 0,013423
присыпав 5,010635 5,010635
подать 2,813411 2,813411
застеленный 5,010635 10,021271
вкусно 2,813411 8,440232
вилкой 4,317488 4,317488
фотографию 0,013423 0,013423
обращаем 0,013423 0,013423
легко 1,791759 1,791759
противень 3,912023 11,736069
отправлено 0,013423 0,013423
написать 0,013423 0,013423
новостеймолния 0,013423 0,013423
снова 2,612740 5,225480
сытное 3,624341 10,873023
одноклассники 0,013423 0,026846
сначала 0,013423 0,013423
режет 5,010635 10,021271
употреблять 3,624341 3,624341
добавляйте 5,010635 5,010635
часа 1,875141 1,875141
обходится 3,912023 3,912023
показать 0,013423 0,013423
кнопку 0,013423 0,013423
коммуникаций 0,013423 0,013423
советую 5,010635 5,010635
пароль 0,013423 0,080538
пароля 0,013423 0,053692
блюд 2,238047 2,238047
слой 3,218876 16,094379
перейдите 0,013423 0,013423
калорийность 2,120264 2,120264
пирог 5,010635 5,010635
вход 0,013423 0,013423
минимальное 3,624341 3,624341
закрыто 0,013423 0,013423
удалено 0,013423 0,013423
сливок 3,624341 3,624341
ккал 2,302585 2,302585
сколько 0,006689 0,006689
гаврилова 0,013423 0,013423
материалов 0,013423 0,040269
сметаны 3,401197 3,401197
отправлена 0,013423 0,013423
запекать 3,401197 13,604790
однородным 5,010635 5,010635
надавив 5,010635 10,021271
чате 0,013423 0,013423
кожуры 3,064725 6,129450
постепенно 2,931194 2,931194
крахмалистый 5,010635 10,021271
нарезалась 5,010635 5,010635
полюбилось 5,010635 5,010635
расположенному 0,013423 0,026846
чату 0,013423 0,013423
редакцией 0,013423 0,013423
смесь 2,445686 2,445686
желтка 5,010635 5,010635
клубни 5,010635 10,021271
измельченный 3,401197 3,401197
вареную 4,317488 4,317488
учредитель 0,013423 0,013423
часть 1,919593 3,839186
рассмотрены 0,013423 0,013423
обжаренный 5,010635 5,010635
простые 1,752539 1,752539
разогретую 3,912023 7,824046
странах 3,064725 3,064725
мое 0,013423 0,026846
нарезать 2,445686 9,782744
ссылка 0,013423 0,026846
вчерашнего 5,010635 5,010635
одного 2,612740 5,225480
слоем 3,218876 6,437752
шеф 2,302585 16,118096
ссылке 0,013423 0,013423
выложить 2,708050 16,248301
перетяните 0,013423 0,013423
ссылки 0,013423 0,013423
помочь 0,013423 0,013423
бренд 3,401197 6,802395
воспринимался 5,010635 5,010635
ошибках 0,013423 0,013423
обязательны 0,013423 0,093961
салат 2,371578 2,371578
муки 3,912023 3,912023
шт 2,238047 8,952186
залить 2,708050 5,416100
заменить 3,218876 3,218876
выпуска 0,013423 0,013423
списка 0,013423 0,013423
формой 0,013423 0,053692
истечении 4,317488 8,634976
духовку 3,912023 27,384161
роскомнадзор 0,013423 0,013423
кружочками 3,624341 10,873023
фольгой 5,010635 10,021271
флотски 5,010635 5,010635
протрете 5,010635 5,010635
блокировался 0,013423 0,013423
кончиком 5,010635 10,021271
яично 5,010635 10,021271
рекомендую 3,912023 3,912023
нутрициолог 3,624341 3,624341
корнеплод 4,317488 17,269952
плотная 5,010635 5,010635
москва 0,006689 0,020067
духовке 2,708050 18,956351
воспользоваться 0,013423 0,013423
узор 3,624341 3,624341
тонкими 2,931194 5,862388
входа 0,013423 0,013423
духовки 3,912023 7,824046
греции 5,010635 5,010635
нарисовать 5,010635 5,010635
моё 0,013423 0,013423
белки 2,371578 2,371578
федеральное 0,013423 0,013423
федеральной 0,013423 0,013423
павел 2,238047 4,476093
международное 0,013423 0,040269
далее 2,238047 4,476093
должен 2,177422 2,177422
дал 3,401197 3,401197
аши 5,010635 5,010635
будут 0,013423 0,013423
посыпать 2,931194 5,862388
новостей 0,006689 0,006689
сливки 3,912023 3,912023
политикой 0,013423 0,040269
котором 2,931194 2,931194
обработки 0,013423 0,040269
даю 0,013423 0,026846
связана 4,317488 4,317488
перейти 1,203973 2,407946
веке 3,401197 3,401197
сыр 3,624341 10,873023
вкусу 2,066196 8,264785
нужно 1,455287 8,731723
обработку 0,013423 0,026846
обратной 0,013423 0,067115
кулинарам 5,010635 5,010635
редакции 0,013423 0,026846
воздушное 5,010635 5,010635
порции 2,445686 2,445686
обращений 0,013423 0,013423
оглавление 1,791759 1,791759
голубцы 5,010635 5,010635
обработка 0,013423 0,013423
картофельной 5,010635 5,010635
это 0,013423 0,026846
подготовки 2,931194 2,931194
пастуший 5,010635 5,010635
прогретой 4,317488 8,634976
молоком 4,317488 8,634976
еда 2,177422 2,177422
предлагает 3,218876 3,218876
еде 5,010635 10,021271
описанием 0,013423 0,013423
новую 0,013423 0,013423
массовых 0,013423 0,013423
взять 2,931194 5,862388
корнеплода 5,010635 10,021271
пройдена 0,013423 0,013423
половину 3,912023 7,824046
наливает 5,010635 5,010635
печеного 5,010635 5,010635
используется 0,013423 0,026846
зарегистрироваться 0,013423 0,053692
пожаловаться 0,013423 0,013423
пюрировании 5,010635 5,010635
сентября 1,514128 3,028255
новости 0,006689 0,046823
войти 0,013423 0,053692
кладет 4,317488 4,317488
электронной 0,013423 0,013423
твердый 3,624341 7,248682
рецептов 2,177422 2,177422
эл 0,013423 0,013423
действия 0,013423 0,013423
мира 1,791759 1,791759
защита 0,013423 0,013423
столу 3,064725 3,064725
аппетитной 3,624341 3,624341
варки 3,401197 3,401197
регистрация 0,013423 0,040269
классического 3,912023 7,824046
почему 0,013423 0,013423
хорошего 3,624341 3,624341
использования 0,013423 0,013423
восстановление 0,013423 0,040269
еды 3,912023 3,912023
вопросам 0,013423 0,026846
государственное 0,013423 0,013423
добавить 2,238047 8,952186
нарезанный 3,064725 3,064725
вконтакте 0,013423 0,026846
затем 1,791759 1,791759
блюдом 4,317488 4,317488
просим 0,013423 0,013423
навсегда 0,013423 0,013423
нарушение 0,013423 0,040269
заблокирован 0,013423 0,013423
соль 2,120264 12,721581
ошибку 0,013423 0,013423
защиты 0,013423 0,013423
морскую 4,317488 8,634976
лисицын 3,218876 6,437752
равномерно 3,218876 6,437752
назад 0,013423 0,067115
растолочь 4,317488 8,634976
обращения 0,013423 0,026846
первый 2,014903 4,029806
масса 3,912023 3,912023
щеткой 5,010635 10,021271
лук 2,302585 11,512925
идеальное 3,912023 3,912023
минут 1,297063 5,188253
ошибка 0,013423 0,013423
вопрос 0,006689 0,006689
зубовский 0,013423 0,026846
подтверждаете 0,013423 0,013423
заполнить 0,013423 0,026846
осуществляется 0,013423 0,013423
ваш 0,013423 0,053692
пюре 3,064725 30,647251
имя 0,013423 0,067115
другие 0,013423 0,026846
шагам 5,010635 5,010635
надзору 0,013423 0,013423
ленивые 5,010635 5,010635
блюдо 2,014903 12,089418
срок 0,013423 0,026846
промыть 2,708050 5,416100
издание 0,013423 0,013423
бульвар 0,013423 0,026846
хотите 0,013423 0,013423
заполните 0,013423 0,067115
технологий 0,013423 0,026846
сетевое 0,013423 0,013423
блюда 2,177422 4,354844
состояния 2,612740 5,225480
медиаплатформы 4,317488 8,634976
вновь 0,013423 0,013423
яйца 1,966113 11,796677
сменить 0,013423 0,013423
материал 0,013423 0,013423
запеченное 5,010635 5,010635
участвовать 0,013423 0,026846
сообщить 0,013423 0,013423
любого 3,064725 3,064725
пошаговый 2,813411 8,440232
успешно 0,013423 0,013423
скриншот 0,013423 0,040269
советов 3,218876 3,218876
добавил 2,931194 2,931194
лента 0,006689 0,013378
национальным 3,912023 3,912023
яйцо 2,612740 5,225480
приготовить 2,014903 14,104321
берите 5,010635 5,010635
другими 3,064725 3,064725
распределить 3,401197 6,802395
запеканку 4,317488 17,269952
добавив 3,624341 3,624341
черный 2,708050 2,708050
кубики 3,401197 6,802395
заблокированы 0,013423 0,013423
сфере 0,013423 0,013423
мягкости 4,317488 8,634976
свидетельство 0,013423 0,013423
жирностью 3,912023 3,912023
правила 0,013423 0,026846
взаимодействия 0,013423 0,026846
картошку 3,912023 3,912023
франции 3,218876 3,218876
сохранить 0,013423 0,013423
информационное 0,013423 0,040269
комментирования 0,013423 0,026846
рецептыпростые 2,813411 2,813411
основное 2,931194 5,862388
получилась 3,912023 3,912023
дать 2,066196 4,132393
пресс 0,013423 0,013423
волны 4,317488 4,317488
россии 0,395515 0,395515
кулинария 2,525729 2,525729
применения 0,013423 0,013423
советует 3,401197 6,802395
запекания 5,010635 15,031906
картофеля 3,218876 48,283137
картофелю 4,317488 8,634976
картофель 2,708050 43,328803
федеральному 0,013423 0,026846
сливочное 3,401197 3,401197
принятием 5,010635 5,010635
персональных 0,013423 0,107384
третий 2,931194 5,862388
произошла 0,013423 0,013423
пармантье 5,010635 5,010635
ценность 2,302585 2,302585
дата 0,013423 0,013423
ваше 0,013423 0,107384
сайте 0,013423 0,013423
ваши 0,013423 0,013423
пикантности 3,912023 3,912023
фио 0,013423 0,013423
восстановить 0,013423 0,013423
пожалуйста 0,013423 0,013423
картошка 3,912023 3,912023
простое 3,912023 11,736069
кусочки 2,931194 2,931194
необходимо 1,791759 3,583519
сыром 2,708050 8,124151
просто 1,714798 1,714798
запеканка 3,624341 72,486819
ниже 0,013423 0,040269
версия 0,013423 0,013423
взбить 3,624341 7,248682
вопроса 0,013423 0,013423
россия 0,006689 0,053512
простой 2,120264 2,120264
поля 0,013423 0,093961
посыпки 5,010635 10,021271
магазине 3,912023 3,912023
свой 2,525729 2,525729
смазывает 5,010635 5,010635
запеканке 5,010635 5,010635
варианта 4,317488 8,634976
государственному 0,013423 0,026846
получиться 4,317488 4,317488
запеканки 4,317488 8,634976
рацион 4,317488 4,317488
заливки 5,010635 10,021271
регистрации 0,013423 0,026846
европе 2,238047 2,238047
поле 0,013423 0,013423
сайт 0,013423 0,026846
правильно 2,066196 2,066196
слегка 2,708050 21,664402
рецептыевропакулинарияедарецепты 5,010635 5,010635
технолог 3,624341 3,624341
зарегистрировано 0,013423 0,013423
сервиса 3,218876 3,218876
другое 0,013423 0,013423
поддерживаетсяполучить 0,013423 0,013423
адрес 0,013423 0,040269
перец 2,525729 12,628643
соответствии 0,013423 0,026846
полезных 3,218876 3,218876
загрузите 0,013423 0,013423
сообщения 0,013423 0,053692
европа 2,371578 2,371578
загрузить 0,013423 0,013423
уменьшив 5,010635 10,021271
куриного 4,317488 4,317488
направлении 0,013423 0,013423
замеченных 0,013423 0,013423
телефон 0,013423 0,013423
отправки 0,013423 0,013423
унитарному 0,013423 0,026846
добавьте 2,708050 5,416100
ложкой 3,064725 6,129450
сен 3,401197 3,401197
сообщение 0,013423 0,134230
выберите 0,013423 0,040269
старые 0,013423 0,013423
достать 3,401197 13,604790
кроме 1,919593 1,919593
чистит 5,010635 5,010635
масла 3,064725 9,194175
попробуйте 0,013423 0,013423
крабовый 3,401197 3,401197
лебедев 3,624341 3,624341
тертый 3,912023 7,824046
тертым 3,912023 7,824046
вошла 3,912023 3,912023
масло 2,302585 2,302585
защитой 0,013423 0,026846
печи 3,912023 3,912023
размера 2,708050 5,416100
статьи 0,013423 0,013423
потребуется 2,813411 2,813411
подтвердите 0,013423 0,013423
авторизация 0,013423 0,013423
средней 2,302585 4,605170
европейская 4,317488 8,634976
форма 0,013423 0,013423
логином 0,013423 0,013423
рейтинг 0,006689 0,006689
галочку 0,013423 0,013423
поверхность 3,624341 3,624341
зелень 2,708050 2,708050
перетащите 0,013423 0,040269
материале 0,013423 0,040269
порционные 3,912023 3,912023
материала 0,013423 0,026846
режиме 2,525729 5,051457
вашего 0,013423 0,013423
паролем 0,013423 0,013423
конвекции 5,010635 10,021271
молочной 4,317488 8,634976
способы 0,013423 0,026846
зарегистрируйтесь 0,013423 0,013423
обо 0,013423 0,013423
мясом 2,931194 5,862388
часарецепты 2,813411 2,813411
широко 3,401197 3,401197
мелко 2,525729 5,051457
дискуссии 0,013423 0,026846
редактор 0,013423 0,013423
фгуп 0,499776 0,499776
унитарное 0,013423 0,013423
формы 3,218876 6,437752
форму 0,013423 0,147653
тема 0,013423 0,040269
отправленного 0,013423 0,013423
великобритании 4,317488 4,317488
остальная 4,317488 8,634976
связанные 0,013423 0,013423
рекомендательных 0,013423 0,013423
жирных 4,317488 4,317488
сделать 1,752539 3,505078
данная 0,013423 0,013423
разных 2,177422 4,354844
обратная 0,013423 0,026846
кружки 4,317488 4,317488
риа 0,006689 0,046823
фарша 5,010635 15,031906
жидкости 3,912023 3,912023
белый 3,401197 3,401197
медиабанккартофельная 5,010635 5,010635
проставляя 0,013423 0,013423
связанных 0,013423 0,013423
опишите 0,013423 0,013423
заполнения 0,013423 0,093961
кухни 1,832581 1,832581
времени 2,238047 4,476093
кг 3,064725 9,194175
службе 0,013423 0,013423
медиабанк 1,321756 1,321756
средне 2,813411 2,813411
картофельная 4,317488 51,809857
релизов 0,013423 0,013423
ваших 0,013423 0,026846
стабилизировалась 5,010635 5,010635
кухня 1,832581 3,665163
кузнецов 3,912023 11,736069
андрей 2,445686 2,445686
почты 0,013423 0,013423
пищу 3,218876 3,218876
который 1,160488 1,160488
присутствует 4,317488 4,317488
приготовлении 2,813411 5,626821
агентство 0,013423 0,040269
например 1,714798 3,429597
приготовление 1,966113 5,898339
поперчить 3,401197 13,604790
правил 0,013423 0,040269
которых 1,966113 1,966113
авторизоваться 0,013423 0,013423
авторизуйтесь 0,013423 0,013423
блюдрецепты 3,218876 3,218876
термической 3,912023 3,912023
советы 1,752539 10,515233
агентства 0,013423 0,013423
сегодня 0,013423 0,080538
расширенный 0,013423 0,013423
сразу 1,832581 1,832581
перевернуть 3,624341 7,248682
чеснок 2,931194 2,931194
фарш 5,010635 25,053176
тесно 5,010635 5,010635
новыесначала 0,013423 0,013423
вкуснее 3,624341 3,624341
долгое 3,912023 3,912023
несколько 1,752539 1,752539
сверху 3,064725 9,194175
посолить 3,064725 12,258901
приготовления 1,791759 7,167038
шапка 0,013423 0,013423
крахмала 4,317488 4,317488
примерно 2,177422 8,709688
овощ 3,401197 3,401197
отправить 0,013423 0,201345
продолжить 0,013423 0,013423
решении 0,013423 0,013423
начали 2,931194 2,931194
частях 4,317488 8,634976
воспользуйтесь 0,013423 0,040269
считается 2,931194 2,931194
участие 0,006689 0,006689
сливочного 3,912023 11,736069
аккаунт 0,013423 0,053692
обсуждение 0,013423 0,013423
пышным 5,010635 5,010635
опечатка 0,013423 0,013423
использовать 0,013423 0,026846
блокировки 0,013423 0,013423
онлайн 0,013423 0,013423
получится 2,813411 2,813411
контактов 0,013423 0,013423
почта 0,013423 0,080538
рецепт 1,544899 9,269396
апреля 0,013423 0,013423
история 1,484275 1,484275
нагрев 4,317488 8,634976
картофельного 3,912023 3,912023
фамилия 0,013423 0,013423
категория 1,875141 1,875141
повара 2,302585 11,512925
количество 2,238047 2,238047
нами 0,013423 0,093961
яндекс 0,013423 0,026846
светлана 2,813411 2,813411
нем 2,612740 2,612740
удалили 0,013423 0,040269
либо 0,013423 0,013423
жиры 2,371578 2,371578
остыть 2,813411 5,626821
вакансии 0,013423 0,013423
разогреть 3,218876 6,437752
аккаунту 0,013423 0,013423
корм 5,010635 5,010635
открываемого 0,013423 0,026846
нажимая 0,013423 0,013423
поиск 0,013423 0,013423
кухнирецепты 2,612740 2,612740
вами 0,013423 0,013423
недопустимое 0,013423 0,013423
румяной 5,010635 5,010635
молодой 3,624341 3,624341
согласны 0,013423 0,040269
истек 0,013423 0,013423
разогревает 4,317488 4,317488
ингредиентами 3,624341 3,624341
предприятию 0,013423 0,026846
рекламы 0,013423 0,013423
горчицы 4,317488 4,317488
внимание 0,013423 0,013423
принимать 0,013423 0,013423
сможете 0,013423 0,013423
балканах 5,010635 5,010635
скота 4,317488 4,317488
года 0,006689 0,006689
молоко 3,064725 12,258901
выкладывание 5,010635 10,021271
овощами 3,624341 3,624341
пищевая 2,371578 2,371578
ознакомлены 0,013423 0,013423
картофельный 5,010635 5,010635
распространением 5,010635 5,010635
ингредиенты 1,919593 1,919593
моих 0,013423 0,026846
предприятие 0,013423 0,013423
касается 2,612740 2,612740
обсуждения 0,013423 0,013423
проверить 2,708050 5,416100
смазать 3,064725 6,129450
блокировкой 0,013423 0,040269
многих 3,401197 3,401197
