законным 0,013423 0,013423
бульоне 4,317488 4,317488
новый 0,013423 0,013423
маслом 2,708050 5,416100
найти 0,013423 0,013423
основанием 0,013423 0,013423
ещё 3,218876 6,437752
письмо 0,013423 0,013423
спасибо 0,013423 0,013423
бульона 3,624341 7,248682
текстуру 3,218876 3,218876
согласие 0,013423 0,026846
доступ 0,013423 0,026846
промыв 5,010635 10,021271
миа 0,013423 0,040269
задать 0,013423 0,013423
полный 2,612740 2,612740
автору 0,013423 0,013423
связаться 0,013423 0,080538
дополнительно 3,624341 7,248682
солью 3,401197 6,802395
должны 0,013423 0,013423
углеводы 2,445686 2,445686
г 0,013423 0,255037
д 0,013423 0,026846
фото 0,013423 0,013423
варить 2,445686 4,891372
политика 0,013423 0,013423
связь 0,006689 0,013378
л 2,525729 5,051457
готово 0,013423 0,026846
кастрюлю 2,445686 4,891372
течение 0,013423 0,040269
дополнительный 3,912023 7,824046
информационных 0,013423 0,013423
суп 3,064725 42,906152
размещения 0,013423 0,013423
мин 2,445686 2,445686
перемешать 2,525729 5,051457
конфиденциальности 0,013423 0,053692
связи 0,013423 0,080538
заголовок 0,013423 0,026846
шаг 1,875141 24,376834
процесса 0,013423 0,013423
готовки 1,919593 1,919593
адресу 0,013423 0,026846
проблему 0,013423 0,013423
свежемолотый 4,317488 8,634976
свежемолотым 5,010635 10,021271
рецепты 1,139434 2,278869
время 0,013423 0,026846
данных 0,013423 0,107384
письма 0,013423 0,013423
часов 0,013423 0,026846
соглашаетесь 0,013423 0,013423
очистить 2,612740 10,450960
ранее 0,013423 0,013423
восстановления 0,013423 0,013423
главный 0,013423 0,013423
данные 0,013423 0,013423
разблокировать 0,013423 0,040269
город 0,013423 0,013423
ансамбль 5,010635 5,010635
фотографию 0,013423 0,013423
добавляя 3,912023 7,824046
обращаем 0,013423 0,013423
отправлено 0,013423 0,013423
написать 0,013423 0,013423
новостеймолния 0,013423 0,013423
одноклассники 0,013423 0,026846
сначала 0,013423 0,013423
помешивая 3,401197 13,604790
показать 0,013423 0,013423
кнопку 0,013423 0,013423
коммуникаций 0,013423 0,013423
сметану 3,912023 7,824046
пароль 0,013423 0,080538
пароля 0,013423 0,053692
удалить 2,931194 5,862388
перейдите 0,013423 0,013423
калорийность 2,120264 2,120264
вход 0,013423 0,013423
закрыто 0,013423 0,013423
удалено 0,013423 0,013423
курином 5,010635 5,010635
ккал 2,302585 2,302585
сколько 0,006689 0,006689
гаврилова 0,013423 0,013423
материалов 0,013423 0,040269
отправлена 0,013423 0,013423
чате 0,013423 0,013423
куриное 2,931194 5,862388
цвета 2,445686 4,891372
расположенному 0,013423 0,026846
чату 0,013423 0,013423
редакцией 0,013423 0,013423
смесь 2,445686 4,891372
улучшает 5,010635 5,010635
плиту 3,912023 7,824046
обжаренных 5,010635 10,021271
сметана 3,218876 6,437752
учредитель 0,013423 0,013423
рассмотрены 0,013423 0,013423
мое 0,013423 0,026846
нарезать 2,445686 14,674116
сочетает 3,218876 6,437752
ссылка 0,013423 0,026846
ссылке 0,013423 0,013423
перетяните 0,013423 0,013423
ссылки 0,013423 0,013423
крупной 3,064725 6,129450
помочь 0,013423 0,013423
ошибках 0,013423 0,013423
обязательны 0,013423 0,093961
шт 2,238047 13,428279
растительное 3,064725 6,129450
выпуска 0,013423 0,013423
списка 0,013423 0,013423
формой 0,013423 0,053692
роскомнадзор 0,013423 0,013423
куриный 5,010635 20,042541
зеленью 2,931194 5,862388
блокировался 0,013423 0,013423
москва 0,006689 0,020067
воспользоваться 0,013423 0,013423
русской 1,752539 3,505078
входа 0,013423 0,013423
сметаной 3,624341 3,624341
придаёт 3,624341 3,624341
моё 0,013423 0,013423
белки 2,371578 2,371578
сковороду 3,401197 6,802395
федеральное 0,013423 0,013423
супов 2,813411 5,626821
федеральной 0,013423 0,013423
бульон 4,317488 43,174881
международное 0,013423 0,040269
поставить 2,525729 5,051457
будут 0,013423 0,013423
кипятить 3,912023 7,824046
новостей 0,006689 0,006689
которое 2,302585 4,605170
политикой 0,013423 0,040269
обработки 0,013423 0,026846
даю 0,013423 0,026846
вкусу 2,066196 16,529571
обработку 0,013423 0,026846
обратной 0,013423 0,067115
редакции 0,013423 0,026846
порции 2,445686 2,445686
обращений 0,013423 0,013423
вкуса 2,445686 2,445686
нежные 3,624341 3,624341
обработка 0,013423 0,013423
это 0,013423 0,040269
питательное 3,912023 7,824046
станет 2,302585 4,605170
вкус 2,120264 4,240527
лука 3,218876 6,437752
щавелевый 5,010635 20,042541
описанием 0,013423 0,013423
новую 0,013423 0,013423
петрушки 3,401197 6,802395
массовых 0,013423 0,013423
полотенцем 3,624341 7,248682
пройдена 0,013423 0,013423
петрушка 3,064725 6,129450
используется 0,013423 0,013423
зарегистрироваться 0,013423 0,053692
пожаловаться 0,013423 0,013423
крупно 3,624341 7,248682
новости 0,006689 0,033445
войти 0,013423 0,053692
электронной 0,013423 0,013423
массу 3,401197 6,802395
насыщенность 3,401197 3,401197
эл 0,013423 0,013423
действия 0,013423 0,013423
идеально 2,612740 5,225480
защита 0,013423 0,013423
массы 3,624341 7,248682
регистрация 0,013423 0,040269
почему 0,013423 0,013423
использования 0,013423 0,013423
восстановление 0,013423 0,040269
вопросам 0,013423 0,026846
государственное 0,013423 0,013423
добавить 2,238047 22,380466
заправляется 5,010635 5,010635
нарезанный 3,064725 6,129450
вконтакте 0,013423 0,026846
просим 0,013423 0,013423
навсегда 0,013423 0,013423
нарушение 0,013423 0,040269
заблокирован 0,013423 0,013423
соль 2,120264 4,240527
ошибку 0,013423 0,013423
защиты 0,013423 0,013423
натереть 2,813411 5,626821
назад 0,013423 0,067115
обращения 0,013423 0,026846
лист 3,064725 12,258901
лук 2,302585 13,815511
минут 1,297063 5,188253
ошибка 0,013423 0,013423
вопрос 0,006689 0,006689
мягким 3,401197 6,802395
зубовский 0,013423 0,026846
подтверждаете 0,013423 0,013423
заполнить 0,013423 0,026846
кипения 2,931194 5,862388
осуществляется 0,013423 0,013423
ваш 0,013423 0,053692
имя 0,013423 0,067115
другие 0,013423 0,026846
надзору 0,013423 0,013423
процедить 3,401197 6,802395
блюдо 2,014903 6,044709
срок 0,013423 0,026846
издание 0,013423 0,013423
лимон 3,401197 6,802395
летнего 3,218876 6,437752
бульвар 0,013423 0,026846
хотите 0,013423 0,013423
заполните 0,013423 0,067115
технологий 0,013423 0,026846
сетевое 0,013423 0,013423
яйца 1,966113 3,932226
вновь 0,013423 0,040269
сменить 0,013423 0,013423
материал 0,013423 0,013423
участвовать 0,013423 0,026846
сообщить 0,013423 0,013423
успешно 0,013423 0,013423
скриншот 0,013423 0,040269
налить 3,624341 7,248682
лёгкой 5,010635 5,010635
лента 0,006689 0,013378
яйцо 2,612740 5,225480
нотки 3,624341 3,624341
черный 2,708050 5,416100
однородной 3,401197 6,802395
заблокированы 0,013423 0,013423
сфере 0,013423 0,013423
свидетельство 0,013423 0,013423
правила 0,013423 0,026846
взаимодействия 0,013423 0,026846
перцем 3,912023 7,824046
отлично 3,401197 3,401197
сохранить 0,013423 0,013423
информационное 0,013423 0,040269
крапивы 5,010635 10,021271
комментирования 0,013423 0,026846
весенне 5,010635 10,021271
пресс 0,013423 0,013423
укроп 2,612740 5,225480
применения 0,013423 0,013423
сочного 3,912023 11,736069
картофель 2,708050 21,664402
федеральному 0,013423 0,026846
персональных 0,013423 0,107384
произошла 0,013423 0,013423
золотистого 3,624341 7,248682
ценность 2,302585 2,302585
дата 0,013423 0,013423
ваше 0,013423 0,107384
сайте 0,013423 0,013423
ваши 0,013423 0,013423
сочный 3,624341 7,248682
фио 0,013423 0,013423
восстановить 0,013423 0,013423
пожалуйста 0,013423 0,013423
укропа 3,218876 6,437752
приправить 5,010635 10,021271
ниже 0,013423 0,040269
версия 0,013423 0,013423
взбить 3,624341 7,248682
вопроса 0,013423 0,013423
россия 0,006689 0,053512
поля 0,013423 0,093961
песка 5,010635 10,021271
государственному 0,013423 0,026846
регистрации 0,013423 0,026846
поле 0,013423 0,013423
сайт 0,013423 0,026846
супа 3,218876 9,656627
зарегистрировано 0,013423 0,013423
другое 0,013423 0,013423
щавеля 4,317488 21,587441
поддерживаетсяполучить 0,013423 0,013423
адрес 0,013423 0,040269
перец 2,525729 5,051457
щавель 4,317488 25,904929
соответствии 0,013423 0,026846
загрузите 0,013423 0,013423
сообщения 0,013423 0,053692
загрузить 0,013423 0,013423
куриного 4,317488 12,952464
лавровый 3,401197 13,604790
направлении 0,013423 0,013423
замеченных 0,013423 0,013423
телефон 0,013423 0,013423
чёрным 5,010635 10,021271
отправки 0,013423 0,013423
яичную 4,317488 8,634976
унитарному 0,013423 0,026846
сообщение 0,013423 0,134230
кремовую 4,317488 4,317488
выберите 0,013423 0,040269
старые 0,013423 0,013423
попробуйте 0,013423 0,013423
подавать 2,708050 5,416100
тёрке 4,317488 8,634976
масло 2,302585 4,605170
защитой 0,013423 0,026846
статьи 0,013423 0,013423
остатки 3,912023 7,824046
стебли 5,010635 20,042541
подтвердите 0,013423 0,013423
авторизация 0,013423 0,013423
форма 0,013423 0,013423
логином 0,013423 0,013423
рейтинг 0,006689 0,006689
галочку 0,013423 0,013423
перетащите 0,013423 0,040269
материале 0,013423 0,026846
материала 0,013423 0,026846
растительным 5,010635 10,021271
ароматный 3,912023 7,824046
вашего 0,013423 0,013423
паролем 0,013423 0,013423
лимона 3,064725 9,194175
способы 0,013423 0,026846
зарегистрируйтесь 0,013423 0,013423
обо 0,013423 0,013423
мелко 2,525729 5,051457
дискуссии 0,013423 0,026846
рецептырецепты 1,875141 1,875141
редактор 0,013423 0,013423
фгуп 0,499776 0,499776
унитарное 0,013423 0,013423
форму 0,013423 0,093961
тема 0,013423 0,040269
отправленного 0,013423 0,013423
связанные 0,013423 0,013423
рекомендательных 0,013423 0,013423
тщательно 2,445686 4,891372
данная 0,013423 0,013423
придать 3,624341 7,248682
обратная 0,013423 0,026846
овощей 3,218876 3,218876
риа 0,006689 0,033445
проставляя 0,013423 0,013423
связанных 0,013423 0,013423
опишите 0,013423 0,013423
довести 3,064725 6,129450
заполнения 0,013423 0,093961
кубиками 2,931194 11,724775
кухни 1,832581 3,665163
службе 0,013423 0,013423
релизов 0,013423 0,013423
ваших 0,013423 0,026846
кухня 1,832581 1,832581
почты 0,013423 0,013423
готовится 3,401197 3,401197
который 1,160488 1,160488
агентство 0,013423 0,040269
приготовление 1,966113 1,966113
правил 0,013423 0,040269
мар 2,931194 2,931194
авторизоваться 0,013423 0,013423
авторизуйтесь 0,013423 0,013423
периода 3,401197 6,802395
агентства 0,013423 0,013423
сегодня 0,013423 0,080538
расширенный 0,013423 0,013423
сито 3,401197 6,802395
кислинкой 3,624341 3,624341
морковь 3,401197 20,407184
новыесначала 0,013423 0,013423
кипящий 5,010635 10,021271
моркови 3,912023 7,824046
вкусовой 3,912023 3,912023
мл 2,612740 5,225480
шапка 0,013423 0,013423
отправить 0,013423 0,147653
продолжить 0,013423 0,013423
решении 0,013423 0,013423
воспользуйтесь 0,013423 0,040269
участие 0,006689 0,006689
аккаунт 0,013423 0,053692
марлей 4,317488 8,634976
обсуждение 0,013423 0,013423
опечатка 0,013423 0,013423
использовать 0,013423 0,040269
свежих 3,624341 3,624341
блокировки 0,013423 0,013423
онлайн 0,013423 0,013423
контактов 0,013423 0,013423
почта 0,013423 0,080538
рецепт 1,544899 4,634698
апреля 0,013423 0,013423
обжарить 3,624341 7,248682
фамилия 0,013423 0,013423
категория 1,875141 1,875141
сок 2,931194 5,862388
нами 0,013423 0,093961
яндекс 0,013423 0,026846
русская 2,177422 4,354844
удалили 0,013423 0,040269
либо 0,013423 0,013423
жиры 2,371578 2,371578
вакансии 0,013423 0,013423
разогреть 3,218876 6,437752
аккаунту 0,013423 0,013423
освежает 4,317488 4,317488
открываемого 0,013423 0,026846
нажимая 0,013423 0,013423
поиск 0,013423 0,013423
вами 0,013423 0,013423
недопустимое 0,013423 0,013423
щавелевого 4,317488 12,952464
согласны 0,013423 0,040269
истек 0,013423 0,013423
медленно 3,624341 7,248682
предприятию 0,013423 0,026846
рекламы 0,013423 0,013423
нарезанной 3,912023 7,824046
внимание 0,013423 0,013423
принимать 0,013423 0,013423
сможете 0,013423 0,013423
года 0,006689 0,006689
подходит 2,525729 5,051457
миске 2,708050 5,416100
пищевая 2,371578 2,371578
подготовить 2,612740 5,225480
ознакомлены 0,013423 0,013423
легкое 4,317488 8,634976
постоянно 2,371578 4,743156
ингредиенты 1,919593 1,919593
моих 0,013423 0,026846
предприятие 0,013423 0,013423
обсуждения 0,013423 0,013423
блокировкой 0,013423 0,040269
