蟹邪泻芯薪薪褘屑 0,013423 0,013423
褉褎 1,181994 65,009664
薪芯胁褘泄 0,013423 0,013423
懈薪褎芯谐褉邪褎懈泻邪褉芯褋褋懈褟褍泻褉邪懈薪邪谢褍谐邪薪褋泻邪褟 5,010635 75,159529
薪邪泄褌懈 0,013423 0,013423
芯褋薪芯胁邪薪懈械屑 0,013423 0,013423
懈薪褎芯谐褉邪褎懈泻邪褉芯褋褋懈褟褍泻褉邪懈薪邪胁芯芯褉褍卸械薪薪褘械 5,010635 10,021271
锌懈褋褜屑芯 0,013423 0,013423
褋锌邪褋懈斜芯 0,013423 0,013423
褋芯谐谢邪褋懈械 0,013423 0,026846
褑械薪褌褉 0,190354 0,190354
写芯褋褌褍锌 0,013423 0,026846
写械泻邪斜褉褟 1,098612 1,098612
屑懈邪 0,013423 0,026846
蟹邪写邪褌褜 0,013423 0,013423
褌械谐懈 0,190354 0,190354
褉械褋锌褍斜谢懈泻邪屑懈薪懈褋褌械褉褋褌胁芯 4,317488 17,269952
邪胁褌芯褉褍 0,013423 0,013423
褍泻褉邪懈薪褘褋锌械褑芯锌械褉邪褑懈褟写芯薪械褑泻邪褟 5,010635 20,042541
褋胁褟蟹邪褌褜褋褟 0,013423 0,080538
薪邪褋械谢械薪懈褟 3,064725 3,064725
写芯谢卸薪褘 0,013423 0,013423
谐 0,013423 0,026846
写 0,013423 0,026846
褍泻褉邪懈薪褘屑懈薪懈褋褌械褉褋褌胁芯 5,010635 5,010635
褉械泻谢邪屑邪 0,190354 0,190354
褎芯褌芯 0,013423 0,013423
懈蟹斜懈褉邪褌械谢褜薪褘褏 5,010635 5,010635
锌芯谢懈褌懈泻邪 0,013423 0,026846
褋懈谢褘 2,014903 102,760054
褋胁褟蟹褜 0,006689 0,013378
谐芯褌芯胁芯 0,013423 0,026846
褌械褔械薪懈械 0,013423 0,013423
褉褎褏械褉褋芯薪褋泻邪褟 5,010635 15,031906
芯斜谢邪褋褌褜 1,714798 44,584759
懈薪褎芯褉屑邪褑懈芯薪薪褘褏 0,013423 0,013423
褉邪蟹屑械褖械薪懈褟 0,013423 0,013423
泻芯薪褎懈写械薪褑懈邪谢褜薪芯褋褌懈 0,013423 0,053692
褋胁褟蟹懈 0,013423 0,080538
蟹邪谐芯谢芯胁芯泻 0,013423 0,026846
锌褉芯褑械褋褋邪 0,013423 0,013423
邪写褉械褋褍 0,013423 0,026846
锌褉芯斜谢械屑褍 0,013423 0,013423
褎懈蟹懈褔械褋泻懈褏 2,931194 2,931194
胁褉械屑褟 0,013423 0,013423
写邪薪薪褘褏 0,013423 0,107384
锌芯褋屑芯褌褉械褌褜 2,177422 4,354844
褌芯褉械褑泻 5,010635 5,010635
锌懈褋褜屑邪 0,013423 0,013423
褔邪褋芯胁 0,013423 0,026846
褋芯谐谢邪褕邪械褌械褋褜 0,013423 0,013423
褉械褋锌褍斜谢懈泻邪 2,612740 2,612740
褉邪薪械械 0,013423 0,013423
胁芯褋褋褌邪薪芯胁谢械薪懈褟 0,013423 0,013423
谐谢邪胁薪褘泄 0,013423 0,013423
写邪薪薪褘械 0,013423 0,013423
薪邪褋械谢械薪懈褟锌芯褋屑芯褌褉械褌褜 5,010635 5,010635
褉邪蟹斜谢芯泻懈褉芯胁邪褌褜 0,013423 0,040269
谐芯褉芯写 0,013423 0,013423
褎芯褌芯谐褉邪褎懈褞 0,013423 0,013423
芯斜褉邪褖邪械屑 0,013423 0,013423
褍泻褉邪懈薪褘写芯薪械褑泻邪褟 5,010635 15,031906
芯褌锌褉邪胁谢械薪芯 0,013423 0,013423
薪邪锌懈褋邪褌褜 0,013423 0,013423
薪芯胁芯褋褌械泄屑芯谢薪懈褟 0,013423 0,013423
褍泻褉邪懈薪械 1,427116 38,532142
芯写薪芯泻谢邪褋褋薪懈泻懈 0,013423 0,026846
褋薪邪褔邪谢邪 0,013423 0,013423
谢懈褑 2,302585 2,302585
褍泻褉邪懈薪褘 1,832581 3,665163
锌芯泻邪蟹邪褌褜 0,013423 0,013423
泻薪芯锌泻褍 0,013423 0,013423
泻芯屑屑褍薪懈泻邪褑懈泄 0,013423 0,013423
锌邪褉芯谢褜 0,013423 0,080538
胁褘褏芯写薪褘褏 4,317488 4,317488
锌邪褉芯谢褟 0,013423 0,053692
锌械褉械泄写懈褌械 0,013423 0,013423
褍泻褉邪懈薪褘胁芯芯褉褍卸械薪薪褘械 5,010635 45,095718
胁褏芯写 0,013423 0,013423
懈褞薪褟 2,066196 2,066196
锌褉芯写褍泻褌褘 0,150823 0,150823
蟹邪泻褉褘褌芯 0,013423 0,013423
褍写邪谢械薪芯 0,013423 0,013423
屑懈薪芯斜芯褉芯薪褘 2,525729 65,668945
褏械褉褋芯薪褋泻邪褟 5,010635 15,031906
褋泻芯谢褜泻芯 0,006689 0,006689
谐邪胁褉懈谢芯胁邪 0,013423 0,013423
屑邪褌械褉懈邪谢芯胁 0,013423 0,053692
屑芯谐褍褌 1,643339 1,643339
芯褌锌褉邪胁谢械薪邪 0,013423 0,013423
褔邪褌械 0,013423 0,013423
褉邪褋锌芯谢芯卸械薪薪芯屑褍 0,013423 0,026846
褔邪褌褍 0,013423 0,013423
褉械写邪泻褑懈械泄 0,013423 0,013423
斜械薪蟹懈薪邪 5,010635 10,021271
懈薪褎芯谐褉邪褎懈泻邪 2,177422 17,419376
褉邪泻械褌薪褘泄 4,317488 4,317488
褍褔褉械写懈褌械谢褜 0,013423 0,013423
褉邪褋褋屑芯褌褉械薪褘 0,013423 0,013423
芯斜芯褉芯薪褘 2,177422 56,612971
屑芯械 0,013423 0,026846
褋褋褘谢泻邪 0,013423 0,026846
褋褋褘谢泻械 0,013423 0,013423
锌械褉械褌褟薪懈褌械 0,013423 0,013423
褋褋褘谢泻懈 0,013423 0,013423
锌芯屑芯褔褜 0,013423 0,013423
邪褉褏懈胁 0,190354 0,190354
懈褞谢褟 1,791759 1,791759
芯褕懈斜泻邪褏 0,013423 0,013423
芯斜褟蟹邪褌械谢褜薪褘 0,013423 0,093961
褋锌械褑芯锌械褉邪褑懈褟胁芯芯褉褍卸械薪薪褘械 5,010635 5,010635
泻邪褉褌邪 2,931194 79,142231
胁褘锌褍褋泻邪 0,013423 0,013423
褋锌懈褋泻邪 0,013423 0,013423
褎芯褉屑芯泄 0,013423 0,053692
褉芯褋泻芯屑薪邪写蟹芯褉 0,013423 0,013423
懈薪褎芯谐褉邪褎懈泻邪褍泻褉邪懈薪邪褉芯褋褋懈褟谢褍谐邪薪褋泻邪褟 5,010635 25,053176
斜谢芯泻懈褉芯胁邪谢褋褟 0,013423 0,013423
屑芯褋泻胁邪 0,006689 0,013378
胁芯褋锌芯谢褜蟹芯胁邪褌褜褋褟 0,013423 0,013423
胁褏芯写邪 0,013423 0,013423
褉褎褋锌械褑芯锌械褉邪褑懈褟 5,010635 5,010635
懈薪褌械褉邪泻褌懈胁薪邪褟 3,218876 3,218876
屑芯褢 0,013423 0,013423
褎械写械褉邪谢褜薪芯械 0,013423 0,013423
褉邪泻械褌褘 4,317488 4,317488
褎械写械褉邪谢褜薪芯泄 0,013423 0,013423
斜芯谢褜褕芯泄 2,445686 2,445686
屑械卸写褍薪邪褉芯写薪芯械 0,013423 0,040269
锌褉邪蟹写薪懈褔薪褘褏 3,912023 3,912023
斜褍写褍褌 0,013423 0,013423
薪芯胁芯褋褌械泄 0,006689 0,006689
锌芯谢懈褌懈泻芯泄 0,013423 0,040269
褋锌械褑芯锌械褉邪褑懈褟屑懈薪懈褋褌械褉褋褌胁芯 5,010635 5,010635
芯斜褉邪斜芯褌泻懈 0,013423 0,026846
写邪褞 0,013423 0,026846
泻邪谢褜泻褍谢褟褌芯褉 4,317488 4,317488
芯斜褉邪斜芯褌泻褍 0,013423 0,026846
芯斜褉邪褌薪芯泄 0,013423 0,067115
锌芯写泻邪褋褌褘 0,292136 0,292136
褉械写邪泻褑懈懈 0,013423 0,026846
芯斜褉邪褖械薪懈泄 0,013423 0,013423
胁褔械褉邪 1,576648 1,576648
褉械泄褌懈薪谐褋褌邪褌懈褋褌懈泻邪褉械泄褌懈薪谐 5,010635 15,031906
胁泻谢邪写邪屑 5,010635 5,010635
写芯谢械褌械褌褜 5,010635 5,010635
芯斜褉邪斜芯褌泻邪 0,013423 0,013423
褝褌芯 0,013423 0,013423
芯锌懈褋邪薪懈械屑 0,013423 0,013423
薪芯胁褍褞 0,013423 0,013423
屑邪褋褋芯胁褘褏 0,013423 0,013423
锌褉芯泄写械薪邪 0,013423 0,013423
懈褋锌芯谢褜蟹褍械褌褋褟 0,013423 0,013423
蟹邪褉械谐懈褋褌褉懈褉芯胁邪褌褜褋褟 0,013423 0,053692
锌芯卸邪谢芯胁邪褌褜褋褟 0,013423 0,013423
写邪谢褜薪芯褋褌懈 4,317488 4,317488
褋械薪褌褟斜褉褟 1,514128 1,514128
薪芯胁芯褋褌懈 0,006689 0,013378
胁芯泄褌懈 0,013423 0,053692
懈薪褎芯谐褉邪褎懈泻邪褍泻褉邪懈薪邪谢褍谐邪薪褋泻邪褟 5,010635 5,010635
褋芯锌褉懈泻芯褋薪芯胁械薪懈褟 5,010635 5,010635
褝谢械泻褌褉芯薪薪芯泄 0,013423 0,013423
褋锌械褑芯锌械褉邪褑懈褟 3,624341 32,619068
褋锌褉芯褋邪 4,317488 4,317488
屑懈褉械 0,274437 0,274437
褝谢 0,013423 0,013423
写械泄褋褌胁懈褟 0,013423 0,013423
褉邪写懈芯 0,274437 0,274437
蟹邪褖懈褌邪 0,013423 0,013423
褉械谐懈褋褌褉邪褑懈褟 0,013423 0,040269
褉械褋锌褍斜谢懈泻邪褋锌械褑芯锌械褉邪褑懈褟写芯薪械褑泻邪褟 5,010635 5,010635
锌芯褔械屑褍 0,013423 0,013423
懈褋锌芯谢褜蟹芯胁邪薪懈褟 0,013423 0,013423
胁芯褋褋褌邪薪芯胁谢械薪懈械 0,013423 0,040269
褉械褋锌褍斜谢懈泻邪褋锌械褑芯锌械褉邪褑懈褟胁芯芯褉褍卸械薪薪褘械 5,010635 10,021271
胁芯锌褉芯褋邪屑 0,013423 0,026846
谐芯褋褍写邪褉褋褌胁械薪薪芯械 0,013423 0,013423
胁泻芯薪褌邪泻褌械 0,013423 0,026846
褋锌械褑锌褉芯械泻褌褘 0,190354 0,190354
锌褉芯褋懈屑 0,013423 0,013423
褍泻褉邪懈薪褘褏械褉褋芯薪褋泻邪褟 5,010635 5,010635
薪邪胁褋械谐写邪 0,013423 0,013423
薪邪褉褍褕械薪懈械 0,013423 0,040269
蟹邪斜谢芯泻懈褉芯胁邪薪 0,013423 0,013423
芯褕懈斜泻褍 0,013423 0,013423
蟹邪褖懈褌褘 0,013423 0,013423
薪邪蟹邪写 0,013423 0,067115
芯斜褉邪褖械薪懈褟 0,013423 0,026846
褋锌械褑芯锌械褉邪褑懈懈 2,525729 68,194673
褎械胁褉邪谢褟 0,616186 11,091351
芯褕懈斜泻邪 0,013423 0,013423
褉械褋锌褍斜谢懈泻邪写芯薪械褑泻邪褟 5,010635 35,074447
胁芯锌褉芯褋 0,006689 0,006689
蟹褍斜芯胁褋泻懈泄 0,013423 0,026846
锌芯写褌胁械褉卸写邪械褌械 0,013423 0,013423
懈薪褎芯谐褉邪褎懈泻邪斜械薪蟹懈薪褉懈邪 5,010635 10,021271
蟹邪锌芯谢薪懈褌褜 0,013423 0,026846
芯褋褍褖械褋褌胁谢褟械褌褋褟 0,013423 0,013423
胁邪褕 0,013423 0,053692
懈屑褟 0,013423 0,067115
写褉褍谐懈械 0,013423 0,026846
芯斜褖械褋褌胁芯 0,265703 0,265703
薪邪写蟹芯褉褍 0,013423 0,013423
褉械褋锌褍斜谢懈泻邪褋锌械褑芯锌械褉邪褑懈褟屑懈薪懈褋褌械褉褋褌胁芯 5,010635 5,010635
褋褉芯泻 0,013423 0,026846
懈蟹写邪薪懈械 0,013423 0,013423
斜褍谢褜胁邪褉 0,013423 0,026846
褏芯褌懈褌械 0,013423 0,013423
蟹邪锌芯谢薪懈褌械 0,013423 0,067115
褌械褏薪芯谢芯谐懈泄 0,013423 0,026846
褋械褌械胁芯械 0,013423 0,013423
胁薪芯胁褜 0,013423 0,013423
褋屑械薪懈褌褜 0,013423 0,013423
褉械褋锌褍斜谢懈泻邪胁芯芯褉褍卸械薪薪褘械 5,010635 85,180800
屑邪褌械褉懈邪谢 0,013423 0,013423
褍褔邪褋褌胁芯胁邪褌褜 0,013423 0,026846
褋芯芯斜褖懈褌褜 0,013423 0,013423
写芯褋褌褍锌薪芯褋褌懈 4,317488 8,634976
褍褋锌械褕薪芯 0,013423 0,013423
褋泻褉懈薪褕芯褌 0,013423 0,040269
谢械薪褌邪 0,006689 0,013378
谢懈薪懈褟 4,317488 4,317488
泻谢褞褔械胁褘械 3,912023 3,912023
蟹邪斜谢芯泻懈褉芯胁邪薪褘 0,013423 0,013423
褋锌芯褉褌 0,190354 0,190354
褋褎械褉械 0,013423 0,013423
褉械褋锌褍斜谢懈泻邪褉芯褋褋懈褟褋锌械褑芯锌械褉邪褑懈褟写芯薪械褑泻邪褟 5,010635 5,010635
褋胁懈写械褌械谢褜褋褌胁芯 0,013423 0,013423
锌褉邪胁懈谢邪 0,013423 0,026846
胁蟹邪懈屑芯写械泄褋褌胁懈褟 0,013423 0,026846
褋芯褏褉邪薪懈褌褜 0,013423 0,013423
懈薪褎芯褉屑邪褑懈芯薪薪芯械 0,013423 0,040269
屑懈薪懈褋褌械褉褋褌胁芯 2,238047 6,714140
泻芯屑屑械薪褌懈褉芯胁邪薪懈褟 0,013423 0,026846
褉褎胁芯芯褉褍卸械薪薪褘械 5,010635 10,021271
褉械褋锌褍斜谢懈泻邪褏械褉褋芯薪褋泻邪褟 4,317488 69,079810
锌褉械褋褋 0,013423 0,026846
褍泻褉邪懈薪褘褋锌械褑芯锌械褉邪褑懈褟褏械褉褋芯薪褋泻邪褟 5,010635 5,010635
褉芯褋褋懈懈 0,395515 10,678899
锌褉懈屑械薪械薪懈褟 0,013423 0,013423
褎械写械褉邪谢褜薪芯屑褍 0,013423 0,026846
锌械褉褋芯薪邪谢褜薪褘褏 0,013423 0,107384
锌褉芯懈蟹芯褕谢邪 0,013423 0,013423
写邪褌邪 0,013423 0,013423
胁邪褕械 0,013423 0,107384
褋邪泄褌械 0,013423 0,013423
胁邪褕懈 0,013423 0,013423
褎懈芯 0,013423 0,013423
胁芯褋褋褌邪薪芯胁懈褌褜 0,013423 0,013423
锌芯卸邪谢褍泄褋褌邪 0,013423 0,013423
薪懈卸械 0,013423 0,040269
胁械褉褋懈褟 0,013423 0,013423
胁芯锌褉芯褋邪 0,013423 0,013423
褉芯褋褋懈褟 0,006689 0,046823
锌芯谢褟 0,013423 0,093961
褟薪胁邪褉褟 1,160488 12,765365
谐芯褋褍写邪褉褋褌胁械薪薪芯屑褍 0,013423 0,026846
褉械谐懈褋褌褉邪褑懈懈 0,013423 0,026846
锌芯谢械 0,013423 0,013423
褋邪泄褌 0,013423 0,026846
褋械褉胁懈褋褘 0,190354 0,190354
蟹邪褉械谐懈褋褌褉懈褉芯胁邪薪芯 0,013423 0,013423
写褉褍谐芯械 0,013423 0,013423
褌褍褉懈蟹屑 0,283247 0,283247
锌芯写写械褉卸懈胁邪械褌褋褟锌芯谢褍褔懈褌褜 0,013423 0,013423
邪写褉械褋 0,013423 0,040269
褋芯芯褌胁械褌褋褌胁懈懈 0,013423 0,026846
褏邪褉邪泻褌械褉懈褋褌懈泻懈 3,912023 3,912023
蟹邪谐褉褍蟹懈褌械 0,013423 0,013423
褋芯芯斜褖械薪懈褟 0,013423 0,053692
蟹邪谐褉褍蟹懈褌褜 0,013423 0,013423
褉芯褋褋懈泄褋泻懈褏 1,966113 7,864451
懈薪褎芯谐褉邪褎懈泻邪褉懈邪 5,010635 10,021271
薪邪锌褉邪胁谢械薪懈懈 0,013423 0,013423
蟹邪屑械褔械薪薪褘褏 0,013423 0,013423
褌械谢械褎芯薪 0,013423 0,013423
芯褌锌褉邪胁泻懈 0,013423 0,013423
褍薪懈褌邪褉薪芯屑褍 0,013423 0,026846
写芯褏芯写邪屑 5,010635 5,010635
褉褎屑懈薪懈褋褌械褉褋褌胁芯 5,010635 70,148894
褋芯芯斜褖械薪懈械 0,013423 0,134230
褍泻褉邪懈薪褘褉芯褋褋懈褟褍泻褉邪懈薪邪谢褍谐邪薪褋泻邪褟 5,010635 10,021271
褉械谐懈芯薪芯胁 3,218876 12,875503
胁褘斜械褉懈褌械 0,013423 0,040269
褋褌邪褉褘械 0,013423 0,013423
锌芯锌褉芯斜褍泄褌械 0,013423 0,013423
褍泻褉邪懈薪褘褉芯褋褋懈褟褍泻褉邪懈薪邪胁芯芯褉褍卸械薪薪褘械 5,010635 5,010635
褍泻褉邪懈薪褘谢褍谐邪薪褋泻邪褟 5,010635 5,010635
蟹邪褖懈褌芯泄 0,013423 0,026846
褋褌邪褌褜懈 0,013423 0,013423
锌芯写褌胁械褉写懈褌械 0,013423 0,013423
邪胁褌芯褉懈蟹邪褑懈褟 0,013423 0,013423
褉械谢懈谐懈褟 0,283247 0,283247
褎芯褉屑邪 0,013423 0,013423
谢芯谐懈薪芯屑 0,013423 0,013423
褉械泄褌懈薪谐 0,006689 0,040134
谐邪谢芯褔泻褍 0,013423 0,013423
谢褍谐邪薪褋泻邪褟 3,912023 7,824046
锌械褉械褌邪褖懈褌械 0,013423 0,040269
屑邪褌械褉懈邪谢械 0,013423 0,026846
芯泻褉褍谐芯胁 5,010635 5,010635
泻褍谢褜褌褍褉邪 0,292136 0,292136
屑邪褌械褉懈邪谢邪 0,013423 0,026846
锌褉芯懈褋褕械褋褌胁懈褟 0,292136 0,292136
胁邪褕械谐芯 0,013423 0,013423
褋褌芯褉芯薪锌芯褋屑芯褌褉械褌褜 5,010635 5,010635
锌邪褉芯谢械屑 0,013423 0,013423
褋锌芯褋芯斜褘 0,013423 0,026846
蟹邪褉械谐懈褋褌褉懈褉褍泄褌械褋褜 0,013423 0,013423
芯斜芯 0,013423 0,013423
薪械写胁懈卸懈屑芯褋褌褜 0,292136 0,292136
写懈褋泻褍褋褋懈懈 0,013423 0,026846
邪胁谐褍褋褌邪 2,120264 2,120264
褉械写邪泻褌芯褉 0,013423 0,013423
褍薪懈褌邪褉薪芯械 0,013423 0,013423
胁芯芯褉褍卸械薪薪褘械 2,371578 33,202092
写薪械泄 1,832581 1,832581
褋懈谢 2,525729 68,194673
褎芯褉屑褍 0,013423 0,093961
芯写薪芯屑邪薪写邪褌薪褘褏 5,010635 5,010635
褌械屑邪 0,013423 0,040269
芯褌锌褉邪胁谢械薪薪芯谐芯 0,013423 0,013423
胁芯芯褉褍卸械薪薪褘褏 2,813411 75,962089
褋胁褟蟹邪薪薪褘械 0,013423 0,013423
褉械泻芯屑械薪写邪褌械谢褜薪褘褏 0,013423 0,013423
写邪薪薪邪褟 0,013423 0,013423
芯斜褉邪褌薪邪褟 0,013423 0,026846
褉懈邪 0,006689 0,013378
锌褉芯褋褌邪胁谢褟褟 0,013423 0,013423
褋胁褟蟹邪薪薪褘褏 0,013423 0,013423
芯锌懈褕懈褌械 0,013423 0,013423
蟹邪锌芯谢薪械薪懈褟 0,013423 0,093961
锌芯谢械蟹薪芯械 0,182322 0,182322
褋谢褍卸斜械 0,013423 0,013423
褉械泄褌懈薪谐褉械泄褌懈薪谐褋褌邪褌懈褋褌懈泻邪 5,010635 5,010635
褉械谢懈蟹芯胁 0,013423 0,013423
胁邪褕懈褏 0,013423 0,026846
锌芯褔褌褘 0,013423 0,013423
屑邪褟 1,832581 1,832581
邪谐械薪褌褋褌胁芯 0,013423 0,040269
锌褉邪胁懈谢 0,013423 0,040269
邪胁褌芯褉懈蟹芯胁邪褌褜褋褟 0,013423 0,013423
邪胁褌芯褉懈蟹褍泄褌械褋褜 0,013423 0,013423
邪谐械薪褌褋褌胁邪 0,013423 0,013423
褋械谐芯写薪褟 0,013423 0,067115
褉邪褋褕懈褉械薪薪褘泄 0,013423 0,013423
薪邪谢芯谐邪 4,317488 4,317488
褉械褋锌褍斜谢懈泻邪褋锌械褑芯锌械褉邪褑懈褟褏械褉褋芯薪褋泻邪褟 5,010635 10,021271
薪邪褉芯写薪邪褟 3,218876 167,381543
薪芯胁褘械褋薪邪褔邪谢邪 0,013423 0,013423
芯褉械褕薪懈泻 3,218876 3,218876
写懈薪邪屑懈泻械 5,010635 5,010635
褋褌褉邪薪 2,238047 2,238047
褕邪锌泻邪 0,013423 0,013423
芯褌锌褉邪胁懈褌褜 0,013423 0,147653
锌褉芯写芯谢卸懈褌褜 0,013423 0,013423
褉械褕械薪懈懈 0,013423 0,013423
屑械薪褟谢懈褋褜 5,010635 5,010635
胁芯褋锌芯谢褜蟹褍泄褌械褋褜 0,013423 0,040269
褍褔邪褋褌懈械 0,006689 0,006689
写芯薪械褑泻邪褟 3,624341 32,619068
邪泻泻邪褍薪褌 0,013423 0,053692
褝泻芯薪芯屑懈泻邪 0,292136 0,292136
芯斜褋褍卸写械薪懈械 0,013423 0,013423
泻芯屑锌谢械泻褋 3,064725 3,064725
褉褎写芯薪械褑泻邪褟 5,010635 5,010635
懈褋锌芯谢褜蟹芯胁邪褌褜 0,013423 0,013423
芯锌械褔邪褌泻邪 0,013423 0,013423
泻邪谢械薪写邪褉褜 2,177422 2,177422
斜谢芯泻懈褉芯胁泻懈 0,013423 0,013423
芯薪谢邪泄薪 0,013423 0,013423
写芯褏芯写褘 3,912023 3,912023
褉褎褋锌械褑芯锌械褉邪褑懈褟屑懈薪懈褋褌械褉褋褌胁芯 5,010635 10,021271
泻芯薪褌邪泻褌芯胁 0,013423 0,013423
锌芯褔褌邪 0,013423 0,080538
谐芯写褍锌芯褋屑芯褌褉械褌褜 5,010635 5,010635
邪锌褉械谢褟 0,013423 0,013423
褎邪屑懈谢懈褟 0,013423 0,013423
薪邪屑懈 0,013423 0,093961
褟薪写械泻褋 0,013423 0,026846
薪写褎谢 4,317488 4,317488
褍写邪谢懈谢懈 0,013423 0,040269
谢懈斜芯 0,013423 0,013423
懈薪褎芯谐褉邪褎懈泻邪胁芯芯褉褍卸械薪薪褘械 5,010635 15,031906
胁邪泻邪薪褋懈懈 0,013423 0,013423
邪泻泻邪褍薪褌褍 0,013423 0,013423
芯褌泻褉褘胁邪械屑芯谐芯 0,013423 0,026846
薪邪卸懈屑邪褟 0,013423 0,013423
锌芯懈褋泻 0,013423 0,013423
胁邪屑懈 0,013423 0,013423
薪械写芯锌褍褋褌懈屑芯械 0,013423 0,013423
褋芯谐谢邪褋薪褘 0,013423 0,040269
懈褋褌械泻 0,013423 0,013423
锌褉械写锌褉懈褟褌懈褞 0,013423 0,026846
褉械泻谢邪屑褘 0,013423 0,013423
胁薪懈屑邪薪懈械 0,013423 0,013423
锌褉懈薪懈屑邪褌褜 0,013423 0,013423
褋屑芯卸械褌械 0,013423 0,013423
谐芯写邪 0,006689 0,006689
谐褉邪薪懈褑褘 3,912023 3,912023
芯蟹薪邪泻芯屑谢械薪褘 0,013423 0,013423
褉芯褋褋懈懈锌芯褋屑芯褌褉械褌褜 5,010635 5,010635
屑芯懈褏 0,013423 0,026846
锌褉械写锌褉懈褟褌懈械 0,013423 0,013423
薪邪褍泻邪 0,292136 0,292136
芯斜褋褍卸写械薪懈褟 0,013423 0,013423
斜谢芯泻懈褉芯胁泻芯泄 0,013423 0,040269
