готов 2,371578 2,371578
законным 0,013423 0,013423
новый 0,013423 0,013423
день 1,203973 3,611918
единая 2,813411 2,813411
покрасить 2,813411 2,813411
найти 0,013423 0,013423
основанием 0,013423 0,013423
газа 3,218876 3,218876
письмо 0,013423 0,013423
беринговым 3,401197 3,401197
спасибо 0,013423 0,013423
завершились 4,317488 4,317488
стал 2,120264 2,120264
заявил 1,427116 2,854233
согласие 0,013423 0,026846
центр 0,190354 0,190354
доступ 0,013423 0,026846
декабря 1,098612 2,197225
миа 0,013423 0,026846
задать 0,013423 0,013423
теги 0,190354 0,380707
автору 0,013423 0,013423
удара 3,624341 3,624341
конфликт 3,401197 6,802395
связаться 0,013423 0,080538
александр 1,455287 2,910574
должны 0,013423 0,013423
шириковтеолог 3,624341 3,624341
стармер 5,010635 5,010635
г 0,013423 0,040269
д 0,013423 0,026846
минская 4,317488 4,317488
реклама 0,190354 0,190354
фото 0,013423 0,013423
политика 0,013423 0,026846
лет 1,514128 1,514128
силы 2,014903 4,029806
связь 0,006689 0,013378
родительские 3,624341 3,624341
надеется 3,401197 3,401197
готово 0,013423 0,026846
экс 2,708050 2,708050
норфолк 5,010635 5,010635
течение 0,013423 0,013423
область 1,714798 1,714798
информационных 0,013423 0,013423
карл 3,912023 3,912023
тюрьмы 4,317488 4,317488
размещения 0,013423 0,013423
самсоняна 4,317488 4,317488
конфиденциальности 0,013423 0,053692
связи 0,013423 0,080538
заголовок 0,013423 0,026846
апелляционная 3,912023 3,912023
освободила 3,912023 3,912023
процесса 0,013423 0,013423
адресу 0,013423 0,026846
проблему 0,013423 0,013423
рецепты 1,139434 1,139434
время 0,013423 0,026846
данных 0,013423 0,107384
джеффри 4,317488 4,317488
оон 2,708050 8,124151
письма 0,013423 0,013423
часов 0,013423 0,026846
жомарт 3,401197 3,401197
соглашаетесь 0,013423 0,013423
ранее 0,013423 0,013423
восстановления 0,013423 0,013423
главный 0,013423 0,013423
данные 0,013423 0,013423
имени 2,371578 2,371578
пылевые 5,010635 5,010635
сергей 1,609438 3,218876
пьяный 2,708050 2,708050
разблокировать 0,013423 0,040269
город 0,013423 0,026846
украина 1,875141 13,125988
лукашенко 3,401197 6,802395
фотографию 0,013423 0,013423
дмитрий 1,643339 4,930018
пригрозил 3,912023 3,912023
обращаем 0,013423 0,013423
отправлено 0,013423 0,013423
написать 0,013423 0,013423
новостеймолния 0,013423 0,013423
украине 1,427116 14,271164
последствия 1,966113 3,932226
схождение 3,624341 3,624341
одноклассники 0,013423 0,026846
сначала 0,013423 0,013423
сумму 2,525729 2,525729
украины 1,832581 3,665163
показать 0,013423 0,013423
кнопку 0,013423 0,013423
международник 3,624341 3,624341
коммуникаций 0,013423 0,013423
австралия 3,624341 10,873023
пароль 0,013423 0,080538
пароля 0,013423 0,053692
клещи 5,010635 5,010635
перейдите 0,013423 0,013423
базы 3,218876 3,218876
дебош 2,708050 2,708050
мирный 3,064725 21,453076
вход 0,013423 0,013423
июня 2,066196 4,132393
продукты 0,150823 0,150823
закрыто 0,013423 0,013423
удалено 0,013423 0,013423
австралии 4,317488 4,317488
дональд 2,445686 19,565487
сколько 0,006689 0,006689
гаврилова 0,013423 0,013423
материалов 0,013423 0,053692
отправлена 0,013423 0,013423
чате 0,013423 0,013423
кремле 2,371578 2,371578
хамас 4,317488 4,317488
саргсян 5,010635 5,010635
расположенному 0,013423 0,026846
чату 0,013423 0,013423
редакцией 0,013423 0,013423
ближайшие 3,912023 3,912023
совет 2,525729 2,525729
департамент 5,010635 5,010635
примет 3,401197 3,401197
кир 5,010635 5,010635
ответом 3,912023 3,912023
учредитель 0,013423 0,013423
экстремизм 4,317488 4,317488
путина 2,612740 5,225480
рассмотрены 0,013423 0,013423
исмаил 4,317488 4,317488
мое 0,013423 0,026846
япония 3,912023 7,824046
ссылка 0,013423 0,026846
последние 1,098612 1,098612
ссылке 0,013423 0,013423
перетяните 0,013423 0,013423
ссылки 0,013423 0,013423
масленицы 3,064725 6,129450
помочь 0,013423 0,013423
архив 0,190354 0,190354
британия 3,912023 3,912023
военная 2,120264 4,240527
специальная 2,066196 4,132393
пересадить 5,010635 5,010635
благодатного 3,401197 3,401197
ошибках 0,013423 0,013423
обязательны 0,013423 0,093961
сша 1,118815 20,138670
рольник 5,010635 5,010635
выпуска 0,013423 0,013423
финансовой 2,813411 2,813411
списка 0,013423 0,013423
формой 0,013423 0,053692
роскомнадзор 0,013423 0,013423
российское 3,218876 3,218876
блокировался 0,013423 0,013423
кредита 3,401197 3,401197
кайя 3,912023 3,912023
король 4,317488 4,317488
москва 0,006689 0,020067
воспользоваться 0,013423 0,013423
входа 0,013423 0,013423
членом 4,317488 4,317488
атаки 3,218876 3,218876
моё 0,013423 0,013423
федеральное 0,013423 0,013423
цветы 5,010635 5,010635
ереван 3,912023 3,912023
ормузский 4,317488 4,317488
федеральной 0,013423 0,013423
лучшие 1,714798 1,714798
конфликта 2,525729 7,577186
екатерина 2,445686 2,445686
эндрю 3,064725 6,129450
павел 2,238047 2,238047
международное 0,013423 0,040269
астрологии 5,010635 5,010635
будут 0,013423 0,013423
новостей 0,006689 0,006689
кишинева 3,912023 3,912023
православная 2,612740 5,225480
политикой 0,013423 0,040269
обработки 0,013423 0,026846
даю 0,013423 0,026846
урегулировать 3,401197 3,401197
угроза 3,624341 3,624341
зарубин 3,912023 3,912023
обработку 0,013423 0,026846
обратной 0,013423 0,067115
палестино 3,624341 7,248682
подкасты 0,292136 0,292136
редакции 0,013423 0,026846
обращений 0,013423 0,013423
румынская 4,317488 4,317488
кого 2,708050 2,708050
дат 3,912023 3,912023
операция 2,120264 4,240527
обработка 0,013423 0,013423
это 0,013423 0,013423
украинский 2,931194 2,931194
сапрыкина 2,708050 2,708050
закрытия 3,624341 3,624341
вашингтон 2,445686 2,445686
описанием 0,013423 0,013423
новую 0,013423 0,013423
пихта 5,010635 5,010635
понимает 4,317488 4,317488
массовых 0,013423 0,013423
пройдена 0,013423 0,013423
используется 0,013423 0,013423
зарегистрироваться 0,013423 0,053692
пожаловаться 0,013423 0,013423
противостоянии 3,912023 3,912023
новости 0,006689 0,040134
войти 0,013423 0,053692
электронной 0,013423 0,013423
комнатные 5,010635 5,010635
хания 4,317488 4,317488
берингов 3,624341 3,624341
мире 0,274437 6,586484
эл 0,013423 0,013423
действия 0,013423 0,013423
радио 0,274437 0,274437
мира 1,791759 5,375278
залужный 3,912023 3,912023
защита 0,013423 0,013423
регистрация 0,013423 0,040269
почему 0,013423 0,013423
использования 0,013423 0,013423
новой 2,813411 2,813411
восстановление 0,013423 0,040269
вопросам 0,013423 0,026846
государственное 0,013423 0,013423
эксперта 2,813411 2,813411
елка 3,912023 3,912023
белоруссия 3,624341 3,624341
программе 2,813411 2,813411
вконтакте 0,013423 0,026846
спецпроекты 0,190354 0,190354
просим 0,013423 0,013423
навсегда 0,013423 0,013423
нарушение 0,013423 0,040269
заблокирован 0,013423 0,013423
ошибку 0,013423 0,013423
первым 3,401197 3,401197
защиты 0,013423 0,013423
путин 1,514128 4,542383
назад 0,013423 0,067115
обращения 0,013423 0,026846
эксперты 2,612740 2,612740
возможные 3,064725 6,129450
февраля 0,616186 0,616186
шоубиз 3,624341 3,624341
рэу 3,912023 3,912023
трампа 2,238047 2,238047
ошибка 0,013423 0,013423
значение 2,302585 6,907755
вопрос 0,006689 0,006689
святого 3,064725 3,064725
суббота 3,624341 3,624341
бельгии 5,010635 5,010635
зубовский 0,013423 0,026846
подтверждаете 0,013423 0,013423
заполнить 0,013423 0,026846
происходит 2,813411 2,813411
марта 1,678431 8,392154
осуществляется 0,013423 0,013423
ваш 0,013423 0,053692
имя 0,013423 0,067115
другие 0,013423 0,026846
общество 0,265703 0,265703
надзору 0,013423 0,013423
нового 1,678431 1,678431
срок 0,013423 0,026846
издание 0,013423 0,013423
приметы 3,218876 3,218876
бульвар 0,013423 0,026846
выделении 4,317488 4,317488
отказалась 4,317488 4,317488
хотите 0,013423 0,013423
заполните 0,013423 0,067115
воскресенье 2,931194 2,931194
технологий 0,013423 0,026846
сетевое 0,013423 0,013423
традиции 1,966113 9,830564
неделю 1,373049 1,373049
рубио 3,218876 6,437752
вновь 0,013423 0,013423
яйца 1,966113 1,966113
сменить 0,013423 0,013423
материал 0,013423 0,013423
присматривать 3,401197 3,401197
участвовать 0,013423 0,026846
недвижимостьнавигатор 3,064725 3,064725
сообщить 0,013423 0,013423
пошаговые 2,238047 2,238047
успешно 0,013423 0,013423
скриншот 0,013423 0,040269
пишут 3,624341 3,624341
зеленского 2,177422 4,354844
королевской 4,317488 4,317488
лента 0,006689 0,013378
арест 3,218876 3,218876
посольство 3,624341 3,624341
набросился 4,317488 4,317488
рассказало 3,624341 3,624341
заблокированы 0,013423 0,013423
спорт 0,190354 0,190354
суть 2,525729 2,525729
сфере 0,013423 0,013423
молдавия 4,317488 4,317488
месяц 1,297063 1,297063
церковь 2,708050 5,416100
свидетельство 0,013423 0,013423
пролив 3,912023 7,824046
сектору 3,624341 3,624341
правила 0,013423 0,040269
субботы 3,624341 3,624341
перевели 3,912023 3,912023
взаимодействия 0,013423 0,026846
астропсихологии 5,010635 5,010635
сохранить 0,013423 0,013423
высказался 2,612740 2,612740
женский 3,912023 3,912023
информационное 0,013423 0,040269
прогнозированию 5,010635 5,010635
марко 3,912023 3,912023
комментирования 0,013423 0,026846
блинов 2,371578 2,371578
опасны 5,010635 5,010635
пресс 0,013423 0,026846
россии 0,395515 0,791030
применения 0,013423 0,013423
смысл 3,624341 3,624341
федеральному 0,013423 0,026846
персональных 0,013423 0,107384
произошла 0,013423 0,013423
песков 2,445686 4,891372
требования 2,525729 5,051457
известно 2,931194 2,931194
ваше 0,013423 0,107384
дата 0,013423 0,053692
сайте 0,013423 0,013423
румяные 4,317488 4,317488
ваши 0,013423 0,013423
проходит 2,931194 2,931194
фио 0,013423 0,013423
восстановить 0,013423 0,013423
лавров 3,912023 7,824046
пожалуйста 0,013423 0,013423
дерево 3,912023 3,912023
человека 2,177422 2,177422
специалист 2,931194 2,931194
ниже 0,013423 0,040269
версия 0,013423 0,013423
вопроса 0,013423 0,013423
россия 0,006689 0,113713
поля 0,013423 0,093961
лидера 3,624341 3,624341
выделить 2,931194 2,931194
кишинев 5,010635 5,010635
палата 3,624341 3,624341
господне 3,401197 3,401197
января 1,160488 6,962926
израиль 2,931194 14,655969
государственному 0,013423 0,026846
регистрации 0,013423 0,026846
израиля 5,010635 5,010635
казахстан 3,218876 6,437752
поле 0,013423 0,013423
сайт 0,013423 0,026846
правильно 2,066196 2,066196
биньямин 4,317488 4,317488
сроки 2,525729 2,525729
сервисы 0,190354 0,190354
штат 2,931194 2,931194
зарегистрировано 0,013423 0,013423
другое 0,013423 0,013423
туризм 0,283247 0,283247
поддерживаетсяполучить 0,013423 0,013423
адрес 0,013423 0,040269
соответствии 0,013423 0,026846
зеленский 2,066196 4,132393
причины 2,525729 7,577186
пообещал 3,624341 3,624341
загрузите 0,013423 0,013423
сообщения 0,013423 0,053692
загрузить 0,013423 0,013423
направлении 0,013423 0,013423
числа 3,401197 3,401197
замеченных 0,013423 0,013423
телефон 0,013423 0,013423
отправки 0,013423 0,013423
филипп 5,010635 5,010635
лондон 4,317488 4,317488
унитарному 0,013423 0,026846
виргиния 5,010635 5,010635
период 1,160488 1,160488
праздник 2,525729 5,051457
нетаньяху 3,218876 6,437752
актера 2,708050 2,708050
сообщение 0,013423 0,134230
мадагаскара 3,401197 3,401197
мэра 3,401197 3,401197
выберите 0,013423 0,040269
старые 0,013423 0,013423
отреагировали 3,064725 3,064725
палестина 2,931194 8,793581
ирану 3,912023 7,824046
попробуйте 0,013423 0,013423
ирана 3,401197 6,802395
осужденную 4,317488 4,317488
весеннего 3,912023 3,912023
деренеу 3,912023 3,912023
выполнила 3,624341 3,624341
защитой 0,013423 0,026846
статьи 0,013423 0,013423
новогоднее 3,912023 3,912023
подтвердите 0,013423 0,013423
авторизация 0,013423 0,013423
домашний 3,218876 3,218876
религия 0,283247 0,283247
дни 2,612740 2,612740
форма 0,013423 0,013423
логином 0,013423 0,013423
рейтинг 0,006689 0,006689
галочку 0,013423 0,013423
пасху 2,708050 2,708050
перетащите 0,013423 0,040269
материале 0,013423 0,026846
культура 0,292136 0,292136
коллеги 2,612740 2,612740
материала 0,013423 0,026846
происшествия 0,292136 0,292136
валерий 3,401197 3,401197
иран 2,612740 7,838220
вашего 0,013423 0,013423
зимнее 3,912023 3,912023
паролем 0,013423 0,013423
нато 2,612740 2,612740
астролог 5,010635 5,010635
серж 5,010635 5,010635
великобритания 3,401197 10,203592
проливом 3,401197 3,401197
дня 1,678431 1,678431
евросоюз 2,931194 5,862388
способы 0,013423 0,026846
зарегистрируйтесь 0,013423 0,013423
обо 0,013423 0,013423
медведев 2,612740 5,225480
каллас 2,612740 5,225480
недвижимость 0,292136 0,292136
дискуссии 0,013423 0,026846
редактор 0,013423 0,013423
финансирования 3,401197 3,401197
унитарное 0,013423 0,013423
вооруженные 2,371578 4,743156
левую 4,317488 4,317488
форму 0,013423 0,093961
план 2,371578 16,601046
тема 0,013423 0,040269
отправленного 0,013423 0,013423
государственный 2,931194 5,862388
рекомендательных 0,013423 0,013423
связанные 0,013423 0,026846
абитуриентариа 2,931194 2,931194
тоннеля 3,401197 3,401197
данная 0,013423 0,013423
управления 2,813411 2,813411
плеханова 3,912023 3,912023
обратная 0,013423 0,026846
риа 0,006689 0,013378
ажурные 4,317488 4,317488
аделаида 5,010635 5,010635
проставляя 0,013423 0,013423
связанных 0,013423 0,013423
арестованным 4,317488 4,317488
опишите 0,013423 0,013423
оппозиционера 4,317488 4,317488
равноденствия 4,317488 4,317488
переговоры 2,177422 2,177422
заполнения 0,013423 0,093961
разные 2,445686 2,445686
мадагаскар 2,931194 2,931194
полезное 0,182322 0,182322
квартире 3,064725 3,064725
год 0,967584 0,967584
службе 0,013423 0,013423
навигаторриа 2,445686 2,445686
релизов 0,013423 0,013423
будущем 2,931194 2,931194
каркаде 3,401197 3,401197
ваших 0,013423 0,026846
международный 3,064725 3,064725
почты 0,013423 0,013423
перспективы 3,064725 3,064725
токаев 3,401197 6,802395
трамп 1,609438 16,094379
мая 1,832581 1,832581
праздновании 4,317488 4,317488
запасного 4,317488 4,317488
наталью 3,912023 3,912023
празднование 3,218876 3,218876
вербное 3,401197 3,401197
агентство 0,013423 0,040269
родительская 4,317488 4,317488
правил 0,013423 0,040269
авторизоваться 0,013423 0,013423
авторизуйтесь 0,013423 0,013423
совете 3,064725 3,064725
выбрать 2,612740 2,612740
советы 1,752539 1,752539
агентства 0,013423 0,013423
сегодня 0,013423 0,093961
случае 1,714798 1,714798
расширенный 0,013423 0,013423
петр 2,445686 2,445686
совету 3,401197 3,401197
сми 2,177422 2,177422
отмечают 2,525729 2,525729
новыесначала 0,013423 0,013423
предоставить 2,708050 2,708050
помиловал 4,317488 4,317488
шапка 0,013423 0,013423
юлия 3,912023 3,912023
армении 3,401197 3,401197
отправить 0,013423 0,147653
продолжить 0,013423 0,013423
справки 1,875141 1,875141
решение 1,791759 1,791759
решении 0,013423 0,013423
воспользуйтесь 0,013423 0,040269
участие 0,006689 0,006689
аккаунт 0,013423 0,053692
экономика 0,292136 0,292136
суворовапсихолог 5,010635 5,010635
израильского 3,624341 7,248682
обсуждение 0,013423 0,013423
села 3,624341 3,624341
использовать 0,013423 0,013423
опечатка 0,013423 0,013423
сретение 3,401197 3,401197
календарь 2,177422 2,177422
блокировки 0,013423 0,013423
онлайн 0,013423 0,013423
мвф 3,624341 14,497364
контактов 0,013423 0,013423
почта 0,013423 0,080538
мунданной 5,010635 5,010635
киев 2,302585 4,605170
сосна 4,317488 4,317488
апреля 0,013423 0,053692
история 1,484275 5,937099
троицкая 4,317488 4,317488
фамилия 0,013423 0,013423
солнцестояние 4,317488 4,317488
нами 0,013423 0,093961
яндекс 0,013423 0,026846
русская 2,177422 2,177422
университет 3,218876 3,218876
принц 3,624341 7,248682
удалили 0,013423 0,040269
плана 3,218876 3,218876
владимир 1,373049 6,865246
значительную 3,401197 3,401197
либо 0,013423 0,013423
продолжительность 3,624341 3,624341
вакансии 0,013423 0,013423
аккаунту 0,013423 0,013423
армения 4,317488 4,317488
открываемого 0,013423 0,026846
какого 3,401197 3,401197
нажимая 0,013423 0,013423
поиск 0,013423 0,013423
вами 0,013423 0,013423
недопустимое 0,013423 0,013423
году 1,139434 5,697171
политолог 3,401197 3,401197
залужного 3,912023 3,912023
пожаловались 2,708050 2,708050
согласны 0,013423 0,040269
истек 0,013423 0,013423
предприятию 0,013423 0,026846
рекламы 0,013423 0,013423
строительства 3,218876 3,218876
внимание 0,013423 0,013423
принимать 0,013423 0,013423
алексей 1,966113 1,966113
соц 2,371578 2,371578
огня 2,708050 2,708050
женева 3,218876 3,218876
касым 4,317488 4,317488
сможете 0,013423 0,013423
года 0,006689 0,006689
эпштейн 4,317488 4,317488
ознакомлены 0,013423 0,013423
оценили 3,064725 3,064725
моих 0,013423 0,026846
предприятие 0,013423 0,013423
наука 0,292136 0,292136
обострение 4,317488 8,634976
стенькорелигиовед 3,624341 3,624341
обсуждения 0,013423 0,013423
порошенко 4,317488 8,634976
блокировкой 0,013423 0,040269
семьи 2,445686 2,445686
