законным 0,013423 0,013423
скандинавской 3,401197 3,401197
новый 0,013423 0,040269
день 1,203973 1,203973
найти 0,013423 0,013423
основанием 0,013423 0,013423
туризмгрузияближний 5,010635 5,010635
японской 3,064725 3,064725
письмо 0,013423 0,013423
спасибо 0,013423 0,013423
масленицу 2,612740 2,612740
согласие 0,013423 0,026846
фруктового 3,624341 3,624341
доступ 0,013423 0,026846
миа 0,013423 0,026846
задать 0,013423 0,013423
чесноком 3,218876 3,218876
автору 0,013423 0,013423
связаться 0,013423 0,080538
должны 0,013423 0,013423
г 0,013423 0,026846
д 0,013423 0,026846
майские 3,218876 3,218876
тестовый 3,401197 3,401197
фото 0,013423 0,013423
британской 3,218876 3,218876
политика 0,013423 0,013423
связь 0,006689 0,013378
сложности 2,813411 2,813411
готово 0,013423 0,026846
европейской 2,238047 2,238047
течение 0,013423 0,013423
капусты 3,064725 3,064725
информационных 0,013423 0,013423
узбекской 3,401197 3,401197
размещения 0,013423 0,013423
основных 2,445686 4,891372
конфиденциальности 0,013423 0,053692
связи 0,013423 0,080538
заголовок 0,013423 0,026846
сладостей 3,218876 3,218876
пирогов 3,401197 3,401197
бананового 3,624341 3,624341
процесса 0,013423 0,013423
готовки 1,919593 1,919593
адресу 0,013423 0,026846
вторых 3,401197 3,401197
проблему 0,013423 0,013423
цветной 3,912023 3,912023
курицей 3,218876 6,437752
выпечки 2,708050 2,708050
рецепты 1,139434 82,039268
время 0,013423 0,040269
данных 0,013423 0,107384
письма 0,013423 0,013423
десерт 3,218876 3,218876
часов 0,013423 0,026846
соглашаетесь 0,013423 0,013423
ранее 0,013423 0,013423
восстановления 0,013423 0,013423
главный 0,013423 0,013423
данные 0,013423 0,013423
разблокировать 0,013423 0,040269
город 0,013423 0,013423
запеченного 5,010635 5,010635
вкусно 2,813411 2,813411
фотографию 0,013423 0,013423
восточной 3,064725 3,064725
обращаем 0,013423 0,013423
легко 1,791759 30,459911
отправлено 0,013423 0,013423
написать 0,013423 0,013423
новостеймолния 0,013423 0,013423
одноклассники 0,013423 0,026846
сначала 0,013423 0,013423
выпечкирецепты 3,401197 6,802395
царствоватьгастрономиякулинариякультуракультура 5,010635 5,010635
африканской 3,401197 3,401197
индийской 3,401197 3,401197
часа 1,875141 5,625423
украинской 2,445686 2,445686
паназиатской 3,401197 3,401197
показать 0,013423 0,013423
кнопку 0,013423 0,013423
праздникипродуктырецепты 5,010635 5,010635
коммуникаций 0,013423 0,013423
пароль 0,013423 0,080538
пароля 0,013423 0,053692
белорусской 3,218876 3,218876
блюд 2,238047 6,714140
перейдите 0,013423 0,013423
вход 0,013423 0,013423
легкого 4,317488 4,317488
закрыто 0,013423 0,013423
удалено 0,013423 0,013423
сколько 0,006689 0,006689
гаврилова 0,013423 0,013423
материалов 0,013423 0,053692
сочной 3,624341 3,624341
отправлена 0,013423 0,013423
куриной 4,317488 4,317488
тортов 3,218876 3,218876
чате 0,013423 0,013423
расположенному 0,013423 0,026846
чату 0,013423 0,013423
редакцией 0,013423 0,013423
всей 2,445686 2,445686
учредитель 0,013423 0,013423
блинчиков 3,624341 3,624341
испанской 3,401197 3,401197
рассмотрены 0,013423 0,013423
средиземноморской 3,401197 3,401197
простые 1,752539 43,813469
петербургсладкоедесертрецепты 5,010635 5,010635
мое 0,013423 0,026846
ссылка 0,013423 0,026846
последние 1,098612 1,098612
ссылке 0,013423 0,013423
португальской 3,401197 3,401197
перетяните 0,013423 0,013423
ссылки 0,013423 0,013423
помочь 0,013423 0,013423
рецептырецептырецепты 5,010635 35,074447
ошибках 0,013423 0,013423
обязательны 0,013423 0,093961
повелевать 3,912023 3,912023
интересных 3,401197 3,401197
зимнего 3,624341 3,624341
выпуска 0,013423 0,013423
немецкой 3,064725 3,064725
списка 0,013423 0,013423
формой 0,013423 0,053692
роскомнадзор 0,013423 0,013423
китайкской 3,401197 3,401197
блокировался 0,013423 0,013423
закусокрецепты 2,708050 2,708050
зимурецепты 4,317488 4,317488
креветок 3,624341 3,624341
москва 0,006689 0,013378
духовке 2,708050 2,708050
воспользоваться 0,013423 0,013423
русской 1,752539 8,762694
входа 0,013423 0,013423
моё 0,013423 0,013423
чешской 3,401197 3,401197
федеральное 0,013423 0,013423
медовом 5,010635 5,010635
супов 2,813411 5,626821
федеральной 0,013423 0,013423
екатерина 2,445686 2,445686
международное 0,013423 0,040269
сковороде 2,708050 2,708050
глинтвейн 3,912023 3,912023
будут 0,013423 0,013423
новостей 0,006689 0,006689
лучших 1,832581 1,832581
политикой 0,013423 0,040269
обработки 0,013423 0,026846
даю 0,013423 0,026846
обработку 0,013423 0,026846
обратной 0,013423 0,067115
голени 3,912023 3,912023
польской 3,401197 3,401197
редакции 0,013423 0,026846
обращений 0,013423 0,013423
нежные 3,624341 3,624341
обработка 0,013423 0,013423
это 0,013423 0,013423
колбасой 3,218876 3,218876
малосольные 5,010635 5,010635
еврейской 3,401197 3,401197
обеда 4,317488 4,317488
куличейкулич 5,010635 5,010635
описанием 0,013423 0,013423
новую 0,013423 0,013423
массовых 0,013423 0,013423
пройдена 0,013423 0,013423
кондитера 3,624341 3,624341
йогурта 4,317488 4,317488
печенья 3,401197 3,401197
используется 0,013423 0,013423
зарегистрироваться 0,013423 0,053692
пожаловаться 0,013423 0,013423
новости 0,006689 0,020067
войти 0,013423 0,053692
быстрые 3,064725 3,064725
электронной 0,013423 0,013423
рецептов 2,177422 2,177422
эл 0,013423 0,013423
действия 0,013423 0,013423
защита 0,013423 0,013423
аппетитной 3,624341 3,624341
десертов 3,401197 3,401197
регистрация 0,013423 0,040269
почему 0,013423 0,013423
итальянской 3,401197 3,401197
использования 0,013423 0,013423
восстановление 0,013423 0,040269
быстрый 3,064725 3,064725
салата 3,401197 3,401197
вопросам 0,013423 0,026846
государственное 0,013423 0,013423
фактах 3,624341 3,624341
нежнейшего 5,010635 5,010635
закусок 3,064725 9,194175
вконтакте 0,013423 0,026846
блиноврецепты 5,010635 5,010635
шашлыкаовощикуда 5,010635 5,010635
просим 0,013423 0,013423
хрустящие 3,218876 3,218876
навсегда 0,013423 0,013423
нарушение 0,013423 0,040269
заблокирован 0,013423 0,013423
ошибку 0,013423 0,013423
минутрецепты 2,708050 8,124151
защиты 0,013423 0,013423
кавказкой 3,401197 3,401197
назад 0,013423 0,067115
обращения 0,013423 0,026846
вкусных 2,931194 2,931194
пост 3,064725 3,064725
минут 1,297063 23,347138
австрийской 3,401197 3,401197
ошибка 0,013423 0,013423
вопрос 0,006689 0,006689
зубовский 0,013423 0,026846
самых 1,875141 1,875141
подтверждаете 0,013423 0,013423
томатном 4,317488 4,317488
армянской 3,218876 3,218876
заполнить 0,013423 0,026846
вьетнамской 3,401197 3,401197
осуществляется 0,013423 0,013423
ваш 0,013423 0,053692
имя 0,013423 0,067115
другие 0,013423 0,026846
востокзакавказьешашлыкрецепты 5,010635 5,010635
надзору 0,013423 0,013423
срок 0,013423 0,026846
издание 0,013423 0,013423
бульвар 0,013423 0,026846
хотите 0,013423 0,013423
заполните 0,013423 0,067115
технологий 0,013423 0,026846
сетевое 0,013423 0,013423
курицы 3,912023 3,912023
традиции 1,966113 1,966113
неделю 1,373049 1,373049
вновь 0,013423 0,013423
фрикадельки 4,317488 4,317488
фильтрыскрыть 3,624341 3,624341
сменить 0,013423 0,013423
материал 0,013423 0,013423
участвовать 0,013423 0,026846
сообщить 0,013423 0,013423
пошаговые 2,238047 4,476093
самые 2,238047 2,238047
успешно 0,013423 0,013423
скриншот 0,013423 0,040269
освежающий 3,064725 3,064725
огурчики 5,010635 5,010635
лента 0,006689 0,013378
греческой 3,218876 3,218876
заблокированы 0,013423 0,013423
сфере 0,013423 0,013423
коктейля 3,912023 3,912023
десертовпростые 3,912023 3,912023
месяц 1,297063 1,297063
свидетельство 0,013423 0,013423
трапезы 3,912023 3,912023
правила 0,013423 0,040269
гарниров 3,401197 3,401197
рецептыпасхароссиярелигиозные 5,010635 5,010635
взаимодействия 0,013423 0,026846
сочные 3,912023 3,912023
соусом 3,218876 3,218876
сохранить 0,013423 0,013423
информационное 0,013423 0,040269
грузинской 3,064725 3,064725
комментирования 0,013423 0,026846
соусов 3,218876 3,218876
рецептыпростые 2,813411 2,813411
пресс 0,013423 0,013423
россии 0,395515 0,395515
применения 0,013423 0,013423
соевым 3,912023 3,912023
картофеля 3,218876 3,218876
шашлыки 3,624341 3,624341
беконе 5,010635 5,010635
картофель 2,708050 2,708050
федеральному 0,013423 0,026846
персональных 0,013423 0,107384
произошла 0,013423 0,013423
важное 2,525729 2,525729
дата 0,013423 0,013423
ваше 0,013423 0,107384
традиционные 2,371578 2,371578
сайте 0,013423 0,013423
ваши 0,013423 0,013423
фио 0,013423 0,013423
восстановить 0,013423 0,013423
пожалуйста 0,013423 0,013423
пирога 3,912023 3,912023
сыром 2,708050 8,124151
сливках 3,912023 3,912023
просто 1,714798 1,714798
ниже 0,013423 0,040269
версия 0,013423 0,013423
вопроса 0,013423 0,013423
россия 0,006689 0,046823
простой 2,120264 2,120264
поля 0,013423 0,093961
блины 2,238047 4,476093
рецептыпразднование 5,010635 5,010635
государственному 0,013423 0,026846
горячих 3,064725 3,064725
рецептыедаеда 5,010635 5,010635
регистрации 0,013423 0,026846
сложные 3,401197 3,401197
поле 0,013423 0,013423
сайт 0,013423 0,026846
великий 2,813411 2,813411
зарегистрировано 0,013423 0,013423
другое 0,013423 0,013423
французской 3,064725 3,064725
поддерживаетсяполучить 0,013423 0,013423
адрес 0,013423 0,040269
соответствии 0,013423 0,026846
хлеба 2,931194 2,931194
загрузите 0,013423 0,013423
швейцарской 3,401197 3,401197
сообщения 0,013423 0,053692
загрузить 0,013423 0,013423
направлении 0,013423 0,013423
замеченных 0,013423 0,013423
телефон 0,013423 0,013423
отправки 0,013423 0,013423
перекус 3,218876 6,437752
питание 2,708050 2,708050
унитарному 0,013423 0,026846
клубникой 5,010635 5,010635
туризмвкусимператрица 5,010635 5,010635
сообщение 0,013423 0,134230
масленицымасленицарецептырецепты 4,317488 4,317488
выберите 0,013423 0,040269
старые 0,013423 0,013423
туризмеда 5,010635 5,010635
попробуйте 0,013423 0,013423
пушкинроссиясанкт 5,010635 5,010635
тайской 3,401197 3,401197
рецептырецептырецептырецепты 5,010635 5,010635
бутерброды 2,525729 5,051457
мексиканской 3,218876 3,218876
салатоврецепты 3,624341 3,624341
защитой 0,013423 0,026846
статьи 0,013423 0,013423
подтвердите 0,013423 0,013423
авторизация 0,013423 0,013423
средней 2,302585 2,302585
форма 0,013423 0,013423
логином 0,013423 0,013423
рейтинг 0,006689 0,006689
галочку 0,013423 0,013423
перетащите 0,013423 0,040269
материале 0,013423 0,026846
арабской 3,218876 3,218876
материала 0,013423 0,026846
ароматный 3,912023 3,912023
вашего 0,013423 0,013423
паролем 0,013423 0,013423
ароматных 3,218876 3,218876
способы 0,013423 0,026846
оригинальные 2,445686 2,445686
зарегистрируйтесь 0,013423 0,013423
обо 0,013423 0,013423
корейской 3,401197 3,401197
часарецепты 2,813411 2,813411
дискуссии 0,013423 0,026846
рецептырецепты 1,875141 11,250846
редактор 0,013423 0,013423
грибами 3,218876 3,218876
унитарное 0,013423 0,013423
важноефото 5,010635 5,010635
салатов 2,813411 2,813411
сладкая 3,218876 3,218876
форму 0,013423 0,093961
тема 0,013423 0,040269
мясопростые 5,010635 5,010635
отправленного 0,013423 0,013423
ананасами 5,010635 5,010635
связанные 0,013423 0,013423
рекомендательных 0,013423 0,013423
данная 0,013423 0,013423
разных 2,177422 2,177422
обратная 0,013423 0,026846
риа 0,006689 0,013378
сходить 2,931194 2,931194
проставляя 0,013423 0,013423
связанных 0,013423 0,013423
опишите 0,013423 0,013423
заполнения 0,013423 0,093961
кухни 1,832581 69,638096
год 0,967584 2,902752
службе 0,013423 0,013423
молочного 3,912023 3,912023
релизов 0,013423 0,013423
ваших 0,013423 0,026846
кухня 1,832581 1,832581
почты 0,013423 0,013423
пасхального 3,912023 3,912023
мая 1,832581 3,665163
рожденная 3,912023 3,912023
легкий 3,064725 3,064725
напитков 2,813411 8,440232
агентство 0,013423 0,040269
правил 0,013423 0,040269
авторизоваться 0,013423 0,013423
авторизуйтесь 0,013423 0,013423
блюдрецепты 3,218876 3,218876
агентства 0,013423 0,013423
сегодня 0,013423 0,067115
расширенный 0,013423 0,013423
американской 2,525729 2,525729
новыесначала 0,013423 0,013423
приготовления 1,791759 3,583519
стран 2,238047 2,238047
шапка 0,013423 0,013423
праздника 2,371578 2,371578
отправить 0,013423 0,147653
продолжить 0,013423 0,013423
решении 0,013423 0,013423
необычные 2,238047 4,476093
воспользуйтесь 0,013423 0,040269
участие 0,006689 0,006689
аккаунт 0,013423 0,053692
обсуждение 0,013423 0,013423
рецептыкулинарияедарецепты 5,010635 5,010635
использовать 0,013423 0,013423
опечатка 0,013423 0,013423
сытного 3,912023 3,912023
рецептыпраздникирецепты 5,010635 5,010635
календарь 2,177422 2,177422
блокировки 0,013423 0,013423
онлайн 0,013423 0,013423
десять 2,612740 2,612740
контактов 0,013423 0,013423
почта 0,013423 0,080538
желе 3,912023 3,912023
рецепт 1,544899 15,448994
апреля 0,013423 0,026846
история 1,484275 1,484275
соусе 4,317488 8,634976
фамилия 0,013423 0,013423
категория 1,875141 1,875141
нами 0,013423 0,093961
яндекс 0,013423 0,026846
рецептытуризмтуризмтуризм 5,010635 5,010635
удалили 0,013423 0,040269
либо 0,013423 0,013423
турецкой 3,401197 3,401197
вакансии 0,013423 0,013423
холодных 3,218876 3,218876
аккаунту 0,013423 0,013423
горчично 5,010635 5,010635
открываемого 0,013423 0,026846
кухнирецептыновогодние 3,912023 3,912023
нажимая 0,013423 0,013423
поиск 0,013423 0,013423
кухнирецепты 2,612740 2,612740
вами 0,013423 0,013423
недопустимое 0,013423 0,013423
кулича 3,912023 3,912023
согласны 0,013423 0,040269
истек 0,013423 0,013423
азиатской 3,401197 3,401197
рецептыкультураекатерина 5,010635 5,010635
предприятию 0,013423 0,026846
рекламы 0,013423 0,013423
внимание 0,013423 0,013423
принимать 0,013423 0,013423
сможете 0,013423 0,013423
года 0,006689 0,006689
варенья 3,401197 3,401197
ознакомлены 0,013423 0,013423
молоке 3,064725 3,064725
дням 3,064725 3,064725
моих 0,013423 0,026846
предприятие 0,013423 0,013423
обсуждения 0,013423 0,013423
вечера 3,624341 3,624341
блокировкой 0,013423 0,040269
семьи 2,445686 2,445686
