готов 2,371578 2,371578
иностранных 2,612740 2,612740
законным 0,013423 0,013423
рф 1,181994 3,545982
масленица 3,064725 3,064725
новый 0,013423 0,026846
день 1,203973 1,203973
единая 2,813411 28,134107
новые 1,643339 1,643339
найти 0,013423 0,013423
основанием 0,013423 0,013423
экспертлюбовь 5,010635 5,010635
письмо 0,013423 0,013423
беринговым 3,401197 3,401197
спасибо 0,013423 0,013423
пенсионерам 3,624341 3,624341
заявил 1,427116 7,135582
апк 3,624341 3,624341
согласие 0,013423 0,026846
центр 0,190354 0,380707
доступ 0,013423 0,026846
декабря 1,098612 8,788898
сусловадоцент 5,010635 5,010635
миа 0,013423 0,026846
задать 0,013423 0,013423
теги 0,190354 0,190354
полный 2,612740 2,612740
автору 0,013423 0,013423
мид 3,064725 3,064725
красовскаяведущий 5,010635 5,010635
связаться 0,013423 0,080538
александр 1,455287 1,455287
долги 3,624341 3,624341
должны 0,013423 0,013423
коллапс 3,624341 3,624341
шириковтеолог 3,624341 7,248682
г 0,013423 0,040269
д 0,013423 0,026846
реклама 0,190354 0,190354
майские 3,218876 3,218876
фото 0,013423 0,013423
кому 2,371578 2,371578
силы 2,014903 2,014903
политика 0,013423 0,040269
связь 0,006689 0,013378
надеется 3,401197 3,401197
готово 0,013423 0,026846
течение 0,013423 0,013423
макс 4,317488 4,317488
начинает 3,218876 3,218876
информационных 0,013423 0,013423
назвал 1,875141 5,625423
литвинова 5,010635 5,010635
размещения 0,013423 0,013423
сочи 2,238047 6,714140
конфиденциальности 0,013423 0,053692
мир 1,966113 1,966113
связи 0,013423 0,080538
заголовок 0,013423 0,026846
процесса 0,013423 0,013423
адресу 0,013423 0,026846
екатеринбург 3,401197 3,401197
проблему 0,013423 0,013423
физических 2,931194 5,862388
проект 2,525729 2,525729
время 0,013423 0,026846
данных 0,013423 0,107384
социальный 2,708050 2,708050
ноженкоюрист 4,317488 4,317488
оон 2,708050 8,124151
отдыхаем 5,010635 5,010635
письма 0,013423 0,013423
жомарт 3,401197 3,401197
часов 0,013423 0,040269
соглашаетесь 0,013423 0,013423
ранее 0,013423 0,013423
восстановления 0,013423 0,013423
главный 0,013423 0,013423
данные 0,013423 0,013423
имени 2,371578 2,371578
хурма 5,010635 5,010635
сергей 1,609438 16,094379
отелейекатерина 5,010635 5,010635
навигатор 2,931194 2,931194
разблокировать 0,013423 0,040269
украина 1,875141 3,750282
город 0,013423 0,026846
италия 2,708050 2,708050
фотографию 0,013423 0,013423
дмитрий 1,643339 19,720074
обращаем 0,013423 0,013423
потеплеет 5,010635 5,010635
отправлено 0,013423 0,013423
написать 0,013423 0,013423
новостеймолния 0,013423 0,013423
украине 1,427116 9,989814
последствия 1,966113 5,898339
научный 2,445686 2,445686
одноклассники 0,013423 0,026846
сначала 0,013423 0,013423
наступил 3,624341 3,624341
сумму 2,525729 2,525729
кадровый 3,401197 3,401197
вред 2,612740 2,612740
васильеваюрист 3,912023 3,912023
лиц 2,302585 4,605170
украины 1,832581 1,832581
показать 0,013423 0,013423
кнопку 0,013423 0,013423
коммуникаций 0,013423 0,013423
австралия 3,624341 3,624341
посевной 5,010635 5,010635
пароль 0,013423 0,080538
выходных 4,317488 4,317488
месяцам 4,317488 4,317488
пароля 0,013423 0,053692
победе 3,624341 3,624341
перейдите 0,013423 0,013423
калорийность 2,120264 2,120264
порядок 2,445686 4,891372
мирный 3,064725 3,064725
вход 0,013423 0,013423
продукты 0,150823 0,150823
банки 3,064725 3,064725
закрыто 0,013423 0,013423
удалено 0,013423 0,013423
сталинградская 3,624341 3,624341
дональд 2,445686 7,337058
сколько 0,006689 0,013378
гаврилова 0,013423 0,013423
материалов 0,013423 0,053692
отправлена 0,013423 0,013423
соинвестор 5,010635 5,010635
чате 0,013423 0,013423
участниках 3,624341 3,624341
кремле 2,371578 2,371578
хамас 4,317488 4,317488
таяни 4,317488 4,317488
расположенному 0,013423 0,026846
чату 0,013423 0,013423
редакцией 0,013423 0,013423
совет 2,525729 2,525729
новому 2,612740 2,612740
совинформбюро 4,317488 4,317488
обычаи 3,912023 3,912023
халдей 4,317488 4,317488
учредитель 0,013423 0,013423
рассмотрены 0,013423 0,013423
трудоустройстве 3,401197 3,401197
открыли 3,401197 3,401197
исмаил 4,317488 4,317488
мое 0,013423 0,026846
япония 3,912023 3,912023
гразионврач 5,010635 5,010635
ссылка 0,013423 0,026846
последние 1,098612 1,098612
хааскеантрополог 5,010635 5,010635
ссылке 0,013423 0,013423
наступает 3,912023 3,912023
технологическому 3,624341 3,624341
перетяните 0,013423 0,013423
ссылки 0,013423 0,013423
помочь 0,013423 0,013423
архив 0,190354 0,190354
военная 2,120264 12,721581
специальная 2,066196 12,397178
дарья 3,912023 3,912023
ошибках 0,013423 0,013423
обязательны 0,013423 0,093961
академии 3,912023 3,912023
сша 1,118815 4,475260
выпуска 0,013423 0,013423
списка 0,013423 0,013423
формой 0,013423 0,053692
освобождение 2,931194 5,862388
роскомнадзор 0,013423 0,013423
компетенции 3,218876 3,218876
безсмертнаядекан 5,010635 5,010635
блокировался 0,013423 0,013423
религиовед 4,317488 4,317488
кайя 3,912023 3,912023
москве 1,118815 1,118815
москва 0,006689 0,020067
луганске 3,401197 3,401197
воспользоваться 0,013423 0,013423
экспортный 3,624341 3,624341
надежда 3,624341 3,624341
задачей 3,401197 3,401197
вечер 3,401197 3,401197
российской 1,678431 3,356862
входа 0,013423 0,013423
наработки 3,401197 3,401197
моё 0,013423 0,013423
важнейшей 3,624341 3,624341
федеральное 0,013423 0,026846
федеральной 0,013423 0,013423
конфликта 2,525729 7,577186
тверь 4,317488 4,317488
павел 2,238047 2,238047
международное 0,013423 0,040269
армии 2,708050 2,708050
будут 0,013423 0,013423
банкротство 3,912023 7,824046
новостей 0,006689 0,006689
лучших 1,832581 1,832581
политикой 0,013423 0,040269
обработки 0,013423 0,026846
даю 0,013423 0,026846
башмет 4,317488 4,317488
зарубин 3,912023 3,912023
обработку 0,013423 0,026846
великого 3,064725 3,064725
обратной 0,013423 0,067115
палестино 3,624341 7,248682
подкасты 0,292136 0,292136
редакции 0,013423 0,026846
обращений 0,013423 0,013423
карьерной 4,317488 4,317488
чайковский 5,010635 5,010635
операция 2,120264 12,721581
обработка 0,013423 0,013423
это 0,013423 0,026846
заявок 3,401197 3,401197
предметы 2,612740 2,612740
ограничить 2,931194 2,931194
вашингтон 2,445686 2,445686
отелейинна 5,010635 5,010635
описанием 0,013423 0,013423
новую 0,013423 0,013423
мтс 4,317488 4,317488
массовых 0,013423 0,013423
пройдена 0,013423 0,013423
михаил 2,612740 2,612740
используется 0,013423 0,013423
транспорта 3,064725 3,064725
зарегистрироваться 0,013423 0,053692
пожаловаться 0,013423 0,013423
противостоянии 3,912023 3,912023
новости 0,006689 0,040134
войти 0,013423 0,053692
электронной 0,013423 0,013423
горнолыжные 5,010635 5,010635
греко 5,010635 5,010635
каждого 2,931194 2,931194
недели 2,708050 2,708050
хания 4,317488 4,317488
берингов 3,624341 3,624341
мире 0,274437 1,921058
эл 0,013423 0,013423
действия 0,013423 0,013423
фотокоров 3,624341 3,624341
радио 0,274437 0,274437
мира 1,791759 3,583519
залужный 3,912023 3,912023
защита 0,013423 0,013423
регистрация 0,013423 0,040269
народной 3,401197 3,401197
почему 0,013423 0,013423
использования 0,013423 0,013423
директор 2,708050 2,708050
восстановление 0,013423 0,040269
росжелдор 3,912023 3,912023
вопросам 0,013423 0,026846
музей 3,401197 3,401197
государственное 0,013423 0,013423
аанрис 5,010635 5,010635
вконтакте 0,013423 0,026846
области 1,919593 3,839186
спецпроекты 0,190354 0,190354
просим 0,013423 0,013423
захарова 2,813411 5,626821
феврале 3,064725 3,064725
навсегда 0,013423 0,013423
нарушение 0,013423 0,040269
заблокирован 0,013423 0,013423
ван 5,010635 5,010635
ошибку 0,013423 0,013423
защиты 0,013423 0,013423
путин 1,514128 1,514128
назад 0,013423 0,067115
обращения 0,013423 0,026846
игры 1,791759 1,791759
спецоперации 2,525729 2,525729
эксперты 2,612740 2,612740
паралимпиаде 3,401197 3,401197
возможные 3,064725 6,129450
февраля 0,616186 4,313303
паралимпийские 3,624341 3,624341
программы 2,525729 2,525729
бизнеса 3,401197 3,401197
рэу 3,912023 3,912023
ошибка 0,013423 0,013423
композитора 3,912023 3,912023
рэц 3,401197 6,802395
дел 2,612740 2,612740
антонио 3,912023 3,912023
вопрос 0,006689 0,006689
святого 3,064725 3,064725
мишустин 3,624341 3,624341
зубовский 0,013423 0,026846
подтверждаете 0,013423 0,013423
юрист 2,371578 2,371578
яр 4,317488 4,317488
заполнить 0,013423 0,026846
зеленоград 4,317488 4,317488
посты 3,218876 3,218876
осуществляется 0,013423 0,013423
ваш 0,013423 0,053692
имя 0,013423 0,067115
другие 0,013423 0,026846
общество 0,265703 1,594219
храмешинбогослов 5,010635 5,010635
надзору 0,013423 0,013423
срок 0,013423 0,026846
издание 0,013423 0,013423
бульвар 0,013423 0,026846
событий 2,177422 2,177422
хотите 0,013423 0,013423
заполните 0,013423 0,067115
технологий 0,013423 0,026846
сетевое 0,013423 0,013423
традиции 1,966113 5,898339
неделю 1,373049 1,373049
вновь 0,013423 0,013423
неделя 3,401197 3,401197
сменить 0,013423 0,013423
материал 0,013423 0,013423
присматривать 3,401197 3,401197
участвовать 0,013423 0,026846
шаховаастролог 4,317488 4,317488
недвижимостьнавигатор 3,064725 3,064725
сообщить 0,013423 0,013423
фронтовых 3,624341 3,624341
социального 3,218876 3,218876
технологическим 3,624341 3,624341
успешно 0,013423 0,013423
скриншот 0,013423 0,040269
федерации 2,177422 2,177422
зеленского 2,177422 2,177422
ключевых 3,064725 3,064725
лента 0,006689 0,013378
пуденкотревел 5,010635 5,010635
зимний 3,218876 3,218876
заблокированы 0,013423 0,013423
спорт 0,190354 0,190354
стиллавин 3,401197 30,610776
суть 2,525729 2,525729
сфере 0,013423 0,013423
кредит 3,064725 3,064725
месяц 1,297063 1,297063
свидетельство 0,013423 0,013423
пролив 3,912023 3,912023
навигации 3,912023 3,912023
правила 0,013423 0,040269
поста 3,218876 3,218876
взаимодействия 0,013423 0,026846
росэксимбанк 4,317488 4,317488
рындинакоммерческий 5,010635 5,010635
сбор 3,064725 3,064725
сохранить 0,013423 0,013423
высказался 2,612740 2,612740
информационное 0,013423 0,040269
министерство 2,238047 2,238047
менеджер 5,010635 5,010635
морковкинэкономист 2,931194 2,931194
комментирования 0,013423 0,026846
фестивале 3,912023 3,912023
юрий 3,912023 3,912023
народам 3,064725 3,064725
даты 2,813411 5,626821
пресс 0,013423 0,026846
россии 0,395515 2,768603
применения 0,013423 0,013423
православные 3,624341 7,248682
судебных 3,064725 3,064725
смысл 3,624341 3,624341
федеральному 0,013423 0,026846
лунный 3,912023 3,912023
персональных 0,013423 0,107384
произошла 0,013423 0,013423
прижился 4,317488 4,317488
песков 2,445686 2,445686
прогноз 3,912023 3,912023
пенсии 3,401197 3,401197
адаптации 3,624341 3,624341
требования 2,525729 5,051457
дата 0,013423 0,013423
ваше 0,013423 0,107384
сайте 0,013423 0,013423
важность 4,317488 4,317488
ваши 0,013423 0,013423
сажать 4,317488 4,317488
фио 0,013423 0,013423
восстановить 0,013423 0,013423
лавров 3,912023 3,912023
пожалуйста 0,013423 0,013423
сво 1,919593 3,839186
российский 2,813411 2,813411
фестиваль 3,218876 3,218876
китайский 2,931194 2,931194
профессор 3,912023 3,912023
ниже 0,013423 0,040269
версия 0,013423 0,013423
вопроса 0,013423 0,013423
россия 0,006689 0,254182
поля 0,013423 0,093961
приобрела 3,624341 3,624341
диетолог 4,317488 4,317488
рудныхгенеральный 5,010635 5,010635
выделить 2,931194 2,931194
господне 3,401197 3,401197
января 1,160488 2,320975
израиль 2,931194 8,793581
государственному 0,013423 0,026846
созданные 3,064725 3,064725
регистрации 0,013423 0,026846
отражение 4,317488 4,317488
консультант 3,624341 3,624341
работе 2,813411 2,813411
казахстан 3,218876 6,437752
латинской 5,010635 5,010635
поле 0,013423 0,013423
сайт 0,013423 0,026846
сложным 3,624341 3,624341
сроки 2,525729 2,525729
сервисы 0,190354 0,190354
курорты 4,317488 4,317488
штат 2,931194 2,931194
зарегистрировано 0,013423 0,013423
другое 0,013423 0,013423
туризм 0,283247 0,283247
сотрудник 2,612740 2,612740
поддерживаетсяполучить 0,013423 0,013423
адрес 0,013423 0,040269
соответствии 0,013423 0,026846
зеленский 2,066196 2,066196
причины 2,525729 5,051457
загрузите 0,013423 0,013423
рфекатерина 4,317488 4,317488
сообщения 0,013423 0,053692
загрузить 0,013423 0,013423
искусств 3,624341 3,624341
направлении 0,013423 0,013423
замеченных 0,013423 0,013423
телефон 0,013423 0,013423
отправки 0,013423 0,013423
отреагировала 3,624341 3,624341
ер 3,401197 3,401197
унитарному 0,013423 0,026846
период 1,160488 1,160488
сети 2,813411 2,813411
психолог 3,624341 3,624341
сообщение 0,013423 0,134230
выберите 0,013423 0,040269
старые 0,013423 0,013423
отреагировали 3,064725 3,064725
палестина 2,931194 8,793581
мария 2,931194 2,931194
сорта 3,401197 3,401197
польза 2,813411 2,813411
попробуйте 0,013423 0,013423
финансового 2,066196 8,264785
федеральная 3,064725 3,064725
локомотивы 3,912023 3,912023
путь 2,612740 2,612740
праву 5,010635 5,010635
эксперт 1,678431 1,678431
защитой 0,013423 0,026846
статьи 0,013423 0,013423
факультета 4,317488 4,317488
подтвердите 0,013423 0,013423
авторизация 0,013423 0,013423
религия 0,283247 0,283247
форма 0,013423 0,013423
логином 0,013423 0,013423
рейтинг 0,006689 0,013378
галочку 0,013423 0,013423
зимнем 3,624341 3,624341
перетащите 0,013423 0,040269
материале 0,013423 0,026846
культура 0,292136 0,292136
лейонис 5,010635 5,010635
материала 0,013423 0,026846
происшествия 0,292136 0,292136
валерий 3,401197 3,401197
вашего 0,013423 0,013423
паролем 0,013423 0,013423
нато 2,612740 2,612740
великобритания 3,401197 3,401197
проливом 3,401197 3,401197
евросоюз 2,931194 2,931194
способы 0,013423 0,026846
зарегистрируйтесь 0,013423 0,013423
обо 0,013423 0,013423
медведев 2,612740 52,254800
железнодорожного 3,912023 3,912023
каллас 2,612740 5,225480
недвижимость 0,292136 0,292136
дискуссии 0,013423 0,026846
советских 3,064725 3,064725
редактор 0,013423 0,013423
унитарное 0,013423 0,013423
вооруженные 2,371578 2,371578
исключительно 2,708050 2,708050
форму 0,013423 0,093961
план 2,371578 2,371578
тема 0,013423 0,040269
отправленного 0,013423 0,013423
государственный 2,931194 2,931194
участников 2,371578 2,371578
связанные 0,013423 0,013423
рекомендательных 0,013423 0,013423
абитуриентариа 2,931194 2,931194
тоннеля 3,401197 3,401197
оксана 3,064725 3,064725
данная 0,013423 0,013423
служба 2,238047 2,238047
управления 2,813411 2,813411
плеханова 3,912023 3,912023
обратная 0,013423 0,026846
огэ 3,912023 3,912023
риа 0,006689 0,013378
организма 3,624341 3,624341
милан 3,912023 3,912023
приставов 3,624341 3,624341
проставляя 0,013423 0,013423
связанных 0,013423 0,013423
опишите 0,013423 0,013423
заполнения 0,013423 0,093961
транспортировки 3,401197 3,401197
россиян 1,919593 1,919593
полезное 0,182322 0,182322
правительстве 2,177422 8,709688
год 0,967584 1,935168
службе 0,013423 0,013423
навигаторриа 2,445686 2,445686
релизов 0,013423 0,013423
будущем 2,931194 2,931194
ваших 0,013423 0,026846
международный 3,064725 3,064725
почты 0,013423 0,013423
перспективы 3,064725 3,064725
токаев 3,401197 6,802395
безопасность 2,813411 8,440232
трамп 1,609438 6,437752
ведущий 2,302585 2,302585
профессиональной 3,401197 3,401197
агентство 0,013423 0,053692
выставку 3,624341 3,624341
правил 0,013423 0,040269
фссп 3,624341 3,624341
авторизоваться 0,013423 0,013423
авторизуйтесь 0,013423 0,013423
валентина 3,624341 3,624341
ценами 4,317488 4,317488
советы 1,752539 1,752539
баллы 2,931194 2,931194
агентства 0,013423 0,013423
сегодня 0,013423 0,080538
расширенный 0,013423 0,013423
совету 3,401197 3,401197
выплаты 3,064725 3,064725
битва 3,624341 3,624341
продукции 3,624341 3,624341
страны 2,014903 2,014903
широчайшие 3,624341 3,624341
лидерством 3,624341 3,624341
новыесначала 0,013423 0,013423
славяно 5,010635 5,010635
обеспечения 2,813411 2,813411
шапка 0,013423 0,013423
праздника 2,371578 2,371578
отправить 0,013423 0,147653
продолжить 0,013423 0,013423
используются 2,612740 2,612740
справки 1,875141 1,875141
решении 0,013423 0,013423
рассказал 1,347074 2,694147
развитию 2,931194 2,931194
александра 2,612740 2,612740
историк 3,912023 3,912023
бахтияроварелигиовед 3,624341 3,624341
россииоксана 5,010635 5,010635
изменится 3,218876 3,218876
воспользуйтесь 0,013423 0,040269
участие 0,006689 0,006689
аккаунт 0,013423 0,053692
экономика 0,292136 0,876409
прошел 3,218876 3,218876
израильского 3,624341 7,248682
церковный 3,218876 3,218876
обсуждение 0,013423 0,013423
чайковского 3,912023 3,912023
анна 2,931194 2,931194
использовать 0,013423 0,013423
опечатка 0,013423 0,013423
сретение 3,401197 3,401197
календарь 2,177422 10,887110
блокировки 0,013423 0,013423
экономики 3,624341 3,624341
онлайн 0,013423 0,013423
масленичная 5,010635 5,010635
контактов 0,013423 0,013423
почта 0,013423 0,080538
уральские 3,401197 3,401197
апреля 0,013423 0,013423
история 1,484275 5,937099
фамилия 0,013423 0,013423
евгений 2,302585 2,302585
университета 2,177422 8,709688
заботу 3,401197 3,401197
нами 0,013423 0,093961
яндекс 0,013423 0,026846
университет 3,218876 3,218876
удалили 0,013423 0,040269
владимир 1,373049 2,746098
значительную 3,401197 3,401197
либо 0,013423 0,013423
вакансии 0,013423 0,013423
формат 2,445686 2,445686
праздники 1,791759 5,375278
аккаунту 0,013423 0,013423
открываемого 0,013423 0,026846
нажимая 0,013423 0,013423
поиск 0,013423 0,013423
ксения 3,401197 3,401197
вами 0,013423 0,013423
недопустимое 0,013423 0,013423
году 1,139434 12,533777
залужного 3,912023 3,912023
господдержку 3,624341 3,624341
согласны 0,013423 0,040269
альперт 4,317488 4,317488
истек 0,013423 0,013423
лариса 4,317488 4,317488
предприятию 0,013423 0,026846
рекламы 0,013423 0,013423
строительства 3,218876 3,218876
внимание 0,013423 0,013423
принимать 0,013423 0,013423
ленинград 3,624341 3,624341
алексей 1,966113 3,932226
соц 2,371578 2,371578
касым 4,317488 4,317488
сможете 0,013423 0,013423
всм 3,624341 3,624341
способствует 3,218876 3,218876
сергий 5,010635 5,010635
года 0,006689 0,006689
расписание 2,612740 2,612740
стоимость 2,612740 5,225480
ознакомлены 0,013423 0,013423
луганск 4,317488 4,317488
оценили 3,064725 3,064725
начинается 3,064725 3,064725
моих 0,013423 0,026846
предприятие 0,013423 0,013423
наука 0,292136 0,292136
обострение 4,317488 8,634976
событием 3,624341 3,624341
доцент 2,813411 2,813411
бпла 3,401197 3,401197
обсуждения 0,013423 0,013423
блокировкой 0,013423 0,040269
