законным 0,013423 0,013423
обязательства 3,401197 3,401197
минимально 3,912023 3,912023
банк 2,813411 5,626821
личный 3,064725 3,064725
рф 1,181994 10,637945
аварийным 4,317488 4,317488
стандартные 3,912023 3,912023
день 1,203973 4,815891
экономия 4,317488 4,317488
экономию 5,010635 5,010635
предоставят 4,317488 4,317488
этому 2,708050 5,416100
основанием 0,013423 0,013423
найти 0,013423 0,026846
газа 3,218876 3,218876
положенного 4,317488 4,317488
коэффициента 3,912023 3,912023
пени 4,317488 34,539905
письмо 0,013423 0,013423
еирц 5,010635 25,053176
спасибо 0,013423 0,013423
ресурсоснабжающих 5,010635 5,010635
помещения 4,317488 4,317488
указан 3,401197 3,401197
вкладку 5,010635 5,010635
департамента 3,624341 3,624341
собственник 4,317488 21,587441
попросить 4,317488 4,317488
воды 2,445686 4,891372
ситуации 2,445686 2,445686
согласие 0,013423 0,026846
некоторых 2,525729 5,051457
центр 0,190354 0,380707
включения 5,010635 5,010635
одну 2,813411 2,813411
ст 2,813411 11,253643
декабря 1,098612 1,098612
производства 3,624341 7,248682
воду 2,302585 13,815511
приглашенный 3,064725 3,064725
заявление 2,445686 14,674116
юридических 3,401197 6,802395
заявлении 3,624341 3,624341
льготная 5,010635 5,010635
людей 2,445686 2,445686
долге 4,317488 17,269952
связаться 0,013423 0,080538
та 4,317488 4,317488
долги 3,624341 50,740773
производство 2,708050 2,708050
тв 4,317488 4,317488
вода 2,525729 2,525729
человек 2,525729 7,577186
управляющую 5,010635 20,042541
увеличенного 4,317488 4,317488
лично 3,401197 10,203592
реклама 0,190354 0,190354
отказала 5,010635 5,010635
госуслугами 5,010635 5,010635
содержание 3,624341 3,624341
фото 0,013423 0,147653
долга 3,624341 50,740773
полгода 3,912023 3,912023
лет 1,514128 3,028255
самим 4,317488 4,317488
визите 5,010635 5,010635
связь 0,006689 0,013378
помещении 5,010635 5,010635
заявлению 5,010635 5,010635
обязательство 4,317488 4,317488
заявления 2,708050 2,708050
готово 0,013423 0,026846
относятся 2,813411 2,813411
суд 2,066196 37,191534
график 4,317488 8,634976
возникновения 3,912023 3,912023
здание 3,624341 3,624341
дольше 3,912023 3,912023
адреса 3,218876 3,218876
информационных 0,013423 0,013423
прибора 5,010635 5,010635
размещения 0,013423 0,013423
платежные 4,317488 4,317488
конфиденциальности 0,013423 0,053692
выгоднее 5,010635 5,010635
арестовывать 5,010635 5,010635
связи 0,013423 0,080538
платежный 5,010635 5,010635
заголовок 0,013423 0,026846
ук 3,912023 66,504391
продолжает 3,218876 6,437752
информационный 3,912023 11,736069
доказательную 5,010635 5,010635
льгота 4,317488 4,317488
процесса 0,013423 0,013423
адресу 0,013423 0,040269
проблему 0,013423 0,013423
необходимые 3,401197 3,401197
поставщику 5,010635 5,010635
слишком 2,708050 2,708050
оплачивать 4,317488 21,587441
проблемы 2,238047 2,238047
начнет 3,401197 3,401197
данных 0,013423 0,134230
жители 2,931194 5,862388
посмотреть 2,177422 4,354844
доходов 5,010635 5,010635
письма 0,013423 0,013423
часов 0,013423 0,026846
должника 5,010635 10,021271
соглашаетесь 0,013423 0,013423
поставщики 4,317488 4,317488
письменную 5,010635 5,010635
приборы 4,317488 4,317488
главный 0,013423 0,013423
проблема 3,218876 3,218876
поставщике 5,010635 5,010635
каждой 3,064725 3,064725
данные 0,013423 0,053692
лицевого 4,317488 30,222417
потребовать 3,401197 10,203592
иной 3,401197 6,802395
имени 2,371578 2,371578
также 1,139434 10,254909
поставщика 4,317488 17,269952
взыскать 5,010635 5,010635
фотографию 0,013423 0,013423
составят 5,010635 5,010635
ресурсоснабжающей 5,010635 5,010635
отправлено 0,013423 0,013423
инспекцию 5,010635 10,021271
перерасчетом 5,010635 5,010635
сначала 0,013423 0,026846
начать 3,218876 3,218876
миллиона 3,624341 10,873023
берется 4,317488 4,317488
градуса 5,010635 5,010635
рисковать 5,010635 5,010635
девахина 5,010635 10,021271
ближайшее 3,218876 3,218876
письменное 5,010635 5,010635
формально 3,624341 3,624341
однако 1,966113 7,864451
перейдите 0,013423 0,013423
отказывает 5,010635 5,010635
цб 2,931194 2,931194
технического 5,010635 5,010635
обязанностей 3,912023 3,912023
вывешивали 5,010635 5,010635
базу 3,624341 3,624341
системе 3,218876 3,218876
система 3,401197 6,802395
закрыто 0,013423 0,013423
сколько 0,006689 0,006689
материалов 0,013423 0,040269
могут 1,643339 16,433395
отправлена 0,013423 0,013423
отказывается 3,912023 3,912023
собрание 5,010635 5,010635
чате 0,013423 0,013423
капитальный 5,010635 15,031906
здоровью 3,912023 3,912023
квартиры 3,218876 48,283137
базе 4,317488 4,317488
сайтах 3,912023 11,736069
чату 0,013423 0,013423
редакцией 0,013423 0,013423
сторону 3,064725 3,064725
снижает 4,317488 4,317488
квартиру 4,317488 21,587441
признания 4,317488 4,317488
судьи 4,317488 4,317488
полностью 2,014903 4,029806
приставы 5,010635 5,010635
выяснения 5,010635 5,010635
стационара 5,010635 5,010635
новому 2,612740 5,225480
добросовестного 5,010635 5,010635
доступны 4,317488 4,317488
расчет 4,317488 8,634976
часть 1,919593 3,839186
рассмотрены 0,013423 0,013423
судебном 5,010635 5,010635
последние 1,098612 3,295837
утвержденных 5,010635 5,010635
часто 2,371578 7,114734
судебное 4,317488 8,634976
подготовьте 3,912023 3,912023
перетяните 0,013423 0,013423
архив 0,190354 0,190354
электричество 5,010635 15,031906
ошибках 0,013423 0,013423
доступна 3,912023 3,912023
собственнику 5,010635 20,042541
своевременно 5,010635 10,021271
медиабанкстатуя 5,010635 5,010635
ресурс 3,401197 3,401197
избежать 2,708050 24,372452
труда 3,064725 3,064725
компенсации 3,624341 3,624341
качества 2,931194 2,931194
выпуска 0,013423 0,013423
списка 0,013423 0,013423
формой 0,013423 0,053692
исключена 5,010635 5,010635
ресурсоснабжающая 5,010635 15,031906
наниматель 5,010635 5,010635
собственника 5,010635 25,053176
выписку 4,317488 4,317488
долгам 5,010635 10,021271
создает 3,912023 3,912023
плательщике 5,010635 5,010635
общедомовые 5,010635 5,010635
межрегионгаз 5,010635 5,010635
меньшим 5,010635 5,010635
чужие 4,317488 4,317488
номер 2,708050 16,248301
членов 2,813411 2,813411
букв 4,317488 4,317488
подряд 3,624341 3,624341
долгах 5,010635 10,021271
сопоставить 5,010635 5,010635
горячую 4,317488 8,634976
такая 2,813411 2,813411
перевода 5,010635 5,010635
субсидия 5,010635 5,010635
требованием 5,010635 5,010635
выписки 5,010635 5,010635
субсидию 4,317488 12,952464
банкротства 4,317488 4,317488
признании 4,317488 4,317488
оформление 3,624341 7,248682
федеральное 0,013423 0,013423
оформлении 3,624341 3,624341
частями 5,010635 5,010635
претензию 5,010635 10,021271
федеральной 0,013423 0,026846
получением 3,912023 3,912023
международное 0,013423 0,040269
будут 0,013423 0,013423
новостей 0,006689 0,006689
субсидии 3,912023 11,736069
сроком 3,624341 3,624341
получать 2,813411 2,813411
нормы 3,218876 3,218876
списки 5,010635 5,010635
понадобятся 3,064725 3,064725
единый 3,624341 10,873023
провела 5,010635 5,010635
тому 3,064725 3,064725
жильцы 5,010635 5,010635
консультации 3,912023 7,824046
жизни 2,120264 2,120264
существуют 3,624341 3,624341
перейти 1,203973 19,263565
портал 3,401197 20,407184
составьте 5,010635 5,010635
нужно 1,455287 17,463447
оформления 2,931194 2,931194
найма 4,317488 12,952464
обратной 0,013423 0,067115
подкасты 0,292136 0,292136
любым 3,912023 3,912023
средств 2,813411 5,626821
банков 3,912023 3,912023
оглавление 1,791759 1,791759
поставщиков 3,624341 14,497364
отметила 4,317488 4,317488
закон 2,813411 5,626821
возможную 5,010635 5,010635
усмотрение 5,010635 5,010635
улейской 5,010635 20,042541
опубликованы 5,010635 5,010635
жильца 5,010635 5,010635
процент 4,317488 4,317488
разочаровывают 5,010635 5,010635
выдан 5,010635 5,010635
газ 2,931194 17,587163
описанием 0,013423 0,026846
семейном 5,010635 5,010635
имеет 2,066196 2,066196
списаны 5,010635 5,010635
официальное 5,010635 5,010635
плательщика 5,010635 10,021271
расходовались 5,010635 5,010635
причин 3,912023 3,912023
юридической 3,401197 3,401197
нарушает 3,624341 7,248682
используется 0,013423 0,013423
группы 2,445686 2,445686
удобной 4,317488 4,317488
менять 4,317488 4,317488
обеспеченных 4,317488 4,317488
арестовано 5,010635 5,010635
расчетно 5,010635 5,010635
отслеживать 4,317488 4,317488
отмены 3,912023 3,912023
каждого 2,931194 2,931194
мире 0,274437 0,274437
случаев 3,218876 3,218876
владельца 3,218876 16,094379
должнику 5,010635 5,010635
эл 0,013423 0,013423
нормативам 5,010635 5,010635
порекомендовала 5,010635 5,010635
отмену 4,317488 4,317488
дзен 0,851752 0,851752
расчетов 3,912023 3,912023
причем 2,708050 2,708050
чаще 2,612740 5,225480
почему 0,013423 0,013423
квитанция 5,010635 5,010635
власти 2,525729 2,525729
мизерной 5,010635 5,010635
квитанцию 5,010635 20,042541
ходатайство 5,010635 5,010635
кодекса 3,912023 11,736069
вопросам 0,013423 0,026846
идут 3,401197 3,401197
квитанции 5,010635 30,063812
отключить 4,317488 8,634976
вконтакте 0,013423 0,026846
погибших 3,912023 3,912023
жилья 3,912023 11,736069
навсегда 0,013423 0,013423
нарушение 0,013423 0,040269
сокращения 4,317488 4,317488
заявлением 3,624341 3,624341
жилье 3,624341 7,248682
посоветовала 5,010635 5,010635
предыдущих 3,912023 3,912023
лисицын 3,218876 6,437752
назад 0,013423 0,080538
наследодателя 5,010635 10,021271
кабинет 3,912023 3,912023
установленного 3,912023 3,912023
ремонт 3,624341 10,873023
норма 4,317488 4,317488
наследство 4,317488 34,539905
единому 4,317488 4,317488
открыть 4,317488 21,587441
зубовский 0,013423 0,026846
юрист 2,371578 4,743156
уточнить 3,624341 7,248682
заполнить 0,013423 0,026846
наследства 5,010635 5,010635
недоступны 5,010635 5,010635
навстречу 5,010635 5,010635
обязанности 5,010635 5,010635
осуществляется 0,013423 0,013423
статуя 5,010635 5,010635
оплачивает 3,912023 3,912023
общество 0,265703 0,265703
другие 0,013423 0,067115
квартплаты 5,010635 5,010635
общем 3,218876 3,218876
надзору 0,013423 0,013423
нового 1,678431 1,678431
возникнуть 4,317488 4,317488
расчетом 5,010635 5,010635
издание 0,013423 0,013423
бульвар 0,013423 0,026846
вводе 5,010635 5,010635
хотите 0,013423 0,013423
заполните 0,013423 0,067115
напрямую 3,218876 3,218876
сетевое 0,013423 0,013423
затраты 3,912023 3,912023
вновь 0,013423 0,013423
сменить 0,013423 0,013423
обязует 5,010635 5,010635
стоит 1,714798 1,714798
жильцов 5,010635 5,010635
участвовать 0,013423 0,026846
товар 4,317488 4,317488
сообщить 0,013423 0,026846
узнайте 3,912023 3,912023
социального 3,218876 9,656627
кредиторами 4,317488 4,317488
скриншот 0,013423 0,040269
районный 3,912023 3,912023
определение 3,624341 3,624341
платежам 5,010635 20,042541
варианты 2,708050 2,708050
холодного 5,010635 5,010635
отделение 3,912023 3,912023
установить 3,218876 3,218876
спорт 0,190354 0,190354
отделении 3,624341 3,624341
приобретение 3,912023 3,912023
линии 3,064725 3,064725
сбоя 4,317488 4,317488
обращались 5,010635 5,010635
образования 3,624341 3,624341
акты 4,317488 4,317488
взаимодействия 0,013423 0,026846
сохраняйте 5,010635 5,010635
листа 4,317488 4,317488
почтовое 5,010635 10,021271
сохранить 0,013423 0,013423
сделали 3,064725 3,064725
информационное 0,013423 0,040269
индивидуальному 5,010635 10,021271
почтовом 3,912023 3,912023
неправильную 5,010635 5,010635
смысла 4,317488 4,317488
ограниченными 4,317488 4,317488
остаются 3,624341 3,624341
основное 2,931194 2,931194
отвечают 3,624341 3,624341
подайте 5,010635 5,010635
федеральному 0,013423 0,026846
елс 5,010635 5,010635
начислений 5,010635 15,031906
нахождения 3,912023 3,912023
важно 2,120264 2,120264
полное 3,401197 10,203592
вводит 5,010635 5,010635
полной 3,624341 3,624341
объеме 4,317488 8,634976
начисления 4,317488 12,952464
полном 3,912023 3,912023
фио 0,013423 0,026846
кирилл 1,919593 7,678371
пожалуйста 0,013423 0,013423
услугам 4,317488 8,634976
необходимо 1,791759 14,334076
переписку 5,010635 5,010635
человека 2,177422 2,177422
указанием 5,010635 5,010635
электроснабжение 5,010635 5,010635
версия 0,013423 0,013423
ниже 0,013423 0,053692
спустя 2,813411 2,813411
интернет 3,624341 10,873023
оказанные 5,010635 5,010635
гис 5,010635 40,085082
поля 0,013423 0,093961
расходов 3,624341 10,873023
приложениях 5,010635 5,010635
равную 5,010635 5,010635
накопился 5,010635 5,010635
государственному 0,013423 0,026846
требований 3,624341 3,624341
платить 4,317488 17,269952
купли 5,010635 5,010635
судебная 5,010635 5,010635
поле 0,013423 0,013423
доля 3,912023 3,912023
дома 2,238047 4,476093
знал 4,317488 4,317488
зарегистрировано 0,013423 0,013423
туризм 0,283247 0,283247
неустойки 5,010635 5,010635
цену 3,912023 3,912023
адрес 0,013423 0,080538
соответствии 0,013423 0,026846
холодную 3,064725 6,129450
ограничения 3,218876 6,437752
работа 2,612740 7,838220
загрузите 0,013423 0,013423
услугах 5,010635 5,010635
долг 3,064725 101,135930
сообщения 0,013423 0,053692
вовремя 5,010635 5,010635
загрузить 0,013423 0,013423
газпром 5,010635 5,010635
услуг 2,813411 28,134107
направлении 0,013423 0,013423
кандидат 3,624341 7,248682
замеченных 0,013423 0,013423
телефон 0,013423 0,013423
материальное 5,010635 5,010635
мосэнергосбыт 5,010635 10,021271
досудебную 5,010635 5,010635
коммунальных 2,813411 19,693875
платежей 4,317488 12,952464
кряжев 3,401197 6,802395
период 1,160488 6,962926
требует 2,813411 2,813411
коммунальным 4,317488 17,269952
двухтарифные 5,010635 5,010635
коммунальные 4,317488 43,174881
офлайн 5,010635 15,031906
сообщение 0,013423 0,134230
принудительного 5,010635 5,010635
требуется 3,218876 6,437752
старые 0,013423 0,013423
взыскивается 5,010635 5,010635
неправильно 5,010635 10,021271
мария 2,931194 5,862388
отопление 5,010635 35,074447
служебных 5,010635 5,010635
платежному 5,010635 5,010635
попробуйте 0,013423 0,013423
ареста 5,010635 5,010635
банкомате 5,010635 5,010635
актуальная 4,317488 4,317488
финансового 2,066196 4,132393
федеральная 3,064725 3,064725
случаях 2,813411 5,626821
клиентом 5,010635 10,021271
материалы 1,643339 1,643339
доходах 5,010635 5,010635
получает 3,912023 3,912023
расчеты 4,317488 4,317488
морального 5,010635 5,010635
эксперт 1,678431 5,035292
положение 3,218876 6,437752
документов 3,624341 7,248682
добросовестных 5,010635 10,021271
статье 3,401197 10,203592
статьи 0,013423 0,013423
мобильного 3,624341 3,624341
епд 5,010635 10,021271
указывать 4,317488 4,317488
подтвердите 0,013423 0,013423
добавила 5,010635 20,042541
сообщила 3,064725 3,064725
перетащите 0,013423 0,040269
процедуру 3,218876 3,218876
материале 0,013423 0,040269
культура 0,292136 0,292136
включая 2,525729 2,525729
расчете 4,317488 4,317488
материала 0,013423 0,026846
происшествия 0,292136 0,292136
банках 4,317488 4,317488
вашего 0,013423 0,026846
паролем 0,013423 0,013423
набор 3,624341 3,624341
процедура 3,624341 3,624341
иные 3,401197 3,401197
повышенной 3,624341 3,624341
зарегистрируйтесь 0,013423 0,013423
обо 0,013423 0,013423
ограничении 5,010635 5,010635
ограничение 3,624341 7,248682
покупки 4,317488 4,317488
бюро 3,624341 7,248682
полную 5,010635 5,010635
позвонить 3,912023 3,912023
мировой 3,912023 3,912023
серьезные 3,912023 3,912023
способом 2,813411 2,813411
редактор 0,013423 0,013423
приложить 4,317488 4,317488
потребитель 4,317488 8,634976
фгуп 0,499776 1,499327
получателю 5,010635 5,010635
объектом 5,010635 5,010635
получателя 4,317488 4,317488
многие 2,525729 2,525729
получить 1,752539 10,515233
направить 2,931194 5,862388
зачастую 3,624341 7,248682
исковое 5,010635 10,021271
необоснованной 5,010635 5,010635
покупка 4,317488 21,587441
отправленного 0,013423 0,013423
погашен 5,010635 5,010635
экономической 3,064725 3,064725
связанные 0,013423 0,013423
приложите 5,010635 5,010635
имущество 3,912023 3,912023
оксана 3,064725 21,453076
сделать 1,752539 3,505078
квартира 5,010635 5,010635
праве 3,912023 3,912023
работает 3,064725 3,064725
обратная 0,013423 0,026846
поэтапно 4,317488 8,634976
риа 0,006689 0,167225
неуплаты 5,010635 20,042541
медиабанкквитанция 5,010635 5,010635
содержит 3,912023 3,912023
проведением 5,010635 5,010635
адвокат 3,401197 3,401197
порядке 2,931194 8,793581
отопления 4,317488 4,317488
право 2,525729 5,051457
связанных 0,013423 0,013423
неуплату 5,010635 5,010635
опишите 0,013423 0,013423
правительства 3,064725 6,129450
имущества 5,010635 25,053176
правительстве 2,177422 4,354844
квартире 3,064725 12,258901
права 2,708050 10,832201
защитить 2,813411 8,440232
санитарные 5,010635 5,010635
имеете 3,912023 3,912023
долгом 4,317488 4,317488
сбер 5,010635 5,010635
почты 0,013423 0,026846
неуплате 4,317488 4,317488
старым 5,010635 5,010635
создан 4,317488 4,317488
неуплата 5,010635 5,010635
вывоз 5,010635 5,010635
вносить 3,624341 3,624341
уведомление 3,218876 3,218876
агентство 0,013423 0,040269
почту 3,912023 7,824046
регионах 2,931194 5,862388
текущие 5,010635 10,021271
самой 3,912023 3,912023
портале 3,401197 10,203592
банковское 5,010635 5,010635
исковой 5,010635 5,010635
советы 1,752539 7,010155
стране 2,813411 2,813411
агентства 0,013423 0,013423
сегодня 0,013423 0,107384
судебного 3,912023 11,736069
быстрее 2,813411 2,813411
сразу 1,832581 1,832581
покупатель 4,317488 4,317488
составлял 3,912023 3,912023
руководитель 2,708050 5,416100
вместе 2,302585 4,605170
долгов 3,912023 19,560115
такое 1,875141 5,625423
таков 5,010635 5,010635
порталы 5,010635 10,021271
текущим 5,010635 5,010635
расходы 3,912023 15,648092
долгами 5,010635 25,053176
отдельно 3,218876 3,218876
порталу 5,010635 5,010635
шапка 0,013423 0,013423
отправить 0,013423 0,147653
продолжить 0,013423 0,013423
произвела 5,010635 5,010635
прежнего 5,010635 10,021271
решении 0,013423 0,013423
одностороннем 4,317488 4,317488
воспользуйтесь 0,013423 0,040269
аккаунт 0,013423 0,053692
стоимости 3,624341 14,497364
экономика 0,292136 0,292136
подала 5,010635 5,010635
фамилии 4,317488 4,317488
образуется 3,624341 3,624341
обсуждение 0,013423 0,013423
васильева 3,912023 27,384161
встают 4,317488 4,317488
организацию 3,218876 9,656627
компенсирует 5,010635 5,010635
мощности 3,401197 3,401197
блокировки 0,013423 0,013423
указать 3,218876 6,437752
организация 3,624341 10,873023
гражданин 3,218876 3,218876
соглашение 3,401197 3,401197
которая 1,643339 3,286679
подали 4,317488 4,317488
рассрочке 5,010635 15,031906
почта 0,013423 0,080538
организации 2,525729 2,525729
паспортом 5,010635 5,010635
организаций 3,064725 3,064725
история 1,484275 1,484275
аккаунта 3,912023 3,912023
уведомления 4,317488 8,634976
холодные 3,912023 7,824046
фамилия 0,013423 0,013423
непосредственно 3,218876 6,437752
начиная 3,624341 3,624341
пенями 5,010635 5,010635
почте 5,010635 10,021271
регионального 3,401197 3,401197
яндекс 0,013423 0,026846
татьяна 3,064725 12,258901
удалили 0,013423 0,040269
фемиды 5,010635 10,021271
либо 0,013423 0,067115
должников 5,010635 20,042541
согласно 2,371578 11,857890
аккаунту 0,013423 0,013423
субъектах 5,010635 5,010635
открываемого 0,013423 0,026846
подъездах 5,010635 5,010635
никакого 3,218876 3,218876
поиск 0,013423 0,013423
предстоящем 5,010635 5,010635
аналогичные 4,317488 4,317488
вырастают 5,010635 5,010635
тсж 5,010635 20,042541
согласны 0,013423 0,040269
злостных 5,010635 5,010635
рекламы 0,013423 0,013423
продажи 3,912023 3,912023
объявление 4,317488 4,317488
удовлетворения 5,010635 5,010635
продаже 4,317488 4,317488
недоплатил 5,010635 5,010635
купили 5,010635 10,021271
условие 2,813411 2,813411
коммунальную 5,010635 10,021271
татьяны 5,010635 20,042541
неполную 5,010635 5,010635
списков 5,010635 15,031906
отобразит 5,010635 5,010635
лицевых 5,010635 5,010635
дошли 4,317488 4,317488
жителей 3,912023 3,912023
следует 2,066196 12,397178
отчества 5,010635 5,010635
бюджете 5,010635 5,010635
стоимость 2,612740 2,612740
показания 3,912023 3,912023
принципе 5,010635 5,010635
обязательств 3,218876 3,218876
унаследовал 5,010635 5,010635
извещение 5,010635 20,042541
договорились 4,317488 4,317488
способ 2,612740 2,612740
доцент 2,813411 5,626821
соцнайм 5,010635 15,031906
обсуждения 0,013423 0,013423
заранее 2,708050 2,708050
пенсионеров 3,912023 3,912023
блокировкой 0,013423 0,040269
семьи 2,445686 2,445686
учитывают 4,317488 4,317488
лицевой 5,010635 40,085082
специальный 2,931194 2,931194
отдельную 4,317488 4,317488
местные 3,624341 3,624341
назначается 4,317488 4,317488
новый 0,013423 0,053692
подачи 3,912023 3,912023
должник 5,010635 10,021271
договору 3,912023 15,648092
перенаправляется 5,010635 5,010635
особого 3,912023 3,912023
актуальную 5,010635 5,010635
подачу 3,218876 12,875503
водоснабжения 5,010635 5,010635
специальные 3,218876 3,218876
ставке 3,912023 3,912023
ставка 3,064725 12,258901
начисляются 4,317488 8,634976
возможностями 4,317488 4,317488
доступ 0,013423 0,040269
должно 2,708050 5,416100
ставки 3,912023 7,824046
помощью 1,919593 1,919593
миа 0,013423 0,067115
задать 0,013423 0,013423
теги 0,190354 0,190354
антенны 5,010635 5,010635
автоматически 2,931194 11,724775
автору 0,013423 0,013423
александр 1,455287 5,821149
заплатил 4,317488 4,317488
должны 0,013423 0,040269
словам 1,752539 3,505078
месяцев 2,708050 10,832201
г 0,013423 0,026846
нюансы 4,317488 4,317488
д 0,013423 0,026846
заплатит 5,010635 5,010635
перепроверить 5,010635 5,010635
дополнительных 3,912023 3,912023
копии 3,912023 3,912023
политика 0,013423 0,026846
важные 3,218876 3,218876
данного 3,912023 3,912023
холоднее 5,010635 5,010635
т 2,525729 2,525729
госуслуги 2,813411 33,760929
течение 0,013423 0,093961
ч 2,612740 2,612740
отключают 5,010635 5,010635
текущая 4,317488 4,317488
штрафы 4,317488 8,634976
начислениях 5,010635 5,010635
перерасчета 5,010635 15,031906
просрочки 5,010635 15,031906
обращаться 2,708050 5,416100
каких 2,525729 2,525729
полного 3,218876 6,437752
идентификатору 5,010635 5,010635
применяется 3,218876 6,437752
начисляют 5,010635 10,021271
означает 3,624341 7,248682
задержки 3,912023 3,912023
практика 4,317488 4,317488
время 0,013423 0,053692
просрочка 5,010635 5,010635
практике 4,317488 4,317488
существовании 5,010635 5,010635
согласованию 5,010635 5,010635
средства 2,445686 2,445686
ранее 0,013423 0,013423
восстановления 0,013423 0,013423
придется 2,813411 2,813411
отсутствовал 4,317488 4,317488
новых 2,931194 2,931194
денежных 5,010635 5,010635
разблокировать 0,013423 0,040269
город 0,013423 0,013423
подать 2,813411 16,880464
появится 3,064725 6,129450
публикация 5,010635 15,031906
реализовать 3,912023 3,912023
платформы 3,912023 3,912023
обращаем 0,013423 0,013423
вправе 3,218876 22,532131
информационная 5,010635 5,010635
восемь 3,401197 3,401197
написать 0,013423 0,013423
новостеймолния 0,013423 0,013423
региональный 3,624341 7,248682
последствия 1,966113 9,830564
незаконно 4,317488 4,317488
начислила 5,010635 5,010635
переплата 5,010635 5,010635
одноклассники 0,013423 0,026846
сумму 2,525729 17,680101
гражданского 4,317488 4,317488
неуплатой 5,010635 5,010635
своего 2,708050 2,708050
требовать 3,624341 3,624341
суммы 3,912023 3,912023
получения 2,445686 9,782744
отсутствия 3,401197 10,203592
показать 0,013423 0,013423
кнопку 0,013423 0,013423
коммуникаций 0,013423 0,013423
ключевой 3,912023 7,824046
банковские 4,317488 12,952464
пароль 0,013423 0,080538
отсутствии 3,624341 14,497364
пароля 0,013423 0,053692
хозяйства 3,401197 3,401197
последствий 2,525729 10,102915
наследственного 5,010635 5,010635
счет 2,445686 26,902545
богини 5,010635 10,021271
коммунальщики 3,912023 3,912023
устанавливать 4,317488 4,317488
госуслуг 3,218876 6,437752
региональные 3,912023 11,736069
вход 0,013423 0,013423
минимальное 3,624341 3,624341
счел 4,317488 4,317488
продукты 0,150823 0,150823
задолженностях 5,010635 5,010635
вносит 5,010635 5,010635
читать 0,851752 0,851752
выселить 3,218876 6,437752
удалено 0,013423 0,013423
гаврилова 0,013423 0,013423
присваивать 5,010635 5,010635
банка 3,064725 9,194175
сумма 3,218876 16,094379
незамедлительно 5,010635 5,010635
несвоевременную 4,317488 8,634976
относится 3,401197 3,401197
переходит 5,010635 10,021271
предъявлении 4,317488 4,317488
соцнайма 5,010635 5,010635
расположенному 0,013423 0,026846
счетов 5,010635 10,021271
счета 3,401197 40,814369
снизить 3,624341 14,497364
всем 1,455287 1,455287
новостройка 5,010635 5,010635
постановлением 3,912023 3,912023
мера 3,401197 3,401197
неисполнение 4,317488 4,317488
меньше 2,708050 2,708050
учредитель 0,013423 0,013423
бывают 3,624341 3,624341
лишь 2,371578 2,371578
календарных 5,010635 5,010635
мое 0,013423 0,026846
гостиницы 4,317488 4,317488
влечет 3,912023 3,912023
ссылка 0,013423 0,040269
погасит 5,010635 5,010635
удерживать 5,010635 5,010635
возобновить 5,010635 5,010635
инструкция 2,238047 2,238047
ссылке 0,013423 0,013423
нужном 5,010635 5,010635
наступает 3,912023 3,912023
говорится 2,371578 2,371578
стартовой 5,010635 5,010635
ссылки 0,013423 0,013423
помочь 0,013423 0,013423
законными 5,010635 5,010635
запросить 3,912023 11,736069
обязательны 0,013423 0,093961
родных 5,010635 5,010635
нарушениях 4,317488 4,317488
делать 2,238047 11,190233
роскомнадзор 0,013423 0,040269
списывается 5,010635 10,021271
прекращают 5,010635 5,010635
оплатил 5,010635 5,010635
неоплаченных 5,010635 5,010635
ежемесячно 4,317488 8,634976
нарушена 5,010635 5,010635
выдачи 4,317488 4,317488
блокировался 0,013423 0,013423
пришли 3,624341 3,624341
финансовое 5,010635 5,010635
офисе 5,010635 5,010635
материальные 5,010635 5,010635
москве 1,118815 2,237630
мораторий 5,010635 5,010635
москва 0,006689 0,020067
воспользоваться 0,013423 0,026846
отдельных 3,912023 3,912023
входа 0,013423 0,013423
неоплаченным 5,010635 5,010635
моё 0,013423 0,013423
предоставлении 3,401197 3,401197
предупреждение 4,317488 4,317488
отдельный 3,912023 3,912023
позже 3,912023 3,912023
неправомерно 5,010635 10,021271
перешедшего 5,010635 5,010635
особенно 2,612740 5,225480
павел 2,238047 4,476093
свыше 3,064725 3,064725
правового 3,624341 10,873023
далее 2,238047 4,476093
должен 2,177422 2,177422
деньги 2,445686 9,782744
плательщиков 5,010635 10,021271
оплатить 3,218876 41,845386
устанавливают 4,317488 4,317488
которое 2,302585 4,605170
документ 3,218876 6,437752
москвы 1,455287 2,910574
политикой 0,013423 0,040269
предоставления 3,912023 3,912023
погашения 4,317488 12,952464
подмосковья 3,218876 3,218876
обработки 0,013423 0,026846
даю 0,013423 0,026846
установлены 3,624341 3,624341
разделе 2,931194 5,862388
обработку 0,013423 0,026846
предыдущего 4,317488 8,634976
редакции 0,013423 0,026846
смерти 2,708050 2,708050
установленный 5,010635 10,021271
обращений 0,013423 0,013423
раньше 3,064725 6,129450
действуют 3,624341 3,624341
результате 2,931194 2,931194
обращение 3,401197 10,203592
угрозу 3,624341 3,624341
неплательщика 5,010635 10,021271
обработка 0,013423 0,013423
это 0,013423 0,214768
моменты 5,010635 5,010635
сирот 5,010635 5,010635
код 3,401197 3,401197
номеру 5,010635 5,010635
установила 5,010635 5,010635
этих 2,302585 2,302585
момента 3,064725 3,064725
две 2,177422 2,177422
медиабанкпочтовое 5,010635 10,021271
ограничить 2,931194 8,793581
определенный 5,010635 5,010635
новую 0,013423 0,013423
оспорить 5,010635 25,053176
массовых 0,013423 0,013423
связаны 3,912023 3,912023
детей 2,302585 2,302585
остальной 4,317488 4,317488
пройдена 0,013423 0,013423
выполнении 3,401197 3,401197
давности 3,912023 7,824046
сделки 3,912023 3,912023
предоставляемые 5,010635 5,010635
батареи 4,317488 4,317488
пристав 5,010635 5,010635
зарегистрироваться 0,013423 0,067115
пожаловаться 0,013423 0,013423
собственности 3,401197 3,401197
вреда 4,317488 4,317488
новости 0,006689 0,173914
войти 0,013423 0,067115
региона 3,401197 3,401197
мособлеирц 5,010635 5,010635
электронной 0,013423 0,013423
недели 2,708050 2,708050
оказывается 3,624341 3,624341
обязанностью 5,010635 5,010635
лишение 4,317488 4,317488
рубли 4,317488 4,317488
действия 0,013423 0,013423
радио 0,274437 0,548874
солидарно 5,010635 5,010635
справочно 5,010635 5,010635
защита 0,013423 0,013423
включить 4,317488 4,317488
регистрация 0,013423 0,040269
минимум 2,612740 2,612740
восстановлении 5,010635 5,010635
использования 0,013423 0,013423
восстановление 0,013423 0,040269
жилищную 5,010635 10,021271
особые 3,218876 9,656627
копией 5,010635 10,021271
перерасчет 4,317488 17,269952
государственное 0,013423 0,013423
заключить 3,912023 3,912023
жилищно 4,317488 21,587441
покажет 5,010635 5,010635
позволит 3,218876 3,218876
взыскивают 5,010635 5,010635
рынке 3,218876 6,437752
учитывать 3,401197 3,401197
спецпроекты 0,190354 0,190354
затем 1,791759 1,791759
просим 0,013423 0,013423
уверен 5,010635 5,010635
загрузится 5,010635 5,010635
востребован 5,010635 5,010635
распространенная 5,010635 5,010635
понадобится 3,218876 6,437752
мфц 3,218876 41,845386
заблокирован 0,013423 0,013423
обращается 3,912023 3,912023
ошибку 0,013423 0,013423
защиты 0,013423 0,013423
реквизитам 5,010635 5,010635
субсидией 5,010635 5,010635
первые 3,401197 3,401197
обращения 0,013423 0,026846
программу 3,218876 3,218876
домах 4,317488 4,317488
занимается 3,912023 3,912023
лист 3,064725 3,064725
проживают 5,010635 5,010635
пеней 5,010635 25,053176
ошибка 0,013423 0,013423
детально 5,010635 5,010635
полугода 3,912023 3,912023
значение 2,302585 2,302585
вопрос 0,006689 0,020067
подтверждаете 0,013423 0,013423
поскольку 2,612740 5,225480
компания 3,218876 32,188758
путем 3,401197 3,401197
компанию 4,317488 12,952464
деятельности 2,931194 2,931194
происходит 2,813411 2,813411
размер 2,813411 11,253643
переход 4,317488 4,317488
чревато 5,010635 5,010635
ваш 0,013423 0,053692
имя 0,013423 0,067115
заплатить 5,010635 5,010635
срок 0,013423 0,107384
отображается 3,912023 3,912023
зайти 5,010635 15,031906
технологий 0,013423 0,026846
пользователь 3,624341 3,624341
многоквартирных 5,010635 10,021271
компании 2,302585 16,118096
жку 5,010635 45,095718
материал 0,013423 0,013423
вступлении 3,912023 15,648092
прокуратуру 4,317488 4,317488
любого 3,064725 6,129450
выезд 3,912023 7,824046
успешно 0,013423 0,013423
взыскивать 5,010635 10,021271
платит 5,010635 10,021271
направляет 5,010635 5,010635
иска 5,010635 5,010635
лента 0,006689 0,013378
жалобу 3,624341 3,624341
возникает 3,624341 18,121705
покупкой 5,010635 5,010635
управляющей 5,010635 30,063812
объяснила 5,010635 10,021271
ао 4,317488 4,317488
свидетельства 3,624341 3,624341
жкх 2,708050 140,818610
заблокированы 0,013423 0,013423
сфере 0,013423 0,013423
проверка 4,317488 21,587441
приказа 5,010635 10,021271
странице 4,317488 4,317488
свидетельство 0,013423 0,013423
проверки 3,064725 6,129450
приложение 3,218876 12,875503
правила 0,013423 0,026846
приложении 3,624341 3,624341
погасить 4,317488 25,904929
медиабанкфедеральная 5,010635 5,010635
постановлении 5,010635 5,010635
учета 3,401197 3,401197
правило 3,064725 3,064725
общедомовому 5,010635 5,010635
комментирования 0,013423 0,026846
жилищного 5,010635 10,021271
поступили 4,317488 4,317488
сайты 3,912023 11,736069
приложения 3,624341 10,873023
даты 2,813411 2,813411
применение 3,401197 3,401197
дать 2,066196 2,066196
пресс 0,013423 0,026846
иск 3,064725 9,194175
россии 0,395515 0,791030
применения 0,013423 0,013423
судебных 3,064725 15,323626
обогрев 5,010635 5,010635
государственная 3,624341 3,624341
персональных 0,013423 0,120807
произошла 0,013423 0,013423
обязан 3,624341 7,248682
судебным 3,912023 3,912023
рублей 2,525729 15,154372
иному 5,010635 5,010635
сайта 3,912023 3,912023
дата 0,013423 0,013423
ваше 0,013423 0,107384
постановление 3,624341 3,624341
спорах 5,010635 5,010635
сайте 0,013423 0,080538
ваши 0,013423 0,026846
восстановить 0,013423 0,013423
электроэнергии 3,912023 23,472138
действует 4,317488 4,317488
нужды 3,912023 3,912023
показывает 3,912023 3,912023
отключения 3,912023 3,912023
собственников 5,010635 15,031906
каллиников 3,401197 13,604790
просто 1,714798 1,714798
конце 2,238047 2,238047
селиверстова 3,218876 12,875503
гк 4,317488 4,317488
предусматривает 4,317488 4,317488
вопроса 0,013423 0,013423
которую 2,931194 5,862388
узнать 2,302585 41,446532
россия 0,006689 0,066890
пункту 5,010635 5,010635
личное 5,010635 10,021271
государства 2,931194 2,931194
судебный 4,317488 8,634976
принудительно 5,010635 5,010635
личном 2,931194 2,931194
электроэнергию 4,317488 4,317488
коммунального 5,010635 10,021271
закону 3,912023 7,824046
рассказала 2,445686 2,445686
заканчивая 5,010635 5,010635
персональные 3,401197 3,401197
отключение 5,010635 40,085082
сайтом 3,912023 3,912023
регистрации 0,013423 0,040269
напор 5,010635 5,010635
рабочих 3,624341 7,248682
срока 3,218876 9,656627
управляющая 5,010635 50,106353
сайт 0,013423 0,026846
оплате 5,010635 50,106353
начисленных 5,010635 5,010635
жалобой 4,317488 4,317488
др 4,317488 8,634976
сервисы 0,190354 0,190354
услуги 3,624341 57,989455
раскаленные 5,010635 5,010635
другое 0,013423 0,013423
трех 2,177422 4,354844
квитанциях 5,010635 5,010635
поддерживаетсяполучить 0,013423 0,013423
услугу 3,912023 7,824046
причины 2,525729 7,577186
намерении 4,317488 4,317488
начислен 5,010635 5,010635
оплату 3,912023 23,472138
двух 2,014903 2,014903
начисленный 5,010635 5,010635
поводу 3,401197 3,401197
регулирования 3,401197 3,401197
оплаты 4,317488 21,587441
платежи 4,317488 17,269952
числа 3,401197 3,401197
отправки 0,013423 0,013423
какую 3,401197 3,401197
платежа 5,010635 5,010635
необходимости 2,612740 2,612740
числе 2,525729 2,525729
унитарному 0,013423 0,026846
цифр 4,317488 4,317488
которому 2,931194 2,931194
грамотности 3,912023 3,912023
капремонт 5,010635 20,042541
сбербанк 4,317488 4,317488
выберите 0,013423 0,040269
кондратюк 3,912023 7,824046
взысканию 5,010635 5,010635
взыскания 5,010635 10,021271
оплачивал 4,317488 4,317488
жк 5,010635 15,031906
гасятся 5,010635 5,010635
накопившиеся 5,010635 5,010635
паспорта 3,401197 6,802395
приемлемый 5,010635 5,010635
документа 3,218876 3,218876
счетчику 5,010635 5,010635
градусов 2,931194 5,862388
горячей 2,708050 2,708050
договор 3,624341 3,624341
наук 2,931194 5,862388
защитой 0,013423 0,026846
потребуется 2,813411 2,813411
жителям 4,317488 4,317488
ходе 2,708050 2,708050
сумм 5,010635 5,010635
авторизация 0,013423 0,013423
счетчики 5,010635 10,021271
религия 0,283247 0,283247
форма 0,013423 0,013423
логином 0,013423 0,013423
документу 5,010635 5,010635
рейтинг 0,006689 0,006689
галочку 0,013423 0,013423
показателю 4,317488 4,317488
егрн 4,317488 4,317488
дом 2,302585 4,605170
составляет 2,445686 7,337058
подробнее 3,064725 3,064725
документы 3,064725 12,258901
реализации 3,064725 3,064725
взыскание 4,317488 8,634976
тысяч 2,238047 4,476093
цифровому 5,010635 5,010635
признано 4,317488 4,317488
способы 0,013423 0,053692
любом 3,064725 3,064725
недвижимость 0,292136 0,292136
клика 5,010635 5,010635
полученного 5,010635 5,010635
ериц 5,010635 20,042541
дискуссии 0,013423 0,026846
мусора 4,317488 4,317488
улейская 5,010635 20,042541
компанией 4,317488 8,634976
домом 5,010635 5,010635
позволяет 2,445686 2,445686
направил 4,317488 4,317488
службы 2,066196 2,066196
унитарное 0,013423 0,013423
периоды 4,317488 4,317488
предлагаемый 5,010635 5,010635
дней 1,832581 14,660652
форму 0,013423 0,093961
тема 0,013423 0,040269
границу 4,317488 4,317488
сервис 3,624341 7,248682
домов 4,317488 4,317488
рекомендательных 0,013423 0,013423
исключением 3,401197 6,802395
госуслугах 3,912023 7,824046
данная 0,013423 0,013423
взысканием 5,010635 10,021271
служба 2,238047 4,476093
приказ 3,912023 3,912023
погашает 5,010635 5,010635
квартирой 5,010635 10,021271
точным 5,010635 5,010635
приставов 3,624341 21,746046
проставляя 0,013423 0,013423
актуальные 5,010635 5,010635
медиабанксчета 5,010635 5,010635
заполнения 0,013423 0,093961
недвижимости 3,912023 11,736069
службу 3,401197 3,401197
эксплуатацию 5,010635 5,010635
полезное 0,182322 0,182322
подтверждающие 3,401197 3,401197
службе 0,013423 0,013423
медиабанк 1,321756 10,574047
сдана 5,010635 5,010635
ресурсов 3,624341 10,873023
релизов 0,013423 0,013423
обратиться 2,612740 28,740140
ограничивает 5,010635 5,010635
медиабанкработа 3,401197 3,401197
ваших 0,013423 0,026846
максимум 2,931194 2,931194
ключевая 3,912023 3,912023
добровольно 4,317488 4,317488
обязана 5,010635 5,010635
управление 3,912023 3,912023
исполнительный 4,317488 4,317488
который 1,160488 4,641951
граждан 2,931194 2,931194
наталья 2,708050 10,832201
например 1,714798 29,151573
правил 0,013423 0,053692
уведомить 5,010635 5,010635
фссп 3,624341 10,873023
месяца 2,708050 8,124151
оператору 5,010635 5,010635
авторизуйтесь 0,013423 0,013423
составит 3,218876 3,218876
авторизоваться 0,013423 0,026846
телефону 3,912023 3,912023
исполнительного 5,010635 20,042541
крайний 5,010635 5,010635
жильем 4,317488 4,317488
выбрать 2,612740 7,838220
издержек 4,317488 4,317488
затруднительна 5,010635 5,010635
отсканировав 5,010635 5,010635
медиабанксправочно 5,010635 5,010635
теплее 5,010635 5,010635
копилась 5,010635 5,010635
телефона 3,064725 3,064725
случае 1,714798 8,573992
расширенный 0,013423 0,013423
случай 4,317488 4,317488
наименование 3,912023 7,824046
случаи 3,624341 10,873023
новыесначала 0,013423 0,013423
среднему 5,010635 5,010635
взносам 5,010635 5,010635
банкротом 5,010635 10,021271
примерно 2,177422 2,177422
свет 3,064725 9,194175
государство 3,064725 3,064725
справки 1,875141 1,875141
задолженность 4,317488 120,889667
месту 3,624341 3,624341
справку 4,317488 12,952464
участие 0,006689 0,006689
архивное 1,373049 13,730491
счетчиков 5,010635 5,010635
ненадлежащего 5,010635 5,010635
опечатка 0,013423 0,013423
наследник 5,010635 20,042541
использовать 0,013423 0,026846
каждый 2,120264 2,120264
нужную 5,010635 10,021271
расти 5,010635 5,010635
получится 2,813411 2,813411
онлайн 0,013423 0,120807
общедомовой 5,010635 5,010635
контактов 0,013423 0,013423
управляющие 5,010635 5,010635
сервисом 4,317488 4,317488
раздел 3,401197 10,203592
поставщик 5,010635 15,031906
апреля 0,013423 0,013423
уведомят 5,010635 5,010635
университета 2,177422 4,354844
способами 3,624341 3,624341
номерам 5,010635 5,010635
нами 0,013423 0,093961
нем 2,612740 2,612740
потребляемых 5,010635 5,010635
вакансии 0,013423 0,013423
превышает 3,912023 7,824046
задолженности 4,317488 112,254691
нажимая 0,013423 0,013423
единственное 5,010635 5,010635
выселение 5,010635 15,031906
вами 0,013423 0,013423
недопустимое 0,013423 0,013423
году 1,139434 1,139434
категории 2,708050 2,708050
начислять 5,010635 5,010635
суды 5,010635 5,010635
истек 0,013423 0,013423
признает 3,912023 3,912023
понимать 3,401197 3,401197
внес 4,317488 4,317488
остается 2,931194 2,931194
предприятию 0,013423 0,026846
внимание 0,013423 0,013423
принимать 0,013423 0,013423
наследники 5,010635 5,010635
рассматривалось 5,010635 5,010635
пределах 3,218876 6,437752
сможете 0,013423 0,013423
суде 3,218876 3,218876
повторное 3,912023 3,912023
года 0,006689 0,053512
информации 2,612740 2,612740
наследника 5,010635 5,010635
информация 2,612740 5,225480
ознакомлены 0,013423 0,013423
информацию 2,708050 16,248301
особой 3,912023 3,912023
региональную 5,010635 5,010635
ввести 3,624341 10,873023
необходимой 4,317488 4,317488
втб 3,912023 3,912023
моих 0,013423 0,026846
очень 1,678431 1,678431
юриста 3,624341 14,497364
предприятие 0,013423 0,013423
наука 0,292136 0,292136
продавца 4,317488 8,634976
наличие 3,912023 23,472138
наличии 3,218876 6,437752
проверить 2,708050 27,080502
внимания 3,218876 3,218876
