законным 0,013423 0,013423
рф 1,181994 8,273957
голосования 5,010635 5,010635
новый 0,013423 0,013423
день 1,203973 1,203973
единая 2,813411 19,693875
найти 0,013423 0,013423
основанием 0,013423 0,013423
академия 3,218876 3,218876
письмо 0,013423 0,013423
цифровую 5,010635 5,010635
спасибо 0,013423 0,013423
совещание 5,010635 5,010635
заявил 1,427116 4,281349
согласие 0,013423 0,026846
центр 0,190354 0,190354
выборах 4,317488 4,317488
политики 3,401197 6,802395
доступ 0,013423 0,026846
миа 0,013423 0,026846
задать 0,013423 0,013423
теги 0,190354 0,380707
автору 0,013423 0,013423
наблюдательный 4,317488 4,317488
связаться 0,013423 0,080538
должны 0,013423 0,013423
г 0,013423 0,026846
д 0,013423 0,026846
реклама 0,190354 0,190354
фото 0,013423 0,013423
десятилетие 5,010635 5,010635
силы 2,014903 2,014903
политика 0,013423 0,295306
связь 0,006689 0,013378
двусторонние 3,624341 3,624341
готово 0,013423 0,026846
течение 0,013423 0,013423
информационных 0,013423 0,013423
размещения 0,013423 0,013423
конфиденциальности 0,013423 0,053692
связи 0,013423 0,080538
заголовок 0,013423 0,026846
аси 3,912023 15,648092
процесса 0,013423 0,013423
адресу 0,013423 0,026846
екатеринбург 3,401197 13,604790
проблему 0,013423 0,013423
время 0,013423 0,026846
данных 0,013423 0,107384
национальной 2,931194 2,931194
письма 0,013423 0,013423
часов 0,013423 0,026846
соглашаетесь 0,013423 0,013423
обсудят 4,317488 4,317488
ранее 0,013423 0,013423
восстановления 0,013423 0,013423
главный 0,013423 0,013423
данные 0,013423 0,013423
противодействию 4,317488 4,317488
сергей 1,609438 1,609438
разблокировать 0,013423 0,040269
украина 1,875141 5,625423
город 0,013423 0,053692
фотографию 0,013423 0,013423
дмитрий 1,643339 16,433395
обращаем 0,013423 0,013423
мединский 2,612740 7,838220
отправлено 0,013423 0,013423
написать 0,013423 0,013423
новостеймолния 0,013423 0,013423
украине 1,427116 5,708465
одноклассники 0,013423 0,026846
сначала 0,013423 0,013423
украины 1,832581 1,832581
показать 0,013423 0,013423
кнопку 0,013423 0,013423
памфилова 5,010635 10,021271
коммуникаций 0,013423 0,013423
пароль 0,013423 0,080538
пароля 0,013423 0,053692
ближайшее 3,218876 3,218876
перейдите 0,013423 0,013423
мирный 3,064725 3,064725
вход 0,013423 0,013423
доводить 5,010635 5,010635
путину 3,218876 3,218876
готовы 2,813411 2,813411
июня 2,066196 2,066196
продукты 0,150823 0,150823
закрыто 0,013423 0,013423
удалено 0,013423 0,013423
сколько 0,006689 0,006689
гаврилова 0,013423 0,013423
материалов 0,013423 0,053692
победы 2,931194 2,931194
отправлена 0,013423 0,013423
офицеры 5,010635 5,010635
чате 0,013423 0,013423
платформу 5,010635 5,010635
расположенному 0,013423 0,026846
чату 0,013423 0,013423
редакцией 0,013423 0,013423
уиткофф 3,401197 3,401197
совет 2,525729 10,102915
денис 3,624341 3,624341
учредитель 0,013423 0,013423
путина 2,612740 2,612740
рассмотрены 0,013423 0,013423
мое 0,013423 0,026846
ссылка 0,013423 0,026846
последние 1,098612 1,098612
судебной 5,010635 5,010635
ссылке 0,013423 0,013423
технологическому 3,624341 3,624341
перетяните 0,013423 0,013423
ссылки 0,013423 0,013423
помочь 0,013423 0,013423
архив 0,190354 0,190354
государственную 4,317488 17,269952
ошибках 0,013423 0,013423
обязательны 0,013423 0,093961
сша 1,118815 2,237630
выпуска 0,013423 0,013423
списка 0,013423 0,013423
формой 0,013423 0,053692
роскомнадзор 0,013423 0,013423
гендиректора 5,010635 5,010635
блокировался 0,013423 0,013423
москве 1,118815 1,118815
москва 0,006689 0,033445
воспользоваться 0,013423 0,013423
иностранцев 5,010635 5,010635
входа 0,013423 0,013423
чупшева 5,010635 5,010635
моё 0,013423 0,013423
москву 2,612740 2,612740
федеральное 0,013423 0,013423
ормузский 4,317488 4,317488
федеральной 0,013423 0,013423
алиханов 4,317488 4,317488
международное 0,013423 0,040269
будут 0,013423 0,013423
новостей 0,006689 0,006689
вакантным 5,010635 5,010635
ноября 1,714798 1,714798
чупшеву 5,010635 5,010635
документ 3,218876 3,218876
политикой 0,013423 0,040269
единый 3,624341 3,624341
утвердил 3,912023 3,912023
отметил 2,931194 2,931194
обработки 0,013423 0,026846
даю 0,013423 0,026846
кушнер 3,401197 3,401197
угроза 3,624341 3,624341
обработку 0,013423 0,026846
обратной 0,013423 0,067115
подкасты 0,292136 0,292136
редакции 0,013423 0,026846
обращений 0,013423 0,013423
вчера 1,576648 3,153296
доложил 3,064725 3,064725
обработка 0,013423 0,013423
это 0,013423 0,013423
закрытия 3,624341 3,624341
мантуров 3,624341 3,624341
описанием 0,013423 0,013423
новую 0,013423 0,013423
массовых 0,013423 0,013423
пройдена 0,013423 0,013423
михаил 2,612740 2,612740
используется 0,013423 0,013423
зарегистрироваться 0,013423 0,053692
пожаловаться 0,013423 0,013423
сентября 1,514128 1,514128
комиссии 3,624341 3,624341
новости 0,006689 0,040134
войти 0,013423 0,053692
электронной 0,013423 0,013423
екатеринбурге 3,624341 3,624341
идеологический 5,010635 5,010635
мире 0,274437 0,823311
эл 0,013423 0,013423
действия 0,013423 0,013423
радио 0,274437 0,274437
защита 0,013423 0,013423
вмешательству 4,317488 4,317488
регистрация 0,013423 0,040269
народной 3,401197 3,401197
почему 0,013423 0,026846
использования 0,013423 0,013423
власти 2,525729 2,525729
восстановление 0,013423 0,040269
вопросам 0,013423 0,026846
государственное 0,013423 0,013423
вконтакте 0,013423 0,026846
спецпроекты 0,190354 0,190354
просим 0,013423 0,013423
навсегда 0,013423 0,013423
нарушение 0,013423 0,040269
заблокирован 0,013423 0,013423
ошибку 0,013423 0,013423
защиты 0,013423 0,013423
путин 1,514128 21,197788
назад 0,013423 0,067115
обращения 0,013423 0,026846
пост 3,064725 3,064725
выборов 4,317488 4,317488
программы 2,525729 2,525729
ошибка 0,013423 0,013423
судьями 5,010635 5,010635
значение 2,302585 2,302585
вопрос 0,006689 0,006689
мишустин 3,624341 7,248682
якушев 5,010635 5,010635
зубовский 0,013423 0,026846
подтверждаете 0,013423 0,013423
заполнить 0,013423 0,026846
цик 4,317488 17,269952
осуществляется 0,013423 0,013423
ваш 0,013423 0,053692
имя 0,013423 0,067115
другие 0,013423 0,026846
общество 0,265703 0,265703
бюллетеней 5,010635 5,010635
надзору 0,013423 0,013423
срок 0,013423 0,026846
издание 0,013423 0,013423
бульвар 0,013423 0,026846
хотите 0,013423 0,013423
заполните 0,013423 0,067115
технологий 0,013423 0,026846
сетевое 0,013423 0,013423
неделю 1,373049 1,373049
вновь 0,013423 0,013423
сменить 0,013423 0,013423
материал 0,013423 0,013423
участвовать 0,013423 0,026846
сообщить 0,013423 0,013423
успешно 0,013423 0,013423
скриншот 0,013423 0,040269
федерации 2,177422 6,532266
переназначением 5,010635 5,010635
лента 0,006689 0,013378
заблокированы 0,013423 0,013423
спорт 0,190354 0,190354
стиллавин 3,401197 3,401197
сфере 0,013423 0,013423
переговорах 2,177422 2,177422
месяц 1,297063 1,297063
свидетельство 0,013423 0,013423
пролив 3,912023 3,912023
иностранному 3,912023 3,912023
правила 0,013423 0,026846
африка 3,624341 3,624341
взаимодействия 0,013423 0,026846
приехал 4,317488 8,634976
сбор 3,064725 3,064725
сохранить 0,013423 0,013423
информационное 0,013423 0,040269
комментирования 0,013423 0,026846
важности 4,317488 4,317488
бумажных 5,010635 5,010635
стартовал 3,912023 3,912023
пресс 0,013423 0,026846
россии 0,395515 1,977574
применения 0,013423 0,013423
федеральному 0,013423 0,026846
инициатив 3,912023 7,824046
персональных 0,013423 0,107384
произошла 0,013423 0,013423
челябинск 4,317488 4,317488
песков 2,445686 12,228430
важно 2,120264 4,240527
дата 0,013423 0,013423
ваше 0,013423 0,107384
сайте 0,013423 0,013423
ваши 0,013423 0,013423
стратегических 3,624341 7,248682
фио 0,013423 0,013423
восстановить 0,013423 0,013423
пожалуйста 0,013423 0,013423
сво 1,919593 1,919593
ниже 0,013423 0,040269
версия 0,013423 0,013423
вопроса 0,013423 0,013423
россия 0,006689 0,227426
поля 0,013423 0,093961
рассказали 2,066196 2,066196
считает 2,813411 2,813411
недвижимостьриа 3,401197 3,401197
государственному 0,013423 0,026846
регистрации 0,013423 0,026846
игорь 2,708050 5,416100
поле 0,013423 0,013423
сайт 0,013423 0,026846
сервисы 0,190354 0,190354
зарегистрировано 0,013423 0,013423
другое 0,013423 0,013423
туризм 0,283247 0,283247
поддерживаетсяполучить 0,013423 0,013423
адрес 0,013423 0,040269
отношения 2,525729 2,525729
соответствии 0,013423 0,026846
краснова 3,218876 3,218876
загрузите 0,013423 0,013423
представит 4,317488 4,317488
сообщения 0,013423 0,053692
загрузить 0,013423 0,013423
направлении 0,013423 0,013423
замеченных 0,013423 0,013423
телефон 0,013423 0,013423
отправки 0,013423 0,013423
итоги 3,912023 3,912023
ер 3,401197 6,802395
унитарному 0,013423 0,026846
период 1,160488 1,160488
сообщение 0,013423 0,134230
сбербанк 4,317488 4,317488
мадагаскара 3,401197 3,401197
борисов 5,010635 5,010635
выберите 0,013423 0,040269
старые 0,013423 0,013423
попробуйте 0,013423 0,013423
ирана 3,401197 3,401197
вошла 3,912023 3,912023
объяснил 3,064725 3,064725
баринов 5,010635 5,010635
наук 2,931194 2,931194
защитой 0,013423 0,026846
статьи 0,013423 0,013423
ходе 2,708050 2,708050
подтвердите 0,013423 0,013423
авторизация 0,013423 0,013423
религия 0,283247 0,283247
форма 0,013423 0,013423
логином 0,013423 0,013423
рейтинг 0,006689 0,006689
галочку 0,013423 0,013423
перетащите 0,013423 0,040269
материале 0,013423 0,026846
культура 0,292136 0,292136
материала 0,013423 0,026846
реализации 3,064725 3,064725
происшествия 0,292136 0,292136
вашего 0,013423 0,013423
вернулась 4,317488 4,317488
паролем 0,013423 0,013423
дня 1,678431 1,678431
способы 0,013423 0,026846
зарегистрируйтесь 0,013423 0,013423
обо 0,013423 0,013423
медведев 2,612740 26,127400
недвижимость 0,292136 0,292136
дискуссии 0,013423 0,026846
редактор 0,013423 0,013423
унитарное 0,013423 0,013423
многие 2,525729 2,525729
вооруженные 2,371578 2,371578
форму 0,013423 0,093961
план 2,371578 2,371578
тема 0,013423 0,040269
отправленного 0,013423 0,013423
предложений 4,317488 4,317488
матвиенко 5,010635 10,021271
президентских 5,010635 5,010635
рекомендательных 0,013423 0,013423
связанные 0,013423 0,026846
должностям 5,010635 5,010635
стив 3,401197 3,401197
данная 0,013423 0,013423
обратная 0,013423 0,026846
риа 0,006689 0,006689
проставляя 0,013423 0,013423
связанных 0,013423 0,013423
опишите 0,013423 0,013423
переговоры 2,177422 2,177422
заполнения 0,013423 0,093961
голикова 5,010635 5,010635
мадагаскар 2,931194 2,931194
полезное 0,182322 0,182322
год 0,967584 0,967584
службе 0,013423 0,013423
навигаторриа 2,445686 2,445686
релизов 0,013423 0,013423
ваших 0,013423 0,026846
почты 0,013423 0,013423
повестку 5,010635 5,010635
делегация 5,010635 5,010635
идею 4,317488 4,317488
антон 3,624341 3,624341
агентство 0,013423 0,067115
правил 0,013423 0,040269
джаред 3,624341 3,624341
авторизоваться 0,013423 0,013423
авторизуйтесь 0,013423 0,013423
валентина 3,624341 3,624341
поздравил 2,708050 2,708050
агентства 0,013423 0,013423
элла 5,010635 10,021271
сегодня 0,013423 0,080538
президент 2,238047 2,238047
расширенный 0,013423 0,013423
страны 2,014903 2,014903
новыесначала 0,013423 0,013423
шапка 0,013423 0,013423
отправить 0,013423 0,147653
продолжить 0,013423 0,013423
справки 1,875141 1,875141
судей 4,317488 4,317488
решении 0,013423 0,013423
развитию 2,931194 2,931194
снг 4,317488 12,952464
воспользуйтесь 0,013423 0,040269
начала 2,445686 2,445686
участие 0,006689 0,006689
аккаунт 0,013423 0,053692
экономика 0,292136 0,584273
состав 2,525729 2,525729
обсуждение 0,013423 0,013423
единой 3,401197 3,401197
использовать 0,013423 0,013423
опечатка 0,013423 0,013423
блокировки 0,013423 0,013423
госдума 3,064725 9,194175
онлайн 0,013423 0,013423
контактов 0,013423 0,013423
почта 0,013423 0,080538
отказываться 5,010635 5,010635
апреля 0,013423 0,013423
фамилия 0,013423 0,013423
думу 5,010635 20,042541
нами 0,013423 0,093961
яндекс 0,013423 0,026846
светлана 2,813411 2,813411
татьяна 3,064725 3,064725
российская 2,708050 2,708050
удалили 0,013423 0,040269
владимир 1,373049 16,476590
либо 0,013423 0,013423
переговоров 2,302585 2,302585
вакансии 0,013423 0,013423
аккаунту 0,013423 0,013423
открываемого 0,013423 0,026846
нажимая 0,013423 0,013423
поиск 0,013423 0,013423
вами 0,013423 0,013423
недопустимое 0,013423 0,013423
году 1,139434 1,139434
руководить 5,010635 5,010635
форум 5,010635 5,010635
добьется 5,010635 5,010635
согласны 0,013423 0,040269
истек 0,013423 0,013423
муниципалитетами 5,010635 5,010635
предприятию 0,013423 0,026846
рекламы 0,013423 0,013423
женеве 2,371578 2,371578
внимание 0,013423 0,013423
принимать 0,013423 0,013423
соц 2,371578 2,371578
женева 3,218876 9,656627
сможете 0,013423 0,013423
способствует 3,218876 3,218876
года 0,006689 0,006689
ознакомлены 0,013423 0,013423
моих 0,013423 0,026846
предприятие 0,013423 0,013423
наука 0,292136 0,292136
выборы 3,624341 21,746046
обсуждения 0,013423 0,013423
запустил 5,010635 5,010635
источник 2,445686 2,445686
блокировкой 0,013423 0,040269
