предупредили 3,218876 3,218876
законным 0,013423 0,013423
рф 1,181994 5,909969
воронежская 4,317488 8,634976
новый 0,013423 0,389268
гидрометцентр 5,010635 10,021271
найти 0,013423 0,013423
основанием 0,013423 0,013423
письмо 0,013423 0,013423
спасибо 0,013423 0,013423
чехловаклинический 5,010635 5,010635
ск 2,931194 8,793581
согласие 0,013423 0,026846
центр 0,190354 0,190354
доступ 0,013423 0,026846
декабря 1,098612 21,972246
открытые 3,912023 3,912023
миа 0,013423 0,026846
задать 0,013423 0,013423
теги 0,190354 0,380707
автору 0,013423 0,013423
связаться 0,013423 0,080538
человек 2,525729 2,525729
тв 4,317488 4,317488
должны 0,013423 0,013423
г 0,013423 0,026846
д 0,013423 0,026846
реклама 0,190354 0,190354
фото 0,013423 0,026846
аномально 3,912023 3,912023
сладкие 3,218876 3,218876
политика 0,013423 0,026846
связь 0,006689 0,013378
марина 3,912023 3,912023
м 2,302585 2,302585
стихийных 2,931194 2,931194
готово 0,013423 0,026846
течение 0,013423 0,013423
оказался 5,010635 5,010635
китай 2,177422 6,532266
область 1,714798 8,573992
авто 2,238047 4,476093
китайского 2,813411 2,813411
адреса 3,218876 3,218876
информационных 0,013423 0,013423
размещения 0,013423 0,013423
кухонных 5,010635 5,010635
делам 3,064725 3,064725
конфиденциальности 0,013423 0,053692
связи 0,013423 0,080538
заголовок 0,013423 0,026846
столкнулись 3,624341 7,248682
дело 1,919593 5,758779
процесса 0,013423 0,013423
адресу 0,013423 0,026846
проблему 0,013423 0,013423
курицей 3,218876 3,218876
рецепты 1,139434 4,557737
классический 2,014903 2,014903
время 0,013423 0,026846
данных 0,013423 0,107384
посмотреть 2,177422 6,532266
письма 0,013423 0,013423
часов 0,013423 0,026846
красноярский 4,317488 4,317488
соглашаетесь 0,013423 0,013423
пробовать 3,912023 3,912023
республика 2,612740 13,063700
ранее 0,013423 0,013423
восстановления 0,013423 0,013423
главный 0,013423 0,013423
мистика 2,813411 2,813411
данные 0,013423 0,013423
морозах 5,010635 5,010635
разблокировать 0,013423 0,040269
город 0,013423 0,013423
фотографию 0,013423 0,013423
обращаем 0,013423 0,013423
вернется 3,912023 3,912023
тульской 5,010635 5,010635
отправлено 0,013423 0,013423
написать 0,013423 0,013423
новостеймолния 0,013423 0,013423
украине 1,427116 1,427116
научный 2,445686 2,445686
одноклассники 0,013423 0,026846
сначала 0,013423 0,013423
грузовик 5,010635 5,010635
вред 2,612740 2,612740
показать 0,013423 0,013423
кнопку 0,013423 0,013423
международник 3,624341 3,624341
коммуникаций 0,013423 0,013423
выставка 2,525729 2,525729
международного 2,931194 2,931194
пароль 0,013423 0,080538
подарков 5,010635 5,010635
пароля 0,013423 0,053692
последствий 2,525729 2,525729
подмосковье 2,371578 4,743156
перейдите 0,013423 0,013423
вход 0,013423 0,013423
ирина 2,931194 5,862388
продукты 0,150823 0,150823
закрыто 0,013423 0,013423
удалено 0,013423 0,013423
сочельник 3,624341 3,624341
сколько 0,006689 0,006689
гаврилова 0,013423 0,013423
материалов 0,013423 0,053692
девочки 2,931194 5,862388
отправлена 0,013423 0,013423
чате 0,013423 0,013423
леус 5,010635 25,053176
пережить 4,317488 4,317488
цвета 2,445686 4,891372
расположенному 0,013423 0,026846
чату 0,013423 0,013423
редакцией 0,013423 0,013423
ногтевого 5,010635 5,010635
гибдд 5,010635 5,010635
всей 2,445686 2,445686
новому 2,612740 5,225480
учредитель 0,013423 0,013423
рассмотрены 0,013423 0,013423
простые 1,752539 1,752539
обороны 2,177422 2,177422
мое 0,013423 0,026846
ссылка 0,013423 0,026846
пекин 3,912023 3,912023
последние 1,098612 1,098612
ссылке 0,013423 0,013423
перетяните 0,013423 0,013423
ссылки 0,013423 0,013423
помочь 0,013423 0,013423
архив 0,190354 0,190354
развлечения 5,010635 5,010635
военная 2,120264 2,120264
специальная 2,066196 2,066196
участием 3,401197 3,401197
ошибках 0,013423 0,013423
обязательны 0,013423 0,093961
салат 2,371578 2,371578
трехмесячной 5,010635 5,010635
выпуска 0,013423 0,013423
списка 0,013423 0,013423
формой 0,013423 0,053692
роскомнадзор 0,013423 0,013423
самая 2,177422 2,177422
новогодние 2,931194 5,862388
взрослых 3,218876 6,437752
московская 2,525729 5,051457
блокировался 0,013423 0,013423
нутрициолог 3,624341 3,624341
москве 1,118815 6,712890
москва 0,006689 0,100335
воспользоваться 0,013423 0,013423
входа 0,013423 0,013423
врач 2,931194 2,931194
моё 0,013423 0,013423
москву 2,612740 2,612740
федеральное 0,013423 0,013423
закуски 2,525729 2,525729
федеральной 0,013423 0,013423
лучшие 1,714798 3,429597
международное 0,013423 0,040269
пошаговая 2,238047 2,238047
зимняя 5,010635 5,010635
будут 0,013423 0,013423
новостей 0,006689 0,006689
новогодних 3,624341 3,624341
лучших 1,832581 1,832581
москвы 1,455287 5,821149
новогодний 2,708050 8,124151
политикой 0,013423 0,040269
красивых 4,317488 4,317488
обработки 0,013423 0,026846
даю 0,013423 0,026846
обработку 0,013423 0,026846
гончаровапсихотерапевт 5,010635 5,010635
обратной 0,013423 0,067115
подкасты 0,292136 0,292136
редакции 0,013423 0,026846
смерти 2,708050 5,416100
обращений 0,013423 0,013423
вчера 1,576648 3,153296
карьерной 4,317488 4,317488
операция 2,120264 2,120264
обработка 0,013423 0,013423
это 0,013423 0,013423
автомобилей 3,401197 3,401197
станет 2,302585 2,302585
еда 2,177422 2,177422
двухлетней 5,010635 5,010635
перепады 5,010635 5,010635
описанием 0,013423 0,013423
новую 0,013423 0,013423
массовых 0,013423 0,013423
снежным 5,010635 5,010635
детей 2,302585 4,605170
пройдена 0,013423 0,013423
михаил 2,612740 13,063700
синоптик 5,010635 15,031906
используется 0,013423 0,013423
легковушками 5,010635 5,010635
зарегистрироваться 0,013423 0,053692
пожаловаться 0,013423 0,013423
новости 0,006689 0,040134
войти 0,013423 0,053692
миллерчемпион 5,010635 5,010635
электронной 0,013423 0,013423
рецептов 2,177422 4,354844
мингазовповаринесса 5,010635 5,010635
недели 2,708050 2,708050
огненная 4,317488 4,317488
мире 0,274437 0,274437
катки 3,912023 3,912023
эл 0,013423 0,013423
действия 0,013423 0,013423
радио 0,274437 0,274437
защита 0,013423 0,013423
восток 3,218876 3,218876
политик 3,912023 3,912023
николаев 4,317488 4,317488
елку 4,317488 4,317488
регистрация 0,013423 0,040269
музеи 3,401197 3,401197
почему 0,013423 0,013423
использования 0,013423 0,013423
новой 2,813411 2,813411
восстановление 0,013423 0,040269
снегоуборочный 5,010635 5,010635
тренды 4,317488 4,317488
вопросам 0,013423 0,026846
музей 3,401197 6,802395
тайный 5,010635 5,010635
государственное 0,013423 0,013423
салаты 2,708050 2,708050
воронежской 4,317488 4,317488
следственный 3,624341 7,248682
закусок 3,064725 3,064725
погибли 3,624341 3,624341
играть 5,010635 5,010635
теплым 5,010635 5,010635
подковы 3,912023 3,912023
вконтакте 0,013423 0,026846
области 1,919593 5,758779
спецпроекты 0,190354 0,190354
просим 0,013423 0,013423
навсегда 0,013423 0,013423
нарушение 0,013423 0,040269
заблокирован 0,013423 0,013423
подарить 4,317488 4,317488
ошибку 0,013423 0,013423
защиты 0,013423 0,013423
назад 0,013423 0,067115
обращения 0,013423 0,026846
ночь 2,708050 2,708050
игры 1,791759 1,791759
февраля 0,616186 8,626606
ковшом 5,010635 5,010635
пять 2,302585 2,302585
ошибка 0,013423 0,013423
идти 3,218876 3,218876
знаков 4,317488 4,317488
вопрос 0,006689 0,006689
суббота 3,624341 3,624341
зубовский 0,013423 0,026846
подтверждаете 0,013423 0,013423
заполнить 0,013423 0,026846
конкурсы 5,010635 5,010635
осуществляется 0,013423 0,013423
ваш 0,013423 0,053692
имя 0,013423 0,067115
другие 0,013423 0,026846
общество 0,265703 2,391328
надзору 0,013423 0,013423
нового 1,678431 1,678431
срок 0,013423 0,026846
издание 0,013423 0,013423
оливье 3,218876 3,218876
бульвар 0,013423 0,026846
фильмы 4,317488 4,317488
хотите 0,013423 0,013423
заполните 0,013423 0,067115
воскресенье 2,931194 2,931194
технологий 0,013423 0,026846
сетевое 0,013423 0,013423
традиции 1,966113 5,898339
неделю 1,373049 1,373049
вновь 0,013423 0,013423
голову 4,317488 4,317488
сменить 0,013423 0,013423
материал 0,013423 0,013423
участвовать 0,013423 0,026846
самым 2,302585 2,302585
дагестане 3,624341 7,248682
шаховаастролог 4,317488 4,317488
сообщить 0,013423 0,013423
пошаговые 2,238047 2,238047
самые 2,238047 2,238047
успешно 0,013423 0,013423
скриншот 0,013423 0,040269
новогоднего 2,931194 2,931194
сильной 3,912023 3,912023
лента 0,006689 0,013378
мчс 3,218876 3,218876
приготовить 2,014903 2,014903
ряскинаастролог 4,317488 4,317488
деревню 5,010635 5,010635
заблокированы 0,013423 0,013423
спорт 0,190354 0,190354
район 3,624341 18,121705
легковушки 5,010635 5,010635
сфере 0,013423 0,013423
открытки 3,624341 3,624341
месяц 1,297063 1,297063
свидетельство 0,013423 0,013423
навигации 3,912023 3,912023
погода 3,401197 10,203592
правила 0,013423 0,040269
взаимодействия 0,013423 0,026846
огненной 3,401197 13,604790
сохранить 0,013423 0,013423
информационное 0,013423 0,040269
министерство 2,238047 2,238047
край 2,708050 2,708050
беспилотники 4,317488 4,317488
морковкинэкономист 2,931194 2,931194
комментирования 0,013423 0,026846
гражданской 2,708050 2,708050
крае 3,218876 3,218876
чебоксары 5,010635 15,031906
пресс 0,013423 0,026846
россии 0,395515 1,582059
применения 0,013423 0,013423
рамиль 3,912023 3,912023
женщине 5,010635 5,010635
федеральному 0,013423 0,026846
персональных 0,013423 0,107384
произошла 0,013423 0,013423
важное 2,525729 5,051457
адаптации 3,624341 3,624341
дата 0,013423 0,013423
ваше 0,013423 0,107384
сайте 0,013423 0,013423
ваши 0,013423 0,013423
фио 0,013423 0,013423
восстановить 0,013423 0,013423
костомукша 5,010635 5,010635
пожалуйста 0,013423 0,013423
стол 2,238047 4,476093
китайский 2,931194 11,724775
трактор 5,010635 5,010635
праздничная 2,931194 2,931194
ниже 0,013423 0,040269
версия 0,013423 0,013423
вопроса 0,013423 0,013423
россия 0,006689 0,107024
поля 0,013423 0,093961
смотреть 2,708050 2,708050
виктор 3,624341 3,624341
недвижимостьриа 3,401197 3,401197
рассказала 2,445686 2,445686
государственному 0,013423 0,026846
январь 2,931194 2,931194
столкнулся 4,317488 4,317488
регистрации 0,013423 0,026846
произошло 2,708050 2,708050
консультант 3,624341 3,624341
манежной 3,624341 3,624341
ситуациям 3,064725 3,064725
историкалександр 3,912023 3,912023
погибшими 4,317488 4,317488
поле 0,013423 0,013423
сайт 0,013423 0,026846
резком 5,010635 5,010635
сервисы 0,190354 0,190354
технолог 3,624341 3,624341
зарегистрировано 0,013423 0,013423
пятью 4,317488 4,317488
сервиса 3,218876 3,218876
другое 0,013423 0,013423
туризм 0,283247 0,283247
трех 2,177422 2,177422
сотрудник 2,612740 2,612740
питания 3,218876 3,218876
поддерживаетсяполучить 0,013423 0,013423
адрес 0,013423 0,040269
соответствии 0,013423 0,026846
лошади 3,401197 10,203592
загрузите 0,013423 0,013423
рождественский 3,624341 3,624341
сообщения 0,013423 0,053692
загрузить 0,013423 0,013423
направлении 0,013423 0,013423
замеченных 0,013423 0,013423
телефон 0,013423 0,013423
отправки 0,013423 0,013423
азия 4,317488 4,317488
унитарному 0,013423 0,026846
похолодании 5,010635 5,010635
период 1,160488 1,160488
атаковали 5,010635 5,010635
психолог 3,624341 10,873023
лошадь 4,317488 4,317488
сообщение 0,013423 0,134230
постный 3,624341 3,624341
выберите 0,013423 0,040269
старые 0,013423 0,013423
виде 2,177422 2,177422
польза 2,813411 2,813411
индустрии 4,317488 4,317488
попробуйте 0,013423 0,013423
финансового 2,066196 2,066196
мастер 3,401197 3,401197
температур 4,317488 4,317488
карелии 4,317488 4,317488
бутерброды 2,525729 2,525729
эксперт 1,678431 5,035292
маргарита 4,317488 4,317488
бизнес 3,064725 3,064725
защитой 0,013423 0,026846
разбил 5,010635 5,010635
статьи 0,013423 0,013423
подтвердите 0,013423 0,013423
авторизация 0,013423 0,013423
москино 5,010635 5,010635
религия 0,283247 0,283247
форма 0,013423 0,013423
логином 0,013423 0,013423
рейтинг 0,006689 0,006689
галочку 0,013423 0,013423
дон 3,218876 3,218876
олег 3,912023 3,912023
тульская 3,624341 3,624341
перетащите 0,013423 0,040269
материале 0,013423 0,026846
отмечается 3,064725 3,064725
культура 0,292136 1,752819
грузовики 5,010635 5,010635
материала 0,013423 0,026846
двумя 3,624341 3,624341
чебоксарах 5,010635 5,010635
происшествия 0,292136 3,505637
автобуса 5,010635 5,010635
заяцповар 5,010635 5,010635
вашего 0,013423 0,013423
паролем 0,013423 0,013423
дагестан 3,912023 11,736069
способы 0,013423 0,026846
зарегистрируйтесь 0,013423 0,013423
обо 0,013423 0,013423
украсить 2,931194 5,862388
мясом 2,931194 2,931194
больнице 4,317488 4,317488
возбудили 3,912023 7,824046
недвижимость 0,292136 0,292136
ликвидации 2,813411 2,813411
дискуссии 0,013423 0,026846
редактор 0,013423 0,013423
днем 5,010635 5,010635
нарядить 5,010635 5,010635
унитарное 0,013423 0,013423
бедствий 3,064725 3,064725
форму 0,013423 0,093961
тема 0,013423 0,040269
отправленного 0,013423 0,013423
маникюр 5,010635 5,010635
рекомендательных 0,013423 0,013423
связанные 0,013423 0,026846
данная 0,013423 0,013423
новая 3,064725 3,064725
обратная 0,013423 0,026846
риа 0,006689 0,013378
позднякова 5,010635 10,021271
здоровье 2,445686 2,445686
сходить 2,931194 5,862388
магарамкентский 4,317488 12,952464
закрытые 3,218876 3,218876
москвичей 3,624341 3,624341
проставляя 0,013423 0,013423
связанных 0,013423 0,013423
красноярском 5,010635 5,010635
мандарины 3,912023 3,912023
красной 3,064725 3,064725
опишите 0,013423 0,013423
заполнения 0,013423 0,093961
полезное 0,182322 0,182322
правительстве 2,177422 2,177422
карелия 3,912023 3,912023
встретили 3,912023 3,912023
год 0,967584 29,995105
службе 0,013423 0,013423
навигаторриа 2,445686 2,445686
релизов 0,013423 0,013423
маркетолог 4,317488 4,317488
чрезвычайным 3,064725 3,064725
ваших 0,013423 0,026846
комитет 3,064725 6,129450
почты 0,013423 0,013423
резкие 5,010635 5,010635
ведущий 2,302585 2,302585
тайны 2,813411 2,813411
профессиональной 3,401197 3,401197
гололедице 5,010635 5,010635
агентство 0,013423 0,040269
санта 5,010635 5,010635
правил 0,013423 0,040269
картинок 5,010635 5,010635
идей 5,010635 5,010635
авторизоваться 0,013423 0,013423
авторизуйтесь 0,013423 0,013423
дтп 3,064725 12,258901
комнату 4,317488 4,317488
выбрать 2,612740 2,612740
идеи 3,401197 10,203592
агентства 0,013423 0,013423
сегодня 0,013423 0,080538
расширенный 0,013423 0,013423
мвд 3,401197 3,401197
дальний 3,912023 3,912023
общественного 3,912023 3,912023
новыесначала 0,013423 0,013423
празднуют 3,912023 3,912023
шапка 0,013423 0,013423
отправить 0,013423 0,147653
продолжить 0,013423 0,013423
справки 1,875141 1,875141
решении 0,013423 0,013423
рассказал 1,347074 4,041221
начале 2,445686 2,445686
бахтияроварелигиовед 3,624341 3,624341
макарова 5,010635 5,010635
необычные 2,238047 2,238047
отдых 3,624341 3,624341
воспользуйтесь 0,013423 0,040269
начала 2,445686 2,445686
участие 0,006689 0,006689
возбудил 5,010635 5,010635
аккаунт 0,013423 0,053692
экономика 0,292136 0,292136
топ 2,708050 2,708050
обсуждение 0,013423 0,013423
анна 2,931194 2,931194
использовать 0,013423 0,013423
опечатка 0,013423 0,013423
процессовдмитрий 5,010635 5,010635
блокировки 0,013423 0,013423
онлайн 0,013423 0,013423
контактов 0,013423 0,013423
почта 0,013423 0,080538
организации 2,525729 2,525729
апреля 0,013423 0,013423
фамилия 0,013423 0,013423
университета 2,177422 2,177422
нами 0,013423 0,093961
яндекс 0,013423 0,026846
татьяна 3,064725 6,129450
холодным 3,218876 3,218876
удалили 0,013423 0,040269
владимир 1,373049 1,373049
финансовый 3,624341 3,624341
либо 0,013423 0,013423
вакансии 0,013423 0,013423
хакасия 5,010635 5,010635
праздники 1,791759 3,583519
аккаунту 0,013423 0,013423
открываемого 0,013423 0,026846
нажимая 0,013423 0,013423
поиск 0,013423 0,013423
яуши 5,010635 5,010635
ксения 3,401197 3,401197
вами 0,013423 0,013423
недопустимое 0,013423 0,013423
году 1,139434 1,139434
политолог 3,401197 3,401197
согласны 0,013423 0,040269
истек 0,013423 0,013423
предприятию 0,013423 0,026846
рекламы 0,013423 0,013423
мартынов 4,317488 4,317488
внимание 0,013423 0,013423
принимать 0,013423 0,013423
соц 2,371578 2,371578
уровня 3,218876 3,218876
сможете 0,013423 0,013423
года 0,006689 0,040134
пп 3,624341 3,624341
богучарский 4,317488 8,634976
ознакомлены 0,013423 0,013423
дизайна 3,912023 3,912023
яркие 2,813411 2,813411
моих 0,013423 0,026846
предприятие 0,013423 0,013423
наука 0,292136 0,292136
стенькорелигиовед 3,624341 3,624341
обсуждения 0,013423 0,013423
встречать 5,010635 5,010635
блокировкой 0,013423 0,040269
мкад 4,317488 4,317488
