хотели 3,624341 3,624341
законным 0,013423 0,013423
формуле 4,317488 4,317488
рф 1,181994 2,363988
банду 2,708050 2,708050
новый 0,013423 0,013423
новые 1,643339 1,643339
найти 0,013423 0,013423
основанием 0,013423 0,013423
письмо 0,013423 0,013423
спасибо 0,013423 0,013423
выйти 3,401197 3,401197
заявил 1,427116 2,854233
согласие 0,013423 0,026846
пауэллом 3,912023 3,912023
центр 0,190354 0,190354
одну 2,813411 2,813411
доступ 0,013423 0,026846
американскую 3,912023 3,912023
умеров 3,624341 3,624341
миа 0,013423 0,093961
заявление 2,445686 2,445686
задать 0,013423 0,013423
теги 0,190354 0,190354
автору 0,013423 0,013423
подчеркнул 3,401197 3,401197
территориального 4,317488 4,317488
связаться 0,013423 0,080538
секретарь 3,064725 6,129450
должны 0,013423 0,026846
словам 1,752539 3,505078
г 0,013423 0,026846
д 0,013423 0,026846
реклама 0,190354 0,190354
вашингтона 3,218876 3,218876
фото 0,013423 0,013423
силы 2,014903 6,044709
политика 0,013423 0,067115
связь 0,006689 0,013378
готово 0,013423 0,026846
течение 0,013423 0,013423
информационных 0,013423 0,013423
размещения 0,013423 0,013423
конфиденциальности 0,013423 0,053692
процессе 3,401197 3,401197
связи 0,013423 0,080538
заголовок 0,013423 0,026846
согласованной 4,317488 4,317488
даби 3,912023 3,912023
процесса 0,013423 0,013423
адресу 0,013423 0,026846
проблему 0,013423 0,013423
уточнил 3,912023 3,912023
время 0,013423 0,026846
данных 0,013423 0,107384
письма 0,013423 0,013423
часов 0,013423 0,026846
соглашаетесь 0,013423 0,013423
данный 2,525729 2,525729
ранее 0,013423 0,013423
восстановления 0,013423 0,013423
главный 0,013423 0,013423
данные 0,013423 0,013423
второго 2,813411 2,813411
также 1,139434 1,139434
новых 2,931194 2,931194
провел 2,525729 2,525729
разблокировать 0,013423 0,040269
город 0,013423 0,080538
украина 1,875141 9,375705
фотографию 0,013423 0,013423
дмитрий 1,643339 8,216697
обращаем 0,013423 0,013423
мединский 2,612740 33,965620
отправлено 0,013423 0,013423
написать 0,013423 0,013423
новостеймолния 0,013423 0,013423
украине 1,427116 19,979629
одноклассники 0,013423 0,026846
сначала 0,013423 0,013423
владимиру 4,317488 8,634976
кремля 4,317488 8,634976
украины 1,832581 12,828070
украинской 2,445686 2,445686
показать 0,013423 0,013423
кнопку 0,013423 0,013423
коммуникаций 0,013423 0,013423
мединскийпереговоры 5,010635 5,010635
пароль 0,013423 0,080538
пароля 0,013423 0,053692
ближайшее 3,218876 3,218876
перейдите 0,013423 0,013423
мирный 3,064725 3,064725
киеве 2,612740 2,612740
вход 0,013423 0,013423
прокомментировала 4,317488 4,317488
путину 3,218876 28,969882
продукты 0,150823 0,150823
читать 0,851752 0,851752
закрыто 0,013423 0,013423
удалено 0,013423 0,013423
сколько 0,006689 0,006689
гаврилова 0,013423 0,013423
материалов 0,013423 0,040269
зять 3,912023 3,912023
отправлена 0,013423 0,013423
италии 2,525729 2,525729
чате 0,013423 0,013423
кремле 2,371578 2,371578
киева 2,708050 2,708050
путинвладимир 5,010635 5,010635
расположенному 0,013423 0,026846
чату 0,013423 0,013423
редакцией 0,013423 0,013423
уиткофф 3,401197 3,401197
видео 1,832581 1,832581
учредитель 0,013423 0,013423
рассмотрены 0,013423 0,013423
мое 0,013423 0,026846
ссылка 0,013423 0,026846
ссылке 0,013423 0,013423
поумнее 2,708050 2,708050
перетяните 0,013423 0,013423
ссылки 0,013423 0,013423
помочь 0,013423 0,013423
архив 0,190354 0,190354
рассчитывать 3,624341 3,624341
владимира 3,064725 3,064725
военнопленными 3,912023 3,912023
части 1,966113 1,966113
раунд 3,401197 3,401197
участием 3,401197 3,401197
ошибках 0,013423 0,013423
обязательны 0,013423 0,093961
сша 1,118815 11,188150
процесс 2,014903 2,014903
выпуска 0,013423 0,013423
списка 0,013423 0,013423
формой 0,013423 0,053692
роскомнадзор 0,013423 0,013423
офиса 3,401197 3,401197
блокировался 0,013423 0,013423
представителей 3,064725 3,064725
переговорном 5,010635 5,010635
штатами 3,912023 3,912023
мероприятия 3,401197 3,401197
москва 0,006689 0,020067
трехсторонние 5,010635 5,010635
воспользоваться 0,013423 0,013423
российской 1,678431 3,356862
входа 0,013423 0,013423
моё 0,013423 0,013423
федеральное 0,013423 0,013423
спецпосланник 3,912023 3,912023
федеральной 0,013423 0,013423
екатерина 2,445686 4,891372
международное 0,013423 0,040269
тяжелыми 3,624341 3,624341
будут 0,013423 0,013423
зрения 3,912023 3,912023
новостей 0,006689 0,006689
москвы 1,455287 2,910574
политикой 0,013423 0,040269
рабочей 3,912023 3,912023
чеснокова 4,317488 8,634976
обработки 0,013423 0,026846
даю 0,013423 0,026846
отметили 3,912023 3,912023
происходящим 3,912023 3,912023
перейти 1,203973 2,407946
кушнер 3,401197 3,401197
обработку 0,013423 0,026846
обратной 0,013423 0,067115
слова 3,912023 3,912023
подкасты 0,292136 0,292136
редакции 0,013423 0,026846
обращений 0,013423 0,013423
вчера 1,576648 1,576648
дональда 3,218876 3,218876
доложил 3,064725 27,582526
обработка 0,013423 0,013423
это 0,013423 0,026846
большинство 3,064725 3,064725
описанием 0,013423 0,013423
новую 0,013423 0,013423
массовых 0,013423 0,013423
трехсторонней 4,317488 8,634976
пройдена 0,013423 0,013423
народа 3,624341 3,624341
внесен 3,401197 3,401197
используется 0,013423 0,013423
группы 2,445686 2,445686
зарегистрироваться 0,013423 0,053692
пожаловаться 0,013423 0,013423
новости 0,006689 0,093646
войти 0,013423 0,053692
ведется 3,624341 3,624341
электронной 0,013423 0,013423
мире 0,274437 0,274437
эл 0,013423 0,013423
действия 0,013423 0,013423
раскололи 2,612740 2,612740
радио 0,274437 0,274437
дзен 0,851752 0,851752
защита 0,013423 0,013423
регистрация 0,013423 0,040269
почему 0,013423 0,013423
использования 0,013423 0,013423
восстановление 0,013423 0,040269
вопросам 0,013423 0,026846
государственное 0,013423 0,013423
вконтакте 0,013423 0,026846
спецпроекты 0,190354 0,190354
просим 0,013423 0,013423
захарова 2,813411 2,813411
навсегда 0,013423 0,013423
нарушение 0,013423 0,040269
заблокирован 0,013423 0,013423
столицах 5,010635 5,010635
ошибку 0,013423 0,013423
защиты 0,013423 0,013423
путин 1,514128 4,542383
назад 0,013423 0,067115
обращения 0,013423 0,026846
список 2,014903 2,014903
джонатаном 3,912023 3,912023
сложная 3,912023 3,912023
февраля 0,616186 1,232372
трампа 2,238047 2,238047
ошибка 0,013423 0,013423
германии 3,064725 3,064725
вопрос 0,006689 0,006689
зубовский 0,013423 0,026846
подтверждаете 0,013423 0,013423
заполнить 0,013423 0,026846
состоялись 3,912023 3,912023
осуществляется 0,013423 0,013423
ваш 0,013423 0,067115
имя 0,013423 0,067115
другие 0,013423 0,026846
общество 0,265703 0,265703
донбасса 2,813411 2,813411
раунда 3,401197 3,401197
надзору 0,013423 0,013423
срок 0,013423 0,026846
стороной 3,218876 3,218876
издание 0,013423 0,013423
бульвар 0,013423 0,026846
хотите 0,013423 0,013423
заполните 0,013423 0,067115
технологий 0,013423 0,026846
сетевое 0,013423 0,013423
наблюдали 3,912023 3,912023
росфинмониторингом 3,912023 3,912023
рубио 3,218876 3,218876
европейских 3,624341 3,624341
вновь 0,013423 0,013423
фев 1,399717 1,399717
сменить 0,013423 0,013423
материал 0,013423 0,013423
стоит 1,714798 1,714798
участвовать 0,013423 0,026846
сообщить 0,013423 0,013423
успешно 0,013423 0,013423
скриншот 0,013423 0,040269
зеленского 2,177422 4,354844
утверждают 2,931194 2,931194
лента 0,006689 0,013378
песковроссияполитикасшавооруженные 5,010635 5,010635
урегулированию 3,624341 7,248682
закрытую 4,317488 4,317488
заблокированы 0,013423 0,013423
спорт 0,190354 0,190354
сфере 0,013423 0,013423
переговорах 2,177422 4,354844
свидетельство 0,013423 0,013423
главе 3,624341 3,624341
правила 0,013423 0,026846
урегулирование 3,912023 3,912023
продолжению 5,010635 5,010635
взаимодействия 0,013423 0,026846
буданов 3,401197 3,401197
глава 2,612740 7,838220
франции 3,218876 3,218876
сохранить 0,013423 0,013423
информационное 0,013423 0,040269
основной 3,401197 3,401197
комментирования 0,013423 0,026846
схеме 3,624341 3,624341
смысла 4,317488 4,317488
сказал 2,612740 2,612740
пресс 0,013423 0,067115
россии 0,395515 0,791030
применения 0,013423 0,013423
сделал 2,708050 2,708050
украинаженева 5,010635 5,010635
федеральному 0,013423 0,026846
персональных 0,013423 0,107384
третий 2,931194 2,931194
произошла 0,013423 0,013423
важное 2,525729 2,525729
песков 2,445686 14,674116
проходил 4,317488 4,317488
кира 3,912023 3,912023
дата 0,013423 0,013423
ваше 0,013423 0,107384
сайте 0,013423 0,013423
мединского 4,317488 12,952464
ваши 0,013423 0,013423
фио 0,013423 0,013423
восстановить 0,013423 0,013423
кирилл 1,919593 1,919593
пожалуйста 0,013423 0,013423
президента 2,525729 2,525729
итогам 3,064725 9,194175
конце 2,238047 2,238047
ниже 0,013423 0,040269
версия 0,013423 0,013423
вопроса 0,013423 0,026846
слуга 3,912023 3,912023
узнать 2,302585 2,302585
саммите 3,624341 3,624341
россия 0,006689 0,120402
поля 0,013423 0,093961
абу 3,912023 3,912023
вопросы 2,238047 2,238047
медиабанктрехсторонние 5,010635 5,010635
января 1,160488 1,160488
государственному 0,013423 0,026846
итогах 3,624341 3,624341
премьера 3,624341 3,624341
приезжали 4,317488 4,317488
регистрации 0,013423 0,026846
поле 0,013423 0,013423
сайт 0,013423 0,026846
возглавлял 3,624341 3,624341
сервисы 0,190354 0,190354
представители 3,218876 3,218876
присутствовали 3,912023 3,912023
точек 5,010635 5,010635
зарегистрировано 0,013423 0,013423
другое 0,013423 0,013423
туризм 0,283247 0,283247
представитель 3,401197 6,802395
поддерживаетсяполучить 0,013423 0,013423
адрес 0,013423 0,040269
соответствии 0,013423 0,026846
зеленский 2,066196 2,066196
работа 2,612740 2,612740
загрузите 0,013423 0,013423
мирному 3,624341 7,248682
сообщения 0,013423 0,053692
загрузить 0,013423 0,013423
скорее 3,064725 3,064725
направлении 0,013423 0,013423
замеченных 0,013423 0,013423
телефон 0,013423 0,013423
отправки 0,013423 0,013423
унитарному 0,013423 0,026846
снбо 3,624341 3,624341
обновлено 1,003302 1,003302
британцы 3,624341 3,624341
поддерживает 2,525729 2,525729
сообщение 0,013423 0,134230
выберите 0,013423 0,040269
старые 0,013423 0,013423
попробуйте 0,013423 0,013423
подход 3,218876 6,437752
обменялись 3,912023 3,912023
войны 2,708050 2,708050
стармера 3,912023 3,912023
способствуют 5,010635 5,010635
предложенного 4,317488 4,317488
защитой 0,013423 0,026846
статьи 0,013423 0,013423
ходе 2,708050 24,372452
подтвердите 0,013423 0,013423
авторизация 0,013423 0,013423
религия 0,283247 0,283247
форма 0,013423 0,013423
логином 0,013423 0,013423
рейтинг 0,006689 0,006689
галочку 0,013423 0,013423
контакты 2,120264 4,240527
перетащите 0,013423 0,040269
материале 0,013423 0,026846
культура 0,292136 0,292136
материала 0,013423 0,026846
происшествия 0,292136 0,292136
вашего 0,013423 0,013423
паролем 0,013423 0,013423
способы 0,013423 0,026846
зарегистрируйтесь 0,013423 0,013423
обо 0,013423 0,013423
недвижимость 0,292136 0,292136
вторник 3,624341 3,624341
дискуссии 0,013423 0,026846
редактор 0,013423 0,013423
высказываются 5,010635 5,010635
фгуп 0,499776 2,498879
унитарное 0,013423 0,013423
вооруженные 2,371578 4,743156
возможного 5,010635 5,010635
форму 0,013423 0,093961
тема 0,013423 0,040269
отправленного 0,013423 0,013423
долгосрочное 4,317488 4,317488
арахамия 3,624341 3,624341
связанные 0,013423 0,013423
рекомендательных 0,013423 0,013423
видит 5,010635 5,010635
стив 3,401197 3,401197
данная 0,013423 0,013423
подавляющее 5,010635 5,010635
обратная 0,013423 0,026846
риа 0,006689 0,086957
фракции 3,401197 3,401197
закрытые 3,218876 3,218876
проставляя 0,013423 0,013423
связанных 0,013423 0,013423
опишите 0,013423 0,013423
террористов 3,624341 3,624341
переговоры 2,177422 13,064532
заполнения 0,013423 0,093961
полезное 0,182322 0,182322
службе 0,013423 0,013423
медиабанк 1,321756 1,321756
признали 2,525729 2,525729
релизов 0,013423 0,013423
ваших 0,013423 0,026846
почты 0,013423 0,013423
которые 1,455287 1,455287
делегацию 3,912023 3,912023
агентство 0,013423 0,040269
правил 0,013423 0,040269
джаред 3,624341 3,624341
авторизоваться 0,013423 0,013423
авторизуйтесь 0,013423 0,013423
нерешенные 3,912023 3,912023
делегации 2,931194 5,862388
агентства 0,013423 0,013423
сегодня 0,013423 0,134230
расширенный 0,013423 0,013423
руководитель 2,708050 2,708050
новыесначала 0,013423 0,013423
давид 3,218876 3,218876
шапка 0,013423 0,013423
отправить 0,013423 0,147653
продолжить 0,013423 0,013423
решении 0,013423 0,013423
рассказал 1,347074 1,347074
начале 2,445686 2,445686
накануне 3,218876 3,218876
экстремистов 3,912023 3,912023
воспользуйтесь 0,013423 0,040269
раде 3,624341 3,624341
участие 0,006689 0,006689
аккаунт 0,013423 0,053692
европейцев 4,317488 4,317488
экономика 0,292136 0,292136
обсуждение 0,013423 0,013423
использовать 0,013423 0,013423
опечатка 0,013423 0,013423
блокировки 0,013423 0,013423
онлайн 0,013423 0,013423
контактов 0,013423 0,026846
почта 0,013423 0,080538
мирного 3,218876 3,218876
апреля 0,013423 0,013423
фамилия 0,013423 0,013423
рустем 3,624341 3,624341
советником 3,912023 3,912023
решения 2,238047 2,238047
нами 0,013423 0,093961
яндекс 0,013423 0,026846
удалили 0,013423 0,040269
плана 3,218876 3,218876
владимир 1,373049 12,357442
либо 0,013423 0,013423
переговоров 2,302585 25,328436
вакансии 0,013423 0,013423
формат 2,445686 2,445686
аккаунту 0,013423 0,013423
открываемого 0,013423 0,026846
безопасности 2,177422 4,354844
нажимая 0,013423 0,013423
поиск 0,013423 0,013423
вами 0,013423 0,013423
недопустимое 0,013423 0,013423
всу 2,238047 2,238047
согласны 0,013423 0,040269
истек 0,013423 0,013423
лагеря 2,612740 2,612740
соединенными 3,912023 3,912023
предприятию 0,013423 0,026846
рекламы 0,013423 0,013423
женеве 2,371578 28,458936
внимание 0,013423 0,013423
встречу 2,931194 2,931194
принимать 0,013423 0,013423
условие 2,813411 2,813411
женева 3,218876 12,875503
сможете 0,013423 0,013423
года 0,006689 0,006689
деловыми 3,624341 3,624341
женеву 4,317488 4,317488
встречи 2,445686 7,337058
ознакомлены 0,013423 0,013423
завершения 2,931194 2,931194
украинскую 3,912023 3,912023
анонсировал 3,624341 3,624341
моих 0,013423 0,026846
предприятие 0,013423 0,013423
аляске 4,317488 4,317488
наука 0,292136 0,292136
обсудили 3,912023 3,912023
касается 2,612740 2,612740
браузер 2,813411 2,813411
обсуждения 0,013423 0,013423
источник 2,445686 2,445686
блокировкой 0,013423 0,040269
участия 3,064725 3,064725
