готов 2,371578 2,371578
партнером 3,401197 20,407184
законным 0,013423 0,013423
новый 0,013423 0,053692
найти 0,013423 0,013423
основанием 0,013423 0,013423
письмо 0,013423 0,013423
спасибо 0,013423 0,013423
партнеров 3,624341 14,497364
заявил 1,427116 5,708465
воды 2,445686 2,445686
ситуации 2,445686 2,445686
согласие 0,013423 0,026846
центр 0,190354 0,190354
доступ 0,013423 0,026846
миа 0,013423 0,093961
задать 0,013423 0,013423
теги 0,190354 0,190354
важным 2,708050 16,248301
автору 0,013423 0,013423
подчеркнул 3,401197 3,401197
связаться 0,013423 0,080538
помощь 3,064725 3,064725
готовность 3,218876 3,218876
важных 3,912023 11,736069
человек 2,525729 2,525729
должны 0,013423 0,013423
г 0,013423 0,026846
д 0,013423 0,026846
реклама 0,190354 0,190354
фото 0,013423 0,013423
политика 0,013423 0,026846
связь 0,006689 0,013378
поблагодарил 5,010635 5,010635
готово 0,013423 0,026846
течение 0,013423 0,013423
сотрудничества 4,317488 4,317488
информационных 0,013423 0,013423
назвал 1,875141 13,125988
визитом 5,010635 5,010635
размещения 0,013423 0,013423
конфиденциальности 0,013423 0,053692
готова 3,401197 3,401197
связи 0,013423 0,120807
заголовок 0,013423 0,026846
главой 5,010635 5,010635
своей 2,177422 2,177422
процесса 0,013423 0,013423
адресу 0,013423 0,026846
проблему 0,013423 0,013423
этап 3,912023 3,912023
визит 5,010635 5,010635
бывший 3,218876 3,218876
время 0,013423 0,013423
данных 0,013423 0,107384
письма 0,013423 0,013423
отметят 3,624341 3,624341
часов 0,013423 0,026846
соглашаетесь 0,013423 0,013423
данный 2,525729 2,525729
ранее 0,013423 0,013423
восстановления 0,013423 0,013423
главный 0,013423 0,013423
данные 0,013423 0,013423
констатировать 5,010635 5,010635
объявлен 4,317488 4,317488
также 1,139434 1,139434
республики 3,401197 3,401197
разблокировать 0,013423 0,040269
город 0,013423 0,013423
фотографию 0,013423 0,013423
африканском 5,010635 5,010635
обращаем 0,013423 0,013423
отправлено 0,013423 0,013423
написать 0,013423 0,013423
новостеймолния 0,013423 0,013423
могу 4,317488 4,317488
одноклассники 0,013423 0,026846
сначала 0,013423 0,013423
покинул 3,624341 3,624341
радзуэлина 5,010635 5,010635
показать 0,013423 0,013423
кнопку 0,013423 0,013423
коммуникаций 0,013423 0,013423
пароль 0,013423 0,080538
пароля 0,013423 0,053692
последствий 2,525729 2,525729
здравоохранении 5,010635 5,010635
гуманитарные 5,010635 5,010635
перейдите 0,013423 0,013423
хозяйстве 4,317488 4,317488
вход 0,013423 0,013423
летие 4,317488 4,317488
следующем 4,317488 4,317488
продукты 0,150823 0,150823
читать 0,851752 0,851752
закрыто 0,013423 0,013423
удалено 0,013423 0,013423
сколько 0,006689 0,006689
гаврилова 0,013423 0,013423
материалов 0,013423 0,040269
отправлена 0,013423 0,013423
радзуэлины 5,010635 5,010635
чате 0,013423 0,013423
стороны 2,238047 2,238047
электричества 5,010635 5,010635
расположенному 0,013423 0,026846
чату 0,013423 0,013423
редакцией 0,013423 0,013423
прошли 4,317488 4,317488
видео 1,832581 1,832581
десятков 4,317488 4,317488
минувшей 5,010635 5,010635
учредитель 0,013423 0,013423
путина 2,612740 2,612740
рассмотрены 0,013423 0,013423
путинв 5,010635 5,010635
мое 0,013423 0,026846
ссылка 0,013423 0,026846
ссылке 0,013423 0,013423
проголосовала 5,010635 5,010635
перетяните 0,013423 0,013423
ссылки 0,013423 0,013423
архив 0,190354 0,190354
помочь 0,013423 0,026846
ошибках 0,013423 0,013423
обязательны 0,013423 0,093961
лидер 3,401197 10,203592
андри 5,010635 5,010635
выпуска 0,013423 0,013423
списка 0,013423 0,013423
формой 0,013423 0,053692
роскомнадзор 0,013423 0,013423
российское 3,218876 3,218876
блокировался 0,013423 0,013423
импичмент 5,010635 5,010635
развивать 4,317488 4,317488
москве 1,118815 1,118815
москва 0,006689 0,026756
воспользоваться 0,013423 0,013423
входа 0,013423 0,013423
усилия 4,317488 4,317488
моё 0,013423 0,013423
москву 2,612740 2,612740
федеральное 0,013423 0,013423
федеральной 0,013423 0,013423
соболезнования 5,010635 5,010635
международное 0,013423 0,040269
энергетике 5,010635 5,010635
будут 0,013423 0,013423
новостей 0,006689 0,006689
политикой 0,013423 0,040269
обработки 0,013423 0,026846
даю 0,013423 0,026846
перейти 1,203973 1,203973
обработку 0,013423 0,026846
одним 2,813411 5,626821
обратной 0,013423 0,067115
подкасты 0,292136 0,292136
редакции 0,013423 0,026846
потенциал 4,317488 4,317488
обращений 0,013423 0,013423
мадагаскаром 5,010635 10,021271
находится 2,931194 2,931194
обработка 0,013423 0,013423
это 0,013423 0,026846
массовые 4,317488 4,317488
дипломатических 5,010635 5,010635
описанием 0,013423 0,013423
новую 0,013423 0,013423
массовых 0,013423 0,013423
пройдена 0,013423 0,013423
используется 0,013423 0,013423
зарегистрироваться 0,013423 0,053692
пожаловаться 0,013423 0,013423
сентября 1,514128 1,514128
новости 0,006689 0,073579
войти 0,013423 0,053692
электронной 0,013423 0,013423
регионе 3,624341 3,624341
мире 0,274437 1,372184
эл 0,013423 0,013423
важнейших 3,912023 3,912023
сельском 4,317488 4,317488
действия 0,013423 0,013423
стихийного 5,010635 5,010635
радио 0,274437 0,274437
дзен 0,851752 0,851752
геологоразведке 5,010635 5,010635
защита 0,013423 0,013423
регистрация 0,013423 0,040269
почему 0,013423 0,013423
использования 0,013423 0,013423
восстановление 0,013423 0,040269
вопросам 0,013423 0,040269
государственное 0,013423 0,013423
прибыл 4,317488 4,317488
вконтакте 0,013423 0,026846
спецпроекты 0,190354 0,190354
просим 0,013423 0,013423
власть 3,912023 3,912023
навсегда 0,013423 0,013423
нарушение 0,013423 0,040269
заблокирован 0,013423 0,013423
ошибку 0,013423 0,013423
защиты 0,013423 0,013423
путин 1,514128 21,197788
рандрианирине 5,010635 5,010635
назад 0,013423 0,067115
обращения 0,013423 0,026846
первый 2,014903 2,014903
рандрианирина 5,010635 10,021271
рандрианирину 5,010635 5,010635
состоянии 3,064725 3,064725
республикой 4,317488 4,317488
ошибка 0,013423 0,013423
вопрос 0,006689 0,006689
зубовский 0,013423 0,026846
подтверждаете 0,013423 0,013423
заполнить 0,013423 0,026846
осуществляется 0,013423 0,013423
ваш 0,013423 0,067115
имя 0,013423 0,067115
другие 0,013423 0,026846
общество 0,265703 0,265703
надзору 0,013423 0,013423
другим 3,624341 3,624341
полковника 5,010635 5,010635
срок 0,013423 0,026846
нижняя 4,317488 4,317488
малагасийским 5,010635 10,021271
издание 0,013423 0,013423
инфраструктурным 5,010635 5,010635
бульвар 0,013423 0,026846
хотите 0,013423 0,013423
заполните 0,013423 0,067115
технологий 0,013423 0,026846
сетевое 0,013423 0,013423
встретился 3,912023 3,912023
вновь 0,013423 0,013423
фев 1,399717 1,399717
сменить 0,013423 0,013423
материал 0,013423 0,013423
участвовать 0,013423 0,026846
сообщить 0,013423 0,013423
успешно 0,013423 0,013423
скриншот 0,013423 0,040269
отрицает 5,010635 5,010635
добавил 2,931194 5,862388
лента 0,006689 0,013378
посольство 3,624341 3,624341
рассказало 3,624341 3,624341
мадагаскарроссияафрикавладимир 5,010635 5,010635
заблокированы 0,013423 0,013423
спорт 0,190354 0,190354
сфере 0,013423 0,026846
протесты 4,317488 4,317488
переговорах 2,177422 4,354844
свидетельство 0,013423 0,013423
давние 5,010635 10,021271
военной 3,401197 3,401197
циклонов 5,010635 5,010635
африке 4,317488 12,952464
главе 3,624341 3,624341
правила 0,013423 0,026846
африка 3,624341 14,497364
взаимодействия 0,013423 0,053692
сохранить 0,013423 0,013423
информационное 0,013423 0,040269
комментирования 0,013423 0,026846
сказал 2,612740 2,612740
пресс 0,013423 0,026846
россии 0,395515 3,164118
применения 0,013423 0,013423
сменилась 5,010635 5,010635
федеральному 0,013423 0,026846
персональных 0,013423 0,107384
произошла 0,013423 0,013423
привели 3,624341 3,624341
дата 0,013423 0,013423
ваше 0,013423 0,107384
сайте 0,013423 0,013423
направлениям 3,912023 3,912023
налажены 5,010635 10,021271
ваши 0,013423 0,013423
очередь 2,238047 2,238047
фио 0,013423 0,013423
восстановить 0,013423 0,013423
образовании 3,624341 3,624341
пожалуйста 0,013423 0,013423
российский 2,813411 5,626821
конце 2,238047 4,476093
ниже 0,013423 0,040269
версия 0,013423 0,013423
вопроса 0,013423 0,013423
полномочий 3,401197 3,401197
спустя 2,813411 2,813411
россия 0,006689 0,113713
россию 2,302585 2,302585
поля 0,013423 0,093961
государства 2,931194 2,931194
лидера 3,624341 3,624341
коллегой 5,010635 10,021271
палата 3,624341 3,624341
отключений 5,010635 5,010635
государственному 0,013423 0,026846
регистрации 0,013423 0,026846
поле 0,013423 0,013423
сайт 0,013423 0,026846
сервисы 0,190354 0,190354
зарегистрировано 0,013423 0,013423
другое 0,013423 0,013423
туризм 0,283247 0,283247
поддерживаетсяполучить 0,013423 0,013423
адрес 0,013423 0,040269
соответствии 0,013423 0,026846
загрузите 0,013423 0,013423
сообщения 0,013423 0,053692
загрузить 0,013423 0,013423
направлении 0,013423 0,013423
замеченных 0,013423 0,013423
телефон 0,013423 0,013423
отправки 0,013423 0,013423
унитарному 0,013423 0,026846
период 1,160488 2,320975
обновлено 1,003302 1,003302
поддерживает 2,525729 2,525729
сообщение 0,013423 0,134230
мадагаскара 3,401197 20,407184
надеемся 5,010635 5,010635
выберите 0,013423 0,040269
старые 0,013423 0,013423
мадагаскаре 5,010635 10,021271
попробуйте 0,013423 0,013423
объявили 3,401197 3,401197
защитой 0,013423 0,026846
статьи 0,013423 0,013423
подтвердите 0,013423 0,013423
авторизация 0,013423 0,013423
религия 0,283247 0,283247
оказать 4,317488 4,317488
форма 0,013423 0,013423
логином 0,013423 0,013423
рейтинг 0,006689 0,006689
галочку 0,013423 0,013423
россией 2,931194 5,862388
перетащите 0,013423 0,040269
материале 0,013423 0,026846
культура 0,292136 0,292136
материала 0,013423 0,026846
происшествия 0,292136 0,292136
вашего 0,013423 0,013423
паролем 0,013423 0,013423
способы 0,013423 0,026846
отношений 3,401197 3,401197
зарегистрируйтесь 0,013423 0,013423
обо 0,013423 0,013423
недвижимость 0,292136 0,292136
дискуссии 0,013423 0,026846
многим 4,317488 4,317488
редактор 0,013423 0,013423
мадагаскарской 5,010635 5,010635
фгуп 0,499776 2,498879
бедствия 5,010635 5,010635
унитарное 0,013423 0,013423
принес 3,064725 3,064725
дней 1,832581 1,832581
форму 0,013423 0,093961
тема 0,013423 0,040269
нам 2,525729 2,525729
отправленного 0,013423 0,013423
связанные 0,013423 0,013423
рекомендательных 0,013423 0,013423
данная 0,013423 0,013423
обратная 0,013423 0,026846
риа 0,006689 0,066890
проставляя 0,013423 0,013423
связанных 0,013423 0,013423
опишите 0,013423 0,013423
правительства 3,064725 3,064725
заполнения 0,013423 0,093961
мадагаскар 2,931194 43,967906
полезное 0,182322 0,182322
службе 0,013423 0,013423
парламента 3,912023 3,912023
релизов 0,013423 0,013423
ваших 0,013423 0,026846
микаэлем 5,010635 10,021271
является 2,066196 2,066196
почты 0,013423 0,013423
октября 1,832581 7,330326
которые 1,455287 1,455287
потерю 5,010635 5,010635
который 1,160488 1,160488
непростой 4,317488 4,317488
агентство 0,013423 0,040269
правил 0,013423 0,040269
месяца 2,708050 2,708050
рандрианириной 5,010635 15,031906
авторизоваться 0,013423 0,013423
авторизуйтесь 0,013423 0,013423
президентом 3,912023 3,912023
делегации 2,931194 2,931194
агентства 0,013423 0,013423
сегодня 0,013423 0,134230
президент 2,238047 6,714140
расширенный 0,013423 0,013423
страны 2,014903 4,029806
осенью 3,624341 3,624341
новыесначала 0,013423 0,013423
страну 3,401197 3,401197
несколько 1,752539 1,752539
шапка 0,013423 0,013423
отправить 0,013423 0,147653
продолжить 0,013423 0,013423
критическом 5,010635 5,010635
решении 0,013423 0,013423
развитию 2,931194 2,931194
переходный 4,317488 4,317488
воспользуйтесь 0,013423 0,040269
участие 0,006689 0,006689
приглашение 3,912023 3,912023
аккаунт 0,013423 0,053692
фоне 3,218876 3,218876
экономика 0,292136 0,292136
состав 2,525729 2,525729
обсуждение 0,013423 0,013423
использовать 0,013423 0,013423
опечатка 0,013423 0,013423
блокировки 0,013423 0,013423
онлайн 0,013423 0,013423
контактов 0,013423 0,013423
почта 0,013423 0,080538
апреля 0,013423 0,013423
фамилия 0,013423 0,013423
нами 0,013423 0,093961
яндекс 0,013423 0,026846
гибели 3,624341 3,624341
присягу 5,010635 5,010635
удалили 0,013423 0,040269
владимир 1,373049 6,865246
либо 0,013423 0,013423
вакансии 0,013423 0,013423
формат 2,445686 2,445686
аккаунту 0,013423 0,013423
открываемого 0,013423 0,026846
нажимая 0,013423 0,013423
поиск 0,013423 0,013423
вами 0,013423 0,013423
предпринимает 5,010635 5,010635
недопустимое 0,013423 0,013423
году 1,139434 1,139434
канцелярия 5,010635 5,010635
согласны 0,013423 0,040269
истек 0,013423 0,013423
выразил 2,813411 2,813411
предприятию 0,013423 0,026846
рекламы 0,013423 0,013423
официальным 3,064725 3,064725
внимание 0,013423 0,013423
принимать 0,013423 0,013423
выразив 5,010635 5,010635
сможете 0,013423 0,026846
года 0,006689 0,006689
ознакомлены 0,013423 0,013423
моих 0,013423 0,026846
предприятие 0,013423 0,013423
наука 0,292136 0,292136
браузер 2,813411 2,813411
обсуждения 0,013423 0,013423
установления 3,401197 3,401197
блокировкой 0,013423 0,040269
