законным 0,013423 0,013423
поведении 5,010635 5,010635
новый 0,013423 0,013423
девять 3,912023 3,912023
этому 2,708050 2,708050
найти 0,013423 0,013423
основанием 0,013423 0,013423
газета 3,401197 10,203592
письмо 0,013423 0,013423
спасибо 0,013423 0,013423
стал 2,120264 2,120264
согласие 0,013423 0,026846
некоторых 2,525729 2,525729
центр 0,190354 0,190354
норфолке 5,010635 5,010635
сговоре 5,010635 5,010635
доступ 0,013423 0,026846
декабря 1,098612 1,098612
режиссера 3,912023 3,912023
миа 0,013423 0,093961
йорк 3,064725 15,323626
задать 0,013423 0,013423
теги 0,190354 0,190354
людей 2,445686 2,445686
автору 0,013423 0,013423
связаться 0,013423 0,080538
бывшего 3,401197 3,401197
готовность 3,218876 3,218876
должны 0,013423 0,013423
месяцев 2,708050 2,708050
министерством 3,912023 7,824046
частности 3,064725 3,064725
г 0,013423 0,026846
д 0,013423 0,026846
реклама 0,190354 0,190354
фото 0,013423 0,053692
политика 0,013423 0,026846
лет 1,514128 3,028255
связь 0,006689 0,013378
м 2,302585 2,302585
вашингтоне 3,218876 3,218876
готово 0,013423 0,026846
билла 4,317488 4,317488
обвинению 4,317488 4,317488
экс 2,708050 40,620753
течение 0,013423 0,026846
флориде 5,010635 5,010635
информационных 0,013423 0,013423
карл 3,912023 19,560115
размещения 0,013423 0,013423
делу 3,401197 20,407184
упоминания 3,912023 3,912023
конфиденциальности 0,013423 0,053692
связи 0,013423 0,080538
заголовок 0,013423 0,026846
изнасиловании 5,010635 10,021271
несовершеннолетних 3,401197 3,401197
виндзора 5,010635 10,021271
дело 1,919593 1,919593
процесса 0,013423 0,013423
адресу 0,013423 0,026846
проблему 0,013423 0,013423
адресам 5,010635 5,010635
госслужбе 5,010635 5,010635
деле 2,612740 2,612740
создала 4,317488 4,317488
время 0,013423 0,013423
данных 0,013423 0,107384
джеффри 4,317488 30,222417
обвинений 4,317488 4,317488
эпштейну 5,010635 5,010635
вовлечения 5,010635 5,010635
письма 0,013423 0,013423
дела 3,401197 3,401197
часов 0,013423 0,026846
соглашаетесь 0,013423 0,013423
данным 2,371578 4,743156
восстановления 0,013423 0,013423
ранее 0,013423 0,026846
главный 0,013423 0,013423
данные 0,013423 0,013423
территории 2,813411 2,813411
тюрьме 5,010635 5,010635
прекратили 4,317488 4,317488
также 1,139434 3,418303
эпштейна 3,064725 18,388351
сделку 3,912023 3,912023
разблокировать 0,013423 0,040269
город 0,013423 0,080538
нашли 2,445686 2,445686
фотографию 0,013423 0,013423
свободы 3,401197 3,401197
обращаем 0,013423 0,013423
обвинила 4,317488 4,317488
отправлено 0,013423 0,013423
написать 0,013423 0,013423
новостеймолния 0,013423 0,013423
торговле 5,010635 5,010635
одноклассники 0,013423 0,026846
сначала 0,013423 0,013423
полиции 4,317488 4,317488
публикации 2,238047 2,238047
пересылал 5,010635 5,010635
показать 0,013423 0,013423
кнопку 0,013423 0,013423
коммуникаций 0,013423 0,013423
австралия 3,624341 3,624341
юстиции 5,010635 10,021271
пароль 0,013423 0,080538
пароля 0,013423 0,053692
перейдите 0,013423 0,013423
вход 0,013423 0,013423
сексуальной 4,317488 4,317488
следствием 4,317488 4,317488
продукты 0,150823 0,150823
читать 0,851752 0,851752
закрыто 0,013423 0,013423
удалено 0,013423 0,013423
финансиста 5,010635 10,021271
долины 5,010635 5,010635
дональд 2,445686 7,337058
сколько 0,006689 0,006689
гаврилова 0,013423 0,013423
материалов 0,013423 0,040269
сообщницу 5,010635 5,010635
отправлена 0,013423 0,013423
полиция 3,912023 15,648092
чате 0,013423 0,013423
джуффре 5,010635 5,010635
максвелл 5,010635 5,010635
чату 0,013423 0,013423
расположенному 0,013423 0,040269
редакцией 0,013423 0,013423
активистку 5,010635 5,010635
обысках 5,010635 5,010635
британский 5,010635 5,010635
учредитель 0,013423 0,013423
правозащитница 5,010635 5,010635
острове 5,010635 5,010635
нескольких 3,064725 3,064725
рассмотрены 0,013423 0,013423
приговорили 4,317488 4,317488
мое 0,013423 0,026846
ссылка 0,013423 0,026846
ссылке 0,013423 0,013423
судебное 4,317488 4,317488
говорится 2,371578 4,743156
перетяните 0,013423 0,013423
ссылки 0,013423 0,013423
помочь 0,013423 0,013423
архив 0,190354 0,190354
британии 4,317488 4,317488
ошибках 0,013423 0,013423
мандельсона 5,010635 5,010635
последних 5,010635 10,021271
обязательны 0,013423 0,093961
сша 1,118815 2,237630
машин 3,912023 3,912023
фотографии 3,624341 7,248682
сандрингемского 5,010635 5,010635
выпуска 0,013423 0,013423
списка 0,013423 0,013423
формой 0,013423 0,053692
роскомнадзор 0,013423 0,013423
певца 5,010635 5,010635
посмертные 5,010635 5,010635
июле 3,624341 3,624341
блокировался 0,013423 0,013423
задержан 5,010635 5,010635
король 4,317488 8,634976
принца 3,401197 34,011974
короля 5,010635 10,021271
москва 0,006689 0,013378
воспользоваться 0,013423 0,013423
компенсацию 3,912023 3,912023
входа 0,013423 0,013423
карла 5,010635 5,010635
мемуары 5,010635 5,010635
резиденциях 5,010635 5,010635
моё 0,013423 0,013423
содержится 3,401197 3,401197
федеральное 0,013423 0,013423
финансист 4,317488 4,317488
федеральной 0,013423 0,013423
брэнсона 5,010635 5,010635
эндрю 3,064725 58,229778
международное 0,013423 0,040269
будут 0,013423 0,013423
новостей 0,006689 0,006689
политикой 0,013423 0,040269
обработки 0,013423 0,026846
даю 0,013423 0,026846
обработку 0,013423 0,026846
интерес 3,218876 3,218876
обратной 0,013423 0,067115
подкасты 0,292136 0,292136
редакции 0,013423 0,026846
обращений 0,013423 0,013423
скрывают 3,624341 3,624341
дональда 3,218876 3,218876
лишил 4,317488 4,317488
находится 2,931194 2,931194
подразделение 3,624341 3,624341
обработка 0,013423 0,013423
это 0,013423 0,013423
вирджиния 5,010635 5,010635
майкла 5,010635 5,010635
описанием 0,013423 0,013423
новую 0,013423 0,013423
массовых 0,013423 0,013423
вуди 5,010635 5,010635
пройдена 0,013423 0,013423
белого 3,218876 3,218876
используется 0,013423 0,013423
зарегистрироваться 0,013423 0,053692
пожаловаться 0,013423 0,013423
новости 0,006689 0,073579
войти 0,013423 0,053692
подключились 5,010635 5,010635
электронной 0,013423 0,026846
возраст 2,813411 2,813411
вины 5,010635 5,010635
мире 0,274437 1,097747
выплатил 5,010635 5,010635
эл 0,013423 0,013423
вышли 3,624341 3,624341
действия 0,013423 0,013423
радио 0,274437 0,274437
дзен 0,851752 0,851752
защита 0,013423 0,013423
вину 3,624341 3,624341
регистрация 0,013423 0,040269
трампнью 5,010635 5,010635
содействовать 5,010635 5,010635
почему 0,013423 0,013423
использования 0,013423 0,013423
восстановление 0,013423 0,040269
вопросам 0,013423 0,026846
доступе 5,010635 5,010635
государственное 0,013423 0,013423
вконтакте 0,013423 0,026846
спецпроекты 0,190354 0,190354
просим 0,013423 0,013423
повторно 4,317488 4,317488
навсегда 0,013423 0,013423
нарушение 0,013423 0,040269
заблокирован 0,013423 0,013423
ошибку 0,013423 0,013423
защиты 0,013423 0,013423
назад 0,013423 0,067115
обращения 0,013423 0,026846
проституцией 5,010635 5,010635
февраля 0,616186 1,848558
арестовали 3,401197 3,401197
трампа 2,238047 2,238047
ошибка 0,013423 0,013423
бойфренда 5,010635 5,010635
знаков 4,317488 12,952464
вопрос 0,006689 0,006689
зубовский 0,013423 0,026846
подтверждаете 0,013423 0,013423
оказались 4,317488 4,317488
деятельность 3,401197 3,401197
британская 5,010635 10,021271
заполнить 0,013423 0,026846
частном 4,317488 4,317488
осуществляется 0,013423 0,013423
ваш 0,013423 0,053692
против 1,966113 1,966113
имя 0,013423 0,067115
другие 0,013423 0,026846
общество 0,265703 0,265703
марте 3,912023 3,912023
прошлого 3,064725 3,064725
надзору 0,013423 0,013423
срок 0,013423 0,026846
издание 0,013423 0,013423
бульвар 0,013423 0,026846
подтвердили 5,010635 5,010635
превышал 5,010635 5,010635
хотите 0,013423 0,013423
заполните 0,013423 0,067115
других 1,966113 1,966113
макрона 4,317488 4,317488
технологий 0,013423 0,026846
сетевое 0,013423 0,013423
вновь 0,013423 0,013423
расследованию 4,317488 4,317488
фев 1,399717 1,399717
сменить 0,013423 0,013423
расследования 3,401197 3,401197
материал 0,013423 0,013423
участвовать 0,013423 0,026846
лишения 3,401197 3,401197
сообщить 0,013423 0,013423
громкого 5,010635 5,010635
общественный 3,912023 3,912023
успешно 0,013423 0,013423
скриншот 0,013423 0,040269
лента 0,006689 0,013378
служб 3,064725 3,064725
тюремной 5,010635 5,010635
заблокированы 0,013423 0,013423
спорт 0,190354 0,190354
сфере 0,013423 0,013423
прошлом 3,624341 3,624341
автомобили 4,317488 4,317488
свидетельство 0,013423 0,013423
аллена 5,010635 5,010635
детьми 3,912023 3,912023
правила 0,013423 0,026846
взаимодействия 0,013423 0,026846
известных 2,813411 2,813411
главу 3,064725 3,064725
сохранить 0,013423 0,013423
информационное 0,013423 0,040269
комментирования 0,013423 0,026846
виндзор 5,010635 15,031906
интимные 5,010635 5,010635
камере 4,317488 4,317488
маунтбеттен 5,010635 15,031906
пресс 0,013423 0,026846
применения 0,013423 0,013423
задержали 3,064725 18,388351
привело 5,010635 5,010635
федеральному 0,013423 0,026846
задержала 5,010635 15,031906
персональных 0,013423 0,107384
произошла 0,013423 0,013423
дворца 5,010635 5,010635
дата 0,013423 0,013423
ваше 0,013423 0,107384
сексуальных 5,010635 5,010635
сайте 0,013423 0,013423
ваши 0,013423 0,013423
очередь 2,238047 2,238047
фио 0,013423 0,013423
восстановить 0,013423 0,013423
пожалуйста 0,013423 0,013423
переписке 5,010635 5,010635
переписки 5,010635 5,010635
связях 5,010635 10,021271
ниже 0,013423 0,040269
версия 0,013423 0,013423
вопроса 0,013423 0,013423
дому 4,317488 4,317488
россия 0,006689 0,080268
го 2,177422 6,532266
поля 0,013423 0,093961
нью 3,624341 18,121705
шесть 2,708050 2,708050
подозрению 3,624341 3,624341
государственному 0,013423 0,026846
регистрации 0,013423 0,026846
европе 2,238047 2,238047
поле 0,013423 0,013423
сайт 0,013423 0,026846
дома 2,238047 8,952186
сервисы 0,190354 0,190354
беркшире 5,010635 5,010635
маунтбеттена 5,010635 10,021271
зарегистрировано 0,013423 0,013423
другое 0,013423 0,013423
туризм 0,283247 0,283247
поддерживаетсяполучить 0,013423 0,013423
адрес 0,013423 0,040269
отношения 2,525729 2,525729
соответствии 0,013423 0,026846
предпринимателя 5,010635 5,010635
загрузите 0,013423 0,013423
сообщения 0,013423 0,053692
загрузить 0,013423 0,013423
разбирательство 5,010635 5,010635
направлении 0,013423 0,013423
замеченных 0,013423 0,013423
телефон 0,013423 0,013423
отправки 0,013423 0,013423
лондон 4,317488 4,317488
унитарному 0,013423 0,026846
опубликованных 5,010635 5,010635
которому 2,931194 2,931194
обновлено 1,003302 1,003302
сообщение 0,013423 0,134230
произошел 4,317488 4,317488
выберите 0,013423 0,040269
старые 0,013423 0,013423
кроме 1,919593 1,919593
такую 3,912023 3,912023
брата 3,912023 7,824046
правительственные 5,010635 5,010635
попробуйте 0,013423 0,013423
посла 5,010635 5,010635
джексона 5,010635 5,010635
мертвой 5,010635 5,010635
возрос 5,010635 5,010635
стражей 3,912023 3,912023
защитой 0,013423 0,026846
статьи 0,013423 0,013423
подтвердите 0,013423 0,013423
авторизация 0,013423 0,013423
религия 0,283247 0,283247
форма 0,013423 0,013423
логином 0,013423 0,013423
рейтинг 0,006689 0,006689
галочку 0,013423 0,013423
сообщила 3,064725 3,064725
десятками 4,317488 4,317488
перетащите 0,013423 0,040269
материале 0,013423 0,026846
упоминал 4,317488 4,317488
темзы 5,010635 5,010635
культура 0,292136 0,292136
включая 2,525729 2,525729
документы 3,064725 3,064725
материала 0,013423 0,026846
питера 5,010635 5,010635
происшествия 0,292136 0,292136
вашего 0,013423 0,013423
паролем 0,013423 0,013423
тысяч 2,238047 2,238047
великобритания 3,401197 13,604790
августе 3,064725 3,064725
способы 0,013423 0,026846
зарегистрируйтесь 0,013423 0,013423
обо 0,013423 0,013423
опознавательных 5,010635 15,031906
привлечении 3,912023 3,912023
недвижимость 0,292136 0,292136
дискуссии 0,013423 0,026846
редактор 0,013423 0,013423
фгуп 0,499776 2,498879
унитарное 0,013423 0,013423
приехали 3,401197 3,401197
опубликованной 5,010635 10,021271
форму 0,013423 0,093961
тема 0,013423 0,040269
полицейских 5,010635 5,010635
отправленного 0,013423 0,013423
великобритании 4,317488 8,634976
связанные 0,013423 0,013423
рекомендательных 0,013423 0,013423
около 2,177422 6,532266
братом 5,010635 5,010635
данная 0,013423 0,013423
обратная 0,013423 0,026846
риа 0,006689 0,066890
октябре 3,912023 3,912023
проставляя 0,013423 0,013423
связанных 0,013423 0,013423
опишите 0,013423 0,013423
миревеликобританияджеффри 5,010635 5,010635
заполнения 0,013423 0,093961
полезное 0,182322 0,182322
год 0,967584 0,967584
службе 0,013423 0,013423
отбыл 5,010635 5,010635
релизов 0,013423 0,013423
скандалу 5,010635 5,010635
ваших 0,013423 0,026846
скандала 3,218876 25,751007
почты 0,013423 0,013423
йорке 5,010635 5,010635
файлах 3,912023 3,912023
трамп 1,609438 4,828314
британского 3,218876 32,188758
восьми 4,317488 4,317488
писали 4,317488 4,317488
агентство 0,013423 0,040269
правил 0,013423 0,040269
которых 1,966113 1,966113
тайно 4,317488 4,317488
авторизоваться 0,013423 0,013423
авторизуйтесь 0,013423 0,013423
ненадлежащем 5,010635 5,010635
самом 2,813411 2,813411
агентства 0,013423 0,013423
сегодня 0,013423 0,147653
эпштейном 3,401197 30,610776
расширенный 0,013423 0,013423
сми 2,177422 4,354844
файлы 4,317488 4,317488
новыесначала 0,013423 0,013423
свободном 3,912023 3,912023
сандрингеме 5,010635 10,021271
заключил 3,912023 3,912023
штате 5,010635 5,010635
собой 2,445686 2,445686
шапка 0,013423 0,013423
апреле 3,912023 3,912023
отправить 0,013423 0,147653
продолжить 0,013423 0,013423
решении 0,013423 0,013423
вступал 5,010635 5,010635
начале 2,445686 2,445686
клинтона 5,010635 5,010635
воспользуйтесь 0,013423 0,040269
участие 0,006689 0,006689
архивное 1,373049 1,373049
аккаунт 0,013423 0,053692
экономика 0,292136 0,292136
центре 3,218876 3,218876
обсуждение 0,013423 0,013423
использовать 0,013423 0,013423
опечатка 0,013423 0,013423
досье 5,010635 5,010635
блокировки 0,013423 0,013423
онлайн 0,013423 0,013423
контактов 0,013423 0,026846
почта 0,013423 0,080538
эпштейнкарл 5,010635 5,010635
фигурантом 5,010635 5,010635
апреля 0,013423 0,013423
идеальный 3,401197 3,401197
фамилия 0,013423 0,013423
пишет 2,177422 4,354844
нами 0,013423 0,093961
яндекс 0,013423 0,026846
принц 3,624341 14,497364
удалили 0,013423 0,040269
либо 0,013423 0,013423
небывалому 5,010635 5,010635
полученным 5,010635 5,010635
штатском 5,010635 5,010635
вакансии 0,013423 0,013423
аккаунту 0,013423 0,013423
открываемого 0,013423 0,026846
нажимая 0,013423 0,013423
поиск 0,013423 0,013423
вами 0,013423 0,013423
недопустимое 0,013423 0,013423
занятию 5,010635 5,010635
году 1,139434 2,278869
согласны 0,013423 0,040269
истек 0,013423 0,013423
выразил 2,813411 2,813411
гислейн 5,010635 5,010635
предприятию 0,013423 0,026846
рекламы 0,013423 0,013423
порядка 3,218876 3,218876
шторм 4,317488 4,317488
внимание 0,013423 0,013423
принимать 0,013423 0,013423
страниц 3,912023 3,912023
значительно 3,218876 3,218876
сможете 0,013423 0,013423
эксплуатации 3,624341 3,624341
девочек 5,010635 5,010635
западная 4,317488 4,317488
года 0,006689 0,026756
годам 3,624341 3,624341
титулов 5,010635 5,010635
информация 2,612740 2,612740
заявили 3,218876 3,218876
эпштейн 4,317488 21,587441
ознакомлены 0,013423 0,013423
информацию 2,708050 2,708050
моих 0,013423 0,026846
признал 3,624341 7,248682
предприятие 0,013423 0,013423
принимал 5,010635 5,010635
наука 0,292136 0,292136
ричарда 5,010635 5,010635
пострадавших 3,624341 3,624341
обсуждения 0,013423 0,013423
покончил 5,010635 5,010635
компрометирующие 5,010635 5,010635
блокировкой 0,013423 0,040269
