законным 0,013423 0,013423
новый 0,013423 0,013423
найти 0,013423 0,013423
основанием 0,013423 0,013423
письмо 0,013423 0,013423
спасибо 0,013423 0,013423
ингредиентов 2,612740 2,612740
покрыты 4,317488 8,634976
согласие 0,013423 0,026846
доступ 0,013423 0,026846
воду 2,302585 4,605170
миа 0,013423 0,040269
задать 0,013423 0,013423
автору 0,013423 0,013423
связаться 0,013423 0,080538
должны 0,013423 0,013423
углеводы 2,445686 2,445686
г 0,013423 0,147653
д 0,013423 0,026846
немного 2,177422 4,354844
фото 0,013423 0,013423
варить 2,445686 4,891372
политика 0,013423 0,013423
связь 0,006689 0,013378
готовности 2,612740 5,225480
л 2,525729 5,051457
водой 2,445686 4,891372
готово 0,013423 0,026846
кастрюлю 2,445686 4,891372
течение 0,013423 0,040269
информационных 0,013423 0,013423
суп 3,064725 12,258901
размещения 0,013423 0,013423
мин 2,445686 2,445686
перемешать 2,525729 10,102915
конфиденциальности 0,013423 0,053692
связи 0,013423 0,080538
заголовок 0,013423 0,026846
шаг 1,875141 15,001129
процесса 0,013423 0,013423
готовки 1,919593 1,919593
адресу 0,013423 0,026846
проблему 0,013423 0,013423
скорлупу 4,317488 8,634976
рецепты 1,139434 2,278869
время 0,013423 0,026846
быстро 2,177422 2,177422
данных 0,013423 0,107384
письма 0,013423 0,013423
часов 0,013423 0,026846
соглашаетесь 0,013423 0,013423
откиньте 4,317488 8,634976
очистить 2,612740 5,225480
ранее 0,013423 0,013423
восстановления 0,013423 0,013423
главный 0,013423 0,013423
каждой 3,064725 6,129450
данные 0,013423 0,013423
разблокировать 0,013423 0,040269
город 0,013423 0,013423
фотографию 0,013423 0,013423
каждую 3,912023 7,824046
обращаем 0,013423 0,013423
отправлено 0,013423 0,013423
написать 0,013423 0,013423
новостеймолния 0,013423 0,013423
разложить 3,912023 7,824046
одноклассники 0,013423 0,026846
сначала 0,013423 0,013423
показать 0,013423 0,013423
кнопку 0,013423 0,013423
коммуникаций 0,013423 0,013423
пароль 0,013423 0,080538
пароля 0,013423 0,053692
перейдите 0,013423 0,013423
калорийность 2,120264 4,240527
вход 0,013423 0,013423
одинакового 5,010635 10,021271
закрыто 0,013423 0,013423
удалено 0,013423 0,013423
ккал 2,302585 4,605170
сколько 0,006689 0,006689
гаврилова 0,013423 0,013423
материалов 0,013423 0,040269
сметаны 3,401197 10,203592
отправлена 0,013423 0,013423
чате 0,013423 0,013423
куриное 2,931194 5,862388
расположенному 0,013423 0,026846
чату 0,013423 0,013423
редакцией 0,013423 0,013423
полностью 2,014903 4,029806
сметана 3,218876 6,437752
учредитель 0,013423 0,013423
рассмотрены 0,013423 0,013423
мое 0,013423 0,026846
нарезать 2,445686 9,782744
ссылка 0,013423 0,026846
ссылке 0,013423 0,013423
перетяните 0,013423 0,013423
ссылки 0,013423 0,013423
помочь 0,013423 0,013423
ошибках 0,013423 0,013423
обязательны 0,013423 0,093961
залить 2,708050 5,416100
вкусна 5,010635 5,010635
выпуска 0,013423 0,013423
списка 0,013423 0,013423
формой 0,013423 0,053692
роскомнадзор 0,013423 0,013423
блокировался 0,013423 0,013423
москва 0,006689 0,013378
воспользоваться 0,013423 0,013423
русской 1,752539 7,010155
входа 0,013423 0,013423
придаёт 3,624341 3,624341
моё 0,013423 0,013423
белки 2,371578 2,371578
федеральное 0,013423 0,013423
федеральной 0,013423 0,013423
опустить 3,912023 7,824046
холодной 3,064725 6,129450
большом 3,912023 7,824046
международное 0,013423 0,040269
будут 0,013423 0,013423
посыпать 2,931194 5,862388
новостей 0,006689 0,006689
политикой 0,013423 0,040269
обработки 0,013423 0,026846
даю 0,013423 0,026846
поверх 4,317488 8,634976
обогащает 5,010635 5,010635
вкусу 2,066196 4,132393
обработку 0,013423 0,026846
огурцы 3,401197 17,005987
обратной 0,013423 0,067115
редакции 0,013423 0,026846
порции 2,445686 7,337058
обращений 0,013423 0,013423
вкуса 2,445686 4,891372
порцию 3,624341 7,248682
обработка 0,013423 0,013423
это 0,013423 0,040269
колбасой 3,218876 25,751007
питательное 3,912023 3,912023
вкус 2,120264 2,120264
описанием 0,013423 0,013423
новую 0,013423 0,013423
массовых 0,013423 0,013423
пройдена 0,013423 0,013423
используется 0,013423 0,013423
салатнике 5,010635 10,021271
зарегистрироваться 0,013423 0,053692
пожаловаться 0,013423 0,013423
отварить 3,218876 6,437752
новости 0,006689 0,026756
войти 0,013423 0,053692
электронной 0,013423 0,013423
эл 0,013423 0,013423
действия 0,013423 0,013423
идеально 2,612740 5,225480
защита 0,013423 0,013423
рациона 4,317488 4,317488
регистрация 0,013423 0,040269
почему 0,013423 0,013423
использования 0,013423 0,013423
восстановление 0,013423 0,040269
вопросам 0,013423 0,026846
государственное 0,013423 0,013423
добавить 2,238047 8,952186
заливающиеся 5,010635 5,010635
вконтакте 0,013423 0,026846
затем 1,791759 3,583519
просим 0,013423 0,013423
навсегда 0,013423 0,013423
нарушение 0,013423 0,040269
заблокирован 0,013423 0,013423
соль 2,120264 8,481054
ошибку 0,013423 0,013423
защиты 0,013423 0,013423
назад 0,013423 0,067115
классическом 4,317488 8,634976
обращения 0,013423 0,026846
минут 1,297063 2,594126
ошибка 0,013423 0,013423
вопрос 0,006689 0,006689
зубовский 0,013423 0,026846
картофелем 3,218876 22,532131
подтверждаете 0,013423 0,013423
заполнить 0,013423 0,026846
штуки 4,317488 17,269952
равномерного 4,317488 8,634976
кипения 2,931194 5,862388
осуществляется 0,013423 0,013423
ваш 0,013423 0,053692
имя 0,013423 0,067115
другие 0,013423 0,026846
надзору 0,013423 0,013423
блюдо 2,014903 2,014903
срок 0,013423 0,026846
издание 0,013423 0,013423
бульвар 0,013423 0,026846
блюде 3,624341 7,248682
хотите 0,013423 0,013423
заполните 0,013423 0,067115
технологий 0,013423 0,026846
сетевое 0,013423 0,013423
блюда 2,177422 2,177422
вновь 0,013423 0,013423
яйца 1,966113 9,830564
сменить 0,013423 0,013423
материал 0,013423 0,013423
участвовать 0,013423 0,026846
сообщить 0,013423 0,013423
успешно 0,013423 0,013423
скриншот 0,013423 0,040269
освежающий 3,064725 6,129450
лента 0,006689 0,013378
приготовить 2,014903 2,014903
яйцо 2,612740 5,225480
дуршлаг 4,317488 8,634976
заблокированы 0,013423 0,013423
сфере 0,013423 0,013423
кухниокрошка 5,010635 5,010635
свидетельство 0,013423 0,013423
подготовленным 4,317488 8,634976
заполненную 5,010635 10,021271
правила 0,013423 0,026846
взаимодействия 0,013423 0,026846
сохранить 0,013423 0,013423
информационное 0,013423 0,040269
комментирования 0,013423 0,026846
остывший 3,912023 7,824046
пресс 0,013423 0,013423
укроп 2,612740 10,450960
применения 0,013423 0,013423
картофель 2,708050 18,956351
федеральному 0,013423 0,026846
ингредиентам 4,317488 8,634976
персональных 0,013423 0,107384
произошла 0,013423 0,013423
подается 3,401197 3,401197
ценность 2,302585 2,302585
дата 0,013423 0,013423
ваше 0,013423 0,107384
сайте 0,013423 0,013423
ваши 0,013423 0,013423
фио 0,013423 0,013423
восстановить 0,013423 0,013423
пожалуйста 0,013423 0,013423
укропа 3,218876 6,437752
ниже 0,013423 0,040269
версия 0,013423 0,013423
вопроса 0,013423 0,013423
окрошка 3,401197 34,011974
россия 0,006689 0,053512
поля 0,013423 0,093961
государственному 0,013423 0,026846
тарелкам 3,912023 7,824046
окрошку 3,624341 7,248682
регистрации 0,013423 0,026846
вареная 3,624341 7,248682
поле 0,013423 0,013423
сайт 0,013423 0,026846
зарегистрировано 0,013423 0,013423
другое 0,013423 0,013423
положить 2,612740 5,225480
соединяются 5,010635 5,010635
поддерживаетсяполучить 0,013423 0,013423
адрес 0,013423 0,040269
перец 2,525729 5,051457
соответствии 0,013423 0,026846
холодную 3,064725 6,129450
загрузите 0,013423 0,013423
сообщения 0,013423 0,053692
загрузить 0,013423 0,013423
направлении 0,013423 0,013423
замеченных 0,013423 0,013423
телефон 0,013423 0,013423
отправки 0,013423 0,013423
унитарному 0,013423 0,026846
ложкой 3,064725 6,129450
сочетанию 5,010635 5,010635
квас 3,624341 7,248682
сообщение 0,013423 0,134230
выберите 0,013423 0,040269
старые 0,013423 0,013423
особую 3,218876 3,218876
попробуйте 0,013423 0,013423
подавать 2,708050 5,416100
жарких 3,912023 7,824046
защитой 0,013423 0,026846
размера 2,708050 5,416100
статьи 0,013423 0,013423
подтвердите 0,013423 0,013423
авторизация 0,013423 0,013423
форма 0,013423 0,013423
логином 0,013423 0,013423
рейтинг 0,006689 0,006689
галочку 0,013423 0,013423
сбалансированного 4,317488 4,317488
порционным 3,912023 7,824046
зелень 2,708050 2,708050
составляет 2,445686 2,445686
перетащите 0,013423 0,040269
материале 0,013423 0,026846
ароматным 4,317488 4,317488
материала 0,013423 0,026846
вашего 0,013423 0,013423
паролем 0,013423 0,013423
способы 0,013423 0,026846
зарегистрируйтесь 0,013423 0,013423
обо 0,013423 0,013423
традиционно 2,612740 2,612740
дайте 3,912023 7,824046
мелко 2,525729 5,051457
дискуссии 0,013423 0,026846
рецептырецепты 1,875141 1,875141
редактор 0,013423 0,013423
позволяет 2,445686 2,445686
фгуп 0,499776 0,499776
унитарное 0,013423 0,013423
хлебным 3,912023 11,736069
дней 1,832581 3,665163
хлебный 3,912023 7,824046
форму 0,013423 0,093961
тема 0,013423 0,040269
отправленного 0,013423 0,013423
сытна 5,010635 5,010635
нежность 4,317488 4,317488
компоненты 3,401197 6,802395
связанные 0,013423 0,013423
рекомендательных 0,013423 0,013423
данная 0,013423 0,013423
обратная 0,013423 0,026846
риа 0,006689 0,026756
проставляя 0,013423 0,013423
связанных 0,013423 0,013423
опишите 0,013423 0,013423
довести 3,064725 6,129450
заполнения 0,013423 0,093961
кубиками 2,931194 11,724775
охлажденной 3,912023 3,912023
кухни 1,832581 5,497744
службе 0,013423 0,013423
релизов 0,013423 0,013423
ваших 0,013423 0,026846
кухня 1,832581 1,832581
почты 0,013423 0,013423
который 1,160488 2,320975
убрать 2,525729 5,051457
агентство 0,013423 0,040269
приготовление 1,966113 1,966113
правил 0,013423 0,040269
авторизоваться 0,013423 0,013423
авторизуйтесь 0,013423 0,013423
агентства 0,013423 0,013423
сегодня 0,013423 0,080538
расширенный 0,013423 0,013423
новыесначала 0,013423 0,013423
шапка 0,013423 0,013423
отправить 0,013423 0,147653
продолжить 0,013423 0,013423
решении 0,013423 0,013423
добавлением 3,064725 3,064725
благодаря 2,302585 2,302585
воспользуйтесь 0,013423 0,040269
участие 0,006689 0,006689
аккаунт 0,013423 0,053692
обсуждение 0,013423 0,013423
использовать 0,013423 0,013423
опечатка 0,013423 0,013423
блокировки 0,013423 0,013423
онлайн 0,013423 0,013423
контактов 0,013423 0,013423
делает 2,612740 2,612740
почта 0,013423 0,080538
колбасу 3,624341 7,248682
апреля 0,013423 0,013423
фамилия 0,013423 0,013423
категория 1,875141 1,875141
нами 0,013423 0,093961
яндекс 0,013423 0,026846
русская 2,177422 4,354844
холодным 3,218876 6,437752
удалили 0,013423 0,040269
либо 0,013423 0,013423
квасом 4,317488 12,952464
холодный 3,401197 6,802395
жиры 2,371578 2,371578
остыть 2,813411 5,626821
порубить 3,912023 7,824046
вареные 3,912023 7,824046
вакансии 0,013423 0,013423
аккаунту 0,013423 0,013423
летних 3,218876 6,437752
открываемого 0,013423 0,026846
колбаса 3,624341 10,873023
нажимая 0,013423 0,013423
поиск 0,013423 0,013423
вами 0,013423 0,013423
недопустимое 0,013423 0,013423
подходящим 5,010635 5,010635
молодой 3,624341 14,497364
согласны 0,013423 0,040269
истек 0,013423 0,013423
предприятию 0,013423 0,026846
рекламы 0,013423 0,013423
внимание 0,013423 0,013423
принимать 0,013423 0,013423
сможете 0,013423 0,013423
года 0,006689 0,006689
подходит 2,525729 5,051457
пищевая 2,371578 2,371578
ознакомлены 0,013423 0,013423
ингредиенты 1,919593 1,919593
моих 0,013423 0,026846
предприятие 0,013423 0,013423
обсуждения 0,013423 0,013423
блокировкой 0,013423 0,040269
