законным 0,013423 0,013423
рф 1,181994 9,455951
новый 0,013423 0,013423
найти 0,013423 0,013423
основанием 0,013423 0,013423
служить 4,317488 4,317488
газета 3,401197 6,802395
письмо 0,013423 0,013423
спасибо 0,013423 0,013423
согласие 0,013423 0,026846
воинскую 4,317488 4,317488
центр 0,190354 0,190354
доступ 0,013423 0,026846
декабря 1,098612 1,098612
миа 0,013423 0,093961
заявление 2,445686 2,445686
задать 0,013423 0,013423
теги 0,190354 0,190354
автору 0,013423 0,013423
мосгорсуд 5,010635 5,010635
связаться 0,013423 0,080538
готовность 3,218876 3,218876
приговорил 5,010635 5,010635
должны 0,013423 0,026846
г 0,013423 0,026846
д 0,013423 0,026846
военному 5,010635 5,010635
реклама 0,190354 0,190354
фото 0,013423 0,026846
пункт 3,218876 3,218876
политика 0,013423 0,026846
связь 0,006689 0,013378
добиться 2,445686 4,891372
заявления 2,708050 2,708050
готово 0,013423 0,026846
суд 2,066196 6,198589
коммерсантъ 5,010635 10,021271
обвинению 4,317488 8,634976
течение 0,013423 0,026846
ъ 5,010635 5,010635
информационных 0,013423 0,013423
денег 2,708050 5,416100
размещения 0,013423 0,013423
делу 3,401197 3,401197
ответа 2,708050 2,708050
конфиденциальности 0,013423 0,053692
связи 0,013423 0,093961
запад 2,302585 2,302585
заголовок 0,013423 0,026846
штрафу 5,010635 5,010635
тимур 3,218876 45,064262
дело 1,919593 5,758779
процесса 0,013423 0,013423
адресу 0,013423 0,026846
проблему 0,013423 0,013423
бывший 3,218876 12,875503
время 0,013423 0,013423
данных 0,013423 0,107384
письма 0,013423 0,013423
часов 0,013423 0,026846
соглашаетесь 0,013423 0,013423
иванов 3,218876 54,720889
ранее 0,013423 0,013423
восстановления 0,013423 0,013423
главный 0,013423 0,013423
данные 0,013423 0,013423
также 1,139434 2,278869
фронт 4,317488 8,634976
разблокировать 0,013423 0,040269
город 0,013423 0,013423
фотографию 0,013423 0,013423
обращаем 0,013423 0,013423
отправлено 0,013423 0,013423
написать 0,013423 0,013423
новостеймолния 0,013423 0,013423
получении 3,624341 7,248682
одноклассники 0,013423 0,026846
сначала 0,013423 0,013423
сумму 2,525729 2,525729
попросил 5,010635 5,010635
переправы 5,010635 5,010635
показать 0,013423 0,013423
кнопку 0,013423 0,013423
незаконным 5,010635 5,010635
коммуникаций 0,013423 0,013423
керченской 5,010635 5,010635
пароль 0,013423 0,080538
пароля 0,013423 0,053692
хотя 2,371578 2,371578
должности 3,912023 3,912023
перейдите 0,013423 0,013423
специальности 3,912023 3,912023
вход 0,013423 0,013423
продукты 0,150823 0,150823
читать 0,851752 0,851752
закрыто 0,013423 0,013423
удалено 0,013423 0,013423
минобороны 2,525729 40,411658
сколько 0,006689 0,006689
гаврилова 0,013423 0,013423
материалов 0,013423 0,040269
отправлена 0,013423 0,013423
отказ 2,931194 2,931194
чате 0,013423 0,013423
получил 2,612740 5,225480
расположенному 0,013423 0,026846
чату 0,013423 0,013423
редакцией 0,013423 0,013423
воинскому 5,010635 5,010635
подал 3,064725 24,517801
учредитель 0,013423 0,013423
рассмотрены 0,013423 0,013423
должность 3,401197 3,401197
значится 5,010635 5,010635
обороны 2,177422 21,774220
крупном 4,317488 4,317488
мое 0,013423 0,026846
ссылка 0,013423 0,026846
решил 2,813411 5,626821
ссылке 0,013423 0,013423
говорится 2,371578 2,371578
перетяните 0,013423 0,013423
ссылки 0,013423 0,013423
помочь 0,013423 0,013423
архив 0,190354 0,190354
особняк 5,010635 5,010635
ошибках 0,013423 0,013423
обязательны 0,013423 0,093961
выпуска 0,013423 0,013423
списка 0,013423 0,013423
формой 0,013423 0,053692
роскомнадзор 0,013423 0,013423
среди 2,813411 2,813411
июле 3,624341 7,248682
блокировался 0,013423 0,013423
москва 0,006689 0,046823
воспользоваться 0,013423 0,013423
входа 0,013423 0,013423
моё 0,013423 0,013423
ноябре 3,218876 3,218876
федеральное 0,013423 0,013423
федеральной 0,013423 0,013423
медиабанкбывший 4,317488 4,317488
международное 0,013423 0,040269
незаконном 5,010635 5,010635
будут 0,013423 0,013423
новостей 0,006689 0,006689
москвы 1,455287 2,910574
политикой 0,013423 0,040269
единый 3,624341 3,624341
котором 2,931194 5,862388
обработки 0,013423 0,026846
даю 0,013423 0,026846
перейти 1,203973 2,407946
обработку 0,013423 0,026846
обратной 0,013423 0,067115
григорий 3,624341 7,248682
подкасты 0,292136 0,292136
редакции 0,013423 0,026846
обращений 0,013423 0,013423
обращение 3,401197 3,401197
обработка 0,013423 0,013423
это 0,013423 0,026846
миллиарда 4,317488 4,317488
описанием 0,013423 0,013423
новую 0,013423 0,013423
массовых 0,013423 0,013423
званию 5,010635 5,010635
пройдена 0,013423 0,013423
ивановдело 5,010635 5,010635
используется 0,013423 0,013423
отказа 2,931194 2,931194
зарегистрироваться 0,013423 0,053692
звании 5,010635 5,010635
пожаловаться 0,013423 0,013423
новости 0,006689 0,086957
войти 0,013423 0,053692
электронной 0,013423 0,013423
майора 5,010635 5,010635
мире 0,274437 0,274437
эл 0,013423 0,013423
особо 3,912023 3,912023
действия 0,013423 0,026846
радио 0,274437 0,274437
дзен 0,851752 0,851752
защита 0,013423 0,013423
вину 3,624341 3,624341
регистрация 0,013423 0,040269
почему 0,013423 0,013423
использования 0,013423 0,013423
восстановление 0,013423 0,040269
вопросам 0,013423 0,026846
новое 2,525729 2,525729
государственное 0,013423 0,013423
вконтакте 0,013423 0,026846
просит 5,010635 5,010635
спецпроекты 0,190354 0,190354
просим 0,013423 0,013423
навсегда 0,013423 0,013423
нарушение 0,013423 0,040269
заблокирован 0,013423 0,013423
ошибку 0,013423 0,013423
защиты 0,013423 0,013423
назад 0,013423 0,067115
обращения 0,013423 0,026846
февраля 0,616186 0,616186
издания 3,624341 3,624341
лимузин 5,010635 5,010635
ошибка 0,013423 0,013423
вопрос 0,006689 0,006689
зубовский 0,013423 0,026846
подтверждаете 0,013423 0,013423
заполнить 0,013423 0,026846
министра 3,401197 6,802395
осуществляется 0,013423 0,013423
ваш 0,013423 0,053692
имя 0,013423 0,067115
другие 0,013423 0,026846
общество 0,265703 0,265703
надзору 0,013423 0,013423
срок 0,013423 0,026846
издание 0,013423 0,013423
бульвар 0,013423 0,026846
хотите 0,013423 0,013423
заполните 0,013423 0,067115
группировке 5,010635 5,010635
технологий 0,013423 0,026846
сетевое 0,013423 0,013423
суток 3,624341 3,624341
вновь 0,013423 0,013423
драгоценности 5,010635 5,010635
фев 1,399717 1,399717
сменить 0,013423 0,013423
материал 0,013423 0,013423
участвовать 0,013423 0,026846
сообщить 0,013423 0,013423
мещанский 5,010635 5,010635
успешно 0,013423 0,013423
скриншот 0,013423 0,040269
обвиняют 5,010635 5,010635
иске 5,010635 5,010635
районный 3,912023 3,912023
лента 0,006689 0,013378
главы 2,931194 5,862388
взятки 4,317488 4,317488
заблокированы 0,013423 0,013423
спорт 0,190354 0,190354
сфере 0,013423 0,013423
свидетельство 0,013423 0,013423
должностей 5,010635 5,010635
правила 0,013423 0,026846
взаимодействия 0,013423 0,026846
сохранить 0,013423 0,013423
информационное 0,013423 0,040269
министерство 2,238047 6,714140
бездействие 5,010635 5,010635
комментирования 0,013423 0,026846
пресс 0,013423 0,026846
россии 0,395515 0,791030
иск 3,064725 24,517801
применения 0,013423 0,013423
задержали 3,064725 3,064725
федеральному 0,013423 0,026846
ивановаминистерство 5,010635 5,010635
персональных 0,013423 0,107384
произошла 0,013423 0,013423
хранении 5,010635 5,010635
рублей 2,525729 5,051457
признать 5,010635 5,010635
требования 2,525729 2,525729
дата 0,013423 0,013423
ваше 0,013423 0,107384
сайте 0,013423 0,013423
ваши 0,013423 0,013423
фио 0,013423 0,013423
восстановить 0,013423 0,013423
пожалуйста 0,013423 0,013423
сво 1,919593 5,758779
ниже 0,013423 0,040269
версия 0,013423 0,013423
вопроса 0,013423 0,013423
россия 0,006689 0,080268
го 2,177422 4,354844
поля 0,013423 0,093961
сысоев 3,624341 7,248682
подозрению 3,624341 3,624341
тимуру 5,010635 5,010635
государственному 0,013423 0,026846
военкомата 5,010635 5,010635
регистрации 0,013423 0,026846
оружия 3,912023 3,912023
поле 0,013423 0,013423
сайт 0,013423 0,026846
взяток 5,010635 5,010635
сервисы 0,190354 0,190354
зарегистрировано 0,013423 0,013423
другое 0,013423 0,013423
туризм 0,283247 0,283247
трех 2,177422 2,177422
поддерживаетсяполучить 0,013423 0,013423
адрес 0,013423 0,040269
соответствии 0,013423 0,026846
представить 3,624341 3,624341
загрузите 0,013423 0,013423
сообщения 0,013423 0,053692
загрузить 0,013423 0,013423
отправке 5,010635 10,021271
направлении 0,013423 0,013423
замеченных 0,013423 0,013423
телефон 0,013423 0,013423
отправки 0,013423 0,040269
унитарному 0,013423 0,026846
миллионов 2,931194 2,931194
обновлено 1,003302 1,003302
сообщение 0,013423 0,134230
изъяли 5,010635 5,010635
выберите 0,013423 0,040269
старые 0,013423 0,013423
кроме 1,919593 3,839186
попробуйте 0,013423 0,013423
растрате 5,010635 15,031906
защитой 0,013423 0,026846
статье 3,401197 3,401197
статьи 0,013423 0,013423
размере 3,912023 3,912023
подтвердите 0,013423 0,013423
авторизация 0,013423 0,013423
религия 0,283247 0,283247
форма 0,013423 0,013423
логином 0,013423 0,013423
рейтинг 0,006689 0,006689
галочку 0,013423 0,013423
перетащите 0,013423 0,040269
материале 0,013423 0,026846
культура 0,292136 0,292136
отправил 4,317488 4,317488
материала 0,013423 0,026846
происшествия 0,292136 1,460682
вашего 0,013423 0,013423
паролем 0,013423 0,013423
легализации 5,010635 5,010635
способы 0,013423 0,026846
зарегистрируйтесь 0,013423 0,013423
обо 0,013423 0,013423
любой 2,445686 2,445686
любом 3,064725 3,064725
недвижимость 0,292136 0,292136
дискуссии 0,013423 0,026846
покупке 3,912023 3,912023
выражал 4,317488 4,317488
замминистра 3,912023 19,560115
редактор 0,013423 0,013423
направил 4,317488 4,317488
фгуп 0,499776 2,498879
унитарное 0,013423 0,013423
подрядчик 5,010635 5,010635
сталинский 5,010635 5,010635
колонии 5,010635 5,010635
форму 0,013423 0,093961
тема 0,013423 0,040269
отправленного 0,013423 0,013423
связанные 0,013423 0,013423
рекомендательных 0,013423 0,013423
около 2,177422 2,177422
данная 0,013423 0,013423
обратная 0,013423 0,026846
риа 0,006689 0,080268
заместитель 3,912023 15,648092
проставляя 0,013423 0,013423
связанных 0,013423 0,013423
опишите 0,013423 0,013423
заполнения 0,013423 0,093961
службу 3,401197 6,802395
полезное 0,182322 0,182322
комиссариату 5,010635 5,010635
службе 0,013423 0,013423
медиабанк 1,321756 1,321756
игнорированием 5,010635 5,010635
релизов 0,013423 0,013423
ваших 0,013423 0,026846
почты 0,013423 0,013423
который 1,160488 1,160488
агентство 0,013423 0,040269
правил 0,013423 0,040269
москватимур 5,010635 5,010635
месяца 2,708050 2,708050
авторизоваться 0,013423 0,013423
авторизуйтесь 0,013423 0,013423
говорилось 4,317488 4,317488
агентства 0,013423 0,013423
сегодня 0,013423 0,134230
расширенный 0,013423 0,013423
контрактную 5,010635 5,010635
воинской 4,317488 4,317488
новыесначала 0,013423 0,013423
шапка 0,013423 0,013423
соответствующую 5,010635 5,010635
отправить 0,013423 0,161076
продолжить 0,013423 0,013423
решении 0,013423 0,013423
отбора 3,912023 3,912023
воспользуйтесь 0,013423 0,040269
контракта 4,317488 4,317488
участие 0,006689 0,006689
архивное 1,373049 1,373049
аккаунт 0,013423 0,053692
экономика 0,292136 0,292136
отбору 5,010635 5,010635
обсуждение 0,013423 0,013423
использовать 0,013423 0,013423
опечатка 0,013423 0,013423
блокировки 0,013423 0,013423
онлайн 0,013423 0,013423
тимура 5,010635 20,042541
контактов 0,013423 0,013423
почта 0,013423 0,080538
апреля 0,013423 0,013423
фамилия 0,013423 0,013423
совершить 4,317488 4,317488
пишет 2,177422 4,354844
предъявил 5,010635 5,010635
нами 0,013423 0,093961
яндекс 0,013423 0,026846
удалили 0,013423 0,040269
либо 0,013423 0,013423
военных 2,708050 2,708050
вакансии 0,013423 0,013423
ответчиков 5,010635 5,010635
аккаунту 0,013423 0,013423
открываемого 0,013423 0,026846
обязать 5,010635 5,010635
никакого 3,218876 3,218876
нажимая 0,013423 0,013423
поиск 0,013423 0,013423
вами 0,013423 0,013423
недопустимое 0,013423 0,013423
паромов 5,010635 5,010635
году 1,139434 1,139434
согласны 0,013423 0,040269
истек 0,013423 0,013423
признает 3,912023 3,912023
предприятию 0,013423 0,026846
рекламы 0,013423 0,013423
внимание 0,013423 0,013423
принимать 0,013423 0,013423
иванову 5,010635 5,010635
сможете 0,013423 0,013423
заключению 5,010635 5,010635
суде 3,218876 6,437752
года 0,006689 0,006689
годам 3,624341 3,624341
информации 2,612740 2,612740
ознакомлены 0,013423 0,013423
иванова 5,010635 30,063812
осужденный 5,010635 10,021271
моих 0,013423 0,026846
предприятие 0,013423 0,013423
наука 0,292136 0,292136
обсуждения 0,013423 0,013423
блокировкой 0,013423 0,040269
