законным 0,013423 0,013423
новый 0,013423 0,013423
найти 0,013423 0,013423
основанием 0,013423 0,013423
письмо 0,013423 0,013423
содержания 3,401197 3,401197
спасибо 0,013423 0,013423
радиоэфир 3,624341 3,624341
согласие 0,013423 0,040269
центр 0,190354 0,190354
социальному 5,010635 5,010635
частью 4,317488 4,317488
доступ 0,013423 0,026846
согласия 3,401197 3,401197
миа 0,013423 0,093961
пишите 5,010635 5,010635
задать 0,013423 0,013423
теги 0,190354 0,190354
автору 0,013423 0,013423
религиозному 5,010635 5,010635
связаться 0,013423 0,080538
должны 0,013423 0,013423
г 0,013423 0,026846
д 0,013423 0,026846
просмотра 4,317488 4,317488
реклама 0,190354 0,190354
флешмоб 5,010635 5,010635
содержание 3,624341 3,624341
фото 0,013423 0,053692
написанием 5,010635 5,010635
политика 0,013423 0,026846
связь 0,006689 0,013378
использованием 3,064725 3,064725
готово 0,013423 0,026846
течение 0,013423 0,026846
информационных 0,013423 0,013423
размещения 0,013423 0,013423
конфиденциальности 0,013423 0,053692
связи 0,013423 0,080538
подпадающих 5,010635 5,010635
заголовок 0,013423 0,026846
несовершеннолетних 3,401197 3,401197
процесса 0,013423 0,013423
преимущественно 3,912023 3,912023
адресу 0,013423 0,026846
проблему 0,013423 0,013423
конкретных 4,317488 4,317488
употребление 4,317488 4,317488
время 0,013423 0,013423
данных 0,013423 0,107384
письма 0,013423 0,013423
нецензурную 4,317488 4,317488
ресурсы 3,401197 3,401197
часов 0,013423 0,040269
соглашаетесь 0,013423 0,013423
ранее 0,013423 0,013423
восстановления 0,013423 0,013423
главный 0,013423 0,013423
данные 0,013423 0,026846
также 1,139434 1,139434
многократном 5,010635 5,010635
разблокировать 0,013423 0,040269
город 0,013423 0,013423
оставлять 4,317488 4,317488
фотографию 0,013423 0,013423
обращаем 0,013423 0,013423
идентичным 5,010635 5,010635
отправлено 0,013423 0,013423
написать 0,013423 0,013423
новостеймолния 0,013423 0,013423
одноклассники 0,013423 0,026846
сначала 0,013423 0,013423
вред 2,612740 2,612740
лиц 2,302585 6,907755
публикации 2,238047 2,238047
показать 0,013423 0,013423
кнопку 0,013423 0,013423
лексику 5,010635 5,010635
коммуникаций 0,013423 0,013423
пароль 0,013423 0,080538
пароля 0,013423 0,053692
перейдите 0,013423 0,013423
вход 0,013423 0,013423
продукты 0,150823 0,150823
закрыто 0,013423 0,013423
удалено 0,013423 0,013423
коммерческие 4,317488 4,317488
сколько 0,006689 0,006689
дискриминацию 5,010635 5,010635
гаврилова 0,013423 0,013423
могут 1,643339 1,643339
материалов 0,013423 0,093961
отправлена 0,013423 0,013423
чате 0,013423 0,013423
языку 4,317488 4,317488
сайтах 3,912023 3,912023
расположенному 0,013423 0,026846
чату 0,013423 0,013423
редакцией 0,013423 0,013423
инфографика 2,177422 6,532266
видео 1,832581 5,497744
пренебрежение 5,010635 5,010635
доступны 4,317488 4,317488
учредитель 0,013423 0,013423
рассмотрены 0,013423 0,013423
мое 0,013423 0,026846
ссылка 0,013423 0,026846
деловую 5,010635 5,010635
последние 1,098612 1,098612
ссылке 0,013423 0,013423
перетяните 0,013423 0,013423
ссылки 0,013423 0,026846
помочь 0,013423 0,013423
архив 0,190354 0,190354
изменению 5,010635 5,010635
порочит 5,010635 5,010635
ошибках 0,013423 0,013423
рекламную 5,010635 5,010635
обязательны 0,013423 0,093961
единиц 5,010635 5,010635
выпуска 0,013423 0,013423
списка 0,013423 0,013423
формой 0,013423 0,053692
роскомнадзор 0,013423 0,013423
самая 2,177422 2,177422
написан 5,010635 5,010635
флуд 5,010635 5,010635
блокировался 0,013423 0,013423
русском 5,010635 5,010635
москве 1,118815 2,237630
москва 0,006689 0,013378
воспользоваться 0,013423 0,013423
трудно 4,317488 4,317488
российской 1,678431 3,356862
входа 0,013423 0,013423
моё 0,013423 0,013423
угрозы 5,010635 5,010635
федеральное 0,013423 0,013423
публикуются 4,317488 4,317488
федеральной 0,013423 0,013423
оскорбления 5,010635 10,021271
международное 0,013423 0,040269
большое 2,931194 2,931194
текста 4,317488 4,317488
будут 0,013423 0,013423
текст 4,317488 12,952464
новостей 0,006689 0,006689
которой 2,238047 2,238047
политикой 0,013423 0,040269
содержанием 5,010635 5,010635
обработки 0,013423 0,026846
даю 0,013423 0,026846
расовому 5,010635 5,010635
участникам 2,931194 2,931194
действиями 4,317488 4,317488
обработку 0,013423 0,026846
производные 5,010635 5,010635
обратной 0,013423 0,067115
подкасты 0,292136 0,584273
редакции 0,013423 0,026846
латиницы 5,010635 5,010635
обращений 0,013423 0,013423
проявляется 4,317488 4,317488
обработка 0,013423 0,013423
это 0,013423 0,026846
обзоры 2,525729 2,525729
момента 3,064725 3,064725
описанием 0,013423 0,013423
новую 0,013423 0,013423
массовых 0,013423 0,013423
имеет 2,066196 2,066196
законодательство 3,401197 3,401197
пройдена 0,013423 0,013423
нарушает 3,624341 3,624341
используется 0,013423 0,013423
признакам 5,010635 5,010635
зарегистрироваться 0,013423 0,053692
пожаловаться 0,013423 0,013423
новости 0,006689 0,093646
войти 0,013423 0,053692
поступает 3,912023 3,912023
электронной 0,013423 0,013423
мире 0,274437 1,097747
эл 0,013423 0,013423
действия 0,013423 0,013423
радио 0,274437 0,823311
защита 0,013423 0,013423
регистрация 0,013423 0,040269
почему 0,013423 0,013423
использования 0,013423 0,013423
репутацию 5,010635 5,010635
восстановление 0,013423 0,040269
вопросам 0,013423 0,026846
государственное 0,013423 0,013423
строя 5,010635 5,010635
нарушении 4,317488 4,317488
вконтакте 0,013423 0,026846
спецпроекты 0,190354 0,190354
просим 0,013423 0,013423
навсегда 0,013423 0,013423
нарушение 0,013423 0,040269
заблокирован 0,013423 0,013423
причиняет 5,010635 5,010635
ошибку 0,013423 0,013423
защиты 0,013423 0,013423
назад 0,013423 0,067115
обращения 0,013423 0,026846
русскому 4,317488 4,317488
ошибка 0,013423 0,013423
события 2,525729 5,051457
фигурирующим 5,010635 5,010635
вопрос 0,006689 0,006689
лицам 3,401197 3,401197
зубовский 0,013423 0,026846
подтверждаете 0,013423 0,013423
малосодержательных 5,010635 5,010635
заполнить 0,013423 0,026846
пропагандирует 5,010635 5,010635
преследует 4,317488 4,317488
осуществляется 0,013423 0,013423
ваш 0,013423 0,053692
имя 0,013423 0,067115
общество 0,265703 0,265703
другие 0,013423 0,040269
надзору 0,013423 0,013423
другим 3,624341 3,624341
срок 0,013423 0,026846
издание 0,013423 0,013423
бульвар 0,013423 0,026846
пользователя 3,624341 10,873023
событий 2,177422 2,177422
хотите 0,013423 0,013423
заполните 0,013423 0,067115
других 1,966113 3,932226
технологий 0,013423 0,026846
сетевое 0,013423 0,013423
пользователь 3,624341 7,248682
вновь 0,013423 0,013423
сменить 0,013423 0,013423
материал 0,013423 0,013423
участвовать 0,013423 0,026846
нормами 3,624341 3,624341
сообщить 0,013423 0,013423
заглавными 5,010635 5,010635
успешно 0,013423 0,013423
скриншот 0,013423 0,040269
федерации 2,177422 4,354844
определение 3,624341 3,624341
лента 0,006689 0,013378
уловить 5,010635 5,010635
заблокированы 0,013423 0,013423
спорт 0,190354 0,190354
сфере 0,013423 0,013423
лексических 5,010635 5,010635
свидетельство 0,013423 0,013423
блокироваться 5,010635 5,010635
правила 0,013423 0,080538
взаимодействия 0,013423 0,026846
сохранить 0,013423 0,013423
информационное 0,013423 0,040269
комментирования 0,013423 0,093961
высказываться 5,010635 5,010635
пресс 0,013423 0,026846
россии 0,395515 1,186544
применения 0,013423 0,013423
смысл 3,624341 3,624341
федеральному 0,013423 0,026846
персональных 0,013423 0,107384
произошла 0,013423 0,013423
цели 2,525729 2,525729
дата 0,013423 0,013423
ваше 0,013423 0,107384
сайте 0,013423 0,013423
ваши 0,013423 0,013423
материалах 5,010635 5,010635
фио 0,013423 0,013423
восстановить 0,013423 0,013423
пожалуйста 0,013423 0,026846
злоупотребляет 5,010635 5,010635
ниже 0,013423 0,040269
версия 0,013423 0,013423
вопроса 0,013423 0,013423
россия 0,006689 0,080268
поля 0,013423 0,093961
обозначает 5,010635 5,010635
государственному 0,013423 0,026846
персональные 3,401197 3,401197
регистрации 0,013423 0,040269
сообщений 5,010635 5,010635
поле 0,013423 0,013423
сайт 0,013423 0,026846
сервисы 0,190354 0,190354
зарегистрировано 0,013423 0,013423
другое 0,013423 0,013423
туризм 0,283247 0,283247
поддерживаетсяполучить 0,013423 0,013423
адрес 0,013423 0,067115
соответствии 0,013423 0,026846
схожим 5,010635 5,010635
отношению 4,317488 4,317488
загрузите 0,013423 0,013423
сообщения 0,013423 0,067115
ущемляет 5,010635 5,010635
загрузить 0,013423 0,013423
направлении 0,013423 0,013423
замеченных 0,013423 0,013423
телефон 0,013423 0,013423
отправки 0,013423 0,013423
унитарному 0,013423 0,026846
конституционного 4,317488 4,317488
факт 3,218876 3,218876
автор 3,218876 3,218876
сообщение 0,013423 0,134230
её 3,064725 3,064725
выберите 0,013423 0,040269
старые 0,013423 0,013423
буквами 5,010635 5,010635
такую 3,912023 3,912023
разбит 5,010635 5,010635
попробуйте 0,013423 0,013423
половому 5,010635 5,010635
комментариев 4,317488 4,317488
защитой 0,013423 0,026846
данными 3,912023 3,912023
обязуется 5,010635 10,021271
статьи 0,013423 0,026846
подтвердите 0,013423 0,013423
авторизация 0,013423 0,013423
религия 0,283247 0,283247
форма 0,013423 0,013423
логином 0,013423 0,013423
рейтинг 0,006689 0,006689
галочку 0,013423 0,013423
целиком 4,317488 4,317488
форме 2,302585 2,302585
перетащите 0,013423 0,040269
материале 0,013423 0,026846
культура 0,292136 0,292136
материала 0,013423 0,026846
пользователей 3,912023 3,912023
происшествия 0,292136 0,292136
вашего 0,013423 0,013423
читателям 5,010635 5,010635
паролем 0,013423 0,013423
дня 1,678431 5,035292
способы 0,013423 0,026846
зарегистрируйтесь 0,013423 0,013423
обо 0,013423 0,013423
набран 5,010635 5,010635
подрывает 5,010635 5,010635
любой 2,445686 2,445686
честь 4,317488 4,317488
темы 2,612740 7,838220
недвижимость 0,292136 0,292136
содержащие 5,010635 5,010635
непристойное 5,010635 5,010635
дискуссии 0,013423 0,040269
призывает 5,010635 5,010635
редактор 0,013423 0,013423
фгуп 0,499776 2,498879
сотрудников 2,708050 2,708050
унитарное 0,013423 0,013423
комментарии 4,317488 17,269952
нарушать 5,010635 5,010635
комментарий 5,010635 5,010635
оперативная 3,624341 3,624341
форму 0,013423 0,093961
тема 0,013423 0,040269
отправленного 0,013423 0,013423
неуважение 4,317488 8,634976
грамотно 5,010635 5,010635
связанные 0,013423 0,013423
рекомендательных 0,013423 0,013423
большого 3,624341 3,624341
данная 0,013423 0,013423
третьих 3,624341 3,624341
обратная 0,013423 0,026846
риа 0,006689 0,066890
содержит 3,912023 15,648092
анализ 3,064725 3,064725
удален 5,010635 5,010635
своими 2,931194 2,931194
проставляя 0,013423 0,013423
связанных 0,013423 0,013423
опишите 0,013423 0,013423
заполнения 0,013423 0,093961
предложения 3,624341 3,624341
полезное 0,182322 0,182322
права 2,708050 5,416100
службе 0,013423 0,013423
релизов 0,013423 0,013423
ваших 0,013423 0,026846
является 2,066196 2,066196
почты 0,013423 0,013423
русски 4,317488 4,317488
языке 5,010635 5,010635
агентство 0,013423 0,040269
спам 5,010635 5,010635
правил 0,013423 0,053692
которых 1,966113 1,966113
вне 3,401197 3,401197
насильственному 5,010635 5,010635
авторизоваться 0,013423 0,013423
авторизуйтесь 0,013423 0,013423
этническому 5,010635 5,010635
агентства 0,013423 0,013423
сегодня 0,013423 0,134230
расширенный 0,013423 0,013423
ненависть 4,317488 4,317488
выражающие 5,010635 5,010635
новыесначала 0,013423 0,013423
сетевые 5,010635 5,010635
зависимости 2,014903 2,014903
шапка 0,013423 0,013423
акции 3,401197 3,401197
отправить 0,013423 0,147653
продолжить 0,013423 0,013423
распространяет 5,010635 5,010635
действующее 5,010635 5,010635
решении 0,013423 0,013423
воспользуйтесь 0,013423 0,040269
уважительно 5,010635 5,010635
участие 0,006689 0,006689
аккаунт 0,013423 0,053692
экономика 0,292136 0,292136
обсуждение 0,013423 0,013423
использовать 0,013423 0,013423
опечатка 0,013423 0,013423
меньшинств 5,010635 5,010635
блокировки 0,013423 0,013423
онлайн 0,013423 0,013423
контактов 0,013423 0,013423
почта 0,013423 0,080538
количества 3,064725 3,064725
организаций 3,064725 3,064725
апреля 0,013423 0,013423
фамилия 0,013423 0,013423
количество 2,238047 2,238047
нами 0,013423 0,093961
яндекс 0,013423 0,026846
места 2,612740 2,612740
удалили 0,013423 0,040269
либо 0,013423 0,013423
вакансии 0,013423 0,013423
аккаунту 0,013423 0,013423
открываемого 0,013423 0,026846
нажимая 0,013423 0,013423
поиск 0,013423 0,013423
вами 0,013423 0,013423
недопустимое 0,013423 0,013423
правилами 3,912023 7,824046
согласны 0,013423 0,040269
истек 0,013423 0,013423
невозможно 2,525729 2,525729
предприятию 0,013423 0,026846
рекламы 0,013423 0,013423
внимание 0,013423 0,013423
принимать 0,013423 0,013423
сможете 0,013423 0,013423
возможность 2,302585 2,302585
намёки 5,010635 5,010635
года 0,006689 0,006689
достоинство 4,317488 4,317488
информация 2,612740 2,612740
ознакомлены 0,013423 0,013423
информацию 2,708050 5,416100
моих 0,013423 0,026846
предприятие 0,013423 0,013423
наука 0,292136 0,292136
заблокирована 5,010635 5,010635
обсуждения 0,013423 0,013423
блокировкой 0,013423 0,040269
