законным 0,013423 0,013423
новый 0,013423 0,040269
личных 3,912023 7,824046
день 1,203973 2,407946
аварийные 4,317488 8,634976
найти 0,013423 0,013423
основанием 0,013423 0,013423
письмо 0,013423 0,013423
спасибо 0,013423 0,013423
улично 4,317488 8,634976
поездки 3,912023 7,824046
согласие 0,013423 0,026846
центр 0,190354 0,190354
доступ 0,013423 0,026846
миа 0,013423 0,093961
задать 0,013423 0,013423
теги 0,190354 0,190354
автору 0,013423 0,013423
связаться 0,013423 0,080538
должны 0,013423 0,013423
словам 1,752539 3,505078
г 0,013423 0,026846
д 0,013423 0,026846
реклама 0,190354 0,190354
фото 0,013423 0,067115
политика 0,013423 0,026846
связь 0,006689 0,013378
готово 0,013423 0,026846
течение 0,013423 0,013423
информационных 0,013423 0,013423
размещения 0,013423 0,013423
ветер 3,912023 7,824046
конфиденциальности 0,013423 0,053692
связи 0,013423 0,080538
обеспечить 3,218876 6,437752
весь 2,813411 5,626821
заголовок 0,013423 0,026846
инженерных 4,317488 8,634976
процесса 0,013423 0,013423
адресу 0,013423 0,026846
проблему 0,013423 0,013423
мощных 4,317488 8,634976
собранного 4,317488 8,634976
метров 3,624341 7,248682
тройку 3,912023 7,824046
время 0,013423 0,013423
данных 0,013423 0,107384
письма 0,013423 0,013423
справляется 2,931194 17,587163
часов 0,013423 0,026846
соглашаетесь 0,013423 0,013423
сильным 3,912023 7,824046
мощный 4,317488 8,634976
защитника 3,624341 7,248682
ранее 0,013423 0,013423
восстановления 0,013423 0,013423
главный 0,013423 0,013423
ситуация 3,218876 6,437752
данные 0,013423 0,013423
также 1,139434 4,557737
городские 2,813411 5,626821
сергей 1,609438 3,218876
разблокировать 0,013423 0,040269
город 0,013423 0,040269
фотографию 0,013423 0,013423
обращаем 0,013423 0,013423
подходов 3,912023 7,824046
отправлено 0,013423 0,013423
написать 0,013423 0,013423
новостеймолния 0,013423 0,013423
одноклассники 0,013423 0,026846
сначала 0,013423 0,013423
синоптиков 4,317488 8,634976
показать 0,013423 0,013423
кнопку 0,013423 0,013423
дежурят 3,912023 7,824046
коммуникаций 0,013423 0,013423
пароль 0,013423 0,080538
пароля 0,013423 0,053692
перейдите 0,013423 0,013423
вход 0,013423 0,013423
продукты 0,150823 0,150823
читать 0,851752 0,851752
последствиями 2,931194 17,587163
закрыто 0,013423 0,013423
удалено 0,013423 0,013423
сколько 0,006689 0,006689
гаврилова 0,013423 0,013423
материалов 0,013423 0,040269
отправлена 0,013423 0,013423
чате 0,013423 0,013423
расположенному 0,013423 0,026846
чату 0,013423 0,013423
редакцией 0,013423 0,013423
перенести 4,317488 8,634976
фотомоскваснегопад 5,010635 5,010635
помощи 2,066196 4,132393
снежного 4,317488 8,634976
учредитель 0,013423 0,013423
часть 1,919593 3,839186
рассмотрены 0,013423 0,013423
мое 0,013423 0,026846
внимательными 4,317488 8,634976
ссылка 0,013423 0,026846
ссылке 0,013423 0,013423
перетяните 0,013423 0,013423
ссылки 0,013423 0,013423
помочь 0,013423 0,013423
архив 0,190354 0,190354
проезд 4,317488 8,634976
ошибках 0,013423 0,013423
обязательны 0,013423 0,093961
усиленном 3,218876 6,437752
машин 3,912023 7,824046
осадков 3,912023 7,824046
выпуска 0,013423 0,013423
списка 0,013423 0,013423
формой 0,013423 0,053692
роскомнадзор 0,013423 0,013423
справится 3,912023 7,824046
блокировался 0,013423 0,013423
москве 1,118815 4,475260
вывозится 4,317488 8,634976
москва 0,006689 0,080268
воспользоваться 0,013423 0,013423
входа 0,013423 0,013423
моё 0,013423 0,013423
москву 2,612740 5,225480
федеральное 0,013423 0,013423
мощного 2,813411 16,880464
федеральной 0,013423 0,013423
покрова 3,912023 7,824046
международное 0,013423 0,040269
свыше 3,064725 6,129450
будут 0,013423 0,013423
новостей 0,006689 0,006689
магистралей 3,912023 7,824046
нормы 3,218876 6,437752
политикой 0,013423 0,040269
отметил 2,931194 5,862388
закончится 3,624341 7,248682
обработки 0,013423 0,026846
даю 0,013423 0,026846
перейти 1,203973 26,487402
обработку 0,013423 0,026846
работать 2,708050 5,416100
обратной 0,013423 0,067115
скорой 3,064725 6,129450
григорий 3,624341 28,994727
подкасты 0,292136 0,292136
редакции 0,013423 0,026846
обращений 0,013423 0,013423
сильную 4,317488 8,634976
обработка 0,013423 0,013423
это 0,013423 0,013423
объектам 3,624341 7,248682
станет 2,302585 4,605170
отечества 3,401197 6,802395
прогнозируют 4,317488 8,634976
описанием 0,013423 0,013423
новую 0,013423 0,013423
массовых 0,013423 0,013423
аккуратными 3,912023 7,824046
оперативной 4,317488 8,634976
пройдена 0,013423 0,013423
михаил 2,612740 20,901920
давности 3,912023 7,824046
используется 0,013423 0,013423
сантиметр 4,317488 8,634976
транспорта 3,064725 12,258901
зарегистрироваться 0,013423 0,053692
пожаловаться 0,013423 0,013423
уделяется 4,317488 8,634976
новости 0,006689 0,214048
войти 0,013423 0,080538
ведется 3,624341 7,248682
электронной 0,013423 0,013423
улице 3,218876 6,437752
автомобилях 4,317488 8,634976
мире 0,274437 0,274437
эл 0,013423 0,013423
действия 0,013423 0,013423
радио 0,274437 0,274437
дзен 0,851752 0,851752
защита 0,013423 0,013423
регистрация 0,013423 0,040269
почему 0,013423 0,013423
использования 0,013423 0,013423
восстановление 0,013423 0,040269
вопросам 0,013423 0,026846
государственное 0,013423 0,013423
утилизации 4,317488 8,634976
вконтакте 0,013423 0,026846
спецпроекты 0,190354 0,190354
просим 0,013423 0,013423
феврале 3,064725 6,129450
навсегда 0,013423 0,013423
нарушение 0,013423 0,040269
заблокирован 0,013423 0,013423
дорожной 4,317488 8,634976
ошибку 0,013423 0,013423
защиты 0,013423 0,013423
побить 4,317488 8,634976
порывами 4,317488 8,634976
назад 0,013423 0,067115
обращения 0,013423 0,026846
сложная 3,912023 7,824046
февраля 0,616186 1,232372
ошибка 0,013423 0,013423
вопрос 0,006689 0,006689
высоты 3,624341 7,248682
зубовский 0,013423 0,026846
самых 1,875141 3,750282
подтверждаете 0,013423 0,013423
заполнить 0,013423 0,026846
осуществляется 0,013423 0,013423
ваш 0,013423 0,053692
имя 0,013423 0,067115
другие 0,013423 0,026846
общество 0,265703 0,265703
наблюдений 4,317488 8,634976
надзору 0,013423 0,013423
срок 0,013423 0,026846
издание 0,013423 0,013423
бульвар 0,013423 0,026846
хотите 0,013423 0,013423
заполните 0,013423 0,067115
технологий 0,013423 0,026846
компаний 3,624341 7,248682
сетевое 0,013423 0,013423
состояния 2,612740 5,225480
вновь 0,013423 0,013423
сменить 0,013423 0,013423
материал 0,013423 0,013423
участвовать 0,013423 0,026846
самым 2,302585 4,605170
сообщить 0,013423 0,013423
успешно 0,013423 0,013423
скриншот 0,013423 0,040269
ключевых 3,064725 6,129450
лента 0,006689 0,013378
служб 3,064725 12,258901
призывают 4,317488 8,634976
сферы 3,912023 7,824046
заблокированы 0,013423 0,013423
спорт 0,190354 0,190354
сфере 0,013423 0,013423
столичных 3,912023 7,824046
свидетельство 0,013423 0,013423
обрушился 3,624341 7,248682
бригады 3,624341 7,248682
правила 0,013423 0,026846
взаимодействия 0,013423 0,026846
возможности 2,302585 4,605170
сохранить 0,013423 0,013423
информационное 0,013423 0,040269
комментирования 0,013423 0,026846
циклон 3,912023 7,824046
пресс 0,013423 0,026846
применения 0,013423 0,013423
станислав 3,624341 7,248682
федеральному 0,013423 0,026846
персональных 0,013423 0,107384
произошла 0,013423 0,013423
дата 0,013423 0,013423
ваше 0,013423 0,107384
тротуаров 4,317488 8,634976
сайте 0,013423 0,013423
ваши 0,013423 0,013423
суточный 4,317488 8,634976
снега 2,708050 10,832201
фио 0,013423 0,013423
восстановить 0,013423 0,013423
предполагается 3,912023 7,824046
пожалуйста 0,013423 0,013423
пункты 3,401197 6,802395
селиверстова 3,218876 12,875503
ниже 0,013423 0,040269
версия 0,013423 0,013423
вопроса 0,013423 0,013423
россия 0,006689 0,080268
сутки 2,525729 5,051457
поля 0,013423 0,093961
сысоев 3,624341 28,994727
рекорд 4,317488 8,634976
парк 3,912023 7,824046
спецтехники 4,317488 8,634976
государственному 0,013423 0,026846
регистрации 0,013423 0,026846
поле 0,013423 0,013423
сайт 0,013423 0,026846
сервисы 0,190354 0,190354
зарегистрировано 0,013423 0,013423
другое 0,013423 0,013423
туризм 0,283247 0,283247
поддерживаетсяполучить 0,013423 0,013423
адрес 0,013423 0,040269
соответствии 0,013423 0,026846
загрузите 0,013423 0,013423
сообщения 0,013423 0,053692
загрузить 0,013423 0,013423
собянин 3,624341 7,248682
скорее 3,064725 6,129450
утру 4,317488 8,634976
направлении 0,013423 0,013423
замеченных 0,013423 0,013423
телефон 0,013423 0,013423
отправки 0,013423 0,013423
специалисты 3,064725 6,129450
коммунальных 2,813411 5,626821
унитарному 0,013423 0,026846
сети 2,813411 5,626821
обновлено 1,003302 1,003302
сообщение 0,013423 0,134230
выберите 0,013423 0,040269
старые 0,013423 0,013423
попробуйте 0,013423 0,013423
секунду 3,912023 7,824046
метель 3,912023 15,648092
защитой 0,013423 0,026846
круглосуточно 4,317488 8,634976
статьи 0,013423 0,013423
подтвердите 0,013423 0,013423
авторизация 0,013423 0,013423
религия 0,283247 0,283247
мэр 4,317488 8,634976
форма 0,013423 0,013423
логином 0,013423 0,013423
рейтинг 0,006689 0,006689
галочку 0,013423 0,013423
составляет 2,445686 4,891372
перетащите 0,013423 0,040269
материале 0,013423 0,026846
культура 0,292136 0,292136
материала 0,013423 0,026846
режиме 2,525729 5,051457
происшествия 0,292136 0,292136
красильников 3,912023 7,824046
оперативных 4,317488 8,634976
вашего 0,013423 0,013423
снегопада 2,612740 15,676440
паролем 0,013423 0,013423
социальной 2,445686 4,891372
выпадение 4,317488 8,634976
обновится 4,317488 8,634976
способы 0,013423 0,026846
зарегистрируйтесь 0,013423 0,013423
обо 0,013423 0,013423
недвижимость 0,292136 0,292136
воскресенский 4,317488 34,539905
дискуссии 0,013423 0,026846
редактор 0,013423 0,013423
фгуп 0,499776 2,498879
службы 2,066196 4,132393
сотрудников 2,708050 5,416100
унитарное 0,013423 0,013423
принес 3,064725 6,129450
форму 0,013423 0,093961
тема 0,013423 0,040269
отправленного 0,013423 0,013423
максимальное 2,525729 5,051457
мониторинг 3,912023 7,824046
летней 4,317488 8,634976
связанные 0,013423 0,013423
рекомендательных 0,013423 0,013423
продолжают 3,912023 7,824046
данная 0,013423 0,013423
обратная 0,013423 0,026846
риа 0,006689 0,207359
москвичей 3,624341 7,248682
проставляя 0,013423 0,013423
связанных 0,013423 0,013423
опишите 0,013423 0,013423
заполнения 0,013423 0,093961
полезное 0,182322 0,182322
службе 0,013423 0,013423
медиабанк 1,321756 29,078628
релизов 0,013423 0,013423
ваших 0,013423 0,026846
максимум 2,931194 5,862388
почты 0,013423 0,013423
который 1,160488 2,320975
крупных 3,912023 7,824046
наталья 2,708050 10,832201
прогнозу 3,912023 7,824046
агентство 0,013423 0,040269
правил 0,013423 0,040269
остановкам 3,912023 7,824046
снегоплавильные 4,317488 8,634976
авторизоваться 0,013423 0,013423
авторизуйтесь 0,013423 0,013423
агентства 0,013423 0,013423
сегодня 0,013423 0,134230
расширенный 0,013423 0,013423
сразу 1,832581 3,665163
ожидается 3,401197 6,802395
новыесначала 0,013423 0,013423
шапка 0,013423 0,013423
отправить 0,013423 0,147653
продолжить 0,013423 0,013423
решении 0,013423 0,013423
очистке 4,317488 17,269952
воспользуйтесь 0,013423 0,040269
крайне 3,218876 6,437752
участие 0,006689 0,006689
аккаунт 0,013423 0,053692
экономика 0,292136 0,292136
обсуждение 0,013423 0,013423
использовать 0,013423 0,013423
опечатка 0,013423 0,013423
снегопад 2,708050 24,372452
задействовано 4,317488 8,634976
блокировки 0,013423 0,013423
онлайн 0,013423 0,013423
контактов 0,013423 0,013423
столице 3,912023 15,648092
почта 0,013423 0,080538
историю 2,371578 4,743156
апреля 0,013423 0,013423
фамилия 0,013423 0,013423
количество 2,238047 4,476093
нами 0,013423 0,093961
яндекс 0,013423 0,026846
удалили 0,013423 0,040269
либо 0,013423 0,013423
вакансии 0,013423 0,013423
аккаунту 0,013423 0,013423
открываемого 0,013423 0,026846
нажимая 0,013423 0,013423
поиск 0,013423 0,013423
вами 0,013423 0,013423
недопустимое 0,013423 0,013423
согласны 0,013423 0,040269
зимы 2,708050 5,416100
предельно 4,317488 8,634976
городского 3,401197 6,802395
истек 0,013423 0,013423
бьет 2,931194 23,449550
предприятию 0,013423 0,026846
рекламы 0,013423 0,013423
зиму 2,612740 5,225480
внимание 0,013423 0,040269
города 3,064725 6,129450
принимать 0,013423 0,013423
сможете 0,013423 0,013423
года 0,006689 0,006689
месячной 3,912023 7,824046
рекорды 2,813411 22,507286
ознакомлены 0,013423 0,013423
постоянно 2,371578 4,743156
зима 3,218876 6,437752
моих 0,013423 0,026846
особое 3,064725 6,129450
предприятие 0,013423 0,013423
наука 0,292136 0,292136
обсуждения 0,013423 0,013423
блокировкой 0,013423 0,040269
