знакомы 4,317488 8,634976
законным 0,013423 0,013423
новый 0,013423 0,013423
найти 0,013423 0,013423
основанием 0,013423 0,013423
письмо 0,013423 0,013423
спасибо 0,013423 0,013423
согласие 0,013423 0,026846
центр 0,190354 0,190354
доступ 0,013423 0,026846
миа 0,013423 0,026846
задать 0,013423 0,013423
теги 0,190354 0,190354
автору 0,013423 0,013423
связаться 0,013423 0,080538
александр 1,455287 1,455287
должны 0,013423 0,013423
г 0,013423 0,026846
д 0,013423 0,026846
реклама 0,190354 0,190354
фото 0,013423 0,013423
политика 0,013423 0,026846
связь 0,006689 0,013378
насколько 3,624341 7,248682
готово 0,013423 0,026846
течение 0,013423 0,013423
поэт 5,010635 5,010635
информационных 0,013423 0,013423
размещения 0,013423 0,013423
конфиденциальности 0,013423 0,053692
сила 4,317488 4,317488
мир 1,966113 1,966113
связи 0,013423 0,080538
заголовок 0,013423 0,026846
жизнью 5,010635 5,010635
процесса 0,013423 0,013423
адресу 0,013423 0,026846
проблему 0,013423 0,013423
время 0,013423 0,026846
данных 0,013423 0,107384
называть 3,401197 3,401197
социальный 2,708050 2,708050
письма 0,013423 0,013423
часов 0,013423 0,026846
соглашаетесь 0,013423 0,013423
популярными 5,010635 5,010635
ранее 0,013423 0,013423
восстановления 0,013423 0,013423
главный 0,013423 0,013423
каждой 3,064725 3,064725
данные 0,013423 0,013423
викторины 5,010635 35,074447
навигатор 2,931194 2,931194
василия 4,317488 4,317488
разблокировать 0,013423 0,040269
город 0,013423 0,013423
блоке 5,010635 5,010635
фотографию 0,013423 0,013423
обращаем 0,013423 0,013423
отправлено 0,013423 0,013423
написать 0,013423 0,013423
новостеймолния 0,013423 0,013423
одноклассники 0,013423 0,026846
сначала 0,013423 0,013423
кореи 5,010635 5,010635
возрождение 5,010635 5,010635
викторина 5,010635 10,021271
юбилею 5,010635 5,010635
василий 3,912023 3,912023
показать 0,013423 0,013423
кнопку 0,013423 0,013423
коммуникаций 0,013423 0,013423
мировая 3,912023 3,912023
пароль 0,013423 0,080538
пароля 0,013423 0,053692
победе 3,624341 3,624341
перейдите 0,013423 0,013423
вход 0,013423 0,013423
продукты 0,150823 0,150823
закрыто 0,013423 0,013423
удалено 0,013423 0,013423
сколько 0,006689 0,006689
гаврилова 0,013423 0,013423
материалов 0,013423 0,053692
отправлена 0,013423 0,013423
чате 0,013423 0,013423
расположенному 0,013423 0,026846
чату 0,013423 0,013423
редакцией 0,013423 0,013423
поэте 5,010635 5,010635
громкий 4,317488 4,317488
учредитель 0,013423 0,013423
рассмотрены 0,013423 0,013423
актер 3,401197 3,401197
цитаты 5,010635 5,010635
мое 0,013423 0,026846
ссылка 0,013423 0,026846
последние 1,098612 1,098612
ссылке 0,013423 0,013423
перетяните 0,013423 0,013423
ссылки 0,013423 0,013423
помочь 0,013423 0,013423
архив 0,190354 0,190354
июля 1,791759 5,375278
ошибках 0,013423 0,013423
обязательны 0,013423 0,093961
песнями 5,010635 5,010635
выпуска 0,013423 0,013423
вторая 3,218876 3,218876
списка 0,013423 0,013423
формой 0,013423 0,053692
освобождение 2,931194 5,862388
роскомнадзор 0,013423 0,013423
блокировался 0,013423 0,013423
москва 0,006689 0,013378
воспользоваться 0,013423 0,013423
входа 0,013423 0,013423
моё 0,013423 0,013423
федеральное 0,013423 0,013423
федеральной 0,013423 0,013423
поэта 5,010635 5,010635
международное 0,013423 0,040269
будут 0,013423 0,013423
новостей 0,006689 0,006689
ноября 1,714798 3,429597
новогодних 3,624341 3,624341
политикой 0,013423 0,040269
освобождении 5,010635 5,010635
обработки 0,013423 0,026846
даю 0,013423 0,026846
фильмов 5,010635 5,010635
обработку 0,013423 0,026846
великого 3,064725 3,064725
обратной 0,013423 0,067115
подкасты 0,292136 0,292136
редакции 0,013423 0,026846
обращений 0,013423 0,013423
обработка 0,013423 0,013423
это 0,013423 0,013423
слово 3,912023 3,912023
отечества 3,401197 3,401197
описанием 0,013423 0,013423
новую 0,013423 0,013423
массовых 0,013423 0,013423
лермонтова 5,010635 5,010635
пройдена 0,013423 0,013423
используется 0,013423 0,013423
зарегистрироваться 0,013423 0,053692
пожаловаться 0,013423 0,013423
сентября 1,514128 3,028255
новости 0,006689 0,026756
войти 0,013423 0,053692
электронной 0,013423 0,013423
айвазовского 5,010635 5,010635
судьбе 4,317488 4,317488
мире 0,274437 0,274437
эл 0,013423 0,013423
действия 0,013423 0,013423
радио 0,274437 0,274437
защита 0,013423 0,013423
регистрация 0,013423 0,040269
почему 0,013423 0,013423
использования 0,013423 0,013423
клопсы 5,010635 5,010635
восстановление 0,013423 0,040269
вопросам 0,013423 0,026846
государственное 0,013423 0,013423
школьную 5,010635 5,010635
вконтакте 0,013423 0,026846
спецпроекты 0,190354 0,190354
просим 0,013423 0,013423
навсегда 0,013423 0,013423
нарушение 0,013423 0,040269
заблокирован 0,013423 0,013423
ошибку 0,013423 0,013423
защиты 0,013423 0,013423
назад 0,013423 0,067115
обращения 0,013423 0,026846
программу 3,218876 3,218876
ошибка 0,013423 0,013423
вопрос 0,006689 0,006689
зубовский 0,013423 0,026846
подтверждаете 0,013423 0,013423
заполнить 0,013423 0,026846
традиция 3,912023 3,912023
осуществляется 0,013423 0,013423
ваш 0,013423 0,053692
имя 0,013423 0,067115
другие 0,013423 0,026846
общество 0,265703 0,265703
главное 1,752539 1,752539
назвался 5,010635 5,010635
надзору 0,013423 0,013423
срок 0,013423 0,026846
издание 0,013423 0,013423
бульвар 0,013423 0,026846
хотите 0,013423 0,013423
заполните 0,013423 0,067115
технологий 0,013423 0,026846
сетевое 0,013423 0,013423
неделю 1,373049 1,373049
вновь 0,013423 0,013423
сменить 0,013423 0,013423
материал 0,013423 0,013423
участвовать 0,013423 0,026846
сообщить 0,013423 0,013423
успешно 0,013423 0,013423
скриншот 0,013423 0,040269
шукшин 5,010635 5,010635
лента 0,006689 0,013378
заблокированы 0,013423 0,013423
спорт 0,190354 0,190354
сфере 0,013423 0,013423
матери 3,624341 3,624341
месяц 1,297063 1,297063
свидетельство 0,013423 0,013423
правила 0,013423 0,026846
взаимодействия 0,013423 0,026846
знаете 3,624341 28,994727
сохранить 0,013423 0,013423
информационное 0,013423 0,040269
можете 3,218876 3,218876
комментирования 0,013423 0,026846
народам 3,064725 3,064725
полезай 5,010635 5,010635
пресс 0,013423 0,026846
применения 0,013423 0,013423
снег 3,401197 3,401197
федеральному 0,013423 0,026846
персональных 0,013423 0,107384
произошла 0,013423 0,013423
дата 0,013423 0,013423
ваше 0,013423 0,107384
сайте 0,013423 0,013423
ваши 0,013423 0,013423
гастрономом 5,010635 5,010635
фио 0,013423 0,013423
восстановить 0,013423 0,013423
пожалуйста 0,013423 0,013423
ниже 0,013423 0,040269
версия 0,013423 0,013423
вопроса 0,013423 0,013423
россия 0,006689 0,046823
поля 0,013423 0,093961
недвижимостьриа 3,401197 3,401197
января 1,160488 2,320975
государственному 0,013423 0,026846
регистрации 0,013423 0,026846
поле 0,013423 0,013423
сайт 0,013423 0,026846
великий 2,813411 2,813411
сервисы 0,190354 0,190354
зарегистрировано 0,013423 0,013423
другое 0,013423 0,013423
туризм 0,283247 0,283247
поддерживаетсяполучить 0,013423 0,013423
адрес 0,013423 0,040269
соответствии 0,013423 0,026846
загрузите 0,013423 0,013423
сообщения 0,013423 0,053692
блок 5,010635 5,010635
загрузить 0,013423 0,013423
направлении 0,013423 0,013423
замеченных 0,013423 0,013423
телефон 0,013423 0,013423
отправки 0,013423 0,013423
помните 5,010635 5,010635
унитарному 0,013423 0,026846
период 1,160488 1,160488
сообщение 0,013423 0,134230
выберите 0,013423 0,040269
старые 0,013423 0,013423
попробуйте 0,013423 0,013423
тесты 3,218876 45,064262
путь 2,612740 2,612740
посикунчики 5,010635 5,010635
защитой 0,013423 0,026846
творчеством 5,010635 5,010635
статьи 0,013423 0,013423
война 3,912023 3,912023
дне 5,010635 5,010635
подтвердите 0,013423 0,013423
авторизация 0,013423 0,013423
религия 0,283247 0,283247
форма 0,013423 0,013423
логином 0,013423 0,013423
рейтинг 0,006689 0,006689
галочку 0,013423 0,013423
перетащите 0,013423 0,040269
материале 0,013423 0,026846
культура 0,292136 0,292136
материала 0,013423 0,026846
происшествия 0,292136 0,292136
вашего 0,013423 0,013423
паролем 0,013423 0,013423
грибах 5,010635 5,010635
способы 0,013423 0,026846
зарегистрируйтесь 0,013423 0,013423
обо 0,013423 0,013423
недвижимость 0,292136 0,292136
дискуссии 0,013423 0,026846
августа 2,120264 4,240527
редактор 0,013423 0,013423
унитарное 0,013423 0,013423
форму 0,013423 0,093961
тема 0,013423 0,040269
отправленного 0,013423 0,013423
айвазовский 5,010635 5,010635
связанные 0,013423 0,013423
рекомендательных 0,013423 0,013423
данная 0,013423 0,013423
обратная 0,013423 0,026846
риа 0,006689 0,013378
проставляя 0,013423 0,013423
связанных 0,013423 0,013423
опишите 0,013423 0,013423
заполнения 0,013423 0,093961
полезное 0,182322 0,182322
год 0,967584 0,967584
службе 0,013423 0,013423
писатель 5,010635 5,010635
творчестве 3,912023 7,824046
навигаторриа 2,445686 2,445686
релизов 0,013423 0,013423
ваших 0,013423 0,026846
почты 0,013423 0,013423
октября 1,832581 1,832581
идет 2,445686 2,445686
шукшина 5,010635 5,010635
агентство 0,013423 0,040269
правил 0,013423 0,040269
авторизоваться 0,013423 0,013423
авторизуйтесь 0,013423 0,013423
знание 4,317488 4,317488
агентства 0,013423 0,013423
сегодня 0,013423 0,080538
расширенный 0,013423 0,013423
новыесначала 0,013423 0,013423
иван 3,624341 3,624341
шапка 0,013423 0,013423
отправить 0,013423 0,147653
продолжить 0,013423 0,013423
решении 0,013423 0,013423
александре 5,010635 5,010635
воспользуйтесь 0,013423 0,040269
участие 0,006689 0,006689
аккаунт 0,013423 0,053692
маяковский 5,010635 5,010635
экономика 0,292136 0,292136
обсуждение 0,013423 0,013423
понимаете 5,010635 5,010635
использовать 0,013423 0,013423
опечатка 0,013423 0,013423
блокировки 0,013423 0,013423
онлайн 0,013423 0,013423
контактов 0,013423 0,013423
почта 0,013423 0,080538
апреля 0,013423 0,013423
фамилия 0,013423 0,013423
нами 0,013423 0,093961
яндекс 0,013423 0,026846
удалили 0,013423 0,040269
владимир 1,373049 1,373049
либо 0,013423 0,013423
вакансии 0,013423 0,013423
аккаунту 0,013423 0,013423
открываемого 0,013423 0,026846
нажимая 0,013423 0,013423
поиск 0,013423 0,013423
вами 0,013423 0,013423
недопустимое 0,013423 0,013423
согласны 0,013423 0,040269
истек 0,013423 0,013423
кузов 5,010635 5,010635
маяковского 4,317488 4,317488
предприятию 0,013423 0,026846
рекламы 0,013423 0,013423
внимание 0,013423 0,013423
принимать 0,013423 0,013423
груздем 5,010635 5,010635
голос 5,010635 5,010635
соц 2,371578 2,371578
сможете 0,013423 0,013423
года 0,006689 0,006689
зиме 4,317488 4,317488
ивана 3,912023 3,912023
ознакомлены 0,013423 0,013423
моих 0,013423 0,026846
предприятие 0,013423 0,013423
наука 0,292136 0,292136
обсуждения 0,013423 0,013423
блокировкой 0,013423 0,040269
