褏芯褌械谢懈 3,624341 3,624341
蟹邪泻芯薪薪褘屑 0,013423 0,013423
褎芯褉屑褍谢械 4,317488 4,317488
褉褎 1,181994 2,363988
斜邪薪写褍 2,708050 2,708050
薪芯胁褘泄 0,013423 0,013423
写械薪褜 1,203973 1,203973
薪邪泄褌懈 0,013423 0,013423
芯褋薪芯胁邪薪懈械屑 0,013423 0,013423
锌懈褋褜屑芯 0,013423 0,013423
褋锌邪褋懈斜芯 0,013423 0,013423
胁褘泄褌懈 3,401197 3,401197
褋芯谐谢邪褋懈械 0,013423 0,026846
锌邪褍褝谢谢芯屑 3,912023 3,912023
褑械薪褌褉 0,190354 0,190354
芯写薪褍 2,813411 2,813411
写芯褋褌褍锌 0,013423 0,026846
邪屑械褉懈泻邪薪褋泻褍褞 3,912023 3,912023
褍屑械褉芯胁 3,624341 3,624341
屑懈邪 0,013423 0,093961
蟹邪褟胁谢械薪懈械 2,445686 4,891372
蟹邪写邪褌褜 0,013423 0,013423
褌械谐懈 0,190354 0,190354
邪胁褌芯褉褍 0,013423 0,013423
锌褉芯写谢懈谢邪褋褜 4,317488 4,317488
褌械褉褉懈褌芯褉懈邪谢褜薪芯谐芯 4,317488 4,317488
褋胁褟蟹邪褌褜褋褟 0,013423 0,080538
褋械泻褉械褌邪褉褜 3,064725 3,064725
写芯谢卸薪褘 0,013423 0,026846
褋谢芯胁邪屑 1,752539 1,752539
谐 0,013423 0,026846
写 0,013423 0,026846
褉械泻谢邪屑邪 0,190354 0,190354
胁邪褕懈薪谐褌芯薪邪 3,218876 3,218876
褎芯褌芯 0,013423 0,026846
锌芯谢懈褌懈泻邪 0,013423 0,026846
褋懈谢褘 2,014903 6,044709
褋胁褟蟹褜 0,006689 0,013378
谐芯褌芯胁芯 0,013423 0,026846
褌械褔械薪懈械 0,013423 0,013423
懈薪褎芯褉屑邪褑懈芯薪薪褘褏 0,013423 0,013423
薪邪蟹胁邪谢 1,875141 11,250846
褉邪蟹屑械褖械薪懈褟 0,013423 0,013423
泻芯薪褎懈写械薪褑懈邪谢褜薪芯褋褌懈 0,013423 0,053692
屑懈褉 1,966113 1,966113
褋胁褟蟹懈 0,013423 0,080538
蟹邪谐芯谢芯胁芯泻 0,013423 0,026846
褋芯谐谢邪褋芯胁邪薪薪芯泄 4,317488 4,317488
写邪斜懈 3,912023 3,912023
锌褉芯褑械褋褋邪 0,013423 0,013423
邪写褉械褋褍 0,013423 0,026846
锌褉芯斜谢械屑褍 0,013423 0,013423
胁褉械屑褟 0,013423 0,013423
写邪薪薪褘褏 0,013423 0,107384
锌懈褋褜屑邪 0,013423 0,013423
褔邪褋芯胁 0,013423 0,040269
褋芯谐谢邪褕邪械褌械褋褜 0,013423 0,013423
写邪薪薪褘泄 2,525729 2,525729
褉邪薪械械 0,013423 0,013423
胁芯褋褋褌邪薪芯胁谢械薪懈褟 0,013423 0,013423
谐谢邪胁薪褘泄 0,013423 0,013423
写邪薪薪褘械 0,013423 0,013423
褋芯芯褌胁械褌褋褌胁褍褞褖懈泄 3,218876 3,218876
胁褌芯褉芯谐芯 2,813411 2,813411
褌邪泻卸械 1,139434 2,278869
锌褉芯胁械谢 2,525729 2,525729
褉邪蟹斜谢芯泻懈褉芯胁邪褌褜 0,013423 0,040269
谐芯褉芯写 0,013423 0,080538
褍泻褉邪懈薪邪 1,875141 9,375705
褎芯褌芯谐褉邪褎懈褞 0,013423 0,013423
芯斜褉邪褖邪械屑 0,013423 0,013423
屑械写懈薪褋泻懈泄 2,612740 10,450960
芯褌锌褉邪胁谢械薪芯 0,013423 0,013423
薪邪锌懈褋邪褌褜 0,013423 0,013423
薪芯胁芯褋褌械泄屑芯谢薪懈褟 0,013423 0,013423
褍泻褉邪懈薪械 1,427116 24,260978
芯写薪芯泻谢邪褋褋薪懈泻懈 0,013423 0,026846
褋薪邪褔邪谢邪 0,013423 0,013423
蟹褘泻芯胁 5,010635 10,021271
褍泻褉邪懈薪褘 1,832581 9,162907
褍泻褉邪懈薪褋泻芯泄 2,445686 2,445686
锌芯泻邪蟹邪褌褜 0,013423 0,013423
泻薪芯锌泻褍 0,013423 0,013423
泻芯屑屑褍薪懈泻邪褑懈泄 0,013423 0,013423
锌邪褉芯谢褜 0,013423 0,080538
锌邪褉芯谢褟 0,013423 0,053692
锌械褉械泄写懈褌械 0,013423 0,013423
泻懈械胁械 2,612740 2,612740
屑懈褉薪褘泄 3,064725 12,258901
胁褏芯写 0,013423 0,013423
锌褉芯写褍泻褌褘 0,150823 0,150823
褔懈褌邪褌褜 0,851752 0,851752
蟹邪泻褉褘褌芯 0,013423 0,013423
褍写邪谢械薪芯 0,013423 0,013423
写芯薪邪谢褜写 2,445686 4,891372
褋泻芯谢褜泻芯 0,006689 0,006689
谐邪胁褉懈谢芯胁邪 0,013423 0,013423
屑邪褌械褉懈邪谢芯胁 0,013423 0,040269
蟹褟褌褜 3,912023 3,912023
芯褌锌褉邪胁谢械薪邪 0,013423 0,013423
懈褌邪谢懈懈 2,525729 2,525729
褔邪褌械 0,013423 0,013423
泻褉械屑谢械 2,371578 2,371578
泻懈械胁邪 2,708050 2,708050
褉邪褋锌芯谢芯卸械薪薪芯屑褍 0,013423 0,026846
褔邪褌褍 0,013423 0,013423
褉械写邪泻褑懈械泄 0,013423 0,013423
褍懈褌泻芯褎褎 3,401197 13,604790
胁懈写械芯 1,832581 1,832581
褍褔褉械写懈褌械谢褜 0,013423 0,013423
褉邪褋褋屑芯褌褉械薪褘 0,013423 0,013423
屑芯械 0,013423 0,026846
褋褋褘谢泻邪 0,013423 0,026846
褋褋褘谢泻械 0,013423 0,013423
锌芯褍屑薪械械 2,708050 2,708050
锌械褉械褌褟薪懈褌械 0,013423 0,013423
褋褋褘谢泻懈 0,013423 0,013423
锌芯屑芯褔褜 0,013423 0,013423
邪褉褏懈胁 0,190354 0,190354
褉邪褋褋褔懈褌褘胁邪褌褜 3,624341 3,624341
胁谢邪写懈屑懈褉邪 3,064725 6,129450
胁芯械薪薪芯锌谢械薪薪褘屑懈 3,912023 3,912023
褔邪褋褌懈 1,966113 1,966113
褉邪褍薪写 3,401197 3,401197
褍褔邪褋褌懈械屑 3,401197 3,401197
芯褕懈斜泻邪褏 0,013423 0,013423
褍泻褉邪懈薪械锌械褉械谐芯胁芯褉褘 5,010635 5,010635
芯斜褟蟹邪褌械谢褜薪褘 0,013423 0,093961
褋褕邪 1,118815 7,831705
锌褉芯褑械褋褋 2,014903 2,014903
胁褘锌褍褋泻邪 0,013423 0,013423
褋锌懈褋泻邪 0,013423 0,013423
褎芯褉屑芯泄 0,013423 0,053692
褉芯褋泻芯屑薪邪写蟹芯褉 0,013423 0,013423
芯褎懈褋邪 3,401197 3,401197
斜谢芯泻懈褉芯胁邪谢褋褟 0,013423 0,013423
锌褉械写褋褌邪胁懈褌械谢械泄 3,064725 3,064725
褕褌邪褌邪屑懈 3,912023 3,912023
屑械褉芯锌褉懈褟褌懈褟 3,401197 3,401197
屑芯褋泻胁邪 0,006689 0,013378
胁芯褋锌芯谢褜蟹芯胁邪褌褜褋褟 0,013423 0,013423
褉芯褋褋懈泄褋泻芯泄 1,678431 1,678431
胁褏芯写邪 0,013423 0,013423
屑芯褢 0,013423 0,013423
褕胁械泄褑邪褉懈懈 3,624341 14,497364
褎械写械褉邪谢褜薪芯械 0,013423 0,013423
褋锌械褑锌芯褋谢邪薪薪懈泻 3,912023 3,912023
褎械写械褉邪谢褜薪芯泄 0,013423 0,013423
屑械卸写褍薪邪褉芯写薪芯械 0,013423 0,040269
褌褟卸械谢褘屑懈 3,624341 3,624341
斜褍写褍褌 0,013423 0,013423
薪芯胁芯褋褌械泄 0,006689 0,006689
屑芯褋泻胁褘 1,455287 2,910574
锌芯谢懈褌懈泻芯泄 0,013423 0,040269
褉邪斜芯褔械泄 3,912023 3,912023
芯斜褉邪斜芯褌泻懈 0,013423 0,026846
写邪褞 0,013423 0,026846
芯褌屑械褌懈谢懈 3,912023 3,912023
锌褉芯懈褋褏芯写褟褖懈屑 3,912023 3,912023
锌械褉械泄褌懈 1,203973 2,407946
泻褍褕薪械褉 3,401197 3,401197
芯斜褉邪斜芯褌泻褍 0,013423 0,026846
芯斜褉邪褌薪芯泄 0,013423 0,067115
锌芯写泻邪褋褌褘 0,292136 0,292136
褉械写邪泻褑懈懈 0,013423 0,026846
芯斜褉邪褖械薪懈泄 0,013423 0,013423
胁褔械褉邪 1,576648 3,153296
写芯薪邪谢褜写邪 3,218876 3,218876
锌褉芯胁械褋褌懈 3,401197 6,802395
芯斜褉邪斜芯褌泻邪 0,013423 0,013423
褝褌芯 0,013423 0,026846
谐褉褍锌锌褍 3,401197 3,401197
芯锌懈褋邪薪懈械屑 0,013423 0,013423
薪芯胁褍褞 0,013423 0,013423
屑邪褋褋芯胁褘褏 0,013423 0,013423
褌褉械褏褋褌芯褉芯薪薪械泄 4,317488 8,634976
锌褉芯泄写械薪邪 0,013423 0,013423
薪邪褉芯写邪 3,624341 3,624341
胁薪械褋械薪 3,401197 3,401197
斜械谢芯谐芯 3,218876 3,218876
懈褋锌芯谢褜蟹褍械褌褋褟 0,013423 0,013423
谐褉褍锌锌褘 2,445686 2,445686
蟹邪褉械谐懈褋褌褉懈褉芯胁邪褌褜褋褟 0,013423 0,053692
锌芯卸邪谢芯胁邪褌褜褋褟 0,013423 0,013423
薪芯胁芯褋褌懈 0,006689 0,107024
胁芯泄褌懈 0,013423 0,053692
褝谢械泻褌褉芯薪薪芯泄 0,013423 0,013423
屑懈褉械 0,274437 1,097747
褝谢 0,013423 0,013423
写械泄褋褌胁懈褟 0,013423 0,013423
褉邪褋泻芯谢芯谢懈 2,612740 2,612740
褉邪写懈芯 0,274437 0,274437
写蟹械薪 0,851752 0,851752
蟹邪褖懈褌邪 0,013423 0,013423
芯褌胁械褌懈谢 2,708050 2,708050
褉械谐懈褋褌褉邪褑懈褟 0,013423 0,040269
锌芯褔械屑褍 0,013423 0,013423
懈褋锌芯谢褜蟹芯胁邪薪懈褟 0,013423 0,013423
胁芯褋褋褌邪薪芯胁谢械薪懈械 0,013423 0,040269
胁芯锌褉芯褋邪屑 0,013423 0,026846
谐芯褋褍写邪褉褋褌胁械薪薪芯械 0,013423 0,013423
胁泻芯薪褌邪泻褌械 0,013423 0,026846
褋锌械褑锌褉芯械泻褌褘 0,190354 0,190354
锌褉芯褋懈屑 0,013423 0,013423
薪邪胁褋械谐写邪 0,013423 0,013423
薪邪褉褍褕械薪懈械 0,013423 0,040269
蟹邪斜谢芯泻懈褉芯胁邪薪 0,013423 0,013423
芯褕懈斜泻褍 0,013423 0,013423
蟹邪褖懈褌褘 0,013423 0,013423
薪邪蟹邪写 0,013423 0,067115
屑械写懈邪斜邪薪泻谐芯褋褍写邪褉褋褌胁械薪薪褘泄 5,010635 5,010635
芯斜褉邪褖械薪懈褟 0,013423 0,026846
褋锌懈褋芯泻 2,014903 2,014903
写卸芯薪邪褌邪薪芯屑 3,912023 3,912023
锌械褉胁褘泄 2,014903 2,014903
褎械胁褉邪谢褟 0,616186 1,232372
屑懈褉械褍泻褉邪懈薪邪卸械薪械胁邪 5,010635 5,010635
褌褉邪屑锌邪 2,238047 2,238047
芯褕懈斜泻邪 0,013423 0,013423
谐械褉屑邪薪懈懈 3,064725 3,064725
胁芯锌褉芯褋 0,006689 0,013378
蟹褍斜芯胁褋泻懈泄 0,013423 0,026846
锌芯写褌胁械褉卸写邪械褌械 0,013423 0,013423
蟹邪锌芯谢薪懈褌褜 0,013423 0,026846
褋芯褋褌芯褟谢懈褋褜 3,912023 3,912023
锌械褉械谐芯胁芯褉薪褍褞 5,010635 5,010635
芯褋褍褖械褋褌胁谢褟械褌褋褟 0,013423 0,013423
胁邪褕 0,013423 0,067115
懈屑褟 0,013423 0,067115
写褉褍谐懈械 0,013423 0,026846
芯斜褖械褋褌胁芯 0,265703 0,265703
写芯薪斜邪褋褋邪 2,813411 2,813411
褉邪褍薪写邪 3,401197 3,401197
薪邪写蟹芯褉褍 0,013423 0,013423
褋褉芯泻 0,013423 0,026846
褋褌芯褉芯薪芯泄 3,218876 3,218876
懈蟹写邪薪懈械 0,013423 0,013423
斜褍谢褜胁邪褉 0,013423 0,026846
褏芯褌懈褌械 0,013423 0,013423
蟹邪锌芯谢薪懈褌械 0,013423 0,067115
褌械褏薪芯谢芯谐懈泄 0,013423 0,026846
褋械褌械胁芯械 0,013423 0,013423
薪邪斜谢褞写邪谢懈 3,912023 3,912023
褉芯褋褎懈薪屑芯薪懈褌芯褉懈薪谐芯屑 3,912023 3,912023
胁薪芯胁褜 0,013423 0,013423
褎械胁 1,399717 1,399717
褋屑械薪懈褌褜 0,013423 0,013423
屑邪褌械褉懈邪谢 0,013423 0,013423
褋褌芯懈褌 1,714798 1,714798
褍褔邪褋褌胁芯胁邪褌褜 0,013423 0,026846
褋芯芯斜褖懈褌褜 0,013423 0,013423
褍褋锌械褕薪芯 0,013423 0,013423
褋泻褉懈薪褕芯褌 0,013423 0,040269
蟹械谢械薪褋泻芯谐芯 2,177422 4,354844
褍褌胁械褉卸写邪褞褌 2,931194 2,931194
谢械薪褌邪 0,006689 0,013378
谐谢邪胁褘 2,931194 5,862388
褍褉械谐褍谢懈褉芯胁邪薪懈褞 3,624341 3,624341
褋芯斜械褋械写薪懈泻 3,401197 3,401197
蟹邪泻褉褘褌褍褞 4,317488 4,317488
蟹邪斜谢芯泻懈褉芯胁邪薪褘 0,013423 0,013423
褋锌芯褉褌 0,190354 0,190354
褋褎械褉械 0,013423 0,013423
锌械褉械谐芯胁芯褉邪褏 2,177422 4,354844
褉芯褋褋懈褟胁谢邪写懈屑懈褉 4,317488 4,317488
褋胁懈写械褌械谢褜褋褌胁芯 0,013423 0,013423
谐谢邪胁械 3,624341 3,624341
锌褉邪胁懈谢邪 0,013423 0,026846
褍褉械谐褍谢懈褉芯胁邪薪懈械 3,912023 3,912023
胁蟹邪懈屑芯写械泄褋褌胁懈褟 0,013423 0,026846
斜褍写邪薪芯胁 3,401197 3,401197
谐谢邪胁邪 2,612740 2,612740
褎褉邪薪褑懈懈 3,218876 3,218876
褋芯褏褉邪薪懈褌褜 0,013423 0,013423
褋写械谢邪谢懈 3,064725 3,064725
懈薪褎芯褉屑邪褑懈芯薪薪芯械 0,013423 0,040269
芯褋薪芯胁薪芯泄 3,401197 3,401197
泻芯屑屑械薪褌懈褉芯胁邪薪懈褟 0,013423 0,026846
褋褏械屑械 3,624341 3,624341
锌褉械褋褋 0,013423 0,053692
锌褉懈屑械薪械薪懈褟 0,013423 0,013423
芯褉谐邪薪懈蟹芯胁邪褌褜 3,912023 3,912023
褋写械谢邪谢 2,708050 2,708050
褎械写械褉邪谢褜薪芯屑褍 0,013423 0,026846
褍懈褌泻芯褎褎写芯薪邪谢褜写 5,010635 5,010635
锌械褉褋芯薪邪谢褜薪褘褏 0,013423 0,107384
褌褉械褌懈泄 2,931194 2,931194
锌褉芯懈蟹芯褕谢邪 0,013423 0,013423
胁邪卸薪芯械 2,525729 2,525729
锌褉芯褏芯写懈谢 4,317488 4,317488
泻懈褉邪 3,912023 3,912023
写邪褌邪 0,013423 0,013423
胁邪褕械 0,013423 0,107384
褋邪泄褌械 0,013423 0,013423
屑械写懈薪褋泻芯谐芯 4,317488 12,952464
胁邪褕懈 0,013423 0,013423
蟹邪锌邪写械 3,624341 3,624341
褎懈芯 0,013423 0,013423
胁芯褋褋褌邪薪芯胁懈褌褜 0,013423 0,013423
泻懈褉懈谢谢 1,919593 5,758779
锌芯卸邪谢褍泄褋褌邪 0,013423 0,013423
懈褌芯谐邪屑 3,064725 9,194175
泻芯薪褑械 2,238047 2,238047
薪懈卸械 0,013423 0,040269
胁械褉褋懈褟 0,013423 0,013423
胁芯锌褉芯褋邪 0,013423 0,026846
褋谢褍谐邪 3,912023 3,912023
褍蟹薪邪褌褜 2,302585 2,302585
褋邪屑屑懈褌械 3,624341 3,624341
褉芯褋褋懈褟 0,006689 0,113713
锌芯谢褟 0,013423 0,093961
褕械褋褌褜 2,708050 2,708050
邪斜褍 3,912023 3,912023
胁芯锌褉芯褋褘 2,238047 2,238047
褟薪胁邪褉褟 1,160488 1,160488
谐芯褋褍写邪褉褋褌胁械薪薪芯屑褍 0,013423 0,026846
懈褌芯谐邪褏 3,624341 3,624341
锌褉械屑褜械褉邪 3,624341 3,624341
褉械谐懈褋褌褉邪褑懈懈 0,013423 0,026846
锌芯谢械 0,013423 0,013423
褋邪泄褌 0,013423 0,026846
写芯屑邪 2,238047 2,238047
胁芯蟹谐谢邪胁谢褟谢 3,624341 3,624341
褋械褉胁懈褋褘 0,190354 0,190354
锌褉械写褋褌邪胁懈褌械谢懈 3,218876 3,218876
锌褉懈褋褍褌褋褌胁芯胁邪谢懈 3,912023 3,912023
蟹邪褉械谐懈褋褌褉懈褉芯胁邪薪芯 0,013423 0,013423
写褉褍谐芯械 0,013423 0,013423
褌褍褉懈蟹屑 0,283247 0,283247
锌芯写写械褉卸懈胁邪械褌褋褟锌芯谢褍褔懈褌褜 0,013423 0,013423
邪写褉械褋 0,013423 0,040269
褋芯芯褌胁械褌褋褌胁懈懈 0,013423 0,026846
蟹械谢械薪褋泻懈泄 2,066196 2,066196
蟹邪谐褉褍蟹懈褌械 0,013423 0,013423
屑懈褉薪芯屑褍 3,624341 3,624341
褋芯芯斜褖械薪懈褟 0,013423 0,053692
屑械写懈薪褋泻懈泄屑懈褉薪褘泄 4,317488 4,317488
蟹邪谐褉褍蟹懈褌褜 0,013423 0,013423
薪邪锌褉邪胁谢械薪懈懈 0,013423 0,013423
蟹邪屑械褔械薪薪褘褏 0,013423 0,013423
褌械谢械褎芯薪 0,013423 0,013423
锌芯写锌懈褕褍褌 5,010635 5,010635
芯褌锌褉邪胁泻懈 0,013423 0,013423
锌褉芯胁械写械薪懈褟 2,525729 15,154372
褍薪懈褌邪褉薪芯屑褍 0,013423 0,026846
褋薪斜芯 3,624341 3,624341
芯斜薪芯胁谢械薪芯 1,003302 1,003302
斜褉懈褌邪薪褑褘 3,624341 3,624341
锌芯写写械褉卸懈胁邪械褌 2,525729 2,525729
褋芯芯斜褖械薪懈械 0,013423 0,134230
褎谢邪谐 5,010635 10,021271
胁褘斜械褉懈褌械 0,013423 0,040269
褋褌邪褉褘械 0,013423 0,013423
胁芯蟹胁褉邪褖邪褌褜褋褟 3,912023 3,912023
锌芯锌褉芯斜褍泄褌械 0,013423 0,013423
锌芯写褏芯写 3,218876 6,437752
芯斜屑械薪褟谢懈褋褜 3,912023 3,912023
褋褌邪褉屑械褉邪 3,912023 3,912023
褉械写 3,912023 3,912023
锌褉械写谢芯卸械薪薪芯谐芯 4,317488 4,317488
锌谢邪薪懈褉褍褞褌 3,912023 15,648092
蟹邪褖懈褌芯泄 0,013423 0,026846
褋褌邪褌褜懈 0,013423 0,013423
锌芯写褌胁械褉写懈褌械 0,013423 0,013423
邪胁褌芯褉懈蟹邪褑懈褟 0,013423 0,013423
褉械谢懈谐懈褟 0,283247 0,283247
褎芯褉屑邪 0,013423 0,013423
谢芯谐懈薪芯屑 0,013423 0,013423
褉械泄褌懈薪谐 0,006689 0,006689
谐邪谢芯褔泻褍 0,013423 0,013423
褉芯褋褋懈械泄 2,931194 2,931194
泻芯薪褌邪泻褌褘 2,120264 2,120264
锌械褉械褌邪褖懈褌械 0,013423 0,040269
屑邪褌械褉懈邪谢械 0,013423 0,026846
泻褍谢褜褌褍褉邪 0,292136 0,292136
屑邪褌械褉懈邪谢邪 0,013423 0,026846
锌褉芯懈褋褕械褋褌胁懈褟 0,292136 0,292136
胁邪褕械谐芯 0,013423 0,013423
锌邪褉芯谢械屑 0,013423 0,013423
褋锌芯褋芯斜褘 0,013423 0,026846
蟹邪褉械谐懈褋褌褉懈褉褍泄褌械褋褜 0,013423 0,013423
芯斜芯 0,013423 0,013423
薪械写胁懈卸懈屑芯褋褌褜 0,292136 0,292136
胁褌芯褉薪懈泻 3,624341 3,624341
写懈褋泻褍褋褋懈懈 0,013423 0,026846
褉械写邪泻褌芯褉 0,013423 0,013423
褎谐褍锌 0,499776 2,498879
褍薪懈褌邪褉薪芯械 0,013423 0,013423
胁芯芯褉褍卸械薪薪褘械 2,371578 4,743156
褎芯褉屑褍 0,013423 0,093961
锌谢邪薪 2,371578 9,486312
褌械屑邪 0,013423 0,040269
芯褌锌褉邪胁谢械薪薪芯谐芯 0,013423 0,013423
写芯谢谐芯褋褉芯褔薪芯械 4,317488 4,317488
谐芯褋褍写邪褉褋褌胁械薪薪褘泄 2,931194 2,931194
邪褉邪褏邪屑懈褟 3,624341 3,624341
褋胁褟蟹邪薪薪褘械 0,013423 0,013423
褉械泻芯屑械薪写邪褌械谢褜薪褘褏 0,013423 0,013423
褋褌懈胁 3,401197 13,604790
写邪薪薪邪褟 0,013423 0,013423
芯斜褉邪褌薪邪褟 0,013423 0,026846
褉懈邪 0,006689 0,100335
褎褉邪泻褑懈懈 3,401197 3,401197
蟹邪泻褉褘褌褘械 3,218876 3,218876
锌褉芯褋褌邪胁谢褟褟 0,013423 0,013423
褋胁褟蟹邪薪薪褘褏 0,013423 0,013423
芯锌懈褕懈褌械 0,013423 0,013423
褌械褉褉芯褉懈褋褌芯胁 3,624341 3,624341
锌械褉械谐芯胁芯褉褘 2,177422 15,241954
蟹邪锌芯谢薪械薪懈褟 0,013423 0,093961
褌褉邪屑锌胁芯芯褉褍卸械薪薪褘械 5,010635 5,010635
锌芯谢械蟹薪芯械 0,182322 0,182322
褋谢褍卸斜械 0,013423 0,013423
屑械写懈邪斜邪薪泻 1,321756 1,321756
锌褉懈蟹薪邪谢懈 2,525729 2,525729
褉械谢懈蟹芯胁 0,013423 0,013423
胁邪褕懈褏 0,013423 0,026846
锌芯褔褌褘 0,013423 0,013423
褌褉邪屑锌 1,609438 3,218876
褋谢械写褍褞褖懈褏 2,612740 15,676440
邪谐械薪褌褋褌胁芯 0,013423 0,040269
锌褉邪胁懈谢 0,013423 0,040269
锌褉懈屑 4,317488 4,317488
写卸邪褉械写 3,624341 3,624341
褋谢械写褍褞褖懈械 2,238047 6,714140
邪胁褌芯褉懈蟹芯胁邪褌褜褋褟 0,013423 0,013423
邪胁褌芯褉懈蟹褍泄褌械褋褜 0,013423 0,013423
薪械褉械褕械薪薪褘械 3,912023 3,912023
写械谢械谐邪褑懈懈 2,931194 2,931194
邪谐械薪褌褋褌胁邪 0,013423 0,040269
褋械谐芯写薪褟 0,013423 0,134230
褉邪褋褕懈褉械薪薪褘泄 0,013423 0,013423
褉褍泻芯胁芯写懈褌械谢褜 2,708050 2,708050
薪芯胁褘械褋薪邪褔邪谢邪 0,013423 0,013423
写邪胁懈写 3,218876 3,218876
褕邪锌泻邪 0,013423 0,013423
屑械褋褌芯 1,832581 10,995489
芯褌锌褉邪胁懈褌褜 0,013423 0,147653
锌褉芯写芯谢卸懈褌褜 0,013423 0,013423
褉械褕械薪懈懈 0,013423 0,013423
褉邪褋褋泻邪蟹邪谢 1,347074 4,041221
薪邪褔邪谢械 2,445686 2,445686
薪邪泻邪薪褍薪械 3,218876 3,218876
褝泻褋褌褉械屑懈褋褌芯胁 3,912023 3,912023
胁芯褋锌芯谢褜蟹褍泄褌械褋褜 0,013423 0,040269
褉邪写械 3,624341 3,624341
褍褔邪褋褌懈械 0,006689 0,006689
邪褉褏懈胁薪芯械 1,373049 1,373049
邪泻泻邪褍薪褌 0,013423 0,053692
褝泻芯薪芯屑懈泻邪 0,292136 0,292136
芯斜褋褍卸写械薪懈械 0,013423 0,013423
锌褉懈斜褘谢懈 5,010635 5,010635
懈褋锌芯谢褜蟹芯胁邪褌褜 0,013423 0,013423
芯锌械褔邪褌泻邪 0,013423 0,013423
斜谢芯泻懈褉芯胁泻懈 0,013423 0,013423
芯薪谢邪泄薪 0,013423 0,013423
泻芯薪褌邪泻褌芯胁 0,013423 0,013423
锌芯褔褌邪 0,013423 0,080538
屑懈褉薪芯谐芯 3,218876 3,218876
邪锌褉械谢褟 0,013423 0,013423
褎邪屑懈谢懈褟 0,013423 0,013423
褉褍褋褌械屑 3,624341 3,624341
褋芯胁械褌薪懈泻芯屑 3,912023 3,912023
褉械褕械薪懈褟 2,238047 2,238047
薪邪屑懈 0,013423 0,093961
褟薪写械泻褋 0,013423 0,026846
褍写邪谢懈谢懈 0,013423 0,040269
锌谢邪薪邪 3,218876 3,218876
胁谢邪写懈屑懈褉 1,373049 4,119147
谢懈斜芯 0,013423 0,013423
锌械褉械谐芯胁芯褉芯胁 2,302585 18,420681
胁邪泻邪薪褋懈懈 0,013423 0,013423
褎芯褉屑邪褌 2,445686 2,445686
邪泻泻邪褍薪褌褍 0,013423 0,013423
芯褌泻褉褘胁邪械屑芯谐芯 0,013423 0,026846
斜械蟹芯锌邪褋薪芯褋褌懈 2,177422 4,354844
薪邪卸懈屑邪褟 0,013423 0,013423
锌芯懈褋泻 0,013423 0,013423
胁邪屑懈 0,013423 0,013423
薪械写芯锌褍褋褌懈屑芯械 0,013423 0,013423
胁褋褍 2,238047 2,238047
褋芯谐谢邪褋薪褘 0,013423 0,040269
懈褋褌械泻 0,013423 0,013423
谢邪谐械褉褟 2,612740 2,612740
褋芯械写懈薪械薪薪褘屑懈 3,912023 3,912023
锌褉械写锌褉懈褟褌懈褞 0,013423 0,026846
褉械泻谢邪屑褘 0,013423 0,013423
卸械薪械胁械 2,371578 23,715780
胁薪懈屑邪薪懈械 0,013423 0,013423
胁褋褌褉械褔褍 2,931194 2,931194
锌褉懈薪懈屑邪褌褜 0,013423 0,013423
褍褋谢芯胁懈械 2,813411 2,813411
卸械薪械胁邪 3,218876 16,094379
褋屑芯卸械褌械 0,013423 0,013423
谐芯写邪 0,006689 0,006689
胁褋褌褉械褔邪 3,624341 3,624341
写械谢芯胁褘屑懈 3,624341 3,624341
卸械薪械胁褍 4,317488 8,634976
胁褋褌褉械褔懈 2,445686 4,891372
芯蟹薪邪泻芯屑谢械薪褘 0,013423 0,013423
蟹邪胁械褉褕械薪懈褟 2,931194 2,931194
褍泻褉邪懈薪褋泻褍褞 3,912023 3,912023
屑芯懈褏 0,013423 0,026846
锌褉械写锌褉懈褟褌懈械 0,013423 0,013423
邪谢褟褋泻械 4,317488 4,317488
薪邪褍泻邪 0,292136 0,292136
芯斜褋褍写懈谢懈 3,912023 3,912023
斜褉邪褍蟹械褉 2,813411 2,813411
芯斜褋褍卸写械薪懈褟 0,013423 0,013423
胁褌芯褉芯泄 2,445686 2,445686
懈褋褌芯褔薪懈泻 2,445686 22,011173
斜谢芯泻懈褉芯胁泻芯泄 0,013423 0,040269
