蟹邪泻芯薪薪褘屑 0,013423 0,013423
褉褎 1,181994 7,091963
褋锌械褑懈邪谢褜薪褘泄 2,931194 67,417456
薪芯胁褘泄 0,013423 0,040269
写械薪褜 1,203973 1,203973
薪邪泄褌懈 0,013423 0,013423
芯褋薪芯胁邪薪懈械屑 0,013423 0,013423
泻芯褉锌芯褉邪褑懈褟谐芯褋褍写邪褉褋褌胁械薪薪邪褟 5,010635 5,010635
锌懈褋褜屑芯 0,013423 0,013423
褋锌邪褋懈斜芯 0,013423 0,013423
薪械芯锌芯蟹薪邪薪薪褘褏 5,010635 5,010635
褋芯谐谢邪褋懈械 0,013423 0,026846
褑械薪褌褉 0,190354 0,190354
锌械褌械褉斜褍褉谐 2,813411 2,813411
褍写邪褉 3,064725 3,064725
写芯褋褌褍锌 0,013423 0,026846
写械泻邪斜褉褟 1,098612 2,197225
屑懈邪 0,013423 0,026846
写芯谢谐芯 3,064725 3,064725
泄芯褉泻 3,064725 3,064725
泻芯褉锌芯褉邪褑懈褟 4,317488 4,317488
褉械锌芯褉褌邪卸褌械褏薪芯谢芯谐懈懈屑芯褋泻胁邪薪邪斜械褉械卸薪褘械 5,010635 5,010635
褝锌懈写械屑懈褟 5,010635 5,010635
蟹邪写邪褌褜 0,013423 0,013423
褌械谐懈 0,190354 0,190354
邪胁褌芯褉褍 0,013423 0,013423
锌芯泻褍锌邪褌械谢械泄 4,317488 4,317488
芯写薪芯 2,371578 2,371578
褋胁褟蟹邪褌褜褋褟 0,013423 0,080538
褋锌邪褋邪褌褜 4,317488 4,317488
写芯谢卸薪褘 0,013423 0,013423
芯褉懈谐懈薪邪谢邪 5,010635 5,010635
谐 0,013423 0,026846
写 0,013423 0,026846
褉械泻谢邪屑邪 0,190354 0,190354
褎芯褌芯 0,013423 0,013423
锌芯谢懈褌懈泻邪 0,013423 0,026846
褋懈谢褘 2,014903 2,014903
褋胁褟蟹褜 0,006689 0,013378
谐褉芯蟹懈褌 2,612740 2,612740
薪 4,317488 4,317488
褋褌懈褏懈泄薪褘褏 2,931194 8,793581
谐芯褌芯胁芯 0,013423 0,026846
褌械褔械薪懈械 0,013423 0,013423
褉械锌芯褉褌邪卸胁 5,010635 5,010635
懈薪褎芯褉屑邪褑懈芯薪薪褘褏 0,013423 0,013423
褉邪蟹屑械褖械薪懈褟 0,013423 0,013423
写械谢邪屑 3,064725 9,194175
泻芯薪褎懈写械薪褑懈邪谢褜薪芯褋褌懈 0,013423 0,053692
锌芯褌 5,010635 5,010635
褋胁褟蟹懈 0,013423 0,080538
蟹邪谐芯谢芯胁芯泻 0,013423 0,026846
褋褌芯谢泻薪褍谢懈褋褜 3,624341 3,624341
褟褉褔械 4,317488 4,317488
褉械锌芯褉褌邪卸 3,401197 10,203592
锌褉芯褑械褋褋邪 0,013423 0,013423
邪写褉械褋褍 0,013423 0,026846
锌褉芯斜谢械屑褍 0,013423 0,026846
褉械谐懈芯薪褘 2,931194 2,931194
胁褉械屑褟 0,013423 0,013423
写邪薪薪褘褏 0,013423 0,107384
泻懈褌邪褟 2,612740 2,612740
卸懈褌械谢懈 2,931194 2,931194
锌懈褋褜屑邪 0,013423 0,013423
谢械褌芯屑 3,218876 3,218876
褔邪褋芯胁 0,013423 0,026846
褋芯谐谢邪褕邪械褌械褋褜 0,013423 0,013423
褉邪薪械械 0,013423 0,013423
胁芯褋褋褌邪薪芯胁谢械薪懈褟 0,013423 0,013423
谐谢邪胁薪褘泄 0,013423 0,013423
写邪薪薪褘械 0,013423 0,013423
懈屑械薪懈 2,371578 2,371578
褉邪蟹斜谢芯泻懈褉芯胁邪褌褜 0,013423 0,040269
谐芯褉芯写 0,013423 0,040269
褎芯褌芯谐褉邪褎懈褞 0,013423 0,013423
芯斜褉邪褖邪械屑 0,013423 0,013423
芯褌锌褉邪胁谢械薪芯 0,013423 0,013423
薪邪锌懈褋邪褌褜 0,013423 0,013423
薪芯胁芯褋褌械泄屑芯谢薪懈褟 0,013423 0,013423
锌邪胁芯写泻邪 5,010635 5,010635
褋械胁械褉薪褘泄 3,401197 3,401197
芯写薪芯泻谢邪褋褋薪懈泻懈 0,013423 0,026846
褋薪邪褔邪谢邪 0,013423 0,013423
褍泻褉邪懈薪褘 1,832581 1,832581
锌芯泻邪蟹邪褌褜 0,013423 0,013423
泻薪芯锌泻褍 0,013423 0,013423
泻芯屑屑褍薪懈泻邪褑懈泄 0,013423 0,013423
薪邪胁芯写薪械薪懈褟 5,010635 5,010635
锌邪褉芯谢褜 0,013423 0,080538
锌褉芯褋褔械褌 5,010635 5,010635
锌邪褉芯谢褟 0,013423 0,053692
褏芯蟹褟泄褋褌胁邪 3,401197 3,401197
锌芯褋谢械写褋褌胁懈泄 2,525729 7,577186
褝泻芯薪芯屑懈褔械褋泻芯谐芯 3,624341 3,624341
锌械褉械泄写懈褌械 0,013423 0,013423
芯斜谢邪褋褌褜谢械薪懈薪谐褉邪写褋泻邪褟 5,010635 5,010635
胁褏芯写 0,013423 0,013423
锌褉芯写褍泻褌褘 0,150823 0,150823
蟹邪泻褉褘褌芯 0,013423 0,013423
褉褎谐芯褋写褍屑邪 5,010635 5,010635
褍写邪谢械薪芯 0,013423 0,013423
邪褌芯屑薪芯泄 3,912023 3,912023
褋泻芯谢褜泻芯 0,006689 0,006689
褉械锌芯褉褌邪卸芯斜褖械褋褌胁芯芯褉褋泻褉芯褋褋懈褟卸懈谢褜械屑褔褋 5,010635 5,010635
褉邪胁薪芯 3,401197 3,401197
谐邪胁褉懈谢芯胁邪 0,013423 0,013423
屑邪褌械褉懈邪谢芯胁 0,013423 0,053692
屑芯谐褍褌 1,643339 1,643339
芯褌锌褉邪胁谢械薪邪 0,013423 0,013423
褔邪褌械 0,013423 0,013423
褉邪褋锌芯谢芯卸械薪薪芯屑褍 0,013423 0,026846
褔邪褌褍 0,013423 0,013423
褉械写邪泻褑懈械泄 0,013423 0,013423
锌芯屑芯褖懈 2,066196 2,066196
褍褔褉械写懈褌械谢褜 0,013423 0,013423
褉邪褋褋屑芯褌褉械薪褘 0,013423 0,013423
谢懈褕褜 2,371578 2,371578
芯斜芯褉芯薪褘 2,177422 6,532266
屑芯械 0,013423 0,026846
写械褌懈锌芯谢懈褑懈褟蟹邪泻芯薪锌褋懈褏芯谢芯谐 5,010635 5,010635
褋褋褘谢泻邪 0,013423 0,026846
褋褋褘谢泻械 0,013423 0,013423
锌邪胁褕懈褏 5,010635 5,010635
谢械褌薪褟褟 5,010635 5,010635
锌械褉械褌褟薪懈褌械 0,013423 0,013423
褋褋褘谢泻懈 0,013423 0,013423
锌芯屑芯褔褜 0,013423 0,013423
邪褉褏懈胁 0,190354 0,190354
懈褞谢褟 1,791759 1,791759
芯褉械薪斜褍褉谐褋泻芯泄 4,317488 4,317488
芯褕懈斜泻邪褏 0,013423 0,013423
芯斜褟蟹邪褌械谢褜薪褘 0,013423 0,093961
褉械锌芯褉褌邪卸芯斜褖械褋褌胁芯械胁邪 5,010635 5,010635
褋褕邪 1,118815 1,118815
芯斜褋褌褉械谢懈胁邪械屑褘泄 5,010635 5,010635
胁褘锌褍褋泻邪 0,013423 0,013423
褋锌懈褋泻邪 0,013423 0,013423
褎芯褉屑芯泄 0,013423 0,053692
褉械锌芯褉褌邪卸褟屑邪谢褉芯褋褋懈褟褋械胁械褉芯斜褖械褋褌胁芯芯谢械薪械胁芯写褘薪芯胁褘泄 5,010635 5,010635
褉芯褋泻芯屑薪邪写蟹芯褉 0,013423 0,013423
锌芯谢褜蟹褍褞褌褋褟 3,912023 3,912023
芯褋褌邪褌褜褋褟 3,218876 3,218876
斜谢芯泻懈褉芯胁邪谢褋褟 0,013423 0,013423
胁械褌械褉懈薪邪褉薪芯屑褍 5,010635 5,010635
屑芯褋泻胁邪 0,006689 0,013378
胁芯褋锌芯谢褜蟹芯胁邪褌褜褋褟 0,013423 0,013423
胁褏芯写邪 0,013423 0,013423
锌褉械褋褌褍锌薪芯褋褌褜 5,010635 5,010635
屑芯褢 0,013423 0,013423
褎械写械褉邪谢褜薪芯械 0,013423 0,013423
褎械写械褉邪谢褜薪芯泄 0,013423 0,013423
褉械锌芯褉褌邪卸写械薪褜 5,010635 5,010635
蟹邪褌屑懈谢 5,010635 5,010635
屑械卸写褍薪邪褉芯写薪芯械 0,013423 0,040269
斜褍写褍褌 0,013423 0,013423
蟹邪褉邪斜芯褌邪械屑 5,010635 5,010635
薪芯胁芯褋褌械泄 0,006689 0,006689
褉械锌芯褉褌邪卸褉芯褋泻邪褔械褋褌胁芯屑械写锌褔械谢褘褎邪谢褜褋懈褎懈泻邪褌胁褑懈芯屑褎械褉屑械褉褘 5,010635 5,010635
薪芯褟斜褉褟 1,714798 1,714798
锌芯谢懈褌懈泻芯泄 0,013423 0,040269
谢懈褑邪 2,525729 2,525729
芯斜褉邪斜芯褌泻懈 0,013423 0,026846
写邪褞 0,013423 0,026846
蟹芯薪械 2,931194 2,931194
屑懈褉械谐芯褉谢芯胁泻邪褌芯褉械褑泻薪褜褞 5,010635 5,010635
芯斜褉邪斜芯褌泻褍 0,013423 0,026846
芯斜褉邪褌薪芯泄 0,013423 0,067115
褋泻芯褉芯泄 3,064725 3,064725
锌芯写泻邪褋褌褘 0,292136 0,292136
褉械写邪泻褑懈懈 0,013423 0,026846
芯斜褉邪褖械薪懈泄 0,013423 0,013423
褋泻褉褘胁邪褞褌 3,624341 3,624341
褍谐褉芯蟹褍 3,624341 3,624341
芯斜褉邪斜芯褌泻邪 0,013423 0,013423
屑懈薪褋械谢褜褏芯蟹 4,317488 4,317488
褝褌芯 0,013423 0,040269
芯锌懈褋邪薪懈械屑 0,013423 0,013423
薪芯胁褍褞 0,013423 0,013423
屑邪褋褋芯胁褘褏 0,013423 0,013423
薪邪写械褟谢懈褋褜 5,010635 5,010635
写械褌械泄 2,302585 2,302585
锌褉芯泄写械薪邪 0,013423 0,013423
芯褌谢懈褔懈褌褜 5,010635 5,010635
懈褋锌芯谢褜蟹褍械褌褋褟 0,013423 0,013423
蟹邪褉械谐懈褋褌褉懈褉芯胁邪褌褜褋褟 0,013423 0,053692
锌芯卸邪谢芯胁邪褌褜褋褟 0,013423 0,013423
褋械薪褌褟斜褉褟 1,514128 1,514128
薪芯胁芯褋褌懈 0,006689 0,013378
胁芯泄褌懈 0,013423 0,053692
锌芯褋褌褉芯懈谢懈 5,010635 5,010635
褝谢械泻褌褉芯薪薪芯泄 0,013423 0,013423
褋锌邪褋械褌 3,912023 3,912023
褉芯褋褋懈褟薪邪屑 3,401197 3,401197
褉械锌芯褉褌邪卸芯斜褖械褋褌胁芯褉芯褋褋懈褟褎械写械褉邪谢褜薪邪褟 5,010635 5,010635
褉芯褋褋械谢褜褏芯蟹薪邪写蟹芯褉 5,010635 5,010635
屑懈褉械 0,274437 0,274437
褝谢 0,013423 0,013423
胁褘褕谢懈 3,624341 3,624341
写械泄褋褌胁懈褟 0,013423 0,013423
褉邪写懈芯 0,274437 0,274437
蟹邪褖懈褌邪 0,013423 0,013423
泻邪褌邪褋褌褉芯褎褘 3,912023 7,824046
褉械谐懈褋褌褉邪褑懈褟 0,013423 0,040269
褉邪褋褋泻邪蟹褘胁邪褞褌 3,912023 3,912023
锌芯褔械屑褍 0,013423 0,026846
懈褋锌芯谢褜蟹芯胁邪薪懈褟 0,013423 0,013423
胁芯褋褋褌邪薪芯胁谢械薪懈械 0,013423 0,040269
胁芯锌褉芯褋邪屑 0,013423 0,026846
谐芯褋褍写邪褉褋褌胁械薪薪芯械 0,013423 0,013423
褟谐芯写褘 3,064725 3,064725
褔械谢薪褘褋邪薪泻褌 5,010635 5,010635
胁泻芯薪褌邪泻褌械 0,013423 0,026846
芯斜谢邪褋褌懈 1,919593 1,919593
褋锌械褑锌褉芯械泻褌褘 0,190354 0,190354
锌褉芯褋懈屑 0,013423 0,013423
薪邪胁褋械谐写邪 0,013423 0,013423
薪邪褉褍褕械薪懈械 0,013423 0,040269
蟹邪斜谢芯泻懈褉芯胁邪薪 0,013423 0,013423
褝泻褋褌褉械屑懈蟹屑芯屑 5,010635 5,010635
芯褕懈斜泻褍 0,013423 0,013423
蟹邪褖懈褌褘 0,013423 0,013423
写胁芯褉薪懈泻邪 5,010635 5,010635
薪邪蟹邪写 0,013423 0,067115
锌芯屑芯谐邪械褌 2,813411 2,813411
芯斜褉邪褖械薪懈褟 0,013423 0,026846
褎械胁褉邪谢褟 0,616186 1,232372
褋谢械蟹 5,010635 5,010635
懈泻褉邪懈薪褎谢褟褑懈褟锌褉芯写褍泻褌褘 5,010635 5,010635
锌芯褏懈褖邪械褌 5,010635 5,010635
芯褕懈斜泻邪 0,013423 0,013423
褉械锌芯褉褌邪卸褋械褉谐械泄 5,010635 5,010635
胁芯锌褉芯褋 0,006689 0,006689
薪械褋褌邪薪写邪褉褌薪褘泄 5,010635 5,010635
蟹褍斜芯胁褋泻懈泄 0,013423 0,026846
锌芯写褌胁械褉卸写邪械褌械 0,013423 0,013423
胁芯蟹胁褉邪褖邪褞褌 5,010635 5,010635
蟹邪锌芯谢薪懈褌褜 0,013423 0,026846
锌褉芯懈褋褏芯写懈褌 2,813411 5,626821
屑懈薪懈褋褌褉邪 3,401197 3,401197
屑邪褉褌邪 1,678431 1,678431
芯褋褍褖械褋褌胁谢褟械褌褋褟 0,013423 0,013423
胁邪褕 0,013423 0,053692
懈屑褟 0,013423 0,067115
写褉褍谐懈械 0,013423 0,026846
芯斜褖械褋褌胁芯 0,265703 0,265703
薪邪写蟹芯褉褍 0,013423 0,026846
褋褉芯泻 0,013423 0,026846
锌褉芯泻褍褉邪褌褍褉邪 3,624341 3,624341
懈蟹写邪薪懈械 0,013423 0,013423
斜褍谢褜胁邪褉 0,013423 0,026846
褏芯褌懈褌械 0,013423 0,013423
蟹邪锌芯谢薪懈褌械 0,013423 0,067115
褌械褏薪芯谢芯谐懈泄 0,013423 0,026846
褋械褌械胁芯械 0,013423 0,013423
芯斜褖械褋褌胁芯卸懈胁芯褌薪褘械泻芯褉芯胁褘褋胁懈薪褜懈褎械褉屑械褉褘芯褉谐邪薪懈泻邪屑褟褋芯屑芯谢芯泻芯锌褉芯写褍泻褌褘械写邪 5,010635 5,010635
屑邪褉褌懈褉芯褋褟薪邪谢械泻褋邪薪写褉 5,010635 5,010635
胁薪芯胁褜 0,013423 0,013423
褋屑械薪懈褌褜 0,013423 0,013423
褋邪屑褘泄 2,177422 2,177422
屑械褉泻邪褔械胁邪懈褉泻褍褌褋泻邪褟 5,010635 5,010635
谢邪胁褉械薪褌褜械胁褋械褉谐械泄 5,010635 5,010635
屑邪褌械褉懈邪谢 0,013423 0,013423
褍褔邪褋褌胁芯胁邪褌褜 0,013423 0,026846
褋芯芯斜褖懈褌褜 0,013423 0,013423
锌芯屑芯褖褜薪邪胁芯写薪械薪懈械芯褉械薪斜褍褉谐褋泻邪褟 5,010635 5,010635
芯褉褋泻械 5,010635 10,021271
褍褋锌械褕薪芯 0,013423 0,013423
褋泻褉懈薪褕芯褌 0,013423 0,040269
薪芯胁芯谐芯写薪械谐芯 2,931194 2,931194
写械谢懈泻邪褌械褋邪 4,317488 4,317488
谢械薪褌邪 0,006689 0,013378
褉邪蟹褉邪斜芯褌泻懈 3,624341 3,624341
蟹邪泻芯薪邪 3,064725 3,064725
邪薪邪锌褘 5,010635 5,010635
蟹邪斜谢芯泻懈褉芯胁邪薪褘 0,013423 0,013423
褋锌芯褉褌 0,190354 0,190354
褎懈褌芯褋邪薪懈褌邪褉薪芯屑褍 5,010635 5,010635
褋褎械褉械 0,013423 0,013423
褌胁芯褉懈褌褋褟 5,010635 5,010635
褋胁懈写械褌械谢褜褋褌胁芯 0,013423 0,013423
锌褉邪胁懈谢邪 0,013423 0,026846
斜芯褟褉褋泻懈泄屑懈薪懈褋褌械褉褋褌胁芯 5,010635 5,010635
胁蟹邪懈屑芯写械泄褋褌胁懈褟 0,013423 0,026846
锌芯斜械写褘锌芯懈褋泻芯胁芯械 5,010635 5,010635
褋泻谢懈褎芯褋芯胁褋泻芯谐芯屑械写懈褑懈薪邪芯斜褖械褋褌胁芯蟹写芯褉芯胁褜械 5,010635 5,010635
褋芯褏褉邪薪懈褌褜 0,013423 0,013423
懈薪褎芯褉屑邪褑懈芯薪薪芯械 0,013423 0,040269
屑懈薪懈褋褌械褉褋褌胁芯 2,238047 6,714140
泻芯屑屑械薪褌懈褉芯胁邪薪懈褟 0,013423 0,026846
懈蟹胁械褋褌薪褘械 4,317488 4,317488
谐褉邪卸写邪薪褋泻芯泄 2,708050 8,124151
谢邪蟹械泄泻芯泄 5,010635 5,010635
锌褉械褋褋 0,013423 0,026846
褉芯褋褋懈懈 0,395515 3,559633
锌褉懈屑械薪械薪懈褟 0,013423 0,013423
屑芯褉械胁芯谢芯薪褌械褉褘 5,010635 5,010635
褋褍写械斜薪褘褏 3,064725 3,064725
锌芯薪褟谢懈 4,317488 4,317488
褉芯褋邪褌芯屑 4,317488 4,317488
写邪屑斜褘 5,010635 10,021271
褎械写械褉邪谢褜薪芯屑褍 0,013423 0,026846
锌械褉褋芯薪邪谢褜薪褘褏 0,013423 0,107384
锌褉芯懈蟹芯褕谢邪 0,013423 0,013423
褋褍写械斜薪褘屑 3,912023 3,912023
胁械褋 4,317488 4,317488
褉芯褋褋懈泄褋泻懈械 2,238047 2,238047
写邪褌邪 0,013423 0,013423
胁邪褕械 0,013423 0,107384
褋邪泄褌械 0,013423 0,013423
芯斜谢邪褋褌褜屑褔褋 5,010635 5,010635
胁邪褕懈 0,013423 0,013423
薪邪懈胁薪芯 5,010635 5,010635
褎懈芯 0,013423 0,013423
胁芯褋褋褌邪薪芯胁懈褌褜 0,013423 0,013423
锌芯卸邪谢褍泄褋褌邪 0,013423 0,013423
褉芯褋褋懈泄褋泻懈泄 2,813411 2,813411
褋褌芯谢 2,238047 2,238047
薪懈卸械 0,013423 0,040269
胁械褉褋懈褟 0,013423 0,013423
卸写褍褌 3,624341 3,624341
胁芯锌褉芯褋邪 0,013423 0,013423
褉芯褋褋懈褟 0,006689 0,046823
锌芯谢褟 0,013423 0,093961
褋屑芯褌褉械褌褜 2,708050 2,708050
谐芯写褌褍褉懈蟹屑锌褉邪蟹写薪懈泻懈 5,010635 5,010635
斜械蟹薪邪泻邪蟹邪薪薪芯 5,010635 5,010635
褟薪胁邪褉褟 1,160488 3,481463
谐芯褋褍写邪褉褋褌胁械薪薪芯屑褍 0,013423 0,026846
谐械薪械褉邪谢褜薪邪褟 4,317488 4,317488
褎械褉屑械褉褘 5,010635 5,010635
褉械锌芯褉褌邪卸芯斜褖械褋褌胁芯芯褉褋泻薪芯胁芯褌褉芯懈褑泻屑褔褋 5,010635 5,010635
芯斜褉械褔械薪薪褘褏 5,010635 5,010635
泻褉邪泄胁械褋械谢芯胁泻邪屑褔褋 5,010635 5,010635
褉械锌芯褉褌邪卸芯斜褖械褋褌胁芯芯卸懈褉械薪懈械谢懈褕薪懈泄 5,010635 5,010635
褉械谐懈褋褌褉邪褑懈懈 0,013423 0,026846
褋懈褌褍邪褑懈褟屑 3,064725 9,194175
锌芯谢械 0,013423 0,013423
褋邪泄褌 0,013423 0,026846
褉械锌芯褉褌邪卸锌褋泻芯胁褋泻邪褟 5,010635 5,010635
褉械锌芯褉褌邪卸褉芯褋褋懈褟谐邪褉懈泻 5,010635 5,010635
褋械褉胁懈褋褘 0,190354 0,190354
蟹邪褉械谐懈褋褌褉懈褉芯胁邪薪芯 0,013423 0,013423
写褉褍谐芯械 0,013423 0,013423
褌褍褉懈蟹屑 0,283247 0,283247
锌芯写写械褉卸懈胁邪械褌褋褟锌芯谢褍褔懈褌褜 0,013423 0,013423
邪写褉械褋 0,013423 0,040269
褋芯芯褌胁械褌褋褌胁懈懈 0,013423 0,026846
蟹邪谐褉褍蟹懈褌械 0,013423 0,013423
褋芯芯斜褖械薪懈褟 0,013423 0,053692
蟹邪谐褉褍蟹懈褌褜 0,013423 0,013423
褉芯褋褋懈泄褋泻懈褏 1,966113 3,932226
薪邪锌褉邪胁谢械薪懈懈 0,013423 0,013423
蟹邪屑械褔械薪薪褘褏 0,013423 0,013423
褌械谢械褎芯薪 0,013423 0,013423
芯褌锌褉邪胁泻懈 0,013423 0,013423
芯斜屑邪薪褘胁邪械褌 5,010635 5,010635
泻邪泻褍褞 3,401197 3,401197
褍薪懈褌邪褉薪芯屑褍 0,013423 0,026846
锌褉邪蟹写薪懈泻 2,525729 2,525729
褝薪械褉谐懈懈 3,401197 3,401197
褋芯芯斜褖械薪懈械 0,013423 0,134230
褉械谐懈芯薪芯胁 3,218876 3,218876
胁褘斜械褉懈褌械 0,013423 0,040269
褋褌邪褉褘械 0,013423 0,013423
锌芯锌褉芯斜褍泄褌械 0,013423 0,013423
锌芯写褏芯写 3,218876 3,218876
胁褘卸懈胁邪械褌 5,010635 5,010635
褎械写械褉邪谢褜薪邪褟 3,064725 3,064725
褉械锌芯褉褌邪卸芯斜褖械褋褌胁芯胁芯谢芯薪褌械褉褘 5,010635 5,010635
芯褋褌邪谢褜薪褘褏 3,218876 3,218876
蟹邪褖懈褌芯泄 0,013423 0,026846
褋褌邪褌褜懈 0,013423 0,013423
芯褉褋泻械谐褍屑邪薪懈褌邪褉薪邪褟 5,010635 5,010635
锌芯写褌胁械褉写懈褌械 0,013423 0,013423
邪胁褌芯褉懈蟹邪褑懈褟 0,013423 0,013423
褉械谢懈谐懈褟 0,283247 0,283247
褎芯褉屑邪 0,013423 0,013423
谢芯谐懈薪芯屑 0,013423 0,013423
褉械锌芯褉褌邪卸泻褉邪褋薪邪褟 5,010635 5,010635
褉械泄褌懈薪谐 0,006689 0,006689
谐邪谢芯褔泻褍 0,013423 0,013423
锌械褉械褌邪褖懈褌械 0,013423 0,040269
屑邪褌械褉懈邪谢械 0,013423 0,026846
泻褍谢褜褌褍褉邪 0,292136 0,292136
屑邪褌械褉懈邪谢邪 0,013423 0,026846
邪薪芯屑邪谢懈褟 5,010635 5,010635
懈泻芯褉薪褘泄 5,010635 5,010635
锌褉芯懈褋褕械褋褌胁懈褟 0,292136 0,292136
懈谐薪芯褉懈褉芯胁邪谢懈 5,010635 5,010635
胁褉邪褔懈 2,931194 2,931194
胁邪褕械谐芯 0,013423 0,013423
锌邪褉芯谢械屑 0,013423 0,013423
褋锌芯褋芯斜褘 0,013423 0,026846
蟹邪褉械谐懈褋褌褉懈褉褍泄褌械褋褜 0,013423 0,013423
芯斜芯 0,013423 0,013423
薪械写胁懈卸懈屑芯褋褌褜 0,292136 0,292136
芯斜谢邪褋褌褜褉芯褋褋懈褟 5,010635 5,010635
谢懈泻胁懈写邪褑懈懈 2,813411 8,440232
写懈褋泻褍褋褋懈懈 0,013423 0,026846
邪胁谐褍褋褌邪 2,120264 4,240527
褉械写邪泻褌芯褉 0,013423 0,013423
锌芯褋褌褉邪写邪胁褕懈械 5,010635 5,010635
屑芯褉械 3,064725 3,064725
褍薪懈褌邪褉薪芯械 0,013423 0,013423
胁芯芯褉褍卸械薪薪褘械 2,371578 2,371578
斜械写褋褌胁懈泄 3,064725 9,194175
褎芯褉屑褍 0,013423 0,093961
芯斜谢邪褋褌褜屑懈薪懈褋褌械褉褋褌胁芯 5,010635 5,010635
褌械屑邪 0,013423 0,040269
芯褌锌褉邪胁谢械薪薪芯谐芯 0,013423 0,013423
褋胁褟蟹邪薪薪褘械 0,013423 0,013423
褉械泻芯屑械薪写邪褌械谢褜薪褘褏 0,013423 0,013423
写邪薪薪邪褟 0,013423 0,013423
褋谢褍卸斜邪 2,238047 4,476093
薪芯胁邪褟 3,064725 3,064725
芯斜褉邪褌薪邪褟 0,013423 0,026846
褉懈邪 0,006689 0,013378
锌褉懈褋褌邪胁芯胁 3,624341 3,624341
锌褉芯褉褘胁 3,912023 3,912023
锌褉芯褋褌邪胁谢褟褟 0,013423 0,013423
褋胁褟蟹邪薪薪褘褏 0,013423 0,013423
芯锌懈褕懈褌械 0,013423 0,013423
蟹邪锌芯谢薪械薪懈褟 0,013423 0,093961
锌芯谢械蟹薪芯械 0,182322 0,182322
谐芯写 0,967584 0,967584
写胁懈卸械薪懈械 3,912023 3,912023
褋谢褍卸斜械 0,013423 0,013423
褉械谢懈蟹芯胁 0,013423 0,013423
褔褉械蟹胁褘褔邪泄薪褘屑 3,064725 9,194175
胁邪褕懈褏 0,013423 0,026846
蟹邪褌芯锌谢械薪薪芯屑 5,010635 5,010635
锌芯褔褌褘 0,013423 0,013423
锌械褌褉懈泻芯胁屑芯褋泻胁邪薪懈懈 5,010635 5,010635
芯泻褌褟斜褉褟 1,832581 1,832581
斜械褉械屑 5,010635 5,010635
褉械锌芯褉褌邪卸芯斜褖械褋褌胁芯褔械褉薪芯械 5,010635 5,010635
屑邪褟 1,832581 5,497744
褉械锌芯褉褌邪卸褟谐芯写褘泻谢褍斜薪懈泻邪褎褉褍泻褌褘锌褉芯写褍泻褌褘懈屑锌芯褉褌 5,010635 5,010635
邪谐械薪褌褋褌胁芯 0,013423 0,040269
锌褉邪胁懈谢 0,013423 0,040269
胁薪械 3,401197 3,401197
褎褋褋锌 3,624341 3,624341
褉械锌芯褉褌邪卸芯斜褖械褋褌胁芯芯褉褋泻锌褉芯褉褘胁 5,010635 5,010635
邪胁褌芯褉懈蟹芯胁邪褌褜褋褟 0,013423 0,013423
邪胁褌芯褉懈蟹褍泄褌械褋褜 0,013423 0,013423
褋械谢褜褋泻芯谐芯 4,317488 4,317488
褑械薪邪屑懈 4,317488 4,317488
褉芯褋褋懈褟薪械 2,708050 5,416100
邪谐械薪褌褋褌胁邪 0,013423 0,013423
褋械谐芯写薪褟 0,013423 0,067115
褉邪褋褕懈褉械薪薪褘泄 0,013423 0,013423
芯褌屑械褔邪褞褌 2,525729 2,525729
胁褘写械褉卸懈褌 5,010635 5,010635
薪芯胁褘械褋薪邪褔邪谢邪 0,013423 0,013423
锌褉懈蟹薪邪谢懈褋褜 5,010635 5,010635
锌谢褟卸邪褏 5,010635 5,010635
褕邪锌泻邪 0,013423 0,013423
薪邪褔邪谢芯 3,624341 3,624341
褉邪蟹胁懈褌懈褟 2,813411 2,813411
褉械锌芯褉褌邪卸芯斜褖械褋褌胁芯邪薪邪锌邪泻褉邪褋薪芯写邪褉褋泻懈泄 5,010635 5,010635
芯褌锌褉邪胁懈褌褜 0,013423 0,147653
锌褉芯写芯谢卸懈褌褜 0,013423 0,013423
褉械褕械薪懈懈 0,013423 0,013423
锌芯斜芯褉芯褌褜 5,010635 5,010635
褋薪械 4,317488 4,317488
胁芯褋锌芯谢褜蟹褍泄褌械褋褜 0,013423 0,040269
褔械褉薪芯械 5,010635 5,010635
褍褔邪褋褌懈械 0,006689 0,006689
邪泻泻邪褍薪褌 0,013423 0,053692
褋锌邪褋邪褞褌 4,317488 4,317488
褝泻芯薪芯屑懈泻邪 0,292136 0,292136
芯斜褋褍卸写械薪懈械 0,013423 0,013423
懈褋锌芯谢褜蟹芯胁邪褌褜 0,013423 0,013423
芯锌械褔邪褌泻邪 0,013423 0,013423
屑芯褖薪械泄褕懈泄 5,010635 5,010635
泻邪卸写褘泄 2,120264 2,120264
斜谢芯泻懈褉芯胁泻懈 0,013423 0,013423
芯薪谢邪泄薪 0,013423 0,013423
泻芯薪褌邪泻褌芯胁 0,013423 0,013423
锌芯褔褌邪 0,013423 0,080538
邪锌褉械谢褟 0,013423 0,053692
褎邪屑懈谢懈褟 0,013423 0,013423
薪邪屑懈 0,013423 0,093961
褟薪写械泻褋 0,013423 0,026846
褍褉芯胁械薪褜 2,612740 2,612740
褍写邪谢懈谢懈 0,013423 0,040269
锌芯锌邪写邪械褌 5,010635 5,010635
谢懈斜芯 0,013423 0,013423
褋褍写芯褋褌褉芯懈褌械谢褜薪邪褟 5,010635 5,010635
胁邪泻邪薪褋懈懈 0,013423 0,013423
邪泻泻邪褍薪褌褍 0,013423 0,013423
芯褌泻褉褘胁邪械屑芯谐芯 0,013423 0,026846
薪邪卸懈屑邪褟 0,013423 0,013423
褍屑械褉械褌褜 4,317488 4,317488
锌芯懈褋泻 0,013423 0,013423
胁邪屑懈 0,013423 0,013423
薪械写芯锌褍褋褌懈屑芯械 0,013423 0,013423
褋芯谐谢邪褋薪褘 0,013423 0,040269
懈褋褌械泻 0,013423 0,013423
谐械褉芯械胁 3,624341 3,624341
薪械胁芯蟹屑芯卸薪芯 2,525729 2,525729
褋芯褌薪懈 4,317488 4,317488
锌褉械写锌褉懈褟褌懈褞 0,013423 0,026846
褉械泻谢邪屑褘 0,013423 0,013423
屑懈薪褝泻芯薪芯屑褉邪蟹胁懈褌懈褟 4,317488 4,317488
胁薪懈屑邪薪懈械 0,013423 0,013423
锌褉懈薪懈屑邪褌褜 0,013423 0,013423
褋屑芯卸械褌械 0,013423 0,013423
谐芯写邪 0,006689 0,006689
芯蟹薪邪泻芯屑谢械薪褘 0,013423 0,013423
屑芯懈褏 0,013423 0,026846
锌褉械写锌褉懈褟褌懈械 0,013423 0,013423
薪邪褍泻邪 0,292136 0,292136
褉械锌芯褉褌邪卸褋锌褉邪胁泻懈褉芯褋褋懈褟邪褉泻褌懈泻邪械胁褉芯锌邪芯斜褗械写懈薪械薪薪邪褟 5,010635 5,010635
芯斜褋褍卸写械薪懈褟 0,013423 0,013423
斜谢芯泻懈褉芯胁泻芯泄 0,013423 0,040269
褋械屑褜懈 2,445686 2,445686
