законным 0,013423 0,013423
новый 0,013423 0,013423
найти 0,013423 0,013423
основанием 0,013423 0,013423
письмо 0,013423 0,013423
спасибо 0,013423 0,013423
ингредиентов 2,612740 5,225480
убедитесь 3,912023 7,824046
сладкого 4,317488 8,634976
блендер 3,624341 7,248682
текстуру 3,218876 3,218876
см 2,931194 5,862388
согласие 0,013423 0,026846
доступ 0,013423 0,026846
корицы 5,010635 10,021271
миа 0,013423 0,040269
коктейлем 5,010635 10,021271
задать 0,013423 0,013423
автору 0,013423 0,013423
связаться 0,013423 0,080538
насладиться 5,010635 5,010635
должны 0,013423 0,013423
углеводы 2,445686 2,445686
г 0,013423 0,093961
д 0,013423 0,026846
немного 2,177422 4,354844
фото 0,013423 0,026846
политика 0,013423 0,013423
связь 0,006689 0,013378
л 2,525729 5,051457
готово 0,013423 0,026846
течение 0,013423 0,013423
информационных 0,013423 0,013423
размещения 0,013423 0,013423
мин 2,445686 2,445686
конфиденциальности 0,013423 0,053692
связи 0,013423 0,080538
обеспечить 3,218876 6,437752
заголовок 0,013423 0,026846
шаг 1,875141 13,125988
бананового 3,624341 10,873023
сложность 2,931194 2,931194
процесса 0,013423 0,013423
готовки 1,919593 1,919593
адресу 0,013423 0,026846
проблему 0,013423 0,013423
необходимые 3,401197 6,802395
отказывайте 5,010635 5,010635
текстуры 3,912023 7,824046
поместите 4,317488 8,634976
рецепты 1,139434 4,557737
время 0,013423 0,026846
данных 0,013423 0,107384
письма 0,013423 0,013423
часов 0,013423 0,026846
соглашаетесь 0,013423 0,013423
ранее 0,013423 0,013423
восстановления 0,013423 0,013423
главный 0,013423 0,013423
данные 0,013423 0,013423
разблокировать 0,013423 0,040269
город 0,013423 0,013423
прежде 3,218876 6,437752
вкусно 2,813411 8,440232
фотографию 0,013423 0,013423
добавляя 3,912023 7,824046
обращаем 0,013423 0,013423
легко 1,791759 1,791759
молочный 4,317488 12,952464
отправлено 0,013423 0,013423
написать 0,013423 0,013423
новостеймолния 0,013423 0,013423
молочным 3,912023 7,824046
одноклассники 0,013423 0,026846
сначала 0,013423 0,013423
показать 0,013423 0,013423
кнопку 0,013423 0,013423
коммуникаций 0,013423 0,013423
пароль 0,013423 0,080538
пароля 0,013423 0,053692
перейдите 0,013423 0,013423
калорийность 2,120264 2,120264
вход 0,013423 0,013423
закрыто 0,013423 0,013423
удалено 0,013423 0,013423
ккал 2,302585 2,302585
сколько 0,006689 0,006689
гаврилова 0,013423 0,013423
материалов 0,013423 0,040269
отправлена 0,013423 0,013423
чате 0,013423 0,013423
дополните 5,010635 10,021271
очищенные 3,912023 7,824046
постепенно 2,931194 5,862388
используйте 3,624341 7,248682
расположенному 0,013423 0,026846
чату 0,013423 0,013423
редакцией 0,013423 0,013423
смесь 2,445686 4,891372
учредитель 0,013423 0,013423
рассмотрены 0,013423 0,013423
простые 1,752539 1,752539
мое 0,013423 0,026846
сочетает 3,218876 3,218876
ссылка 0,013423 0,026846
ссылке 0,013423 0,013423
подготовьте 3,912023 7,824046
перетяните 0,013423 0,013423
ссылки 0,013423 0,013423
помочь 0,013423 0,013423
ошибках 0,013423 0,013423
обязательны 0,013423 0,093961
шт 2,238047 4,476093
оставляя 4,317488 8,634976
выпуска 0,013423 0,013423
списка 0,013423 0,013423
формой 0,013423 0,053692
напитковпростые 5,010635 5,010635
роскомнадзор 0,013423 0,013423
блокировался 0,013423 0,013423
москва 0,006689 0,013378
воспользоваться 0,013423 0,013423
замените 4,317488 8,634976
входа 0,013423 0,013423
моё 0,013423 0,013423
белки 2,371578 2,371578
федеральное 0,013423 0,013423
федеральной 0,013423 0,013423
международное 0,013423 0,040269
будут 0,013423 0,013423
новостей 0,006689 0,006689
политикой 0,013423 0,040269
сытным 5,010635 5,010635
хорошее 4,317488 4,317488
рабочее 5,010635 10,021271
разлейте 4,317488 8,634976
обработки 0,013423 0,026846
даю 0,013423 0,026846
отличным 3,912023 7,824046
вкусу 2,066196 2,066196
консистенции 3,624341 7,248682
обработку 0,013423 0,026846
обратной 0,013423 0,067115
редакции 0,013423 0,026846
порции 2,445686 2,445686
обращений 0,013423 0,013423
декора 3,624341 7,248682
обработка 0,013423 0,013423
это 0,013423 0,013423
украшениями 5,010635 10,021271
этим 2,238047 2,238047
станет 2,302585 9,210340
описанием 0,013423 0,013423
новую 0,013423 0,013423
мороженое 3,912023 15,648092
массовых 0,013423 0,013423
пройдена 0,013423 0,013423
используется 0,013423 0,013423
начните 5,010635 10,021271
зарегистрироваться 0,013423 0,053692
пожаловаться 0,013423 0,013423
новости 0,006689 0,026756
войти 0,013423 0,053692
электронной 0,013423 0,013423
чашу 3,912023 15,648092
глубокую 3,912023 7,824046
эл 0,013423 0,013423
действия 0,013423 0,013423
защита 0,013423 0,013423
регистрация 0,013423 0,040269
американская 3,912023 7,824046
быстрым 5,010635 5,010635
почему 0,013423 0,013423
использования 0,013423 0,013423
восстановление 0,013423 0,040269
вопросам 0,013423 0,026846
государственное 0,013423 0,013423
нарезанные 3,912023 7,824046
вкусным 3,624341 3,624341
аромата 3,624341 7,248682
выбором 3,064725 6,129450
вконтакте 0,013423 0,026846
просим 0,013423 0,013423
навсегда 0,013423 0,013423
нарушение 0,013423 0,040269
заблокирован 0,013423 0,013423
ошибку 0,013423 0,013423
защиты 0,013423 0,013423
назад 0,013423 0,067115
обращения 0,013423 0,026846
ванильного 4,317488 12,952464
настроение 4,317488 4,317488
ошибка 0,013423 0,013423
вопрос 0,006689 0,006689
зубовский 0,013423 0,026846
подтверждаете 0,013423 0,013423
заряд 5,010635 5,010635
заполнить 0,013423 0,026846
осуществляется 0,013423 0,013423
ваш 0,013423 0,053692
имя 0,013423 0,067115
другие 0,013423 0,026846
надзору 0,013423 0,013423
срок 0,013423 0,026846
издание 0,013423 0,013423
бульвар 0,013423 0,026846
заполните 0,013423 0,067115
хотите 0,013423 0,040269
технологий 0,013423 0,026846
сетевое 0,013423 0,013423
вновь 0,013423 0,013423
сменить 0,013423 0,013423
материал 0,013423 0,013423
участвовать 0,013423 0,026846
сообщить 0,013423 0,013423
успешно 0,013423 0,013423
скриншот 0,013423 0,040269
освежающий 3,064725 6,129450
лента 0,006689 0,013378
однородной 3,401197 13,604790
заблокированы 0,013423 0,013423
сфере 0,013423 0,013423
коктейля 3,912023 11,736069
натуральной 4,317488 4,317488
свидетельство 0,013423 0,013423
коктейль 4,317488 25,904929
правила 0,013423 0,026846
взаимодействия 0,013423 0,026846
измельчение 5,010635 10,021271
напитка 3,624341 7,248682
сахаром 3,624341 7,248682
сохранить 0,013423 0,013423
информационное 0,013423 0,040269
комментирования 0,013423 0,026846
атмосферу 3,912023 7,824046
пресс 0,013423 0,013423
применения 0,013423 0,013423
федеральному 0,013423 0,026846
персональных 0,013423 0,107384
произошла 0,013423 0,013423
ценность 2,302585 2,302585
дата 0,013423 0,013423
ваше 0,013423 0,107384
сайте 0,013423 0,013423
ваши 0,013423 0,013423
фио 0,013423 0,013423
восстановить 0,013423 0,013423
пожалуйста 0,013423 0,013423
просто 1,714798 5,144395
ниже 0,013423 0,040269
версия 0,013423 0,013423
вопроса 0,013423 0,013423
россия 0,006689 0,053512
обеспечит 4,317488 4,317488
поля 0,013423 0,093961
скорость 4,317488 8,634976
аккуратно 2,813411 5,626821
государственному 0,013423 0,026846
горячих 3,064725 6,129450
наслаждения 5,010635 10,021271
регистрации 0,013423 0,026846
бананов 3,912023 3,912023
поле 0,013423 0,013423
сайт 0,013423 0,026846
ванильное 4,317488 17,269952
сладость 3,912023 7,824046
зарегистрировано 0,013423 0,013423
другое 0,013423 0,013423
поддерживаетсяполучить 0,013423 0,013423
адрес 0,013423 0,040269
соответствии 0,013423 0,026846
сливочную 4,317488 4,317488
загрузите 0,013423 0,013423
сообщения 0,013423 0,053692
загрузить 0,013423 0,013423
предпочитаете 4,317488 8,634976
окунитесь 5,010635 10,021271
направлении 0,013423 0,013423
замеченных 0,013423 0,013423
телефон 0,013423 0,013423
отправки 0,013423 0,013423
унитарному 0,013423 0,026846
добавьте 2,708050 5,416100
энергии 3,401197 3,401197
сообщение 0,013423 0,134230
выберите 0,013423 0,040269
старые 0,013423 0,013423
стаканам 5,010635 10,021271
попробуйте 0,013423 0,013423
защитой 0,013423 0,026846
статьи 0,013423 0,013423
подтвердите 0,013423 0,013423
авторизация 0,013423 0,013423
удовольствии 5,010635 5,010635
бананы 3,912023 31,296184
форма 0,013423 0,013423
логином 0,013423 0,013423
рейтинг 0,006689 0,006689
галочку 0,013423 0,013423
перетащите 0,013423 0,040269
материале 0,013423 0,026846
материала 0,013423 0,026846
вашего 0,013423 0,013423
паролем 0,013423 0,013423
кремообразной 5,010635 10,021271
толщиной 3,624341 7,248682
способы 0,013423 0,026846
банана 4,317488 8,634976
зарегистрируйтесь 0,013423 0,013423
обо 0,013423 0,013423
дискуссии 0,013423 0,026846
рецептырецепты 1,875141 1,875141
редактор 0,013423 0,013423
фгуп 0,499776 0,499776
унитарное 0,013423 0,013423
дней 1,832581 1,832581
форму 0,013423 0,093961
тема 0,013423 0,040269
отправленного 0,013423 0,013423
нарежьте 3,064725 6,129450
связанные 0,013423 0,013423
рекомендательных 0,013423 0,013423
желаемой 5,010635 10,021271
данная 0,013423 0,013423
обратная 0,013423 0,026846
риа 0,006689 0,026756
проставляя 0,013423 0,013423
связанных 0,013423 0,013423
опишите 0,013423 0,013423
заполнения 0,013423 0,093961
кухни 1,832581 3,665163
службе 0,013423 0,013423
молочного 3,912023 11,736069
ручной 4,317488 8,634976
релизов 0,013423 0,013423
ваших 0,013423 0,026846
кухня 1,832581 1,832581
почты 0,013423 0,013423
который 1,160488 1,160488
сахар 2,612740 10,450960
легкий 3,064725 3,064725
напитков 2,813411 2,813411
приготовлении 2,813411 2,813411
агентство 0,013423 0,040269
молотой 4,317488 8,634976
например 1,714798 3,429597
приготовление 1,966113 1,966113
правил 0,013423 0,040269
авторизоваться 0,013423 0,013423
авторизуйтесь 0,013423 0,013423
агентства 0,013423 0,013423
сегодня 0,013423 0,080538
напитком 4,317488 4,317488
расширенный 0,013423 0,013423
сладостью 4,317488 4,317488
американской 2,525729 5,051457
щепоткой 5,010635 10,021271
новыесначала 0,013423 0,013423
шапка 0,013423 0,013423
место 1,832581 3,665163
банановый 5,010635 20,042541
отправить 0,013423 0,147653
продолжить 0,013423 0,013423
решении 0,013423 0,013423
воспользуйтесь 0,013423 0,040269
участие 0,006689 0,006689
архивное 1,373049 1,373049
аккаунт 0,013423 0,053692
обсуждение 0,013423 0,013423
опечатка 0,013423 0,013423
использовать 0,013423 0,040269
блокировки 0,013423 0,013423
банановым 5,010635 10,021271
онлайн 0,013423 0,013423
контактов 0,013423 0,013423
делает 2,612740 2,612740
почта 0,013423 0,080538
рецепт 1,544899 4,634698
апреля 0,013423 0,013423
фамилия 0,013423 0,013423
категория 1,875141 1,875141
количество 2,238047 4,476093
нами 0,013423 0,093961
яндекс 0,013423 0,026846
места 2,612740 5,225480
удалили 0,013423 0,040269
либо 0,013423 0,013423
жиры 2,371578 2,371578
напиток 3,912023 23,472138
вакансии 0,013423 0,013423
аккаунту 0,013423 0,013423
летних 3,218876 3,218876
открываемого 0,013423 0,026846
нажимая 0,013423 0,013423
поиск 0,013423 0,013423
достижения 2,813411 5,626821
вами 0,013423 0,013423
среднюю 5,010635 10,021271
недопустимое 0,013423 0,013423
согласны 0,013423 0,040269
истек 0,013423 0,013423
мороженого 3,624341 18,121705
предприятию 0,013423 0,026846
рекламы 0,013423 0,013423
блендера 4,317488 25,904929
внимание 0,013423 0,013423
принимать 0,013423 0,013423
сможете 0,013423 0,013423
года 0,006689 0,006689
молоко 3,064725 18,388351
пищевая 2,371578 2,371578
миску 3,401197 6,802395
ознакомлены 0,013423 0,013423
ингредиенты 1,919593 5,758779
моих 0,013423 0,026846
очень 1,678431 1,678431
ломтиками 3,218876 12,875503
предприятие 0,013423 0,013423
необходимое 3,912023 7,824046
обсуждения 0,013423 0,013423
блокировкой 0,013423 0,040269
