готов 2,371578 2,371578
газе 3,218876 6,437752
англии 5,010635 5,010635
день 1,203973 2,407946
единая 2,813411 5,626821
новые 1,643339 1,643339
газа 3,218876 3,218876
пакьяо 3,064725 3,064725
беринговым 3,401197 3,401197
завершились 4,317488 4,317488
стал 2,120264 4,240527
заявил 1,427116 11,416931
апк 3,624341 3,624341
фигурное 2,371578 4,743156
работают 3,218876 3,218876
удара 3,624341 3,624341
победительницы 3,064725 3,064725
конфликт 3,401197 3,401197
достигнет 5,010635 5,010635
возобновил 3,912023 3,912023
коллапс 3,624341 3,624341
нанометров 5,010635 5,010635
волейболист 5,010635 5,010635
рпц 3,624341 3,624341
лет 1,514128 3,028255
связь 0,006689 0,006689
готовности 2,612740 2,612740
надеется 3,401197 3,401197
экстремизма 4,317488 4,317488
дубае 2,813411 5,626821
заявления 2,708050 2,708050
суд 2,066196 2,066196
проекты 3,218876 3,218876
матчах 4,317488 4,317488
начинает 3,218876 3,218876
тюрьмы 4,317488 4,317488
силе 3,401197 3,401197
денег 2,708050 2,708050
назвал 1,875141 7,500564
литографа 5,010635 5,010635
самсоняна 4,317488 4,317488
сочи 2,238047 2,238047
слухи 4,317488 4,317488
жителю 3,912023 3,912023
наступить 5,010635 5,010635
хранилище 4,317488 4,317488
колл 5,010635 5,010635
апелляционная 3,912023 3,912023
русский 2,931194 2,931194
освободила 3,912023 3,912023
узбекистана 5,010635 5,010635
физических 2,931194 2,931194
четвертьфинале 4,317488 4,317488
проект 2,525729 5,051457
лиг 3,064725 3,064725
китая 2,612740 2,612740
лихачев 5,010635 5,010635
оон 2,708050 2,708050
справляется 2,931194 2,931194
горючего 4,317488 4,317488
биография 3,912023 3,912023
новгород 3,218876 3,218876
стюарды 4,317488 4,317488
прогремели 4,317488 4,317488
башкирии 4,317488 4,317488
противодействию 4,317488 4,317488
кризисе 4,317488 4,317488
эпштейна 3,064725 3,064725
городские 2,813411 2,813411
пьяный 2,708050 2,708050
украина 1,875141 1,875141
лукашенко 3,401197 3,401197
пригрозил 3,912023 3,912023
вывезти 5,010635 5,010635
вернется 3,912023 3,912023
украине 1,427116 4,281349
шарапова 4,317488 4,317488
последствия 1,966113 5,898339
наступил 3,624341 3,624341
сумму 2,525729 2,525729
херсоне 4,317488 4,317488
кармане 4,317488 4,317488
кадровый 3,401197 3,401197
первую 2,238047 2,238047
лиц 2,302585 2,302585
закрытие 5,010635 5,010635
разгромно 5,010635 5,010635
единоборств 5,010635 5,010635
химиотерапии 5,010635 5,010635
выставка 2,525729 2,525729
прокомментировал 2,708050 5,416100
баннеры 4,317488 4,317488
ликвидируют 2,708050 2,708050
приговор 3,401197 6,802395
базы 3,218876 6,437752
порядок 2,445686 2,445686
снегосплавные 3,912023 3,912023
дебош 2,708050 2,708050
последствиями 2,931194 2,931194
фермерский 5,010635 5,010635
следующей 3,218876 3,218876
австралии 4,317488 4,317488
сколько 0,006689 0,006689
меры 2,612740 5,225480
победы 2,931194 2,931194
банка 3,064725 3,064725
участниках 3,624341 3,624341
кремле 2,371578 2,371578
раскрыли 3,624341 3,624341
патриаршего 5,010635 5,010635
ближайшие 3,912023 3,912023
бельгийский 5,010635 5,010635
поддержки 2,931194 5,862388
совет 2,525729 2,525729
всем 1,455287 1,455287
примет 3,401197 6,802395
ответом 3,912023 3,912023
футболист 3,912023 7,824046
помощи 2,066196 2,066196
еврокомиссии 4,317488 4,317488
экстремизм 4,317488 4,317488
путина 2,612740 5,225480
трудоустройстве 3,401197 3,401197
локомотив 4,317488 4,317488
открыли 3,401197 3,401197
торговля 3,912023 3,912023
инструкция 2,238047 2,238047
привлекли 2,813411 2,813411
технологическому 3,624341 3,624341
масленицы 3,064725 3,064725
тюремных 3,912023 3,912023
британия 3,912023 3,912023
липецкой 3,912023 3,912023
миграции 4,317488 4,317488
усиленном 3,218876 3,218876
сша 1,118815 5,594075
лидер 3,401197 3,401197
вынесли 3,624341 3,624341
вокзале 3,912023 3,912023
труда 3,064725 3,064725
ввели 5,010635 5,010635
андреева 2,813411 2,813411
компетенции 3,218876 3,218876
посетит 4,317488 4,317488
татарстане 5,010635 5,010635
российское 3,218876 3,218876
уборке 2,931194 2,931194
каток 3,401197 3,401197
оставил 4,317488 4,317488
кредита 3,401197 3,401197
москве 1,118815 3,356445
москва 0,006689 0,006689
луганске 3,401197 3,401197
российской 1,678431 1,678431
задачей 3,401197 3,401197
вечер 3,401197 3,401197
членом 4,317488 4,317488
наработки 3,401197 3,401197
зерно 4,317488 4,317488
атаки 3,218876 3,218876
нравится 3,912023 3,912023
завтраком 5,010635 5,010635
мощного 2,813411 2,813411
важнейшей 3,624341 3,624341
северном 3,912023 3,912023
конференции 3,624341 3,624341
коммунальщиков 3,624341 3,624341
краснодарском 3,401197 3,401197
конфликта 2,525729 2,525729
незаконной 3,624341 3,624341
уран 4,317488 4,317488
эндрю 3,064725 6,129450
пошаговая 2,238047 2,238047
армии 2,708050 2,708050
лучшим 4,317488 4,317488
опасность 3,401197 3,401197
банкротство 3,912023 3,912023
новостей 0,006689 0,662210
кишинева 3,912023 3,912023
лучших 1,832581 1,832581
зенит 3,624341 3,624341
москвы 1,455287 1,455287
надежду 2,931194 5,862388
аэропорту 5,010635 5,010635
раскритиковал 3,912023 3,912023
матче 2,931194 2,931194
десятку 3,064725 3,064725
основную 5,010635 5,010635
осматривают 3,912023 3,912023
ростовской 4,317488 4,317488
урегулировать 3,401197 3,401197
участникам 2,931194 2,931194
украинских 3,401197 3,401197
сильного 2,708050 2,708050
назвало 5,010635 5,010635
украинский 2,931194 2,931194
заявок 3,401197 3,401197
сапрыкина 2,708050 2,708050
ираном 5,010635 5,010635
калужской 4,317488 4,317488
подготовке 3,912023 3,912023
встать 3,624341 3,624341
мантуров 3,624341 7,248682
назвала 2,525729 2,525729
дискредитацию 5,010635 5,010635
ограничить 2,931194 2,931194
речном 3,912023 3,912023
понимает 4,317488 4,317488
взрывы 3,624341 3,624341
сделки 3,912023 3,912023
сделке 4,317488 4,317488
покупать 2,931194 2,931194
противостоянии 3,912023 3,912023
новости 0,006689 0,006689
ясность 5,010635 5,010635
спецоперация 3,624341 3,624341
уничтожили 3,624341 3,624341
центров 4,317488 4,317488
фотокоров 3,624341 3,624341
мира 1,791759 10,750557
ответил 2,708050 2,708050
вмешательству 4,317488 4,317488
народной 3,401197 6,802395
обрушилась 3,624341 3,624341
новой 2,813411 2,813411
гауфф 5,010635 5,010635
полке 4,317488 4,317488
программе 2,813411 2,813411
еврокомиссар 5,010635 5,010635
области 1,919593 7,678371
казахстанцами 5,010635 5,010635
захарова 2,813411 2,813411
первым 3,401197 3,401197
победами 5,010635 5,010635
путин 1,514128 3,028255
контрактникам 4,317488 4,317488
внесли 4,317488 4,317488
спецоперации 2,525729 2,525729
эксперты 2,612740 2,612740
паралимпиаде 3,401197 3,401197
возможные 3,064725 3,064725
февраля 0,616186 0,616186
аргентинский 4,317488 4,317488
программы 2,525729 7,577186
состоянии 3,064725 3,064725
арестовали 3,401197 3,401197
композитора 3,912023 3,912023
удивилась 5,010635 5,010635
рэц 3,401197 6,802395
вопрос 0,006689 0,006689
министру 4,317488 4,317488
лопат 3,624341 3,624341
цик 4,317488 4,317488
похоже 2,931194 2,931194
титул 2,931194 2,931194
нового 1,678431 1,678431
выделении 4,317488 4,317488
отказалась 4,317488 4,317488
уралмаш 4,317488 4,317488
футболистки 5,010635 5,010635
краснодара 4,317488 4,317488
рубио 3,218876 6,437752
присматривать 3,401197 3,401197
фронтовых 3,624341 3,624341
технологическим 3,624341 3,624341
пишут 3,624341 3,624341
советов 3,218876 3,218876
зеленского 2,177422 4,354844
королевской 4,317488 4,317488
разработке 5,010635 5,010635
производителей 3,912023 3,912023
мюнхенской 3,912023 3,912023
лента 0,006689 0,662210
арест 3,218876 3,218876
посольство 3,624341 3,624341
набросился 4,317488 4,317488
рассказало 3,624341 3,624341
сократилась 4,317488 4,317488
законопроекта 4,317488 4,317488
обыграл 3,912023 3,912023
франция 3,624341 3,624341
заводе 3,912023 3,912023
иностранному 3,912023 3,912023
сектору 3,624341 3,624341
перевели 3,912023 3,912023
продлил 4,317488 4,317488
осени 2,931194 2,931194
делом 5,010635 5,010635
сбор 3,064725 6,129450
высказался 2,612740 2,612740
фестивале 3,912023 3,912023
крае 3,218876 3,218876
направят 5,010635 5,010635
стали 2,612740 2,612740
вошел 2,813411 2,813411
женщин 2,445686 2,445686
росатома 4,317488 4,317488
россии 0,395515 3,955148
возможный 2,371578 2,371578
задержали 3,064725 3,064725
игрок 2,813411 2,813411
прижился 4,317488 4,317488
песков 2,445686 2,445686
вс 3,218876 6,437752
выступление 3,624341 3,624341
парень 3,912023 3,912023
требования 2,525729 7,577186
фестиваля 3,912023 3,912023
кровля 3,624341 3,624341
дате 2,525729 2,525729
перешелв 4,317488 4,317488
спортивных 3,624341 3,624341
снега 2,708050 2,708050
обменялся 5,010635 5,010635
сво 1,919593 5,758779
президента 2,525729 2,525729
цель 3,064725 3,064725
гд 3,912023 3,912023
кадровом 4,317488 4,317488
пункты 3,401197 3,401197
болельщиков 3,912023 3,912023
россия 0,006689 0,026756
андреевой 4,317488 4,317488
вопросе 3,912023 3,912023
обратился 4,317488 4,317488
приобрела 3,624341 3,624341
аренду 3,624341 3,624341
смотреть 2,708050 2,708050
рассказали 2,066196 2,066196
пошутил 5,010635 5,010635
гусарскими 4,317488 4,317488
лидера 3,624341 3,624341
выделить 2,931194 2,931194
палата 3,624341 3,624341
израиль 2,931194 5,862388
созданные 3,064725 3,064725
предупредил 3,401197 3,401197
европе 2,238047 2,238047
работе 2,813411 2,813411
казахстан 3,218876 3,218876
сложным 3,624341 3,624341
турнира 2,813411 5,626821
брачных 3,624341 3,624341
биржу 3,912023 3,912023
работу 2,708050 2,708050
плохих 5,010635 5,010635
продолжили 5,010635 5,010635
представил 3,912023 3,912023
ограничения 3,218876 3,218876
братан 4,317488 4,317488
причины 2,525729 2,525729
пообещал 3,624341 3,624341
другом 3,624341 3,624341
двух 2,014903 2,014903
беспилотную 3,912023 3,912023
уволил 5,010635 5,010635
отреагировала 3,624341 3,624341
ер 3,401197 3,401197
продлили 4,317488 4,317488
наказании 5,010635 5,010635
число 2,371578 4,743156
нетаньяху 3,218876 3,218876
актера 2,708050 2,708050
поддерживает 2,525729 2,525729
мадагаскара 3,401197 6,802395
мэра 3,401197 3,401197
отреагировали 3,064725 3,064725
палестина 2,931194 2,931194
снегопадов 3,624341 3,624341
ирану 3,912023 7,824046
нижний 3,912023 3,912023
объявили 3,401197 3,401197
ирана 3,401197 3,401197
осужденную 4,317488 4,317488
эксперт 1,678431 1,678431
бахрейне 5,010635 5,010635
деренеу 3,912023 3,912023
выполнила 3,624341 3,624341
аферистов 3,624341 3,624341
домашний 3,218876 3,218876
дни 2,612740 2,612740
медаль 2,813411 2,813411
трансляция 4,317488 4,317488
зимнем 3,624341 3,624341
коллеги 2,612740 2,612740
режиме 2,525729 2,525729
иран 2,612740 2,612740
снегопада 2,612740 5,225480
влекущую 5,010635 5,010635
обе 3,912023 3,912023
социальной 2,445686 2,445686
пройдет 3,218876 3,218876
проливом 3,401197 3,401197
овощной 2,931194 2,931194
медведев 2,612740 28,740140
петросян 3,624341 7,248682
каллас 2,612740 2,612740
расширили 5,010635 5,010635
тестов 5,010635 5,010635
юбилейный 4,317488 4,317488
форуме 3,912023 3,912023
советских 3,064725 3,064725
финансирования 3,401197 3,401197
службы 2,066196 2,066196
бывшему 3,912023 3,912023
левую 4,317488 4,317488
исключительно 2,708050 2,708050
бездомных 3,912023 3,912023
аграриев 4,317488 4,317488
предложений 4,317488 4,317488
максимальное 2,525729 2,525729
выступлением 4,317488 4,317488
участников 2,371578 4,743156
корте 4,317488 4,317488
тоннеля 3,401197 3,401197
риа 0,006689 0,006689
участники 2,931194 2,931194
цска 2,813411 2,813411
арестованным 4,317488 4,317488
оппозиционера 4,317488 4,317488
переговоры 2,177422 4,354844
транспортировки 3,401197 3,401197
россиян 1,919593 1,919593
минздрав 3,912023 3,912023
защитить 2,813411 2,813411
предложила 3,064725 3,064725
будущем 2,931194 2,931194
открылся 3,624341 3,624341
контракт 3,912023 3,912023
совета 2,931194 2,931194
перспективы 3,064725 3,064725
токаев 3,401197 3,401197
трамп 1,609438 17,703817
выиграли 5,010635 5,010635
добыл 4,317488 4,317488
праздновании 4,317488 4,317488
запасного 4,317488 4,317488
произвольной 3,912023 3,912023
сербии 4,317488 4,317488
наталью 3,912023 3,912023
арсеналом 5,010635 5,010635
выставку 3,624341 3,624341
крылья 3,912023 3,912023
признаки 3,218876 3,218876
совете 3,064725 6,129450
вингеров 3,064725 3,064725
россияне 2,708050 2,708050
случае 1,714798 1,714798
совету 3,401197 3,401197
сми 2,177422 2,177422
мвд 3,401197 3,401197
выплаты 3,064725 3,064725
продукции 3,624341 3,624341
страны 2,014903 2,014903
подольске 3,624341 3,624341
слабой 5,010635 5,010635
широчайшие 3,624341 3,624341
повышенные 5,010635 5,010635
лидерством 3,624341 3,624341
предоставить 2,708050 2,708050
лиги 2,612740 2,612740
помиловал 4,317488 4,317488
армении 3,401197 3,401197
используются 2,612740 2,612740
решение 1,791759 1,791759
рассказал 1,347074 9,429516
развитию 2,931194 2,931194
александра 2,612740 2,612740
рязани 4,317488 8,634976
сборной 3,912023 7,824046
начала 2,445686 2,445686
олимпиаде 2,612740 7,838220
участие 0,006689 0,013378
анисимова 4,317488 4,317488
смогла 2,931194 2,931194
топ 2,708050 2,708050
победила 4,317488 4,317488
достигнуть 3,912023 3,912023
прошел 3,218876 3,218876
села 3,624341 3,624341
единой 3,401197 3,401197
чайковского 3,912023 3,912023
организацию 3,218876 3,218876
животных 2,931194 2,931194
мвф 3,624341 7,248682
розыгрыш 3,064725 3,064725
история 1,484275 1,484275
олимпиады 3,218876 3,218876
пишет 2,177422 2,177422
решения 2,238047 2,238047
заботу 3,401197 3,401197
островок 4,317488 4,317488
подозреваемого 3,912023 3,912023
принц 3,624341 7,248682
плана 3,218876 3,218876
значительную 3,401197 3,401197
формат 2,445686 2,445686
проводников 3,064725 3,064725
бой 2,931194 2,931194
орбана 5,010635 5,010635
месте 2,302585 2,302585
треть 3,624341 3,624341
антонелли 5,010635 5,010635
священников 3,912023 3,912023
году 1,139434 3,418303
всу 2,238047 2,238047
залужного 3,912023 3,912023
господдержку 3,624341 3,624341
пожаловались 2,708050 2,708050
выразил 2,813411 5,626821
катание 2,302585 4,605170
бьет 2,931194 2,931194
хочет 2,120264 2,120264
строительства 3,218876 3,218876
официальным 3,064725 3,064725
премьер 2,931194 2,931194
проиграли 5,010635 5,010635
всм 3,624341 3,624341
способствует 3,218876 3,218876
года 0,006689 0,006689
рекорды 2,813411 2,813411
вещах 5,010635 5,010635
расписание 2,612740 2,612740
стоимость 2,612740 2,612740
встречи 2,445686 2,445686
предсезонных 5,010635 5,010635
оценили 3,064725 3,064725
заявила 3,624341 3,624341
втб 3,912023 3,912023
склада 3,624341 3,624341
финансировании 3,912023 3,912023
участию 5,010635 5,010635
пострадавших 3,624341 3,624341
событием 3,624341 3,624341
выборы 3,624341 3,624341
своим 2,612740 2,612740
бпла 3,401197 3,401197
порошенко 4,317488 4,317488
второй 2,445686 2,445686
семьи 2,445686 2,445686
