законным 0,013423 0,013423
добавил 2,931194 2,931194
человеческое 5,010635 5,010635
лента 0,006689 0,013378
новый 0,013423 0,013423
найти 0,013423 0,013423
основанием 0,013423 0,013423
собеседник 3,401197 3,401197
письмо 0,013423 0,013423
спасибо 0,013423 0,013423
заблокированы 0,013423 0,013423
спорт 0,190354 0,190354
сфере 0,013423 0,013423
согласие 0,013423 0,026846
свидетельство 0,013423 0,013423
центр 0,190354 0,190354
доступ 0,013423 0,026846
правила 0,013423 0,026846
миа 0,013423 0,093961
взаимодействия 0,013423 0,026846
задать 0,013423 0,013423
теги 0,190354 0,190354
автору 0,013423 0,013423
связаться 0,013423 0,080538
сообщил 2,445686 4,891372
глава 2,612740 2,612740
должны 0,013423 0,013423
сохранить 0,013423 0,013423
информационное 0,013423 0,040269
г 0,013423 0,026846
д 0,013423 0,026846
комментирования 0,013423 0,026846
реклама 0,190354 0,190354
отказаться 3,218876 3,218876
фото 0,013423 0,026846
политика 0,013423 0,026846
связь 0,006689 0,013378
грозит 2,612740 26,127400
пресс 0,013423 0,026846
россии 0,395515 2,373089
готово 0,013423 0,026846
применения 0,013423 0,013423
течение 0,013423 0,013423
рамиль 3,912023 7,824046
юристов 5,010635 25,053176
ненормативной 5,010635 5,010635
федеральному 0,013423 0,026846
персональных 0,013423 0,107384
произошла 0,013423 0,013423
информационных 0,013423 0,013423
рублей 2,525729 17,680101
размещения 0,013423 0,013423
дата 0,013423 0,013423
ваше 0,013423 0,107384
конфиденциальности 0,013423 0,053692
сайте 0,013423 0,013423
связи 0,013423 0,080538
ваши 0,013423 0,013423
заголовок 0,013423 0,026846
фио 0,013423 0,013423
восстановить 0,013423 0,013423
пожалуйста 0,013423 0,013423
процесса 0,013423 0,013423
адресу 0,013423 0,026846
проблему 0,013423 0,013423
хулиганство 5,010635 5,010635
речь 3,218876 6,437752
ниже 0,013423 0,040269
время 0,013423 0,013423
версия 0,013423 0,013423
вопроса 0,013423 0,013423
данных 0,013423 0,107384
штрафа 5,010635 5,010635
россия 0,006689 0,107024
поля 0,013423 0,093961
письма 0,013423 0,013423
нецензурную 4,317488 8,634976
часов 0,013423 0,026846
оскорбляющей 5,010635 5,010635
соглашаетесь 0,013423 0,013423
ранее 0,013423 0,013423
восстановления 0,013423 0,013423
главный 0,013423 0,013423
данные 0,013423 0,013423
государственному 0,013423 0,026846
также 1,139434 1,139434
отделения 3,624341 3,624341
член 3,624341 7,248682
регистрации 0,013423 0,026846
разблокировать 0,013423 0,040269
город 0,013423 0,013423
призвал 2,813411 2,813411
фотографию 0,013423 0,013423
дмитрий 1,643339 1,643339
поле 0,013423 0,013423
сайт 0,013423 0,026846
обращаем 0,013423 0,013423
отправлено 0,013423 0,013423
написать 0,013423 0,013423
новостеймолния 0,013423 0,013423
третьей 3,624341 3,624341
сервисы 0,190354 0,190354
зарегистрировано 0,013423 0,013423
другое 0,013423 0,013423
туризм 0,283247 0,283247
одноклассники 0,013423 0,026846
сначала 0,013423 0,013423
поддерживаетсяполучить 0,013423 0,013423
адрес 0,013423 0,040269
соответствии 0,013423 0,026846
загрузите 0,013423 0,013423
сообщения 0,013423 0,053692
показать 0,013423 0,013423
кнопку 0,013423 0,013423
коммуникаций 0,013423 0,013423
загрузить 0,013423 0,013423
направлении 0,013423 0,013423
пароль 0,013423 0,080538
замеченных 0,013423 0,013423
телефон 0,013423 0,013423
отправки 0,013423 0,013423
пароля 0,013423 0,053692
перейдите 0,013423 0,013423
унитарному 0,013423 0,026846
медиабанкмужчина 5,010635 5,010635
вход 0,013423 0,013423
продукты 0,150823 0,150823
читать 0,851752 0,851752
закрыто 0,013423 0,013423
удалено 0,013423 0,013423
обновлено 1,003302 1,003302
сколько 0,006689 0,006689
ассоциация 3,912023 11,736069
гаврилова 0,013423 0,013423
материалов 0,013423 0,040269
сообщение 0,013423 0,134230
отправлена 0,013423 0,013423
сумма 3,218876 3,218876
выберите 0,013423 0,040269
чате 0,013423 0,013423
старые 0,013423 0,013423
вырастет 3,912023 3,912023
попробуйте 0,013423 0,013423
общественную 5,010635 5,010635
ассоциации 5,010635 5,010635
расположенному 0,013423 0,026846
чату 0,013423 0,013423
редакцией 0,013423 0,013423
защитой 0,013423 0,026846
учредитель 0,013423 0,013423
статьи 0,013423 0,026846
рассмотрены 0,013423 0,013423
подтвердите 0,013423 0,013423
авторизация 0,013423 0,013423
религия 0,283247 0,283247
форма 0,013423 0,013423
логином 0,013423 0,013423
рейтинг 0,006689 0,006689
галочку 0,013423 0,013423
мое 0,013423 0,026846
влечет 3,912023 3,912023
ссылка 0,013423 0,026846
перетащите 0,013423 0,040269
материале 0,013423 0,026846
культура 0,292136 0,292136
ссылке 0,013423 0,013423
материала 0,013423 0,026846
лексики 5,010635 5,010635
происшествия 0,292136 0,292136
перетяните 0,013423 0,013423
ссылки 0,013423 0,013423
помочь 0,013423 0,013423
архив 0,190354 0,190354
вашего 0,013423 0,013423
части 1,966113 1,966113
паролем 0,013423 0,013423
тысяч 2,238047 17,904373
ошибках 0,013423 0,013423
обязательны 0,013423 0,093961
способы 0,013423 0,026846
зарегистрируйтесь 0,013423 0,013423
обо 0,013423 0,013423
недвижимость 0,292136 0,292136
выпуска 0,013423 0,013423
списка 0,013423 0,013423
формой 0,013423 0,053692
роскомнадзор 0,013423 0,013423
дискуссии 0,013423 0,026846
обществороссияассоциация 5,010635 5,010635
редактор 0,013423 0,013423
фгуп 0,499776 2,498879
блокировался 0,013423 0,013423
унитарное 0,013423 0,013423
омского 5,010635 10,021271
москва 0,006689 0,020067
воспользоваться 0,013423 0,013423
форму 0,013423 0,093961
тема 0,013423 0,040269
входа 0,013423 0,013423
отправленного 0,013423 0,013423
неуважение 4,317488 4,317488
моё 0,013423 0,013423
интернете 3,401197 34,011974
связанные 0,013423 0,013423
рекомендательных 0,013423 0,013423
федеральное 0,013423 0,013423
данная 0,013423 0,013423
федеральной 0,013423 0,013423
обратная 0,013423 0,026846
риа 0,006689 0,100335
международное 0,013423 0,040269
выражающей 5,010635 5,010635
проставляя 0,013423 0,013423
связанных 0,013423 0,013423
будут 0,013423 0,013423
опишите 0,013423 0,013423
заполнения 0,013423 0,093961
новостей 0,006689 0,006689
россиян 1,919593 1,919593
гражданину 4,317488 4,317488
полезное 0,182322 0,182322
политикой 0,013423 0,040269
службе 0,013423 0,013423
медиабанк 1,321756 1,321756
релизов 0,013423 0,013423
ваших 0,013423 0,026846
обработки 0,013423 0,026846
даю 0,013423 0,026846
перейти 1,203973 2,407946
почты 0,013423 0,013423
мелкое 4,317488 4,317488
обработку 0,013423 0,026846
обратной 0,013423 0,067115
подкасты 0,292136 0,292136
редакции 0,013423 0,026846
штраф 3,912023 15,648092
обращений 0,013423 0,013423
агентство 0,013423 0,040269
обработка 0,013423 0,013423
это 0,013423 0,013423
правил 0,013423 0,040269
ситдиков 4,317488 8,634976
авторизоваться 0,013423 0,013423
авторизуйтесь 0,013423 0,013423
ответственность 3,064725 3,064725
мат 3,401197 23,808382
мата 5,010635 5,010635
административную 5,010635 5,010635
агентства 0,013423 0,026846
сегодня 0,013423 0,134230
расширенный 0,013423 0,013423
описанием 0,013423 0,013423
новую 0,013423 0,013423
массовых 0,013423 0,013423
пройдена 0,013423 0,013423
росмолодежи 5,010635 5,010635
используется 0,013423 0,013423
новыесначала 0,013423 0,013423
зарегистрироваться 0,013423 0,053692
пожаловаться 0,013423 0,013423
новости 0,006689 0,107024
войти 0,013423 0,053692
собой 2,445686 2,445686
шапка 0,013423 0,013423
отправить 0,013423 0,147653
продолжить 0,013423 0,013423
электронной 0,013423 0,013423
решении 0,013423 0,013423
рассказал 1,347074 9,429516
россиянам 3,401197 10,203592
мире 0,274437 0,274437
эл 0,013423 0,013423
воспользуйтесь 0,013423 0,040269
государству 3,912023 3,912023
действия 0,013423 0,013423
участие 0,006689 0,006689
радио 0,274437 0,274437
архивное 1,373049 1,373049
аккаунт 0,013423 0,053692
дзен 0,851752 0,851752
экономика 0,292136 0,292136
защита 0,013423 0,013423
обсуждение 0,013423 0,013423
регистрация 0,013423 0,040269
использовать 0,013423 0,013423
опечатка 0,013423 0,013423
почему 0,013423 0,013423
использования 0,013423 0,013423
блокировки 0,013423 0,013423
восстановление 0,013423 0,040269
онлайн 0,013423 0,013423
вопросам 0,013423 0,026846
контактов 0,013423 0,013423
государственное 0,013423 0,013423
почта 0,013423 0,080538
нарушении 4,317488 8,634976
апреля 0,013423 0,013423
вконтакте 0,013423 0,026846
фамилия 0,013423 0,013423
спецпроекты 0,190354 0,190354
просим 0,013423 0,013423
навсегда 0,013423 0,013423
заблокирован 0,013423 0,013423
нарушение 0,013423 0,053692
коап 5,010635 5,010635
регионального 3,401197 3,401197
ошибку 0,013423 0,013423
нами 0,013423 0,093961
яндекс 0,013423 0,026846
защиты 0,013423 0,013423
удалили 0,013423 0,040269
либо 0,013423 0,013423
назад 0,013423 0,067115
обращения 0,013423 0,026846
вакансии 0,013423 0,013423
аккаунту 0,013423 0,013423
открываемого 0,013423 0,026846
макаров 5,010635 10,021271
нажимая 0,013423 0,013423
февраля 0,616186 0,616186
мужчина 3,401197 3,401197
поиск 0,013423 0,013423
нравственность 5,010635 5,010635
вами 0,013423 0,013423
недопустимое 0,013423 0,013423
обществу 5,010635 5,010635
ошибка 0,013423 0,013423
компьютером 4,317488 8,634976
согласны 0,013423 0,040269
вопрос 0,006689 0,006689
истек 0,013423 0,013423
зубовский 0,013423 0,026846
подтверждаете 0,013423 0,013423
юрист 2,371578 14,229468
предприятию 0,013423 0,026846
рекламы 0,013423 0,013423
заполнить 0,013423 0,026846
внимание 0,013423 0,013423
принимать 0,013423 0,013423
повторном 5,010635 10,021271
осуществляется 0,013423 0,013423
ваш 0,013423 0,053692
имя 0,013423 0,067115
другие 0,013423 0,026846
общество 0,265703 1,062813
сможете 0,013423 0,013423
года 0,006689 0,006689
повторное 3,912023 3,912023
достоинство 4,317488 4,317488
надзору 0,013423 0,013423
срок 0,013423 0,026846
издание 0,013423 0,013423
бульвар 0,013423 0,026846
ознакомлены 0,013423 0,013423
хотите 0,013423 0,013423
заполните 0,013423 0,067115
технологий 0,013423 0,026846
сетевое 0,013423 0,013423
использование 2,612740 2,612740
вновь 0,013423 0,013423
фев 1,399717 1,399717
сменить 0,013423 0,013423
моих 0,013423 0,026846
предприятие 0,013423 0,013423
материал 0,013423 0,013423
участвовать 0,013423 0,026846
наука 0,292136 0,292136
сообщить 0,013423 0,013423
обсуждения 0,013423 0,013423
успешно 0,013423 0,013423
скриншот 0,013423 0,040269
блокировкой 0,013423 0,040269
