севере 4,317488 4,317488
законным 0,013423 0,013423
занимаются 5,010635 5,010635
рф 1,181994 1,181994
новый 0,013423 0,026846
севера 3,064725 3,064725
новые 1,643339 1,643339
найти 0,013423 0,013423
основанием 0,013423 0,013423
экспорт 3,624341 3,624341
письмо 0,013423 0,013423
спасибо 0,013423 0,013423
дикую 5,010635 5,010635
чья 4,317488 4,317488
согласие 0,013423 0,026846
центр 0,190354 0,190354
доступ 0,013423 0,026846
арт 3,624341 3,624341
декабря 1,098612 10,986123
миа 0,013423 0,026846
задать 0,013423 0,013423
теги 0,190354 0,190354
автору 0,013423 0,013423
наблюдательный 4,317488 4,317488
превращают 5,010635 5,010635
связаться 0,013423 0,080538
сто 5,010635 5,010635
ритейле 5,010635 5,010635
производство 2,708050 2,708050
должны 0,013423 0,013423
г 0,013423 0,026846
д 0,013423 0,026846
реклама 0,190354 0,190354
фото 0,013423 0,013423
политика 0,013423 0,026846
лет 1,514128 1,514128
связь 0,006689 0,013378
партнерские 5,010635 15,031906
готово 0,013423 0,026846
т 2,525729 2,525729
богатство 5,010635 5,010635
проекты 3,218876 6,437752
течение 0,013423 0,013423
возможностей 3,912023 3,912023
спецразделы 5,010635 5,010635
информационных 0,013423 0,013423
размещения 0,013423 0,013423
конфиденциальности 0,013423 0,053692
мир 1,966113 1,966113
связи 0,013423 0,080538
заголовок 0,013423 0,026846
полного 3,218876 3,218876
процесса 0,013423 0,013423
адресу 0,013423 0,026846
проблему 0,013423 0,013423
время 0,013423 0,026846
данных 0,013423 0,107384
проблемы 2,238047 2,238047
инвестируй 5,010635 5,010635
посмотреть 2,177422 2,177422
письма 0,013423 0,013423
сознание 4,317488 4,317488
путешествия 3,912023 3,912023
часов 0,013423 0,026846
подробно 5,010635 5,010635
соглашаетесь 0,013423 0,013423
данный 2,525729 2,525729
ранее 0,013423 0,013423
восстановления 0,013423 0,013423
маршруты 3,624341 3,624341
главный 0,013423 0,013423
данные 0,013423 0,013423
чистым 5,010635 5,010635
проекта 3,624341 3,624341
разблокировать 0,013423 0,040269
город 0,013423 0,013423
фотографию 0,013423 0,013423
обращаем 0,013423 0,013423
отправлено 0,013423 0,013423
написать 0,013423 0,013423
новостеймолния 0,013423 0,013423
одноклассники 0,013423 0,026846
сначала 0,013423 0,013423
кибербезопасность 4,317488 4,317488
воздухом 5,010635 5,010635
показать 0,013423 0,013423
кнопку 0,013423 0,013423
коммуникаций 0,013423 0,013423
пароль 0,013423 0,080538
лонгриды 5,010635 10,021271
пароля 0,013423 0,053692
института 3,912023 3,912023
задача 4,317488 4,317488
перейдите 0,013423 0,013423
аэрофлот 5,010635 5,010635
спектаклей 5,010635 5,010635
вход 0,013423 0,013423
июня 2,066196 6,198589
продукты 0,150823 0,150823
крузенштерна 5,010635 5,010635
закрыто 0,013423 0,013423
удалено 0,013423 0,013423
заказать 5,010635 5,010635
кубань 5,010635 5,010635
сколько 0,006689 0,006689
гаврилова 0,013423 0,013423
материалов 0,013423 0,040269
музейные 5,010635 5,010635
отправлена 0,013423 0,013423
чате 0,013423 0,013423
расположенному 0,013423 0,026846
чату 0,013423 0,013423
редакцией 0,013423 0,013423
люди 2,238047 2,238047
совет 2,525729 2,525729
инфографика 2,177422 2,177422
видео 1,832581 1,832581
учредитель 0,013423 0,013423
рассмотрены 0,013423 0,013423
мое 0,013423 0,026846
ссылка 0,013423 0,026846
ранняя 5,010635 5,010635
ссылке 0,013423 0,013423
железнодорожная 5,010635 5,010635
дофамином 5,010635 5,010635
перетяните 0,013423 0,013423
ссылки 0,013423 0,013423
помочь 0,013423 0,013423
архив 0,190354 0,380707
расскажите 5,010635 5,010635
июля 1,791759 5,375278
ошибках 0,013423 0,013423
осознать 3,912023 3,912023
курс 4,317488 4,317488
обязательны 0,013423 0,093961
пустырям 5,010635 5,010635
мифы 4,317488 4,317488
выпуска 0,013423 0,013423
списка 0,013423 0,013423
формой 0,013423 0,053692
роскомнадзор 0,013423 0,013423
планету 5,010635 5,010635
зрении 5,010635 5,010635
блокировался 0,013423 0,013423
москва 0,006689 0,013378
воспользоваться 0,013423 0,013423
входа 0,013423 0,013423
вселенной 5,010635 5,010635
моё 0,013423 0,013423
москву 2,612740 2,612740
федеральное 0,013423 0,013423
федеральной 0,013423 0,013423
международное 0,013423 0,040269
цикла 5,010635 5,010635
реквизиту 5,010635 5,010635
будут 0,013423 0,013423
привезла 5,010635 5,010635
новостей 0,006689 0,006689
ноября 1,714798 20,577581
москвы 1,455287 1,455287
очки 3,912023 3,912023
политикой 0,013423 0,040269
обработки 0,013423 0,026846
даю 0,013423 0,026846
нефть 3,624341 3,624341
обработку 0,013423 0,026846
халвы 5,010635 5,010635
обратной 0,013423 0,067115
подкасты 0,292136 0,584273
редакции 0,013423 0,026846
обращений 0,013423 0,013423
обработка 0,013423 0,013423
это 0,013423 0,013423
спецпроект 5,010635 5,010635
сформирован 5,010635 5,010635
описанием 0,013423 0,013423
новую 0,013423 0,013423
массовых 0,013423 0,013423
гримерка 5,010635 5,010635
тулы 5,010635 5,010635
цифровые 3,624341 3,624341
дизайнерские 5,010635 5,010635
пройдена 0,013423 0,013423
доступный 3,912023 3,912023
жизнь 2,525729 2,525729
театра 3,912023 3,912023
начинающих 3,912023 3,912023
используется 0,013423 0,013423
экспедиция 4,317488 4,317488
зарегистрироваться 0,013423 0,053692
пожаловаться 0,013423 0,013423
сентября 1,514128 1,514128
миллионы 5,010635 5,010635
новости 0,006689 0,013378
войти 0,013423 0,053692
электронной 0,013423 0,013423
задачах 5,010635 5,010635
мире 0,274437 0,274437
изменила 5,010635 5,010635
память 4,317488 4,317488
эл 0,013423 0,013423
действия 0,013423 0,013423
радио 0,274437 0,274437
защита 0,013423 0,013423
восток 3,218876 3,218876
регистрация 0,013423 0,040269
почему 0,013423 0,026846
использования 0,013423 0,013423
восстановление 0,013423 0,040269
вопросам 0,013423 0,026846
спецпроектов 5,010635 5,010635
гостеприимства 5,010635 5,010635
государственное 0,013423 0,013423
коротко 5,010635 5,010635
молодых 4,317488 4,317488
создавая 3,624341 3,624341
профилактика 5,010635 5,010635
макрорегион 5,010635 5,010635
вконтакте 0,013423 0,026846
говорят 3,401197 3,401197
спецпроекты 0,190354 0,761415
просим 0,013423 0,013423
тематические 5,010635 5,010635
навсегда 0,013423 0,013423
нарушение 0,013423 0,040269
заблокирован 0,013423 0,013423
ошибку 0,013423 0,013423
защиты 0,013423 0,013423
начнут 3,912023 3,912023
назад 0,013423 0,067115
обращения 0,013423 0,026846
угадайте 4,317488 4,317488
услугами 4,317488 4,317488
ошибка 0,013423 0,013423
главном 3,912023 3,912023
каско 5,010635 5,010635
авито 5,010635 5,010635
открыты 4,317488 4,317488
вопрос 0,006689 0,006689
искусственный 4,317488 4,317488
зубовский 0,013423 0,026846
подтверждаете 0,013423 0,013423
игра 4,317488 4,317488
заполнить 0,013423 0,026846
мощь 3,912023 3,912023
марта 1,678431 1,678431
осуществляется 0,013423 0,013423
ваш 0,013423 0,067115
мультимедийные 5,010635 5,010635
имя 0,013423 0,067115
общество 0,265703 0,265703
другие 0,013423 0,040269
атавизма 5,010635 5,010635
редакционные 5,010635 5,010635
надзору 0,013423 0,013423
срок 0,013423 0,026846
чучела 5,010635 5,010635
издание 0,013423 0,013423
энергоэффективности 5,010635 5,010635
бульвар 0,013423 0,026846
заполните 0,013423 0,067115
хотите 0,013423 0,026846
технологий 0,013423 0,026846
сетевое 0,013423 0,013423
компании 2,302585 2,302585
технологии 3,401197 6,802395
вновь 0,013423 0,013423
сменить 0,013423 0,013423
материал 0,013423 0,013423
участвовать 0,013423 0,026846
самолёта 5,010635 5,010635
дагестане 3,624341 3,624341
сообщить 0,013423 0,013423
успешно 0,013423 0,013423
скриншот 0,013423 0,040269
голове 2,931194 2,931194
рудименты 5,010635 5,010635
лента 0,006689 0,013378
лишние 5,010635 5,010635
тайное 5,010635 5,010635
заблокированы 0,013423 0,013423
спорт 0,190354 0,190354
разработать 5,010635 5,010635
сфере 0,013423 0,013423
свидетельство 0,013423 0,013423
интеллект 5,010635 5,010635
компаниями 3,912023 3,912023
правила 0,013423 0,040269
взаимодействия 0,013423 0,026846
перевозка 5,010635 5,010635
инжиниринговые 5,010635 5,010635
сохранить 0,013423 0,013423
информационное 0,013423 0,040269
край 2,708050 2,708050
комментирования 0,013423 0,026846
сэкономить 3,912023 3,912023
гимнастика 5,010635 5,010635
борту 4,317488 4,317488
пресс 0,013423 0,026846
россии 0,395515 1,186544
применения 0,013423 0,013423
знаменитого 4,317488 4,317488
наша 3,624341 3,624341
обитатели 4,317488 4,317488
федеральному 0,013423 0,026846
персональных 0,013423 0,107384
поможет 2,525729 2,525729
произошла 0,013423 0,013423
сотрудничеств 5,010635 5,010635
дата 0,013423 0,013423
ваше 0,013423 0,107384
сайте 0,013423 0,013423
ваши 0,013423 0,013423
клади 5,010635 5,010635
фио 0,013423 0,013423
рак 5,010635 5,010635
восстановить 0,013423 0,013423
диагностика 4,317488 4,317488
пожалуйста 0,013423 0,013423
лечит 5,010635 5,010635
континенты 5,010635 5,010635
откуда 3,218876 3,218876
производители 3,912023 3,912023
ниже 0,013423 0,040269
версия 0,013423 0,013423
жизнейпосмотреть 5,010635 5,010635
вопроса 0,013423 0,013423
россия 0,006689 0,060201
тест 2,931194 2,931194
поля 0,013423 0,093961
интерактивные 5,010635 5,010635
января 1,160488 4,641951
государственному 0,013423 0,026846
рыбы 3,624341 3,624341
регистрации 0,013423 0,026846
рыбу 3,401197 3,401197
спасенных 5,010635 5,010635
органы 3,624341 3,624341
поле 0,013423 0,013423
сайт 0,013423 0,026846
правильно 2,066196 2,066196
показатели 4,317488 4,317488
сервисы 0,190354 0,190354
зарегистрировано 0,013423 0,013423
другое 0,013423 0,013423
туризм 0,283247 0,283247
поддерживаетсяполучить 0,013423 0,013423
адрес 0,013423 0,040269
соответствии 0,013423 0,026846
загрузите 0,013423 0,013423
сообщения 0,013423 0,053692
туристам 5,010635 5,010635
живая 5,010635 5,010635
загрузить 0,013423 0,013423
направлении 0,013423 0,013423
замеченных 0,013423 0,013423
телефон 0,013423 0,013423
работодателей 5,010635 5,010635
отправки 0,013423 0,013423
отрасли 3,624341 3,624341
замерзала 5,010635 5,010635
унитарному 0,013423 0,026846
крайнего 5,010635 5,010635
поддерживает 2,525729 2,525729
сообщение 0,013423 0,134230
её 3,064725 3,064725
маркетплейса 4,317488 4,317488
выберите 0,013423 0,040269
старые 0,013423 0,013423
попробуйте 0,013423 0,013423
защитой 0,013423 0,026846
тишиной 5,010635 5,010635
ловят 5,010635 5,010635
статьи 0,013423 0,013423
подтвердите 0,013423 0,013423
авторизация 0,013423 0,013423
религия 0,283247 0,283247
форма 0,013423 0,013423
логином 0,013423 0,013423
рейтинг 0,006689 0,013378
галочку 0,013423 0,013423
дом 2,302585 2,302585
перетащите 0,013423 0,040269
материале 0,013423 0,026846
культура 0,292136 0,292136
маски 3,912023 3,912023
материала 0,013423 0,026846
происшествия 0,292136 0,292136
вашего 0,013423 0,013423
паролем 0,013423 0,013423
способы 0,013423 0,026846
зарегистрируйтесь 0,013423 0,013423
обо 0,013423 0,013423
недвижимость 0,292136 0,292136
перекрёстка 5,010635 5,010635
дискуссии 0,013423 0,026846
августа 2,120264 4,240527
редактор 0,013423 0,013423
ит 5,010635 10,021271
унитарное 0,013423 0,013423
хвост 4,317488 4,317488
язык 3,401197 3,401197
больницах 5,010635 5,010635
форму 0,013423 0,093961
тема 0,013423 0,040269
нам 2,525729 2,525729
отправленного 0,013423 0,013423
биопринтинга 5,010635 5,010635
связанные 0,013423 0,013423
рекомендательных 0,013423 0,013423
большого 3,624341 3,624341
сделать 1,752539 1,752539
данная 0,013423 0,013423
гор 4,317488 4,317488
новая 3,064725 3,064725
обратная 0,013423 0,026846
овощей 3,218876 3,218876
риа 0,006689 0,013378
арктика 3,912023 3,912023
проставляя 0,013423 0,013423
связанных 0,013423 0,013423
опишите 0,013423 0,013423
заполнения 0,013423 0,093961
полезное 0,182322 0,182322
тела 3,218876 9,656627
будущее 3,912023 7,824046
службе 0,013423 0,013423
нацпроекту 5,010635 5,010635
ручной 4,317488 4,317488
релизов 0,013423 0,013423
спасти 3,218876 3,218876
исламский 5,010635 5,010635
ваших 0,013423 0,040269
кухня 1,832581 1,832581
почты 0,013423 0,013423
октября 1,832581 9,162907
вопросов 5,010635 5,010635
человеческим 5,010635 5,010635
аппендикс 5,010635 5,010635
идея 5,010635 5,010635
смыслом 5,010635 5,010635
вторую 5,010635 5,010635
маркетинга 3,624341 3,624341
агентство 0,013423 0,040269
продаж 4,317488 4,317488
правил 0,013423 0,040269
инновационного 5,010635 5,010635
дроны 3,912023 3,912023
музыкупосмотреть 5,010635 5,010635
союзное 5,010635 5,010635
авторизоваться 0,013423 0,013423
авторизуйтесь 0,013423 0,013423
советы 1,752539 1,752539
агентства 0,013423 0,013423
сегодня 0,013423 0,067115
улучшить 5,010635 5,010635
расширенный 0,013423 0,013423
дальний 3,912023 3,912023
видеоинтервью 5,010635 15,031906
вместе 2,302585 2,302585
такое 1,875141 3,750282
новыесначала 0,013423 0,013423
туристический 5,010635 5,010635
шапка 0,013423 0,013423
развития 2,813411 2,813411
место 1,832581 1,832581
государство 3,064725 3,064725
отправить 0,013423 0,147653
продолжить 0,013423 0,013423
центры 3,624341 3,624341
решении 0,013423 0,013423
благодаря 2,302585 2,302585
воспользуйтесь 0,013423 0,040269
участие 0,006689 0,006689
аккаунт 0,013423 0,053692
экономика 0,292136 0,292136
обсуждение 0,013423 0,013423
глаз 3,624341 3,624341
использовать 0,013423 0,013423
опечатка 0,013423 0,013423
блокировки 0,013423 0,013423
онлайн 0,013423 0,013423
лицом 3,401197 3,401197
контактов 0,013423 0,013423
ученые 3,064725 3,064725
почта 0,013423 0,080538
межсезонье 5,010635 5,010635
природу 4,317488 4,317488
апреля 0,013423 0,067115
фамилия 0,013423 0,013423
строительстве 5,010635 5,010635
объединяем 3,912023 3,912023
яндекс 0,013423 0,026846
нами 0,013423 0,107384
голоса 5,010635 5,010635
сеточку 4,317488 4,317488
удалили 0,013423 0,040269
либо 0,013423 0,013423
вакансии 0,013423 0,013423
формат 2,445686 2,445686
аккаунту 0,013423 0,013423
открываемого 0,013423 0,026846
безопасности 2,177422 2,177422
нажимая 0,013423 0,013423
поиск 0,013423 0,013423
вами 0,013423 0,013423
монета 5,010635 5,010635
недопустимое 0,013423 0,013423
предгорий 5,010635 5,010635
согласны 0,013423 0,040269
истек 0,013423 0,013423
героев 3,624341 3,624341
вечностьпосмотреть 5,010635 5,010635
дает 3,064725 3,064725
предприятию 0,013423 0,026846
рекламы 0,013423 0,013423
внимание 0,013423 0,013423
принимать 0,013423 0,013423
печатать 5,010635 5,010635
сможете 0,013423 0,013423
года 0,006689 0,006689
правда 2,708050 8,124151
науку 3,912023 3,912023
ознакомлены 0,013423 0,013423
землям 5,010635 5,010635
грыжи 5,010635 5,010635
инвестициях 5,010635 5,010635
начинается 3,064725 3,064725
отличаются 4,317488 4,317488
моих 0,013423 0,026846
соски 5,010635 5,010635
предприятие 0,013423 0,013423
наука 0,292136 0,292136
браузер 2,813411 2,813411
наследственность 5,010635 5,010635
продукт 2,931194 2,931194
обсуждения 0,013423 0,013423
блокировкой 0,013423 0,040269
