законным 0,013423 0,013423
различную 4,317488 4,317488
этому 2,708050 5,416100
найти 0,013423 0,013423
основанием 0,013423 0,013423
экспорт 3,624341 10,873023
газа 3,218876 9,656627
письмо 0,013423 0,013423
спасибо 0,013423 0,026846
заявил 1,427116 1,427116
вокруг 3,064725 6,129450
ситуации 2,445686 2,445686
согласие 0,013423 0,026846
центр 0,190354 0,190354
закупок 5,010635 5,010635
людей 2,445686 2,445686
госсекретарь 5,010635 5,010635
заявлений 5,010635 10,021271
связаться 0,013423 0,080538
ногу 5,010635 5,010635
производство 2,708050 2,708050
реклама 0,190354 0,190354
вашингтона 3,218876 12,875503
фото 0,013423 0,013423
лет 1,514128 3,028255
связь 0,006689 0,013378
санкции 3,218876 3,218876
вашингтоне 3,218876 6,437752
насколько 3,624341 3,624341
сложнее 3,912023 3,912023
заявления 2,708050 2,708050
перейдет 4,317488 4,317488
готово 0,013423 0,026846
сопряжено 5,010635 5,010635
неугодных 5,010635 5,010635
информационных 0,013423 0,013423
горизонте 5,010635 5,010635
денег 2,708050 2,708050
размещения 0,013423 0,013423
пор 2,708050 2,708050
конфиденциальности 0,013423 0,053692
связи 0,013423 0,093961
заголовок 0,013423 0,026846
каракас 4,317488 4,317488
наружу 5,010635 5,010635
своей 2,177422 2,177422
китаем 3,218876 6,437752
процесса 0,013423 0,013423
адресу 0,013423 0,026846
весьма 5,010635 10,021271
проблему 0,013423 0,013423
проект 2,525729 2,525729
данных 0,013423 0,107384
объемах 4,317488 4,317488
письма 0,013423 0,013423
часов 0,013423 0,026846
соглашаетесь 0,013423 0,013423
данным 2,371578 2,371578
главный 0,013423 0,013423
данные 0,013423 0,013423
упоминает 5,010635 5,010635
максимально 3,401197 3,401197
также 1,139434 2,278869
прощупывают 5,010635 5,010635
цехового 5,010635 5,010635
фотографию 0,013423 0,013423
медийное 5,010635 10,021271
мудрое 5,010635 5,010635
гиганта 5,010635 5,010635
отправлено 0,013423 0,013423
украине 1,427116 2,854233
давай 3,624341 3,624341
сначала 0,013423 0,013423
начать 3,218876 3,218876
миллиона 3,624341 10,873023
лиц 2,302585 2,302585
враги 5,010635 5,010635
подписания 3,912023 3,912023
интересует 5,010635 5,010635
кремль 4,317488 4,317488
формально 3,624341 7,248682
перейдите 0,013423 0,013423
накрепко 5,010635 5,010635
отправляется 3,912023 3,912023
прицелом 5,010635 5,010635
слов 3,912023 3,912023
уходят 5,010635 5,010635
закрыто 0,013423 0,013423
сколько 0,006689 0,006689
материалов 0,013423 0,040269
отправлена 0,013423 0,013423
стремятся 4,317488 8,634976
чате 0,013423 0,013423
удастся 4,317488 8,634976
стороны 2,238047 2,238047
активы 5,010635 5,010635
чату 0,013423 0,013423
редакцией 0,013423 0,013423
полностью 2,014903 6,044709
всему 3,912023 3,912023
узами 5,010635 5,010635
входил 5,010635 5,010635
дэн 5,010635 10,021271
часть 1,919593 1,919593
рассмотрены 0,013423 0,013423
последние 1,098612 4,394449
перетяните 0,013423 0,013423
архив 0,190354 0,190354
очертания 5,010635 5,010635
влиянием 5,010635 5,010635
ошибках 0,013423 0,013423
широкую 5,010635 5,010635
германский 4,317488 4,317488
энергетическая 4,317488 4,317488
сша 1,118815 4,475260
выросла 4,317488 4,317488
выпуска 0,013423 0,013423
ослабив 4,317488 4,317488
соединенных 4,317488 4,317488
списка 0,013423 0,013423
формой 0,013423 0,053692
одновременно 3,401197 3,401197
администрации 3,401197 3,401197
качестве 2,708050 2,708050
повторить 3,401197 3,401197
глобуса 5,010635 5,010635
глобальную 4,317488 4,317488
усилит 5,010635 5,010635
штатами 3,912023 3,912023
российской 1,678431 1,678431
финт 5,010635 5,010635
персы 5,010635 5,010635
федеральное 0,013423 0,013423
федеральной 0,013423 0,013423
конференции 3,624341 3,624341
местная 5,010635 5,010635
молчания 5,010635 5,010635
международное 0,013423 0,040269
опасности 3,624341 3,624341
будут 0,013423 0,107384
подавление 5,010635 5,010635
новостей 0,006689 0,006689
попросили 5,010635 5,010635
получать 2,813411 2,813411
добывает 5,010635 5,010635
команду 3,912023 3,912023
лоб 5,010635 5,010635
умственного 5,010635 5,010635
нефть 3,624341 10,873023
иранского 5,010635 5,010635
нужно 1,455287 1,455287
бить 3,064725 18,388351
обратной 0,013423 0,067115
подкасты 0,292136 0,292136
кратно 5,010635 5,010635
собственной 3,912023 3,912023
теневого 4,317488 4,317488
нефти 3,401197 20,407184
грызней 5,010635 5,010635
западной 5,010635 5,010635
четырех 3,401197 3,401197
золотым 5,010635 5,010635
туман 4,317488 4,317488
инвестировать 5,010635 5,010635
вашингтон 2,445686 4,891372
описанием 0,013423 0,013423
сильнейшим 5,010635 5,010635
соединенные 3,912023 3,912023
рычаг 5,010635 5,010635
штатов 4,317488 4,317488
используется 0,013423 0,013423
золотых 5,010635 5,010635
сианя 5,010635 5,010635
зависимым 5,010635 5,010635
мире 0,274437 1,097747
эл 0,013423 0,013423
заключено 5,010635 5,010635
идеально 2,612740 2,612740
мира 1,791759 1,791759
точно 2,612740 2,612740
дзен 0,851752 0,851752
причем 2,708050 2,708050
почему 0,013423 0,013423
власти 2,525729 2,525729
директор 2,708050 2,708050
оценкам 3,912023 3,912023
вопросам 0,013423 0,026846
увесистым 5,010635 5,010635
прибыл 4,317488 4,317488
вконтакте 0,013423 0,026846
власть 3,912023 3,912023
навсегда 0,013423 0,013423
нарушение 0,013423 0,040269
партнерам 5,010635 5,010635
аравии 5,010635 5,010635
поднебесной 5,010635 5,010635
назад 0,013423 0,080538
имели 5,010635 5,010635
возможные 3,064725 3,064725
ссср 3,218876 3,218876
авиастроении 5,010635 5,010635
аналитика 2,177422 6,532266
пагубной 5,010635 5,010635
зубовский 0,013423 0,026846
заполнить 0,013423 0,026846
аналитики 3,624341 3,624341
осуществляется 0,013423 0,013423
против 1,966113 1,966113
именно 2,066196 4,132393
другие 0,013423 0,026846
общество 0,265703 0,265703
железнодорожный 5,010635 5,010635
углеводороды 5,010635 5,010635
внешнего 5,010635 5,010635
надзору 0,013423 0,013423
нового 1,678431 1,678431
издание 0,013423 0,013423
повысить 3,912023 3,912023
срочно 3,912023 3,912023
национализирована 5,010635 5,010635
донес 5,010635 5,010635
бульвар 0,013423 0,026846
выступая 4,317488 4,317488
заполните 0,013423 0,067115
хотите 0,013423 0,026846
других 1,966113 1,966113
сетевое 0,013423 0,013423
вновь 0,013423 0,013423
сменить 0,013423 0,013423
утечка 5,010635 5,010635
участвовать 0,013423 0,026846
сообщить 0,013423 0,013423
противники 4,317488 4,317488
европейским 4,317488 4,317488
скриншот 0,013423 0,040269
варианты 2,708050 2,708050
борьбой 5,010635 5,010635
исключение 3,912023 3,912023
аналитикав 3,912023 3,912023
лишним 5,010635 5,010635
спорт 0,190354 0,190354
дэна 5,010635 5,010635
подмял 5,010635 5,010635
нефтедобывающей 5,010635 5,010635
инвестиционного 5,010635 5,010635
взаимодействия 0,013423 0,026846
сохранить 0,013423 0,013423
информационное 0,013423 0,040269
марко 3,912023 15,648092
схема 5,010635 5,010635
тегераном 5,010635 5,010635
сделало 4,317488 4,317488
многом 3,912023 3,912023
федеральному 0,013423 0,026846
айвасин 5,010635 15,031906
рубеж 5,010635 5,010635
передав 5,010635 5,010635
направления 3,401197 3,401197
имеют 2,525729 2,525729
поворот 3,912023 3,912023
случайная 5,010635 5,010635
фио 0,013423 0,013423
сесть 4,317488 4,317488
пожалуйста 0,013423 0,013423
нарастили 5,010635 5,010635
цель 3,064725 6,129450
ниже 0,013423 0,040269
версия 0,013423 0,013423
совпадают 5,010635 5,010635
исправить 3,624341 3,624341
сутки 2,525729 5,051457
поля 0,013423 0,093961
объемы 4,317488 4,317488
шесть 2,708050 2,708050
считает 2,813411 2,813411
саудовской 5,010635 5,010635
пытаются 3,912023 3,912023
государственному 0,013423 0,026846
далекоидущие 5,010635 5,010635
американского 3,624341 3,624341
мадуро 3,912023 15,648092
сделает 3,218876 3,218876
чавистов 5,010635 5,010635
логистический 5,010635 5,010635
поле 0,013423 0,040269
истерика 3,912023 3,912023
работу 2,708050 2,708050
зарегистрировано 0,013423 0,013423
туризм 0,283247 0,283247
адрес 0,013423 0,040269
соответствии 0,013423 0,026846
работа 2,612740 2,612740
загрузите 0,013423 0,013423
сообщения 0,013423 0,053692
загрузить 0,013423 0,013423
западного 4,317488 8,634976
направлении 0,013423 0,013423
первого 2,813411 2,813411
замеченных 0,013423 0,013423
телефон 0,013423 0,013423
глобального 3,624341 3,624341
пока 1,919593 3,839186
заполучить 5,010635 5,010635
савчук 3,218876 12,875503
миллионов 2,931194 5,862388
монополии 5,010635 5,010635
сообщение 0,013423 0,134230
старые 0,013423 0,013423
добывала 5,010635 5,010635
попробуйте 0,013423 0,013423
изменением 5,010635 5,010635
вошли 4,317488 4,317488
финансового 2,066196 2,066196
добывали 5,010635 5,010635
иранцев 5,010635 5,010635
оба 3,218876 3,218876
материалы 1,643339 1,643339
мировую 4,317488 4,317488
взаимные 5,010635 5,010635
статьи 0,013423 0,013423
подтвердите 0,013423 0,013423
перетащите 0,013423 0,040269
материале 0,013423 0,026846
культура 0,292136 0,292136
ирак 5,010635 5,010635
материала 0,013423 0,026846
происшествия 0,292136 0,292136
иран 2,612740 39,191100
вашего 0,013423 0,013423
вентиль 5,010635 5,010635
паролем 0,013423 0,013423
заработка 5,010635 5,010635
обоснуется 5,010635 5,010635
наблюдаются 5,010635 5,010635
соответственно 3,401197 3,401197
зарегистрируйтесь 0,013423 0,013423
обо 0,013423 0,013423
форума 4,317488 4,317488
отсутствием 3,912023 7,824046
строить 5,010635 5,010635
редактор 0,013423 0,013423
фгуп 0,499776 1,499327
флота 3,218876 3,218876
многие 2,525729 2,525729
получить 1,752539 1,752539
гарантирует 5,010635 5,010635
исключительно 2,708050 5,416100
отправленного 0,013423 0,013423
замыслу 5,010635 5,010635
оккупировать 5,010635 5,010635
связанные 0,013423 0,013423
фактически 3,912023 3,912023
разных 2,177422 2,177422
различным 5,010635 5,010635
обратная 0,013423 0,026846
риа 0,006689 0,060201
козыри 5,010635 5,010635
связанных 0,013423 0,013423
опишите 0,013423 0,013423
эквивалентно 5,010635 5,010635
почты 0,013423 0,013423
создан 4,317488 4,317488
осознанная 5,010635 5,010635
ведущий 2,302585 2,302585
трамп 1,609438 8,047190
феномен 4,317488 4,317488
мае 3,401197 3,401197
производств 5,010635 5,010635
агентство 0,013423 0,040269
нефтегаз 5,010635 5,010635
агентства 0,013423 0,013423
сегодня 0,013423 0,120807
быстрее 2,813411 2,813411
штаты 2,708050 27,080502
партнерстве 5,010635 5,010635
сразу 1,832581 1,832581
создать 3,064725 3,064725
нарастить 5,010635 5,010635
ударом 4,317488 4,317488
товарного 5,010635 5,010635
руки 3,401197 3,401197
отдельно 3,218876 6,437752
шапка 0,013423 0,013423
соглашения 3,912023 3,912023
отправить 0,013423 0,147653
продолжить 0,013423 0,013423
решении 0,013423 0,013423
ошибочной 5,010635 5,010635
добавляет 2,931194 2,931194
включать 5,010635 5,010635
истории 2,612740 2,612740
воспользуйтесь 0,013423 0,040269
лишить 5,010635 5,010635
аккаунт 0,013423 0,053692
капитуляции 3,912023 3,912023
экономика 0,292136 0,292136
заработать 5,010635 5,010635
состав 2,525729 2,525729
основная 5,010635 5,010635
обсуждение 0,013423 0,026846
приходится 3,912023 3,912023
блокировки 0,013423 0,013423
рамках 2,931194 5,862388
соглашение 3,401197 3,401197
почта 0,013423 0,080538
хорошенько 3,912023 3,912023
мирного 3,218876 3,218876
фамилия 0,013423 0,013423
пишет 2,177422 2,177422
яндекс 0,013423 0,026846
удалили 0,013423 0,040269
либо 0,013423 0,013423
аккаунту 0,013423 0,013423
персии 5,010635 5,010635
консорциум 5,010635 5,010635
открываемого 0,013423 0,026846
глубокая 5,010635 5,010635
поставками 5,010635 5,010635
поиск 0,013423 0,013423
китайскими 5,010635 5,010635
текущее 5,010635 5,010635
рубиониколас 5,010635 5,010635
согласны 0,013423 0,040269
добычи 5,010635 5,010635
добыче 5,010635 5,010635
исторические 4,317488 4,317488
производственную 5,010635 5,010635
рекламы 0,013423 0,013423
добыча 5,010635 5,010635
предпосылки 5,010635 5,010635
априн 5,010635 5,010635
помогать 3,912023 3,912023
приписывал 5,010635 5,010635
перечисленные 4,317488 4,317488
днях 3,912023 3,912023
заняты 5,010635 5,010635
обладающих 5,010635 5,010635
обсуждения 0,013423 0,013423
активно 3,064725 6,129450
добычу 5,010635 10,021271
блокировкой 0,013423 0,040269
процентам 5,010635 5,010635
готов 2,371578 4,743156
европейцам 5,010635 5,010635
новый 0,013423 0,013423
потерями 5,010635 5,010635
шелкового 5,010635 5,010635
ждет 2,612740 2,612740
венесуэльского 5,010635 5,010635
получили 2,525729 2,525729
попутно 5,010635 5,010635
активная 3,912023 3,912023
политики 3,401197 3,401197
менее 2,177422 2,177422
доступ 0,013423 0,026846
венесуэлу 5,010635 10,021271
пойти 3,401197 3,401197
миа 0,013423 0,067115
задать 0,013423 0,013423
теги 0,190354 0,190354
автору 0,013423 0,013423
подчеркнул 3,401197 3,401197
венесуэле 4,317488 4,317488
должны 0,013423 0,013423
г 0,013423 0,026846
д 0,013423 0,026846
политика 0,013423 0,053692
течение 0,013423 0,013423
х 3,401197 3,401197
текущая 4,317488 4,317488
китай 2,177422 13,064532
сказок 5,010635 5,010635
китайского 2,813411 2,813411
тратить 3,624341 3,624341
мир 1,966113 1,966113
должна 2,525729 2,525729
персов 5,010635 5,010635
уступая 5,010635 5,010635
время 0,013423 0,040269
рычага 5,010635 5,010635
китаю 2,931194 17,587163
укладывается 3,912023 3,912023
потоки 4,317488 4,317488
легкая 4,317488 4,317488
ресурсы 3,401197 3,401197
ибо 5,010635 5,010635
восстановления 0,013423 0,013423
ранее 0,013423 0,026846
структуры 4,317488 4,317488
сергей 1,609438 6,437752
разблокировать 0,013423 0,040269
город 0,013423 0,013423
скованных 5,010635 5,010635
рук 3,401197 3,401197
обращаем 0,013423 0,013423
написать 0,013423 0,013423
новостеймолния 0,013423 0,013423
сектор 4,317488 4,317488
внутренние 4,317488 4,317488
остыло 5,010635 10,021271
зависимость 5,010635 5,010635
одноклассники 0,013423 0,026846
упомянули 5,010635 5,010635
первую 2,238047 4,476093
показать 0,013423 0,013423
нефтепромышленников 5,010635 5,010635
американцы 3,218876 3,218876
кнопку 0,013423 0,013423
трансокеанскую 5,010635 5,010635
коммуникаций 0,013423 0,013423
рисками 4,317488 4,317488
айвасина 5,010635 5,010635
пароль 0,013423 0,080538
пароля 0,013423 0,053692
счет 2,445686 2,445686
вход 0,013423 0,013423
тяжелые 4,317488 4,317488
продукты 0,150823 0,150823
читать 0,851752 0,851752
удалено 0,013423 0,013423
дональд 2,445686 9,782744
равно 3,401197 3,401197
гаврилова 0,013423 0,013423
некогда 5,010635 5,010635
вторгаться 5,010635 5,010635
расположенному 0,013423 0,026846
революция 4,317488 4,317488
интересные 2,931194 2,931194
задержками 5,010635 5,010635
политическими 5,010635 5,010635
внутренней 3,912023 3,912023
учредитель 0,013423 0,013423
распоряжении 3,624341 3,624341
лишь 2,371578 2,371578
распоряжение 5,010635 5,010635
странах 3,064725 3,064725
мое 0,013423 0,026846
боливарианской 5,010635 5,010635
ссылка 0,013423 0,026846
напускают 5,010635 5,010635
случилась 5,010635 15,031906
нефтяная 4,317488 8,634976
ископаемых 5,010635 5,010635
ссылке 0,013423 0,013423
долларов 2,931194 5,862388
ссылки 0,013423 0,013423
помочь 0,013423 0,013423
маршрутом 5,010635 5,010635
незначительные 5,010635 5,010635
обязательны 0,013423 0,093961
сделок 5,010635 5,010635
щедро 3,218876 3,218876
районе 3,401197 3,401197
помиловать 3,624341 3,624341
роскомнадзор 0,013423 0,013423
блокировался 0,013423 0,013423
москве 1,118815 1,118815
москва 0,006689 0,013378
воспользоваться 0,013423 0,013423
русской 1,752539 1,752539
хаб 5,010635 5,010635
масштабах 3,912023 3,912023
входа 0,013423 0,013423
экспортным 5,010635 5,010635
моё 0,013423 0,013423
континентов 5,010635 5,010635
сравнению 3,912023 3,912023
далее 2,238047 2,238047
изначально 3,401197 3,401197
деньги 2,445686 2,445686
которое 2,302585 2,302585
энергетики 3,218876 3,218876
которой 2,238047 2,238047
москвы 1,455287 1,455287
политикой 0,013423 0,040269
лица 2,525729 2,525729
обработки 0,013423 0,026846
монет 5,010635 5,010635
даю 0,013423 0,026846
пятерку 5,010635 5,010635
импорта 3,912023 3,912023
достаточно 2,445686 2,445686
обработку 0,013423 0,026846
кнр 3,912023 11,736069
редакции 0,013423 0,026846
обращений 0,013423 0,013423
мадуродональд 5,010635 5,010635
ссору 3,624341 3,624341
связано 3,401197 6,802395
результате 2,931194 2,931194
бывшая 4,317488 4,317488
обработка 0,013423 0,013423
которого 2,238047 4,476093
это 0,013423 0,161076
иранской 4,317488 12,952464
амбиций 5,010635 5,010635
станет 2,302585 2,302585
искренне 5,010635 5,010635
смена 5,010635 5,010635
вряд 3,912023 3,912023
новую 0,013423 0,026846
массовых 0,013423 0,013423
пройдена 0,013423 0,013423
геополитического 5,010635 5,010635
зарегистрироваться 0,013423 0,053692
пожаловаться 0,013423 0,013423
новости 0,006689 0,066890
войти 0,013423 0,053692
ведется 3,624341 3,624341
электронной 0,013423 0,013423
действия 0,013423 0,013423
радио 0,274437 0,274437
грядущих 5,010635 5,010635
форменная 5,010635 5,010635
добычей 5,010635 5,010635
защита 0,013423 0,013423
регистрация 0,013423 0,040269
использования 0,013423 0,013423
восстановление 0,013423 0,040269
подошло 5,010635 5,010635
государственное 0,013423 0,013423
выбить 5,010635 5,010635
позволит 3,218876 3,218876
объединенные 5,010635 5,010635
спецпроекты 0,190354 0,190354
затем 1,791759 1,791759
иранскую 5,010635 5,010635
просим 0,013423 0,013423
заблокирован 0,013423 0,013423
ошибку 0,013423 0,013423
защиты 0,013423 0,013423
путин 1,514128 1,514128
обращения 0,013423 0,026846
предлагается 3,912023 3,912023
первый 2,014903 2,014903
сговорчивой 5,010635 5,010635
февраля 0,616186 2,464745
республикой 4,317488 4,317488
ошибка 0,013423 0,013423
практически 2,445686 2,445686
взятие 4,317488 4,317488
вопрос 0,006689 0,006689
подтверждаете 0,013423 0,013423
вернет 5,010635 5,010635
сгенерировано 2,708050 8,124151
ваш 0,013423 0,053692
имя 0,013423 0,067115
прошлого 3,064725 3,064725
триллиона 4,317488 4,317488
империю 5,010635 5,010635
срок 0,013423 0,026846
важными 5,010635 5,010635
событий 2,177422 2,177422
находятся 5,010635 5,010635
временным 5,010635 10,021271
технологий 0,013423 0,026846
компании 2,302585 2,302585
рубио 3,218876 19,313255
торгует 5,010635 5,010635
материал 0,013423 0,013423
самым 2,302585 2,302585
имевшиеся 5,010635 5,010635
больших 4,317488 4,317488
успешно 0,013423 0,013423
мюнхенской 3,912023 3,912023
лента 0,006689 0,013378
нефтеимпорта 5,010635 5,010635
николаса 5,010635 5,010635
вообразил 5,010635 5,010635
заблокированы 0,013423 0,013423
ряд 2,931194 2,931194
сфере 0,013423 0,026846
переговорах 2,177422 2,177422
иранский 5,010635 5,010635
буквально 3,064725 3,064725
свидетельство 0,013423 0,013423
обкладывать 5,010635 5,010635
правила 0,013423 0,026846
африки 4,317488 4,317488
вытеснение 5,010635 5,010635
комментирования 0,013423 0,026846
распилом 5,010635 5,010635
пресс 0,013423 0,026846
россии 0,395515 3,559633
применения 0,013423 0,013423
потенциально 5,010635 5,010635
сделал 2,708050 2,708050
севернее 5,010635 5,010635
век 4,317488 4,317488
изрядным 5,010635 5,010635
персональных 0,013423 0,107384
добавляется 4,317488 4,317488
произошла 0,013423 0,013423
возможных 3,912023 3,912023
исламская 4,317488 4,317488
дата 0,013423 0,013423
ваше 0,013423 0,107384
сайте 0,013423 0,013423
пекином 5,010635 5,010635
ваши 0,013423 0,013423
очередь 2,238047 2,238047
процентов 2,931194 2,931194
процветание 5,010635 5,010635
доминирования 5,010635 5,010635
восстановить 0,013423 0,013423
сво 1,919593 1,919593
нужды 3,912023 3,912023
просто 1,714798 3,429597
душить 5,010635 10,021271
сырой 3,912023 7,824046
вопроса 0,013423 0,013423
которую 2,931194 2,931194
пару 2,525729 2,525729
россия 0,006689 0,066890
го 2,177422 2,177422
россию 2,302585 4,605170
конца 2,445686 2,445686
государства 2,931194 2,931194
китайских 3,912023 3,912023
речи 3,912023 3,912023
канцлер 3,624341 3,624341
концу 5,010635 5,010635
регистрации 0,013423 0,026846
ииизображение 2,931194 2,931194
проведение 3,064725 3,064725
американских 3,912023 3,912023
сайт 0,013423 0,026846
невероятное 4,317488 4,317488
использовали 4,317488 4,317488
сохранилась 5,010635 5,010635
сервисы 0,190354 0,190354
интересна 5,010635 5,010635
нефтехимию 5,010635 5,010635
другое 0,013423 0,013423
поддерживаетсяполучить 0,013423 0,013423
полезных 3,218876 3,218876
двух 2,014903 2,014903
уравнения 4,317488 4,317488
интересно 4,317488 4,317488
явно 3,064725 3,064725
отправки 0,013423 0,013423
отрасли 3,624341 3,624341
необходимости 2,612740 2,612740
схожие 5,010635 5,010635
унитарному 0,013423 0,026846
климата 4,317488 4,317488
иране 5,010635 20,042541
отрасль 5,010635 10,021271
кубометров 5,010635 5,010635
контроль 3,624341 14,497364
выберите 0,013423 0,040269
управлением 4,317488 4,317488
товарами 5,010635 5,010635
сорта 3,401197 3,401197
полях 4,317488 8,634976
ирана 3,401197 6,802395
похищением 5,010635 5,010635
временную 4,317488 4,317488
остатка 5,010635 5,010635
поставил 5,010635 5,010635
защитой 0,013423 0,026846
нефтью 5,010635 10,021271
авторизация 0,013423 0,013423
религия 0,283247 0,283247
дни 2,612740 5,225480
форма 0,013423 0,013423
логином 0,013423 0,013423
рейтинг 0,006689 0,006689
галочку 0,013423 0,013423
показателю 4,317488 4,317488
позиции 4,317488 8,634976
пути 2,813411 2,813411
упоминал 4,317488 4,317488
сторон 3,218876 3,218876
зависеть 4,317488 4,317488
обмен 3,218876 3,218876
обсуждает 5,010635 5,010635
западные 4,317488 4,317488
способы 0,013423 0,026846
промышленность 3,912023 3,912023
недвижимость 0,292136 0,292136
ии 2,813411 5,626821
дискуссии 0,013423 0,026846
твердости 5,010635 5,010635
унитарное 0,013423 0,013423
теми 4,317488 4,317488
поставки 3,912023 3,912023
дней 1,832581 1,832581
форму 0,013423 0,093961
тема 0,013423 0,040269
огромные 3,218876 3,218876
тегеран 5,010635 5,010635
цивилизации 3,912023 3,912023
остальная 4,317488 4,317488
сих 2,931194 2,931194
комплекса 3,624341 3,624341
рекомендательных 0,013423 0,013423
данная 0,013423 0,026846
изображение 2,813411 5,626821
проставляя 0,013423 0,013423
зарабатывали 5,010635 5,010635
заполнения 0,013423 0,093961
полезное 0,182322 0,182322
службе 0,013423 0,013423
миреиранкитаймарко 5,010635 5,010635
юга 3,624341 3,624341
фантомные 5,010635 5,010635
релизов 0,013423 0,013423
ваших 0,013423 0,026846
максимум 2,931194 2,931194
николас 4,317488 12,952464
инфраструктуру 4,317488 4,317488
управление 3,912023 3,912023
миллиардов 3,912023 11,736069
который 1,160488 2,320975
планы 3,912023 3,912023
реальности 3,912023 3,912023
турцию 4,317488 4,317488
правил 0,013423 0,040269
которых 1,966113 1,966113
авторизоваться 0,013423 0,013423
авторизуйтесь 0,013423 0,013423
вон 5,010635 5,010635
транспортную 5,010635 5,010635
случае 1,714798 1,714798
расширенный 0,013423 0,013423
независимых 4,317488 4,317488
считают 3,064725 3,064725
американской 2,525729 2,525729
случая 4,317488 4,317488
новыесначала 0,013423 0,013423
будем 3,624341 3,624341
продиктованная 5,010635 5,010635
несколько 1,752539 3,505078
стран 2,238047 2,238047
условиям 5,010635 5,010635
начало 3,624341 3,624341
развития 2,813411 2,813411
неоколониализма 5,010635 5,010635
придумал 3,401197 3,401197
упоминается 5,010635 5,010635
венесуэлой 4,317488 4,317488
участие 0,006689 0,006689
направляется 4,317488 4,317488
маршрута 4,317488 4,317488
использовать 0,013423 0,013423
опечатка 0,013423 0,013423
исходя 3,624341 3,624341
энергоресурсов 4,317488 4,317488
онлайн 0,013423 0,013423
получится 2,813411 2,813411
золотой 3,624341 3,624341
опыта 3,624341 3,624341
контактов 0,013423 0,013423
выступивший 5,010635 5,010635
привычный 4,317488 4,317488
апреля 0,013423 0,013423
предупреждал 3,912023 3,912023
переноса 5,010635 5,010635
кулуарная 5,010635 5,010635
нами 0,013423 0,093961
боли 5,010635 5,010635
модель 5,010635 5,010635
плана 3,218876 3,218876
местной 5,010635 5,010635
вакансии 0,013423 0,013423
дождь 4,317488 4,317488
авторов 5,010635 5,010635
безопасности 2,177422 2,177422
нажимая 0,013423 0,013423
уступок 3,912023 3,912023
вами 0,013423 0,013423
недопустимое 0,013423 0,013423
году 1,139434 2,278869
названием 3,912023 3,912023
истек 0,013423 0,013423
давления 3,912023 3,912023
соединенными 3,912023 3,912023
тегерана 5,010635 5,010635
предприятию 0,013423 0,026846
хочет 2,120264 2,120264
внимание 0,013423 0,013423
принимать 0,013423 0,013423
оплатят 3,624341 3,624341
ежесуточно 5,010635 5,010635
сможете 0,013423 0,013423
года 0,006689 0,020067
правда 2,708050 2,708050
критически 5,010635 5,010635
ознакомлены 0,013423 0,013423
природного 5,010635 10,021271
зажигательных 5,010635 10,021271
моих 0,013423 0,026846
баррелей 5,010635 25,053176
очень 1,678431 3,356862
предприятие 0,013423 0,013423
прорываются 5,010635 5,010635
наука 0,292136 0,292136
касается 2,612740 2,612740
бесперебойные 5,010635 5,010635
якобы 3,624341 3,624341
