законным 0,013423 0,013423
радоница 4,317488 8,634976
масленица 3,064725 3,064725
воздвижение 5,010635 15,031906
апостолов 5,010635 25,053176
юлианскому 5,010635 10,021271
день 1,203973 36,119184
этому 2,708050 2,708050
найти 0,013423 0,013423
основанием 0,013423 0,013423
молятся 4,317488 4,317488
письмо 0,013423 0,013423
спасибо 0,013423 0,013423
великую 5,010635 5,010635
случилось 4,317488 4,317488
вспоминая 5,010635 5,010635
стилю 4,317488 12,952464
согласие 0,013423 0,026846
некоторых 2,525729 2,525729
центр 0,190354 0,190354
россияиисус 5,010635 5,010635
декабря 1,098612 6,591674
предтечи 5,010635 30,063812
приглашенный 3,064725 3,064725
людей 2,445686 2,445686
старец 5,010635 5,010635
таким 2,525729 7,577186
связаться 0,013423 0,080538
декабрь 3,624341 3,624341
солунского 5,010635 5,010635
наблюдаем 4,317488 4,317488
реклама 0,190354 0,190354
фото 0,013423 0,147653
явление 3,912023 3,912023
связь 0,006689 0,013378
производит 5,010635 10,021271
божиих 5,010635 5,010635
готово 0,013423 0,026846
мощей 5,010635 15,031906
смелостью 5,010635 5,010635
римляне 5,010635 5,010635
переходящие 5,010635 20,042541
запретом 5,010635 5,010635
переходящий 5,010635 15,031906
главные 2,931194 8,793581
информационных 0,013423 0,013423
размещения 0,013423 0,013423
упоминания 3,912023 3,912023
конфиденциальности 0,013423 0,053692
связи 0,013423 0,093961
весь 2,813411 2,813411
заголовок 0,013423 0,026846
переходящих 5,010635 5,010635
подготовиться 4,317488 12,952464
дело 1,919593 5,758779
процесса 0,013423 0,013423
предков 3,912023 7,824046
своем 4,317488 4,317488
адресу 0,013423 0,026846
проблему 0,013423 0,013423
живоначальной 5,010635 10,021271
врага 5,010635 5,010635
зародившаяся 5,010635 5,010635
данных 0,013423 0,107384
называть 3,401197 3,401197
христианский 5,010635 5,010635
письма 0,013423 0,013423
отметят 3,624341 10,873023
часов 0,013423 0,026846
соборе 4,317488 12,952464
соглашаетесь 0,013423 0,013423
главный 0,013423 0,040269
данные 0,013423 0,013423
дневном 5,010635 5,010635
территории 2,813411 5,626821
главных 3,912023 3,912023
также 1,139434 5,697171
вере 5,010635 5,010635
фотографию 0,013423 0,013423
григорианскому 5,010635 5,010635
отправлено 0,013423 0,013423
рассказывает 2,371578 2,371578
сначала 0,013423 0,013423
поминальные 3,912023 3,912023
скоромной 5,010635 5,010635
постился 5,010635 10,021271
перейдите 0,013423 0,013423
победу 3,218876 3,218876
июня 2,066196 8,264785
закрыто 0,013423 0,013423
датируемом 5,010635 5,010635
сочельник 3,624341 7,248682
сколько 0,006689 0,006689
новообращённых 5,010635 5,010635
материалов 0,013423 0,040269
победы 2,931194 2,931194
отправлена 0,013423 0,013423
начинали 5,010635 5,010635
кирилла 5,010635 5,010635
чате 0,013423 0,013423
июнь 3,624341 3,624341
сплошных 5,010635 5,010635
кижского 5,010635 10,021271
святитель 5,010635 10,021271
получил 2,612740 2,612740
постепенно 2,931194 2,931194
святителя 4,317488 4,317488
выстраиваются 5,010635 5,010635
недвунадесятых 5,010635 5,010635
чату 0,013423 0,013423
редакцией 0,013423 0,013423
настоятель 5,010635 10,021271
недвунадесятый 5,010635 10,021271
восхода 5,010635 5,010635
поддержки 2,931194 2,931194
обряд 5,010635 10,021271
новому 2,612740 5,225480
старому 5,010635 10,021271
рождеству 5,010635 10,021271
меняют 3,912023 3,912023
пример 3,218876 6,437752
двухнедельный 5,010635 10,021271
рассмотрены 0,013423 0,013423
прибавление 5,010635 5,010635
святители 5,010635 5,010635
рождество 3,624341 25,370387
рождества 3,912023 3,912023
историко 5,010635 10,021271
нему 3,064725 3,064725
последний 3,401197 3,401197
говорит 2,014903 4,029806
перетяните 0,013423 0,013423
масленицы 3,064725 9,194175
некоторые 2,525729 2,525729
архив 0,190354 0,190354
владимира 3,064725 3,064725
июля 1,791759 17,917595
церкви 4,317488 4,317488
ошибках 0,013423 0,013423
бахтиярова 5,010635 40,085082
описание 5,010635 5,010635
июль 3,624341 3,624341
завершается 5,010635 10,021271
мифы 4,317488 4,317488
выпуска 0,013423 0,013423
медиабанкперед 5,010635 5,010635
списка 0,013423 0,013423
формой 0,013423 0,053692
равноапостольные 5,010635 5,010635
пятидесятый 5,010635 5,010635
патриаршим 5,010635 10,021271
религиовед 4,317488 12,952464
противостояния 3,912023 3,912023
усопших 4,317488 25,904929
равноапостольных 5,010635 5,010635
бахтияровой 5,010635 5,010635
сохранили 3,064725 3,064725
ноябре 3,218876 3,218876
федеральное 0,013423 0,013423
кончине 5,010635 5,010635
федеральной 0,013423 0,013423
покрова 3,912023 7,824046
ноябрь 3,624341 3,624341
международное 0,013423 0,040269
пятаков 3,912023 7,824046
будут 0,013423 0,026846
новостей 0,006689 0,006689
ноября 1,714798 10,288791
недвунадесятые 5,010635 15,031906
православная 2,612740 15,676440
солнца 3,912023 7,824046
библии 5,010635 5,010635
наоборот 3,401197 3,401197
тому 3,064725 3,064725
века 3,218876 6,437752
слияние 5,010635 5,010635
жизни 2,120264 6,360791
перейти 1,203973 24,079456
веке 3,401197 3,401197
саровского 5,010635 5,010635
обратной 0,013423 0,067115
подкасты 0,292136 0,292136
встретил 4,317488 4,317488
сытый 5,010635 5,010635
оглавление 1,791759 1,791759
одних 5,010635 5,010635
подготовки 2,931194 5,862388
евы 5,010635 5,010635
девы 5,010635 5,010635
петров 3,624341 14,497364
разница 5,010635 5,010635
популярны 5,010635 5,010635
описанием 0,013423 0,013423
плод 5,010635 5,010635
традициями 5,010635 5,010635
произошедшее 5,010635 5,010635
епанчинцев 3,912023 7,824046
заповедями 5,010635 5,010635
имеющие 3,912023 3,912023
начнется 3,912023 3,912023
жизнь 2,525729 2,525729
используется 0,013423 0,013423
вычисления 5,010635 5,010635
покров 5,010635 20,042541
проходят 3,624341 3,624341
невского 5,010635 5,010635
мире 0,274437 0,274437
годом 3,624341 3,624341
эл 0,013423 0,013423
телесного 5,010635 5,010635
христианские 5,010635 5,010635
дзен 0,851752 0,851752
чаще 2,612740 2,612740
народной 3,401197 3,401197
почему 0,013423 0,013423
продолжается 4,317488 8,634976
фавор 5,010635 5,010635
ежегодно 3,218876 3,218876
песаха 5,010635 5,010635
вопросам 0,013423 0,026846
известна 5,010635 5,010635
средам 5,010635 5,010635
совершать 5,010635 5,010635
господень 5,010635 15,031906
кафедральном 5,010635 10,021271
вконтакте 0,013423 0,026846
вербного 5,010635 10,021271
взошел 5,010635 5,010635
желающие 3,912023 3,912023
навсегда 0,013423 0,013423
нарушение 0,013423 0,040269
назад 0,013423 0,067115
желающих 3,912023 3,912023
крестных 4,317488 4,317488
дневный 5,010635 15,031906
святого 3,064725 9,194175
крещенский 5,010635 10,021271
зубовский 0,013423 0,026846
крестные 5,010635 5,010635
православного 5,010635 5,010635
заполнить 0,013423 0,026846
петра 3,912023 19,560115
переняв 5,010635 5,010635
сливались 5,010635 5,010635
традицию 5,010635 5,010635
традиция 3,912023 7,824046
осуществляется 0,013423 0,013423
днями 5,010635 5,010635
общество 0,265703 0,265703
другие 0,013423 0,040269
зла 5,010635 10,021271
надзору 0,013423 0,013423
нового 1,678431 1,678431
вытеснило 5,010635 5,010635
издание 0,013423 0,013423
летнего 3,218876 3,218876
храм 3,912023 11,736069
бульвар 0,013423 0,026846
хотите 0,013423 0,013423
заполните 0,013423 0,067115
воскресенье 2,931194 20,518356
сетевое 0,013423 0,013423
традиции 1,966113 15,728903
вновь 0,013423 0,013423
сменить 0,013423 0,013423
постными 5,010635 5,010635
участвовать 0,013423 0,026846
величии 5,010635 5,010635
сообщить 0,013423 0,013423
образом 2,302585 4,605170
примечание 5,010635 5,010635
узнайте 3,912023 3,912023
евангельской 5,010635 5,010635
учение 5,010635 5,010635
скриншот 0,013423 0,040269
чудотворца 4,317488 12,952464
отмечать 2,931194 2,931194
заката 5,010635 5,010635
главы 2,931194 8,793581
четыредесятницы 5,010635 5,010635
спорт 0,190354 0,190354
услышать 5,010635 5,010635
ветхого 5,010635 5,010635
апостолы 5,010635 5,010635
встречаем 5,010635 5,010635
сказать 4,317488 4,317488
протяжении 3,624341 7,248682
поста 3,218876 32,188758
субботы 3,624341 7,248682
взаимодействия 0,013423 0,026846
посте 5,010635 20,042541
священному 5,010635 5,010635
вечной 4,317488 4,317488
легенды 4,317488 4,317488
юлианский 5,010635 5,010635
сохранить 0,013423 0,013423
информационное 0,013423 0,040269
циклом 5,010635 5,010635
стала 2,813411 2,813411
завете 5,010635 5,010635
являются 3,218876 3,218876
стали 2,612740 7,838220
илья 3,218876 6,437752
пророка 5,010635 10,021271
лунным 5,010635 5,010635
федеральному 0,013423 0,026846
концом 5,010635 5,010635
поможет 2,525729 2,525729
пророки 5,010635 5,010635
наступать 5,010635 5,010635
верующая 5,010635 5,010635
господня 3,912023 39,120230
имеют 2,525729 2,525729
медиабанкикона 5,010635 5,010635
поворот 3,912023 3,912023
фио 0,013423 0,013423
памятные 5,010635 10,021271
пожалуйста 0,013423 0,013423
беде 5,010635 5,010635
дерево 3,912023 3,912023
человека 2,177422 4,354844
чудо 5,010635 5,010635
ниже 0,013423 0,040269
версия 0,013423 0,013423
моисей 5,010635 5,010635
постная 5,010635 5,010635
спустя 2,813411 5,626821
поля 0,013423 0,093961
прихода 5,010635 10,021271
господне 3,401197 34,011974
государственному 0,013423 0,026846
духами 5,010635 5,010635
носит 5,010635 10,021271
перенесения 5,010635 5,010635
бед 5,010635 5,010635
периодов 4,317488 4,317488
поле 0,013423 0,013423
молитвах 5,010635 5,010635
пятницам 5,010635 5,010635
взятой 5,010635 5,010635
зарегистрировано 0,013423 0,013423
многодневные 4,317488 8,634976
иудеев 5,010635 10,021271
туризм 0,283247 0,283247
принесли 4,317488 4,317488
адрес 0,013423 0,040269
отношения 2,525729 2,525729
соответствии 0,013423 0,040269
загрузите 0,013423 0,013423
запрет 4,317488 8,634976
сообщения 0,013423 0,053692
перенесение 5,010635 5,010635
загрузить 0,013423 0,013423
направлении 0,013423 0,013423
замеченных 0,013423 0,013423
телефон 0,013423 0,013423
руси 3,912023 3,912023
особенности 2,708050 2,708050
бедняков 3,912023 7,824046
период 1,160488 3,481463
кряжев 3,401197 6,802395
преобразился 5,010635 5,010635
апостольским 5,010635 5,010635
учеников 5,010635 5,010635
празднования 4,317488 21,587441
празднованию 3,912023 7,824046
апостольский 5,010635 5,010635
сообщение 0,013423 0,134230
старый 4,317488 4,317488
полнолуния 5,010635 5,010635
старые 0,013423 0,013423
поясняет 2,371578 2,371578
кроме 1,919593 1,919593
многодневных 5,010635 5,010635
образа 5,010635 5,010635
попробуйте 0,013423 0,013423
выпадающей 5,010635 5,010635
духовным 5,010635 5,010635
племени 5,010635 10,021271
троица 5,010635 5,010635
библейская 5,010635 5,010635
почитаемых 5,010635 20,042541
каждая 5,010635 5,010635
материалы 1,643339 1,643339
рождеством 5,010635 5,010635
племена 5,010635 5,010635
карелии 4,317488 8,634976
остальных 3,218876 3,218876
весеннего 3,912023 3,912023
познания 5,010635 10,021271
эксперт 1,678431 5,035292
иоанна 5,010635 35,074447
тип 3,624341 3,624341
медиабанкпразднование 5,010635 5,010635
троицы 5,010635 55,116988
статьи 0,013423 0,013423
богослужения 5,010635 30,063812
старше 3,624341 3,624341
характерен 5,010635 5,010635
празднованием 5,010635 5,010635
утренняя 4,317488 4,317488
прихожанами 5,010635 10,021271
подтвердите 0,013423 0,013423
разделить 3,401197 3,401197
перетащите 0,013423 0,040269
материале 0,013423 0,040269
культура 0,292136 0,292136
материала 0,013423 0,026846
двумя 3,624341 3,624341
происшествия 0,292136 0,292136
иным 5,010635 5,010635
прощеное 4,317488 4,317488
вашего 0,013423 0,013423
трансформировался 5,010635 5,010635
касающихся 3,912023 3,912023
паролем 0,013423 0,013423
современным 3,912023 3,912023
выпадают 5,010635 5,010635
соответственно 3,401197 6,802395
земных 5,010635 5,010635
условием 5,010635 5,010635
зарегистрируйтесь 0,013423 0,013423
обо 0,013423 0,013423
честь 4,317488 17,269952
вторник 3,624341 3,624341
храме 3,912023 23,472138
редактор 0,013423 0,013423
фгуп 0,499776 1,499327
христа 3,401197 44,215566
пятница 4,317488 4,317488
архитектурного 5,010635 10,021271
скрижали 5,010635 5,010635
складывались 5,010635 5,010635
отправленного 0,013423 0,013423
угодников 5,010635 5,010635
радонежского 5,010635 10,021271
связанные 0,013423 0,013423
обратная 0,013423 0,026846
ксении 5,010635 5,010635
риа 0,006689 0,193981
образы 4,317488 4,317488
пятницу 4,317488 8,634976
связанных 0,013423 0,013423
опишите 0,013423 0,013423
можем 3,624341 3,624341
разные 2,445686 2,445686
год 0,967584 2,902752
отмечаются 5,010635 10,021271
почты 0,013423 0,013423
посвященный 5,010635 5,010635
посвященные 3,912023 3,912023
мая 1,832581 21,990978
фотохост 5,010635 10,021271
поэтому 2,014903 2,014903
длительность 4,317488 4,317488
началом 3,401197 10,203592
празднование 3,218876 6,437752
православии 5,010635 15,031906
знаем 5,010635 5,010635
увеличения 4,317488 4,317488
вербное 3,401197 13,604790
покровителя 5,010635 5,010635
май 3,912023 3,912023
агентство 0,013423 0,067115
медиабанкдевушки 4,317488 4,317488
поклоняться 5,010635 5,010635
икона 5,010635 5,010635
несовпадение 5,010635 5,010635
крестителя 5,010635 10,021271
агентства 0,013423 0,013423
сегодня 0,013423 0,120807
самое 2,708050 2,708050
отмечают 2,525729 12,628643
иерусалим 3,912023 39,120230
вместе 2,302585 2,302585
усмотреть 5,010635 5,010635
обращаются 5,010635 5,010635
преподобного 5,010635 5,010635
зависимости 2,014903 8,059612
давид 3,218876 3,218876
шапка 0,013423 0,013423
праздника 2,371578 16,601046
отправить 0,013423 0,147653
продолжить 0,013423 0,013423
продлится 3,912023 7,824046
решение 1,791759 1,791759
решении 0,013423 0,013423
александра 2,612740 2,612740
накануне 3,218876 3,218876
историк 3,912023 3,912023
освящения 5,010635 10,021271
март 3,401197 3,401197
успение 5,010635 15,031906
истории 2,612740 7,838220
воспользуйтесь 0,013423 0,040269
аккаунт 0,013423 0,053692
дерева 5,010635 5,010635
учениками 5,010635 5,010635
экономика 0,292136 0,292136
приурочены 5,010635 5,010635
календаря 5,010635 10,021271
неким 5,010635 5,010635
преображение 5,010635 10,021271
обсуждение 0,013423 0,013423
села 3,624341 7,248682
богообщения 5,010635 5,010635
сретение 3,401197 6,802395
приходится 3,912023 19,560115
календарь 2,177422 28,306485
наиболее 2,813411 2,813411
блокировки 0,013423 0,013423
календарю 4,317488 12,952464
весну 5,010635 5,010635
почитание 5,010635 15,031906
которая 1,643339 1,643339
иерусалимский 5,010635 5,010635
называют 3,624341 3,624341
десять 2,612740 2,612740
воскресение 2,931194 8,793581
иудеи 5,010635 5,010635
постятся 5,010635 10,021271
почта 0,013423 0,080538
история 1,484275 2,968550
успения 5,010635 10,021271
фамилия 0,013423 0,013423
непосредственно 3,218876 3,218876
днём 5,010635 5,010635
евгений 2,302585 4,605170
празднику 3,401197 3,401197
предательство 5,010635 10,021271
яндекс 0,013423 0,026846
календаре 5,010635 20,042541
фарисеев 5,010635 5,010635
воскресения 3,912023 15,648092
удалили 0,013423 0,040269
либо 0,013423 0,067115
почитания 5,010635 5,010635
приблизительно 4,317488 4,317488
согласно 2,371578 2,371578
праздники 1,791759 37,626949
аккаунту 0,013423 0,013423
открываемого 0,013423 0,026846
название 3,401197 17,005987
поиск 0,013423 0,013423
желудок 5,010635 5,010635
согласны 0,013423 0,040269
сергия 5,010635 10,021271
символизирует 5,010635 10,021271
куличи 3,912023 3,912023
рекламы 0,013423 0,013423
солнцеворот 5,010635 5,010635
первое 3,912023 3,912023
встречу 2,931194 5,862388
медиабанксвечи 5,010635 5,010635
алексей 1,966113 3,932226
заветов 5,010635 5,010635
соблюдают 5,010635 5,010635
ивана 3,912023 11,736069
следует 2,066196 2,066196
канун 4,317488 12,952464
подготовить 2,612740 2,612740
идеалом 5,010635 5,010635
принять 3,912023 7,824046
родители 3,218876 3,218876
начинается 3,064725 12,258901
установлен 4,317488 4,317488
принято 3,218876 3,218876
обсуждения 0,013423 0,013423
яркий 3,401197 3,401197
установления 3,401197 3,401197
блокировкой 0,013423 0,040269
свечи 3,624341 3,624341
новый 0,013423 0,026846
очищения 5,010635 10,021271
чудотворец 5,010635 10,021271
верующими 5,010635 5,010635
креста 5,010635 25,053176
доступ 0,013423 0,026846
помощью 1,919593 3,839186
миа 0,013423 0,067115
задать 0,013423 0,013423
теги 0,190354 0,190354
димитрия 5,010635 5,010635
важным 2,708050 5,416100
автору 0,013423 0,013423
александр 1,455287 2,910574
первом 2,708050 2,708050
добра 5,010635 10,021271
должны 0,013423 0,013423
иисус 3,218876 16,094379
месяцев 2,708050 2,708050
словам 1,752539 1,752539
г 0,013423 0,026846
д 0,013423 0,026846
блаженной 5,010635 5,010635
шаманы 5,010635 5,010635
царь 5,010635 5,010635
рпц 3,624341 3,624341
политика 0,013423 0,026846
новосибирске 3,218876 6,437752
церковьиерусалим 5,010635 5,010635
совпадало 5,010635 5,010635
четверг 3,401197 6,802395
й 2,014903 22,163933
родительские 3,624341 7,248682
м 2,302585 2,302585
средство 3,624341 3,624341
течение 0,013423 0,013423
какие 2,177422 2,177422
лунного 5,010635 5,010635
усекновение 5,010635 15,031906
каким 3,624341 3,624341
солнечного 4,317488 4,317488
вознесенском 5,010635 10,021271
обращаться 2,708050 2,708050
мученики 5,010635 5,010635
земной 5,010635 5,010635
павла 5,010635 20,042541
празднеств 4,317488 4,317488
праздничного 3,624341 7,248682
практика 4,317488 4,317488
церковном 5,010635 15,031906
конец 3,912023 3,912023
время 0,013423 0,107384
новолетие 5,010635 5,010635
церковное 5,010635 5,010635
очищение 5,010635 5,010635
ранее 0,013423 0,013423
восстановления 0,013423 0,013423
сергей 1,609438 6,437752
разблокировать 0,013423 0,040269
город 0,013423 0,013423
состоит 3,401197 3,401197
обращаем 0,013423 0,013423
отец 3,624341 14,497364
написать 0,013423 0,013423
новостеймолния 0,013423 0,013423
одноклассники 0,013423 0,026846
петербургской 5,010635 5,010635
показать 0,013423 0,013423
кнопку 0,013423 0,013423
коммуникаций 0,013423 0,013423
нарушен 5,010635 5,010635
пароль 0,013423 0,080538
месяцам 4,317488 17,269952
пароля 0,013423 0,053692
хотя 2,371578 2,371578
светлое 2,931194 8,793581
библейской 5,010635 5,010635
вход 0,013423 0,053692
древним 4,317488 4,317488
зависящие 5,010635 5,010635
продукты 0,150823 0,150823
читать 0,851752 0,851752
удалено 0,013423 0,013423
гаврилова 0,013423 0,013423
расположенному 0,013423 0,026846
всем 1,455287 2,910574
мере 3,401197 3,401197
лехмус 5,010635 10,021271
этапа 4,317488 4,317488
помощи 2,066196 2,066196
учредитель 0,013423 0,013423
обычай 5,010635 5,010635
нескольких 3,064725 3,064725
мое 0,013423 0,026846
постились 5,010635 15,031906
ссылка 0,013423 0,026846
окладе 5,010635 10,021271
ссылке 0,013423 0,013423
князя 5,010635 5,010635
датах 5,010635 5,010635
богом 5,010635 5,010635
говорится 2,371578 2,371578
ссылки 0,013423 0,013423
помочь 0,013423 0,013423
духов 3,912023 3,912023
повествует 5,010635 5,010635
среду 3,218876 3,218876
благовещение 5,010635 10,021271
помимо 2,708050 8,124151
константин 3,064725 6,129450
обязательны 0,013423 0,093961
московских 5,010635 5,010635
искушениям 5,010635 5,010635
серафима 5,010635 5,010635
района 3,912023 7,824046
славянскими 4,317488 4,317488
среда 5,010635 5,010635
роскомнадзор 0,013423 0,013423
вознесение 4,317488 12,952464
блокировался 0,013423 0,013423
людям 3,401197 3,401197
живет 3,912023 3,912023
смертью 4,317488 4,317488
москве 1,118815 2,237630
вознесения 5,010635 5,010635
москва 0,006689 0,020067
воспользоваться 0,013423 0,013423
русской 1,752539 1,752539
медиабанкверующая 5,010635 5,010635
девушки 3,912023 3,912023
входа 0,013423 0,053692
многодневном 5,010635 5,010635
дидахе 5,010635 5,010635
моё 0,013423 0,013423
смерть 3,401197 13,604790
богородицы 5,010635 80,170165
почитаемы 5,010635 5,010635
отдельные 3,912023 3,912023
христос 3,218876 12,875503
равноапостольного 5,010635 5,010635
совпадал 5,010635 5,010635
павел 2,238047 8,952186
эта 2,371578 2,371578
должен 2,177422 2,177422
славянами 5,010635 5,010635
написание 5,010635 5,010635
политикой 0,013423 0,040269
котором 2,931194 2,931194
обработки 0,013423 0,026846
даю 0,013423 0,026846
обработку 0,013423 0,026846
великого 3,064725 27,582526
редакции 0,013423 0,026846
возможно 2,708050 2,708050
смерти 2,708050 10,832201
обращений 0,013423 0,013423
приходился 5,010635 5,010635
народы 4,317488 4,317488
медиабанкуличное 5,010635 5,010635
внутренне 5,010635 5,010635
календарями 5,010635 5,010635
поститься 5,010635 5,010635
обработка 0,013423 0,013423
которого 2,238047 2,238047
это 0,013423 0,093961
сказания 4,317488 4,317488
воздержания 5,010635 10,021271
мефодия 5,010635 5,010635
народе 5,010635 15,031906
новую 0,013423 0,013423
массовых 0,013423 0,013423
связаны 3,912023 3,912023
сентябрь 3,912023 3,912023
двойное 5,010635 5,010635
пройдена 0,013423 0,013423
заре 5,010635 10,021271
верующим 4,317488 4,317488
вечерняя 5,010635 5,010635
существующего 5,010635 5,010635
иудой 5,010635 5,010635
зарегистрироваться 0,013423 0,053692
однодневные 5,010635 10,021271
пожаловаться 0,013423 0,013423
сентября 1,514128 15,141277
происходили 5,010635 5,010635
латная 5,010635 10,021271
новости 0,006689 0,200670
войти 0,013423 0,053692
однодневный 5,010635 5,010635
электронной 0,013423 0,013423
животворящего 5,010635 10,021271
съеден 5,010635 5,010635
языческому 5,010635 5,010635
первых 3,624341 3,624341
недели 2,708050 2,708050
седмицы 5,010635 20,042541
память 4,317488 17,269952
верующие 5,010635 40,085082
особо 3,912023 15,648092
действия 0,013423 0,013423
радио 0,274437 0,274437
божеству 5,010635 5,010635
защита 0,013423 0,013423
изготовленные 4,317488 8,634976
регистрация 0,013423 0,040269
новом 3,218876 3,218876
использования 0,013423 0,013423
христова 3,912023 3,912023
восстановление 0,013423 0,040269
государственного 3,912023 7,824046
особые 3,218876 3,218876
государственное 0,013423 0,013423
купалы 5,010635 20,042541
ими 3,624341 3,624341
земли 3,912023 3,912023
земле 3,624341 3,624341
церковными 5,010635 5,010635
христово 2,708050 10,832201
ними 5,010635 5,010635
лунно 5,010635 5,010635
спецпроекты 0,190354 0,190354
просим 0,013423 0,013423
заблокирован 0,013423 0,013423
тимин 3,912023 7,824046
ошибку 0,013423 0,013423
защиты 0,013423 0,026846
христову 5,010635 10,021271
религиозным 5,010635 5,010635
первые 3,401197 6,802395
памяти 3,401197 44,215566
обращения 0,013423 0,026846
пост 3,064725 101,135930
предки 4,317488 4,317488
февраля 0,616186 5,545675
спасителя 3,401197 13,604790
пять 2,302585 2,302585
ошибка 0,013423 0,013423
практически 2,445686 7,337058
купала 5,010635 5,010635
февраль 3,401197 3,401197
события 2,525729 2,525729
дел 2,612740 5,225480
вспоминают 5,010635 15,031906
вопрос 0,006689 0,006689
суббота 3,624341 36,243409
характерна 5,010635 5,010635
самых 1,875141 1,875141
подтверждаете 0,013423 0,013423
христиане 4,317488 4,317488
происходил 5,010635 5,010635
преподобные 5,010635 5,010635
пасхой 3,624341 7,248682
приписывать 5,010635 5,010635
служением 5,010635 10,021271
посты 3,218876 41,845386
марта 1,678431 6,713723
ваш 0,013423 0,053692
имя 0,013423 0,093961
духовную 4,317488 4,317488
большим 3,218876 3,218876
таинству 5,010635 5,010635
музея 4,317488 8,634976
срок 0,013423 0,026846
таинство 5,010635 5,010635
технологий 0,013423 0,026846
длящийся 5,010635 5,010635
чтят 5,010635 5,010635
событие 4,317488 4,317488
суток 3,624341 3,624341
неделю 1,373049 5,492197
включает 3,624341 3,624341
неделя 3,401197 3,401197
август 3,624341 3,624341
самый 2,177422 4,354844
строгого 5,010635 10,021271
материал 0,013423 0,013423
важнейшие 5,010635 5,010635
успешно 0,013423 0,013423
воскресенья 5,010635 10,021271
непереходящие 5,010635 20,042541
лента 0,006689 0,013378
страданий 5,010635 5,010635
длится 5,010635 10,021271
возникает 3,624341 3,624341
календарем 5,010635 5,010635
пользовались 5,010635 5,010635
зимний 3,218876 3,218876
календарей 5,010635 5,010635
заблокированы 0,013423 0,013423
сфере 0,013423 0,013423
торжество 4,317488 4,317488
уточняет 2,708050 2,708050
месяц 1,297063 2,594126
церковь 2,708050 13,540251
непереходящий 5,010635 45,095718
свидетельство 0,013423 0,013423
правила 0,013423 0,026846
праздником 3,624341 18,121705
седмиц 5,010635 10,021271
завоеваниями 5,010635 5,010635
правило 3,064725 3,064725
страдания 5,010635 5,010635
симеон 5,010635 5,010635
комментирования 0,013423 0,026846
праздников 4,317488 34,539905
ангела 5,010635 5,010635
тримифунтском 5,010635 5,010635
даты 2,813411 22,507286
пресс 0,013423 0,026846
нужен 3,064725 3,064725
применения 0,013423 0,013423
православные 3,624341 65,238137
потомством 5,010635 5,010635
дату 3,218876 9,656627
организовать 3,912023 3,912023
души 4,317488 8,634976
православный 5,010635 30,063812
пресвятой 5,010635 65,138259
персональных 0,013423 0,107384
произошла 0,013423 0,013423
культа 5,010635 5,010635
февронии 5,010635 5,010635
страстной 5,010635 5,010635
ваше 0,013423 0,107384
дата 0,013423 0,053692
сайте 0,013423 0,013423
ваши 0,013423 0,013423
дате 2,525729 2,525729
матроны 5,010635 5,010635
гору 3,912023 3,912023
горе 5,010635 5,010635
иудейской 5,010635 5,010635
восстановить 0,013423 0,013423
заповедника 4,317488 8,634976
обрезание 5,010635 10,021271
солнечный 4,317488 4,317488
синай 5,010635 5,010635
солнечным 5,010635 10,021271
вопроса 0,013423 0,013423
выдержан 5,010635 5,010635
россия 0,006689 0,100335
го 2,177422 2,177422
великому 5,010635 5,010635
вяткин 4,317488 8,634976
православных 3,912023 3,912023
свой 2,525729 2,525729
января 1,160488 11,604877
рассказала 2,445686 2,445686
январь 2,931194 2,931194
обретения 5,010635 10,021271
спиридоне 5,010635 5,010635
обретению 5,010635 5,010635
регистрации 0,013423 0,026846
сайт 0,013423 0,026846
культ 5,010635 5,010635
святым 5,010635 5,010635
великие 5,010635 5,010635
определенную 5,010635 5,010635
рождение 4,317488 8,634976
предстал 5,010635 5,010635
использовали 4,317488 4,317488
великий 2,813411 30,947518
святых 3,624341 39,867750
сервисы 0,190354 0,190354
делится 3,624341 3,624341
рождения 3,064725 6,129450
другое 0,013423 0,013423
поддерживаетсяполучить 0,013423 0,013423
рождественский 3,624341 18,121705
введение 5,010635 10,021271
миром 3,912023 3,912023
числа 3,401197 6,802395
отправки 0,013423 0,013423
фомино 5,010635 5,010635
вселенском 5,010635 5,010635
унитарному 0,013423 0,026846
праздник 2,525729 35,360201
постные 3,912023 3,912023
честного 5,010635 5,010635
число 2,371578 2,371578
которому 2,931194 2,931194
человечества 5,010635 5,010635
обновлено 1,003302 1,003302
великих 3,401197 6,802395
вертепа 5,010635 10,021271
тайную 3,912023 3,912023
выберите 0,013423 0,040269
сопровождается 5,010635 5,010635
путь 2,612740 2,612740
бобылев 4,317488 8,634976
иисуса 4,317488 25,904929
рождественского 5,010635 10,021271
пасха 2,813411 16,880464
константинополе 5,010635 5,010635
защитой 0,013423 0,040269
богоявление 5,010635 5,010635
авторизация 0,013423 0,013423
религия 0,283247 0,283247
дни 2,612740 33,965620
форма 0,013423 0,013423
логином 0,013423 0,013423
рейтинг 0,006689 0,006689
галочку 0,013423 0,013423
пасху 2,708050 2,708050
двунадесятых 5,010635 10,021271
составляет 2,445686 2,445686
отмечается 3,064725 6,129450
посвящено 5,010635 5,010635
пасхе 3,064725 3,064725
пасхи 3,218876 41,845386
зимнее 3,912023 3,912023
дню 4,317488 4,317488
двунадесятые 5,010635 25,053176
дня 1,678431 11,749015
антипасху 5,010635 5,010635
способы 0,013423 0,026846
традиционно 2,612740 2,612740
недвижимость 0,292136 0,292136
дискуссии 0,013423 0,026846
вселенская 5,010635 10,021271
августа 2,120264 25,443162
покаяния 5,010635 5,010635
службы 2,066196 2,066196
унитарное 0,013423 0,013423
мученической 5,010635 10,021271
дней 1,832581 25,656140
религиям 5,010635 5,010635
форму 0,013423 0,093961
событиям 5,010635 5,010635
тема 0,013423 0,040269
иуды 3,912023 3,912023
нам 2,525729 2,525729
писанию 5,010635 5,010635
духовного 5,010635 10,021271
религиях 5,010635 5,010635
рекомендательных 0,013423 0,013423
данная 0,013423 0,013423
спиридон 5,010635 5,010635
стрингер 3,624341 7,248682
святой 3,912023 31,296184
проставляя 0,013423 0,013423
просиявших 4,317488 4,317488
равноденствия 4,317488 4,317488
заполнения 0,013423 0,093961
полезное 0,182322 0,182322
службе 0,013423 0,013423
медиабанк 1,321756 13,217558
релизов 0,013423 0,013423
медиабанккуличи 5,010635 5,010635
ваших 0,013423 0,026846
зажженные 5,010635 10,021271
ко 2,177422 2,177422
октябрь 3,624341 3,624341
является 2,066196 2,066196
совершалось 5,010635 5,010635
октября 1,832581 10,995489
христосрусская 5,010635 5,010635
отличившиеся 5,010635 5,010635
николай 4,317488 8,634976
пищу 3,218876 3,218876
который 1,160488 2,320975
николая 3,624341 14,497364
шествие 5,010635 10,021271
постом 5,010635 5,010635
понедельник 4,317488 4,317488
например 1,714798 6,859194
пищи 4,317488 4,317488
лунному 4,317488 4,317488
родительская 4,317488 21,587441
следующий 2,931194 2,931194
правил 0,013423 0,040269
уличное 5,010635 5,010635
открывает 3,912023 3,912023
крещения 3,912023 7,824046
следующие 2,238047 2,238047
месяца 2,708050 2,708050
никола 5,010635 5,010635
авторизоваться 0,013423 0,013423
авторизуйтесь 0,013423 0,013423
составит 3,218876 3,218876
постов 4,317488 4,317488
расширенный 0,013423 0,013423
считают 3,064725 3,064725
мясопустная 5,010635 10,021271
священник 3,218876 6,437752
строгий 5,010635 20,042541
новыесначала 0,013423 0,013423
празднуют 3,912023 3,912023
кижи 3,064725 6,129450
иван 3,624341 3,624341
крещение 4,317488 21,587441
строгим 5,010635 5,010635
солнцестояния 4,317488 4,317488
начало 3,624341 3,624341
апреле 3,912023 3,912023
церковных 5,010635 5,010635
пятидесятница 5,010635 15,031906
церковного 5,010635 5,010635
анны 5,010635 5,010635
римлян 5,010635 5,010635
начала 2,445686 7,337058
участие 0,006689 0,006689
архивное 1,373049 13,730491
молитвами 5,010635 5,010635
церковный 3,218876 19,313255
анна 2,931194 23,449550
использовать 0,013423 0,013423
опечатка 0,013423 0,013423
собор 4,317488 4,317488
поминовения 5,010635 20,042541
обретение 5,010635 5,010635
онлайн 0,013423 0,013423
контактов 0,013423 0,013423
служащий 5,010635 5,010635
апреля 0,013423 0,228191
апрель 3,624341 3,624341
троицкая 4,317488 8,634976
сазонов 5,010635 10,021271
солнцестояние 4,317488 4,317488
московской 3,401197 6,802395
нами 0,013423 0,093961
димитриевская 5,010635 10,021271
воинов 5,010635 10,021271
русская 2,177422 8,709688
владимир 1,373049 2,746098
божествами 5,010635 5,010635
пятидесятницы 5,010635 5,010635
поминовение 4,317488 21,587441
продолжительность 3,624341 3,624341
вакансии 0,013423 0,013423
упоминание 3,624341 3,624341
нажимая 0,013423 0,013423
празднуется 5,010635 5,010635
вами 0,013423 0,013423
погребение 4,317488 4,317488
недопустимое 0,013423 0,013423
году 1,139434 15,952080
успенский 5,010635 15,031906
истек 0,013423 0,013423
становились 5,010635 5,010635
предприятию 0,013423 0,026846
фиксированную 4,317488 8,634976
православной 4,317488 12,952464
внимание 0,013423 0,013423
принимать 0,013423 0,013423
православном 5,010635 5,010635
адама 5,010635 5,010635
сможете 0,013423 0,013423
года 0,006689 0,086957
изнеможения 5,010635 5,010635
вечерю 5,010635 5,010635
эпизоду 5,010635 5,010635
вычисляется 5,010635 5,010635
ознакомлены 0,013423 0,013423
вся 3,912023 3,912023
моих 0,013423 0,026846
распростерла 5,010635 5,010635
предприятие 0,013423 0,013423
уставу 5,010635 5,010635
благочестивый 5,010635 5,010635
наука 0,292136 0,292136
поклонение 5,010635 5,010635
семилукского 5,010635 10,021271
распят 5,010635 5,010635
какое 3,912023 3,912023
выпадает 4,317488 12,952464
примером 5,010635 5,010635
медиабанкнастоятель 5,010635 10,021271
