законным 0,013423 0,013423
масленица 3,064725 6,129450
новый 0,013423 0,107384
найти 0,013423 0,013423
основанием 0,013423 0,013423
письмо 0,013423 0,013423
спасибо 0,013423 0,013423
масленицу 2,612740 5,225480
аллергии 4,317488 4,317488
согласие 0,013423 0,026846
центр 0,190354 0,190354
доступ 0,013423 0,026846
декабря 1,098612 5,493061
миа 0,013423 0,026846
задать 0,013423 0,013423
теги 0,190354 0,190354
автору 0,013423 0,013423
меняете 5,010635 5,010635
связаться 0,013423 0,080538
надежнее 5,010635 5,010635
должны 0,013423 0,013423
услугой 5,010635 5,010635
г 0,013423 0,026846
д 0,013423 0,026846
реклама 0,190354 0,190354
майские 3,218876 6,437752
фото 0,013423 0,013423
политика 0,013423 0,026846
считаете 3,912023 3,912023
связь 0,006689 0,020067
готово 0,013423 0,026846
госуслуги 2,813411 2,813411
течение 0,013423 0,013423
какие 2,177422 2,177422
информационных 0,013423 0,013423
размещения 0,013423 0,013423
делу 3,401197 3,401197
конфиденциальности 0,013423 0,053692
связи 0,013423 0,080538
заголовок 0,013423 0,026846
мобильную 3,912023 3,912023
дело 1,919593 1,919593
процесса 0,013423 0,013423
адресу 0,013423 0,026846
проблему 0,013423 0,013423
празднуете 3,401197 10,203592
время 0,013423 0,026846
данных 0,013423 0,107384
письма 0,013423 0,013423
часов 0,013423 0,026846
соглашаетесь 0,013423 0,013423
ранее 0,013423 0,013423
восстановления 0,013423 0,013423
главный 0,013423 0,013423
данные 0,013423 0,013423
тратите 5,010635 5,010635
разблокировать 0,013423 0,040269
город 0,013423 0,013423
обесценивания 4,317488 4,317488
италия 2,708050 2,708050
фотографию 0,013423 0,013423
обращаем 0,013423 0,013423
соцсетях 4,317488 4,317488
отправлено 0,013423 0,013423
написать 0,013423 0,013423
новостеймолния 0,013423 0,013423
одноклассники 0,013423 0,026846
сначала 0,013423 0,013423
вложить 5,010635 5,010635
кибербезопасность 4,317488 4,317488
показать 0,013423 0,013423
кнопку 0,013423 0,013423
коммуникаций 0,013423 0,013423
олимпийские 2,931194 2,931194
пароль 0,013423 0,080538
пароля 0,013423 0,053692
повышать 5,010635 5,010635
перейдите 0,013423 0,013423
вход 0,013423 0,013423
продукты 0,150823 0,150823
закрыто 0,013423 0,013423
выходные 3,624341 3,624341
удалено 0,013423 0,013423
сколько 0,006689 0,033445
гаврилова 0,013423 0,013423
материалов 0,013423 0,053692
отправлена 0,013423 0,013423
чате 0,013423 0,013423
расположенному 0,013423 0,026846
чату 0,013423 0,013423
аккаунтах 5,010635 5,010635
редакцией 0,013423 0,013423
пароли 5,010635 5,010635
учредитель 0,013423 0,013423
рассмотрены 0,013423 0,013423
мое 0,013423 0,026846
ссылка 0,013423 0,026846
последние 1,098612 1,098612
ссылке 0,013423 0,013423
часто 2,371578 2,371578
лето 3,912023 3,912023
опросы 3,218876 70,815268
перетяните 0,013423 0,013423
ссылки 0,013423 0,013423
помочь 0,013423 0,013423
архив 0,190354 0,190354
олимпиадой 4,317488 4,317488
июля 1,791759 1,791759
подарки 3,401197 6,802395
ошибках 0,013423 0,013423
обязательны 0,013423 0,093961
выпуска 0,013423 0,013423
списка 0,013423 0,013423
формой 0,013423 0,053692
роскомнадзор 0,013423 0,013423
новогодние 2,931194 2,931194
блокировался 0,013423 0,013423
кредиты 2,813411 2,813411
москва 0,006689 0,013378
воспользоваться 0,013423 0,013423
входа 0,013423 0,013423
моё 0,013423 0,013423
федеральное 0,013423 0,013423
федеральной 0,013423 0,013423
международное 0,013423 0,040269
страдаете 5,010635 5,010635
деньги 2,445686 2,445686
будут 0,013423 0,013423
новостей 0,006689 0,006689
получать 2,813411 2,813411
новогодний 2,708050 2,708050
политикой 0,013423 0,040269
обработки 0,013423 0,026846
потратить 4,317488 12,952464
даю 0,013423 0,026846
обработку 0,013423 0,026846
обратной 0,013423 0,067115
подкасты 0,292136 0,292136
редакции 0,013423 0,026846
обращений 0,013423 0,013423
провести 3,401197 3,401197
обработка 0,013423 0,013423
это 0,013423 0,013423
описанием 0,013423 0,013423
новую 0,013423 0,013423
массовых 0,013423 0,013423
пройдена 0,013423 0,013423
используется 0,013423 0,013423
зарегистрироваться 0,013423 0,053692
пожаловаться 0,013423 0,013423
сентября 1,514128 1,514128
новости 0,006689 0,026756
войти 0,013423 0,053692
электронной 0,013423 0,013423
долиной 5,010635 10,021271
мире 0,274437 0,274437
эл 0,013423 0,013423
действия 0,013423 0,013423
радио 0,274437 0,274437
защита 0,013423 0,013423
регистрация 0,013423 0,040269
почему 0,013423 0,013423
использования 0,013423 0,013423
восстановление 0,013423 0,040269
вопросам 0,013423 0,026846
государственное 0,013423 0,013423
елка 3,912023 3,912023
вконтакте 0,013423 0,026846
спецпроекты 0,190354 0,190354
просим 0,013423 0,013423
навсегда 0,013423 0,013423
нарушение 0,013423 0,040269
заблокирован 0,013423 0,013423
жилье 3,624341 3,624341
ошибку 0,013423 0,013423
защиты 0,013423 0,013423
назад 0,013423 0,067115
обращения 0,013423 0,026846
игры 1,791759 1,791759
февраля 0,616186 3,080931
ошибка 0,013423 0,013423
вопрос 0,006689 0,006689
вашему 2,931194 2,931194
зубовский 0,013423 0,026846
подтверждаете 0,013423 0,013423
заполнить 0,013423 0,026846
марта 1,678431 5,035292
осуществляется 0,013423 0,013423
ваш 0,013423 0,053692
имя 0,013423 0,067115
другие 0,013423 0,026846
общество 0,265703 1,859922
надзору 0,013423 0,013423
ребенка 2,525729 2,525729
срок 0,013423 0,026846
издание 0,013423 0,013423
бульвар 0,013423 0,026846
хотите 0,013423 0,013423
заполните 0,013423 0,067115
технологий 0,013423 0,026846
сетевое 0,013423 0,013423
неделю 1,373049 1,373049
вновь 0,013423 0,013423
сменить 0,013423 0,013423
материал 0,013423 0,013423
стоит 1,714798 1,714798
участвовать 0,013423 0,026846
сообщить 0,013423 0,013423
успешно 0,013423 0,013423
скриншот 0,013423 0,040269
отмечать 2,931194 2,931194
лента 0,006689 0,013378
заблокированы 0,013423 0,013423
справедливым 5,010635 5,010635
спорт 0,190354 0,380707
сфере 0,013423 0,013423
обманывали 5,010635 5,010635
кредит 3,064725 3,064725
месяц 1,297063 2,594126
свидетельство 0,013423 0,013423
правила 0,013423 0,026846
взаимодействия 0,013423 0,026846
сохранить 0,013423 0,013423
информационное 0,013423 0,040269
зимние 2,813411 2,813411
комментирования 0,013423 0,026846
пресс 0,013423 0,026846
применения 0,013423 0,013423
федеральному 0,013423 0,026846
персональных 0,013423 0,107384
произошла 0,013423 0,013423
дата 0,013423 0,013423
ваше 0,013423 0,107384
сайте 0,013423 0,013423
ваши 0,013423 0,013423
фио 0,013423 0,013423
восстановить 0,013423 0,013423
пожалуйста 0,013423 0,013423
стол 2,238047 2,238047
порог 3,912023 3,912023
ниже 0,013423 0,040269
версия 0,013423 0,013423
вопроса 0,013423 0,013423
россия 0,006689 0,060201
поля 0,013423 0,093961
недвижимостьриа 3,401197 3,401197
января 1,160488 3,481463
государственному 0,013423 0,026846
регистрации 0,013423 0,026846
поле 0,013423 0,013423
сайт 0,013423 0,026846
сервисы 0,190354 0,190354
зарегистрировано 0,013423 0,013423
другое 0,013423 0,013423
туризм 0,283247 0,283247
поддерживаетсяполучить 0,013423 0,013423
адрес 0,013423 0,040269
соответствии 0,013423 0,026846
загрузите 0,013423 0,013423
сообщения 0,013423 0,053692
загрузить 0,013423 0,013423
предпочитаете 4,317488 8,634976
будете 5,010635 5,010635
направлении 0,013423 0,013423
замеченных 0,013423 0,013423
телефон 0,013423 0,013423
отправки 0,013423 0,013423
унитарному 0,013423 0,026846
период 1,160488 1,160488
ситуациях 4,317488 4,317488
сообщение 0,013423 0,134230
старый 4,317488 8,634976
выберите 0,013423 0,040269
старые 0,013423 0,013423
попробуйте 0,013423 0,013423
защитой 0,013423 0,026846
статьи 0,013423 0,013423
среднем 2,931194 2,931194
подтвердите 0,013423 0,013423
авторизация 0,013423 0,013423
религия 0,283247 0,283247
форма 0,013423 0,013423
логином 0,013423 0,013423
рейтинг 0,006689 0,006689
галочку 0,013423 0,013423
перетащите 0,013423 0,040269
материале 0,013423 0,026846
культура 0,292136 0,292136
материала 0,013423 0,026846
происшествия 0,292136 0,292136
вашего 0,013423 0,013423
паролем 0,013423 0,013423
способы 0,013423 0,026846
зарегистрируйтесь 0,013423 0,013423
обо 0,013423 0,013423
недвижимость 0,292136 0,292136
возрастной 5,010635 5,010635
дискуссии 0,013423 0,026846
августа 2,120264 4,240527
редактор 0,013423 0,013423
унитарное 0,013423 0,013423
форму 0,013423 0,093961
тема 0,013423 0,040269
отправленного 0,013423 0,013423
следить 3,624341 3,624341
связанные 0,013423 0,013423
рекомендательных 0,013423 0,013423
данная 0,013423 0,013423
обратная 0,013423 0,026846
риа 0,006689 0,020067
здоровье 2,445686 4,891372
алкоголя 4,317488 4,317488
проставляя 0,013423 0,013423
связанных 0,013423 0,013423
опишите 0,013423 0,013423
заполнения 0,013423 0,093961
полезное 0,182322 0,182322
квартире 3,064725 3,064725
год 0,967584 7,740672
службе 0,013423 0,013423
релизов 0,013423 0,013423
спасти 3,218876 3,218876
ваших 0,013423 0,026846
почты 0,013423 0,013423
сборы 4,317488 4,317488
агентство 0,013423 0,040269
правил 0,013423 0,040269
авторизоваться 0,013423 0,013423
авторизуйтесь 0,013423 0,013423
телефону 3,912023 3,912023
агентства 0,013423 0,013423
сегодня 0,013423 0,080538
расширенный 0,013423 0,013423
новыесначала 0,013423 0,013423
мошенники 3,624341 7,248682
шапка 0,013423 0,013423
отправить 0,013423 0,147653
продолжить 0,013423 0,013423
решении 0,013423 0,013423
воспользуйтесь 0,013423 0,040269
участие 0,006689 0,006689
аккаунт 0,013423 0,053692
экономика 0,292136 0,292136
самозапрета 4,317488 4,317488
обсуждение 0,013423 0,013423
использовать 0,013423 0,013423
опечатка 0,013423 0,013423
блокировки 0,013423 0,013423
онлайн 0,013423 0,013423
контактов 0,013423 0,013423
дарить 3,912023 3,912023
почта 0,013423 0,080538
школу 3,912023 3,912023
апреля 0,013423 0,040269
фамилия 0,013423 0,013423
сезонной 5,010635 5,010635
школа 4,317488 4,317488
нами 0,013423 0,093961
яндекс 0,013423 0,026846
удалили 0,013423 0,040269
либо 0,013423 0,013423
вакансии 0,013423 0,013423
праздники 1,791759 3,583519
аккаунту 0,013423 0,013423
открываемого 0,013423 0,026846
нажимая 0,013423 0,013423
поиск 0,013423 0,013423
вами 0,013423 0,013423
недопустимое 0,013423 0,013423
воспользовались 4,317488 4,317488
году 1,139434 1,139434
длинные 5,010635 5,010635
согласны 0,013423 0,040269
истек 0,013423 0,013423
предприятию 0,013423 0,026846
рекламы 0,013423 0,013423
аналогичных 5,010635 5,010635
продажи 3,912023 3,912023
внимание 0,013423 0,013423
планируете 4,317488 21,587441
принимать 0,013423 0,013423
сможете 0,013423 0,013423
года 0,006689 0,006689
ознакомлены 0,013423 0,013423
своих 2,612740 2,612740
моих 0,013423 0,026846
предприятие 0,013423 0,013423
наука 0,292136 0,292136
обсуждения 0,013423 0,013423
какое 3,912023 3,912023
блокировкой 0,013423 0,040269
