蟹邪泻芯薪薪褘屑 0,013423 0,013423
褋泻邪薪写懈薪邪胁褋泻芯泄 3,401197 3,401197
薪芯胁褘泄 0,013423 0,053692
薪邪泄褌懈 0,013423 0,013423
芯褋薪芯胁邪薪懈械屑 0,013423 0,013423
褟锌芯薪褋泻芯泄 3,064725 3,064725
锌懈褋褜屑芯 0,013423 0,013423
褋锌邪褋懈斜芯 0,013423 0,013423
屑邪褋谢械薪懈褑褍 2,612740 5,225480
褋芯谐谢邪褋懈械 0,013423 0,026846
写芯褋褌褍锌 0,013423 0,026846
屑懈邪 0,013423 0,026846
蟹邪写邪褌褜 0,013423 0,013423
褔械褋薪芯泻芯屑 3,218876 3,218876
邪胁褌芯褉褍 0,013423 0,013423
褋胁褟蟹邪褌褜褋褟 0,013423 0,080538
写芯谢卸薪褘 0,013423 0,013423
谐 0,013423 0,026846
写 0,013423 0,026846
褌械褋褌芯胁褘泄 3,401197 3,401197
褎芯褌芯 0,013423 0,013423
斜褉懈褌邪薪褋泻芯泄 3,218876 3,218876
锌芯谢懈褌懈泻邪 0,013423 0,013423
褋胁褟蟹褜 0,006689 0,013378
褋谢芯卸薪芯褋褌懈 2,813411 5,626821
谐芯褌芯胁芯 0,013423 0,026846
械胁褉芯锌械泄褋泻芯泄 2,238047 11,190233
褌械褔械薪懈械 0,013423 0,013423
泻邪锌褍褋褌褘 3,064725 3,064725
懈薪褎芯褉屑邪褑懈芯薪薪褘褏 0,013423 0,013423
褍蟹斜械泻褋泻芯泄 3,401197 3,401197
褉邪蟹屑械褖械薪懈褟 0,013423 0,013423
芯褋薪芯胁薪褘褏 2,445686 7,337058
泻芯薪褎懈写械薪褑懈邪谢褜薪芯褋褌懈 0,013423 0,053692
褌胁芯褉芯卸薪芯械 5,010635 5,010635
褋胁褟蟹懈 0,013423 0,080538
蟹邪谐芯谢芯胁芯泻 0,013423 0,026846
褋谢邪写芯褋褌械泄 3,218876 3,218876
锌懈褉芯谐芯胁 3,401197 3,401197
褉械褑械锌褌褍 3,401197 3,401197
锌褉芯褑械褋褋邪 0,013423 0,013423
邪写褉械褋褍 0,013423 0,026846
胁褌芯褉褘褏 3,401197 3,401197
锌褉芯斜谢械屑褍 0,013423 0,013423
褑胁械褌薪芯泄 3,912023 3,912023
胁褘锌械褔泻懈 2,708050 5,416100
褉械褑械锌褌褘 1,139434 110,525125
泻谢邪褋褋懈褔械褋泻懈泄 2,014903 2,014903
胁褉械屑褟 0,013423 0,026846
褋械泻褉械褌褘 2,813411 2,813411
写邪薪薪褘褏 0,013423 0,107384
锌懈褋褜屑邪 0,013423 0,013423
褔邪褋芯胁 0,013423 0,026846
褋芯谐谢邪褕邪械褌械褋褜 0,013423 0,013423
蟹邪泻褍褋芯泻锌褉芯褋褌褘械 3,912023 3,912023
褉邪薪械械 0,013423 0,013423
胁芯褋褋褌邪薪芯胁谢械薪懈褟 0,013423 0,013423
谐谢邪胁薪褘泄 0,013423 0,013423
写邪薪薪褘械 0,013423 0,013423
褉邪蟹斜谢芯泻懈褉芯胁邪褌褜 0,013423 0,040269
谐芯褉芯写 0,013423 0,013423
胁泻褍褋薪芯 2,813411 2,813411
褎芯褌芯谐褉邪褎懈褞 0,013423 0,013423
胁芯褋褌芯褔薪芯泄 3,064725 6,129450
芯斜褉邪褖邪械屑 0,013423 0,013423
谢械谐泻芯 1,791759 32,251670
芯褉懈谐懈薪邪谢褜薪芯泄 4,317488 4,317488
芯褌锌褉邪胁谢械薪芯 0,013423 0,013423
薪邪锌懈褋邪褌褜 0,013423 0,013423
薪芯胁芯褋褌械泄屑芯谢薪懈褟 0,013423 0,013423
芯写薪芯泻谢邪褋褋薪懈泻懈 0,013423 0,026846
褋薪邪褔邪谢邪 0,013423 0,013423
胁褘锌械褔泻懈褉械褑械锌褌褘 3,401197 6,802395
胁褉械写 2,612740 2,612740
邪褎褉懈泻邪薪褋泻芯泄 3,401197 3,401197
懈薪写懈泄褋泻芯泄 3,401197 3,401197
褔邪褋邪 1,875141 3,750282
褍泻褉邪懈薪褋泻芯泄 2,445686 2,445686
屑懈薪褍褌泻邪胁泻邪蟹胁芯褋褌芯褔薪邪褟 5,010635 5,010635
锌邪薪邪蟹懈邪褌褋泻芯泄 3,401197 3,401197
锌芯泻邪蟹邪褌褜 0,013423 0,013423
泻薪芯锌泻褍 0,013423 0,013423
泻芯屑屑褍薪懈泻邪褑懈泄 0,013423 0,013423
锌邪褉芯谢褜 0,013423 0,080538
锌邪褉芯谢褟 0,013423 0,053692
斜械谢芯褉褍褋褋泻芯泄 3,218876 3,218876
斜谢褞写 2,238047 8,952186
锌械褉械泄写懈褌械 0,013423 0,013423
胁褏芯写 0,013423 0,013423
蟹邪泻褉褘褌芯 0,013423 0,013423
褍写邪谢械薪芯 0,013423 0,013423
褋泻芯谢褜泻芯 0,006689 0,006689
褔械斜褍褉械泻懈 5,010635 5,010635
谐邪胁褉懈谢芯胁邪 0,013423 0,013423
屑邪褌械褉懈邪谢芯胁 0,013423 0,053692
芯褌锌褉邪胁谢械薪邪 0,013423 0,013423
褌芯褉褌芯胁 3,218876 3,218876
褔邪褌械 0,013423 0,013423
褉邪褋锌芯谢芯卸械薪薪芯屑褍 0,013423 0,026846
褔邪褌褍 0,013423 0,013423
褉械写邪泻褑懈械泄 0,013423 0,013423
褍褔褉械写懈褌械谢褜 0,013423 0,013423
懈褋锌邪薪褋泻芯泄 3,401197 3,401197
褉邪褋褋屑芯褌褉械薪褘 0,013423 0,013423
锌褉芯褋褌褘械 1,752539 3,505078
褋褉械写懈蟹械屑薪芯屑芯褉褋泻芯泄 3,401197 3,401197
褋懈屑胁芯谢邪 3,218876 3,218876
屑芯械 0,013423 0,026846
褋褋褘谢泻邪 0,013423 0,026846
锌芯褋谢械写薪懈械 1,098612 1,098612
褕械褎 2,302585 2,302585
褋褋褘谢泻械 0,013423 0,013423
锌芯褉褌褍谐邪谢褜褋泻芯泄 3,401197 3,401197
锌械褉械褌褟薪懈褌械 0,013423 0,013423
褋褋褘谢泻懈 0,013423 0,013423
锌芯屑芯褔褜 0,013423 0,013423
芯褕懈斜泻邪褏 0,013423 0,013423
泻懈蟹懈谢 4,317488 4,317488
芯斜褟蟹邪褌械谢褜薪褘 0,013423 0,093961
褋邪谢邪褌 2,371578 9,486312
蟹懈屑薪械谐芯 3,624341 3,624341
胁褘锌褍褋泻邪 0,013423 0,013423
薪械屑械褑泻芯泄 3,064725 3,064725
褋锌懈褋泻邪 0,013423 0,013423
褎芯褉屑芯泄 0,013423 0,053692
褉芯褋泻芯屑薪邪写蟹芯褉 0,013423 0,013423
泻懈褌邪泄泻褋泻芯泄 3,401197 3,401197
斜谢芯泻懈褉芯胁邪谢褋褟 0,013423 0,013423
蟹邪泻褍褋芯泻褉械褑械锌褌褘 2,708050 5,416100
蟹懈屑褍褉械褑械锌褌褘 4,317488 4,317488
泻褉械胁械褌芯泻 3,624341 3,624341
屑芯褋泻胁邪 0,006689 0,013378
写褍褏芯胁泻械 2,708050 5,416100
胁芯褋锌芯谢褜蟹芯胁邪褌褜褋褟 0,013423 0,013423
褉褍褋褋泻芯泄 1,752539 14,020310
胁褏芯写邪 0,013423 0,013423
屑懈薪褍褌褉械褑械锌褌褘褋邪谢邪褌锌褉芯褋褌褘械 5,010635 5,010635
屑芯褢 0,013423 0,013423
褔械褕褋泻芯泄 3,401197 3,401197
褎械写械褉邪谢褜薪芯械 0,013423 0,013423
屑懈薪褍褌褉械褑械锌褌褘褉械褑械锌褌褘锌褉芯褋褌褘械 5,010635 5,010635
蟹邪泻褍褋泻懈 2,525729 2,525729
褋褍锌芯胁 2,813411 2,813411
褎械写械褉邪谢褜薪芯泄 0,013423 0,013423
谢褍褔褕懈械 1,714798 1,714798
屑械卸写褍薪邪褉芯写薪芯械 0,013423 0,040269
蟹邪泻褍褋泻邪 3,912023 3,912023
邪卸褍褉薪芯谐芯 4,317488 4,317488
褋泻芯胁芯褉芯写械 2,708050 5,416100
芯褉懈谐懈薪邪谢褜薪邪褟 4,317488 4,317488
谐谢懈薪褌胁械泄薪 3,912023 3,912023
斜褍写褍褌 0,013423 0,013423
薪芯胁芯褋褌械泄 0,006689 0,006689
谢褍褔褕懈褏 1,832581 1,832581
锌芯谢懈褌懈泻芯泄 0,013423 0,040269
芯斜褉邪斜芯褌泻懈 0,013423 0,026846
写邪褞 0,013423 0,026846
芯斜褉邪斜芯褌泻褍 0,013423 0,026846
芯斜褉邪褌薪芯泄 0,013423 0,067115
锌芯谢褜褋泻芯泄 3,401197 3,401197
褉械写邪泻褑懈懈 0,013423 0,026846
芯斜褉邪褖械薪懈泄 0,013423 0,013423
薪械卸薪褘械 3,624341 3,624341
芯斜褉邪斜芯褌泻邪 0,013423 0,013423
褝褌芯 0,013423 0,013423
褉械褑械锌褌褘屑褟褋芯泻褍谢懈薪邪褉懈褟械写邪锌褉芯写褍泻褌褘锌褉芯褋褌褘械 5,010635 5,010635
泻芯谢斜邪褋芯泄 3,218876 3,218876
械胁褉械泄褋泻芯泄 3,401197 3,401197
芯锌懈褋邪薪懈械屑 0,013423 0,013423
薪芯胁褍褞 0,013423 0,013423
锌械褔械薪褜械 4,317488 4,317488
泻懈锌褟褌泻械 3,401197 3,401197
屑邪褋褋芯胁褘褏 0,013423 0,013423
芯谢邪写褜懈 4,317488 4,317488
锌褉芯泄写械薪邪 0,013423 0,013423
锌械褔械薪褜褟 3,401197 3,401197
懈褋锌芯谢褜蟹褍械褌褋褟 0,013423 0,013423
蟹邪褉械谐懈褋褌褉懈褉芯胁邪褌褜褋褟 0,013423 0,053692
锌芯卸邪谢芯胁邪褌褜褋褟 0,013423 0,013423
薪芯胁芯褋褌懈 0,006689 0,020067
胁芯泄褌懈 0,013423 0,053692
褋邪谢邪褌芯胁薪芯胁芯谐芯写薪懈械 3,912023 3,912023
斜褘褋褌褉褘械 3,064725 3,064725
褝谢械泻褌褉芯薪薪芯泄 0,013423 0,013423
褝谢 0,013423 0,013423
写械泄褋褌胁懈褟 0,013423 0,013423
蟹邪褖懈褌邪 0,013423 0,013423
邪锌锌械褌懈褌薪芯泄 3,624341 3,624341
写械褋械褉褌芯胁 3,401197 3,401197
褉械谐懈褋褌褉邪褑懈褟 0,013423 0,040269
锌芯褔械屑褍 0,013423 0,013423
褉械褑械锌褌褘邪薪写褉械泄 5,010635 5,010635
懈褌邪谢褜褟薪褋泻芯泄 3,401197 3,401197
懈褋锌芯谢褜蟹芯胁邪薪懈褟 0,013423 0,013423
胁芯褋褋褌邪薪芯胁谢械薪懈械 0,013423 0,040269
谢械斜械写械胁泻褍谢懈薪邪褉懈褟械写邪锌褉芯褋褌褘械 5,010635 5,010635
斜褘褋褌褉褘泄 3,064725 6,129450
胁芯锌褉芯褋邪屑 0,013423 0,026846
谐芯褋褍写邪褉褋褌胁械薪薪芯械 0,013423 0,013423
褋褌芯谢邪 3,064725 3,064725
蟹屑械褟 3,218876 3,218876
蟹邪泻褍褋芯泻 3,064725 9,194175
胁泻褍褋薪褘泄 3,064725 3,064725
胁泻芯薪褌邪泻褌械 0,013423 0,026846
蟹邪斜邪胁薪褘械 4,317488 4,317488
锌褉芯褋懈屑 0,013423 0,013423
褏褉褍褋褌褟褖懈械 3,218876 3,218876
薪邪胁褋械谐写邪 0,013423 0,013423
薪邪褉褍褕械薪懈械 0,013423 0,040269
蟹邪斜谢芯泻懈褉芯胁邪薪 0,013423 0,013423
芯褕懈斜泻褍 0,013423 0,013423
蟹邪褖懈褌褘 0,013423 0,013423
泻邪胁泻邪蟹泻芯泄 3,401197 3,401197
薪邪蟹邪写 0,013423 0,067115
芯斜褉邪褖械薪懈褟 0,013423 0,026846
邪胁褋褌褉懈泄褋泻芯泄 3,401197 3,401197
屑懈薪褍褌 1,297063 36,317770
芯褕懈斜泻邪 0,013423 0,013423
胁芯锌褉芯褋 0,006689 0,006689
蟹褍斜芯胁褋泻懈泄 0,013423 0,026846
锌芯写褌胁械褉卸写邪械褌械 0,013423 0,013423
褌芯屑邪褌薪芯屑 4,317488 4,317488
邪褉屑褟薪褋泻芯泄 3,218876 3,218876
蟹邪锌芯谢薪懈褌褜 0,013423 0,026846
胁褜械褌薪邪屑褋泻芯泄 3,401197 3,401197
芯褋褍褖械褋褌胁谢褟械褌褋褟 0,013423 0,013423
胁邪褕 0,013423 0,053692
懈屑褟 0,013423 0,067115
写褉褍谐懈械 0,013423 0,026846
薪邪写蟹芯褉褍 0,013423 0,013423
薪芯胁芯谐芯 1,678431 1,678431
斜谢褞写芯 2,014903 2,014903
褋褉芯泻 0,013423 0,026846
懈蟹写邪薪懈械 0,013423 0,013423
斜褍谢褜胁邪褉 0,013423 0,026846
褏芯褌懈褌械 0,013423 0,013423
蟹邪锌芯谢薪懈褌械 0,013423 0,067115
褌械褏薪芯谢芯谐懈泄 0,013423 0,026846
褋械褌械胁芯械 0,013423 0,013423
褌褉邪写懈褑懈懈 1,966113 1,966113
薪械写械谢褞 1,373049 1,373049
胁薪芯胁褜 0,013423 0,013423
褎褉懈泻邪写械谢褜泻懈 4,317488 4,317488
褎懈谢褜褌褉褘褋泻褉褘褌褜 3,624341 3,624341
褋屑械薪懈褌褜 0,013423 0,013423
屑邪褌械褉懈邪谢 0,013423 0,013423
褍褔邪褋褌胁芯胁邪褌褜 0,013423 0,026846
褋芯芯斜褖懈褌褜 0,013423 0,013423
褉械褑械锌褌褘械写邪锌褉芯写褍泻褌褘褋邪谢邪褌锌褉芯褋褌褘械 5,010635 5,010635
锌芯褕邪谐芯胁褘械 2,238047 2,238047
锌芯褕邪谐芯胁褘泄 2,813411 8,440232
褍褋锌械褕薪芯 0,013423 0,013423
褋泻褉懈薪褕芯褌 0,013423 0,040269
薪芯胁芯谐芯写薪械谐芯 2,931194 2,931194
谢械薪褌邪 0,006689 0,013378
锌褉懈谐芯褌芯胁懈褌褜 2,014903 6,044709
谐褉械褔械褋泻芯泄 3,218876 3,218876
蟹邪斜谢芯泻懈褉芯胁邪薪褘 0,013423 0,013423
褋褎械褉械 0,013423 0,013423
屑械褋褟褑 1,297063 1,297063
屑懈薪褍褌锌褉邪蟹写薪懈泻懈褉械褑械锌褌褘 5,010635 5,010635
褋胁懈写械褌械谢褜褋褌胁芯 0,013423 0,013423
锌褉邪胁懈谢邪 0,013423 0,026846
谐邪褉薪懈褉芯胁 3,401197 3,401197
屑懈薪褍褌屑邪褋谢械薪懈褑邪斜谢懈薪褘褉械褑械锌褌褘 5,010635 5,010635
胁蟹邪懈屑芯写械泄褋褌胁懈褟 0,013423 0,026846
褋芯褔薪褘械 3,912023 7,824046
邪胁芯泻邪写芯 3,218876 3,218876
褋芯褍褋芯屑 3,218876 3,218876
褋芯褏褉邪薪懈褌褜 0,013423 0,013423
懈薪褎芯褉屑邪褑懈芯薪薪芯械 0,013423 0,040269
谐褉褍蟹懈薪褋泻芯泄 3,064725 3,064725
泻芯屑屑械薪褌懈褉芯胁邪薪懈褟 0,013423 0,026846
屑懈薪褍褌褉械褑械锌褌褘泻褍谢懈薪邪褉懈褟锌褉芯褋褌褘械 5,010635 5,010635
褋芯褍褋芯胁 3,218876 3,218876
斜谢懈薪芯胁 2,371578 2,371578
锌褉懈屑械薪械薪懈械 3,401197 3,401197
褉械褑械锌褌褘锌褉芯褋褌褘械 2,813411 8,440232
斜褘褋褌褉芯谐芯 3,401197 3,401197
锌褉械褋褋 0,013423 0,013423
锌褉懈屑械薪械薪懈褟 0,013423 0,013423
褋芯械胁褘屑 3,912023 3,912023
褎械写械褉邪谢褜薪芯屑褍 0,013423 0,026846
锌械褉褋芯薪邪谢褜薪褘褏 0,013423 0,107384
锌褉芯懈蟹芯褕谢邪 0,013423 0,013423
写邪褌邪 0,013423 0,013423
胁邪褕械 0,013423 0,107384
褋邪泄褌械 0,013423 0,013423
胁邪褕懈 0,013423 0,013423
泻褍谢懈薪邪褉懈懈 3,624341 3,624341
褎懈芯 0,013423 0,013423
胁芯褋褋褌邪薪芯胁懈褌褜 0,013423 0,013423
锌芯卸邪谢褍泄褋褌邪 0,013423 0,013423
褉械褑械锌褌褘泻褍谢懈薪邪褉懈褟械写邪锌褉芯褋褌褘械 3,401197 3,401197
褋褘褉芯屑 2,708050 2,708050
屑懈薪褍褌锌褉芯褋褌褘械 3,912023 7,824046
褋谢懈胁泻邪褏 3,912023 3,912023
薪懈卸械 0,013423 0,040269
胁械褉褋懈褟 0,013423 0,013423
胁芯锌褉芯褋邪 0,013423 0,013423
褉芯褋褋懈褟 0,006689 0,046823
锌褉芯褋褌芯泄 2,120264 8,481054
锌芯谢褟 0,013423 0,093961
斜谢懈薪褘 2,238047 6,714140
谐芯褋褍写邪褉褋褌胁械薪薪芯屑褍 0,013423 0,026846
谐芯褉褟褔懈褏 3,064725 3,064725
褉械谐懈褋褌褉邪褑懈懈 0,013423 0,026846
褟谐芯写 3,401197 3,401197
褋谢芯卸薪褘械 3,401197 3,401197
锌芯谢械 0,013423 0,013423
褋邪泄褌 0,013423 0,026846
写械褋械褉褌邪 3,401197 3,401197
锌芯谢械蟹薪褘泄 3,064725 3,064725
蟹邪褉械谐懈褋褌褉懈褉芯胁邪薪芯 0,013423 0,013423
写褉褍谐芯械 0,013423 0,013423
褎褉邪薪褑褍蟹褋泻芯泄 3,064725 3,064725
锌芯写写械褉卸懈胁邪械褌褋褟锌芯谢褍褔懈褌褜 0,013423 0,013423
泻邪斜邪褔泻芯胁褘械 5,010635 5,010635
邪写褉械褋 0,013423 0,040269
写械褋械褉褌芯胁蟹邪泻褍褋泻邪褉械褑械锌褌褘 5,010635 5,010635
褋芯芯褌胁械褌褋褌胁懈懈 0,013423 0,026846
褉械褑械锌褌褘泻褍谢懈薪邪褉懈褟褋邪谢邪褌械写邪锌褉芯写褍泻褌褘锌褉芯褋褌褘械 5,010635 5,010635
褏谢械斜邪 2,931194 2,931194
蟹邪谐褉褍蟹懈褌械 0,013423 0,013423
褕胁械泄褑邪褉褋泻芯泄 3,401197 3,401197
褋芯芯斜褖械薪懈褟 0,013423 0,053692
蟹邪谐褉褍蟹懈褌褜 0,013423 0,013423
屑械写懈褑懈薪械 4,317488 4,317488
薪邪锌褉邪胁谢械薪懈懈 0,013423 0,013423
蟹邪屑械褔械薪薪褘褏 0,013423 0,013423
褌械谢械褎芯薪 0,013423 0,013423
芯褌锌褉邪胁泻懈 0,013423 0,013423
锌械褉械泻褍褋 3,218876 6,437752
褍薪懈褌邪褉薪芯屑褍 0,013423 0,026846
泻谢邪褋褋懈褔械褋泻芯屑褍 3,912023 3,912023
褋芯芯斜褖械薪懈械 0,013423 0,134230
胁褘斜械褉懈褌械 0,013423 0,040269
褋褌邪褉褘械 0,013423 0,013423
锌芯谢褜蟹邪 2,813411 2,813411
锌芯锌褉芯斜褍泄褌械 0,013423 0,013423
泻褉邪斜芯胁褘泄 3,401197 3,401197
谢械斜械写械胁锌褉芯褋褌褘械 5,010635 5,010635
褌邪泄褋泻芯泄 3,401197 3,401197
锌芯卸邪褉懈褌褜 5,010635 5,010635
锌芯谢褟薪邪 4,317488 4,317488
斜褍褌械褉斜褉芯写褘 2,525729 5,051457
屑械泻褋懈泻邪薪褋泻芯泄 3,218876 3,218876
褋邪谢邪褌芯胁褉械褑械锌褌褘 3,624341 3,624341
蟹邪褖懈褌芯泄 0,013423 0,026846
褋褌邪褌褜懈 0,013423 0,013423
锌芯写褌胁械褉写懈褌械 0,013423 0,013423
邪胁褌芯褉懈蟹邪褑懈褟 0,013423 0,013423
褋褉械写薪械泄 2,302585 2,302585
褎芯褉屑邪 0,013423 0,013423
谢芯谐懈薪芯屑 0,013423 0,013423
褉械泄褌懈薪谐 0,006689 0,006689
谐邪谢芯褔泻褍 0,013423 0,013423
褎芯褉屑械 2,302585 2,302585
锌械褉械褌邪褖懈褌械 0,013423 0,040269
屑邪褌械褉懈邪谢械 0,013423 0,026846
邪褉邪斜褋泻芯泄 3,218876 3,218876
屑邪褌械褉懈邪谢邪 0,013423 0,026846
邪褉芯屑邪褌薪褘泄 3,912023 3,912023
胁邪褕械谐芯 0,013423 0,013423
锌邪褉芯谢械屑 0,013423 0,013423
邪褉芯屑邪褌薪褘褏 3,218876 3,218876
褋锌芯褋芯斜褘 0,013423 0,026846
蟹邪褉械谐懈褋褌褉懈褉褍泄褌械褋褜 0,013423 0,013423
芯斜芯 0,013423 0,013423
泻芯褉械泄褋泻芯泄 3,401197 3,401197
褔邪褋邪褉械褑械锌褌褘 2,813411 2,813411
写懈褋泻褍褋褋懈懈 0,013423 0,026846
褉械褑械锌褌褘褉械褑械锌褌褘 1,875141 26,251975
褉械写邪泻褌芯褉 0,013423 0,013423
褍薪懈褌邪褉薪芯械 0,013423 0,013423
褋邪谢邪褌芯胁 2,813411 8,440232
褎芯褉屑褍 0,013423 0,093961
褌械屑邪 0,013423 0,040269
芯褌锌褉邪胁谢械薪薪芯谐芯 0,013423 0,013423
屑懈薪褍褌锌褉邪蟹写薪懈泻懈锌褉芯褋褌褘械 5,010635 5,010635
褋胁褟蟹邪薪薪褘械 0,013423 0,013423
褉械泻芯屑械薪写邪褌械谢褜薪褘褏 0,013423 0,013423
写邪薪薪邪褟 0,013423 0,013423
锌懈薪谐胁懈薪褘 3,912023 3,912023
褉邪蟹薪褘褏 2,177422 2,177422
芯斜褉邪褌薪邪褟 0,013423 0,026846
褉懈邪 0,006689 0,013378
锌褉芯褋褌邪胁谢褟褟 0,013423 0,013423
褋胁褟蟹邪薪薪褘褏 0,013423 0,013423
芯锌懈褕懈褌械 0,013423 0,013423
蟹邪锌芯谢薪械薪懈褟 0,013423 0,093961
泻褍褏薪懈 1,832581 75,135840
谐芯写 0,967584 3,870336
褋谢褍卸斜械 0,013423 0,013423
褉械谢懈蟹芯胁 0,013423 0,013423
胁邪褕懈褏 0,013423 0,026846
泻褍褏薪褟 1,832581 1,832581
锌芯褔褌褘 0,013423 0,013423
写械褋械褉褌芯胁褉械褑械锌褌褘 3,401197 6,802395
薪邪锌懈褌泻芯胁 2,813411 5,626821
锌械谢褜屑械薪懈 4,317488 4,317488
邪谐械薪褌褋褌胁芯 0,013423 0,040269
褉械褑械锌褌褘泻褍谢懈薪邪褉懈褟械写邪锌褉芯写褍泻褌褘锌褉芯褋褌褘械 5,010635 5,010635
锌褉邪胁懈谢 0,013423 0,040269
褋械屑褜 2,931194 2,931194
邪胁褌芯褉懈蟹芯胁邪褌褜褋褟 0,013423 0,013423
邪胁褌芯褉懈蟹褍泄褌械褋褜 0,013423 0,013423
斜谢褞写褉械褑械锌褌褘 3,218876 3,218876
褋芯胁械褌褘 1,752539 1,752539
屑懈薪褍褌褉芯褋褋懈褟锌褉芯褋褌褘械 5,010635 5,010635
邪谐械薪褌褋褌胁邪 0,013423 0,013423
褋械谐芯写薪褟 0,013423 0,067115
褉邪褋褕懈褉械薪薪褘泄 0,013423 0,013423
邪屑械褉懈泻邪薪褋泻芯泄 2,525729 2,525729
屑懈薪褍褌褉械褑械锌褌褘邪薪写褉械泄 5,010635 5,010635
薪芯胁褘械褋薪邪褔邪谢邪 0,013423 0,013423
锌褉懈谐芯褌芯胁谢械薪懈褟 1,791759 14,334076
褋褌褉邪薪 2,238047 2,238047
褕邪锌泻邪 0,013423 0,013423
锌褉邪蟹写薪懈泻邪 2,371578 2,371578
芯褌锌褉邪胁懈褌褜 0,013423 0,147653
锌褉芯写芯谢卸懈褌褜 0,013423 0,013423
褉械褕械薪懈懈 0,013423 0,013423
泻褍褏薪懈褉械褑械锌褌褘褉械褑械锌褌褘 3,912023 3,912023
薪械芯斜褘褔薪褘械 2,238047 2,238047
胁芯褋锌芯谢褜蟹褍泄褌械褋褜 0,013423 0,040269
褍褔邪褋褌懈械 0,006689 0,006689
邪泻泻邪褍薪褌 0,013423 0,053692
屑懈薪褍褌褉械褑械锌褌褘锌褉芯褋褌褘械 5,010635 40,085082
芯斜褋褍卸写械薪懈械 0,013423 0,013423
懈褋锌芯谢褜蟹芯胁邪褌褜 0,013423 0,013423
芯锌械褔邪褌泻邪 0,013423 0,013423
斜谢芯泻懈褉芯胁泻懈 0,013423 0,013423
芯薪谢邪泄薪 0,013423 0,013423
泻芯薪褌邪泻褌芯胁 0,013423 0,013423
锌芯褔褌邪 0,013423 0,080538
褉械褑械锌褌 1,544899 15,448994
邪锌褉械谢褟 0,013423 0,013423
褋芯褍褋械 4,317488 4,317488
褎邪屑懈谢懈褟 0,013423 0,013423
泻邪褌械谐芯褉懈褟 1,875141 1,875141
锌芯胁邪褉邪 2,302585 2,302585
锌褉邪蟹写薪懈泻褍 3,401197 3,401197
薪邪屑懈 0,013423 0,093961
褟薪写械泻褋 0,013423 0,026846
褍褉芯胁械薪褜 2,612740 2,612740
褍写邪谢懈谢懈 0,013423 0,040269
谢懈斜芯 0,013423 0,013423
褌褍褉械褑泻芯泄 3,401197 3,401197
胁邪泻邪薪褋懈懈 0,013423 0,013423
褏芯谢芯写薪褘褏 3,218876 3,218876
邪泻泻邪褍薪褌褍 0,013423 0,013423
芯褌泻褉褘胁邪械屑芯谐芯 0,013423 0,026846
屑懈薪褍褌泻褍谢懈薪邪褉懈褟械写邪褉械褑械锌褌褘锌褉芯褋褌褘械 5,010635 5,010635
泻褍褏薪懈褉械褑械锌褌褘薪芯胁芯谐芯写薪懈械 3,912023 3,912023
薪邪卸懈屑邪褟 0,013423 0,013423
械胁褉芯锌邪褉芯褋褋懈褟褉邪褋褌械薪懈褟泻褍谢懈薪邪褉懈褟锌褉芯褋褌褘械 5,010635 5,010635
锌芯懈褋泻 0,013423 0,013423
泻褍褏薪懈褉械褑械锌褌褘 2,612740 13,063700
胁邪屑懈 0,013423 0,013423
薪械写芯锌褍褋褌懈屑芯械 0,013423 0,013423
褋芯谐谢邪褋薪褘 0,013423 0,040269
懈褋褌械泻 0,013423 0,013423
邪蟹懈邪褌褋泻芯泄 3,401197 3,401197
锌褉械写锌褉懈褟褌懈褞 0,013423 0,026846
褉械泻谢邪屑褘 0,013423 0,013423
胁薪懈屑邪薪懈械 0,013423 0,013423
锌褉懈薪懈屑邪褌褜 0,013423 0,013423
褋屑芯卸械褌械 0,013423 0,013423
谐芯写邪 0,006689 0,013378
胁邪褉械薪褜褟 3,401197 3,401197
芯蟹薪邪泻芯屑谢械薪褘 0,013423 0,013423
褌械褉锌泻懈褏 4,317488 4,317488
屑芯懈褏 0,013423 0,026846
锌褉械写锌褉懈褟褌懈械 0,013423 0,013423
谐褉懈斜薪邪褟 4,317488 4,317488
芯斜褋褍卸写械薪懈褟 0,013423 0,013423
胁械褔械褉邪 3,624341 3,624341
斜谢芯泻懈褉芯胁泻芯泄 0,013423 0,040269
