законным 0,013423 0,013423
газе 3,218876 22,532131
новый 0,013423 0,013423
найти 0,013423 0,013423
основанием 0,013423 0,013423
сформировала 5,010635 5,010635
письмо 0,013423 0,013423
спасибо 0,013423 0,013423
заявил 1,427116 1,427116
согласие 0,013423 0,026846
центр 0,190354 0,190354
доступ 0,013423 0,026846
пойти 3,401197 3,401197
миа 0,013423 0,093961
йорк 3,064725 15,323626
задать 0,013423 0,013423
теги 0,190354 0,190354
автору 0,013423 0,013423
связаться 0,013423 0,080538
первом 2,708050 5,416100
готовность 3,218876 3,218876
должны 0,013423 0,013423
г 0,013423 0,026846
д 0,013423 0,026846
реклама 0,190354 0,190354
фото 0,013423 0,026846
политика 0,013423 0,026846
связь 0,006689 0,013378
вашингтоне 3,218876 3,218876
готово 0,013423 0,026846
проекты 3,218876 3,218876
течение 0,013423 0,013423
китай 2,177422 2,177422
информационных 0,013423 0,013423
размещения 0,013423 0,026846
конфиденциальности 0,013423 0,053692
связи 0,013423 0,080538
заголовок 0,013423 0,026846
своей 2,177422 2,177422
процесса 0,013423 0,013423
адресу 0,013423 0,026846
проблему 0,013423 0,013423
время 0,013423 0,040269
поучаствует 5,010635 5,010635
данных 0,013423 0,107384
объявят 5,010635 5,010635
китая 2,612740 2,612740
оон 2,708050 10,832201
письма 0,013423 0,013423
часов 0,013423 0,026846
соглашаетесь 0,013423 0,013423
хотят 2,813411 5,626821
восстановления 0,013423 0,013423
ранее 0,013423 0,026846
главный 0,013423 0,013423
восстановлению 5,010635 10,021271
данные 0,013423 0,013423
представлена 5,010635 5,010635
востоку 4,317488 4,317488
разблокировать 0,013423 0,040269
город 0,013423 0,080538
фотографию 0,013423 0,013423
обращаем 0,013423 0,013423
отправлено 0,013423 0,013423
написать 0,013423 0,013423
новостеймолния 0,013423 0,013423
одноклассники 0,013423 0,026846
сначала 0,013423 0,013423
сумму 2,525729 2,525729
показать 0,013423 0,013423
кнопку 0,013423 0,013423
коммуникаций 0,013423 0,013423
пожертвуют 5,010635 5,010635
пароль 0,013423 0,080538
миллиард 4,317488 4,317488
пароля 0,013423 0,053692
перейдите 0,013423 0,013423
вход 0,013423 0,013423
счел 4,317488 4,317488
продукты 0,150823 0,150823
читать 0,851752 0,851752
закрыто 0,013423 0,013423
удалено 0,013423 0,013423
дональд 2,445686 19,565487
сколько 0,006689 0,006689
гаврилова 0,013423 0,013423
материалов 0,013423 0,040269
отправлена 0,013423 0,013423
расположены 4,317488 4,317488
чате 0,013423 0,013423
контингентов 5,010635 5,010635
стороны 2,238047 2,238047
интересным 5,010635 5,010635
расположенному 0,013423 0,026846
чату 0,013423 0,013423
редакцией 0,013423 0,013423
примет 3,401197 6,802395
помощи 2,066196 4,132393
учредитель 0,013423 0,013423
рассмотрены 0,013423 0,013423
мое 0,013423 0,026846
ссылка 0,013423 0,026846
ссылке 0,013423 0,013423
долларов 2,931194 8,793581
перетяните 0,013423 0,013423
ссылки 0,013423 0,013423
помочь 0,013423 0,013423
архив 0,190354 0,190354
гуттереш 5,010635 15,031906
ошибках 0,013423 0,013423
обязательны 0,013423 0,093961
середине 3,624341 3,624341
сша 1,118815 10,069335
лидер 3,401197 3,401197
выпуска 0,013423 0,013423
списка 0,013423 0,013423
формой 0,013423 0,053692
роскомнадзор 0,013423 0,013423
поблизости 4,317488 4,317488
блокировался 0,013423 0,013423
представителей 3,064725 3,064725
пояснил 5,010635 5,010635
москва 0,006689 0,013378
воспользоваться 0,013423 0,013423
входа 0,013423 0,013423
моё 0,013423 0,013423
предоставлении 3,401197 3,401197
федеральное 0,013423 0,013423
федеральной 0,013423 0,013423
международное 0,013423 0,040269
будут 0,013423 0,013423
новостей 0,006689 0,006689
заявлял 3,912023 3,912023
надежду 2,931194 26,380744
политикой 0,013423 0,040269
обработки 0,013423 0,026846
даю 0,013423 0,026846
нужно 1,455287 1,455287
обработку 0,013423 0,026846
обратной 0,013423 0,067115
подкасты 0,292136 0,292136
редакции 0,013423 0,026846
обращений 0,013423 0,013423
обработка 0,013423 0,013423
это 0,013423 0,053692
палестины 5,010635 5,010635
вашингтон 2,445686 12,228430
описанием 0,013423 0,013423
новую 0,013423 0,013423
массовых 0,013423 0,013423
выполнению 4,317488 4,317488
соединенные 3,912023 3,912023
пройдена 0,013423 0,013423
используется 0,013423 0,013423
зарегистрироваться 0,013423 0,053692
пожаловаться 0,013423 0,013423
новости 0,006689 0,073579
войти 0,013423 0,053692
электронной 0,013423 0,013423
мире 0,274437 1,097747
эл 0,013423 0,013423
действия 0,013423 0,013423
радио 0,274437 0,274437
мира 1,791759 17,917595
дзен 0,851752 0,851752
защита 0,013423 0,013423
регистрация 0,013423 0,040269
почему 0,013423 0,013423
использования 0,013423 0,013423
восстановление 0,013423 0,053692
вопросам 0,013423 0,026846
государственное 0,013423 0,013423
воевать 3,401197 3,401197
вконтакте 0,013423 0,026846
базовых 5,010635 5,010635
говорят 3,401197 3,401197
вовлечены 5,010635 5,010635
спецпроекты 0,190354 0,190354
просим 0,013423 0,013423
навсегда 0,013423 0,013423
нарушение 0,013423 0,040269
заблокирован 0,013423 0,013423
ошибку 0,013423 0,013423
защиты 0,013423 0,013423
путин 1,514128 1,514128
миресшавашингтон 5,010635 5,010635
назад 0,013423 0,067115
обращения 0,013423 0,026846
февраля 0,616186 0,616186
ошибка 0,013423 0,013423
вопрос 0,006689 0,006689
зубовский 0,013423 0,026846
подтверждаете 0,013423 0,013423
антониу 5,010635 15,031906
поскольку 2,612740 2,612740
заполнить 0,013423 0,026846
пяти 3,218876 3,218876
осуществляется 0,013423 0,013423
ваш 0,013423 0,053692
имя 0,013423 0,067115
другие 0,013423 0,026846
общество 0,265703 0,265703
прошлого 3,064725 3,064725
замороженных 4,317488 4,317488
надзору 0,013423 0,013423
срок 0,013423 0,026846
издание 0,013423 0,013423
бульвар 0,013423 0,026846
выступая 4,317488 8,634976
хотите 0,013423 0,013423
заполните 0,013423 0,067115
собирается 4,317488 4,317488
технологий 0,013423 0,026846
сетевое 0,013423 0,013423
вновь 0,013423 0,013423
фев 1,399717 1,399717
сменить 0,013423 0,013423
материал 0,013423 0,013423
участвовать 0,013423 0,026846
сообщить 0,013423 0,013423
успешно 0,013423 0,013423
скриншот 0,013423 0,040269
лента 0,006689 0,013378
заблокированы 0,013423 0,013423
спорт 0,190354 0,190354
секторе 4,317488 4,317488
сфере 0,013423 0,013423
свидетельство 0,013423 0,013423
сектору 3,624341 3,624341
правила 0,013423 0,026846
взаимодействия 0,013423 0,026846
сохранить 0,013423 0,013423
вообще 2,931194 2,931194
информационное 0,013423 0,040269
комментирования 0,013423 0,026846
сказал 2,612740 2,612740
пресс 0,013423 0,026846
россии 0,395515 2,768603
применения 0,013423 0,013423
федеральному 0,013423 0,026846
персональных 0,013423 0,107384
произошла 0,013423 0,013423
скромную 5,010635 5,010635
дата 0,013423 0,013423
ваше 0,013423 0,107384
сайте 0,013423 0,013423
имеют 2,525729 2,525729
ваши 0,013423 0,013423
проходит 2,931194 2,931194
фио 0,013423 0,013423
восстановить 0,013423 0,013423
пожалуйста 0,013423 0,013423
трампантониу 5,010635 5,010635
саммита 5,010635 5,010635
необходимо 1,791759 3,583519
ниже 0,013423 0,040269
версия 0,013423 0,013423
вопроса 0,013423 0,013423
саммите 3,624341 7,248682
россия 0,006689 0,107024
поля 0,013423 0,093961
нью 3,624341 18,121705
государственному 0,013423 0,026846
знаю 4,317488 4,317488
регистрации 0,013423 0,026846
работе 2,813411 2,813411
поле 0,013423 0,013423
сайт 0,013423 0,026846
американский 3,624341 7,248682
сервисы 0,190354 0,190354
задач 3,218876 3,218876
штат 2,931194 14,655969
зарегистрировано 0,013423 0,013423
другое 0,013423 0,013423
туризм 0,283247 0,283247
поддерживаетсяполучить 0,013423 0,013423
адрес 0,013423 0,040269
отношения 2,525729 2,525729
соответствии 0,013423 0,026846
загрузите 0,013423 0,013423
сообщения 0,013423 0,053692
поводу 3,401197 3,401197
загрузить 0,013423 0,013423
российских 1,966113 1,966113
направлении 0,013423 0,013423
первого 2,813411 2,813411
замеченных 0,013423 0,013423
телефон 0,013423 0,013423
отправки 0,013423 0,013423
необходимости 2,612740 2,612740
унитарному 0,013423 0,026846
заседание 4,317488 4,317488
обновлено 1,003302 1,003302
сообщение 0,013423 0,134230
выберите 0,013423 0,040269
старые 0,013423 0,013423
попробуйте 0,013423 0,013423
ближнему 5,010635 5,010635
защитой 0,013423 0,026846
статьи 0,013423 0,013423
подтвердите 0,013423 0,013423
авторизация 0,013423 0,013423
религия 0,283247 0,283247
форма 0,013423 0,013423
логином 0,013423 0,013423
рейтинг 0,006689 0,006689
галочку 0,013423 0,013423
перетащите 0,013423 0,040269
материале 0,013423 0,026846
культура 0,292136 0,292136
материала 0,013423 0,026846
мероприятии 3,912023 3,912023
происшествия 0,292136 0,292136
вашего 0,013423 0,013423
паролем 0,013423 0,013423
коллега 5,010635 5,010635
позицию 3,624341 3,624341
способы 0,013423 0,026846
зарегистрируйтесь 0,013423 0,013423
обо 0,013423 0,013423
недвижимость 0,292136 0,292136
дискуссии 0,013423 0,026846
выражал 4,317488 4,317488
редактор 0,013423 0,013423
фгуп 0,499776 2,498879
члены 3,624341 3,624341
унитарное 0,013423 0,013423
направить 2,931194 2,931194
форму 0,013423 0,093961
тема 0,013423 0,040269
отправленного 0,013423 0,013423
предложение 3,401197 3,401197
управлению 5,010635 10,021271
связанные 0,013423 0,013423
рекомендательных 0,013423 0,013423
данная 0,013423 0,013423
обратная 0,013423 0,026846
риа 0,006689 0,066890
проставляя 0,013423 0,013423
связанных 0,013423 0,013423
опишите 0,013423 0,013423
заполнения 0,013423 0,093961
полезное 0,182322 0,182322
службе 0,013423 0,013423
релизов 0,013423 0,013423
ваших 0,013423 0,026846
совета 2,931194 11,724775
почты 0,013423 0,013423
приглашены 4,317488 4,317488
которые 1,455287 1,455287
рассчитывает 5,010635 5,010635
миллиардов 3,912023 7,824046
трамп 1,609438 27,360445
который 1,160488 1,160488
думаю 3,912023 7,824046
агентство 0,013423 0,040269
правил 0,013423 0,040269
месяца 2,708050 2,708050
авторизоваться 0,013423 0,013423
авторизуйтесь 0,013423 0,013423
совете 3,064725 21,453076
агентства 0,013423 0,013423
сегодня 0,013423 0,134230
президент 2,238047 6,714140
расширенный 0,013423 0,013423
считают 3,064725 3,064725
штаты 2,708050 2,708050
ожидается 3,401197 3,401197
новыесначала 0,013423 0,013423
стран 2,238047 4,476093
шапка 0,013423 0,013423
отправить 0,013423 0,161076
продолжить 0,013423 0,013423
решение 1,791759 1,791759
решении 0,013423 0,013423
воспользуйтесь 0,013423 0,040269
фонд 3,064725 3,064725
архивное 1,373049 1,373049
газой 5,010635 10,021271
участие 0,006689 0,073579
аккаунт 0,013423 0,053692
экономика 0,292136 0,292136
обсуждение 0,013423 0,013423
использовать 0,013423 0,013423
опечатка 0,013423 0,013423
государств 3,624341 3,624341
блокировки 0,013423 0,013423
гуттерешоон 5,010635 5,010635
онлайн 0,013423 0,013423
десять 2,612740 2,612740
контактов 0,013423 0,013423
проблем 3,912023 3,912023
почта 0,013423 0,080538
организации 2,525729 7,577186
апреля 0,013423 0,013423
учредил 5,010635 5,010635
фамилия 0,013423 0,013423
нами 0,013423 0,093961
яндекс 0,013423 0,026846
удалили 0,013423 0,040269
владимир 1,373049 1,373049
либо 0,013423 0,013423
военных 2,708050 5,416100
вакансии 0,013423 0,013423
аккаунту 0,013423 0,013423
открываемого 0,013423 0,026846
никакого 3,218876 3,218876
нажимая 0,013423 0,013423
поиск 0,013423 0,013423
вами 0,013423 0,013423
недопустимое 0,013423 0,013423
активов 4,317488 4,317488
согласны 0,013423 0,040269
истек 0,013423 0,013423
выразил 2,813411 25,320696
предприятию 0,013423 0,026846
рекламы 0,013423 0,013423
порядка 3,218876 3,218876
вернуть 2,813411 2,813411
первое 3,912023 3,912023
внимание 0,013423 0,013423
принимать 0,013423 0,013423
сможете 0,013423 0,013423
года 0,006689 0,006689
ознакомлены 0,013423 0,013423
газы 4,317488 4,317488
принять 3,912023 3,912023
присутствие 4,317488 4,317488
моих 0,013423 0,026846
предприятие 0,013423 0,013423
наука 0,292136 0,292136
касается 2,612740 2,612740
обсуждения 0,013423 0,013423
блокировкой 0,013423 0,040269
участия 3,064725 3,064725
