предупредили 3,218876 3,218876
законным 0,013423 0,013423
рф 1,181994 10,637945
воронежская 4,317488 4,317488
ставропольский 5,010635 5,010635
новый 0,013423 0,040269
найти 0,013423 0,013423
основанием 0,013423 0,013423
письмо 0,013423 0,013423
спасибо 0,013423 0,013423
получили 2,525729 2,525729
ск 2,931194 17,587163
согласие 0,013423 0,026846
центр 0,190354 0,190354
доступ 0,013423 0,026846
миа 0,013423 0,026846
задать 0,013423 0,013423
теги 0,190354 0,380707
автору 0,013423 0,013423
связаться 0,013423 0,080538
помощь 3,064725 3,064725
человек 2,525729 5,051457
должны 0,013423 0,013423
г 0,013423 0,026846
д 0,013423 0,026846
реклама 0,190354 0,190354
фото 0,013423 0,013423
политика 0,013423 0,026846
связь 0,006689 0,013378
экстремизма 4,317488 4,317488
стихийных 2,931194 5,862388
готово 0,013423 0,026846
суд 2,066196 4,132393
экс 2,708050 5,416100
течение 0,013423 0,013423
область 1,714798 15,433186
информационных 0,013423 0,013423
силе 3,401197 3,401197
размещения 0,013423 0,013423
делу 3,401197 3,401197
сочи 2,238047 2,238047
жителя 5,010635 5,010635
делам 3,064725 6,129450
конфиденциальности 0,013423 0,053692
жителю 3,912023 3,912023
связи 0,013423 0,080538
заголовок 0,013423 0,026846
столкнулись 3,624341 3,624341
дело 1,919593 3,839186
процесса 0,013423 0,013423
адресу 0,013423 0,026846
проблему 0,013423 0,013423
время 0,013423 0,026846
данных 0,013423 0,107384
мегаполис 3,912023 3,912023
письма 0,013423 0,013423
убийство 4,317488 4,317488
новгород 3,218876 3,218876
часов 0,013423 0,026846
соглашаетесь 0,013423 0,013423
республика 2,612740 2,612740
ранее 0,013423 0,013423
восстановления 0,013423 0,013423
башкирии 4,317488 4,317488
главный 0,013423 0,013423
данные 0,013423 0,013423
разблокировать 0,013423 0,040269
город 0,013423 0,013423
верхней 2,931194 2,931194
фотографию 0,013423 0,013423
дмитрий 1,643339 1,643339
рук 3,401197 3,401197
обращаем 0,013423 0,013423
восемь 3,401197 3,401197
отправлено 0,013423 0,013423
написать 0,013423 0,013423
новостеймолния 0,013423 0,013423
украине 1,427116 1,427116
незаконно 4,317488 4,317488
одноклассники 0,013423 0,026846
сначала 0,013423 0,013423
ожог 5,010635 5,010635
новороссийске 5,010635 5,010635
первую 2,238047 2,238047
показать 0,013423 0,013423
кнопку 0,013423 0,013423
коммуникаций 0,013423 0,013423
главврач 5,010635 5,010635
пароль 0,013423 0,080538
пароля 0,013423 0,053692
последствий 2,525729 5,051457
приговор 3,401197 6,802395
перейдите 0,013423 0,013423
базы 3,218876 3,218876
вход 0,013423 0,013423
продукты 0,150823 0,150823
закрыто 0,013423 0,013423
удалено 0,013423 0,013423
сколько 0,006689 0,006689
гаврилова 0,013423 0,013423
материалов 0,013423 0,053692
девочки 2,931194 2,931194
отправлена 0,013423 0,013423
артамонов 5,010635 40,085082
чате 0,013423 0,013423
новгородский 3,218876 3,218876
расположенному 0,013423 0,026846
чату 0,013423 0,013423
редакцией 0,013423 0,013423
балашихинской 5,010635 5,010635
чп 5,010635 5,010635
учредитель 0,013423 0,013423
рассмотрены 0,013423 0,013423
обороны 2,177422 4,354844
мое 0,013423 0,026846
крыша 5,010635 5,010635
ссылка 0,013423 0,026846
последние 1,098612 1,098612
ссылке 0,013423 0,013423
перетяните 0,013423 0,013423
ссылки 0,013423 0,013423
помочь 0,013423 0,013423
архив 0,190354 0,190354
извлекли 5,010635 5,010635
июля 1,791759 1,791759
военная 2,120264 2,120264
специальная 2,066196 2,066196
липецкой 3,912023 11,736069
липецком 5,010635 10,021271
ошибках 0,013423 0,013423
липецкого 5,010635 10,021271
миграции 4,317488 4,317488
обязательны 0,013423 0,093961
крыши 5,010635 5,010635
вынесли 3,624341 3,624341
бирюков 3,624341 3,624341
выпуска 0,013423 0,013423
списка 0,013423 0,013423
формой 0,013423 0,053692
роскомнадзор 0,013423 0,013423
блокировался 0,013423 0,013423
оставил 4,317488 4,317488
москве 1,118815 1,118815
москва 0,006689 0,033445
воспользоваться 0,013423 0,013423
входа 0,013423 0,013423
моё 0,013423 0,013423
гулявшей 3,218876 3,218876
федеральное 0,013423 0,013423
атмосферном 5,010635 5,010635
анатолий 5,010635 5,010635
федеральной 0,013423 0,013423
обрушении 5,010635 10,021271
незаконной 3,624341 3,624341
международное 0,013423 0,040269
будут 0,013423 0,013423
новостей 0,006689 0,006689
политикой 0,013423 0,040269
обработки 0,013423 0,026846
даю 0,013423 0,026846
жизни 2,120264 2,120264
обработку 0,013423 0,026846
обратной 0,013423 0,067115
обрушения 5,010635 5,010635
подкасты 0,292136 0,292136
редакции 0,013423 0,026846
обращений 0,013423 0,013423
липецкая 5,010635 35,074447
операция 2,120264 2,120264
обработка 0,013423 0,013423
это 0,013423 0,013423
миллиарда 4,317488 4,317488
автомобилей 3,401197 3,401197
описанием 0,013423 0,013423
новую 0,013423 0,013423
массовых 0,013423 0,013423
покушение 4,317488 4,317488
пройдена 0,013423 0,013423
используется 0,013423 0,013423
зарегистрироваться 0,013423 0,053692
пожаловаться 0,013423 0,013423
новости 0,006689 0,040134
войти 0,013423 0,053692
электронной 0,013423 0,013423
завел 3,218876 3,218876
мире 0,274437 0,274437
эл 0,013423 0,013423
действия 0,013423 0,013423
радио 0,274437 0,274437
защита 0,013423 0,013423
регистрация 0,013423 0,040269
почему 0,013423 0,013423
обрушилась 3,624341 3,624341
использования 0,013423 0,013423
восстановление 0,013423 0,040269
вопросам 0,013423 0,026846
новое 2,525729 2,525729
государственное 0,013423 0,013423
воронежской 4,317488 4,317488
следственный 3,624341 18,121705
вконтакте 0,013423 0,026846
области 1,919593 7,678371
спецпроекты 0,190354 0,190354
просим 0,013423 0,013423
навсегда 0,013423 0,013423
нарушение 0,013423 0,040269
заблокирован 0,013423 0,013423
ошибку 0,013423 0,013423
сверстника 5,010635 5,010635
защиты 0,013423 0,013423
назад 0,013423 0,067115
помогает 2,813411 2,813411
обращения 0,013423 0,026846
двоих 3,624341 3,624341
врадий 5,010635 5,010635
состоянии 3,064725 3,064725
арестовали 3,401197 10,203592
ошибка 0,013423 0,013423
вопрос 0,006689 0,006689
министру 4,317488 4,317488
зубовский 0,013423 0,026846
подтверждаете 0,013423 0,013423
заполнить 0,013423 0,026846
пермский 4,317488 4,317488
осуществляется 0,013423 0,013423
ваш 0,013423 0,053692
имя 0,013423 0,067115
другие 0,013423 0,026846
общество 0,265703 0,265703
надзору 0,013423 0,013423
срок 0,013423 0,026846
прокуратура 3,624341 3,624341
издание 0,013423 0,013423
бульвар 0,013423 0,026846
перми 4,317488 4,317488
хотите 0,013423 0,013423
заполните 0,013423 0,067115
сожительницы 5,010635 5,010635
технологий 0,013423 0,026846
сетевое 0,013423 0,013423
неделю 1,373049 1,373049
вновь 0,013423 0,013423
сменить 0,013423 0,013423
пермь 4,317488 4,317488
материал 0,013423 0,013423
участвовать 0,013423 0,026846
дагестане 3,624341 3,624341
сообщить 0,013423 0,013423
областной 4,317488 4,317488
директора 5,010635 5,010635
успешно 0,013423 0,013423
скриншот 0,013423 0,040269
лента 0,006689 0,013378
мчс 3,218876 6,437752
взятки 4,317488 4,317488
заблокированы 0,013423 0,013423
спорт 0,190354 0,190354
район 3,624341 10,873023
сфере 0,013423 0,013423
месяц 1,297063 1,297063
свидетельство 0,013423 0,013423
заводе 3,912023 11,736069
правила 0,013423 0,026846
взаимодействия 0,013423 0,026846
сохранить 0,013423 0,013423
информационное 0,013423 0,040269
министерство 2,238047 4,476093
край 2,708050 13,540251
комментирования 0,013423 0,026846
доставили 4,317488 4,317488
гражданской 2,708050 5,416100
давлении 5,010635 5,010635
завалов 5,010635 5,010635
пресс 0,013423 0,026846
россии 0,395515 2,768603
применения 0,013423 0,013423
федеральному 0,013423 0,026846
персональных 0,013423 0,107384
произошла 0,013423 0,013423
челябинск 4,317488 4,317488
рублей 2,525729 2,525729
дата 0,013423 0,013423
ваше 0,013423 0,107384
кровля 3,624341 3,624341
сайте 0,013423 0,013423
ваши 0,013423 0,013423
фио 0,013423 0,013423
восстановить 0,013423 0,013423
пожалуйста 0,013423 0,013423
судом 4,317488 4,317488
краснодарский 3,912023 11,736069
ниже 0,013423 0,040269
версия 0,013423 0,013423
вопроса 0,013423 0,013423
россия 0,006689 0,107024
поля 0,013423 0,093961
школьника 4,317488 4,317488
недвижимостьриа 3,401197 3,401197
государственному 0,013423 0,026846
генеральная 4,317488 4,317488
регистрации 0,013423 0,026846
ситуациям 3,064725 6,129450
игорь 2,708050 21,664402
погибшими 4,317488 4,317488
поле 0,013423 0,013423
сайт 0,013423 0,026846
великий 2,813411 2,813411
сервисы 0,190354 0,190354
зарегистрировано 0,013423 0,013423
пятью 4,317488 4,317488
другое 0,013423 0,013423
туризм 0,283247 0,283247
трех 2,177422 2,177422
руководство 3,401197 3,401197
поддерживаетсяполучить 0,013423 0,013423
адрес 0,013423 0,040269
соответствии 0,013423 0,026846
загрузите 0,013423 0,013423
двух 2,014903 4,029806
сообщения 0,013423 0,053692
загрузить 0,013423 0,013423
ответчики 5,010635 5,010635
направлении 0,013423 0,013423
замеченных 0,013423 0,013423
телефон 0,013423 0,013423
отправки 0,013423 0,013423
унитарному 0,013423 0,026846
период 1,160488 1,160488
работы 2,302585 2,302585
термический 5,010635 5,010635
сообщение 0,013423 0,134230
выберите 0,013423 0,040269
старые 0,013423 0,013423
попробуйте 0,013423 0,013423
балашиха 5,010635 5,010635
защитой 0,013423 0,026846
статьи 0,013423 0,013423
подтвердите 0,013423 0,013423
авторизация 0,013423 0,013423
религия 0,283247 0,283247
оказать 4,317488 4,317488
форма 0,013423 0,013423
логином 0,013423 0,013423
рейтинг 0,006689 0,006689
галочку 0,013423 0,013423
больницу 3,912023 15,648092
луганская 3,912023 3,912023
перетащите 0,013423 0,040269
материале 0,013423 0,026846
культура 0,292136 0,292136
больницы 3,624341 3,624341
материала 0,013423 0,026846
происшествия 0,292136 6,719138
вашего 0,013423 0,013423
паролем 0,013423 0,013423
дагестан 3,912023 3,912023
отправили 4,317488 4,317488
овощной 2,931194 2,931194
способы 0,013423 0,026846
зарегистрируйтесь 0,013423 0,013423
обо 0,013423 0,013423
возбудили 3,912023 3,912023
недвижимость 0,292136 0,292136
рязанский 5,010635 5,010635
ликвидации 2,813411 5,626821
дискуссии 0,013423 0,026846
ленинский 5,010635 5,010635
редактор 0,013423 0,013423
ольга 2,612740 2,612740
унитарное 0,013423 0,013423
бывшему 3,912023 3,912023
низком 5,010635 5,010635
бедствий 3,064725 6,129450
форму 0,013423 0,093961
тема 0,013423 0,040269
отправленного 0,013423 0,013423
рекомендательных 0,013423 0,013423
связанные 0,013423 0,026846
данная 0,013423 0,013423
обратная 0,013423 0,026846
риа 0,006689 0,013378
магарамкентский 4,317488 4,317488
москвичей 3,624341 3,624341
проставляя 0,013423 0,013423
связанных 0,013423 0,013423
опишите 0,013423 0,013423
заполнения 0,013423 0,093961
полезное 0,182322 0,182322
минздрав 3,912023 3,912023
год 0,967584 2,902752
службе 0,013423 0,013423
вороновского 5,010635 5,010635
навигаторриа 2,445686 2,445686
релизов 0,013423 0,013423
чрезвычайным 3,064725 6,129450
ваших 0,013423 0,026846
кузнецов 3,912023 3,912023
комитет 3,064725 15,323626
почты 0,013423 0,013423
рухнула 5,010635 5,010635
новороссийск 5,010635 5,010635
водоканала 5,010635 5,010635
агентство 0,013423 0,040269
правил 0,013423 0,040269
авторизоваться 0,013423 0,013423
авторизуйтесь 0,013423 0,013423
дтп 3,064725 6,129450
агентства 0,013423 0,013423
сегодня 0,013423 0,093961
расширенный 0,013423 0,013423
петр 2,445686 2,445686
подольске 3,624341 3,624341
новыесначала 0,013423 0,013423
александровск 5,010635 5,010635
пострадавшего 5,010635 5,010635
шапка 0,013423 0,013423
отправить 0,013423 0,147653
продолжить 0,013423 0,013423
махонин 5,010635 5,010635
справки 1,875141 1,875141
решении 0,013423 0,013423
рассказал 1,347074 1,347074
рязани 4,317488 8,634976
воспользуйтесь 0,013423 0,040269
участие 0,006689 0,006689
аккаунт 0,013423 0,053692
экономика 0,292136 0,292136
обсуждение 0,013423 0,013423
использовать 0,013423 0,013423
опечатка 0,013423 0,013423
доставляют 5,010635 5,010635
снегопад 2,708050 2,708050
организацию 3,218876 3,218876
блокировки 0,013423 0,013423
госдума 3,064725 3,064725
онлайн 0,013423 0,013423
рязань 5,010635 10,021271
контактов 0,013423 0,013423
почта 0,013423 0,080538
апреля 0,013423 0,013423
фамилия 0,013423 0,013423
предстанет 5,010635 5,010635
вороновский 5,010635 5,010635
нами 0,013423 0,093961
яндекс 0,013423 0,026846
подозреваемого 3,912023 3,912023
удалили 0,013423 0,040269
либо 0,013423 0,013423
вакансии 0,013423 0,013423
аккаунту 0,013423 0,013423
открываемого 0,013423 0,026846
месте 2,302585 2,302585
нажимая 0,013423 0,013423
поиск 0,013423 0,013423
вами 0,013423 0,013423
недопустимое 0,013423 0,013423
согласны 0,013423 0,040269
завершили 5,010635 5,010635
истек 0,013423 0,013423
одежды 3,064725 3,064725
челябинска 5,010635 5,010635
предприятию 0,013423 0,026846
рекламы 0,013423 0,013423
предприятия 3,624341 7,248682
внимание 0,013423 0,013423
принимать 0,013423 0,013423
алексей 1,966113 1,966113
соц 2,371578 2,371578
премьер 2,931194 2,931194
сможете 0,013423 0,013423
года 0,006689 0,006689
богучарский 4,317488 4,317488
спасателям 5,010635 5,010635
попали 3,912023 3,912023
поисковые 5,010635 5,010635
ознакомлены 0,013423 0,013423
моих 0,013423 0,026846
склада 3,624341 3,624341
финансировании 3,912023 3,912023
предприятие 0,013423 0,013423
наука 0,292136 0,292136
предприятии 5,010635 5,010635
пострадавших 3,624341 10,873023
обсуждения 0,013423 0,013423
блокировкой 0,013423 0,040269
уфа 5,010635 5,010635
