законным 0,013423 0,013423
галицкий 5,010635 20,042541
рф 1,181994 5,909969
вымогательстве 5,010635 5,010635
новый 0,013423 0,013423
найти 0,013423 0,013423
основанием 0,013423 0,013423
письмо 0,013423 0,013423
содержания 3,401197 3,401197
спасибо 0,013423 0,013423
согласие 0,013423 0,026846
центр 0,190354 0,190354
доступ 0,013423 0,026846
миа 0,013423 0,093961
заявление 2,445686 4,891372
задать 0,013423 0,013423
теги 0,190354 0,190354
автору 0,013423 0,013423
связаться 0,013423 0,080538
александр 1,455287 4,365862
бывшего 3,401197 3,401197
сообщил 2,445686 2,445686
должны 0,013423 0,013423
г 0,013423 0,026846
д 0,013423 0,026846
реклама 0,190354 0,190354
фото 0,013423 0,026846
политика 0,013423 0,026846
полгода 3,912023 3,912023
связь 0,006689 0,013378
готово 0,013423 0,026846
суд 2,066196 18,595767
течение 0,013423 0,013423
область 1,714798 6,859194
информационных 0,013423 0,013423
размещения 0,013423 0,013423
конфиденциальности 0,013423 0,053692
связи 0,013423 0,080538
заголовок 0,013423 0,026846
процесса 0,013423 0,013423
адресу 0,013423 0,026846
проблему 0,013423 0,013423
время 0,013423 0,013423
данных 0,013423 0,107384
письма 0,013423 0,013423
часов 0,013423 0,026846
соглашаетесь 0,013423 0,013423
медиабанкигорь 5,010635 5,010635
восстановления 0,013423 0,013423
ранее 0,013423 0,026846
главный 0,013423 0,013423
данные 0,013423 0,013423
разблокировать 0,013423 0,040269
город 0,013423 0,013423
фотографию 0,013423 0,013423
обращаем 0,013423 0,013423
отправлено 0,013423 0,013423
написать 0,013423 0,013423
новостеймолния 0,013423 0,013423
одноклассники 0,013423 0,026846
сначала 0,013423 0,013423
ивс 5,010635 15,031906
показать 0,013423 0,013423
кнопку 0,013423 0,013423
коммуникаций 0,013423 0,013423
пароль 0,013423 0,080538
пароля 0,013423 0,053692
судья 4,317488 8,634976
перейдите 0,013423 0,013423
вход 0,013423 0,013423
продукты 0,150823 0,150823
читать 0,851752 0,851752
закрыто 0,013423 0,013423
удалено 0,013423 0,013423
арестовал 5,010635 5,010635
сколько 0,006689 0,006689
гаврилова 0,013423 0,013423
материалов 0,013423 0,040269
отправлена 0,013423 0,013423
арестом 3,401197 30,610776
чате 0,013423 0,013423
галицкой 3,401197 34,011974
расположенному 0,013423 0,026846
чату 0,013423 0,013423
редакцией 0,013423 0,013423
женой 5,010635 5,010635
председатель 3,624341 3,624341
председателя 3,624341 10,873023
подал 3,064725 6,129450
учредитель 0,013423 0,013423
рассмотрены 0,013423 0,013423
мое 0,013423 0,026846
московский 3,064725 9,194175
ссылка 0,013423 0,026846
ссылке 0,013423 0,013423
долларов 2,931194 2,931194
отставке 5,010635 5,010635
перетяните 0,013423 0,013423
ссылки 0,013423 0,013423
помочь 0,013423 0,013423
архив 0,190354 0,190354
оренбургской 4,317488 4,317488
ошибках 0,013423 0,013423
обязательны 0,013423 0,093961
выпуска 0,013423 0,013423
списка 0,013423 0,013423
формой 0,013423 0,053692
роскомнадзор 0,013423 0,013423
блокировался 0,013423 0,013423
москва 0,006689 0,020067
воспользоваться 0,013423 0,013423
входа 0,013423 0,013423
подмосковном 3,912023 3,912023
моё 0,013423 0,013423
федеральное 0,013423 0,013423
бизнесмена 5,010635 5,010635
федеральной 0,013423 0,013423
международное 0,013423 0,040269
будут 0,013423 0,013423
новостей 0,006689 0,006689
политикой 0,013423 0,040269
верховного 5,010635 10,021271
обработки 0,013423 0,026846
даю 0,013423 0,026846
перейти 1,203973 2,407946
обработку 0,013423 0,026846
красновверховный 5,010635 5,010635
обратной 0,013423 0,067115
подкасты 0,292136 0,292136
редакции 0,013423 0,026846
обращений 0,013423 0,013423
обработка 0,013423 0,013423
это 0,013423 0,013423
общался 5,010635 5,010635
описанием 0,013423 0,013423
новую 0,013423 0,013423
массовых 0,013423 0,013423
пройдена 0,013423 0,013423
жизнь 2,525729 2,525729
используется 0,013423 0,013423
возмущен 5,010635 5,010635
зарегистрироваться 0,013423 0,053692
пожаловаться 0,013423 0,013423
мужа 5,010635 5,010635
новости 0,006689 0,093646
войти 0,013423 0,053692
электронной 0,013423 0,013423
мире 0,274437 0,274437
эл 0,013423 0,013423
действия 0,013423 0,013423
радио 0,274437 0,274437
дзен 0,851752 0,851752
защита 0,013423 0,013423
регистрация 0,013423 0,040269
почему 0,013423 0,013423
использования 0,013423 0,013423
временного 4,317488 4,317488
восстановление 0,013423 0,040269
вопросам 0,013423 0,026846
государственное 0,013423 0,013423
вконтакте 0,013423 0,026846
области 1,919593 1,919593
спецпроекты 0,190354 0,190354
просим 0,013423 0,013423
навсегда 0,013423 0,013423
нарушение 0,013423 0,040269
заблокирован 0,013423 0,013423
ошибку 0,013423 0,013423
защиты 0,013423 0,013423
назад 0,013423 0,067115
обращения 0,013423 0,026846
февраля 0,616186 1,232372
бывшей 5,010635 5,010635
итог 5,010635 5,010635
ошибка 0,013423 0,013423
вопрос 0,006689 0,006689
зубовский 0,013423 0,026846
подтверждаете 0,013423 0,013423
заполнить 0,013423 0,026846
осуществляется 0,013423 0,013423
ваш 0,013423 0,053692
имя 0,013423 0,067115
другие 0,013423 0,026846
общество 0,265703 0,265703
надзору 0,013423 0,013423
срок 0,013423 0,026846
издание 0,013423 0,013423
бульвар 0,013423 0,026846
реакции 3,064725 18,388351
хотите 0,013423 0,013423
заполните 0,013423 0,067115
технологий 0,013423 0,026846
сетевое 0,013423 0,013423
вновь 0,013423 0,013423
фев 1,399717 1,399717
сменить 0,013423 0,013423
рфпроисшествияроссияоренбургская 5,010635 5,010635
материал 0,013423 0,013423
участвовать 0,013423 0,026846
сообщить 0,013423 0,013423
областной 4,317488 17,269952
успешно 0,013423 0,013423
скриншот 0,013423 0,040269
истринский 5,010635 5,010635
федерации 2,177422 4,354844
лента 0,006689 0,013378
собеседник 3,401197 3,401197
алией 5,010635 5,010635
заблокированы 0,013423 0,013423
спорт 0,190354 0,190354
сфере 0,013423 0,013423
свидетельство 0,013423 0,013423
правила 0,013423 0,026846
взаимодействия 0,013423 0,026846
сохранить 0,013423 0,013423
информационное 0,013423 0,040269
комментирования 0,013423 0,026846
сказал 2,612740 2,612740
пресс 0,013423 0,053692
россии 0,395515 0,791030
применения 0,013423 0,013423
федеральному 0,013423 0,026846
персональных 0,013423 0,107384
произошла 0,013423 0,013423
дата 0,013423 0,013423
ваше 0,013423 0,107384
сайте 0,013423 0,013423
постановление 3,624341 3,624341
ваши 0,013423 0,013423
фио 0,013423 0,013423
восстановить 0,013423 0,013423
пожалуйста 0,013423 0,013423
ниже 0,013423 0,040269
версия 0,013423 0,013423
вопроса 0,013423 0,013423
полномочий 3,401197 3,401197
россия 0,006689 0,107024
поля 0,013423 0,093961
подозрению 3,624341 3,624341
похоронили 4,317488 4,317488
рассказала 2,445686 2,445686
государственному 0,013423 0,026846
регистрации 0,013423 0,026846
игорь 2,708050 13,540251
поле 0,013423 0,013423
сайт 0,013423 0,026846
мособлсуд 5,010635 5,010635
сервисы 0,190354 0,190354
зарегистрировано 0,013423 0,013423
другое 0,013423 0,013423
туризм 0,283247 0,283247
поддерживаетсяполучить 0,013423 0,013423
адрес 0,013423 0,040269
соответствии 0,013423 0,026846
краснова 3,218876 28,969882
загрузите 0,013423 0,013423
сообщения 0,013423 0,053692
игоря 5,010635 10,021271
загрузить 0,013423 0,013423
направлении 0,013423 0,013423
замеченных 0,013423 0,013423
телефон 0,013423 0,013423
отправки 0,013423 0,013423
сложении 5,010635 5,010635
унитарному 0,013423 0,026846
миллионов 2,931194 2,931194
обновлено 1,003302 1,003302
сообщение 0,013423 0,134230
изоляторе 5,010635 5,010635
выберите 0,013423 0,040269
старые 0,013423 0,013423
попробуйте 0,013423 0,013423
аресте 5,010635 5,010635
данное 3,401197 6,802395
галицкого 5,010635 5,010635
защитой 0,013423 0,026846
статьи 0,013423 0,013423
подтвердите 0,013423 0,013423
авторизация 0,013423 0,013423
религия 0,283247 0,283247
форма 0,013423 0,013423
логином 0,013423 0,013423
рейтинг 0,006689 0,006689
галочку 0,013423 0,013423
перетащите 0,013423 0,040269
материале 0,013423 0,026846
культура 0,292136 0,292136
материала 0,013423 0,026846
происшествия 0,292136 1,168546
вашего 0,013423 0,013423
паролем 0,013423 0,013423
отменил 5,010635 5,010635
способы 0,013423 0,026846
зарегистрируйтесь 0,013423 0,013423
обо 0,013423 0,013423
недвижимость 0,292136 0,292136
дискуссии 0,013423 0,026846
самоубийством 5,010635 5,010635
редактор 0,013423 0,013423
фгуп 0,499776 2,498879
унитарное 0,013423 0,013423
форму 0,013423 0,093961
тема 0,013423 0,040269
отправленного 0,013423 0,013423
связанные 0,013423 0,013423
рекомендательных 0,013423 0,013423
данная 0,013423 0,013423
служба 2,238047 4,476093
обратная 0,013423 0,026846
риа 0,006689 0,086957
галицкиймосковский 5,010635 5,010635
адвокат 3,401197 3,401197
проставляя 0,013423 0,013423
связанных 0,013423 0,013423
опишите 0,013423 0,013423
заполнения 0,013423 0,093961
полезное 0,182322 0,182322
службе 0,013423 0,013423
медиабанк 1,321756 1,321756
релизов 0,013423 0,013423
ваших 0,013423 0,026846
совета 2,931194 5,862388
почты 0,013423 0,013423
верховный 3,912023 11,736069
вынесший 5,010635 10,021271
оренбургская 5,010635 20,042541
агентство 0,013423 0,040269
правил 0,013423 0,040269
авторизоваться 0,013423 0,013423
авторизуйтесь 0,013423 0,013423
покончившей 5,010635 5,010635
галицкая 5,010635 5,010635
агентства 0,013423 0,026846
сегодня 0,013423 0,134230
расширенный 0,013423 0,013423
новыесначала 0,013423 0,013423
собой 2,445686 7,337058
шапка 0,013423 0,013423
отправить 0,013423 0,147653
продолжить 0,013423 0,013423
решение 1,791759 3,583519
решении 0,013423 0,013423
александра 2,612740 2,612740
рассказал 1,347074 8,082442
воспользуйтесь 0,013423 0,040269
участие 0,006689 0,006689
архивное 1,373049 1,373049
аккаунт 0,013423 0,053692
экономика 0,292136 0,292136
алия 5,010635 5,010635
обсуждение 0,013423 0,013423
использовать 0,013423 0,013423
опечатка 0,013423 0,013423
блокировки 0,013423 0,013423
которая 1,643339 3,286679
онлайн 0,013423 0,013423
контактов 0,013423 0,013423
почта 0,013423 0,080538
историю 2,371578 14,229468
апреля 0,013423 0,013423
история 1,484275 4,452824
фамилия 0,013423 0,013423
возмутила 5,010635 15,031906
нами 0,013423 0,093961
яндекс 0,013423 0,026846
удалили 0,013423 0,040269
либо 0,013423 0,013423
вакансии 0,013423 0,013423
аккаунту 0,013423 0,013423
алии 5,010635 10,021271
открываемого 0,013423 0,026846
нажимая 0,013423 0,013423
поиск 0,013423 0,013423
вами 0,013423 0,013423
недопустимое 0,013423 0,013423
согласны 0,013423 0,040269
краснов 4,317488 25,904929
истек 0,013423 0,013423
предприятию 0,013423 0,026846
рекламы 0,013423 0,013423
внимание 0,013423 0,013423
принимать 0,013423 0,013423
сможете 0,013423 0,013423
года 0,006689 0,006689
суда 2,708050 10,832201
ознакомлены 0,013423 0,013423
истринского 5,010635 5,010635
областьалександр 5,010635 5,010635
покончила 5,010635 15,031906
моих 0,013423 0,026846
предприятие 0,013423 0,013423
наука 0,292136 0,292136
обсуждения 0,013423 0,013423
источник 2,445686 17,119802
блокировкой 0,013423 0,040269
