васаби 5,010635 45,095718
законным 0,013423 0,013423
размером 3,401197 3,401197
паприка 3,624341 3,624341
лед 3,218876 6,437752
головой 4,317488 4,317488
найти 0,013423 0,013423
основанием 0,013423 0,013423
текстура 4,317488 8,634976
письмо 0,013423 0,013423
спасибо 0,013423 0,013423
мясистость 5,010635 5,010635
стиль 3,912023 3,912023
едим 5,010635 5,010635
текстуру 3,218876 3,218876
северо 5,010635 5,010635
см 2,931194 8,793581
воды 2,445686 58,696462
согласие 0,013423 0,026846
отличается 3,064725 6,129450
варено 5,010635 45,095718
воду 2,302585 41,446532
ароматом 3,401197 3,401197
чесноком 3,218876 3,218876
микроволновке 4,317488 21,587441
одно 2,371578 2,371578
связаться 0,013423 0,080538
вода 2,525729 20,205829
нюансов 5,010635 5,010635
немного 2,177422 6,532266
воде 2,014903 4,029806
фото 0,013423 0,026846
связь 0,006689 0,013378
водой 2,445686 19,565487
льдом 3,912023 15,648092
готово 0,013423 0,026846
кастрюлю 2,445686 22,011173
рецепта 2,931194 2,931194
дольше 3,912023 3,912023
информационных 0,013423 0,013423
размещения 0,013423 0,013423
повар 3,624341 3,624341
сочность 3,624341 14,497364
перемешать 2,525729 5,051457
венчика 4,317488 8,634976
конфиденциальности 0,013423 0,053692
остудите 4,317488 4,317488
загрязнения 5,010635 5,010635
связи 0,013423 0,080538
природе 5,010635 5,010635
заголовок 0,013423 0,026846
сигнала 5,010635 10,021271
встречаются 3,912023 3,912023
шаг 1,875141 22,501693
сложность 2,931194 8,793581
процесса 0,013423 0,013423
адресу 0,013423 0,026846
обжаривать 3,912023 7,824046
проблему 0,013423 0,013423
готовите 5,010635 5,010635
текстуры 3,912023 3,912023
майо 5,010635 20,042541
рецепты 1,139434 5,697171
отмечает 1,966113 1,966113
быстро 2,177422 10,887110
секреты 2,813411 5,626821
данных 0,013423 0,107384
лайма 5,010635 25,053176
письма 0,013423 0,013423
часов 0,013423 0,053692
соглашаетесь 0,013423 0,013423
откиньте 4,317488 8,634976
сильный 3,912023 7,824046
готовить 2,445686 12,228430
главный 0,013423 0,013423
морепродуктов 4,317488 38,857393
данные 0,013423 0,013423
режим 2,931194 5,862388
также 1,139434 1,139434
сладко 5,010635 5,010635
неочищенных 5,010635 5,010635
одном 2,931194 5,862388
фотографию 0,013423 0,013423
неочищенным 5,010635 5,010635
легко 1,791759 3,583519
предварительно 2,931194 2,931194
отправлено 0,013423 0,013423
неочищенные 5,010635 40,085082
полупрозрачным 5,010635 5,010635
сначала 0,013423 0,013423
употреблять 3,624341 3,624341
яркими 5,010635 5,010635
часа 1,875141 5,625423
очистите 3,401197 3,401197
мангале 3,912023 7,824046
разложите 3,912023 15,648092
микроволновой 4,317488 4,317488
удалить 2,931194 11,724775
перейдите 0,013423 0,013423
приправы 3,912023 3,912023
готовы 2,813411 11,253643
закрыто 0,013423 0,013423
сколько 0,006689 0,040134
материалов 0,013423 0,040269
могут 1,643339 1,643339
холодильника 5,010635 5,010635
отправлена 0,013423 0,013423
запекать 3,401197 3,401197
холодильнике 2,813411 8,440232
сочности 3,912023 3,912023
чате 0,013423 0,013423
длину 5,010635 5,010635
имбирем 5,010635 5,010635
чату 0,013423 0,013423
редакцией 0,013423 0,013423
вены 4,317488 4,317488
оттенок 3,064725 3,064725
снижает 4,317488 4,317488
полностью 2,014903 4,029806
вену 5,010635 5,010635
меняют 3,912023 7,824046
измельченный 3,401197 3,401197
минуту 5,010635 5,010635
сырые 5,010635 20,042541
комков 5,010635 10,021271
рассмотрены 0,013423 0,013423
минуты 2,931194 49,830294
слоем 3,218876 3,218876
сгущенного 5,010635 5,010635
шеф 2,302585 23,025851
часто 2,371578 4,743156
перетяните 0,013423 0,013423
деликатес 5,010635 5,010635
июля 1,791759 3,583519
ошибках 0,013423 0,013423
частые 5,010635 15,031906
шт 2,238047 4,476093
процесс 2,014903 8,059612
залить 2,708050 8,124151
доготовьте 5,010635 5,010635
качества 2,931194 5,862388
средние 4,317488 8,634976
выпуска 0,013423 0,013423
наполните 5,010635 5,010635
списка 0,013423 0,013423
формой 0,013423 0,053692
средиземноморский 5,010635 5,010635
варьируется 4,317488 4,317488
прохладную 5,010635 5,010635
разнятся 5,010635 5,010635
самая 2,177422 2,177422
пудру 4,317488 8,634976
необходимого 5,010635 5,010635
хвостом 5,010635 5,010635
зеленью 2,931194 8,793581
рекомендую 3,912023 3,912023
площадью 4,317488 17,269952
кипеть 5,010635 5,010635
креветок 3,624341 184,841388
подержать 3,912023 3,912023
пудра 4,317488 8,634976
отварите 3,912023 3,912023
струю 5,010635 5,010635
рассолом 5,010635 10,021271
федеральное 0,013423 0,013423
забудьте 4,317488 4,317488
федеральной 0,013423 0,013423
значимый 5,010635 5,010635
размеру 4,317488 8,634976
международное 0,013423 0,040269
ножками 5,010635 5,010635
пятаков 3,912023 7,824046
гриле 4,317488 12,952464
поставить 2,525729 2,525729
будут 0,013423 0,040269
опустите 5,010635 20,042541
новостей 0,006689 0,006689
хорошем 3,912023 3,912023
понадобятся 3,064725 3,064725
шрирача 5,010635 20,042541
подготовка 3,218876 32,188758
перейти 1,203973 12,039728
кубиках 5,010635 5,010635
вкусу 2,066196 4,132393
нужно 1,455287 8,731723
одним 2,813411 2,813411
обратной 0,013423 0,067115
жесткими 4,317488 8,634976
варим 5,010635 5,010635
вкуса 2,445686 9,782744
оглавление 1,791759 1,791759
замариновать 3,912023 7,824046
огонь 2,708050 13,540251
зеленый 3,064725 6,129450
еда 2,177422 6,532266
описанием 0,013423 0,013423
готовкой 5,010635 5,010635
закипит 4,317488 4,317488
варке 4,317488 30,222417
резиновыми 5,010635 5,010635
имеет 2,066196 2,066196
варка 4,317488 21,587441
средних 4,317488 4,317488
петрушка 3,064725 6,129450
используется 0,013423 0,026846
деревянной 3,624341 7,248682
средний 3,064725 3,064725
маркетинговый 5,010635 5,010635
убавьте 5,010635 5,010635
термическая 5,010635 5,010635
массу 3,401197 6,802395
эл 0,013423 0,013423
прилавках 5,010635 5,010635
идеально 2,612740 2,612740
приготовленные 5,010635 5,010635
корзине 5,010635 5,010635
еду 4,317488 8,634976
столу 3,064725 3,064725
массы 3,624341 7,248682
охлаждение 5,010635 25,053176
варки 3,401197 47,616763
чаще 2,612740 5,225480
классического 3,912023 3,912023
почему 0,013423 0,013423
внушительным 5,010635 5,010635
вопросам 0,013423 0,026846
активного 3,912023 3,912023
добавить 2,238047 11,190233
испортить 3,912023 3,912023
аромата 3,624341 3,624341
утратили 5,010635 5,010635
красным 3,624341 3,624341
значит 2,612740 2,612740
вконтакте 0,013423 0,026846
линдерхоф 5,010635 10,021271
вкусные 2,708050 2,708050
сахарная 4,317488 8,634976
навсегда 0,013423 0,013423
нарушение 0,013423 0,040269
контейнер 3,912023 3,912023
запекании 4,317488 4,317488
прохладной 3,912023 3,912023
назад 0,013423 0,067115
требуют 3,912023 7,824046
струей 4,317488 8,634976
азбука 5,010635 10,021271
соком 3,401197 3,401197
концепт 5,010635 15,031906
зубовский 0,013423 0,026846
добавки 3,624341 10,873023
заполнить 0,013423 0,026846
ориентироваться 5,010635 10,021271
увеличивается 3,912023 3,912023
равномерного 4,317488 8,634976
московского 2,813411 5,626821
желанию 3,218876 3,218876
осуществляется 0,013423 0,013423
другие 0,013423 0,040269
общество 0,265703 0,797109
остынет 4,317488 4,317488
похожа 3,912023 3,912023
сохраняется 5,010635 5,010635
надзору 0,013423 0,013423
допускают 5,010635 5,010635
промыть 2,708050 2,708050
издание 0,013423 0,013423
нечасто 5,010635 5,010635
оливковом 5,010635 20,042541
лимон 3,401197 23,808382
корзину 3,912023 3,912023
бульвар 0,013423 0,026846
хотите 0,013423 0,013423
заполните 0,013423 0,067115
половинку 4,317488 4,317488
сетевое 0,013423 0,013423
бытовой 4,317488 8,634976
охлаждения 3,401197 6,802395
вновь 0,013423 0,013423
сменить 0,013423 0,013423
рецептыобществопродуктыедакулинарияроссия 4,317488 4,317488
стоит 1,714798 3,429597
участвовать 0,013423 0,026846
сообщить 0,013423 0,013423
оливковое 3,912023 11,736069
замораживают 5,010635 5,010635
скриншот 0,013423 0,040269
кориандр 4,317488 4,317488
голове 2,931194 8,793581
деликатеса 4,317488 4,317488
нежная 4,317488 4,317488
варят 4,317488 4,317488
популярные 2,445686 2,445686
снимите 3,624341 3,624341
проточной 5,010635 10,021271
установите 5,010635 5,010635
лишний 4,317488 4,317488
хиты 4,317488 4,317488
взаимодействия 0,013423 0,026846
посуде 3,912023 3,912023
ложки 2,931194 2,931194
соусом 3,218876 19,313255
пряный 4,317488 4,317488
сохранить 0,013423 0,013423
информационное 0,013423 0,040269
розового 4,317488 4,317488
предпочитают 3,912023 3,912023
соусов 3,218876 3,218876
посуду 2,813411 2,813411
вкусными 4,317488 4,317488
илья 3,218876 19,313255
основное 2,931194 14,655969
спинки 4,317488 4,317488
альтернативный 5,010635 5,010635
альтернативные 4,317488 12,952464
обитания 5,010635 10,021271
федеральному 0,013423 0,026846
высокой 3,218876 3,218876
важно 2,120264 2,120264
объема 3,624341 3,624341
подается 3,401197 13,604790
фестиваля 3,912023 7,824046
гораздо 3,218876 6,437752
бросать 4,317488 4,317488
упругими 5,010635 5,010635
рассол 5,010635 20,042541
проходит 2,931194 2,931194
фио 0,013423 0,013423
оставить 2,445686 4,891372
кирилл 1,919593 3,839186
пожалуйста 0,013423 0,013423
кишечную 5,010635 5,010635
стол 2,238047 6,714140
необходимо 1,791759 5,375278
ниже 0,013423 0,040269
версия 0,013423 0,013423
запасом 5,010635 10,021271
поля 0,013423 0,093961
подсоленной 4,317488 4,317488
аккуратно 2,813411 14,067054
магазине 3,912023 7,824046
обычно 2,813411 8,440232
вытащить 3,624341 3,624341
розмарин 5,010635 5,010635
государственному 0,013423 0,026846
популярный 3,912023 3,912023
рыбном 5,010635 10,021271
медиабанккреветки 5,010635 10,021271
мягче 4,317488 4,317488
гид 3,912023 3,912023
невкусными 5,010635 5,010635
поле 0,013423 0,013423
сладость 3,912023 3,912023
зарегистрировано 0,013423 0,013423
холодноводные 5,010635 5,010635
положить 2,612740 2,612740
креветки 3,064725 318,731415
сбросьте 5,010635 5,010635
мелкий 5,010635 5,010635
адрес 0,013423 0,040269
дольками 3,624341 3,624341
соответствии 0,013423 0,026846
холодную 3,064725 9,194175
загрузите 0,013423 0,013423
креветка 5,010635 10,021271
сообщения 0,013423 0,053692
термообработку 5,010635 5,010635
полученную 3,401197 6,802395
мелкие 3,064725 3,064725
загрузить 0,013423 0,013423
получатся 4,317488 4,317488
направлении 0,013423 0,013423
замеченных 0,013423 0,013423
телефон 0,013423 0,013423
виды 2,813411 5,626821
особенности 2,708050 8,124151
сантиметров 4,317488 17,269952
федоренко 5,010635 10,021271
сочетание 3,218876 3,218876
необычную 5,010635 5,010635
виду 3,624341 10,873023
мелких 3,912023 3,912023
кишечной 5,010635 5,010635
проточную 5,010635 5,010635
нежными 4,317488 4,317488
сообщение 0,013423 0,134230
требуется 3,218876 9,656627
вида 2,931194 2,931194
старые 0,013423 0,013423
виде 2,177422 4,354844
недостаточно 3,064725 3,064725
попробуйте 0,013423 0,013423
нижний 3,912023 3,912023
томить 4,317488 4,317488
подавать 2,708050 10,832201
ингредиент 3,624341 3,624341
деликатный 5,010635 10,021271
майонез 3,401197 13,604790
вкусовые 3,624341 7,248682
ярко 4,317488 12,952464
остальных 3,218876 3,218876
снять 2,708050 5,416100
эксперт 1,678431 1,678431
посуда 4,317488 4,317488
печи 3,912023 3,912023
статьи 0,013423 0,013423
подтвердите 0,013423 0,013423
специями 3,624341 7,248682
морепродукты 4,317488 30,222417
поверхность 3,624341 10,873023
перетащите 0,013423 0,040269
материале 0,013423 0,040269
ароматным 4,317488 4,317488
намного 4,317488 4,317488
материала 0,013423 0,026846
серо 5,010635 5,010635
вашего 0,013423 0,013423
паролем 0,013423 0,013423
лимона 3,064725 9,194175
горошком 3,912023 19,560115
зарегистрируйтесь 0,013423 0,013423
обо 0,013423 0,013423
азиатский 5,010635 5,010635
редактор 0,013423 0,013423
фгуп 0,499776 1,499327
тушек 5,010635 5,010635
очищать 5,010635 5,010635
хвост 4,317488 12,952464
подразумевают 5,010635 5,010635
базиликом 4,317488 4,317488
темную 5,010635 5,010635
отправленного 0,013423 0,013423
выловленными 5,010635 5,010635
жареные 4,317488 12,952464
займут 5,010635 5,010635
связанные 0,013423 0,013423
тщательно 2,445686 7,337058
обратная 0,013423 0,026846
интенсивно 4,317488 17,269952
вскипятить 4,317488 12,952464
риа 0,006689 0,147158
различные 2,931194 2,931194
связанных 0,013423 0,013423
опишите 0,013423 0,013423
раза 3,218876 6,437752
кухни 1,832581 1,832581
времени 2,238047 15,666326
привкусом 5,010635 5,010635
максим 2,525729 5,051457
кухне 3,912023 7,824046
средне 2,813411 2,813411
кухня 1,832581 5,497744
акцент 5,010635 5,010635
крышкой 3,218876 19,313255
почты 0,013423 0,013423
упаковке 3,912023 3,912023
посоветовал 4,317488 4,317488
крупных 3,912023 7,824046
сахар 2,612740 5,225480
краткий 4,317488 4,317488
важнее 5,010635 5,010635
агентство 0,013423 0,040269
советуют 4,317488 4,317488
давлением 3,912023 3,912023
подобрать 3,401197 3,401197
крупные 3,912023 19,560115
термической 3,912023 7,824046
советы 1,752539 7,010155
тепловодные 5,010635 5,010635
агентства 0,013423 0,013423
сегодня 0,013423 0,107384
вместо 2,813411 2,813411
быстрее 2,813411 2,813411
сразу 1,832581 5,497744
столовые 3,624341 3,624341
острый 3,401197 3,401197
вместе 2,302585 2,302585
чеснок 2,931194 20,518356
излишки 3,624341 3,624341
важен 4,317488 4,317488
мусор 5,010635 5,010635
вкуснее 3,624341 7,248682
черноморские 5,010635 15,031906
долгое 3,912023 3,912023
промойте 4,317488 17,269952
зависимости 2,014903 14,104321
характерным 4,317488 4,317488
отдельно 3,218876 12,875503
шапка 0,013423 0,013423
отправить 0,013423 0,147653
продолжить 0,013423 0,013423
решении 0,013423 0,013423
безвкусными 5,010635 5,010635
рассказал 1,347074 4,041221
очистка 5,010635 5,010635
изменится 3,218876 3,218876
воспользуйтесь 0,013423 0,040269
гурманы 5,010635 5,010635
аккаунт 0,013423 0,053692
газовом 5,010635 5,010635
обсуждение 0,013423 0,013423
мощности 3,401197 3,401197
блокировки 0,013423 0,013423
которая 1,643339 1,643339
называют 3,624341 3,624341
делает 2,612740 2,612740
почта 0,013423 0,080538
всплывают 5,010635 10,021271
небольшие 3,401197 3,401197
хорошенько 3,912023 7,824046
креветкам 5,010635 10,021271
таблица 3,401197 3,401197
обжарить 3,624341 7,248682
фамилия 0,013423 0,013423
евгений 2,302585 4,605170
повара 2,302585 16,118096
фермах 5,010635 5,010635
краситель 3,912023 15,648092
яндекс 0,013423 0,026846
удалили 0,013423 0,040269
вдоль 3,912023 3,912023
либо 0,013423 0,026846
аккаунту 0,013423 0,013423
рассола 5,010635 5,010635
открываемого 0,013423 0,026846
питательных 4,317488 4,317488
название 3,401197 10,203592
приобретает 4,317488 8,634976
поиск 0,013423 0,013423
сохранит 5,010635 10,021271
согласны 0,013423 0,040269
разогревает 4,317488 8,634976
рекламы 0,013423 0,013423
поставьте 3,624341 21,746046
мороженые 5,010635 45,095718
продаже 4,317488 4,317488
реализуют 5,010635 5,010635
алексей 1,966113 3,932226
готовятся 3,401197 10,203592
кипящей 4,317488 4,317488
извлечение 5,010635 25,053176
продажа 4,317488 12,952464
следует 2,066196 2,066196
размораживая 4,317488 17,269952
обитают 5,010635 5,010635
тимьян 3,912023 7,824046
миске 2,708050 5,416100
миску 3,401197 6,802395
соотношение 3,624341 18,121705
постоянно 2,371578 4,743156
ингредиенты 1,919593 5,758779
прижимается 5,010635 15,031906
скороварка 5,010635 5,010635
ломтиками 3,218876 3,218876
гималайской 5,010635 5,010635
способ 2,612740 5,225480
перемешайте 3,218876 16,094379
тигровые 5,010635 35,074447
ярким 3,624341 3,624341
продукт 2,931194 2,931194
обсуждения 0,013423 0,013423
яркий 3,401197 6,802395
скороварке 5,010635 10,021271
блокировкой 0,013423 0,040269
сгущенное 4,317488 17,269952
нижнюю 4,317488 4,317488
новый 0,013423 0,013423
размешать 3,912023 7,824046
сладким 3,624341 3,624341
пароварке 5,010635 15,031906
особого 3,912023 3,912023
аспект 5,010635 5,010635
получили 2,525729 5,051457
закипания 3,624341 10,873023
залейте 3,624341 3,624341
менее 2,177422 4,354844
доступ 0,013423 0,026846
должно 2,708050 2,708050
миа 0,013423 0,067115
задать 0,013423 0,013423
автору 0,013423 0,013423
панцире 5,010635 20,042541
должны 0,013423 0,026846
нюансы 4,317488 4,317488
ледяной 4,317488 4,317488
г 0,013423 0,617459
д 0,013423 0,026846
варить 2,445686 48,913719
сладкие 3,218876 3,218876
разморозки 5,010635 30,063812
политика 0,013423 0,013423
кипятком 3,401197 3,401197
готовности 2,612740 15,676440
л 2,525729 2,525729
разморозка 5,010635 5,010635
длительной 5,010635 5,010635
угольном 5,010635 5,010635
течение 0,013423 0,013423
кипячение 4,317488 21,587441
магазинах 4,317488 8,634976
мин 2,445686 7,337058
вариант 2,371578 2,371578
панцирь 5,010635 5,010635
льда 3,624341 18,121705
панциря 4,317488 25,904929
большую 3,064725 3,064725
должна 2,525729 15,154372
готовки 1,919593 11,517557
поделился 3,912023 11,736069
порошок 3,624341 7,248682
азиатская 5,010635 30,063812
королевскими 5,010635 5,010635
поместите 4,317488 8,634976
время 0,013423 0,201345
миноги 5,010635 5,010635
порозовели 5,010635 5,010635
куденко 3,912023 7,824046
ранее 0,013423 0,013423
восстановления 0,013423 0,013423
классические 3,064725 3,064725
сергей 1,609438 3,218876
разблокировать 0,013423 0,040269
город 0,013423 0,013423
восточной 3,064725 3,064725
зеленого 3,912023 3,912023
полосатым 5,010635 5,010635
обращаем 0,013423 0,013423
написать 0,013423 0,013423
новостеймолния 0,013423 0,013423
подавайте 4,317488 12,952464
одноклассники 0,013423 0,026846
творогом 3,624341 3,624341
остановит 4,317488 8,634976
доведите 5,010635 25,053176
базилик 3,401197 6,802395
помешивая 3,401197 6,802395
показать 0,013423 0,013423
кнопку 0,013423 0,013423
коммуникаций 0,013423 0,013423
вкусом 2,931194 2,931194
основные 2,612740 2,612740
сочными 5,010635 5,010635
медиабанкпродажа 5,010635 15,031906
отсутствие 2,612740 2,612740
продукте 5,010635 5,010635
пароль 0,013423 0,080538
пароля 0,013423 0,053692
северные 3,624341 10,873023
очищенных 5,010635 10,021271
вход 0,013423 0,013423
продукты 0,150823 0,452469
удалено 0,013423 0,013423
рецептами 4,317488 4,317488
очищенным 5,010635 5,010635
полчаса 3,624341 3,624341
гаврилова 0,013423 0,013423
очищенные 3,912023 11,736069
ледяную 4,317488 4,317488
лайм 4,317488 8,634976
соус 3,401197 51,017961
размороженные 5,010635 20,042541
приятным 3,912023 3,912023
цвета 2,445686 2,445686
используйте 3,624341 3,624341
расположенному 0,013423 0,026846
обязательно 2,931194 5,862388
инфографика 2,177422 2,177422
плиту 3,912023 3,912023
розовыми 5,010635 5,010635
помощи 2,066196 4,132393
рыбная 5,010635 10,021271
меньше 2,708050 2,708050
учредитель 0,013423 0,013423
разведения 5,010635 5,010635
отрава 5,010635 5,010635
варите 4,317488 12,952464
мое 0,013423 0,026846
крошку 4,317488 4,317488
ссылка 0,013423 0,026846
нежной 3,912023 3,912023
инструкция 2,238047 2,238047
ссылке 0,013423 0,013423
нежное 3,912023 3,912023
ссылки 0,013423 0,013423
помочь 0,013423 0,013423
мороженные 5,010635 20,042541
революции 4,317488 8,634976
удаление 3,912023 3,912023
украшают 5,010635 5,010635
обязательны 0,013423 0,093961
плиты 3,624341 7,248682
выше 3,064725 3,064725
вдвое 5,010635 5,010635
роскомнадзор 0,013423 0,013423
среде 4,317488 4,317488
закладка 4,317488 21,587441
блокировался 0,013423 0,013423
хаш 5,010635 5,010635
девушка 3,218876 3,218876
становится 2,708050 2,708050
москве 1,118815 4,475260
москва 0,006689 0,020067
воспользоваться 0,013423 0,013423
входа 0,013423 0,013423
соединить 3,624341 7,248682
моё 0,013423 0,013423
отварных 5,010635 5,010635
бурлить 5,010635 15,031906
холодной 3,064725 15,323626
большом 3,912023 7,824046
большой 2,445686 2,445686
пошаговая 2,238047 2,238047
большое 2,931194 2,931194
предварительной 3,401197 10,203592
сковороде 2,708050 8,124151
должен 2,177422 2,177422
сора 5,010635 5,010635
отварные 4,317488 12,952464
москвы 1,455287 2,910574
политикой 0,013423 0,040269
температурный 5,010635 5,010635
забить 5,010635 5,010635
обработки 0,013423 0,067115
даю 0,013423 0,026846
переложите 4,317488 21,587441
неправильное 5,010635 5,010635
разморозить 4,317488 8,634976
достаточно 2,445686 7,337058
обработку 0,013423 0,026846
редакции 0,013423 0,026846
обращений 0,013423 0,013423
нежный 3,401197 3,401197
возьмите 5,010635 15,031906
веществ 4,317488 4,317488
полку 4,317488 4,317488
обработка 0,013423 0,026846
которого 2,238047 2,238047
это 0,013423 0,067115
переложить 3,401197 6,802395
вкус 2,120264 8,481054
лимонный 3,218876 3,218876
этих 2,302585 6,907755
порциям 5,010635 5,010635
новую 0,013423 0,013423
массовых 0,013423 0,013423
атлантические 5,010635 5,010635
разновидностей 4,317488 4,317488
пройдена 0,013423 0,013423
глазури 5,010635 5,010635
готовьте 3,912023 11,736069
средиземном 5,010635 5,010635
зарегистрироваться 0,013423 0,053692
пожаловаться 0,013423 0,013423
новости 0,006689 0,147158
войти 0,013423 0,053692
крупнее 5,010635 5,010635
электронной 0,013423 0,013423
букву 5,010635 5,010635
отлова 5,010635 5,010635
действия 0,013423 0,013423
небольшого 4,317488 4,317488
защита 0,013423 0,013423
копченые 5,010635 5,010635
регистрация 0,013423 0,040269
использования 0,013423 0,013423
восстановление 0,013423 0,040269
государственное 0,013423 0,013423
литр 3,912023 15,648092
учитывать 3,401197 3,401197
рынке 3,218876 12,875503
затем 1,791759 5,375278
просим 0,013423 0,013423
заблокирован 0,013423 0,013423
классическое 4,317488 4,317488
промысловых 5,010635 5,010635
буквы 5,010635 15,031906
соль 2,120264 21,202635
ошибку 0,013423 0,013423
защиты 0,013423 0,013423
торопитесь 5,010635 5,010635
нежную 4,317488 4,317488
обращения 0,013423 0,026846
придания 3,912023 3,912023
метода 4,317488 4,317488
ошибки 3,401197 13,604790
ошибке 5,010635 5,010635
оранжевый 4,317488 4,317488
лист 3,064725 27,582526
соли 3,401197 20,407184
варкой 4,317488 4,317488
аргентинские 5,010635 20,042541
минут 1,297063 22,050075
ошибка 0,013423 0,013423
мнению 2,708050 2,708050
специализированных 4,317488 4,317488
техники 3,401197 6,802395
значение 2,302585 2,302585
вопрос 0,006689 0,006689
полученном 5,010635 5,010635
подтверждаете 0,013423 0,013423
армянской 3,218876 3,218876
размер 2,813411 14,067054
неравномерно 5,010635 5,010635
магазинов 4,317488 4,317488
кипения 2,931194 14,655969
ваш 0,013423 0,053692
имя 0,013423 0,067115
имбирь 3,624341 3,624341
холодник 4,317488 4,317488
кипящую 4,317488 21,587441
блюдо 2,014903 12,089418
срок 0,013423 0,026846
длительная 4,317488 4,317488
песок 3,912023 3,912023
блюде 3,624341 14,497364
технологий 0,013423 0,026846
венчиком 4,317488 8,634976
технологии 3,401197 3,401197
имбиря 4,317488 12,952464
неделя 3,401197 6,802395
замороженные 4,317488 43,174881
самый 2,177422 4,354844
получаются 3,912023 7,824046
материал 0,013423 0,013423
бланшировать 5,010635 5,010635
самые 2,238047 6,714140
успешно 0,013423 0,013423
ресторана 5,010635 10,021271
приготовятся 5,010635 5,010635
лента 0,006689 0,013378
дуршлаг 4,317488 12,952464
черный 2,708050 13,540251
однородной 3,401197 6,802395
кубики 3,401197 3,401197
заблокированы 0,013423 0,013423
сфере 0,013423 0,013423
сахарную 4,317488 8,634976
буквально 3,064725 3,064725
свидетельство 0,013423 0,013423
остановить 4,317488 4,317488
выращивания 5,010635 5,010635
маринада 3,912023 3,912023
правила 0,013423 0,026846
лимоном 3,624341 3,624341
разводят 5,010635 5,010635
выкладываются 5,010635 5,010635
вообще 2,931194 2,931194
романов 5,010635 30,063812
комментирования 0,013423 0,026846
блинов 2,371578 4,743156
давление 3,912023 3,912023
душистый 3,912023 15,648092
пресс 0,013423 0,013423
укроп 2,612740 5,225480
россии 0,395515 0,395515
кулинария 2,525729 7,577186
применения 0,013423 0,013423
готовые 3,912023 19,560115
очищенном 5,010635 5,010635
соевым 3,912023 3,912023
всплывут 5,010635 5,010635
достаньте 5,010635 20,042541
соевый 4,317488 21,587441
производителя 5,010635 5,010635
готовым 5,010635 5,010635
персональных 0,013423 0,107384
произошла 0,013423 0,013423
укром 5,010635 10,021271
готовый 3,218876 3,218876
выбирая 5,010635 5,010635
дата 0,013423 0,013423
ваше 0,013423 0,107384
сочным 3,912023 3,912023
сайте 0,013423 0,013423
ваши 0,013423 0,013423
цвет 2,931194 11,724775
восстановить 0,013423 0,013423
существует 2,612740 5,225480
маринаде 4,317488 8,634976
сохранения 3,401197 3,401197
зависят 3,912023 3,912023
сыром 2,708050 2,708050
каллиников 3,401197 6,802395
производители 3,912023 3,912023
приобрели 5,010635 5,010635
вопроса 0,013423 0,013423
пару 2,525729 12,628643
россия 0,006689 0,086957
искусственного 5,010635 5,010635
горячим 3,912023 7,824046
ракообразные 5,010635 10,021271
налейте 4,317488 12,952464
розовый 4,317488 8,634976
свое 2,445686 4,891372
прошедшие 4,317488 4,317488
покрывать 5,010635 10,021271
учетом 3,218876 3,218876
регистрации 0,013423 0,026846
манежной 3,624341 7,248682
сайт 0,013423 0,026846
станут 3,218876 3,218876
правильно 2,066196 6,198589
слегка 2,708050 5,416100
специй 3,401197 3,401197
инфографикавиды 5,010635 5,010635
другое 0,013423 0,013423
добавляют 3,064725 6,129450
специи 3,218876 38,626510
поддерживаетсяполучить 0,013423 0,013423
перец 2,525729 22,731558
двух 2,014903 2,014903
дефрост 5,010635 5,010635
передержать 4,317488 4,317488
лавровый 3,401197 30,610776
отправки 0,013423 0,013423
естественной 5,010635 5,010635
подходят 4,317488 4,317488
ход 3,624341 3,624341
унитарному 0,013423 0,026846
литра 3,912023 7,824046
добавьте 2,708050 27,080502
ложкой 3,064725 6,129450
промытые 5,010635 5,010635
выберите 0,013423 0,040269
самостоятельное 5,010635 5,010635
латвийской 5,010635 5,010635
сорта 3,401197 3,401197
семечки 5,010635 5,010635
масле 3,401197 13,604790
приобретают 3,912023 3,912023
выделяются 5,010635 5,010635
градусов 2,931194 2,931194
горячей 2,708050 5,416100
масло 2,302585 6,907755
засыпьте 5,010635 5,010635
кожурой 4,317488 4,317488
защитой 0,013423 0,026846
размера 2,708050 13,540251
потребуется 2,813411 2,813411
среднем 2,931194 5,862388
остатки 3,912023 3,912023
авторизация 0,013423 0,013423
подходящая 5,010635 5,010635
логином 0,013423 0,013423
кайенский 5,010635 5,010635
форма 0,013423 0,026846
рейтинг 0,006689 0,006689
галочку 0,013423 0,013423
оранжевого 4,317488 4,317488
зелень 2,708050 2,708050
составляет 2,445686 2,445686
режиме 2,525729 2,525729
тысяч 2,238047 2,238047
способы 0,013423 0,067115
отличаться 3,912023 3,912023
жарим 5,010635 5,010635
дискуссии 0,013423 0,026846
мусора 4,317488 4,317488
августа 2,120264 2,120264
море 3,064725 3,064725
панцирем 5,010635 10,021271
унитарное 0,013423 0,013423
мясо 2,931194 2,931194
распределения 5,010635 10,021271
мультиварке 3,912023 15,648092
слейте 5,010635 5,010635
биятов 4,317488 4,317488
форму 0,013423 0,134230
тема 0,013423 0,040269
варятся 5,010635 20,042541
извлеките 5,010635 5,010635
рекомендательных 0,013423 0,013423
около 2,177422 4,354844
оставьте 4,317488 4,317488
данная 0,013423 0,013423
проставляя 0,013423 0,013423
заполнения 0,013423 0,093961
варю 5,010635 5,010635
россиян 1,919593 1,919593
кг 3,064725 6,129450
службе 0,013423 0,013423
медиабанк 1,321756 6,608779
релизов 0,013423 0,013423
ваших 0,013423 0,026846
максимум 2,931194 5,862388
заметно 5,010635 5,010635
подачей 3,218876 3,218876
отварном 5,010635 5,010635
королевские 4,317488 12,952464
готовится 3,401197 3,401197
которые 1,455287 2,910574
аромат 3,401197 3,401197
который 1,160488 1,160488
пищу 3,218876 3,218876
убрать 2,525729 7,577186
горячая 3,912023 3,912023
действительности 5,010635 5,010635
приготовлении 2,813411 8,440232
королевских 5,010635 5,010635
приготовление 1,966113 9,830564
правил 0,013423 0,040269
признаки 3,218876 16,094379
авторизоваться 0,013423 0,013423
авторизуйтесь 0,013423 0,013423
накрывайте 5,010635 25,053176
красноватый 5,010635 5,010635
расширенный 0,013423 0,013423
четверть 4,317488 12,952464
атлантике 5,010635 5,010635
жарить 3,624341 7,248682
новыесначала 0,013423 0,013423
минимального 4,317488 4,317488
сохраняет 4,317488 4,317488
несколько 1,752539 1,752539
приготовления 1,791759 30,459911
примерно 2,177422 2,177422
сервировки 5,010635 5,010635
свежие 2,708050 16,248301
корень 3,912023 11,736069
повторного 4,317488 8,634976
участие 0,006689 0,006689
архивное 1,373049 1,373049
свежий 3,401197 3,401197
опечатка 0,013423 0,013423
использовать 0,013423 0,040269
интересными 4,317488 4,317488
онлайн 0,013423 0,013423
контактов 0,013423 0,013423
шокового 5,010635 5,010635
количества 3,064725 3,064725
апреля 0,013423 0,013423
емкость 3,401197 6,802395
категория 1,875141 5,625423
поваров 3,624341 3,624341
открывшемся 3,912023 7,824046
сок 2,931194 17,587163
количество 2,238047 4,476093
биятовкреветки 5,010635 5,010635
нами 0,013423 0,093961
места 2,612740 5,225480
жарятся 4,317488 8,634976
владимир 1,373049 2,746098
сбрызгивают 5,010635 5,010635
вакансии 0,013423 0,013423
месте 2,302585 2,302585
количестве 4,317488 4,317488
нажимая 0,013423 0,013423
лаваш 5,010635 5,010635
размораживать 4,317488 4,317488
обдать 5,010635 5,010635
вами 0,013423 0,013423
недопустимое 0,013423 0,013423
деликатесов 5,010635 5,010635
подчеркнуть 3,912023 3,912023
истек 0,013423 0,013423
остается 2,931194 2,931194
предприятию 0,013423 0,026846
молока 3,218876 3,218876
внимание 0,013423 0,013423
принимать 0,013423 0,013423
огня 2,708050 2,708050
сможете 0,013423 0,013423
года 0,006689 0,006689
молоко 3,064725 12,258901
ознакомлены 0,013423 0,013423
свежей 3,401197 3,401197
селедка 3,912023 3,912023
огне 2,708050 2,708050
моих 0,013423 0,026846
очень 1,678431 6,713723
предприятие 0,013423 0,013423
касается 2,612740 2,612740
видов 3,401197 3,401197
шумовкой 5,010635 15,031906
нуждаются 4,317488 4,317488
