урале 3,218876 19,313255
законным 0,013423 0,013423
гусевой 5,010635 10,021271
рф 1,181994 4,727976
новый 0,013423 0,013423
девять 3,912023 3,912023
день 1,203973 1,203973
собралась 5,010635 5,010635
головой 4,317488 12,952464
найти 0,013423 0,013423
основанием 0,013423 0,013423
письмо 0,013423 0,013423
ответила 4,317488 4,317488
вызов 3,401197 3,401197
спасибо 0,013423 0,013423
ушибами 5,010635 5,010635
получили 2,525729 2,525729
ребенок 3,624341 3,624341
ск 2,931194 17,587163
заявил 1,427116 1,427116
согласие 0,013423 0,026846
центр 0,190354 0,190354
ушиб 5,010635 5,010635
заметили 5,010635 5,010635
статьям 5,010635 10,021271
сотрудники 3,218876 3,218876
адвоката 5,010635 5,010635
доступ 0,013423 0,026846
вынесения 3,912023 7,824046
предъявили 5,010635 5,010635
декабря 1,098612 1,098612
вернут 4,317488 4,317488
миа 0,013423 0,067115
решили 3,218876 3,218876
задать 0,013423 0,013423
теги 0,190354 0,190354
заметила 5,010635 5,010635
уголовное 3,912023 7,824046
автору 0,013423 0,013423
передали 4,317488 4,317488
связаться 0,013423 0,080538
александр 1,455287 1,455287
помощь 3,064725 3,064725
сообщил 2,445686 2,445686
исполнение 3,624341 3,624341
должны 0,013423 0,026846
словам 1,752539 3,505078
месяцев 2,708050 2,708050
г 0,013423 0,026846
лично 3,401197 3,401197
те 2,813411 2,813411
д 0,013423 0,026846
реклама 0,190354 0,190354
возила 5,010635 5,010635
фото 0,013423 0,067115
политика 0,013423 0,026846
лет 1,514128 1,514128
связь 0,006689 0,013378
грозит 2,612740 2,612740
м 2,302585 2,302585
вплоть 5,010635 5,010635
готово 0,013423 0,026846
суд 2,066196 4,132393
течение 0,013423 0,013423
знакомый 5,010635 5,010635
информационных 0,013423 0,013423
каким 3,624341 3,624341
размещения 0,013423 0,013423
похороны 5,010635 5,010635
пор 2,708050 2,708050
единоборствами 5,010635 5,010635
конфиденциальности 0,013423 0,053692
задержка 5,010635 5,010635
приехавшим 5,010635 5,010635
связи 0,013423 0,080538
освободили 3,912023 3,912023
заголовок 0,013423 0,026846
зрелом 5,010635 5,010635
продолжает 3,218876 6,437752
своей 2,177422 2,177422
приходит 5,010635 5,010635
дело 1,919593 3,839186
процесса 0,013423 0,013423
адресу 0,013423 0,026846
проблему 0,013423 0,013423
убийстве 3,401197 34,011974
пожизненного 5,010635 5,010635
деле 2,612740 20,901920
время 0,013423 0,013423
быстро 2,177422 2,177422
данных 0,013423 0,107384
странное 5,010635 5,010635
проблемы 2,238047 2,238047
поведения 3,624341 3,624341
мигранта 5,010635 5,010635
письма 0,013423 0,013423
судагусева 5,010635 5,010635
дела 3,401197 3,401197
обвинение 5,010635 5,010635
убийство 4,317488 12,952464
часов 0,013423 0,026846
соглашаетесь 0,013423 0,013423
данным 2,371578 2,371578
пенсионеркой 5,010635 5,010635
восстановления 0,013423 0,013423
ранее 0,013423 0,026846
ухаживала 5,010635 5,010635
обжалование 5,010635 5,010635
главный 0,013423 0,013423
данные 0,013423 0,013423
убила 5,010635 5,010635
причинить 5,010635 5,010635
также 1,139434 1,139434
рта 5,010635 5,010635
разблокировать 0,013423 0,040269
город 0,013423 0,013423
фотографию 0,013423 0,013423
жестокое 4,317488 4,317488
свободы 3,401197 3,401197
обращаем 0,013423 0,013423
пошла 5,010635 10,021271
соцсетях 4,317488 4,317488
отправлено 0,013423 0,013423
написать 0,013423 0,013423
новостеймолния 0,013423 0,013423
рассказывает 2,371578 4,743156
одноклассники 0,013423 0,026846
сначала 0,013423 0,013423
изменено 5,010635 5,010635
вред 2,612740 2,612740
скорую 4,317488 12,952464
показать 0,013423 0,013423
кнопку 0,013423 0,013423
коммуникаций 0,013423 0,013423
свободу 3,624341 3,624341
свердловского 5,010635 20,042541
кричать 5,010635 5,010635
пароль 0,013423 0,080538
пароля 0,013423 0,053692
приговор 3,401197 3,401197
подростков 5,010635 5,010635
однако 1,966113 5,898339
перейдите 0,013423 0,013423
сыну 5,010635 5,010635
обязанностей 3,912023 3,912023
настаивать 4,317488 4,317488
вход 0,013423 0,013423
трубку 4,317488 4,317488
продукты 0,150823 0,150823
читать 0,851752 0,851752
закрыто 0,013423 0,013423
звонить 4,317488 4,317488
сашу 5,010635 5,010635
кабинетам 5,010635 5,010635
удалено 0,013423 0,013423
сколько 0,006689 0,006689
гаврилова 0,013423 0,013423
материалов 0,013423 0,040269
могут 1,643339 4,930018
отправлена 0,013423 0,013423
медики 4,317488 8,634976
чате 0,013423 0,013423
здоровью 3,912023 3,912023
сизо 4,317488 4,317488
меру 4,317488 4,317488
квартиры 3,218876 3,218876
сына 5,010635 30,063812
гости 3,912023 3,912023
бульваре 4,317488 4,317488
расположенному 0,013423 0,026846
чату 0,013423 0,013423
саша 5,010635 15,031906
редакцией 0,013423 0,013423
угрожал 5,010635 5,010635
причинение 5,010635 5,010635
летнюю 3,912023 7,824046
всем 1,455287 1,455287
вызвал 4,317488 4,317488
сильно 2,708050 2,708050
учредитель 0,013423 0,013423
такого 2,813411 2,813411
рассмотрены 0,013423 0,013423
лишь 2,371578 4,743156
приятель 5,010635 5,010635
повесили 5,010635 5,010635
мог 3,401197 3,401197
мое 0,013423 0,026846
ссылка 0,013423 0,026846
говорит 2,014903 2,014903
ссылке 0,013423 0,013423
продолжалось 5,010635 5,010635
привлекли 2,813411 2,813411
момент 2,708050 5,416100
перетяните 0,013423 0,013423
ссылки 0,013423 0,013423
помочь 0,013423 0,013423
архив 0,190354 0,190354
различными 4,317488 4,317488
обратилась 5,010635 5,010635
ошибках 0,013423 0,013423
обязательны 0,013423 0,093961
другая 4,317488 4,317488
вынесли 3,624341 3,624341
обвиняемую 5,010635 5,010635
комитета 3,218876 3,218876
выпуска 0,013423 0,013423
списка 0,013423 0,013423
формой 0,013423 0,053692
делать 2,238047 2,238047
роскомнадзор 0,013423 0,013423
пришла 4,317488 4,317488
седьмого 5,010635 5,010635
хотел 5,010635 5,010635
руках 3,218876 19,313255
блокировался 0,013423 0,013423
изо 5,010635 5,010635
платную 5,010635 5,010635
менял 5,010635 5,010635
москва 0,006689 0,020067
воспользоваться 0,013423 0,013423
вечер 3,401197 3,401197
входа 0,013423 0,013423
сиреневом 5,010635 5,010635
боимся 5,010635 5,010635
одет 5,010635 5,010635
моё 0,013423 0,013423
содержится 3,401197 3,401197
федеральное 0,013423 0,013423
смерть 3,401197 3,401197
федеральной 0,013423 0,013423
урал 5,010635 20,042541
международное 0,013423 0,040269
миграционном 5,010635 5,010635
попросила 5,010635 10,021271
будут 0,013423 0,013423
утром 3,218876 3,218876
янгиевым 5,010635 10,021271
допросили 5,010635 5,010635
новостей 0,006689 0,006689
следователи 5,010635 5,010635
политикой 0,013423 0,040269
тому 3,064725 3,064725
вердикт 5,010635 10,021271
обработки 0,013423 0,026846
даю 0,013423 0,026846
перейти 1,203973 2,407946
сын 3,912023 11,736069
прямо 2,931194 2,931194
показал 3,401197 3,401197
находилась 5,010635 5,010635
никуда 3,624341 3,624341
обработку 0,013423 0,026846
обратной 0,013423 0,067115
скорой 3,064725 3,064725
подкасты 0,292136 0,292136
редакции 0,013423 0,026846
смерти 2,708050 2,708050
констатировали 5,010635 5,010635
обращений 0,013423 0,013423
всячески 5,010635 5,010635
губы 5,010635 5,010635
закатились 5,010635 5,010635
вызывать 3,624341 3,624341
туманный 5,010635 10,021271
обработка 0,013423 0,013423
это 0,013423 0,067115
нужна 2,813411 2,813411
этим 2,238047 2,238047
набрала 5,010635 5,010635
оправдательный 5,010635 5,010635
упал 3,912023 3,912023
нашим 3,624341 3,624341
подростка 5,010635 5,010635
описанием 0,013423 0,013423
новую 0,013423 0,013423
массовых 0,013423 0,013423
присяжные 5,010635 20,042541
детей 2,302585 2,302585
оправдали 5,010635 20,042541
пройдена 0,013423 0,013423
половину 3,912023 3,912023
янгиев 5,010635 15,031906
михаил 2,612740 7,838220
используется 0,013423 0,013423
зарегистрироваться 0,013423 0,053692
пожаловаться 0,013423 0,013423
сентября 1,514128 1,514128
вреда 4,317488 4,317488
новости 0,006689 0,086957
войти 0,013423 0,053692
электронной 0,013423 0,013423
переломом 5,010635 5,010635
екатеринбурге 3,624341 10,873023
вышла 4,317488 4,317488
пресечения 5,010635 5,010635
личности 3,401197 3,401197
укладывать 5,010635 5,010635
мире 0,274437 0,274437
диван 5,010635 5,010635
эл 0,013423 0,013423
трагедии 5,010635 5,010635
действия 0,013423 0,013423
радио 0,274437 0,274437
дзен 0,851752 0,851752
защита 0,013423 0,013423
вину 3,624341 3,624341
ребенку 4,317488 12,952464
регистрация 0,013423 0,040269
почему 0,013423 0,067115
использования 0,013423 0,013423
восстановление 0,013423 0,040269
вопросам 0,013423 0,026846
непричастности 5,010635 5,010635
жестоко 5,010635 10,021271
государственное 0,013423 0,013423
просил 5,010635 10,021271
следственный 3,624341 10,873023
светиться 5,010635 5,010635
вмешательства 4,317488 4,317488
значит 2,612740 5,225480
вконтакте 0,013423 0,026846
спецпроекты 0,190354 0,190354
просим 0,013423 0,013423
феврале 3,064725 3,064725
навсегда 0,013423 0,013423
нарушение 0,013423 0,040269
заблокирован 0,013423 0,013423
ошибку 0,013423 0,013423
защиты 0,013423 0,013423
докажут 5,010635 5,010635
вердикта 5,010635 10,021271
защитник 4,317488 4,317488
назад 0,013423 0,067115
судьбу 5,010635 5,010635
обращения 0,013423 0,026846
занимался 5,010635 5,010635
первый 2,014903 2,014903
февраля 0,616186 0,616186
следователю 5,010635 5,010635
состоянии 3,064725 3,064725
перезвонил 5,010635 5,010635
минут 1,297063 2,594126
ошибка 0,013423 0,013423
головы 5,010635 10,021271
полугода 3,912023 3,912023
вопрос 0,006689 0,013378
зубовский 0,013423 0,026846
подтверждаете 0,013423 0,013423
заполнить 0,013423 0,026846
пришел 3,401197 3,401197
умышленное 5,010635 5,010635
осуществляется 0,013423 0,013423
ваш 0,013423 0,053692
другие 0,013423 0,026846
общество 0,265703 0,265703
имя 0,013423 0,080538
прошлого 3,064725 3,064725
ставить 3,912023 3,912023
надзору 0,013423 0,013423
впечатление 4,317488 4,317488
ребенка 2,525729 22,731558
срок 0,013423 0,026846
издание 0,013423 0,013423
срочно 3,912023 3,912023
бульвар 0,013423 0,026846
событий 2,177422 2,177422
хотите 0,013423 0,013423
заполните 0,013423 0,067115
областного 5,010635 20,042541
точку 3,912023 3,912023
технологий 0,013423 0,026846
сетевое 0,013423 0,013423
вновь 0,013423 0,026846
фев 1,399717 1,399717
сменить 0,013423 0,013423
расследования 3,401197 3,401197
банда 5,010635 5,010635
полиграф 5,010635 5,010635
жестокостью 5,010635 25,053176
вечером 5,010635 10,021271
материал 0,013423 0,013423
недель 4,317488 4,317488
участвовать 0,013423 0,026846
происшествияуралследственный 5,010635 5,010635
лишения 3,401197 3,401197
сообщить 0,013423 0,013423
шамсуло 5,010635 5,010635
продуктами 4,317488 4,317488
выписали 5,010635 5,010635
успешно 0,013423 0,013423
скриншот 0,013423 0,040269
ясен 5,010635 5,010635
голове 2,931194 2,931194
пострадал 5,010635 5,010635
прокуратуры 4,317488 4,317488
районный 3,912023 3,912023
лента 0,006689 0,013378
зале 5,010635 15,031906
малолетнего 5,010635 10,021271
заблокированы 0,013423 0,013423
спорт 0,190354 0,190354
стражу 5,010635 5,010635
таки 3,912023 3,912023
сфере 0,013423 0,013423
лишний 4,317488 8,634976
матери 3,624341 7,248682
убрано 5,010635 5,010635
позвонила 5,010635 5,010635
свидетельство 0,013423 0,013423
неизвестно 3,912023 3,912023
воспитанию 5,010635 5,010635
шоковом 5,010635 5,010635
четыре 2,612740 2,612740
правила 0,013423 0,026846
направилась 5,010635 5,010635
званцев 5,010635 5,010635
взаимодействия 0,013423 0,026846
сделала 3,624341 3,624341
сохранить 0,013423 0,013423
информационное 0,013423 0,040269
комментирования 0,013423 0,026846
стала 2,813411 2,813411
доставили 4,317488 4,317488
оправдательного 5,010635 10,021271
сама 4,317488 8,634976
законодательством 3,218876 3,218876
сказал 2,612740 2,612740
пресс 0,013423 0,080538
россии 0,395515 1,977574
применения 0,013423 0,013423
федеральному 0,013423 0,026846
персональных 0,013423 0,107384
причинам 4,317488 4,317488
третий 2,931194 2,931194
произошла 0,013423 0,013423
женщина 2,813411 2,813411
отдел 5,010635 5,010635
дата 0,013423 0,013423
ваше 0,013423 0,107384
мотив 5,010635 15,031906
сайте 0,013423 0,013423
ваши 0,013423 0,013423
женщины 3,064725 3,064725
замешан 5,010635 5,010635
фио 0,013423 0,013423
восстановить 0,013423 0,013423
пожалуйста 0,013423 0,013423
женщину 5,010635 5,010635
шести 3,218876 3,218876
просто 1,714798 1,714798
селиверстова 3,218876 6,437752
ниже 0,013423 0,040269
версия 0,013423 0,026846
вопроса 0,013423 0,013423
узнать 2,302585 2,302585
спустя 2,813411 5,626821
россия 0,006689 0,066890
го 2,177422 2,177422
спать 4,317488 4,317488
поля 0,013423 0,093961
рано 3,624341 3,624341
рассказали 2,066196 2,066196
виктор 3,624341 3,624341
речи 3,912023 3,912023
версии 3,218876 9,656627
государственному 0,013423 0,026846
расправе 5,010635 5,010635
доме 3,624341 3,624341
магазина 5,010635 5,010635
регистрации 0,013423 0,026846
шамсулло 5,010635 30,063812
развели 4,317488 4,317488
ножом 3,624341 3,624341
поле 0,013423 0,013423
сайт 0,013423 0,026846
нанес 4,317488 4,317488
дома 2,238047 2,238047
глаза 3,912023 3,912023
четвертый 4,317488 4,317488
сервисы 0,190354 0,190354
зарегистрировано 0,013423 0,013423
другое 0,013423 0,013423
туризм 0,283247 0,283247
трех 2,177422 2,177422
многочисленные 3,912023 3,912023
поддерживаетсяполучить 0,013423 0,013423
адрес 0,013423 0,040269
соответствии 0,013423 0,026846
загрузите 0,013423 0,013423
небольшая 3,912023 3,912023
трем 4,317488 8,634976
сообщения 0,013423 0,053692
загрузить 0,013423 0,013423
направлении 0,013423 0,013423
замеченных 0,013423 0,013423
телефон 0,013423 0,013423
отправки 0,013423 0,013423
обжаловать 4,317488 8,634976
отвезли 5,010635 5,010635
приятное 5,010635 5,010635
иначе 2,931194 2,931194
поволжье 5,010635 5,010635
произвел 5,010635 5,010635
пока 1,919593 3,839186
наказание 3,912023 3,912023
унитарному 0,013423 0,026846
вызвала 4,317488 4,317488
факт 3,218876 3,218876
обновлено 1,003302 1,003302
сообщение 0,013423 0,134230
отрицательно 5,010635 5,010635
выберите 0,013423 0,040269
старые 0,013423 0,013423
козлов 4,317488 8,634976
попробуйте 0,013423 0,013423
умер 2,813411 16,880464
избиении 5,010635 5,010635
желанного 5,010635 5,010635
избрали 5,010635 5,010635
оба 3,218876 3,218876
материалы 1,643339 1,643339
объяснил 3,064725 3,064725
гематомы 5,010635 5,010635
предоставлено 3,624341 14,497364
единственному 5,010635 5,010635
защитой 0,013423 0,026846
статьи 0,013423 0,013423
подтвердите 0,013423 0,013423
авторизация 0,013423 0,013423
средней 2,302585 2,302585
религия 0,283247 0,283247
форма 0,013423 0,013423
логином 0,013423 0,013423
рейтинг 0,006689 0,006689
галочку 0,013423 0,013423
больницу 3,912023 11,736069
пути 2,813411 2,813411
сообщила 3,064725 6,129450
перетащите 0,013423 0,040269
материале 0,013423 0,040269
культура 0,292136 0,292136
уверяет 5,010635 15,031906
материала 0,013423 0,026846
проверили 5,010635 5,010635
происшествия 0,292136 1,168546
врачи 2,931194 2,931194
вашего 0,013423 0,013423
паролем 0,013423 0,013423
зверском 3,401197 20,407184
способы 0,013423 0,026846
зарегистрируйтесь 0,013423 0,013423
обо 0,013423 0,013423
возбудили 3,912023 3,912023
недвижимость 0,292136 0,292136
сконцентрировались 5,010635 5,010635
дискуссии 0,013423 0,026846
трехлетнего 5,010635 10,021271
редактор 0,013423 0,013423
полицейские 5,010635 5,010635
фгуп 0,499776 1,499327
суданаталья 5,010635 5,010635
унитарное 0,013423 0,013423
мальчику 5,010635 5,010635
силовикам 5,010635 5,010635
приехали 3,401197 3,401197
дней 1,832581 1,832581
домой 4,317488 4,317488
форму 0,013423 0,093961
тема 0,013423 0,040269
отправленного 0,013423 0,013423
максимальное 2,525729 2,525729
мальчика 5,010635 25,053176
сих 2,931194 2,931194
звонившая 5,010635 5,010635
связанные 0,013423 0,013423
рекомендательных 0,013423 0,013423
около 2,177422 6,532266
врачам 5,010635 5,010635
тяжести 4,317488 4,317488
судим 5,010635 5,010635
данная 0,013423 0,013423
обратная 0,013423 0,026846
обвиняли 4,317488 8,634976
риа 0,006689 0,080268
взял 3,912023 3,912023
заниматься 4,317488 4,317488
сходить 2,931194 2,931194
адвокат 3,401197 10,203592
проставляя 0,013423 0,013423
связанных 0,013423 0,013423
опишите 0,013423 0,013423
разным 3,912023 3,912023
теле 4,317488 4,317488
заполнения 0,013423 0,093961
разные 2,445686 4,891372
полезное 0,182322 0,182322
раза 3,218876 6,437752
силовиками 5,010635 5,010635
знакомого 5,010635 10,021271
квартире 3,064725 6,129450
службе 0,013423 0,013423
медиабанк 1,321756 1,321756
кухне 3,912023 3,912023
янгиева 5,010635 15,031906
релизов 0,013423 0,013423
спасти 3,218876 6,437752
ваших 0,013423 0,026846
лечение 3,912023 3,912023
совершает 4,317488 4,317488
мать 3,912023 11,736069
комитет 3,064725 12,258901
ко 2,177422 2,177422
почты 0,013423 0,013423
натальи 4,317488 4,317488
мигрант 5,010635 5,010635
кевхиев 5,010635 15,031906
находились 5,010635 5,010635
наталью 3,912023 15,648092
наталья 2,708050 24,372452
виделись 5,010635 5,010635
агентство 0,013423 0,040269
правил 0,013423 0,040269
авторизоваться 0,013423 0,013423
авторизуйтесь 0,013423 0,013423
агентства 0,013423 0,013423
сегодня 0,013423 0,107384
расширенный 0,013423 0,013423
сразу 1,832581 7,330326
ударился 5,010635 15,031906
госдумы 3,912023 3,912023
указывает 3,218876 3,218876
избила 5,010635 10,021271
новыесначала 0,013423 0,013423
депутата 4,317488 4,317488
несколько 1,752539 1,752539
ненадлежащее 5,010635 5,010635
шапка 0,013423 0,013423
место 1,832581 1,832581
отправить 0,013423 0,147653
продолжить 0,013423 0,013423
бедро 5,010635 5,010635
решение 1,791759 1,791759
решении 0,013423 0,013423
александра 2,612740 2,612740
опухшее 5,010635 5,010635
начале 2,445686 2,445686
добавляет 2,931194 5,862388
бедра 4,317488 4,317488
родила 4,317488 4,317488
истории 2,612740 2,612740
воспользуйтесь 0,013423 0,040269
начала 2,445686 2,445686
летний 3,218876 3,218876
повторного 4,317488 4,317488
комнате 5,010635 5,010635
участие 0,006689 0,006689
аккаунт 0,013423 0,053692
травмы 2,708050 5,416100
действительно 3,624341 3,624341
экономика 0,292136 0,292136
свидетеля 5,010635 5,010635
центре 3,218876 3,218876
обсуждение 0,013423 0,013423
использовать 0,013423 0,013423
опечатка 0,013423 0,013423
попал 3,624341 3,624341
познакомилась 5,010635 5,010635
блокировки 0,013423 0,013423
смогли 3,624341 3,624341
кровь 3,912023 3,912023
онлайн 0,013423 0,013423
яндиеву 5,010635 5,010635
десять 2,612740 5,225480
контактов 0,013423 0,013423
посинели 5,010635 5,010635
почта 0,013423 0,080538
гусеву 5,010635 15,031906
вызвать 3,218876 3,218876
история 1,484275 1,484275
апреля 0,013423 0,053692
фамилия 0,013423 0,013423
преступлению 5,010635 5,010635
свидетеле 5,010635 5,010635
фамилию 5,010635 5,010635
решения 2,238047 2,238047
дважды 3,912023 3,912023
довольно 3,401197 3,401197
нами 0,013423 0,093961
яндекс 0,013423 0,026846
гибели 3,624341 3,624341
отговаривал 5,010635 5,010635
удалили 0,013423 0,040269
заключение 3,624341 3,624341
гусева 4,317488 38,857393
либо 0,013423 0,013423
развитии 3,912023 3,912023
несовершеннолетнего 5,010635 5,010635
вакансии 0,013423 0,013423
непонятно 5,010635 5,010635
миграционным 5,010635 5,010635
аккаунту 0,013423 0,013423
закончена 5,010635 5,010635
мужчины 3,624341 7,248682
открываемого 0,013423 0,026846
положили 5,010635 5,010635
месте 2,302585 2,302585
произойдет 4,317488 4,317488
нажимая 0,013423 0,013423
заподозрили 5,010635 5,010635
поиск 0,013423 0,013423
вами 0,013423 0,013423
недопустимое 0,013423 0,013423
кровати 4,317488 4,317488
следственного 4,317488 4,317488
согласны 0,013423 0,040269
истек 0,013423 0,013423
нанесла 5,010635 5,010635
возрасте 2,931194 2,931194
расследовали 5,010635 5,010635
причастность 5,010635 5,010635
предприятию 0,013423 0,026846
рекламы 0,013423 0,013423
внимание 0,013423 0,013423
принимать 0,013423 0,013423
сможете 0,013423 0,013423
суде 3,218876 3,218876
медиабанкавтомобиль 5,010635 5,010635
закричал 5,010635 5,010635
года 0,006689 0,013378
заключения 3,401197 3,401197
суда 2,708050 13,540251
службой 5,010635 20,042541
днях 3,912023 3,912023
заявили 3,218876 3,218876
ознакомлены 0,013423 0,013423
травма 5,010635 10,021271
накормлен 5,010635 5,010635
попала 5,010635 5,010635
верила 5,010635 5,010635
особой 3,912023 19,560115
моих 0,013423 0,026846
очень 1,678431 3,356862
этапировали 5,010635 5,010635
предприятие 0,013423 0,013423
наука 0,292136 0,292136
обсуждения 0,013423 0,013423
якобы 3,624341 3,624341
вечера 3,624341 3,624341
блокировкой 0,013423 0,040269
гостил 5,010635 5,010635
