выиграв 5,010635 10,021271
законным 0,013423 0,013423
новый 0,013423 0,013423
результатом 5,010635 5,010635
рпл 2,371578 2,371578
найти 0,013423 0,013423
основанием 0,013423 0,013423
письмо 0,013423 0,013423
спасибо 0,013423 0,013423
чемпионатах 5,010635 5,010635
стал 2,120264 2,120264
теннис 2,525729 5,051457
выиграл 4,317488 30,222417
апл 2,612740 2,612740
фигурное 2,371578 2,371578
согласие 0,013423 0,026846
милане 3,912023 3,912023
центр 0,190354 0,951769
доступ 0,013423 0,026846
миа 0,013423 0,093961
задать 0,013423 0,013423
теги 0,190354 0,190354
полный 2,612740 2,612740
автору 0,013423 0,013423
связаться 0,013423 0,080538
должны 0,013423 0,026846
г 0,013423 0,026846
д 0,013423 0,040269
реклама 0,190354 0,190354
фото 0,013423 0,013423
политика 0,013423 0,013423
связь 0,006689 0,013378
й 2,014903 2,014903
неся 5,010635 5,010635
альпинизм 4,317488 21,587441
готово 0,013423 0,026846
течение 0,013423 0,013423
авто 2,238047 2,238047
коль 5,010635 5,010635
подниматься 5,010635 5,010635
информационных 0,013423 0,013423
размещения 0,013423 0,013423
сочи 2,238047 2,238047
футбол 2,445686 12,228430
конфиденциальности 0,013423 0,053692
связи 0,013423 0,080538
заголовок 0,013423 0,026846
процесса 0,013423 0,013423
адресу 0,013423 0,026846
проблему 0,013423 0,013423
црвена 2,612740 2,612740
время 0,013423 0,013423
данных 0,013423 0,107384
единственный 3,401197 3,401197
письма 0,013423 0,013423
часов 0,013423 0,026846
соглашаетесь 0,013423 0,013423
ранее 0,013423 0,013423
восстановления 0,013423 0,013423
главный 0,013423 0,013423
данные 0,013423 0,013423
разблокировать 0,013423 0,040269
город 0,013423 0,013423
фотографию 0,013423 0,013423
обращаем 0,013423 0,013423
отправлено 0,013423 0,013423
написать 0,013423 0,013423
новостеймолния 0,013423 0,013423
россиянин 3,401197 20,407184
одноклассники 0,013423 0,026846
сначала 0,013423 0,013423
первую 2,238047 4,476093
показать 0,013423 0,013423
кнопку 0,013423 0,013423
коммуникаций 0,013423 0,013423
статусе 3,912023 3,912023
олимпийские 2,931194 14,655969
счету 4,317488 4,317488
пароль 0,013423 0,080538
пароля 0,013423 0,053692
олимпийским 5,010635 5,010635
перейдите 0,013423 0,013423
филиппов 2,525729 42,937387
вход 0,013423 0,013423
соревнованиях 3,624341 3,624341
продукты 0,150823 0,150823
читать 0,851752 0,851752
закрыто 0,013423 0,013423
игр 3,064725 6,129450
удалено 0,013423 0,013423
ориоль 4,317488 4,317488
сколько 0,006689 0,006689
гаврилова 0,013423 0,013423
материалов 0,013423 0,040269
победы 2,931194 2,931194
отправлена 0,013423 0,013423
италии 2,525729 10,102915
чате 0,013423 0,013423
расположенному 0,013423 0,026846
чату 0,013423 0,013423
редакцией 0,013423 0,013423
представлен 3,624341 3,624341
этапе 4,317488 4,317488
дисциплине 4,317488 4,317488
всем 1,455287 1,455287
дисциплины 4,317488 4,317488
биатлон 2,525729 2,525729
олимпийских 4,317488 8,634976
учредитель 0,013423 0,013423
рассмотрены 0,013423 0,013423
минуты 2,931194 2,931194
беговых 5,010635 5,010635
мое 0,013423 0,026846
сочетает 3,218876 3,218876
ссылка 0,013423 0,026846
ссылке 0,013423 0,013423
бежать 3,912023 3,912023
перетяните 0,013423 0,013423
ссылки 0,013423 0,013423
помочь 0,013423 0,013423
архив 0,190354 0,190354
единоборства 2,525729 2,525729
ноттингем 2,612740 2,612740
ошибках 0,013423 0,013423
обязательны 0,013423 0,093961
спринте 4,317488 12,952464
выпуска 0,013423 0,013423
списка 0,013423 0,013423
формой 0,013423 0,053692
роскомнадзор 0,013423 0,013423
продлятся 4,317488 4,317488
блокировался 0,013423 0,013423
москва 0,006689 0,026756
воспользоваться 0,013423 0,013423
входа 0,013423 0,013423
тибо 5,010635 5,010635
моё 0,013423 0,013423
федеральное 0,013423 0,013423
федеральной 0,013423 0,013423
международное 0,013423 0,040269
селтик 2,612740 2,612740
будут 0,013423 0,013423
новостей 0,006689 0,006689
политикой 0,013423 0,040269
обработки 0,013423 0,026846
даю 0,013423 0,026846
перейти 1,203973 1,203973
золото 3,624341 3,624341
обработку 0,013423 0,026846
обратной 0,013423 0,067115
редакции 0,013423 0,026846
обращений 0,013423 0,013423
обработка 0,013423 0,013423
это 0,013423 0,013423
француз 5,010635 5,010635
заключительном 5,010635 5,010635
описанием 0,013423 0,013423
новую 0,013423 0,013423
лада 2,612740 2,612740
массовых 0,013423 0,013423
завоевал 3,912023 15,648092
пройдена 0,013423 0,013423
используется 0,013423 0,013423
штутгарт 2,612740 2,612740
зарегистрироваться 0,013423 0,053692
пожаловаться 0,013423 0,013423
новости 0,006689 0,073579
войти 0,013423 0,053692
нхл 2,525729 2,525729
электронной 0,013423 0,013423
эл 0,013423 0,013423
действия 0,013423 0,013423
мира 1,791759 1,791759
дзен 0,851752 0,851752
защита 0,013423 0,013423
регистрация 0,013423 0,040269
почему 0,013423 0,013423
использования 0,013423 0,013423
восстановление 0,013423 0,040269
вопросам 0,013423 0,026846
государственное 0,013423 0,013423
призером 4,317488 4,317488
завершен 2,525729 2,525729
программе 2,813411 2,813411
вконтакте 0,013423 0,026846
спецпроекты 0,190354 0,190354
затем 1,791759 1,791759
просим 0,013423 0,013423
вверх 3,912023 3,912023
навсегда 0,013423 0,013423
нарушение 0,013423 0,040269
заблокирован 0,013423 0,013423
ошибку 0,013423 0,013423
защиты 0,013423 0,013423
назад 0,013423 0,067115
обращения 0,013423 0,026846
игры 1,791759 8,958797
поехал 5,010635 5,010635
февраля 0,616186 1,232372
ошибка 0,013423 0,013423
вопрос 0,006689 0,006689
зубовский 0,013423 0,026846
подтверждаете 0,013423 0,013423
заполнить 0,013423 0,026846
альпинизмзимние 5,010635 5,010635
осуществляется 0,013423 0,013423
ваш 0,013423 0,053692
имя 0,013423 0,067115
другие 0,013423 0,026846
главное 1,752539 1,752539
надзору 0,013423 0,013423
срок 0,013423 0,026846
издание 0,013423 0,013423
летнего 3,218876 3,218876
бульвар 0,013423 0,026846
бундеслига 2,612740 2,612740
хотите 0,013423 0,013423
заполните 0,013423 0,067115
технологий 0,013423 0,026846
кортина 3,912023 3,912023
сетевое 0,013423 0,013423
вновь 0,013423 0,013423
фев 1,399717 1,399717
сменить 0,013423 0,013423
материал 0,013423 0,013423
участвовать 0,013423 0,026846
лилль 2,612740 2,612740
сообщить 0,013423 0,013423
успешно 0,013423 0,013423
скриншот 0,013423 0,040269
лента 0,006689 0,013378
ак 2,612740 2,612740
нейтральных 5,010635 5,010635
заблокированы 0,013423 0,013423
спорт 0,190354 1,522830
сфере 0,013423 0,013423
перерыв 2,525729 2,525729
свидетельство 0,013423 0,013423
правила 0,013423 0,026846
взаимодействия 0,013423 0,026846
бронзовым 5,010635 5,010635
сохранить 0,013423 0,013423
информационное 0,013423 0,040269
зимние 2,813411 8,440232
комментирования 0,013423 0,026846
зож 2,302585 2,302585
кхл 2,525729 2,525729
пресс 0,013423 0,026846
россии 0,395515 1,977574
применения 0,013423 0,013423
результатам 2,445686 2,445686
федеральному 0,013423 0,026846
филиппова 4,317488 4,317488
персональных 0,013423 0,107384
произошла 0,013423 0,013423
дата 0,013423 0,013423
ваше 0,013423 0,107384
сайте 0,013423 0,013423
впервые 2,238047 2,238047
ваши 0,013423 0,013423
гору 3,912023 3,912023
скатываться 5,010635 5,010635
кардона 5,010635 5,010635
фио 0,013423 0,013423
восстановить 0,013423 0,013423
пожалуйста 0,013423 0,013423
российский 2,813411 5,626821
выиграть 4,317488 4,317488
январе 5,010635 5,010635
ниже 0,013423 0,040269
версия 0,013423 0,013423
вопроса 0,013423 0,013423
россия 0,006689 0,080268
поля 0,013423 0,093961
европы 2,238047 2,238047
государственному 0,013423 0,026846
регистрации 0,013423 0,026846
поле 0,013423 0,013423
сайт 0,013423 0,026846
сервисы 0,190354 0,190354
зарегистрировано 0,013423 0,013423
другое 0,013423 0,013423
представитель 3,401197 3,401197
поддерживаетсяполучить 0,013423 0,013423
адрес 0,013423 0,040269
соответствии 0,013423 0,026846
загрузите 0,013423 0,013423
сообщения 0,013423 0,053692
загрузить 0,013423 0,013423
спортсмены 5,010635 5,010635
направлении 0,013423 0,013423
замеченных 0,013423 0,013423
телефон 0,013423 0,013423
отправки 0,013423 0,013423
унитарному 0,013423 0,026846
кубка 3,912023 3,912023
паок 2,612740 2,612740
обновлено 1,003302 1,003302
сообщение 0,013423 0,134230
атлетов 5,010635 5,010635
принимают 3,401197 3,401197
выберите 0,013423 0,040269
старые 0,013423 0,013423
сет 2,612740 2,612740
попробуйте 0,013423 0,013423
мото 2,525729 2,525729
евролига 2,612740 2,612740
секунды 5,010635 5,010635
лыж 5,010635 5,010635
защитой 0,013423 0,026846
статьи 0,013423 0,013423
фенербахче 2,612740 2,612740
подтвердите 0,013423 0,013423
авторизация 0,013423 0,013423
форма 0,013423 0,013423
логином 0,013423 0,013423
сельта 2,612740 2,612740
битвой 4,317488 4,317488
рейтинг 0,006689 0,006689
галочку 0,013423 0,013423
медаль 2,813411 5,626821
контакты 2,120264 2,120264
перетащите 0,013423 0,040269
материале 0,013423 0,026846
материала 0,013423 0,026846
никита 3,912023 54,768322
вашего 0,013423 0,013423
паролем 0,013423 0,013423
ампеццо 3,912023 3,912023
альпинист 3,064725 15,323626
способы 0,013423 0,026846
лыжах 3,912023 3,912023
зарегистрируйтесь 0,013423 0,013423
обо 0,013423 0,013423
петросян 3,624341 3,624341
дискуссии 0,013423 0,026846
редактор 0,013423 0,013423
фгуп 0,499776 2,498879
нба 2,612740 2,612740
унитарное 0,013423 0,013423
сил 2,525729 2,525729
форму 0,013423 0,093961
тема 0,013423 0,040269
хачанов 2,612740 2,612740
хоккей 2,238047 6,714140
отправленного 0,013423 0,013423
связанные 0,013423 0,013423
рекомендательных 0,013423 0,013423
данная 0,013423 0,013423
обратная 0,013423 0,026846
риа 0,006689 0,066890
третьим 3,624341 3,624341
серия 2,525729 2,525729
ски 3,064725 52,100327
проставляя 0,013423 0,013423
связанных 0,013423 0,013423
опишите 0,013423 0,013423
горных 5,010635 5,010635
заполнения 0,013423 0,093961
россиян 1,919593 1,919593
полезное 0,182322 0,182322
службе 0,013423 0,013423
релизов 0,013423 0,013423
ваших 0,013423 0,026846
ансельме 5,010635 5,010635
ко 2,177422 2,177422
матч 2,238047 8,952186
почты 0,013423 0,013423
снаряжение 5,010635 5,010635
ла 2,612740 2,612740
агентство 0,013423 0,040269
серебро 4,317488 47,492369
динамо 2,238047 2,238047
правил 0,013423 0,040269
становился 5,010635 5,010635
авторизоваться 0,013423 0,013423
авторизуйтесь 0,013423 0,013423
расклад 4,317488 4,317488
олимпийской 3,912023 3,912023
агентства 0,013423 0,013423
сегодня 0,013423 0,134230
расширенный 0,013423 0,013423
агентстве 2,525729 2,525729
вниз 4,317488 4,317488
новыесначала 0,013423 0,013423
лестнице 5,010635 5,010635
шапка 0,013423 0,013423
отправить 0,013423 0,147653
продолжить 0,013423 0,013423
чемпионом 4,317488 4,317488
решении 0,013423 0,013423
лига 2,371578 9,486312
воспользуйтесь 0,013423 0,040269
участие 0,006689 0,013378
аккаунт 0,013423 0,053692
олимпиада 3,912023 3,912023
обсуждение 0,013423 0,013423
использовать 0,013423 0,013423
опечатка 0,013423 0,013423
барс 2,612740 2,612740
календарь 2,177422 2,177422
блокировки 0,013423 0,013423
онлайн 0,013423 0,013423
контактов 0,013423 0,013423
почта 0,013423 0,080538
альпинизма 5,010635 5,010635
апреля 0,013423 0,013423
олимпиады 3,218876 32,188758
фамилия 0,013423 0,013423
звезда 2,612740 2,612740
дважды 3,912023 3,912023
альпинизме 4,317488 25,904929
испанец 5,010635 5,010635
нами 0,013423 0,093961
яндекс 0,013423 0,026846
удалили 0,013423 0,040269
либо 0,013423 0,013423
вакансии 0,013423 0,013423
аккаунту 0,013423 0,013423
открываемого 0,013423 0,026846
нажимая 0,013423 0,013423
финишировал 5,010635 10,021271
поиск 0,013423 0,013423
вами 0,013423 0,013423
недопустимое 0,013423 0,013423
элементы 4,317488 4,317488
этапах 5,010635 5,010635
согласны 0,013423 0,040269
истек 0,013423 0,013423
катание 2,302585 2,302585
предприятию 0,013423 0,026846
рекламы 0,013423 0,013423
внимание 0,013423 0,013423
принимать 0,013423 0,013423
алькарас 2,612740 2,612740
сможете 0,013423 0,013423
года 0,006689 0,006689
ознакомлены 0,013423 0,013423
моих 0,013423 0,026846
предприятие 0,013423 0,013423
форрест 2,612740 2,612740
чемпионов 2,612740 2,612740
обсуждения 0,013423 0,013423
блокировкой 0,013423 0,040269
