приобретет 3,624341 7,248682
законным 0,013423 0,013423
новый 0,013423 0,013423
маслом 2,708050 5,416100
найти 0,013423 0,013423
основанием 0,013423 0,013423
письмо 0,013423 0,013423
спасибо 0,013423 0,013423
целое 5,010635 10,021271
филипповаджапсандали 5,010635 5,010635
согласие 0,013423 0,026846
доступ 0,013423 0,026846
кастрюле 3,064725 6,129450
миа 0,013423 0,040269
ароматом 3,401197 6,802395
задать 0,013423 0,013423
автору 0,013423 0,013423
одно 2,371578 4,743156
связаться 0,013423 0,080538
должны 0,013423 0,013423
углеводы 2,445686 2,445686
г 0,013423 0,067115
сладкий 3,401197 10,203592
д 0,013423 0,026846
фото 0,013423 0,013423
политика 0,013423 0,013423
связь 0,006689 0,013378
готово 0,013423 0,026846
кастрюлю 2,445686 4,891372
течение 0,013423 0,013423
репчатый 3,064725 6,129450
ч 2,612740 2,612740
информационных 0,013423 0,013423
размещения 0,013423 0,013423
овоща 3,912023 7,824046
сочность 3,624341 7,248682
конфиденциальности 0,013423 0,053692
связи 0,013423 0,080538
заголовок 0,013423 0,026846
овощи 2,708050 5,416100
шаг 1,875141 18,751411
процесса 0,013423 0,013423
готовки 1,919593 1,919593
адресу 0,013423 0,026846
получается 3,064725 3,064725
проблему 0,013423 0,013423
рецепты 1,139434 2,278869
классический 2,014903 4,029806
время 0,013423 0,053692
снизит 4,317488 8,634976
данных 0,013423 0,107384
письма 0,013423 0,013423
часов 0,013423 0,053692
соглашаетесь 0,013423 0,013423
ранее 0,013423 0,013423
восстановления 0,013423 0,013423
главный 0,013423 0,013423
данные 0,013423 0,013423
разблокировать 0,013423 0,040269
город 0,013423 0,013423
завершает 4,317488 8,634976
фотографию 0,013423 0,013423
обращаем 0,013423 0,013423
отправлено 0,013423 0,013423
написать 0,013423 0,013423
новостеймолния 0,013423 0,013423
кавказская 5,010635 10,021271
одноклассники 0,013423 0,026846
сначала 0,013423 0,013423
базилик 3,401197 13,604790
петрушку 3,401197 6,802395
очистите 3,401197 6,802395
показать 0,013423 0,013423
кнопку 0,013423 0,013423
коммуникаций 0,013423 0,013423
вкусом 2,931194 5,862388
пароль 0,013423 0,080538
пароля 0,013423 0,053692
филиппов 2,525729 2,525729
перейдите 0,013423 0,013423
калорийность 2,120264 2,120264
вход 0,013423 0,013423
закрыто 0,013423 0,013423
горечь 4,317488 8,634976
удалено 0,013423 0,013423
ккал 2,302585 2,302585
сколько 0,006689 0,006689
гаврилова 0,013423 0,013423
материалов 0,013423 0,040269
отправлена 0,013423 0,013423
холодильнике 2,813411 5,626821
чате 0,013423 0,013423
традиционное 3,401197 6,802395
обжаренные 3,912023 7,824046
кожуры 3,064725 6,129450
цвета 2,445686 4,891372
расположенному 0,013423 0,026846
чату 0,013423 0,013423
редакцией 0,013423 0,013423
смесь 2,445686 4,891372
богатым 5,010635 10,021271
учредитель 0,013423 0,013423
болгарский 3,624341 7,248682
рассмотрены 0,013423 0,013423
обжаренным 5,010635 10,021271
мое 0,013423 0,026846
ссылка 0,013423 0,026846
ссылке 0,013423 0,013423
основу 3,401197 13,604790
перетяните 0,013423 0,013423
ссылки 0,013423 0,013423
помочь 0,013423 0,013423
ошибках 0,013423 0,013423
обязательны 0,013423 0,093961
золотистый 3,912023 7,824046
шт 2,238047 26,856559
смеси 3,401197 6,802395
выпуска 0,013423 0,013423
списка 0,013423 0,013423
формой 0,013423 0,053692
роскомнадзор 0,013423 0,013423
блокировался 0,013423 0,013423
москва 0,006689 0,020067
воспользоваться 0,013423 0,013423
входа 0,013423 0,013423
моё 0,013423 0,013423
белки 2,371578 2,371578
федеральное 0,013423 0,013423
федеральной 0,013423 0,013423
международное 0,013423 0,040269
будут 0,013423 0,013423
новостей 0,006689 0,006689
которое 2,302585 4,605170
политикой 0,013423 0,040269
обработки 0,013423 0,026846
даю 0,013423 0,026846
вкусу 2,066196 8,264785
обработку 0,013423 0,026846
обратной 0,013423 0,067115
луку 4,317488 8,634976
редакции 0,013423 0,026846
порции 2,445686 2,445686
обращений 0,013423 0,013423
вкуса 2,445686 4,891372
обработка 0,013423 0,013423
это 0,013423 0,174499
настоящего 3,912023 11,736069
насыщенным 3,624341 7,248682
описанием 0,013423 0,013423
новую 0,013423 0,013423
массовых 0,013423 0,013423
пройдена 0,013423 0,013423
петрушка 3,064725 6,129450
используется 0,013423 0,013423
зарегистрироваться 0,013423 0,053692
пожаловаться 0,013423 0,013423
новости 0,006689 0,046823
войти 0,013423 0,053692
вкусы 4,317488 8,634976
электронной 0,013423 0,013423
потемнели 5,010635 10,021271
насыщенность 3,401197 6,802395
эл 0,013423 0,013423
действия 0,013423 0,013423
защита 0,013423 0,013423
регистрация 0,013423 0,040269
почему 0,013423 0,013423
использования 0,013423 0,013423
невероятно 5,010635 5,010635
восстановление 0,013423 0,040269
баклажаны 5,010635 45,095718
вопросам 0,013423 0,026846
государственное 0,013423 0,013423
красный 3,401197 13,604790
аромата 3,624341 7,248682
овощную 4,317488 8,634976
вконтакте 0,013423 0,026846
пластинами 5,010635 10,021271
просим 0,013423 0,013423
подсолнечным 4,317488 8,634976
навсегда 0,013423 0,013423
нарушение 0,013423 0,040269
заблокирован 0,013423 0,013423
смешаются 5,010635 10,021271
соль 2,120264 4,240527
ошибку 0,013423 0,013423
защиты 0,013423 0,013423
назад 0,013423 0,067115
обращения 0,013423 0,026846
полукольцами 3,624341 7,248682
лук 2,302585 9,210340
минут 1,297063 5,188253
ошибка 0,013423 0,013423
вопрос 0,006689 0,006689
вашему 2,931194 5,862388
зубовский 0,013423 0,026846
подтверждаете 0,013423 0,013423
заполнить 0,013423 0,026846
осуществляется 0,013423 0,013423
ваш 0,013423 0,053692
имя 0,013423 0,067115
другие 0,013423 0,026846
надзору 0,013423 0,013423
блюдо 2,014903 10,074515
срок 0,013423 0,026846
издание 0,013423 0,013423
бульвар 0,013423 0,026846
хотите 0,013423 0,013423
заполните 0,013423 0,067115
технологий 0,013423 0,026846
сетевое 0,013423 0,013423
блюда 2,177422 8,709688
составляют 5,010635 10,021271
вновь 0,013423 0,013423
сменить 0,013423 0,013423
материал 0,013423 0,013423
участвовать 0,013423 0,026846
сообщить 0,013423 0,013423
блюду 3,912023 7,824046
успешно 0,013423 0,013423
скриншот 0,013423 0,040269
лента 0,006689 0,013378
подсолнечное 3,912023 7,824046
подсолнечном 5,010635 10,021271
заблокированы 0,013423 0,013423
сфере 0,013423 0,013423
добавит 3,624341 7,248682
свидетельство 0,013423 0,013423
правила 0,013423 0,026846
взаимодействия 0,013423 0,026846
сохранить 0,013423 0,013423
информационное 0,013423 0,040269
грузинской 3,064725 6,129450
комментирования 0,013423 0,026846
грузинское 5,010635 10,021271
основное 2,931194 5,862388
пресс 0,013423 0,013423
укроп 2,612740 10,450960
применения 0,013423 0,013423
федеральному 0,013423 0,026846
отложите 5,010635 10,021271
персональных 0,013423 0,107384
произошла 0,013423 0,013423
золотистого 3,624341 7,248682
ценность 2,302585 2,302585
кинза 4,317488 8,634976
дата 0,013423 0,013423
ваше 0,013423 0,107384
сочным 3,912023 3,912023
сайте 0,013423 0,013423
ваши 0,013423 0,013423
пикантности 3,912023 7,824046
цвет 2,931194 5,862388
фио 0,013423 0,013423
восстановить 0,013423 0,013423
пожалуйста 0,013423 0,013423
продолжайте 4,317488 8,634976
кинзу 4,317488 8,634976
кусочки 2,931194 5,862388
ниже 0,013423 0,040269
версия 0,013423 0,013423
вопроса 0,013423 0,013423
россия 0,006689 0,053512
обеспечит 4,317488 8,634976
поля 0,013423 0,093961
аккуратно 2,813411 5,626821
государственному 0,013423 0,026846
овощного 5,010635 10,021271
регистрации 0,013423 0,026846
овощам 4,317488 8,634976
отправьте 4,317488 8,634976
поле 0,013423 0,013423
сайт 0,013423 0,026846
станут 3,218876 6,437752
зарегистрировано 0,013423 0,013423
другое 0,013423 0,013423
поддерживаетсяполучить 0,013423 0,013423
адрес 0,013423 0,040269
перец 2,525729 12,628643
соответствии 0,013423 0,026846
загрузите 0,013423 0,013423
сообщения 0,013423 0,053692
существующей 5,010635 10,021271
загрузить 0,013423 0,013423
направлении 0,013423 0,013423
замеченных 0,013423 0,013423
телефон 0,013423 0,013423
отправки 0,013423 0,013423
обжарьте 4,317488 17,269952
пока 1,919593 3,839186
унитарному 0,013423 0,026846
добавьте 2,708050 21,664402
сообщение 0,013423 0,134230
выберите 0,013423 0,040269
старые 0,013423 0,013423
особую 3,218876 6,437752
попробуйте 0,013423 0,013423
масле 3,401197 6,802395
привлекает 4,317488 8,634976
помидоры 3,064725 15,323626
масло 2,302585 4,605170
чему 4,317488 4,317488
защитой 0,013423 0,026846
статьи 0,013423 0,013423
среднем 2,931194 5,862388
подтвердите 0,013423 0,013423
авторизация 0,013423 0,013423
форма 0,013423 0,013423
логином 0,013423 0,013423
рейтинг 0,006689 0,006689
галочку 0,013423 0,013423
зелень 2,708050 10,832201
перетащите 0,013423 0,040269
материале 0,013423 0,026846
тушить 4,317488 8,634976
материала 0,013423 0,026846
вашего 0,013423 0,040269
паролем 0,013423 0,013423
аджапсандали 4,317488 43,174881
толщиной 3,624341 7,248682
овощной 2,931194 5,862388
способы 0,013423 0,026846
зарегистрируйтесь 0,013423 0,013423
обо 0,013423 0,013423
мелко 2,525729 10,102915
дискуссии 0,013423 0,026846
рецептырецепты 1,875141 1,875141
редактор 0,013423 0,013423
фгуп 0,499776 0,499776
грузинского 4,317488 12,952464
унитарное 0,013423 0,013423
придаст 3,218876 6,437752
форму 0,013423 0,093961
тема 0,013423 0,040269
отправленного 0,013423 0,013423
нарежьте 3,064725 36,776702
связанные 0,013423 0,013423
рекомендательных 0,013423 0,013423
оставьте 4,317488 8,634976
данная 0,013423 0,013423
следите 4,317488 8,634976
обратная 0,013423 0,026846
риа 0,006689 0,046823
проставляя 0,013423 0,013423
связанных 0,013423 0,013423
опишите 0,013423 0,013423
заполнения 0,013423 0,093961
кухни 1,832581 3,665163
кг 3,064725 18,388351
службе 0,013423 0,013423
релизов 0,013423 0,013423
ваших 0,013423 0,026846
кухня 1,832581 1,832581
почты 0,013423 0,013423
посолите 3,912023 15,648092
агентство 0,013423 0,040269
приготовление 1,966113 5,898339
правил 0,013423 0,040269
мар 2,931194 2,931194
авторизоваться 0,013423 0,013423
авторизуйтесь 0,013423 0,013423
агентства 0,013423 0,013423
сегодня 0,013423 0,080538
расширенный 0,013423 0,013423
чеснок 2,931194 17,587163
новыесначала 0,013423 0,013423
несколько 1,752539 3,505078
мм 5,010635 10,021271
шапка 0,013423 0,013423
примерно 2,177422 4,354844
отправить 0,013423 0,147653
продолжить 0,013423 0,013423
решении 0,013423 0,013423
насыщенными 5,010635 10,021271
свежие 2,708050 5,416100
благодаря 2,302585 2,302585
воспользуйтесь 0,013423 0,040269
участие 0,006689 0,006689
аккаунт 0,013423 0,053692
обсуждение 0,013423 0,013423
использовать 0,013423 0,013423
опечатка 0,013423 0,013423
блокировки 0,013423 0,013423
онлайн 0,013423 0,013423
рагу 5,010635 20,042541
контактов 0,013423 0,013423
почта 0,013423 0,080538
небольшие 3,401197 6,802395
рецепт 1,544899 4,634698
апреля 0,013423 0,013423
фамилия 0,013423 0,013423
категория 1,875141 1,875141
питательным 5,010635 5,010635
нами 0,013423 0,093961
яндекс 0,013423 0,026846
удалили 0,013423 0,040269
либо 0,013423 0,013423
жиры 2,371578 2,371578
вакансии 0,013423 0,013423
аккаунту 0,013423 0,013423
открываемого 0,013423 0,026846
нажимая 0,013423 0,013423
поиск 0,013423 0,013423
вами 0,013423 0,013423
недопустимое 0,013423 0,013423
согласны 0,013423 0,040269
истек 0,013423 0,013423
предприятию 0,013423 0,026846
рекламы 0,013423 0,013423
внимание 0,013423 0,013423
принимать 0,013423 0,013423
алексей 1,966113 3,932226
сможете 0,013423 0,013423
года 0,006689 0,006689
объединяя 5,010635 10,021271
пищевая 2,371578 2,371578
ознакомлены 0,013423 0,013423
ингредиенты 1,919593 5,758779
легкой 3,401197 6,802395
огне 2,708050 5,416100
моих 0,013423 0,026846
предприятие 0,013423 0,013423
перемешайте 3,218876 12,875503
своим 2,612740 5,225480
обсуждения 0,013423 0,013423
блокировкой 0,013423 0,040269
