предупредили 3,218876 3,218876
законным 0,013423 0,013423
рф 1,181994 1,181994
новый 0,013423 0,013423
покрасить 2,813411 11,253643
найти 0,013423 0,013423
основанием 0,013423 0,013423
письмо 0,013423 0,013423
спасибо 0,013423 0,013423
стал 2,120264 2,120264
согласие 0,013423 0,026846
центр 0,190354 0,190354
доступ 0,013423 0,026846
миа 0,013423 0,026846
задать 0,013423 0,013423
теги 0,190354 0,190354
автору 0,013423 0,013423
народные 3,401197 6,802395
связаться 0,013423 0,080538
должны 0,013423 0,013423
иисус 3,218876 3,218876
г 0,013423 0,026846
д 0,013423 0,026846
реклама 0,190354 0,190354
фото 0,013423 0,013423
политика 0,013423 0,026846
связь 0,006689 0,013378
уникальна 3,624341 7,248682
готово 0,013423 0,026846
течение 0,013423 0,013423
область 1,714798 1,714798
обойдется 3,912023 3,912023
информационных 0,013423 0,013423
размещения 0,013423 0,013423
конфиденциальности 0,013423 0,053692
связи 0,013423 0,080538
предостерегли 4,317488 4,317488
заголовок 0,013423 0,026846
пасхальное 3,624341 7,248682
пасхальной 3,401197 10,203592
процесса 0,013423 0,013423
адресу 0,013423 0,026846
проблему 0,013423 0,013423
регионы 2,931194 2,931194
рецепты 1,139434 3,418303
время 0,013423 0,026846
данных 0,013423 0,107384
письма 0,013423 0,013423
часов 0,013423 0,026846
соборе 4,317488 8,634976
соглашаетесь 0,013423 0,013423
петербурга 3,624341 3,624341
республика 2,612740 5,225480
ранее 0,013423 0,013423
восстановления 0,013423 0,013423
главный 0,013423 0,013423
данные 0,013423 0,013423
второго 2,813411 2,813411
бдение 5,010635 5,010635
сергей 1,609438 1,609438
разблокировать 0,013423 0,040269
город 0,013423 0,013423
призвал 2,813411 2,813411
фотографию 0,013423 0,013423
обращаем 0,013423 0,013423
отправлено 0,013423 0,013423
написать 0,013423 0,013423
новостеймолния 0,013423 0,013423
чувашия 5,010635 5,010635
одноклассники 0,013423 0,026846
сначала 0,013423 0,013423
показать 0,013423 0,013423
американцы 3,218876 3,218876
кнопку 0,013423 0,013423
коммуникаций 0,013423 0,013423
австралия 3,624341 7,248682
пароль 0,013423 0,080538
пароля 0,013423 0,053692
собирают 5,010635 5,010635
перейдите 0,013423 0,013423
светлое 2,931194 137,766106
скорлупой 3,912023 3,912023
вход 0,013423 0,013423
продукты 0,150823 0,150823
закрыто 0,013423 0,013423
удалено 0,013423 0,013423
дональд 2,445686 4,891372
сколько 0,006689 0,006689
гаврилова 0,013423 0,013423
материалов 0,013423 0,053692
отправлена 0,013423 0,013423
чате 0,013423 0,013423
здоровья 2,612740 2,612740
расположенному 0,013423 0,026846
чату 0,013423 0,013423
редакцией 0,013423 0,013423
всем 1,455287 1,455287
чехия 3,624341 3,624341
учредитель 0,013423 0,013423
рассмотрены 0,013423 0,013423
мое 0,013423 0,026846
ссылка 0,013423 0,026846
последние 1,098612 1,098612
инструкция 2,238047 2,238047
ссылке 0,013423 0,013423
перетяните 0,013423 0,013423
ссылки 0,013423 0,013423
помочь 0,013423 0,013423
архив 0,190354 0,190354
ошибках 0,013423 0,013423
обязательны 0,013423 0,093961
сша 1,118815 1,118815
священники 3,912023 3,912023
названы 3,624341 3,624341
выпуска 0,013423 0,013423
списка 0,013423 0,013423
формой 0,013423 0,053692
делать 2,238047 6,714140
светлая 3,624341 7,248682
роскомнадзор 0,013423 0,013423
блокировался 0,013423 0,013423
людям 3,401197 3,401197
москве 1,118815 1,118815
москва 0,006689 0,013378
воспользоваться 0,013423 0,013423
замене 4,317488 4,317488
входа 0,013423 0,013423
моё 0,013423 0,013423
федеральное 0,013423 0,013423
федеральной 0,013423 0,013423
христос 3,218876 3,218876
международное 0,013423 0,040269
пошаговая 2,238047 4,476093
будут 0,013423 0,013423
новостей 0,006689 0,006689
православная 2,612740 18,289180
надежду 2,931194 2,931194
политикой 0,013423 0,040269
суеверия 3,624341 3,624341
обработки 0,013423 0,026846
даю 0,013423 0,026846
подготовка 3,218876 3,218876
нужно 1,455287 1,455287
обработку 0,013423 0,026846
обратной 0,013423 0,067115
подкасты 0,292136 0,292136
редакции 0,013423 0,026846
обращений 0,013423 0,013423
обработка 0,013423 0,013423
это 0,013423 0,013423
описанием 0,013423 0,013423
новую 0,013423 0,013423
массовых 0,013423 0,013423
пройдена 0,013423 0,013423
используется 0,013423 0,013423
зарегистрироваться 0,013423 0,053692
пожаловаться 0,013423 0,013423
сентября 1,514128 3,028255
новости 0,006689 0,040134
войти 0,013423 0,053692
верующих 3,912023 7,824046
электронной 0,013423 0,013423
центром 5,010635 5,010635
россиянам 3,401197 3,401197
недели 2,708050 5,416100
мире 0,274437 0,823311
эл 0,013423 0,013423
действия 0,013423 0,013423
радио 0,274437 0,274437
защита 0,013423 0,013423
регистрация 0,013423 0,040269
почему 0,013423 0,040269
использования 0,013423 0,013423
восстановление 0,013423 0,040269
вопросам 0,013423 0,026846
государственное 0,013423 0,013423
ветками 3,624341 7,248682
вине 2,708050 5,416100
христово 2,708050 127,278359
вконтакте 0,013423 0,026846
седмица 3,624341 7,248682
спецпроекты 0,190354 0,190354
просим 0,013423 0,013423
навсегда 0,013423 0,013423
нарушение 0,013423 0,040269
заблокирован 0,013423 0,013423
религиозные 3,218876 6,437752
ошибку 0,013423 0,013423
защиты 0,013423 0,013423
казанском 5,010635 5,010635
путин 1,514128 3,028255
назад 0,013423 0,067115
финляндии 3,624341 3,624341
обращения 0,013423 0,026846
февраля 0,616186 0,616186
спасителя 3,401197 3,401197
лук 2,302585 2,302585
ошибка 0,013423 0,013423
значение 2,302585 2,302585
вопрос 0,006689 0,006689
святого 3,064725 3,064725
зубовский 0,013423 0,026846
подтверждаете 0,013423 0,013423
заполнить 0,013423 0,026846
петра 3,912023 3,912023
чукотка 5,010635 5,010635
пасхой 3,624341 3,624341
осуществляется 0,013423 0,013423
ваш 0,013423 0,053692
имя 0,013423 0,067115
другие 0,013423 0,026846
общество 0,265703 3,719844
духовную 4,317488 4,317488
надзору 0,013423 0,013423
срок 0,013423 0,026846
издание 0,013423 0,013423
храм 3,912023 3,912023
приметы 3,218876 6,437752
бульвар 0,013423 0,026846
хотите 0,013423 0,013423
заполните 0,013423 0,067115
воскресенье 2,931194 2,931194
технологий 0,013423 0,026846
сетевое 0,013423 0,013423
рисках 3,912023 3,912023
традиции 1,966113 15,728903
неделю 1,373049 1,373049
вновь 0,013423 0,013423
яйца 1,966113 11,796677
сменить 0,013423 0,013423
материал 0,013423 0,013423
участвовать 0,013423 0,026846
сообщить 0,013423 0,013423
красить 3,624341 3,624341
успешно 0,013423 0,013423
скриншот 0,013423 0,040269
пишут 3,624341 3,624341
лента 0,006689 0,013378
заблокированы 0,013423 0,013423
спорт 0,190354 0,190354
суть 2,525729 5,051457
сфере 0,013423 0,013423
месяц 1,297063 1,297063
церковь 2,708050 21,664402
свидетельство 0,013423 0,013423
правила 0,013423 0,026846
взаимодействия 0,013423 0,026846
жертвам 5,010635 5,010635
суеты 4,317488 4,317488
сохранить 0,013423 0,013423
высказался 2,612740 2,612740
информационное 0,013423 0,040269
богослужение 3,912023 3,912023
комментирования 0,013423 0,026846
пасхальных 3,624341 7,248682
мордовия 5,010635 5,010635
пресс 0,013423 0,026846
применения 0,013423 0,013423
алексия 5,010635 5,010635
картофель 2,708050 2,708050
федеральному 0,013423 0,026846
персональных 0,013423 0,107384
произошла 0,013423 0,013423
дата 0,013423 0,013423
ваше 0,013423 0,107384
традиционные 2,371578 4,743156
сайте 0,013423 0,013423
ваши 0,013423 0,013423
фио 0,013423 0,013423
восстановить 0,013423 0,013423
пожалуйста 0,013423 0,013423
ожидании 5,010635 5,010635
ниже 0,013423 0,040269
версия 0,013423 0,013423
вопроса 0,013423 0,013423
россия 0,006689 0,066890
поля 0,013423 0,093961
православных 3,912023 3,912023
ватикане 5,010635 5,010635
государственному 0,013423 0,026846
дарит 3,912023 3,912023
регистрации 0,013423 0,026846
алексий 5,010635 5,010635
поле 0,013423 0,013423
сайт 0,013423 0,026846
сервисы 0,190354 0,190354
зарегистрировано 0,013423 0,013423
другое 0,013423 0,013423
туризм 0,283247 0,283247
поддерживаетсяполучить 0,013423 0,013423
адрес 0,013423 0,040269
соответствии 0,013423 0,026846
началось 4,317488 4,317488
загрузите 0,013423 0,013423
сообщения 0,013423 0,053692
загрузить 0,013423 0,013423
направлении 0,013423 0,013423
замеченных 0,013423 0,013423
телефон 0,013423 0,013423
отправки 0,013423 0,013423
унитарному 0,013423 0,026846
период 1,160488 1,160488
праздник 2,525729 2,525729
празднованию 3,912023 3,912023
сообщение 0,013423 0,134230
чувашская 5,010635 5,010635
выберите 0,013423 0,040269
старые 0,013423 0,013423
палестина 2,931194 2,931194
попробуйте 0,013423 0,013423
дешевле 3,912023 3,912023
пасха 2,813411 146,297357
защитой 0,013423 0,026846
статьи 0,013423 0,013423
подтвердите 0,013423 0,013423
авторизация 0,013423 0,013423
религия 0,283247 4,815207
форма 0,013423 0,013423
логином 0,013423 0,013423
рейтинг 0,006689 0,006689
галочку 0,013423 0,013423
пасху 2,708050 18,956351
перетащите 0,013423 0,040269
материале 0,013423 0,026846
культура 0,292136 0,292136
материала 0,013423 0,026846
происшествия 0,292136 0,292136
муляжи 5,010635 5,010635
пасхе 3,064725 9,194175
пасхи 3,218876 9,656627
вашего 0,013423 0,013423
паролем 0,013423 0,013423
набор 3,624341 3,624341
способы 0,013423 0,040269
оригинальные 2,445686 4,891372
зарегистрируйтесь 0,013423 0,013423
обо 0,013423 0,013423
недвижимость 0,292136 0,292136
дискуссии 0,013423 0,026846
редактор 0,013423 0,013423
унитарное 0,013423 0,013423
христа 3,401197 3,401197
форму 0,013423 0,093961
тема 0,013423 0,040269
отправленного 0,013423 0,013423
связанные 0,013423 0,013423
рекомендательных 0,013423 0,013423
данная 0,013423 0,013423
обратная 0,013423 0,026846
риа 0,006689 0,020067
пасхальную 5,010635 5,010635
проставляя 0,013423 0,013423
связанных 0,013423 0,013423
опишите 0,013423 0,013423
заполнения 0,013423 0,093961
полезное 0,182322 0,182322
год 0,967584 0,967584
службе 0,013423 0,013423
релизов 0,013423 0,013423
ваших 0,013423 0,026846
почты 0,013423 0,013423
мая 1,832581 1,832581
трамп 1,609438 4,828314
катастроф 5,010635 5,010635
православие 3,401197 13,604790
пожертвования 5,010635 5,010635
торжеств 4,317488 4,317488
вербное 3,401197 3,401197
агентство 0,013423 0,040269
правил 0,013423 0,040269
состоялось 3,912023 3,912023
леонов 4,317488 4,317488
авторизоваться 0,013423 0,013423
авторизуйтесь 0,013423 0,013423
поздравил 2,708050 2,708050
агентства 0,013423 0,013423
сегодня 0,013423 0,080538
расширенный 0,013423 0,013423
католическая 3,218876 6,437752
сми 2,177422 2,177422
радость 4,317488 8,634976
священник 3,218876 3,218876
новыесначала 0,013423 0,013423
дефицита 5,010635 5,010635
шапка 0,013423 0,013423
праздника 2,371578 2,371578
отправить 0,013423 0,147653
продолжить 0,013423 0,013423
справки 1,875141 3,750282
решении 0,013423 0,013423
рассказал 1,347074 1,347074
яиц 3,218876 9,656627
воспользуйтесь 0,013423 0,040269
участие 0,006689 0,006689
аккаунт 0,013423 0,053692
экономика 0,292136 0,292136
обсуждение 0,013423 0,013423
использовать 0,013423 0,013423
опечатка 0,013423 0,013423
апостольская 3,624341 3,624341
пензенская 5,010635 5,010635
блокировки 0,013423 0,013423
госдуме 4,317488 4,317488
госдума 3,064725 3,064725
онлайн 0,013423 0,013423
воскресение 2,931194 137,766106
контактов 0,013423 0,013423
дарить 3,912023 3,912023
почта 0,013423 0,080538
стегают 3,624341 7,248682
история 1,484275 2,968550
апреля 0,013423 0,308729
фамилия 0,013423 0,013423
армянская 3,912023 3,912023
нами 0,013423 0,093961
яндекс 0,013423 0,026846
русская 2,177422 15,241954
удалили 0,013423 0,040269
владимир 1,373049 1,373049
либо 0,013423 0,013423
вакансии 0,013423 0,013423
праздники 1,791759 3,583519
аккаунту 0,013423 0,013423
открываемого 0,013423 0,026846
нажимая 0,013423 0,013423
поиск 0,013423 0,013423
вами 0,013423 0,013423
недопустимое 0,013423 0,013423
году 1,139434 1,139434
согласны 0,013423 0,040269
истек 0,013423 0,013423
появления 2,612740 5,225480
пасхальный 4,317488 4,317488
учатся 5,010635 5,010635
предприятию 0,013423 0,026846
рекламы 0,013423 0,013423
внимание 0,013423 0,013423
принимать 0,013423 0,013423
сможете 0,013423 0,013423
красят 3,064725 6,129450
года 0,006689 0,006689
ознакомлены 0,013423 0,013423
освященных 4,317488 4,317488
окрашивании 5,010635 5,010635
дням 3,064725 3,064725
моих 0,013423 0,026846
предприятие 0,013423 0,013423
наука 0,292136 0,292136
обсуждения 0,013423 0,013423
второй 2,445686 2,445686
блокировкой 0,013423 0,040269
