предупредили 3,218876 3,218876
законным 0,013423 0,013423
союзниками 5,010635 10,021271
новый 0,013423 0,013423
этому 2,708050 2,708050
авиабазе 5,010635 10,021271
найти 0,013423 0,013423
основанием 0,013423 0,013423
польские 4,317488 8,634976
письмо 0,013423 0,013423
спасибо 0,013423 0,013423
ждет 2,612740 2,612740
целом 3,401197 6,802395
партнеров 3,624341 7,248682
заявил 1,427116 1,427116
местным 5,010635 5,010635
согласие 0,013423 0,026846
центр 0,190354 0,190354
популистская 5,010635 10,021271
менее 2,177422 2,177422
доступ 0,013423 0,026846
продолжатся 5,010635 5,010635
польшу 4,317488 4,317488
миа 0,013423 0,093961
батальона 5,010635 10,021271
заявление 2,445686 7,337058
задать 0,013423 0,013423
теги 0,190354 0,190354
автору 0,013423 0,013423
польши 3,912023 39,120230
подчеркнул 3,401197 3,401197
ставку 4,317488 4,317488
практической 4,317488 4,317488
политической 5,010635 5,010635
связаться 0,013423 0,080538
сообщил 2,445686 2,445686
возможной 5,010635 5,010635
должны 0,013423 0,013423
частности 3,064725 6,129450
г 0,013423 0,026846
очевидно 3,624341 3,624341
д 0,013423 0,026846
реклама 0,190354 0,190354
юридические 5,010635 5,010635
фото 0,013423 0,026846
политика 0,013423 0,026846
связь 0,006689 0,013378
м 2,302585 2,302585
заявления 2,708050 2,708050
спором 5,010635 5,010635
силу 3,064725 3,064725
готово 0,013423 0,026846
ядерный 4,317488 4,317488
течение 0,013423 0,013423
исследований 3,401197 3,401197
какие 2,177422 2,177422
неприятностей 5,010635 5,010635
возможностей 3,912023 3,912023
проекту 5,010635 5,010635
информационных 0,013423 0,013423
размещения 0,013423 0,026846
конфиденциальности 0,013423 0,053692
связи 0,013423 0,080538
заголовок 0,013423 0,026846
процесса 0,013423 0,013423
адресу 0,013423 0,026846
проблему 0,013423 0,013423
уточнил 3,912023 3,912023
задумались 5,010635 10,021271
медиабанкцеремония 5,010635 5,010635
время 0,013423 0,040269
данных 0,013423 0,107384
ухудшит 5,010635 5,010635
выслуживаются 5,010635 15,031906
письма 0,013423 0,013423
часов 0,013423 0,026846
соглашаетесь 0,013423 0,013423
серьезно 3,912023 7,824046
ранее 0,013423 0,013423
восстановления 0,013423 0,013423
неопределенность 4,317488 4,317488
главный 0,013423 0,013423
данные 0,013423 0,013423
договора 3,218876 3,218876
присоединиться 5,010635 5,010635
сергей 1,609438 1,609438
рамштайн 4,317488 8,634976
разблокировать 0,013423 0,040269
город 0,013423 0,013423
фотографию 0,013423 0,013423
обращаем 0,013423 0,013423
мюнхене 4,317488 4,317488
отправлено 0,013423 0,013423
написать 0,013423 0,013423
новостеймолния 0,013423 0,013423
украине 1,427116 8,562698
ядерному 5,010635 10,021271
возглавляет 5,010635 5,010635
лучшем 5,010635 5,010635
одноклассники 0,013423 0,026846
сначала 0,013423 0,026846
заблуждение 5,010635 5,010635
поляков 3,912023 3,912023
показать 0,013423 0,013423
кнопку 0,013423 0,013423
постелила 5,010635 5,010635
коммуникаций 0,013423 0,013423
дуданатомюнхенская 5,010635 5,010635
прокомментировал 2,708050 2,708050
приветствия 5,010635 10,021271
международного 2,931194 2,931194
уклончиво 5,010635 5,010635
подписала 5,010635 5,010635
пароль 0,013423 0,080538
пароля 0,013423 0,053692
института 3,912023 3,912023
абдуллин 5,010635 5,010635
хотя 2,371578 2,371578
бурной 5,010635 5,010635
последствий 2,525729 2,525729
ближайшее 3,218876 3,218876
дуде 5,010635 5,010635
делают 2,931194 2,931194
мюнхенская 5,010635 20,042541
формально 3,624341 3,624341
однако 1,966113 1,966113
перейдите 0,013423 0,013423
успела 4,317488 4,317488
вход 0,013423 0,013423
дуда 5,010635 20,042541
продукты 0,150823 0,150823
читать 0,851752 0,851752
закрыто 0,013423 0,013423
удалено 0,013423 0,013423
размещение 3,624341 3,624341
дональд 2,445686 2,445686
атомной 3,912023 7,824046
сколько 0,006689 0,006689
гаврилова 0,013423 0,013423
материалов 0,013423 0,040269
отправлена 0,013423 0,013423
уничтожения 4,317488 4,317488
чате 0,013423 0,013423
массового 5,010635 5,010635
надеяться 5,010635 5,010635
мерц 5,010635 5,010635
обращены 5,010635 5,010635
зарубежье 5,010635 5,010635
расположенному 0,013423 0,026846
чату 0,013423 0,013423
получит 3,218876 3,218876
редакцией 0,013423 0,013423
люди 2,238047 2,238047
опроса 5,010635 5,010635
примем 5,010635 5,010635
польша 3,064725 24,517801
польше 3,912023 19,560115
учредитель 0,013423 0,013423
независимого 5,010635 5,010635
рассмотрены 0,013423 0,013423
простые 1,752539 1,752539
самолет 5,010635 5,010635
обороны 2,177422 4,354844
консультациях 5,010635 5,010635
мое 0,013423 0,026846
навроцкийанджей 5,010635 5,010635
ссылка 0,013423 0,026846
говорит 2,014903 2,014903
нужное 3,912023 3,912023
ссылке 0,013423 0,013423
практические 3,912023 3,912023
перетяните 0,013423 0,013423
ссылки 0,013423 0,013423
помочь 0,013423 0,013423
архив 0,190354 0,190354
американцев 3,401197 3,401197
части 1,966113 1,966113
помимо 2,708050 5,416100
ошибках 0,013423 0,013423
обязательны 0,013423 0,093961
сторонник 5,010635 5,010635
сша 1,118815 16,782225
говорил 5,010635 5,010635
варшаве 5,010635 25,053176
медиабанкежегодный 5,010635 5,010635
варшава 4,317488 25,904929
конвертируется 5,010635 5,010635
интересах 3,401197 3,401197
хотелось 5,010635 5,010635
выпуска 0,013423 0,013423
списка 0,013423 0,013423
формой 0,013423 0,053692
щит 5,010635 5,010635
роскомнадзор 0,013423 0,013423
конфронтационном 5,010635 5,010635
администрации 3,401197 3,401197
ближайшими 5,010635 5,010635
блокировался 0,013423 0,013423
москва 0,006689 0,020067
воспользоваться 0,013423 0,013423
надежда 3,624341 7,248682
российской 1,678431 1,678431
входа 0,013423 0,013423
батальон 5,010635 5,010635
моё 0,013423 0,013423
журналиста 5,010635 5,010635
федеральное 0,013423 0,013423
чреваты 5,010635 10,021271
федеральной 0,013423 0,013423
конференции 3,624341 3,624341
договоров 4,317488 4,317488
конфликта 2,525729 2,525729
обозначен 5,010635 5,010635
большой 2,445686 2,445686
международное 0,013423 0,040269
приступят 5,010635 5,010635
отведенный 5,010635 5,010635
уличный 5,010635 10,021271
будут 0,013423 0,013423
зрения 3,912023 3,912023
конференция 4,317488 21,587441
новостей 0,006689 0,006689
энергетики 3,218876 3,218876
сигнал 3,064725 18,388351
москвы 1,455287 1,455287
нормы 3,218876 3,218876
политикой 0,013423 0,040269
отметил 2,931194 2,931194
перспективным 5,010635 5,010635
обработки 0,013423 0,026846
даю 0,013423 0,026846
перейти 1,203973 7,223837
достаточно 2,445686 2,445686
нужно 1,455287 4,365862
системы 2,302585 2,302585
обработку 0,013423 0,026846
обратной 0,013423 0,067115
подкасты 0,292136 0,292136
редакции 0,013423 0,026846
угрозе 3,401197 3,401197
польском 4,317488 8,634976
обращений 0,013423 0,013423
собственной 3,912023 3,912023
независимости 3,912023 7,824046
наступательные 5,010635 5,010635
собственном 4,317488 8,634976
обработка 0,013423 0,013423
это 0,013423 0,053692
описанием 0,013423 0,013423
новую 0,013423 0,013423
массовых 0,013423 0,013423
дипломатическим 4,317488 4,317488
дипломатические 5,010635 5,010635
берега 5,010635 5,010635
пройдена 0,013423 0,013423
опасное 5,010635 5,010635
используется 0,013423 0,013423
зарегистрироваться 0,013423 0,053692
пожаловаться 0,013423 0,013423
новости 0,006689 0,133780
войти 0,013423 0,053692
электронной 0,013423 0,013423
инициированной 5,010635 5,010635
михаш 5,010635 5,010635
парижем 5,010635 5,010635
мире 0,274437 0,274437
каналам 5,010635 5,010635
относиться 5,010635 5,010635
эл 0,013423 0,013423
действия 0,013423 0,026846
радио 0,274437 0,274437
краткосрочной 5,010635 5,010635
дзен 0,851752 0,851752
защита 0,013423 0,013423
ответил 2,708050 2,708050
одобрили 5,010635 5,010635
регистрация 0,013423 0,040269
почему 0,013423 0,013423
использования 0,013423 0,013423
власти 2,525729 5,051457
восстановление 0,013423 0,040269
организованный 5,010635 10,021271
называемой 5,010635 5,010635
нынешней 4,317488 4,317488
вопросам 0,013423 0,026846
германия 3,064725 6,129450
государственное 0,013423 0,013423
германию 3,912023 3,912023
ими 3,624341 3,624341
эксперта 2,813411 2,813411
могли 3,624341 3,624341
значит 2,612740 2,612740
программе 2,813411 2,813411
сложившихся 5,010635 5,010635
вконтакте 0,013423 0,026846
спецпроекты 0,190354 0,190354
ждать 2,813411 2,813411
разместить 5,010635 5,010635
просим 0,013423 0,013423
примеру 3,624341 3,624341
навсегда 0,013423 0,013423
нарушение 0,013423 0,040269
заблокирован 0,013423 0,013423
ожише 5,010635 10,021271
стратегии 4,317488 4,317488
ошибку 0,013423 0,013423
защиты 0,013423 0,013423
назад 0,013423 0,067115
обращения 0,013423 0,026846
озвучить 5,010635 5,010635
февраля 0,616186 0,616186
обрести 5,010635 5,010635
ошибка 0,013423 0,013423
российскую 3,624341 3,624341
мнению 2,708050 2,708050
нашей 3,218876 3,218876
германии 3,064725 3,064725
вопрос 0,006689 0,013378
зубовский 0,013423 0,026846
подтверждаете 0,013423 0,013423
никто 2,813411 2,813411
яо 5,010635 30,063812
поскольку 2,612740 5,225480
заполнить 0,013423 0,026846
националистам 5,010635 5,010635
статус 3,064725 3,064725
аэс 3,624341 7,248682
кортунов 5,010635 20,042541
осуществляется 0,013423 0,013423
ваш 0,013423 0,053692
против 1,966113 1,966113
именно 2,066196 2,066196
имя 0,013423 0,067115
другие 0,013423 0,026846
общество 0,265703 0,265703
надзору 0,013423 0,013423
срок 0,013423 0,026846
курсе 5,010635 5,010635
угодить 5,010635 5,010635
издание 0,013423 0,013423
повысить 3,912023 3,912023
полагает 5,010635 5,010635
вопросах 5,010635 5,010635
бульвар 0,013423 0,026846
блогера 3,624341 3,624341
реакции 3,064725 6,129450
хотите 0,013423 0,013423
заполните 0,013423 0,067115
технологий 0,013423 0,026846
сетевое 0,013423 0,013423
рисках 3,912023 7,824046
вновь 0,013423 0,013423
дискуссионного 5,010635 5,010635
беседе 5,010635 5,010635
фев 1,399717 1,399717
сменить 0,013423 0,013423
популистской 5,010635 5,010635
нераспространении 5,010635 10,021271
материал 0,013423 0,013423
стоит 1,714798 3,429597
участвовать 0,013423 0,026846
точки 3,218876 3,218876
сообщить 0,013423 0,013423
располагает 4,317488 4,317488
теряют 5,010635 5,010635
нынешний 4,317488 4,317488
присоединения 5,010635 5,010635
успешно 0,013423 0,013423
скриншот 0,013423 0,040269
добавил 2,931194 2,931194
варианты 2,708050 5,416100
лента 0,006689 0,013378
политологов 5,010635 5,010635
вооружения 4,317488 4,317488
ввс 3,912023 7,824046
заблокированы 0,013423 0,013423
спорт 0,190354 0,190354
вооруженного 4,317488 4,317488
сфере 0,013423 0,013423
ряд 2,931194 2,931194
коалиции 5,010635 5,010635
прошлом 3,624341 7,248682
соломки 5,010635 5,010635
туск 5,010635 5,010635
армией 4,317488 4,317488
свидетельство 0,013423 0,013423
пристально 4,317488 4,317488
правила 0,013423 0,026846
взаимодействия 0,013423 0,026846
возможности 2,302585 2,302585
сохранить 0,013423 0,013423
вообще 2,931194 5,862388
информационное 0,013423 0,040269
комментирования 0,013423 0,026846
гражданской 2,708050 2,708050
проводимом 5,010635 5,010635
пресс 0,013423 0,026846
оружие 2,708050 21,664402
россии 0,395515 2,373089
применения 0,013423 0,013423
электората 5,010635 5,010635
оружии 5,010635 10,021271
стратегические 4,317488 4,317488
федеральному 0,013423 0,026846
персональных 0,013423 0,107384
первая 3,218876 3,218876
произошла 0,013423 0,013423
возражает 5,010635 5,010635
навроцкий 5,010635 40,085082
выступление 3,624341 3,624341
церемония 4,317488 4,317488
дата 0,013423 0,013423
ваше 0,013423 0,107384
сайте 0,013423 0,013423
неформальных 5,010635 5,010635
ваши 0,013423 0,013423
стратегических 3,624341 3,624341
фио 0,013423 0,013423
предшественник 5,010635 5,010635
восстановить 0,013423 0,013423
пожалуйста 0,013423 0,013423
президента 2,525729 7,577186
необходимо 1,791759 1,791759
тех 2,177422 2,177422
речь 3,218876 3,218876
просто 1,714798 3,429597
общеевропейской 5,010635 5,010635
ниже 0,013423 0,040269
версия 0,013423 0,013423
вопроса 0,013423 0,013423
ядерного 3,912023 11,736069
россия 0,006689 0,080268
поля 0,013423 0,093961
считает 2,813411 2,813411
свой 2,525729 2,525729
пытаются 3,912023 3,912023
свое 2,445686 2,445686
европы 2,238047 2,238047
государственному 0,013423 0,026846
канцлер 3,624341 3,624341
регистрации 0,013423 0,026846
оружия 3,912023 7,824046
европе 2,238047 2,238047
американских 3,912023 7,824046
необходимость 3,401197 3,401197
поле 0,013423 0,013423
сайт 0,013423 0,026846
американский 3,624341 3,624341
правым 5,010635 5,010635
сервисы 0,190354 0,190354
зарегистрировано 0,013423 0,013423
европу 3,064725 3,064725
другое 0,013423 0,013423
туризм 0,283247 0,283247
промышленности 3,218876 3,218876
поддерживаетсяполучить 0,013423 0,013423
адрес 0,013423 0,040269
отношения 2,525729 2,525729
соответствии 0,013423 0,026846
загрузите 0,013423 0,013423
сообщения 0,013423 0,053692
загрузить 0,013423 0,013423
скорее 3,064725 6,129450
медиабанкбатальон 5,010635 5,010635
направлении 0,013423 0,013423
замеченных 0,013423 0,013423
телефон 0,013423 0,013423
собственный 3,624341 3,624341
отправки 0,013423 0,013423
специалисты 3,064725 3,064725
пока 1,919593 1,919593
ес 2,445686 4,891372
унитарному 0,013423 0,026846
период 1,160488 1,160488
движениями 4,317488 8,634976
обновлено 1,003302 1,003302
поляки 3,912023 3,912023
поддерживает 2,525729 2,525729
сообщение 0,013423 0,134230
базой 5,010635 5,010635
навроцкого 5,010635 10,021271
выберите 0,013423 0,040269
старые 0,013423 0,013423
поясняет 2,371578 2,371578
попробуйте 0,013423 0,013423
приближают 3,218876 19,313255
планах 2,813411 5,626821
спокойно 3,624341 3,624341
расположенная 5,010635 5,010635
правительство 3,401197 3,401197
объяснил 3,064725 3,064725
анджей 5,010635 20,042541
четкие 5,010635 5,010635
путь 2,612740 2,612740
российского 2,612740 2,612740
эксперт 1,678431 3,356862
ядерном 4,317488 8,634976
четкий 3,218876 19,313255
депутат 5,010635 5,010635
договор 3,624341 3,624341
планируется 3,624341 3,624341
соседями 5,010635 5,010635
защитой 0,013423 0,026846
статьи 0,013423 0,013423
высказывания 5,010635 10,021271
отмеченная 5,010635 5,010635
ядерное 3,218876 22,532131
подтвердите 0,013423 0,013423
авторизация 0,013423 0,013423
проблемами 4,317488 8,634976
религия 0,283247 0,283247
форма 0,013423 0,013423
логином 0,013423 0,013423
рейтинг 0,006689 0,006689
галочку 0,013423 0,013423
россией 2,931194 2,931194
перетащите 0,013423 0,040269
внутреннего 5,010635 5,010635
материале 0,013423 0,053692
культура 0,292136 0,292136
включая 2,525729 5,051457
сыграть 5,010635 5,010635
материала 0,013423 0,026846
происшествия 0,292136 0,292136
вашего 0,013423 0,013423
вернулась 4,317488 4,317488
боеголовок 5,010635 10,021271
паролем 0,013423 0,013423
нато 2,612740 28,740140
ограничивающих 5,010635 5,010635
дня 1,678431 3,356862
позицию 3,624341 3,624341
способы 0,013423 0,026846
зарегистрируйтесь 0,013423 0,013423
обо 0,013423 0,013423
включающей 5,010635 5,010635
традиционно 2,612740 2,612740
недвижимость 0,292136 0,292136
временной 4,317488 4,317488
западных 4,317488 4,317488
дискуссии 0,013423 0,026846
руководством 5,010635 10,021271
редактор 0,013423 0,013423
социологического 5,010635 5,010635
фгуп 0,499776 2,498879
унитарное 0,013423 0,013423
границе 4,317488 4,317488
многонационального 5,010635 10,021271
теме 3,912023 3,912023
варшавы 5,010635 15,031906
форму 0,013423 0,093961
тема 0,013423 0,040269
предпринять 3,912023 7,824046
отправленного 0,013423 0,013423
насчет 4,317488 4,317488
следить 3,624341 3,624341
участников 2,371578 2,371578
связанные 0,013423 0,013423
рекомендательных 0,013423 0,013423
теоретически 3,624341 3,624341
данная 0,013423 0,013423
ренат 5,010635 5,010635
фрг 4,317488 12,952464
обратная 0,013423 0,026846
риа 0,006689 0,127091
исходящую 5,010635 5,010635
стрингер 3,624341 14,497364
вроде 4,317488 4,317488
проставляя 0,013423 0,013423
связанных 0,013423 0,013423
опишите 0,013423 0,013423
заполнения 0,013423 0,093961
полезное 0,182322 0,182322
инициативу 5,010635 5,010635
службе 0,013423 0,013423
совместно 4,317488 4,317488
медиабанк 1,321756 3,965268
релизов 0,013423 0,013423
популизм 5,010635 5,010635
верит 5,010635 5,010635
ваших 0,013423 0,026846
андрей 2,445686 2,445686
почты 0,013423 0,013423
которые 1,455287 1,455287
клуба 3,912023 3,912023
поэтому 2,014903 6,044709
шаги 4,317488 4,317488
собственного 5,010635 5,010635
планы 3,912023 3,912023
идет 2,445686 2,445686
агентство 0,013423 0,040269
адекватно 5,010635 5,010635
клубу 5,010635 5,010635
правил 0,013423 0,040269
перспективе 3,912023 3,912023
авторизоваться 0,013423 0,013423
авторизуйтесь 0,013423 0,013423
стране 2,813411 2,813411
агентства 0,013423 0,013423
сегодня 0,013423 0,134230
случае 1,714798 1,714798
страна 3,064725 6,129450
президент 2,238047 6,714140
расширенный 0,013423 0,013423
рассуждая 5,010635 5,010635
считают 3,064725 3,064725
указывает 3,218876 3,218876
страны 2,014903 2,014903
американской 2,525729 2,525729
очередным 5,010635 5,010635
риторика 5,010635 10,021271
риторике 5,010635 5,010635
случаю 4,317488 8,634976
новыесначала 0,013423 0,013423
кароль 5,010635 30,063812
создание 3,912023 3,912023
ситуацией 3,401197 3,401197
ермаков 5,010635 10,021271
стран 2,238047 2,238047
щита 5,010635 5,010635
шапка 0,013423 0,013423
марш 5,010635 10,021271
отправить 0,013423 0,147653
продолжить 0,013423 0,013423
решение 1,791759 1,791759
решении 0,013423 0,013423
добавляет 2,931194 2,931194
условиях 2,066196 2,066196
громкое 4,317488 8,634976
воспользуйтесь 0,013423 0,040269
щерба 4,317488 4,317488
участие 0,006689 0,006689
архивное 1,373049 1,373049
аккаунт 0,013423 0,053692
флагами 4,317488 8,634976
экономика 0,292136 0,292136
попытка 3,912023 3,912023
обсуждение 0,013423 0,013423
использовать 0,013423 0,013423
опечатка 0,013423 0,013423
соглашений 5,010635 5,010635
наиболее 2,813411 2,813411
блокировки 0,013423 0,013423
которая 1,643339 1,643339
неких 4,317488 4,317488
соглашение 3,401197 3,401197
проводимых 3,912023 3,912023
онлайн 0,013423 0,013423
контактов 0,013423 0,013423
провокационные 5,010635 5,010635
строительству 5,010635 5,010635
почта 0,013423 0,080538
апреля 0,013423 0,013423
фамилия 0,013423 0,013423
непосредственно 3,218876 3,218876
нами 0,013423 0,093961
яндекс 0,013423 0,026846
удалили 0,013423 0,040269
либо 0,013423 0,013423
излюбленной 5,010635 5,010635
вакансии 0,013423 0,013423
аккаунту 0,013423 0,013423
отношениях 5,010635 5,010635
открываемого 0,013423 0,026846
плане 4,317488 4,317488
безопасности 2,177422 13,064532
никакого 3,218876 3,218876
нажимая 0,013423 0,013423
поиск 0,013423 0,013423
вами 0,013423 0,013423
недопустимое 0,013423 0,013423
году 1,139434 2,278869
подписав 5,010635 5,010635
согласны 0,013423 0,040269
истек 0,013423 0,013423
внутреннюю 5,010635 5,010635
фридрих 5,010635 5,010635
остается 2,931194 2,931194
предприятию 0,013423 0,026846
рекламы 0,013423 0,013423
валдай 5,010635 5,010635
участник 3,624341 3,624341
внимание 0,013423 0,013423
принимать 0,013423 0,013423
исходят 5,010635 5,010635
францией 5,010635 10,021271
премьер 2,931194 2,931194
сможете 0,013423 0,013423
завершиться 5,010635 5,010635
года 0,006689 0,006689
технических 3,401197 3,401197
достижение 5,010635 5,010635
ознакомлены 0,013423 0,013423
ежегодный 4,317488 4,317488
негативной 5,010635 5,010635
риси 5,010635 5,010635
моих 0,013423 0,026846
предприятие 0,013423 0,013423
прочь 5,010635 5,010635
наука 0,292136 0,292136
аудиторию 5,010635 5,010635
националистическими 5,010635 10,021271
касается 2,612740 2,612740
польшаваршавасшакароль 5,010635 5,010635
обсуждения 0,013423 0,013423
блокировкой 0,013423 0,040269
участия 3,064725 3,064725
