законным 0,013423 0,013423
новый 0,013423 0,013423
день 1,203973 1,203973
найти 0,013423 0,013423
основанием 0,013423 0,013423
письмо 0,013423 0,013423
спасибо 0,013423 0,013423
стал 2,120264 2,120264
ангел 5,010635 15,031906
согласие 0,013423 0,026846
центр 0,190354 0,190354
доступ 0,013423 0,026846
миа 0,013423 0,093961
задать 0,013423 0,013423
теги 0,190354 0,190354
автору 0,013423 0,013423
связаться 0,013423 0,080538
сообщил 2,445686 2,445686
должны 0,013423 0,013423
словам 1,752539 1,752539
г 0,013423 0,026846
д 0,013423 0,026846
минская 4,317488 17,269952
реклама 0,190354 0,190354
фото 0,013423 0,013423
политика 0,013423 0,026846
связь 0,006689 0,013378
готово 0,013423 0,026846
белоруссии 3,912023 7,824046
течение 0,013423 0,013423
область 1,714798 6,859194
информационных 0,013423 0,013423
размещения 0,013423 0,013423
конфиденциальности 0,013423 0,053692
связи 0,013423 0,080538
заголовок 0,013423 0,026846
бросил 5,010635 5,010635
процесса 0,013423 0,013423
адресу 0,013423 0,026846
проблему 0,013423 0,013423
время 0,013423 0,013423
данных 0,013423 0,107384
кузьмы 5,010635 10,021271
письма 0,013423 0,013423
часов 0,013423 0,026846
соглашаетесь 0,013423 0,013423
ранее 0,013423 0,013423
восстановления 0,013423 0,013423
главный 0,013423 0,013423
данные 0,013423 0,013423
пьяным 4,317488 17,269952
также 1,139434 1,139434
пьяный 2,708050 21,664402
разблокировать 0,013423 0,040269
город 0,013423 0,013423
фотографию 0,013423 0,013423
обращаем 0,013423 0,013423
отправлено 0,013423 0,013423
написать 0,013423 0,013423
новостеймолния 0,013423 0,013423
одноклассники 0,013423 0,026846
сначала 0,013423 0,013423
проходили 3,912023 11,736069
показать 0,013423 0,013423
кнопку 0,013423 0,013423
коммуникаций 0,013423 0,013423
оскорблял 5,010635 5,010635
новостикузьма 5,010635 5,010635
пароль 0,013423 0,080538
пароля 0,013423 0,053692
ругается 5,010635 5,010635
перейдите 0,013423 0,013423
дебош 2,708050 18,956351
вход 0,013423 0,013423
трубку 4,317488 4,317488
продукты 0,150823 0,150823
читать 0,851752 0,851752
закрыто 0,013423 0,013423
поведением 5,010635 5,010635
удалено 0,013423 0,013423
сколько 0,006689 0,006689
гаврилова 0,013423 0,013423
материалов 0,013423 0,040269
отправлена 0,013423 0,013423
чате 0,013423 0,013423
областьв 3,912023 3,912023
расположенному 0,013423 0,026846
чату 0,013423 0,013423
редакцией 0,013423 0,013423
учредитель 0,013423 0,013423
распоряжении 3,624341 3,624341
рассмотрены 0,013423 0,013423
актер 3,401197 6,802395
мое 0,013423 0,026846
ссылка 0,013423 0,026846
ссылке 0,013423 0,013423
перетяните 0,013423 0,013423
ссылки 0,013423 0,013423
помочь 0,013423 0,013423
архив 0,190354 0,190354
съемок 5,010635 10,021271
ошибках 0,013423 0,013423
обязательны 0,013423 0,093961
выпуска 0,013423 0,013423
списка 0,013423 0,013423
формой 0,013423 0,053692
роскомнадзор 0,013423 0,013423
сапрыкин 5,010635 15,031906
блокировался 0,013423 0,013423
членов 2,813411 5,626821
москва 0,006689 0,020067
воспользоваться 0,013423 0,013423
входа 0,013423 0,013423
моё 0,013423 0,013423
федеральное 0,013423 0,013423
федеральной 0,013423 0,013423
лицо 2,813411 2,813411
международное 0,013423 0,040269
будут 0,013423 0,013423
текст 4,317488 4,317488
новостей 0,006689 0,006689
политикой 0,013423 0,040269
обработки 0,013423 0,026846
даю 0,013423 0,026846
обработку 0,013423 0,026846
одним 2,813411 2,813411
обратной 0,013423 0,067115
подкасты 0,292136 0,292136
редакции 0,013423 0,026846
обращений 0,013423 0,013423
результате 2,931194 2,931194
обработка 0,013423 0,013423
это 0,013423 0,013423
сапрыкина 2,708050 27,080502
описанием 0,013423 0,013423
новую 0,013423 0,013423
картины 3,624341 7,248682
массовых 0,013423 0,013423
пройдена 0,013423 0,013423
используется 0,013423 0,013423
группы 2,445686 4,891372
театре 3,912023 3,912023
зарегистрироваться 0,013423 0,053692
пожаловаться 0,013423 0,013423
новости 0,006689 0,100335
войти 0,013423 0,053692
электронной 0,013423 0,013423
мире 0,274437 1,372184
эл 0,013423 0,013423
действия 0,013423 0,013423
радио 0,274437 0,274437
дзен 0,851752 0,851752
защита 0,013423 0,013423
регистрация 0,013423 0,040269
почему 0,013423 0,013423
использования 0,013423 0,013423
восстановление 0,013423 0,040269
вопросам 0,013423 0,026846
государственное 0,013423 0,013423
вконтакте 0,013423 0,026846
области 1,919593 5,758779
спецпроекты 0,190354 0,190354
просим 0,013423 0,013423
сцены 5,010635 5,010635
навсегда 0,013423 0,013423
нарушение 0,013423 0,040269
заблокирован 0,013423 0,013423
ошибку 0,013423 0,013423
защиты 0,013423 0,013423
назад 0,013423 0,067115
обращения 0,013423 0,026846
общается 5,010635 5,010635
корреспондента 5,010635 5,010635
шоубиз 3,624341 10,873023
фильма 4,317488 17,269952
ошибка 0,013423 0,013423
шоубизминская 3,912023 3,912023
вопрос 0,006689 0,006689
зубовский 0,013423 0,026846
подтверждаете 0,013423 0,013423
кадры 3,912023 3,912023
оказались 4,317488 4,317488
заполнить 0,013423 0,026846
марта 1,678431 1,678431
осуществляется 0,013423 0,013423
ваш 0,013423 0,053692
имя 0,013423 0,067115
другие 0,013423 0,026846
общество 0,265703 0,265703
прошлого 3,064725 3,064725
надзору 0,013423 0,013423
срок 0,013423 0,026846
издание 0,013423 0,013423
бульвар 0,013423 0,026846
хотите 0,013423 0,013423
заполните 0,013423 0,067115
технологий 0,013423 0,026846
сетевое 0,013423 0,013423
фильму 5,010635 10,021271
вновь 0,013423 0,013423
фев 1,399717 1,399717
сменить 0,013423 0,013423
материал 0,013423 0,013423
актрисе 5,010635 5,010635
участвовать 0,013423 0,026846
сообщить 0,013423 0,013423
успешно 0,013423 0,013423
скриншот 0,013423 0,040269
добавил 2,931194 2,931194
срывал 5,010635 15,031906
лента 0,006689 0,013378
собеседник 3,401197 3,401197
заблокированы 0,013423 0,013423
спорт 0,190354 0,190354
сфере 0,013423 0,013423
окружения 5,010635 5,010635
свидетельство 0,013423 0,013423
правила 0,013423 0,026846
взаимодействия 0,013423 0,026846
приехал 4,317488 4,317488
матом 5,010635 5,010635
сохранить 0,013423 0,013423
информационное 0,013423 0,040269
комментирования 0,013423 0,026846
сказал 2,612740 2,612740
пресс 0,013423 0,026846
применения 0,013423 0,013423
интерны 5,010635 5,010635
вел 5,010635 5,010635
федеральному 0,013423 0,026846
персональных 0,013423 0,107384
произошла 0,013423 0,013423
дата 0,013423 0,013423
ваше 0,013423 0,107384
сайте 0,013423 0,013423
ваши 0,013423 0,013423
фио 0,013423 0,013423
восстановить 0,013423 0,013423
пожалуйста 0,013423 0,013423
ниже 0,013423 0,040269
версия 0,013423 0,013423
вопроса 0,013423 0,013423
россия 0,006689 0,080268
поля 0,013423 0,093961
вопросы 2,238047 2,238047
государственному 0,013423 0,026846
регистрации 0,013423 0,026846
поле 0,013423 0,013423
сайт 0,013423 0,026846
слегка 2,708050 2,708050
сервисы 0,190354 0,190354
зарегистрировано 0,013423 0,013423
другое 0,013423 0,013423
туризм 0,283247 0,283247
поддерживаетсяполучить 0,013423 0,013423
адрес 0,013423 0,040269
соответствии 0,013423 0,026846
загрузите 0,013423 0,013423
сообщения 0,013423 0,053692
загрузить 0,013423 0,013423
направлении 0,013423 0,013423
замеченных 0,013423 0,013423
телефон 0,013423 0,013423
отправки 0,013423 0,013423
покачивается 5,010635 5,010635
унитарному 0,013423 0,026846
съемочной 5,010635 15,031906
актера 2,708050 27,080502
сообщение 0,013423 0,134230
выберите 0,013423 0,040269
старые 0,013423 0,013423
путал 5,010635 5,010635
попробуйте 0,013423 0,013423
защитой 0,013423 0,026846
минской 5,010635 15,031906
статьи 0,013423 0,013423
подтвердите 0,013423 0,013423
авторизация 0,013423 0,013423
религия 0,283247 0,283247
форма 0,013423 0,013423
логином 0,013423 0,013423
рейтинг 0,006689 0,006689
галочку 0,013423 0,013423
перетащите 0,013423 0,040269
материале 0,013423 0,026846
культура 0,292136 0,292136
коллеги 2,612740 23,514660
материала 0,013423 0,026846
происшествия 0,292136 0,292136
вашего 0,013423 0,013423
паролем 0,013423 0,013423
августе 3,064725 3,064725
способы 0,013423 0,026846
зарегистрируйтесь 0,013423 0,013423
обо 0,013423 0,013423
недвижимость 0,292136 0,292136
дискуссии 0,013423 0,026846
приезжал 5,010635 20,042541
редактор 0,013423 0,013423
фгуп 0,499776 2,498879
унитарное 0,013423 0,013423
форму 0,013423 0,093961
тема 0,013423 0,040269
отправленного 0,013423 0,013423
связанные 0,013423 0,013423
рекомендательных 0,013423 0,013423
громко 5,010635 5,010635
данная 0,013423 0,013423
обратная 0,013423 0,026846
риа 0,006689 0,100335
проставляя 0,013423 0,013423
связанных 0,013423 0,013423
опишите 0,013423 0,013423
заполнения 0,013423 0,093961
полезное 0,182322 0,182322
службе 0,013423 0,013423
релизов 0,013423 0,013423
ваших 0,013423 0,026846
почты 0,013423 0,013423
которые 1,455287 4,365862
агентство 0,013423 0,040269
перекрещивается 5,010635 5,010635
правил 0,013423 0,040269
отсняты 5,010635 5,010635
которых 1,966113 3,932226
коллег 5,010635 5,010635
авторизоваться 0,013423 0,013423
авторизуйтесь 0,013423 0,013423
агентства 0,013423 0,026846
сегодня 0,013423 0,134230
расширенный 0,013423 0,013423
съемках 4,317488 4,317488
съемки 4,317488 17,269952
новыесначала 0,013423 0,013423
запланирована 5,010635 5,010635
съемка 4,317488 4,317488
шапка 0,013423 0,013423
отправить 0,013423 0,147653
продолжить 0,013423 0,013423
решении 0,013423 0,013423
рассказал 1,347074 1,347074
воспользуйтесь 0,013423 0,040269
участие 0,006689 0,006689
аккаунт 0,013423 0,053692
экономика 0,292136 0,292136
обсуждение 0,013423 0,013423
кузьма 5,010635 5,010635
использовать 0,013423 0,013423
опечатка 0,013423 0,013423
блокировки 0,013423 0,013423
онлайн 0,013423 0,013423
контактов 0,013423 0,013423
почта 0,013423 0,080538
апреля 0,013423 0,013423
фамилия 0,013423 0,013423
разбили 4,317488 4,317488
нами 0,013423 0,093961
яндекс 0,013423 0,026846
удалили 0,013423 0,040269
либо 0,013423 0,013423
вакансии 0,013423 0,013423
аккаунту 0,013423 0,013423
открываемого 0,013423 0,026846
нажимая 0,013423 0,013423
поиск 0,013423 0,013423
вами 0,013423 0,013423
недопустимое 0,013423 0,013423
пожаловались 2,708050 24,372452
согласны 0,013423 0,040269
площадки 3,624341 3,624341
агрессивно 5,010635 10,021271
истек 0,013423 0,013423
предприятию 0,013423 0,026846
рекламы 0,013423 0,013423
внимание 0,013423 0,013423
принимать 0,013423 0,013423
площадку 3,218876 12,875503
сможете 0,013423 0,013423
отвечать 4,317488 4,317488
года 0,006689 0,013378
ознакомлены 0,013423 0,013423
сериала 5,010635 5,010635
моих 0,013423 0,026846
предприятие 0,013423 0,013423
наука 0,292136 0,292136
своим 2,612740 2,612740
обсуждения 0,013423 0,013423
источник 2,445686 4,891372
блокировкой 0,013423 0,040269
