законным 0,013423 0,013423
лента 0,006689 0,013378
новый 0,013423 0,013423
урегулированию 3,624341 3,624341
найти 0,013423 0,013423
основанием 0,013423 0,013423
письмо 0,013423 0,013423
спасибо 0,013423 0,013423
заблокированы 0,013423 0,013423
спорт 0,190354 0,190354
сфере 0,013423 0,013423
переговорах 2,177422 2,177422
согласие 0,013423 0,026846
свидетельство 0,013423 0,013423
обрушился 3,624341 10,873023
центр 0,190354 0,190354
доступ 0,013423 0,026846
правила 0,013423 0,026846
пойти 3,401197 3,401197
миа 0,013423 0,093961
взаимодействия 0,013423 0,026846
задать 0,013423 0,013423
теги 0,190354 0,190354
автору 0,013423 0,013423
связаться 0,013423 0,080538
критикой 5,010635 15,031906
должны 0,013423 0,013423
сохранить 0,013423 0,013423
принял 3,401197 3,401197
информационное 0,013423 0,040269
г 0,013423 0,026846
д 0,013423 0,026846
комментирования 0,013423 0,026846
реклама 0,190354 0,190354
фото 0,013423 0,026846
политика 0,013423 0,026846
связь 0,006689 0,013378
опасение 5,010635 5,010635
пресс 0,013423 0,026846
россии 0,395515 0,395515
готово 0,013423 0,026846
применения 0,013423 0,013423
течение 0,013423 0,013423
разгар 3,218876 28,969882
федеральному 0,013423 0,026846
персональных 0,013423 0,107384
произошла 0,013423 0,013423
информационных 0,013423 0,013423
назвал 1,875141 1,875141
размещения 0,013423 0,013423
дата 0,013423 0,013423
ваше 0,013423 0,107384
конфиденциальности 0,013423 0,053692
сайте 0,013423 0,013423
связи 0,013423 0,080538
ваши 0,013423 0,013423
заголовок 0,013423 0,026846
фио 0,013423 0,013423
восстановить 0,013423 0,013423
пожалуйста 0,013423 0,013423
процесса 0,013423 0,013423
президента 2,525729 7,577186
устроил 3,218876 19,313255
адресу 0,013423 0,026846
проблему 0,013423 0,013423
итогам 3,064725 3,064725
ниже 0,013423 0,040269
версия 0,013423 0,013423
время 0,013423 0,026846
вопроса 0,013423 0,013423
данных 0,013423 0,107384
россия 0,006689 0,080268
поля 0,013423 0,093961
письма 0,013423 0,013423
часов 0,013423 0,026846
соглашаетесь 0,013423 0,013423
ранее 0,013423 0,013423
восстановления 0,013423 0,013423
главный 0,013423 0,013423
данные 0,013423 0,013423
государственному 0,013423 0,026846
второго 2,813411 2,813411
также 1,139434 2,278869
предупредил 3,401197 3,401197
регистрации 0,013423 0,026846
разблокировать 0,013423 0,040269
украина 1,875141 9,375705
город 0,013423 0,080538
фотографию 0,013423 0,013423
поле 0,013423 0,013423
сайт 0,013423 0,026846
обращаем 0,013423 0,013423
мединский 2,612740 13,063700
отправлено 0,013423 0,013423
написать 0,013423 0,013423
новостеймолния 0,013423 0,013423
украине 1,427116 4,281349
сервисы 0,190354 0,190354
зарегистрировано 0,013423 0,013423
другое 0,013423 0,013423
туризм 0,283247 0,283247
одноклассники 0,013423 0,026846
сначала 0,013423 0,013423
поддерживаетсяполучить 0,013423 0,013423
адрес 0,013423 0,040269
соответствии 0,013423 0,026846
зеленский 2,066196 35,125337
загрузите 0,013423 0,013423
публикации 2,238047 2,238047
мирному 3,624341 3,624341
сообщения 0,013423 0,053692
истерику 3,218876 19,313255
показать 0,013423 0,013423
кнопку 0,013423 0,013423
коммуникаций 0,013423 0,013423
мединскиймирный 4,317488 4,317488
загрузить 0,013423 0,013423
возглавил 5,010635 5,010635
направлении 0,013423 0,013423
пароль 0,013423 0,080538
замеченных 0,013423 0,013423
телефон 0,013423 0,013423
отправки 0,013423 0,013423
пароля 0,013423 0,053692
ближайшее 3,218876 3,218876
перейдите 0,013423 0,013423
унитарному 0,013423 0,026846
мирный 3,064725 9,194175
вход 0,013423 0,013423
продукты 0,150823 0,150823
читать 0,851752 0,851752
закрыто 0,013423 0,013423
удалено 0,013423 0,013423
обновлено 1,003302 1,003302
дональд 2,445686 7,337058
сколько 0,006689 0,006689
гаврилова 0,013423 0,013423
материалов 0,013423 0,040269
сообщение 0,013423 0,134230
отправлена 0,013423 0,013423
выберите 0,013423 0,040269
чате 0,013423 0,013423
старые 0,013423 0,013423
киева 2,708050 2,708050
попробуйте 0,013423 0,013423
подход 3,218876 3,218876
расположенному 0,013423 0,026846
чату 0,013423 0,013423
редакцией 0,013423 0,013423
зеленскийдональд 5,010635 5,010635
прошедшего 4,317488 4,317488
прошли 4,317488 4,317488
пользу 3,064725 3,064725
миреженева 5,010635 5,010635
защитой 0,013423 0,026846
призывы 5,010635 5,010635
статьи 0,013423 0,013423
учредитель 0,013423 0,013423
рассмотрены 0,013423 0,013423
подтвердите 0,013423 0,013423
авторизация 0,013423 0,013423
религия 0,283247 0,283247
форма 0,013423 0,013423
логином 0,013423 0,013423
рейтинг 0,006689 0,006689
галочку 0,013423 0,013423
мое 0,013423 0,026846
ссылка 0,013423 0,026846
перетащите 0,013423 0,040269
материале 0,013423 0,026846
культура 0,292136 0,292136
ссылке 0,013423 0,013423
материала 0,013423 0,026846
происшествия 0,292136 0,292136
говорится 2,371578 2,371578
перетяните 0,013423 0,013423
ссылки 0,013423 0,013423
помочь 0,013423 0,013423
архив 0,190354 0,190354
вашего 0,013423 0,013423
паролем 0,013423 0,013423
раунд 3,401197 3,401197
пройдет 3,218876 3,218876
среду 3,218876 3,218876
ошибках 0,013423 0,013423
дня 1,678431 1,678431
обязательны 0,013423 0,093961
сша 1,118815 12,306965
способы 0,013423 0,026846
зарегистрируйтесь 0,013423 0,013423
обо 0,013423 0,013423
недвижимость 0,292136 0,292136
выпуска 0,013423 0,013423
списка 0,013423 0,013423
формой 0,013423 0,053692
роскомнадзор 0,013423 0,013423
нечестными 5,010635 5,010635
дискуссии 0,013423 0,040269
редактор 0,013423 0,013423
трампвладимир 4,317488 4,317488
фгуп 0,499776 2,498879
блокировался 0,013423 0,013423
описав 5,010635 5,010635
унитарное 0,013423 0,013423
утверждает 3,218876 3,218876
москва 0,006689 0,020067
воспользоваться 0,013423 0,013423
форму 0,013423 0,093961
план 2,371578 9,486312
тема 0,013423 0,040269
входа 0,013423 0,013423
отправленного 0,013423 0,013423
простит 4,317488 4,317488
моё 0,013423 0,013423
швейцарии 3,624341 3,624341
связанные 0,013423 0,013423
рекомендательных 0,013423 0,013423
федеральное 0,013423 0,013423
данная 0,013423 0,013423
федеральной 0,013423 0,013423
обратная 0,013423 0,026846
риа 0,006689 0,066890
международное 0,013423 0,040269
тяжелыми 3,624341 3,624341
проставляя 0,013423 0,013423
связанных 0,013423 0,013423
будут 0,013423 0,013423
опишите 0,013423 0,013423
переговоры 2,177422 2,177422
заполнения 0,013423 0,093961
новостей 0,006689 0,006689
полезное 0,182322 0,182322
политикой 0,013423 0,040269
службе 0,013423 0,013423
раскритиковал 3,912023 3,912023
релизов 0,013423 0,013423
отметил 2,931194 2,931194
ваших 0,013423 0,026846
обработки 0,013423 0,026846
даю 0,013423 0,026846
уступки 3,912023 3,912023
почты 0,013423 0,013423
обработку 0,013423 0,026846
трамп 1,609438 6,437752
обратной 0,013423 0,067115
делегацию 3,912023 3,912023
подкасты 0,292136 0,292136
редакции 0,013423 0,026846
обращений 0,013423 0,013423
несправедливый 5,010635 5,010635
дональда 3,218876 6,437752
агентство 0,013423 0,040269
следующий 2,931194 2,931194
обработка 0,013423 0,013423
это 0,013423 0,013423
правил 0,013423 0,040269
авторизоваться 0,013423 0,013423
авторизуйтесь 0,013423 0,013423
агентства 0,013423 0,013423
сегодня 0,013423 0,134230
расширенный 0,013423 0,013423
описанием 0,013423 0,013423
новую 0,013423 0,026846
помощник 3,912023 3,912023
массовых 0,013423 0,013423
пройдена 0,013423 0,013423
используется 0,013423 0,013423
новыесначала 0,013423 0,013423
зарегистрироваться 0,013423 0,053692
пожаловаться 0,013423 0,013423
новости 0,006689 0,073579
войти 0,013423 0,053692
шапка 0,013423 0,013423
отправить 0,013423 0,147653
продолжить 0,013423 0,013423
электронной 0,013423 0,013423
решение 1,791759 1,791759
решении 0,013423 0,013423
сшавладимир 5,010635 5,010635
накануне 3,218876 3,218876
мире 0,274437 1,097747
эл 0,013423 0,013423
воспользуйтесь 0,013423 0,040269
действия 0,013423 0,013423
участие 0,006689 0,006689
радио 0,274437 0,274437
архивное 1,373049 1,373049
аккаунт 0,013423 0,053692
дзен 0,851752 0,851752
экономика 0,292136 0,292136
защита 0,013423 0,013423
обсуждение 0,013423 0,013423
регистрация 0,013423 0,040269
использовать 0,013423 0,013423
опечатка 0,013423 0,013423
почему 0,013423 0,013423
использования 0,013423 0,013423
блокировки 0,013423 0,013423
восстановление 0,013423 0,040269
онлайн 0,013423 0,013423
вопросам 0,013423 0,026846
контактов 0,013423 0,013423
государственное 0,013423 0,013423
почта 0,013423 0,080538
апреля 0,013423 0,013423
вконтакте 0,013423 0,026846
фамилия 0,013423 0,013423
спецпроекты 0,190354 0,190354
просим 0,013423 0,013423
пишет 2,177422 4,354844
навсегда 0,013423 0,013423
нарушение 0,013423 0,040269
заблокирован 0,013423 0,013423
ошибку 0,013423 0,013423
нами 0,013423 0,093961
яндекс 0,013423 0,026846
защиты 0,013423 0,013423
удалили 0,013423 0,040269
владимир 1,373049 13,730491
либо 0,013423 0,013423
назад 0,013423 0,067115
переговоров 2,302585 27,631021
обращения 0,013423 0,026846
вакансии 0,013423 0,013423
аккаунту 0,013423 0,013423
открываемого 0,013423 0,026846
нажимая 0,013423 0,013423
февраля 0,616186 0,616186
поиск 0,013423 0,013423
вами 0,013423 0,013423
недопустимое 0,013423 0,013423
трампа 2,238047 8,952186
ошибка 0,013423 0,013423
российскую 3,624341 3,624341
согласны 0,013423 0,040269
вопрос 0,006689 0,006689
истек 0,013423 0,013423
зубовский 0,013423 0,026846
подтверждаете 0,013423 0,013423
выразил 2,813411 2,813411
предприятию 0,013423 0,026846
рекламы 0,013423 0,013423
заполнить 0,013423 0,026846
женеве 2,371578 23,715780
внимание 0,013423 0,013423
встречу 2,931194 2,931194
принимать 0,013423 0,013423
осуществляется 0,013423 0,013423
ваш 0,013423 0,053692
имя 0,013423 0,067115
другие 0,013423 0,026846
общество 0,265703 0,265703
женева 3,218876 12,875503
сможете 0,013423 0,013423
раунда 3,401197 3,401197
года 0,006689 0,006689
деловыми 3,624341 3,624341
надзору 0,013423 0,013423
срок 0,013423 0,026846
украинеукраина 5,010635 5,010635
издание 0,013423 0,013423
бульвар 0,013423 0,026846
ознакомлены 0,013423 0,013423
хотите 0,013423 0,013423
заполните 0,013423 0,067115
технологий 0,013423 0,026846
анонсировал 3,624341 3,624341
сетевое 0,013423 0,013423
вновь 0,013423 0,013423
фев 1,399717 1,399717
сменить 0,013423 0,013423
моих 0,013423 0,026846
предприятие 0,013423 0,013423
материал 0,013423 0,013423
участвовать 0,013423 0,026846
наука 0,292136 0,292136
сообщить 0,013423 0,013423
обсуждения 0,013423 0,013423
успешно 0,013423 0,013423
скриншот 0,013423 0,040269
блокировкой 0,013423 0,040269
