готов 2,371578 2,371578
законным 0,013423 0,013423
новый 0,013423 0,013423
найти 0,013423 0,013423
основанием 0,013423 0,013423
письмо 0,013423 0,013423
спасибо 0,013423 0,013423
ждет 2,612740 2,612740
венесуэлы 5,010635 10,021271
литва 5,010635 5,010635
согласие 0,013423 0,026846
центр 0,190354 0,190354
доступ 0,013423 0,026846
декабря 1,098612 6,591674
миа 0,013423 0,026846
задать 0,013423 0,013423
теги 0,190354 0,190354
автору 0,013423 0,013423
связаться 0,013423 0,080538
должны 0,013423 0,013423
г 0,013423 0,026846
д 0,013423 0,026846
реклама 0,190354 0,190354
фото 0,013423 0,013423
политика 0,013423 0,026846
связь 0,006689 0,013378
санкции 3,218876 3,218876
грозит 2,612740 2,612740
готово 0,013423 0,026846
течение 0,013423 0,013423
китай 2,177422 4,354844
автора 2,931194 2,931194
информационных 0,013423 0,013423
размещения 0,013423 0,013423
конфиденциальности 0,013423 0,053692
дружбу 4,317488 4,317488
связи 0,013423 0,080538
заголовок 0,013423 0,026846
своей 2,177422 2,177422
китаем 3,218876 3,218876
процесса 0,013423 0,013423
адресу 0,013423 0,026846
окончательно 2,813411 2,813411
проблему 0,013423 0,013423
время 0,013423 0,026846
данных 0,013423 0,107384
китаю 2,931194 2,931194
письма 0,013423 0,013423
часов 0,013423 0,026846
соглашаетесь 0,013423 0,013423
хотят 2,813411 2,813411
ранее 0,013423 0,013423
восстановления 0,013423 0,013423
главный 0,013423 0,013423
данные 0,013423 0,013423
сергей 1,609438 3,218876
разблокировать 0,013423 0,040269
город 0,013423 0,013423
украина 1,875141 1,875141
украинцев 2,525729 2,525729
нашли 2,445686 2,445686
ложь 4,317488 4,317488
фотографию 0,013423 0,013423
обращаем 0,013423 0,013423
отправлено 0,013423 0,013423
написать 0,013423 0,013423
новостеймолния 0,013423 0,013423
украине 1,427116 1,427116
выключила 5,010635 5,010635
снова 2,612740 2,612740
одноклассники 0,013423 0,026846
сначала 0,013423 0,013423
публикации 2,238047 2,238047
показать 0,013423 0,013423
кнопку 0,013423 0,013423
коммуникаций 0,013423 0,013423
пароль 0,013423 0,080538
пароля 0,013423 0,053692
зеленая 5,010635 5,010635
перейдите 0,013423 0,013423
вход 0,013423 0,013423
продукты 0,150823 0,150823
закрыто 0,013423 0,013423
удалено 0,013423 0,013423
тяжелый 5,010635 5,010635
сколько 0,006689 0,006689
гаврилова 0,013423 0,013423
материалов 0,013423 0,053692
отправлена 0,013423 0,013423
чате 0,013423 0,013423
расположенному 0,013423 0,026846
чату 0,013423 0,013423
редакцией 0,013423 0,013423
учредитель 0,013423 0,013423
рассмотрены 0,013423 0,013423
странах 3,064725 3,064725
мое 0,013423 0,026846
ссылка 0,013423 0,026846
последние 1,098612 1,098612
ссылке 0,013423 0,013423
перетяните 0,013423 0,013423
ссылки 0,013423 0,013423
архив 0,190354 0,190354
помочь 0,013423 0,026846
британия 3,912023 3,912023
ошибках 0,013423 0,013423
обязательны 0,013423 0,093961
сша 1,118815 5,594075
помиловать 3,624341 3,624341
выпуска 0,013423 0,013423
списка 0,013423 0,013423
формой 0,013423 0,053692
роскомнадзор 0,013423 0,013423
блокировался 0,013423 0,013423
москва 0,006689 0,013378
воспользоваться 0,013423 0,013423
входа 0,013423 0,013423
моё 0,013423 0,013423
федеральное 0,013423 0,013423
федеральной 0,013423 0,013423
международное 0,013423 0,040269
разоблачена 5,010635 5,010635
надежды 4,317488 4,317488
будут 0,013423 0,026846
новостей 0,006689 0,006689
политикой 0,013423 0,040269
обработки 0,013423 0,026846
века 3,218876 3,218876
даю 0,013423 0,026846
процента 4,317488 4,317488
бить 3,064725 3,064725
обработку 0,013423 0,026846
станция 5,010635 5,010635
обратной 0,013423 0,067115
подкасты 0,292136 0,292136
редакции 0,013423 0,026846
обращений 0,013423 0,013423
ссору 3,624341 3,624341
вчера 1,576648 1,576648
нефти 3,401197 3,401197
обработка 0,013423 0,013423
это 0,013423 0,013423
обзоры 2,525729 2,525729
вашингтон 2,445686 2,445686
обманули 5,010635 5,010635
газ 2,931194 2,931194
описанием 0,013423 0,013423
новую 0,013423 0,013423
массовых 0,013423 0,013423
пройдена 0,013423 0,013423
используется 0,013423 0,013423
зарегистрироваться 0,013423 0,053692
пожаловаться 0,013423 0,013423
новости 0,006689 0,013378
войти 0,013423 0,053692
электронной 0,013423 0,013423
мире 0,274437 0,274437
судьба 4,317488 4,317488
эл 0,013423 0,013423
действия 0,013423 0,013423
радио 0,274437 0,274437
защита 0,013423 0,013423
регистрация 0,013423 0,040269
почему 0,013423 0,013423
использования 0,013423 0,013423
восстановление 0,013423 0,040269
вопросам 0,013423 0,026846
государственное 0,013423 0,013423
германию 3,912023 3,912023
вконтакте 0,013423 0,026846
спецпроекты 0,190354 0,190354
просим 0,013423 0,013423
навсегда 0,013423 0,013423
нарушение 0,013423 0,040269
заблокирован 0,013423 0,013423
ошибку 0,013423 0,013423
защиты 0,013423 0,013423
назад 0,013423 0,067115
обращения 0,013423 0,026846
требуют 3,912023 3,912023
счастья 4,317488 4,317488
февраля 0,616186 3,080931
трампа 2,238047 2,238047
ошибка 0,013423 0,013423
готовят 3,218876 3,218876
вопрос 0,006689 0,006689
зубовский 0,013423 0,026846
подтверждаете 0,013423 0,013423
заполнить 0,013423 0,026846
аэс 3,624341 3,624341
осуществляется 0,013423 0,013423
ваш 0,013423 0,053692
имя 0,013423 0,067115
другие 0,013423 0,026846
общество 0,265703 0,265703
надзору 0,013423 0,013423
срок 0,013423 0,026846
издание 0,013423 0,013423
бульвар 0,013423 0,026846
событий 2,177422 2,177422
хотите 0,013423 0,013423
заполните 0,013423 0,067115
технологий 0,013423 0,026846
сетевое 0,013423 0,013423
неделю 1,373049 1,373049
вновь 0,013423 0,013423
сменить 0,013423 0,013423
материал 0,013423 0,013423
участвовать 0,013423 0,026846
сообщить 0,013423 0,013423
успешно 0,013423 0,013423
скриншот 0,013423 0,040269
лента 0,006689 0,013378
богатств 5,010635 5,010635
заблокированы 0,013423 0,013423
спорт 0,190354 0,190354
сфере 0,013423 0,013423
месяц 1,297063 1,297063
свидетельство 0,013423 0,013423
правила 0,013423 0,026846
террористы 5,010635 5,010635
взаимодействия 0,013423 0,026846
сохранить 0,013423 0,013423
информационное 0,013423 0,040269
комментирования 0,013423 0,026846
пресс 0,013423 0,026846
россии 0,395515 0,791030
применения 0,013423 0,013423
очереди 3,912023 3,912023
федеральному 0,013423 0,026846
персональных 0,013423 0,107384
произошла 0,013423 0,013423
лобби 5,010635 5,010635
душат 5,010635 5,010635
дата 0,013423 0,013423
ваше 0,013423 0,107384
запорожской 4,317488 4,317488
сайте 0,013423 0,013423
ваши 0,013423 0,013423
дате 2,525729 5,051457
фио 0,013423 0,013423
восстановить 0,013423 0,013423
пожалуйста 0,013423 0,013423
российский 2,813411 2,813411
спасла 4,317488 4,317488
предрешена 5,010635 5,010635
личного 3,218876 3,218876
просто 1,714798 1,714798
ниже 0,013423 0,040269
версия 0,013423 0,013423
вопроса 0,013423 0,013423
россия 0,006689 0,060201
россию 2,302585 4,605170
поля 0,013423 0,093961
января 1,160488 9,283902
государственному 0,013423 0,026846
регистрации 0,013423 0,026846
зомби 5,010635 5,010635
нефтяное 5,010635 5,010635
поле 0,013423 0,013423
сайт 0,013423 0,026846
сервисы 0,190354 0,190354
зарегистрировано 0,013423 0,013423
европу 3,064725 3,064725
другое 0,013423 0,013423
туризм 0,283247 0,283247
поддерживаетсяполучить 0,013423 0,013423
адрес 0,013423 0,040269
соответствии 0,013423 0,026846
загрузите 0,013423 0,013423
двух 2,014903 2,014903
сообщения 0,013423 0,053692
загрузить 0,013423 0,013423
направлении 0,013423 0,013423
замеченных 0,013423 0,013423
телефон 0,013423 0,013423
отправки 0,013423 0,013423
унитарному 0,013423 0,026846
дешевой 5,010635 5,010635
период 1,160488 1,160488
савчук 3,218876 6,437752
жестко 5,010635 5,010635
сообщение 0,013423 0,134230
выберите 0,013423 0,040269
старые 0,013423 0,013423
объявила 5,010635 5,010635
попробуйте 0,013423 0,013423
плату 3,624341 3,624341
материалы 1,643339 1,643339
бизнес 3,064725 3,064725
защитой 0,013423 0,026846
войне 3,624341 3,624341
статьи 0,013423 0,013423
подтвердите 0,013423 0,013423
авторизация 0,013423 0,013423
религия 0,283247 0,283247
форма 0,013423 0,013423
логином 0,013423 0,013423
охотятся 4,317488 4,317488
рейтинг 0,006689 0,006689
галочку 0,013423 0,013423
россией 2,931194 2,931194
перетащите 0,013423 0,040269
материале 0,013423 0,026846
культура 0,292136 0,292136
материала 0,013423 0,026846
происшествия 0,292136 0,292136
обмен 3,218876 3,218876
иран 2,612740 5,225480
вашего 0,013423 0,013423
паролем 0,013423 0,013423
популярности 2,813411 2,813411
способы 0,013423 0,026846
зарегистрируйтесь 0,013423 0,013423
обо 0,013423 0,013423
пропасти 5,010635 5,010635
тотальную 5,010635 5,010635
недвижимость 0,292136 0,292136
дискуссии 0,013423 0,026846
редактор 0,013423 0,013423
унитарное 0,013423 0,013423
форму 0,013423 0,093961
тема 0,013423 0,040269
отправленного 0,013423 0,013423
связанные 0,013423 0,013423
рекомендательных 0,013423 0,013423
данная 0,013423 0,013423
обратная 0,013423 0,026846
риа 0,006689 0,013378
проставляя 0,013423 0,013423
связанных 0,013423 0,013423
опишите 0,013423 0,013423
заполнения 0,013423 0,093961
полезное 0,182322 0,182322
год 0,967584 1,935168
службе 0,013423 0,013423
релизов 0,013423 0,013423
ваших 0,013423 0,026846
почты 0,013423 0,013423
трамп 1,609438 3,218876
агентство 0,013423 0,040269
распродажу 4,317488 4,317488
правил 0,013423 0,040269
катар 5,010635 5,010635
авторизоваться 0,013423 0,013423
авторизуйтесь 0,013423 0,013423
агентства 0,013423 0,013423
сегодня 0,013423 0,067115
расширенный 0,013423 0,013423
штаты 2,708050 2,708050
сразу 1,832581 1,832581
толкает 5,010635 5,010635
новыесначала 0,013423 0,013423
экономику 3,624341 3,624341
шапка 0,013423 0,013423
свет 3,064725 3,064725
отправить 0,013423 0,147653
продолжить 0,013423 0,013423
решении 0,013423 0,013423
получилось 3,218876 3,218876
воспользуйтесь 0,013423 0,040269
участие 0,006689 0,006689
аккаунт 0,013423 0,053692
стоимости 3,624341 3,624341
экономика 0,292136 0,292136
обсуждение 0,013423 0,013423
использовать 0,013423 0,013423
опечатка 0,013423 0,013423
блокировки 0,013423 0,013423
онлайн 0,013423 0,013423
экономике 3,624341 3,624341
контактов 0,013423 0,013423
почта 0,013423 0,080538
главная 2,120264 2,120264
апреля 0,013423 0,013423
киев 2,302585 2,302585
фамилия 0,013423 0,013423
нами 0,013423 0,093961
яндекс 0,013423 0,026846
удалили 0,013423 0,040269
либо 0,013423 0,013423
вакансии 0,013423 0,013423
аккаунту 0,013423 0,013423
потребовал 5,010635 5,010635
открываемого 0,013423 0,026846
нажимая 0,013423 0,013423
поиск 0,013423 0,013423
вами 0,013423 0,013423
недопустимое 0,013423 0,013423
атомную 4,317488 4,317488
согласны 0,013423 0,040269
истек 0,013423 0,013423
предприятию 0,013423 0,026846
рекламы 0,013423 0,013423
внимание 0,013423 0,013423
принимать 0,013423 0,013423
заэс 5,010635 5,010635
сможете 0,013423 0,013423
года 0,006689 0,006689
евросоюза 3,401197 3,401197
помогли 3,912023 3,912023
раздора 5,010635 5,010635
добить 5,010635 5,010635
ознакомлены 0,013423 0,013423
моих 0,013423 0,026846
предприятие 0,013423 0,013423
миллион 4,317488 4,317488
способ 2,612740 2,612740
наука 0,292136 0,292136
обсуждения 0,013423 0,013423
блокировкой 0,013423 0,040269
заплатят 5,010635 5,010635
перехватить 5,010635 5,010635
