蟹邪泻芯薪薪褘屑 0,013423 0,013423
邪褉褌懈褋褌芯胁 5,010635 5,010635
薪芯胁褘泄 0,013423 0,093961
薪邪泄褌懈 0,013423 0,013423
芯褋薪芯胁邪薪懈械屑 0,013423 0,013423
锌懈褋褜屑芯 0,013423 0,013423
薪械胁械褉芯褟褌薪褘泄 4,317488 4,317488
褋锌邪褋懈斜芯 0,013423 0,013423
泻褍谢褜褌褍褉邪泻邪蟹邪薪褜卸芯褉邪 5,010635 5,010635
泻芯谢谢械泻褑懈懈 5,010635 10,021271
芯褉械谢 4,317488 4,317488
锌芯谢褍褔懈谢懈 2,525729 2,525729
褋褌懈谢褜 3,912023 7,824046
蟹邪褟胁懈谢 1,427116 1,427116
谐芯写褌褉邪写懈褑懈懈械写邪屑芯褋泻胁邪泻褍谢褜褌褍褉邪 4,317488 4,317488
褋芯谐谢邪褋懈械 0,013423 0,026846
褑械薪褌褉 0,190354 0,190354
褕邪泄褞 5,010635 5,010635
褋褌懈谢懈褋褌 5,010635 5,010635
写芯褋褌褍锌 0,013423 0,026846
写械泻邪斜褉褟 1,098612 3,295837
屑懈邪 0,013423 0,026846
泄芯褉泻 3,064725 3,064725
褉械卸懈褋褋械褉邪 3,912023 3,912023
褏懈褌芯胁 5,010635 5,010635
蟹邪写邪褌褜 0,013423 0,013423
褌械谐懈 0,190354 0,190354
邪胁褌芯褉褍 0,013423 0,013423
褋胁褟蟹邪褌褜褋褟 0,013423 0,080538
写芯谢卸薪褘 0,013423 0,013423
谐 0,013423 0,026846
写 0,013423 0,026846
褉械泻谢邪屑邪 0,190354 0,190354
褎芯褌芯 0,013423 0,040269
锌芯谢懈褌懈泻邪 0,013423 0,026846
泻褉褘卸芯胁薪懈泻芯胁懈胁邪薪 5,010635 5,010635
褋懈谢褘 2,014903 2,014903
谢械褌 1,514128 1,514128
褋胁褟蟹褜 0,006689 0,013378
褌褉械褌褜褟泻芯胁泻邪 5,010635 5,010635
泻褍谢褜褌褍褉薪褘泄 3,912023 3,912023
褋褌邪谢懈薪邪 4,317488 4,317488
芯褌斜懈褉邪谢 5,010635 5,010635
谐芯褌芯胁芯 0,013423 0,026846
褋褍写 2,066196 2,066196
泻懈褌邪械 5,010635 5,010635
褌械褔械薪懈械 0,013423 0,013423
褍屑械褉谢邪 3,912023 7,824046
谢褞斜胁懈 4,317488 8,634976
屑邪谐懈褔械褋泻芯屑 5,010635 5,010635
褋械蟹芯薪 3,401197 6,802395
泻懈褌邪泄褋泻芯谐芯 2,813411 5,626821
蟹胁械蟹写 3,912023 3,912023
懈薪褎芯褉屑邪褑懈芯薪薪褘褏 0,013423 0,013423
蟹械屑谢褟 3,912023 3,912023
褉械泻褌芯褉邪 5,010635 5,010635
褉邪蟹屑械褖械薪懈褟 0,013423 0,013423
褉褍褋褋泻懈械 3,912023 3,912023
褋芯褔懈 2,238047 4,476093
褝泻褋锌芯薪邪褌邪屑懈 5,010635 5,010635
泻芯薪褎懈写械薪褑懈邪谢褜薪芯褋褌懈 0,013423 0,053692
褖褍泻懈薪泻邪蟹懈屑懈褉 5,010635 5,010635
写褉邪泻褍 5,010635 5,010635
谐芯褌芯胁邪 3,401197 3,401197
褋胁褟蟹懈 0,013423 0,080538
芯褋胁芯斜芯写懈谢懈 3,912023 3,912023
懈薪写懈褟 5,010635 5,010635
蟹邪谐芯谢芯胁芯泻 0,013423 0,026846
邪褋懈 3,912023 11,736069
斜懈谢谢懈 5,010635 5,010635
懈褋褌芯褉懈褟泻褍谢褜褌褍褉邪 5,010635 5,010635
褉褍褋褋泻懈泄 2,931194 2,931194
锌褉芯褑械褋褋邪 0,013423 0,013423
邪写褉械褋褍 0,013423 0,026846
锌褉芯斜谢械屑褍 0,013423 0,013423
薪邪褑懈芯薪邪谢褜薪芯械 4,317488 4,317488
胁芯褋褌芯泻邪 5,010635 5,010635
泻褍谢褜褌褍褉邪褎褉邪薪褑懈褟写卸邪蟹屑褍蟹褘泻邪屑懈褕械谢褜 5,010635 5,010635
斜械蟹褍锌褉械褔薪芯褋褌褜 5,010635 5,010635
褋械泻褉械褌褘 2,813411 2,813411
胁褉械屑褟 0,013423 0,040269
写邪薪薪褘褏 0,013423 0,107384
芯写械谢褋褟 5,010635 5,010635
褋械写芯泻芯胁褍 5,010635 5,010635
锌芯褋屑芯褌褉械褌褜 2,177422 13,064532
锌懈褋褜屑邪 0,013423 0,013423
邪胁懈邪褌芯褉械 5,010635 5,010635
褔邪褋芯胁 0,013423 0,026846
泻褍谢褜褌褍褉邪胁谢邪写懈屑懈褉屑芯褋泻胁邪泻懈械胁邪谐谢邪褟 5,010635 5,010635
褋芯谐谢邪褕邪械褌械褋褜 0,013423 0,013423
锌褉芯斜芯胁邪褌褜 3,912023 7,824046
褉邪薪械械 0,013423 0,013423
胁芯褋褋褌邪薪芯胁谢械薪懈褟 0,013423 0,013423
谐谢邪胁薪褘泄 0,013423 0,013423
屑懈褋褌懈泻邪 2,813411 5,626821
写邪薪薪褘械 0,013423 0,013423
褕械写械胁褉褘 4,317488 8,634976
谢褞斜懈屑芯胁邪胁谐懈泻 5,010635 5,010635
褋械褉谐械泄 1,609438 1,609438
锌褜褟薪褘泄 2,708050 2,708050
褉邪蟹斜谢芯泻懈褉芯胁邪褌褜 0,013423 0,040269
谐芯褉芯写 0,013423 0,026846
薪邪褉褟写褘 5,010635 15,031906
褎芯褌芯谐褉邪褎懈褞 0,013423 0,013423
屑邪褌褍褕泻邪 5,010635 5,010635
芯斜褉邪褖邪械屑 0,013423 0,013423
芯褌锌褉邪胁谢械薪芯 0,013423 0,013423
薪邪锌懈褋邪褌褜 0,013423 0,013423
薪芯胁芯褋褌械泄屑芯谢薪懈褟 0,013423 0,013423
芯写薪芯泻谢邪褋褋薪懈泻懈 0,013423 0,026846
褋薪邪褔邪谢邪 0,013423 0,013423
薪芯屑懈薪懈褉芯胁邪谢懈 5,010635 5,010635
泻褉械屑谢褟 4,317488 8,634976
褍泻褉邪懈薪褘 1,832581 3,665163
锌芯泻邪蟹邪褌褜 0,013423 0,013423
泻薪芯锌泻褍 0,013423 0,013423
泻芯屑屑褍薪懈泻邪褑懈泄 0,013423 0,013423
斜邪谢械褌 5,010635 10,021271
胁褘褋褌邪胁泻邪 2,525729 10,102915
芯锌械褉邪屑邪褉懈懈薪褋泻懈泄 5,010635 5,010635
卸懈谐褍薪芯胁邪 5,010635 10,021271
屑械卸写褍薪邪褉芯写薪芯谐芯 2,931194 5,862388
谐邪谢械褉械械 5,010635 10,021271
锌邪褉芯谢褜 0,013423 0,080538
锌邪褉芯谢褟 0,013423 0,053692
胁褘褋褌邪胁泻懈 3,624341 3,624341
写芯谢卸薪芯褋褌懈 3,912023 3,912023
锌械褉械泄写懈褌械 0,013423 0,013423
胁邪卸薪芯械蟹薪邪屑械薪懈褌芯褋褌懈褉芯褋褋懈褟 5,010635 5,010635
写械斜芯褕 2,708050 2,708050
胁褏芯写 0,013423 0,013423
懈褉懈薪邪 2,931194 2,931194
谢械褌懈械 4,317488 8,634976
懈褞薪褟 2,066196 2,066196
锌褉芯写褍泻褌褘 0,150823 0,150823
蟹邪泻褉褘褌芯 0,013423 0,013423
褍写邪谢械薪芯 0,013423 0,013423
褋泻芯谢褜泻芯 0,006689 0,006689
谐邪胁褉懈谢芯胁邪 0,013423 0,013423
屑邪褌械褉懈邪谢芯胁 0,013423 0,053692
锌芯斜械写褘 2,931194 2,931194
芯褌锌褉邪胁谢械薪邪 0,013423 0,013423
懈褌邪谢懈懈 2,525729 2,525729
褔邪褌械 0,013423 0,013423
锌芯谢褍褔懈谢 2,612740 2,612740
褏褍写芯卸薪懈泻 4,317488 4,317488
谐褉邪薪 5,010635 5,010635
泻褍锌懈褌褜 3,401197 3,401197
锌芯泄屑邪胁褕懈泄 5,010635 5,010635
锌褉芯褕谢邪 3,624341 7,248682
褉邪褋锌芯谢芯卸械薪薪芯屑褍 0,013423 0,026846
褔邪褌褍 0,013423 0,013423
褉芯写薪褘械 3,912023 3,912023
褉械写邪泻褑懈械泄 0,013423 0,013423
写械薪懈褋 3,624341 7,248682
芯斜屑邪薪褍胁褕懈械 5,010635 5,010635
屑邪谢械胁懈褔屑懈褉 5,010635 5,010635
芯褑械薪懈褌褜 4,317488 8,634976
褍褔褉械写懈褌械谢褜 0,013423 0,013423
褉邪褋褋屑芯褌褉械薪褘 0,013423 0,013423
胁褘谐谢褟写械谢懈 5,010635 5,010635
褉邪褋泻褍锌懈谢懈 5,010635 5,010635
斜械蟹褉褍泻芯胁屑芯褋泻懈薪芯褋械褉懈邪谢褘褔褌芯 5,010635 5,010635
芯褋泻邪褉 3,912023 3,912023
屑芯械 0,013423 0,026846
褋褋褘谢泻邪 0,013423 0,026846
褕邪褉屑 5,010635 5,010635
褋褋褘谢泻械 0,013423 0,013423
谢褞斜懈屑褘械 3,912023 3,912023
斜邪谢褍械胁褋械褉谐械泄 5,010635 5,010635
泻薪褟蟹褜 4,317488 8,634976
锌械褉械褌褟薪懈褌械 0,013423 0,013423
褋褋褘谢泻懈 0,013423 0,013423
锌褉邪蟹写薪懈泻懈薪芯胁褘泄 5,010635 5,010635
锌芯屑芯褔褜 0,013423 0,013423
邪褉褏懈胁 0,190354 0,190354
胁械薪械褑懈邪薪褋泻芯谐芯 5,010635 5,010635
褌褉懈褍屑褎 5,010635 5,010635
褋械褉锌褍褏芯胁械 5,010635 5,010635
屑芯写薪芯谐芯 5,010635 5,010635
芯褕懈斜泻邪褏 0,013423 0,013423
芯斜褟蟹邪褌械谢褜薪褘 0,013423 0,093961
胁褘锌褍褋泻邪 0,013423 0,013423
褋锌懈褋泻邪 0,013423 0,013423
褎芯褉屑芯泄 0,013423 0,053692
褉芯褋泻芯屑薪邪写蟹芯褉 0,013423 0,013423
褋邪屑邪褟 2,177422 8,709688
斜谢芯泻懈褉芯胁邪谢褋褟 0,013423 0,013423
邪泻褌褉懈褋邪 3,624341 10,873023
屑芯褋泻胁械 1,118815 8,950520
屑芯褋泻胁邪 0,006689 0,013378
褋械泻褉械褌 3,912023 3,912023
谐褉懈薪邪 5,010635 10,021271
屑邪褋褕褌邪斜薪褘泄 5,010635 10,021271
胁芯褋锌芯谢褜蟹芯胁邪褌褜褋褟 0,013423 0,013423
褝褉屑懈褌邪卸邪 5,010635 5,010635
胁邪谢械薪褌懈薪邪谢褞斜芯胁褜 5,010635 5,010635
胁褏芯写邪 0,013423 0,013423
褌邪斜邪泻芯胁 5,010635 5,010635
锌芯写屑芯褋泻芯胁薪芯屑 3,912023 3,912023
褋褌邪薪芯胁懈褌褜褋褟 5,010635 5,010635
褝褉屑懈褌邪卸械 5,010635 5,010635
泻褍谢褜褌褍褉邪屑芯褋泻胁邪械谐芯褉 5,010635 5,010635
屑芯褢 0,013423 0,013423
屑芯褋泻胁褍 2,612740 2,612740
褎械写械褉邪谢褜薪芯械 0,013423 0,013423
褎械写械褉邪谢褜薪芯泄 0,013423 0,013423
谢褍褔褕懈械 1,714798 1,714798
屑械卸写褍薪邪褉芯写薪芯械 0,013423 0,040269
邪褉屑懈懈 2,708050 2,708050
胁泻谢邪写 4,317488 8,634976
褌懈屑屑褘 5,010635 5,010635
斜褍写褍褌 0,013423 0,013423
泻褍谢褜褌褍褉邪褞褌邪 5,010635 5,010635
薪芯胁芯褋褌械泄 0,006689 0,013378
薪芯褟斜褉褟 1,714798 3,429597
褋械屑械褉褘褏 5,010635 5,010635
屑芯褋泻胁褘 1,455287 2,910574
薪芯胁芯谐芯写薪懈泄 2,708050 2,708050
锌芯谢懈褌懈泻芯泄 0,013423 0,040269
蟹邪褏邪褉芯胁邪谐芯褋褍写邪褉褋褌胁械薪薪褘泄 5,010635 5,010635
泻褍谢褜褌褍褉邪屑褍蟹械懈屑褍蟹械泄 4,317488 4,317488
芯褌屑械褌懈谢 2,931194 5,862388
芯斜褉邪斜芯褌泻懈 0,013423 0,026846
写邪褞 0,013423 0,026846
卸芯褉邪 5,010635 10,021271
卸懈蟹薪懈 2,120264 4,240527
芯斜褉邪斜芯褌泻褍 0,013423 0,026846
写褞卸械胁屑械写懈邪谢芯谐懈褟 5,010635 5,010635
谐褉邪屑屑芯褎芯薪 5,010635 5,010635
泻懈薪械屑邪褌芯谐褉邪褎懈褋褌芯胁 5,010635 5,010635
芯斜褉邪褌薪芯泄 0,013423 0,067115
褋谢芯胁邪 3,912023 7,824046
锌芯写泻邪褋褌褘 0,292136 0,292136
胁芯蟹谐谢邪胁懈谢邪 5,010635 10,021271
褉械写邪泻褑懈懈 0,013423 0,026846
褋屑械褉褌懈 2,708050 5,416100
芯斜褉邪褖械薪懈泄 0,013423 0,013423
胁褔械褉邪 1,576648 15,766481
褉邪褋泻褉褘谢 4,317488 4,317488
斜邪褋泻芯胁谢械胁 5,010635 5,010635
薪邪褕懈褏 3,064725 6,129450
褋芯谢芯写械薪泻芯 5,010635 10,021271
芯斜褉邪斜芯褌泻邪 0,013423 0,013423
褝褌芯 0,013423 0,013423
泻芯谢芯谐褉懈胁褘泄 5,010635 10,021271
褋邪锌褉褘泻懈薪邪 2,708050 2,708050
斜械蟹褉褍泻芯胁 5,010635 10,021271
泻褉褘卸芯胁薪懈泻芯胁 5,010635 10,021271
褋械蟹芯薪邪 2,813411 2,813411
屑懈褏邪懈谢芯屑 5,010635 5,010635
芯锌懈褋邪薪懈械屑 0,013423 0,013423
薪芯胁褍褞 0,013423 0,013423
锌械褉械谐褍写芯胁 5,010635 5,010635
屑邪褋褋芯胁褘褏 0,013423 0,013423
薪邪蟹胁邪谢懈 3,401197 6,802395
锌褉芯泄写械薪邪 0,013423 0,013423
芯褉谢械邪薪械 5,010635 5,010635
锌邪褌褉懈芯褌懈蟹屑械 4,317488 4,317488
懈褋锌芯谢褜蟹褍械褌褋褟 0,013423 0,013423
褌械邪褌褉械 3,912023 15,648092
蟹邪褉械谐懈褋褌褉懈褉芯胁邪褌褜褋褟 0,013423 0,053692
锌芯卸邪谢芯胁邪褌褜褋褟 0,013423 0,013423
褋械薪褌褟斜褉褟 1,514128 3,028255
谐邪谢械褉械褟褉芯褋褋懈褟薪芯胁芯褋褌懈 5,010635 5,010635
薪芯胁芯褋褌懈 0,006689 0,020067
胁芯泄褌懈 0,013423 0,053692
褋械褉懈邪谢 5,010635 10,021271
褝谢械泻褌褉芯薪薪芯泄 0,013423 0,013423
褕邪谐邪谢褋械褉谐械泄 5,010635 5,010635
芯斜褗褟胁谢械薪邪 5,010635 10,021271
芯褌屑械薪褘 3,912023 3,912023
蟹邪褏邪褉芯胁芯泄 5,010635 5,010635
胁芯蟹褉邪褋褌 2,813411 2,813411
屑懈褉械 0,274437 0,274437
褕懈谢芯胁褋泻邪褟邪谢械泻褋邪薪写褉 5,010635 5,010635
褝谢 0,013423 0,013423
屑邪泄写邪薪芯胁薪懈泻芯谢邪泄 5,010635 5,010635
写械泄褋褌胁懈褟 0,013423 0,013423
褉邪写懈芯 0,274437 0,274437
屑懈褉邪 1,791759 1,791759
蟹邪褖懈褌邪 0,013423 0,013423
锌械褌褉芯锌邪胁谢芯胁褋泻械 5,010635 5,010635
褋械褋褌褉褘 5,010635 10,021271
褉械谐懈褋褌褉邪褑懈褟 0,013423 0,040269
薪芯胁芯屑 3,218876 3,218876
屑褍蟹械懈 3,401197 3,401197
锌芯褔械屑褍 0,013423 0,026846
懈褋锌芯谢褜蟹芯胁邪薪懈褟 0,013423 0,013423
泻褉邪褋懈胁邪褟 4,317488 4,317488
胁芯褋褋褌邪薪芯胁谢械薪懈械 0,013423 0,067115
胁芯锌褉芯褋邪屑 0,013423 0,026846
屑懈褕械谢褜 5,010635 10,021271
谐芯褋褍写邪褉褋褌胁械薪薪芯械 0,013423 0,013423
褏邪薪褜褏褍褝泄 5,010635 5,010635
胁械写褜屑邪褏 5,010635 5,010635
褋褌械泄薪斜械褉谐 5,010635 5,010635
褎邪泻褌邪褏 3,624341 3,624341
锌褍褌懈薪邪谐械薪褌褋褌胁芯 5,010635 5,010635
胁泻芯薪褌邪泻褌械 0,013423 0,026846
褋锌械褑锌褉芯械泻褌褘 0,190354 0,190354
锌褉芯谐褉邪屑屑邪 4,317488 8,634976
锌褉芯褋懈屑 0,013423 0,013423
蟹邪褏邪褉芯胁邪 2,813411 5,626821
屑芯褋泻胁邪褉芯褋褋懈褟写芯薪斜邪褋褋胁芯芯褉褍卸械薪薪褘械 5,010635 5,010635
薪邪胁褋械谐写邪 0,013423 0,013423
薪邪褉褍褕械薪懈械 0,013423 0,040269
蟹邪斜谢芯泻懈褉芯胁邪薪 0,013423 0,013423
芯褕懈斜泻褍 0,013423 0,013423
斜褍写褜 5,010635 5,010635
蟹邪褖懈褌褘 0,013423 0,013423
屑褍谢褜褌褎懈谢褜屑 5,010635 5,010635
锌褍褌懈薪 1,514128 7,570639
薪邪蟹邪写 0,013423 0,067115
芯褌屑械薪械 3,912023 3,912023
芯斜褉邪褖械薪懈褟 0,013423 0,026846
褋褑械薪械 4,317488 12,952464
邪薪邪褋褌邪褋懈懈 5,010635 5,010635
懈谐褉褘 1,791759 1,791759
褎械胁褉邪谢褟 0,616186 24,031259
谢懈褋褌 3,064725 3,064725
谢褞写屑懈谢邪 3,912023 3,912023
邪褉械褋褌芯胁邪谢懈 3,401197 3,401197
褕芯褍斜懈蟹 3,624341 3,624341
屑懈薪褍褌 1,297063 1,297063
芯褕懈斜泻邪 0,013423 0,013423
懈薪褌械褉械褋薪芯谐芯 5,010635 5,010635
懈写褌懈 3,218876 6,437752
胁芯锌褉芯褋 0,006689 0,006689
褋胁褟褌芯谐芯 3,064725 3,064725
泻褍谢褜褌褍褉邪泻褍谢褜褌褍褉邪 5,010635 5,010635
蟹褍斜芯胁褋泻懈泄 0,013423 0,026846
褋邪屑褘褏 1,875141 5,625423
锌芯写褌胁械褉卸写邪械褌械 0,013423 0,013423
蟹邪锌芯谢薪懈褌褜 0,013423 0,026846
斜械蟹褉褍泻芯胁胁谢邪写懈屑懈褉 5,010635 5,010635
褌泻邪褔械薪泻芯 5,010635 5,010635
褌械邪褌褉屑芯褋泻芯胁褋泻懈泄 5,010635 5,010635
屑邪褉褌邪 1,678431 1,678431
芯褋褍褖械褋褌胁谢褟械褌褋褟 0,013423 0,013423
胁邪褕 0,013423 0,053692
懈屑褟 0,013423 0,067115
芯斜褖械褋褌胁芯 0,265703 0,265703
写褉褍谐懈械 0,013423 0,040269
褎褉邪薪褑褍蟹褋泻懈泄 3,912023 7,824046
薪邪写蟹芯褉褍 0,013423 0,013423
薪芯胁芯谐芯 1,678431 3,356862
褋褉芯泻 0,013423 0,026846
懈薪褌械褉胁褜褞 2,813411 8,440232
懈蟹写邪薪懈械 0,013423 0,013423
斜褍谢褜胁邪褉 0,013423 0,026846
邪泻褌褉懈褋褘 5,010635 5,010635
褏芯褌懈褌械 0,013423 0,013423
蟹邪锌芯谢薪懈褌械 0,013423 0,067115
泻邪褉褌懈薪邪屑 5,010635 5,010635
泻芯薪褑械褉褌 5,010635 5,010635
褌械褏薪芯谢芯谐懈泄 0,013423 0,026846
薪懈泻邪 5,010635 5,010635
褋械褌械胁芯械 0,013423 0,013423
锌谢邪薪懈褉褍械褌 3,624341 3,624341
褋褍懈薪褌芯薪 5,010635 5,010635
胁薪芯胁褜 0,013423 0,013423
邪胁谐褍褋褌 3,624341 7,248682
褋屑械薪懈褌褜 0,013423 0,013423
泻褍谢褜褌褍褉褘褔褌芯 5,010635 5,010635
褋胁懈写械褌械谢械泄 4,317488 4,317488
屑邪褌械褉懈邪谢 0,013423 0,013423
褍褔邪褋褌胁芯胁邪褌褜 0,013423 0,026846
褋芯芯斜褖懈褌褜 0,013423 0,013423
懈褋泻褍褋褋褌胁邪褌褉械褌褜褟泻芯胁褋泻邪褟 5,010635 5,010635
褋锌械泻褌邪泻谢褟 5,010635 10,021271
泻褍谢褜褌芯胁褘褏 5,010635 10,021271
褋邪屑褘械 2,238047 4,476093
褋锌械泻褌邪泻谢褜 5,010635 15,031906
褍褋锌械褕薪芯 0,013423 0,013423
褋泻褉懈薪褕芯褌 0,013423 0,040269
褋械褉懈邪谢褘 5,010635 10,021271
斜褉懈谐邪写邪 3,912023 7,824046
泻褍谢褜褌褍褉邪褉芯褋褋懈褟褉褋褎褋褉写械薪懈褋 5,010635 5,010635
泻褍谢褜褌褍褉褘 3,218876 12,875503
锌褉械褌械薪写械薪褌芯泻 5,010635 5,010635
谢械薪褌邪 0,006689 0,020067
蟹邪褏邪褉芯胁邪褔卸邪薪 5,010635 5,010635
锌芯褋芯谢褜褋褌胁芯 3,624341 3,624341
泻褍谢褜褌褍褉褘谢褞写屑懈谢邪 5,010635 5,010635
薪械芯卸懈写邪薪薪邪褟 5,010635 5,010635
锌谢邪薪械褌邪褉懈泄屑芯褋泻芯胁褋泻懈泄 5,010635 5,010635
蟹邪斜谢芯泻懈褉芯胁邪薪褘 0,013423 0,013423
褋锌芯褉褌 0,190354 0,190354
锌械褌械褉斜褍褉谐屑芯褋泻胁邪屑邪褉懈褟 5,010635 5,010635
懈褋泻谢褞褔懈谢懈 4,317488 4,317488
褋褎械褉械 0,013423 0,013423
褋胁懈写械褌械谢褜褋褌胁芯 0,013423 0,013423
褕芯褍 3,912023 7,824046
褏懈褌褘 4,317488 4,317488
褟薪泻芯胁褋泻懈泄 5,010635 5,010635
泻褍谢褜褌褍褉邪邪薪写褉懈褋 5,010635 5,010635
锌褉邪胁懈谢邪 0,013423 0,026846
褉芯谢懈 5,010635 5,010635
锌褉芯写芯谢卸械薪懈褟 5,010635 5,010635
胁蟹邪懈屑芯写械泄褋褌胁懈褟 0,013423 0,026846
褋锌懈胁邪泻芯胁谐械谢懈泻芯薪 5,010635 5,010635
斜褍谢邪薪芯胁邪 5,010635 5,010635
褋芯褏褉邪薪懈褌褜 0,013423 0,013423
懈薪褎芯褉屑邪褑懈芯薪薪芯械 0,013423 0,040269
泻褉邪褋薪芯谐芯褉褋泻械 5,010635 5,010635
泻褉邪泄 2,708050 2,708050
泻芯屑屑械薪褌懈褉芯胁邪薪懈褟 0,013423 0,026846
锌褉械褋褋 0,013423 0,026846
褉芯褋褋懈懈 0,395515 1,186544
锌褉懈屑械薪械薪懈褟 0,013423 0,013423
芯锌械褉邪 5,010635 5,010635
泻褍谢褜褌褍褉邪屑芯褋泻胁邪泻懈褌邪泄褉芯褋褋懈褟屑邪褉懈褟 5,010635 5,010635
斜褍褉褍薪芯胁 5,010635 5,010635
邪薪褕谢邪谐芯屑 5,010635 10,021271
褎械写械褉邪谢褜薪芯屑褍 0,013423 0,026846
谢褍薪薪褘泄 3,912023 3,912023
懈薪懈褑懈邪褌懈胁 3,912023 3,912023
锌械褉褋芯薪邪谢褜薪褘褏 0,013423 0,107384
谐芯写锌褉邪蟹写薪懈泻懈屑芯褋泻胁邪褉邪蟹胁谢械褔械薪懈褟芯褌写褘褏屑芯褋泻懈薪芯屑褍蟹械泄 5,010635 5,010635
褌褉械褌褜褟泻芯胁褋泻芯泄 5,010635 10,021271
锌褉芯懈蟹芯褕谢邪 0,013423 0,013423
卸械薪褖懈薪邪 2,813411 2,813411
胁邪卸薪芯械 2,525729 2,525729
褉芯褋褋懈泄褋泻懈械 2,238047 2,238047
斜芯谐芯屑芯谢芯胁邪 5,010635 5,010635
褉械卸懈褋褋械褉 4,317488 8,634976
写邪褌邪 0,013423 0,013423
胁邪褕械 0,013423 0,107384
褎械褋褌懈胁邪谢褟 3,912023 11,736069
褋邪泄褌械 0,013423 0,013423
胁邪褕懈 0,013423 0,013423
卸械薪褖懈薪褘 3,064725 3,064725
褋褌褉邪褌械谐懈褔械褋泻懈褏 3,624341 3,624341
泻懈薪芯泻邪褉褌懈薪 5,010635 5,010635
褎懈芯 0,013423 0,013423
泻芯屑锌芯蟹懈褌芯褉 5,010635 10,021271
胁芯褋褋褌邪薪芯胁懈褌褜 0,013423 0,013423
锌芯卸邪谢褍泄褋褌邪 0,013423 0,013423
褋胁芯 1,919593 1,919593
屑芯褋泻胁懈褔泻懈 5,010635 5,010635
锌芯泻邪蟹褘胁邪械褌 3,912023 3,912023
褎械褋褌懈胁邪谢褜 3,218876 6,437752
锌褉械屑褜械褉褘 5,010635 5,010635
胁褘褋褌褍锌谢械薪懈褟 3,912023 3,912023
泻懈褌邪泄褋泻懈泄 2,931194 11,724775
锌械胁懈褑邪 4,317488 4,317488
褟褉屑邪褉泻械 5,010635 5,010635
锌褉邪蟹写薪懈褔薪邪褟 2,931194 5,862388
泻褍谢褜褌褍褉邪芯写械褋褋邪薪芯胁芯褋褌懈 5,010635 5,010635
薪懈卸械 0,013423 0,040269
胁械褉褋懈褟 0,013423 0,013423
胁芯锌褉芯褋邪 0,013423 0,013423
褉芯褋褋懈褟 0,006689 0,053512
屑芯褋泻胁褘邪蟹懈褟泻懈褌邪泄 5,010635 5,010635
屑褏邪褌屑邪褉谐邪褉懈褌邪 5,010635 5,010635
褌械褋褌 2,931194 8,793581
锌芯谢褟 0,013423 0,093961
屑芯褋泻胁褘褔褌芯 4,317488 4,317488
褋屑芯褌褉械褌褜 2,708050 5,416100
泻芯薪褔邪谢芯胁褋泻懈泄 5,010635 5,010635
斜芯谐芯屑芯谢芯胁芯谢褜谐邪 5,010635 5,010635
蟹邪谐薪邪谢 4,317488 4,317488
褉邪褋褋泻邪蟹邪谢邪 2,445686 2,445686
褟薪胁邪褉褟 1,160488 9,283902
谐芯褋褍写邪褉褋褌胁械薪薪芯屑褍 0,013423 0,026846
锌褉械屑褜械褉邪 3,624341 14,497364
邪屑械褉懈泻邪薪褋泻芯谐芯 3,624341 3,624341
褉械谐懈褋褌褉邪褑懈懈 0,013423 0,026846
谐懈写 3,912023 7,824046
斜邪谢械褌邪薪邪褔邪褌褜 5,010635 5,010635
锌芯褉褍褔懈谢 3,912023 7,824046
屑邪薪械卸薪芯泄 3,624341 7,248682
泻褍谢褜褌褍褉邪芯斜褖械褋褌胁芯褉芯褋褋懈褟褋械褉谐械泄 5,010635 5,010635
褏懈屑泻懈薪褋泻懈褏 5,010635 5,010635
褋褌褍写懈褟 5,010635 5,010635
屑械薪褟谢懈 4,317488 4,317488
锌芯谢械 0,013423 0,013423
褋邪泄褌 0,013423 0,026846
写邪褉械 5,010635 5,010635
褋械褉胁懈褋褘 0,190354 0,190354
锌褉懈褔懈薪褍 5,010635 10,021271
锌芯写懈褍屑邪 5,010635 5,010635
蟹邪褉械谐懈褋褌褉懈褉芯胁邪薪芯 0,013423 0,013423
写褉褍谐芯械 0,013423 0,013423
褌褍褉懈蟹屑 0,283247 0,283247
锌芯写写械褉卸懈胁邪械褌褋褟锌芯谢褍褔懈褌褜 0,013423 0,013423
邪写褉械褋 0,013423 0,040269
褋芯芯褌胁械褌褋褌胁懈懈 0,013423 0,026846
懈屑锌褉械褋褋懈芯薪懈褋褌褘 5,010635 5,010635
蟹邪谐褉褍蟹懈褌械 0,013423 0,013423
写胁褍褏 2,014903 2,014903
褋芯芯斜褖械薪懈褟 0,013423 0,053692
胁邪卸薪芯械泻褍写邪 4,317488 8,634976
蟹邪谐褉褍蟹懈褌褜 0,013423 0,013423
褉芯褋褋懈泄褋泻懈褏 1,966113 1,966113
褌械邪褌褉 3,624341 10,873023
懈褋泻褍褋褋褌胁 3,624341 7,248682
泻懈薪芯 3,401197 6,802395
薪邪锌褉邪胁谢械薪懈懈 0,013423 0,013423
蟹邪屑械褔械薪薪褘褏 0,013423 0,013423
褌械谢械褎芯薪 0,013423 0,013423
芯褌锌褉邪胁泻懈 0,013423 0,013423
泻谢褍屑 5,010635 5,010635
屑褏邪褌 5,010635 10,021271
褋械屑械泄 3,401197 3,401197
谢邪斜邪褎邪 5,010635 5,010635
褍薪懈褌邪褉薪芯屑褍 0,013423 0,026846
褝屑芯褑懈芯薪邪谢褜薪邪褟 5,010635 5,010635
褌褉械斜褍械褌 2,813411 2,813411
邪泻褌械褉邪 2,708050 10,832201
泻懈褌邪泄褉芯褋褋懈褟锌械泻懈薪泻褍谢褜褌褍褉邪 5,010635 5,010635
邪胁褌芯褉 3,218876 3,218876
褋芯芯斜褖械薪懈械 0,013423 0,134230
褉械谐懈芯薪芯胁 3,218876 6,437752
胁褘斜械褉懈褌械 0,013423 0,040269
褋褌邪褉褘械 0,013423 0,013423
屑邪褉懈褟 2,931194 2,931194
谢褞褌邪械胁邪 5,010635 5,010635
锌芯锌褉芯斜褍泄褌械 0,013423 0,013423
褍屑械褉 2,813411 8,440232
泻褉褍褔械 5,010635 5,010635
胁芯褕谢懈 4,317488 4,317488
泻褍谢褜褌褍褉邪胁谢邪写懈屑懈褉 5,010635 5,010635
懈蟹褍屑褉褍写褘 5,010635 5,010635
芯卸懈写邪械屑褘械 5,010635 5,010635
褕械泄泻 5,010635 5,010635
褝褋褌褉邪写褘 5,010635 10,021271
褉芯褋褋懈泄褋泻芯谐芯 2,612740 5,225480
褌邪懈薪褋褌胁械薪薪褘泄 5,010635 5,010635
胁芯褋褜屑懈泻谢邪褋褋薪懈褑邪 5,010635 10,021271
屑邪褉谐邪褉懈褌邪 4,317488 4,317488
斜懈蟹薪械褋 3,064725 3,064725
蟹邪褖懈褌芯泄 0,013423 0,026846
褋褌邪褌褜懈 0,013423 0,013423
锌芯写褌胁械褉写懈褌械 0,013423 0,013423
邪胁褌芯褉懈蟹邪褑懈褟 0,013423 0,013423
褉械谢懈谐懈褟 0,283247 0,283247
褎芯褉屑邪 0,013423 0,013423
谢芯谐懈薪芯屑 0,013423 0,013423
写芯泻 5,010635 10,021271
褉械泄褌懈薪谐 0,006689 0,020067
谐邪谢芯褔泻褍 0,013423 0,013423
锌懈泻邪褋褋芯 5,010635 15,031906
褋芯芯斜褖懈谢邪 3,064725 3,064725
锌械褉械褌邪褖懈褌械 0,013423 0,040269
屑邪褌械褉懈邪谢械 0,013423 0,026846
锌褘褌泻邪屑懈 5,010635 5,010635
屑邪褋泻懈 3,912023 7,824046
泻褍谢褜褌褍褉邪 0,292136 4,382046
泻芯谢谢械谐懈 2,612740 2,612740
锌邪褑邪薪邪 5,010635 10,021271
屑邪褌械褉懈邪谢邪 0,013423 0,026846
锌褉芯懈褋褕械褋褌胁懈褟 0,292136 0,292136
泻褍谢褜褌褍褉褘胁褘褋褌邪胁泻懈泻褍写邪 5,010635 5,010635
写械褟褌械谢械泄 4,317488 4,317488
薪懈泻懈褌邪 3,912023 3,912023
胁邪褕械谐芯 0,013423 0,013423
锌邪褉芯谢械屑 0,013423 0,013423
褋锌芯褋芯斜褘 0,013423 0,026846
蟹邪褉械谐懈褋褌褉懈褉褍泄褌械褋褜 0,013423 0,013423
芯斜芯 0,013423 0,013423
褝褋褌褉邪写褘屑褍蟹褘泻邪褝褋褌褉邪写邪写械薪褜 5,010635 5,010635
褋褌褍写懈懈 5,010635 10,021271
屑褍蟹褘泻邪 3,624341 7,248682
薪械写胁懈卸懈屑芯褋褌褜 0,292136 0,292136
谐芯写泻懈褌邪泄褋泻懈泄 5,010635 5,010635
褞斜懈谢械泄薪褘泄 4,317488 4,317488
写懈褋泻褍褋褋懈懈 0,013423 0,026846
邪胁谐褍褋褌邪 2,120264 4,240527
褉械写邪泻褌芯褉 0,013423 0,013423
褑懈褎褉邪褏 5,010635 5,010635
褍薪懈褌邪褉薪芯械 0,013423 0,013423
褟薪懈褋邪 5,010635 5,010635
屑懈褏邪谢泻芯胁邪 5,010635 5,010635
褎芯褉屑褘 3,218876 3,218876
褋芯泻褉芯胁懈褖邪 4,317488 4,317488
屑邪褌懈褋褋邪 5,010635 10,021271
褋谢芯卸薪芯泄 3,624341 3,624341
锌褉懈械褏邪谢懈 3,401197 3,401197
泻褍懈薪写卸懈 5,010635 5,010635
褎芯褉屑褍 0,013423 0,093961
褌械屑邪 0,013423 0,040269
屑邪褌懈褋褋锌邪斜谢芯 5,010635 5,010635
械谐芯褉 5,010635 5,010635
芯褌锌褉邪胁谢械薪薪芯谐芯 0,013423 0,013423
谐芯褋褍写邪褉褋褌胁械薪薪褘泄 2,931194 2,931194
褍褔邪褋褌薪懈泻芯胁 2,371578 7,114734
褋胁褟蟹邪薪薪褘械 0,013423 0,013423
褉械泻芯屑械薪写邪褌械谢褜薪褘褏 0,013423 0,013423
邪褉泻褌懈泻懈 4,317488 4,317488
褋薪懈屑邪谢懈 5,010635 10,021271
写邪薪薪邪褟 0,013423 0,013423
褉邪蟹薪褘褏 2,177422 2,177422
芯斜褉邪褌薪邪褟 0,013423 0,026846
褉懈邪 0,006689 0,013378
胁褘褋褌邪胁芯泻 5,010635 5,010635
褋褏芯写懈褌褜 2,931194 11,724775
写芯褋褌芯褟薪懈械 5,010635 5,010635
锌褉芯褋褌邪胁谢褟褟 0,013423 0,013423
褋胁褟蟹邪薪薪褘褏 0,013423 0,013423
泻褉邪褋薪芯泄 3,064725 3,064725
芯锌懈褕懈褌械 0,013423 0,013423
芯斜褗械泻褌芯胁 3,624341 7,248682
蟹邪锌芯谢薪械薪懈褟 0,013423 0,093961
泻芯褋褘薪泻懈 5,010635 5,010635
锌芯谢械蟹薪芯械 0,182322 0,182322
泻褍谢褜褌褍褉邪褉芯褋褋懈褟褋邪薪泻褌 5,010635 5,010635
褔邪泄薪懈泻懈 5,010635 5,010635
谐芯写 0,967584 3,870336
褋谢褍卸斜械 0,013423 0,026846
屑邪褋泻邪褉邪写褘 4,317488 4,317488
褉械谢懈蟹芯胁 0,013423 0,013423
芯褌泻褉褘谢褋褟 3,624341 7,248682
胁邪褕懈褏 0,013423 0,026846
邪薪写褉械泄 2,445686 4,891372
锌芯褔褌褘 0,013423 0,013423
芯褌泻褉芯胁械薪薪芯械 5,010635 5,010635
芯泻褌褟斜褉褟 1,832581 3,665163
锌芯褉褌邪谢褜 5,010635 15,031906
褎械薪芯屑械薪 4,317488 4,317488
邪褉褏械芯谢芯谐懈褟 3,912023 3,912023
褌邪泄薪褘 2,813411 5,626821
褝屑屑懈 5,010635 5,010635
褌械褉薪械褉 5,010635 5,010635
锌芯泻邪蟹褘胁邪褞褌 5,010635 10,021271
薪懈泻芯谢邪褟 3,624341 3,624341
邪谐械薪褌褋褌胁芯 0,013423 0,040269
邪褉褌械屑 3,401197 3,401197
锌褉邪胁懈谢 0,013423 0,040269
褌邪写卸懈泻懈褋褌邪薪械 5,010635 5,010635
薪邪屑械泻薪褍谢 4,317488 8,634976
邪胁褌芯褉懈蟹芯胁邪褌褜褋褟 0,013423 0,013423
邪胁褌芯褉懈蟹褍泄褌械褋褜 0,013423 0,013423
蟹薪邪薪懈械 4,317488 4,317488
斜邪薪褖懈泻芯胁邪 5,010635 5,010635
芯谢懈屑锌懈泄褋泻芯泄 3,912023 3,912023
邪谐械薪褌褋褌胁邪 0,013423 0,013423
褋械谐芯写薪褟 0,013423 0,067115
褋褌芯谢懈褑 4,317488 4,317488
芯褉谢邪 5,010635 5,010635
褉邪褋褕懈褉械薪薪褘泄 0,013423 0,013423
褋屑懈 2,177422 4,354844
褋褗械屑泻邪褏 4,317488 8,634976
褋械褉懈邪谢芯胁 5,010635 10,021271
泻褍褉褌褍泻芯胁邪 5,010635 5,010635
褋褌褉邪薪褘 2,014903 2,014903
褝褉屑懈褌邪卸 4,317488 4,317488
薪芯胁褘械褋薪邪褔邪谢邪 0,013423 0,013423
泻褉邪褋芯褌褍 4,317488 4,317488
锌褉械写褋褌邪胁懈谢懈 4,317488 4,317488
懈薪褌褉懈谐懈 5,010635 5,010635
锌械褌械褉斜褍褉谐屑邪褉懈褟 5,010635 5,010635
褕邪锌泻邪 0,013423 0,013423
褋胁械褌 3,064725 3,064725
泻褍谢褜褌褍褉邪褉芯褋褋懈褟胁谢邪写懈屑懈褉 5,010635 5,010635
芯褌锌褉邪胁懈褌褜 0,013423 0,147653
锌褉芯写芯谢卸懈褌褜 0,013423 0,013423
邪薪薪褍 5,010635 5,010635
褉械褕械薪懈懈 0,013423 0,013423
褉邪褋褋泻邪蟹邪谢 1,347074 1,347074
泻邪褉褌懈薪褘屑芯褋泻胁邪邪薪褉懈 5,010635 5,010635
锌褉械屑懈懈 3,912023 7,824046
屑邪写芯薪薪褘 5,010635 5,010635
写械褌械泻褌懈胁薪褘褏 5,010635 10,021271
胁芯褋锌芯谢褜蟹褍泄褌械褋褜 0,013423 0,040269
芯褌泻褉芯械褌褋褟 5,010635 5,010635
褔械斜褍褉邪褕泻懈 5,010635 5,010635
褍褔邪褋褌懈械 0,006689 0,006689
邪泻泻邪褍薪褌 0,013423 0,053692
褉械泻褌芯褉芯屑 5,010635 5,010635
蟹邪褏邪褉芯胁邪泻懈薪芯薪芯胁芯褋褌懈 5,010635 5,010635
屑懈褋褋懈褋 5,010635 5,010635
褝泻芯薪芯屑懈泻邪 0,292136 0,292136
泻褍谢褜褌褍褉邪泻懈褌邪泄褉芯褋褋懈褟褋邪薪泻褌 5,010635 5,010635
锌褉芯褕械谢 3,218876 6,437752
泻芯薪褑械褉褌邪 5,010635 5,010635
芯斜褋褍卸写械薪懈械 0,013423 0,013423
邪薪薪邪 2,931194 2,931194
懈褋锌芯谢褜蟹芯胁邪褌褜 0,013423 0,013423
芯锌械褔邪褌泻邪 0,013423 0,013423
褍褋锌械褏邪 4,317488 4,317488
泻褍谢褜褌褍褉邪屑邪褉泻 5,010635 5,010635
褋芯褞蟹邪 3,401197 3,401197
斜谢芯泻懈褉芯胁泻懈 0,013423 0,013423
泻褍谢褜褌褍褉邪褋芯褔懈褉芯褋褋懈褟胁谢邪写懈屑懈褉 5,010635 5,010635
褌懈薪褘 5,010635 5,010635
褋褍褉芯胁褘泄 5,010635 5,010635
锌芯写邪谢懈 4,317488 4,317488
芯薪谢邪泄薪 0,013423 0,013423
蟹芯谢芯褌芯泄 3,624341 7,248682
锌芯锌褉懈胁械褌褋褌胁芯胁邪谢 5,010635 10,021271
写械褋褟褌褜 2,612740 2,612740
泻褍谢褜褌褍褉邪褉芯褋褋懈褟褋械褉谐械泄 5,010635 5,010635
泻芯薪褌邪泻褌芯胁 0,013423 0,013423
锌芯褔褌邪 0,013423 0,080538
懈褋褌芯褉懈褞 2,371578 2,371578
谢械褖械薪泻芯泻褍谢褜褌褍褉邪 5,010635 5,010635
斜懈谢械褌褘 4,317488 4,317488
屑芯写械谢懈 3,912023 3,912023
邪锌褉械谢褟 0,013423 0,013423
写芯褉芯谐懈械 3,401197 3,401197
蟹芯谢芯褌芯谐芯 4,317488 4,317488
褎邪屑懈谢懈褟 0,013423 0,013423
褕泻芯谢褘 3,064725 6,129450
薪邪屑懈 0,013423 0,093961
褟薪写械泻褋 0,013423 0,026846
褌邪褌褜褟薪邪 3,064725 9,194175
屑褍蟹褘泻邪谢褜薪芯谐芯 5,010635 10,021271
褍写邪谢懈谢懈 0,013423 0,040269
斜械蟹褉褍泻芯胁泻芯薪褋褌邪薪褌懈薪 5,010635 5,010635
屑邪褕泻芯胁写屑懈褌褉懈泄 5,010635 5,010635
谢懈斜芯 0,013423 0,013423
泻褍谢褜褌褍褉邪薪褜褞 5,010635 5,010635
胁邪泻邪薪褋懈懈 0,013423 0,013423
懈褋锌褘褌邪薪懈褟屑 4,317488 4,317488
邪泻泻邪褍薪褌褍 0,013423 0,013423
芯褌泻褉褘胁邪械屑芯谐芯 0,013423 0,026846
械褎褉械屑芯胁褘屑 5,010635 5,010635
薪邪卸懈屑邪褟 0,013423 0,013423
锌芯懈褋泻 0,013423 0,013423
胁邪屑懈 0,013423 0,013423
薪械写芯锌褍褋褌懈屑芯械 0,013423 0,013423
谢芯薪谐 5,010635 5,010635
锌芯卸邪谢芯胁邪谢懈褋褜 2,708050 2,708050
懈褋褌芯褉懈褔械褋泻懈泄 3,912023 7,824046
褋芯谐谢邪褋薪褘 0,013423 0,040269
懈褋褌械泻 0,013423 0,013423
谐械褉芯械胁 3,624341 7,248682
屑邪褟泻芯胁褋泻芯谐芯 4,317488 8,634976
胁芯蟹褉邪褋褌械 2,931194 2,931194
谢懈械锌邪褕泻芯谢邪 5,010635 5,010635
锌褉械写锌褉懈褟褌懈褞 0,013423 0,026846
褉械泻谢邪屑褘 0,013423 0,013423
胁薪懈屑邪薪懈械 0,013423 0,013423
锌褉懈薪懈屑邪褌褜 0,013423 0,013423
褋屑芯卸械褌械 0,013423 0,013423
锌谢芯褖邪写懈 4,317488 8,634976
谐芯写邪 0,006689 0,033445
褟褉泻懈褏 5,010635 5,010635
褎懈谢褜屑 3,624341 7,248682
褏邪写懈写 5,010635 5,010635
芯蟹薪邪泻芯屑谢械薪褘 0,013423 0,013423
锌芯泻邪卸褍褌 5,010635 10,021271
褟褉泻懈械 2,813411 8,440232
屑芯懈褏 0,013423 0,026846
锌褉械写锌褉懈褟褌懈械 0,013423 0,013423
泻芯褉薪褟褏 5,010635 5,010635
泻薪懈谐懈 3,912023 3,912023
薪邪褍泻邪 0,292136 0,292136
胁芯谢芯褔泻芯胁芯泄 5,010635 5,010635
褋械屑褜械 3,401197 3,401197
屑邪泄写邪薪芯胁 5,010635 10,021271
芯斜褋褍卸写械薪懈褟 0,013423 0,013423
斜褉懈谢谢懈邪薪褌褘 4,317488 4,317488
泻褍褉褕械胁械谢械 5,010635 5,010635
胁褌芯褉芯泄 2,445686 4,891372
斜谢芯泻懈褉芯胁泻芯泄 0,013423 0,040269
