годтс 5,010635 5,010635
законным 0,013423 0,013423
новый 0,013423 0,013423
рпл 2,371578 2,371578
тун 5,010635 5,010635
занял 5,010635 5,010635
найти 0,013423 0,013423
основанием 0,013423 0,013423
письмо 0,013423 0,013423
спасибо 0,013423 0,013423
теннис 2,525729 5,051457
ахмат 4,317488 4,317488
апл 2,612740 2,612740
фигурное 2,371578 2,371578
согласие 0,013423 0,026846
центр 0,190354 0,951769
доступ 0,013423 0,026846
миа 0,013423 0,093961
задать 0,013423 0,013423
теги 0,190354 0,190354
забил 5,010635 5,010635
автору 0,013423 0,013423
связаться 0,013423 0,080538
александр 1,455287 2,910574
виллиам 5,010635 5,010635
должны 0,013423 0,013423
г 0,013423 0,026846
д 0,013423 0,026846
реклама 0,190354 0,190354
фото 0,013423 0,026846
политика 0,013423 0,013423
лет 1,514128 1,514128
связь 0,006689 0,013378
й 2,014903 2,014903
алайбегович 5,010635 5,010635
готово 0,013423 0,026846
течение 0,013423 0,013423
исследований 3,401197 3,401197
вурмбранд 5,010635 5,010635
авто 2,238047 2,238047
информационных 0,013423 0,013423
размещения 0,013423 0,013423
рапид 5,010635 5,010635
сочи 2,238047 2,238047
футбол 2,445686 19,565487
конфиденциальности 0,013423 0,053692
связи 0,013423 0,080538
заголовок 0,013423 0,026846
процесса 0,013423 0,013423
аякс 5,010635 5,010635
адресу 0,013423 0,026846
проблему 0,013423 0,013423
црвена 2,612740 2,612740
этан 5,010635 5,010635
лиг 3,064725 27,582526
время 0,013423 0,013423
данных 0,013423 0,107384
грозненский 5,010635 5,010635
письма 0,013423 0,013423
часов 0,013423 0,026846
соглашаетесь 0,013423 0,013423
ранее 0,013423 0,013423
восстановления 0,013423 0,013423
амоако 5,010635 5,010635
главный 0,013423 0,013423
данные 0,013423 0,013423
сборную 5,010635 5,010635
псв 5,010635 5,010635
разблокировать 0,013423 0,040269
город 0,013423 0,013423
италия 2,708050 2,708050
фотографию 0,013423 0,013423
обращаем 0,013423 0,013423
отправлено 0,013423 0,013423
написать 0,013423 0,013423
новостеймолния 0,013423 0,013423
одноклассники 0,013423 0,026846
сначала 0,013423 0,013423
показать 0,013423 0,013423
кнопку 0,013423 0,013423
коммуникаций 0,013423 0,013423
международного 2,931194 2,931194
пароль 0,013423 0,080538
пароля 0,013423 0,053692
сыграл 5,010635 5,010635
эсмир 5,010635 5,010635
перейдите 0,013423 0,013423
вход 0,013423 0,013423
мамаду 5,010635 5,010635
продукты 0,150823 0,150823
читать 0,851752 0,851752
закрыто 0,013423 0,013423
удалено 0,013423 0,013423
гомес 5,010635 5,010635
сколько 0,006689 0,006689
гаврилова 0,013423 0,013423
материалов 0,013423 0,040269
отправлена 0,013423 0,013423
чате 0,013423 0,013423
расположенному 0,013423 0,026846
чату 0,013423 0,013423
редакцией 0,013423 0,013423
всем 1,455287 1,455287
биатлон 2,525729 2,525729
футболист 3,912023 3,912023
активе 5,010635 5,010635
учредитель 0,013423 0,013423
рассмотрены 0,013423 0,013423
мое 0,013423 0,026846
ссылка 0,013423 0,026846
пфк 5,010635 15,031906
ссылке 0,013423 0,013423
перетяните 0,013423 0,013423
ссылки 0,013423 0,013423
помочь 0,013423 0,013423
архив 0,190354 0,190354
единоборства 2,525729 2,525729
ноттингем 2,612740 2,612740
ошибках 0,013423 0,013423
обязательны 0,013423 0,093961
выпуска 0,013423 0,013423
списка 0,013423 0,013423
формой 0,013423 0,053692
роскомнадзор 0,013423 0,013423
мячей 5,010635 5,010635
среди 2,813411 2,813411
блокировался 0,013423 0,013423
москва 0,006689 0,026756
воспользоваться 0,013423 0,013423
входа 0,013423 0,013423
моё 0,013423 0,013423
федеральное 0,013423 0,013423
федеральной 0,013423 0,013423
жеовани 5,010635 5,010635
международное 0,013423 0,040269
селтик 2,612740 2,612740
будут 0,013423 0,013423
выступает 5,010635 5,010635
новостей 0,006689 0,006689
матча 4,317488 4,317488
команды 3,912023 3,912023
лучших 1,832581 16,493233
политикой 0,013423 0,040269
десятку 3,064725 27,582526
обработки 0,013423 0,026846
даю 0,013423 0,026846
сезоне 4,317488 4,317488
перейти 1,203973 3,611918
обработку 0,013423 0,026846
обратной 0,013423 0,067115
редакции 0,013423 0,026846
обращений 0,013423 0,013423
десятка 5,010635 5,010635
обработка 0,013423 0,013423
это 0,013423 0,013423
сильнейших 5,010635 10,021271
глебова 5,010635 5,010635
футболистов 5,010635 5,010635
две 2,177422 2,177422
описанием 0,013423 0,013423
новую 0,013423 0,013423
лада 2,612740 2,612740
массовых 0,013423 0,013423
футболспорткирилл 5,010635 5,010635
завоевал 3,912023 3,912023
пройдена 0,013423 0,013423
используется 0,013423 0,013423
штутгарт 2,612740 2,612740
зарегистрироваться 0,013423 0,053692
пожаловаться 0,013423 0,013423
новости 0,006689 0,086957
войти 0,013423 0,053692
нхл 2,525729 2,525729
электронной 0,013423 0,013423
эл 0,013423 0,013423
действия 0,013423 0,026846
порту 5,010635 5,010635
мира 1,791759 3,583519
дзен 0,851752 0,851752
защита 0,013423 0,013423
регистрация 0,013423 0,040269
глебову 5,010635 5,010635
почему 0,013423 0,013423
использования 0,013423 0,013423
восстановление 0,013423 0,040269
вопросам 0,013423 0,026846
брюгге 5,010635 5,010635
германия 3,064725 3,064725
государственное 0,013423 0,013423
завершен 2,525729 2,525729
игровых 5,010635 5,010635
норшелланн 5,010635 5,010635
вконтакте 0,013423 0,026846
спецпроекты 0,190354 0,190354
просим 0,013423 0,013423
футболе 5,010635 5,010635
навсегда 0,013423 0,013423
нарушение 0,013423 0,040269
заблокирован 0,013423 0,013423
ошибку 0,013423 0,013423
защиты 0,013423 0,013423
глебов 5,010635 50,106353
назад 0,013423 0,067115
обращения 0,013423 0,026846
зальцбург 5,010635 5,010635
действий 3,624341 7,248682
минут 1,297063 3,891190
ошибка 0,013423 0,013423
вопрос 0,006689 0,006689
зубовский 0,013423 0,026846
подтверждаете 0,013423 0,013423
заполнить 0,013423 0,026846
пяти 3,218876 3,218876
московского 2,813411 5,626821
осуществляется 0,013423 0,013423
ваш 0,013423 0,053692
имя 0,013423 0,067115
другие 0,013423 0,026846
главное 1,752539 1,752539
надзору 0,013423 0,013423
срок 0,013423 0,026846
издание 0,013423 0,013423
бульвар 0,013423 0,026846
бундеслига 2,612740 2,612740
хотите 0,013423 0,013423
заполните 0,013423 0,067115
технологий 0,013423 0,026846
сетевое 0,013423 0,013423
вновь 0,013423 0,013423
англия 4,317488 4,317488
фев 1,399717 1,399717
сменить 0,013423 0,013423
материал 0,013423 0,013423
участвовать 0,013423 0,026846
лилль 2,612740 2,612740
сообщить 0,013423 0,013423
образом 2,302585 2,302585
успешно 0,013423 0,013423
скриншот 0,013423 0,040269
лента 0,006689 0,013378
ак 2,612740 2,612740
заблокированы 0,013423 0,013423
спорт 0,190354 2,093891
сфере 0,013423 0,013423
франция 3,624341 3,624341
нападающих 5,010635 10,021271
перерыв 2,525729 2,525729
свидетельство 0,013423 0,013423
вингер 5,010635 5,010635
правила 0,013423 0,026846
взаимодействия 0,013423 0,026846
сохранить 0,013423 0,013423
информационное 0,013423 0,040269
комментирования 0,013423 0,026846
составе 3,218876 3,218876
вошел 2,813411 25,320696
зож 2,302585 2,302585
кхл 2,525729 2,525729
пресс 0,013423 0,026846
россии 0,395515 0,791030
применения 0,013423 0,013423
результатам 2,445686 2,445686
диакон 5,010635 5,010635
правах 4,317488 4,317488
федеральному 0,013423 0,026846
персональных 0,013423 0,107384
произошла 0,013423 0,013423
игрок 2,813411 16,880464
мика 4,317488 4,317488
дата 0,013423 0,013423
ваше 0,013423 0,107384
сайте 0,013423 0,013423
выступающих 5,010635 15,031906
ваши 0,013423 0,013423
спортивных 3,624341 3,624341
фио 0,013423 0,013423
восстановить 0,013423 0,013423
кирилл 1,919593 13,437150
пожалуйста 0,013423 0,013423
клубах 4,317488 4,317488
испания 4,317488 4,317488
аренды 5,010635 5,010635
передач 4,317488 4,317488
ниже 0,013423 0,040269
версия 0,013423 0,013423
вопроса 0,013423 0,013423
россия 0,006689 0,080268
поля 0,013423 0,093961
шесть 2,708050 2,708050
глебовпфк 5,010635 5,010635
голевых 5,010635 10,021271
европы 2,238047 2,238047
версии 3,218876 3,218876
государственному 0,013423 0,026846
регистрации 0,013423 0,026846
поле 0,013423 0,013423
сайт 0,013423 0,026846
выглядит 3,912023 3,912023
сервисы 0,190354 0,190354
зарегистрировано 0,013423 0,013423
другое 0,013423 0,013423
поддерживаетсяполучить 0,013423 0,013423
адрес 0,013423 0,040269
соответствии 0,013423 0,026846
загрузите 0,013423 0,013423
сообщения 0,013423 0,053692
загрузить 0,013423 0,013423
направлении 0,013423 0,013423
замеченных 0,013423 0,013423
телефон 0,013423 0,013423
отправки 0,013423 0,013423
голевого 5,010635 5,010635
унитарному 0,013423 0,026846
кубка 3,912023 3,912023
паок 2,612740 2,612740
обновлено 1,003302 1,003302
числу 3,912023 3,912023
сообщение 0,013423 0,134230
выберите 0,013423 0,040269
старые 0,013423 0,013423
сет 2,612740 2,612740
попробуйте 0,013423 0,013423
мото 2,525729 2,525729
евролига 2,612740 2,612740
защитой 0,013423 0,026846
статьи 0,013423 0,013423
среднем 2,931194 2,931194
фенербахче 2,612740 2,612740
подтвердите 0,013423 0,013423
авторизация 0,013423 0,013423
форма 0,013423 0,013423
логином 0,013423 0,013423
сельта 2,612740 2,612740
рейтинг 0,006689 0,006689
галочку 0,013423 0,013423
контакты 2,120264 2,120264
перетащите 0,013423 0,040269
материале 0,013423 0,026846
материала 0,013423 0,026846
вашего 0,013423 0,013423
паролем 0,013423 0,013423
способы 0,013423 0,026846
зарегистрируйтесь 0,013423 0,013423
обо 0,013423 0,013423
дискуссии 0,013423 0,026846
редактор 0,013423 0,013423
фгуп 0,499776 2,498879
нба 2,612740 2,612740
унитарное 0,013423 0,013423
мейхтри 5,010635 5,010635
суперкубок 5,010635 5,010635
восьмое 5,010635 5,010635
форму 0,013423 0,093961
тема 0,013423 0,040269
хачанов 2,612740 2,612740
хоккей 2,238047 6,714140
отправленного 0,013423 0,013423
связанные 0,013423 0,013423
рекомендательных 0,013423 0,013423
спортинг 5,010635 5,010635
данная 0,013423 0,013423
обратная 0,013423 0,026846
риа 0,006689 0,080268
анализ 3,064725 3,064725
серия 2,525729 2,525729
цска 2,813411 42,201161
проставляя 0,013423 0,013423
связанных 0,013423 0,013423
опишите 0,013423 0,013423
заполнения 0,013423 0,093961
полезное 0,182322 0,182322
службе 0,013423 0,013423
медиабанк 1,321756 1,321756
релизов 0,013423 0,013423
ваших 0,013423 0,026846
совершает 4,317488 4,317488
ко 2,177422 2,177422
матч 2,238047 8,952186
почты 0,013423 0,013423
ла 2,612740 2,612740
агентство 0,013423 0,040269
динамо 2,238047 2,238047
следующим 3,218876 3,218876
правил 0,013423 0,040269
джуниор 5,010635 5,010635
вне 3,401197 6,802395
авторизоваться 0,013423 0,013423
авторизуйтесь 0,013423 0,013423
вингеров 3,064725 21,453076
агентства 0,013423 0,013423
сегодня 0,013423 0,134230
расширенный 0,013423 0,013423
агентстве 2,525729 2,525729
страны 2,014903 2,014903
крайних 5,010635 10,021271
новыесначала 0,013423 0,013423
медиабанккирилл 5,010635 5,010635
шапка 0,013423 0,013423
место 1,832581 1,832581
отправить 0,013423 0,147653
продолжить 0,013423 0,013423
перешел 3,912023 3,912023
решении 0,013423 0,013423
лига 2,371578 9,486312
байрактаревич 5,010635 5,010635
количеству 3,912023 7,824046
воспользуйтесь 0,013423 0,040269
принс 5,010635 5,010635
участие 0,006689 0,006689
архивное 1,373049 1,373049
аккаунт 0,013423 0,053692
топ 2,708050 18,956351
обсуждение 0,013423 0,013423
использовать 0,013423 0,013423
опечатка 0,013423 0,013423
барс 2,612740 2,612740
центра 3,064725 3,064725
блокировки 0,013423 0,013423
онлайн 0,013423 0,013423
контактов 0,013423 0,013423
керим 5,010635 5,010635
почта 0,013423 0,080538
апреля 0,013423 0,013423
фамилия 0,013423 0,013423
звезда 2,612740 2,612740
московской 3,401197 3,401197
нами 0,013423 0,093961
яндекс 0,013423 0,026846
удалили 0,013423 0,040269
либо 0,013423 0,013423
согласно 2,371578 2,371578
вакансии 0,013423 0,013423
аккаунту 0,013423 0,013423
проведен 5,010635 5,010635
открываемого 0,013423 0,026846
нажимая 0,013423 0,013423
поиск 0,013423 0,013423
вами 0,013423 0,013423
недопустимое 0,013423 0,013423
франц 5,010635 5,010635
согласны 0,013423 0,040269
истек 0,013423 0,013423
голов 5,010635 5,010635
катание 2,302585 2,302585
возрасте 2,931194 5,862388
предприятию 0,013423 0,026846
рекламы 0,013423 0,013423
внимание 0,013423 0,013423
принимать 0,013423 0,013423
николаус 5,010635 5,010635
кенда 5,010635 5,010635
алькарас 2,612740 2,612740
сможете 0,013423 0,013423
года 0,006689 0,066890
текущем 4,317488 4,317488
встречи 2,445686 2,445686
ознакомлены 0,013423 0,013423
моих 0,013423 0,026846
вильф 5,010635 10,021271
предприятие 0,013423 0,013423
форрест 2,612740 2,612740
чемпионов 2,612740 2,612740
обсуждения 0,013423 0,013423
блокировкой 0,013423 0,040269
