энергоатома 5,010635 5,010635
законным 0,013423 0,013423
детства 3,064725 3,064725
энергоатоме 5,010635 5,010635
угрозах 5,010635 5,010635
новый 0,013423 0,013423
день 1,203973 1,203973
галущенко 5,010635 70,148894
новые 1,643339 9,860037
найти 0,013423 0,013423
основанием 0,013423 0,013423
ожидает 4,317488 4,317488
письмо 0,013423 0,013423
спасибо 0,013423 0,013423
партнеров 3,624341 3,624341
согласие 0,013423 0,026846
центр 0,190354 0,190354
прекращает 5,010635 5,010635
удар 3,064725 3,064725
менее 2,177422 2,177422
доступ 0,013423 0,026846
миа 0,013423 0,093961
задать 0,013423 0,013423
теги 0,190354 0,190354
автору 0,013423 0,013423
мало 3,218876 3,218876
выделять 4,317488 4,317488
управляют 5,010635 5,010635
сведениям 4,317488 4,317488
связаться 0,013423 0,080538
одни 5,010635 5,010635
остался 3,912023 3,912023
александр 1,455287 4,365862
бывшего 3,401197 6,802395
таких 2,371578 2,371578
табличка 5,010635 5,010635
заплатил 4,317488 4,317488
должны 0,013423 0,013423
г 0,013423 0,026846
открытых 4,317488 4,317488
д 0,013423 0,026846
схем 5,010635 5,010635
реклама 0,190354 0,190354
фото 0,013423 0,013423
аномально 3,912023 3,912023
политика 0,013423 0,026846
связь 0,006689 0,013378
й 2,014903 2,014903
ста 4,317488 8,634976
готово 0,013423 0,026846
суд 2,066196 2,066196
экс 2,708050 13,540251
течение 0,013423 0,013423
здании 5,010635 10,021271
здание 3,624341 3,624341
украинакиевевропагерман 5,010635 5,010635
антикоррупционных 5,010635 5,010635
информационных 0,013423 0,013423
денег 2,708050 2,708050
назвал 1,875141 1,875141
размещения 0,013423 0,013423
делу 3,401197 3,401197
пор 2,708050 5,416100
конфиденциальности 0,013423 0,053692
учебу 5,010635 5,010635
связи 0,013423 0,093961
запад 2,302585 13,815511
заголовок 0,013423 0,026846
поезда 5,010635 5,010635
тимур 3,218876 12,875503
продолжает 3,218876 6,437752
миронюк 5,010635 5,010635
махинациях 5,010635 5,010635
большую 3,064725 3,064725
дело 1,919593 1,919593
процесса 0,013423 0,013423
адресу 0,013423 0,026846
обнаружили 4,317488 4,317488
проблему 0,013423 0,013423
спецслужб 5,010635 5,010635
национальное 4,317488 12,952464
деле 2,612740 2,612740
коррумпированности 5,010635 5,010635
бывший 3,218876 6,437752
отмечает 1,966113 1,966113
весной 3,401197 3,401197
время 0,013423 0,040269
данных 0,013423 0,107384
прослушку 5,010635 5,010635
медиабанкдепутаты 5,010635 5,010635
обвинений 4,317488 4,317488
волнует 5,010635 5,010635
письма 0,013423 0,013423
недавно 3,624341 3,624341
шефир 5,010635 5,010635
часов 0,013423 0,026846
соглашаетесь 0,013423 0,013423
ранее 0,013423 0,013423
восстановления 0,013423 0,013423
главный 0,013423 0,013423
данные 0,013423 0,013423
новых 2,931194 5,862388
сидят 5,010635 5,010635
сергей 1,609438 1,609438
антикоррупционная 5,010635 5,010635
разблокировать 0,013423 0,040269
город 0,013423 0,013423
украина 1,875141 7,500564
готовит 4,317488 4,317488
одной 2,120264 2,120264
украинцев 2,525729 2,525729
фотографию 0,013423 0,013423
рук 3,401197 3,401197
обращаем 0,013423 0,013423
отправлено 0,013423 0,013423
написать 0,013423 0,013423
новостеймолния 0,013423 0,013423
украине 1,427116 2,854233
спецслужбах 5,010635 5,010635
обвинили 4,317488 8,634976
одноклассники 0,013423 0,026846
сначала 0,013423 0,013423
покинул 3,624341 3,624341
миллиона 3,624341 3,624341
киевского 4,317488 8,634976
фурсенко 5,010635 5,010635
украины 1,832581 32,986466
украинской 2,445686 2,445686
показать 0,013423 0,013423
кнопку 0,013423 0,013423
коммуникаций 0,013423 0,013423
прежнему 5,010635 5,010635
переквалифицировали 5,010635 5,010635
обратили 4,317488 4,317488
пароль 0,013423 0,080538
пароля 0,013423 0,053692
флаги 3,912023 15,648092
хотя 2,371578 2,371578
делают 2,931194 2,931194
неполных 5,010635 5,010635
паула 5,010635 5,010635
однако 1,966113 1,966113
перейдите 0,013423 0,013423
киеве 2,612740 33,965620
вход 0,013423 0,013423
продукты 0,150823 0,150823
читать 0,851752 0,851752
закрыто 0,013423 0,013423
удалено 0,013423 0,013423
сколько 0,006689 0,006689
гаврилова 0,013423 0,013423
материалов 0,013423 0,040269
отправлена 0,013423 0,013423
чате 0,013423 0,013423
сферах 5,010635 5,010635
сизо 4,317488 8,634976
киеву 3,912023 3,912023
стороны 2,238047 2,238047
символикой 4,317488 8,634976
расположенному 0,013423 0,026846
чату 0,013423 0,013423
копейки 5,010635 5,010635
редакцией 0,013423 0,013423
дудчак 5,010635 5,010635
обязательно 2,931194 2,931194
охраной 5,010635 5,010635
люди 2,238047 2,238047
полностью 2,014903 2,014903
председателя 3,624341 3,624341
продолжат 5,010635 5,010635
денис 3,624341 3,624341
энергоатомслужба 5,010635 5,010635
учредитель 0,013423 0,013423
еврокомиссии 4,317488 4,317488
рассмотрены 0,013423 0,013423
лишь 2,371578 2,371578
органов 4,317488 4,317488
украинывладимир 5,010635 5,010635
отнюдь 5,010635 5,010635
мое 0,013423 0,026846
сомневается 5,010635 5,010635
ссылка 0,013423 0,026846
говорит 2,014903 2,014903
одного 2,612740 10,450960
ссылке 0,013423 0,013423
энергоатом 5,010635 15,031906
долларов 2,931194 14,655969
перетяните 0,013423 0,013423
ссылки 0,013423 0,013423
помочь 0,013423 0,013423
архив 0,190354 0,190354
устименко 5,010635 5,010635
назначил 5,010635 5,010635
леся 5,010635 5,010635
ошибках 0,013423 0,013423
обязательны 0,013423 0,093961
набу 4,317488 38,857393
активности 4,317488 4,317488
специализированная 5,010635 5,010635
выпуска 0,013423 0,013423
списка 0,013423 0,013423
формой 0,013423 0,053692
роскомнадзор 0,013423 0,013423
требовал 4,317488 4,317488
интересам 5,010635 5,010635
возобновилась 5,010635 5,010635
офиса 3,401197 6,802395
допрос 5,010635 5,010635
блокировался 0,013423 0,013423
кредиты 2,813411 2,813411
утверждает 3,218876 3,218876
живет 3,912023 3,912023
железняк 5,010635 10,021271
исключено 3,912023 3,912023
москва 0,006689 0,020067
воспользоваться 0,013423 0,013423
входа 0,013423 0,013423
уволенного 5,010635 5,010635
моё 0,013423 0,013423
ездит 5,010635 5,010635
швейцарии 3,624341 3,624341
федеральное 0,013423 0,013423
официально 3,624341 3,624341
финансист 4,317488 4,317488
купе 5,010635 10,021271
федеральной 0,013423 0,013423
медиабанкбывший 4,317488 4,317488
международное 0,013423 0,040269
смаглюк 5,010635 5,010635
потрясло 3,401197 20,407184
зеленскому 4,317488 4,317488
аресты 3,401197 20,407184
деньги 2,445686 2,445686
будут 0,013423 0,013423
новостей 0,006689 0,006689
верховной 3,912023 7,824046
энергетики 3,218876 16,094379
галущенкотимур 5,010635 5,010635
взятками 5,010635 5,010635
политикой 0,013423 0,040269
обработки 0,013423 0,026846
даю 0,013423 0,026846
перейти 1,203973 12,039728
операции 3,064725 3,064725
подразделений 5,010635 5,010635
устроить 4,317488 4,317488
украинских 3,401197 3,401197
обработку 0,013423 0,026846
обратной 0,013423 0,067115
колледже 5,010635 5,010635
подкасты 0,292136 0,292136
редакции 0,013423 0,026846
обращений 0,013423 0,013423
очиститься 5,010635 5,010635
кого 2,708050 2,708050
медиабанктабличка 5,010635 5,010635
миндич 5,010635 25,053176
обработка 0,013423 0,013423
отпущения 4,317488 4,317488
это 0,013423 0,080538
сыновей 5,010635 5,010635
этим 2,238047 2,238047
лояльных 5,010635 5,010635
помог 4,317488 4,317488
случится 3,912023 3,912023
прямой 3,912023 3,912023
описанием 0,013423 0,013423
новую 0,013423 0,013423
вряд 3,912023 3,912023
массовых 0,013423 0,013423
бэк 5,010635 5,010635
детей 2,302585 2,302585
пройдена 0,013423 0,013423
понятно 3,624341 3,624341
народа 3,624341 3,624341
используется 0,013423 0,013423
зарегистрироваться 0,013423 0,053692
пожаловаться 0,013423 0,013423
цен 3,624341 3,624341
комиссии 3,624341 3,624341
новости 0,006689 0,153847
войти 0,013423 0,053692
электронной 0,013423 0,013423
банковой 5,010635 5,010635
миндича 4,317488 8,634976
мире 0,274437 0,274437
эл 0,013423 0,013423
действия 0,013423 0,026846
устойчивость 5,010635 10,021271
радио 0,274437 0,274437
дзен 0,851752 0,851752
защита 0,013423 0,013423
ответил 2,708050 16,248301
регистрация 0,013423 0,040269
минимум 2,612740 2,612740
почему 0,013423 0,026846
использования 0,013423 0,013423
власти 2,525729 7,577186
директор 2,708050 2,708050
восстановление 0,013423 0,040269
вопросам 0,013423 0,026846
покладом 5,010635 5,010635
госкомпания 5,010635 5,010635
государственное 0,013423 0,013423
лояльности 3,912023 3,912023
вконтакте 0,013423 0,026846
спецпроекты 0,190354 0,190354
затем 1,791759 1,791759
просим 0,013423 0,013423
навсегда 0,013423 0,013423
нарушение 0,013423 0,040269
заблокирован 0,013423 0,013423
ошибку 0,013423 0,013423
защиты 0,013423 0,013423
медиабанкгосударственные 5,010635 5,010635
антикоррупционными 5,010635 5,010635
предыдущих 3,912023 3,912023
назад 0,013423 0,067115
обращения 0,013423 0,026846
крестных 4,317488 4,317488
зеленскийандрей 5,010635 5,010635
февраля 0,616186 0,616186
людмила 3,912023 3,912023
ошибка 0,013423 0,013423
заключает 4,317488 4,317488
вопрос 0,006689 0,006689
зубовский 0,013423 0,026846
подтверждаете 0,013423 0,013423
заполнить 0,013423 0,026846
частном 4,317488 4,317488
министра 3,401197 13,604790
миндичнациональное 5,010635 5,010635
осуществляется 0,013423 0,013423
ваш 0,013423 0,053692
обвиняемые 5,010635 5,010635
имя 0,013423 0,067115
общество 0,265703 0,265703
другие 0,013423 0,040269
подвижки 5,010635 5,010635
потеряла 4,317488 4,317488
надзору 0,013423 0,013423
другим 3,624341 3,624341
пирамиды 5,010635 5,010635
срок 0,013423 0,040269
прокуратура 3,624341 3,624341
отмывались 5,010635 5,010635
издание 0,013423 0,013423
бульвар 0,013423 0,026846
хотите 0,013423 0,013423
заполните 0,013423 0,067115
технологий 0,013423 0,026846
сетевое 0,013423 0,013423
спецслужбы 5,010635 5,010635
встретился 3,912023 3,912023
мидас 5,010635 10,021271
источников 3,401197 3,401197
вновь 0,013423 0,013423
фев 1,399717 1,399717
сменить 0,013423 0,013423
свидетелей 4,317488 4,317488
материал 0,013423 0,013423
участвовать 0,013423 0,026846
вступлении 3,912023 3,912023
сообщить 0,013423 0,013423
операцией 5,010635 5,010635
вершине 4,317488 4,317488
ермак 4,317488 17,269952
успешно 0,013423 0,013423
скриншот 0,013423 0,040269
вывести 5,010635 5,010635
сап 5,010635 15,031906
зеленского 2,177422 21,774220
уверены 3,401197 3,401197
лента 0,006689 0,013378
указаны 4,317488 4,317488
арест 3,218876 9,656627
главы 2,931194 2,931194
собеседник 3,401197 3,401197
заблокированы 0,013423 0,013423
спорт 0,190354 0,190354
сфере 0,013423 0,013423
прошлом 3,624341 3,624341
высшего 4,317488 8,634976
свидетельство 0,013423 0,013423
борьба 5,010635 10,021271
проверки 3,064725 3,064725
четыре 2,612740 7,838220
пристально 4,317488 4,317488
правила 0,013423 0,026846
сбу 3,912023 19,560115
друг 3,401197 3,401197
взаимодействия 0,013423 0,026846
пиньо 5,010635 5,010635
антикоррупционное 5,010635 20,042541
плохо 3,401197 3,401197
борьбу 5,010635 5,010635
диктатор 5,010635 5,010635
намерены 4,317488 4,317488
глава 2,612740 5,225480
сохранить 0,013423 0,013423
принял 3,401197 3,401197
информационное 0,013423 0,040269
комментирования 0,013423 0,026846
александром 5,010635 5,010635
шестьсот 4,317488 4,317488
поступили 4,317488 4,317488
схеме 3,624341 3,624341
пресс 0,013423 0,026846
миновало 5,010635 5,010635
россии 0,395515 0,395515
применения 0,013423 0,013423
западу 3,624341 3,624341
потряс 5,010635 5,010635
имидж 5,010635 5,010635
федеральному 0,013423 0,026846
персональных 0,013423 0,107384
произошла 0,013423 0,013423
требованию 5,010635 5,010635
известно 2,931194 5,862388
дата 0,013423 0,013423
ваше 0,013423 0,107384
сайте 0,013423 0,013423
ваши 0,013423 0,013423
фио 0,013423 0,013423
восстановить 0,013423 0,013423
оправдаться 5,010635 5,010635
служит 4,317488 4,317488
пожалуйста 0,013423 0,013423
слуги 4,317488 4,317488
тех 2,177422 2,177422
просто 1,714798 1,714798
давно 3,218876 3,218876
уехать 5,010635 5,010635
ниже 0,013423 0,040269
версия 0,013423 0,013423
границей 4,317488 4,317488
вопроса 0,013423 0,013423
активах 5,010635 5,010635
россия 0,006689 0,080268
го 2,177422 4,354844
поля 0,013423 0,093961
считает 2,813411 5,626821
виктор 3,624341 3,624341
европы 2,238047 2,238047
января 1,160488 1,160488
государственному 0,013423 0,026846
многомиллиардные 5,010635 5,010635
доме 3,624341 3,624341
протеста 5,010635 10,021271
регистрации 0,013423 0,026846
поручил 3,912023 3,912023
игорь 2,708050 5,416100
жданов 5,010635 5,010635
поле 0,013423 0,013423
сайт 0,013423 0,026846
сервисы 0,190354 0,190354
чистки 5,010635 5,010635
зарегистрировано 0,013423 0,013423
другое 0,013423 0,013423
туризм 0,283247 0,283247
представитель 3,401197 6,802395
поддерживаетсяполучить 0,013423 0,013423
адрес 0,013423 0,040269
соответствии 0,013423 0,026846
зеленский 2,066196 14,463374
загрузите 0,013423 0,013423
называемого 4,317488 4,317488
сообщения 0,013423 0,053692
европа 2,371578 9,486312
регулированию 5,010635 5,010635
неизменная 5,010635 10,021271
загрузить 0,013423 0,013423
услуг 2,813411 2,813411
явно 3,064725 3,064725
направлении 0,013423 0,013423
замеченных 0,013423 0,013423
телефон 0,013423 0,013423
итоге 3,624341 3,624341
отправки 0,013423 0,013423
коммунальных 2,813411 2,813411
зеленским 3,912023 3,912023
сотрудницы 5,010635 5,010635
ес 2,445686 2,445686
унитарному 0,013423 0,026846
возглавляя 5,010635 5,010635
работы 2,302585 4,605170
энергии 3,401197 3,401197
миллионов 2,931194 17,587163
обновлено 1,003302 1,003302
вызвали 4,317488 4,317488
сообщение 0,013423 0,134230
депутатов 4,317488 4,317488
выберите 0,013423 0,040269
старые 0,013423 0,013423
вид 2,708050 2,708050
поясняет 2,371578 2,371578
кроме 1,919593 1,919593
попробуйте 0,013423 0,013423
оплачивал 4,317488 4,317488
финансового 2,066196 2,066196
добрался 5,010635 5,010635
превышали 5,010635 5,010635
энергоатомом 5,010635 5,010635
эксперт 1,678431 3,356862
пользу 3,064725 3,064725
врагов 5,010635 10,021271
стражей 3,912023 3,912023
министерской 5,010635 5,010635
цукерман 5,010635 5,010635
защитой 0,013423 0,026846
декларации 5,010635 5,010635
статьи 0,013423 0,013423
ограничиваться 5,010635 5,010635
взлета 4,317488 4,317488
замом 5,010635 5,010635
подтвердите 0,013423 0,013423
авторизация 0,013423 0,013423
религия 0,283247 0,283247
форма 0,013423 0,013423
логином 0,013423 0,013423
рейтинг 0,006689 0,006689
галочку 0,013423 0,013423
сообщила 3,064725 3,064725
негативно 5,010635 5,010635
перетащите 0,013423 0,040269
заработанное 5,010635 5,010635
материале 0,013423 0,040269
культура 0,292136 0,292136
материала 0,013423 0,026846
залог 5,010635 5,010635
происшествия 0,292136 0,292136
очередной 3,624341 7,248682
друга 4,317488 4,317488
вашего 0,013423 0,013423
несмотря 2,708050 2,708050
находился 4,317488 8,634976
режима 4,317488 8,634976
паролем 0,013423 0,013423
баканова 5,010635 5,010635
тысяч 2,238047 2,238047
козлом 4,317488 4,317488
позиция 4,317488 8,634976
способы 0,013423 0,026846
зарегистрируйтесь 0,013423 0,013423
обо 0,013423 0,013423
недвижимость 0,292136 0,292136
западных 4,317488 4,317488
удалось 2,931194 2,931194
бюро 3,624341 14,497364
зависит 2,371578 2,371578
дискуссии 0,013423 0,026846
замминистра 3,912023 3,912023
редактор 0,013423 0,013423
ольга 2,612740 2,612740
фгуп 0,499776 2,498879
службы 2,066196 4,132393
унитарное 0,013423 0,013423
границе 4,317488 4,317488
фигурирует 5,010635 5,010635
близкие 4,317488 4,317488
дней 1,832581 1,832581
государственные 3,912023 3,912023
форму 0,013423 0,093961
тема 0,013423 0,040269
следим 5,010635 5,010635
отправленного 0,013423 0,013423
сих 2,931194 5,862388
связанные 0,013423 0,013423
рекомендательных 0,013423 0,013423
около 2,177422 2,177422
данная 0,013423 0,013423
парламенте 5,010635 5,010635
служба 2,238047 6,714140
обратная 0,013423 0,026846
риа 0,006689 0,147158
участники 2,931194 2,931194
попытался 5,010635 10,021271
стрингер 3,624341 36,243409
примечательно 5,010635 5,010635
проставляя 0,013423 0,013423
связанных 0,013423 0,013423
опишите 0,013423 0,013423
заполнения 0,013423 0,093961
полезное 0,182322 0,182322
правительстве 2,177422 2,177422
медиабанкздание 4,317488 4,317488
службе 0,013423 0,013423
клименко 5,010635 5,010635
медиабанк 1,321756 6,608779
отдал 4,317488 4,317488
релизов 0,013423 0,013423
ваших 0,013423 0,026846
министр 3,401197 13,604790
максимум 2,931194 2,931194
скандала 3,218876 3,218876
повлиял 5,010635 5,010635
андрей 2,445686 7,337058
почты 0,013423 0,013423
верховный 3,912023 3,912023
гривен 5,010635 5,010635
которые 1,455287 1,455287
исполнительный 4,317488 4,317488
который 1,160488 1,160488
органами 5,010635 5,010635
которым 2,612740 2,612740
агентство 0,013423 0,040269
распродажу 4,317488 4,317488
правил 0,013423 0,040269
намекнул 4,317488 4,317488
престижном 5,010635 5,010635
германа 5,010635 5,010635
авторизоваться 0,013423 0,013423
авторизуйтесь 0,013423 0,013423
денисов 5,010635 10,021271
самом 2,813411 2,813411
василевская 5,010635 5,010635
депутаты 4,317488 4,317488
агентства 0,013423 0,013423
сегодня 0,013423 0,134230
антикоррупционного 5,010635 10,021271
расширенный 0,013423 0,013423
помощник 3,912023 3,912023
сразу 1,832581 1,832581
сми 2,177422 2,177422
руководитель 2,708050 2,708050
страны 2,014903 2,014903
взяточничестве 5,010635 10,021271
руководителя 4,317488 4,317488
новыесначала 0,013423 0,013423
рады 5,010635 10,021271
забрали 5,010635 5,010635
покупатели 5,010635 5,010635
страну 3,401197 3,401197
расходы 3,912023 3,912023
несколько 1,752539 1,752539
задержания 5,010635 5,010635
влияет 2,525729 2,525729
шапка 0,013423 0,013423
акции 3,401197 6,802395
отправить 0,013423 0,147653
продолжить 0,013423 0,013423
решение 1,791759 1,791759
решении 0,013423 0,013423
накануне 3,218876 3,218876
полусотни 5,010635 5,010635
ведомство 4,317488 8,634976
воспользуйтесь 0,013423 0,040269
поисках 5,010635 10,021271
участие 0,006689 0,006689
аккаунт 0,013423 0,053692
фоне 3,218876 6,437752
экономика 0,292136 0,292136
обсуждение 0,013423 0,013423
использовать 0,013423 0,013423
опечатка 0,013423 0,013423
интересовалось 5,010635 5,010635
ведомства 4,317488 4,317488
блокировки 0,013423 0,013423
онлайн 0,013423 0,013423
напомнила 5,010635 5,010635
контактов 0,013423 0,013423
почта 0,013423 0,080538
апреля 0,013423 0,013423
киев 2,302585 9,210340
украинского 3,401197 6,802395
фамилия 0,013423 0,013423
некие 5,010635 5,010635
университета 2,177422 2,177422
пишет 2,177422 2,177422
тотальной 5,010635 5,010635
подчеркивает 3,064725 3,064725
нами 0,013423 0,093961
яндекс 0,013423 0,026846
удалили 0,013423 0,040269
владимир 1,373049 4,119147
либо 0,013423 0,013423
коррупцией 5,010635 5,010635
переговоров 2,302585 2,302585
вакансии 0,013423 0,013423
аккаунту 0,013423 0,013423
фигурантов 5,010635 5,010635
реальный 5,010635 5,010635
открываемого 0,013423 0,026846
безопасности 2,177422 13,064532
сняли 5,010635 5,010635
нажимая 0,013423 0,013423
поиск 0,013423 0,013423
вами 0,013423 0,013423
недопустимое 0,013423 0,013423
назначат 5,010635 5,010635
году 1,139434 1,139434
политолог 3,401197 3,401197
городу 5,010635 5,010635
согласны 0,013423 0,040269
детективы 5,010635 5,010635
нардеп 5,010635 10,021271
намекают 5,010635 5,010635
обещал 4,317488 4,317488
истек 0,013423 0,013423
предприятию 0,013423 0,026846
рекламы 0,013423 0,013423
внимание 0,013423 0,026846
принимать 0,013423 0,013423
подставился 5,010635 5,010635
условие 2,813411 2,813411
герман 5,010635 25,053176
сможете 0,013423 0,013423
суде 3,218876 3,218876
года 0,006689 0,026756
евросоюза 3,401197 6,802395
суда 2,708050 5,416100
ивана 3,912023 3,912023
сведения 3,218876 3,218876
прокурор 4,317488 4,317488
заявили 3,218876 3,218876
фронта 3,912023 3,912023
главными 5,010635 5,010635
ознакомлены 0,013423 0,013423
приговором 5,010635 5,010635
постоянно 2,371578 2,371578
ярослав 3,624341 3,624341
зорина 5,010635 5,010635
моих 0,013423 0,026846
очень 1,678431 3,356862
предприятие 0,013423 0,013423
наука 0,292136 0,292136
обсуждения 0,013423 0,013423
закономерным 5,010635 5,010635
якобы 3,624341 3,624341
блокировкой 0,013423 0,040269
