иностранных 2,612740 2,612740
законным 0,013423 0,013423
инфляцией 5,010635 5,010635
декабре 3,218876 6,437752
банк 2,813411 28,134107
рф 1,181994 27,185860
формирования 3,912023 3,912023
перекладываются 5,010635 5,010635
день 1,203973 1,203973
процентного 5,010635 5,010635
найти 0,013423 0,013423
основанием 0,013423 0,013423
письмо 0,013423 0,013423
спасибо 0,013423 0,013423
стал 2,120264 2,120264
департамента 3,624341 3,624341
целом 3,401197 10,203592
эффективный 4,317488 4,317488
зампред 5,010635 5,010635
ситуации 2,445686 4,891372
согласие 0,013423 0,026846
центр 0,190354 0,190354
декабря 1,098612 8,788898
декабрю 5,010635 5,010635
контролируемый 5,010635 5,010635
заявлении 3,624341 3,624341
людей 2,445686 2,445686
таким 2,525729 2,525729
следят 4,317488 4,317488
опускать 5,010635 5,010635
плоды 3,912023 3,912023
связаться 0,013423 0,080538
опережает 5,010635 5,010635
стабильным 4,317488 4,317488
частности 3,064725 3,064725
очевидно 3,624341 3,624341
капитала 3,624341 3,624341
реклама 0,190354 0,190354
фото 0,013423 0,013423
долга 3,624341 3,624341
пункт 3,218876 3,218876
лет 1,514128 3,028255
явление 3,912023 3,912023
связь 0,006689 0,013378
инвестиционными 5,010635 5,010635
готово 0,013423 0,026846
занимает 2,813411 2,813411
проекты 3,218876 3,218876
домино 5,010635 5,010635
процессы 3,912023 3,912023
реализован 5,010635 5,010635
малого 4,317488 4,317488
положительным 5,010635 5,010635
график 4,317488 17,269952
здание 3,624341 3,624341
испытывающих 5,010635 5,010635
очевидные 5,010635 5,010635
информационных 0,013423 0,013423
денег 2,708050 2,708050
назвал 1,875141 1,875141
размещения 0,013423 0,013423
рассчитана 5,010635 5,010635
конфиденциальности 0,013423 0,053692
простыми 5,010635 20,042541
связи 0,013423 0,093961
заголовок 0,013423 0,026846
пунктов 3,624341 3,624341
продолжает 3,218876 12,875503
процесса 0,013423 0,013423
адресу 0,013423 0,026846
проблему 0,013423 0,013423
устойчивости 4,317488 4,317488
слишком 2,708050 5,416100
быстро 2,177422 2,177422
отмечает 1,966113 5,898339
начнет 3,401197 3,401197
данных 0,013423 0,120807
отчеты 5,010635 5,010635
значением 5,010635 5,010635
письма 0,013423 0,013423
часов 0,013423 0,026846
быстрое 4,317488 4,317488
главным 3,912023 3,912023
соглашаетесь 0,013423 0,013423
данным 2,371578 4,743156
ситуацию 4,317488 4,317488
главный 0,013423 0,013423
ситуация 3,218876 6,437752
растёт 5,010635 5,010635
данные 0,013423 0,040269
побуждает 5,010635 5,010635
также 1,139434 4,557737
обесцениваться 5,010635 5,010635
член 3,624341 7,248682
индивидуальный 4,317488 4,317488
замедлить 5,010635 5,010635
одной 2,120264 2,120264
фотографию 0,013423 0,013423
блока 5,010635 5,010635
вернется 3,912023 3,912023
отправлено 0,013423 0,013423
долговом 5,010635 5,010635
снова 2,612740 5,225480
рассказывает 2,371578 2,371578
сначала 0,013423 0,013423
находиться 4,317488 4,317488
изменение 3,218876 12,875503
изменений 4,317488 4,317488
изменении 3,912023 7,824046
андрианов 5,010635 5,010635
отследить 5,010635 5,010635
прогнозируемой 5,010635 5,010635
центробанка 4,317488 21,587441
размещений 5,010635 5,010635
однако 1,966113 1,966113
перейдите 0,013423 0,013423
стабилизации 4,317488 8,634976
представляет 3,624341 3,624341
цб 2,931194 76,211038
тишины 5,010635 5,010635
центробанке 5,010635 5,010635
производственные 5,010635 5,010635
июня 2,066196 8,264785
вклады 4,317488 4,317488
закрыто 0,013423 0,013423
размещение 3,624341 3,624341
коммерческие 4,317488 4,317488
сколько 0,006689 0,006689
материалов 0,013423 0,040269
отправлена 0,013423 0,013423
следующее 5,010635 5,010635
чате 0,013423 0,013423
коммерческим 5,010635 5,010635
центробанку 5,010635 5,010635
производственных 5,010635 5,010635
постепенно 2,931194 8,793581
здоровья 2,612740 2,612740
напряженность 5,010635 5,010635
товары 3,624341 7,248682
бульваре 4,317488 8,634976
чату 0,013423 0,013423
редакцией 0,013423 0,013423
плохого 4,317488 4,317488
ближайшие 3,912023 3,912023
активу 5,010635 5,010635
депозитов 5,010635 5,010635
совет 2,525729 5,051457
председателя 3,624341 3,624341
всему 3,912023 3,912023
значительные 5,010635 5,010635
норвик 5,010635 5,010635
июне 3,401197 10,203592
различия 5,010635 5,010635
множества 4,317488 4,317488
рассмотрены 0,013423 0,013423
должность 3,401197 3,401197
спокойнее 5,010635 5,010635
нему 3,064725 3,064725
говорит 2,014903 12,089418
последние 1,098612 1,098612
стимулирование 5,010635 5,010635
способности 4,317488 4,317488
перетяните 0,013423 0,013423
архив 0,190354 0,190354
владимира 3,064725 3,064725
июля 1,791759 5,375278
привлекательные 5,010635 5,010635
ошибках 0,013423 0,013423
текущего 4,317488 4,317488
изменения 2,813411 11,253643
включают 3,912023 7,824046
личные 3,064725 3,064725
сша 1,118815 1,118815
стимулирования 5,010635 5,010635
фондовых 5,010635 5,010635
базовому 4,317488 8,634976
процесс 2,014903 2,014903
выросла 4,317488 4,317488
июль 3,624341 3,624341
отток 5,010635 5,010635
комитета 3,218876 3,218876
труда 3,064725 9,194175
выпуска 0,013423 0,026846
привязана 5,010635 5,010635
списка 0,013423 0,013423
формой 0,013423 0,053692
кредиту 4,317488 4,317488
негативным 5,010635 5,010635
положительно 4,317488 4,317488
следствие 4,317488 4,317488
суверенитета 4,317488 4,317488
июле 3,624341 7,248682
рассчитываются 5,010635 5,010635
кредиты 2,813411 28,134107
повышает 5,010635 5,010635
артур 5,010635 20,042541
членов 2,813411 2,813411
подряд 3,624341 3,624341
российской 1,678431 5,035292
усилия 4,317488 4,317488
высокую 5,010635 5,010635
ноябре 3,218876 3,218876
федеральное 0,013423 0,013423
климат 5,010635 5,010635
федеральной 0,013423 0,026846
влиять 5,010635 5,010635
валют 5,010635 5,010635
купонная 5,010635 5,010635
международное 0,013423 0,040269
оборотными 5,010635 5,010635
предпринимателей 5,010635 5,010635
таргетированный 5,010635 5,010635
будут 0,013423 0,040269
покупательной 5,010635 5,010635
центробанк 5,010635 10,021271
новостей 0,006689 0,006689
оправдано 5,010635 5,010635
сигнал 3,064725 3,064725
лучших 1,832581 1,832581
сроком 3,624341 3,624341
устанавливается 3,401197 3,401197
тому 3,064725 3,064725
наоборот 3,401197 3,401197
увеличивать 4,317488 4,317488
перейти 1,203973 12,039728
уменьшилась 5,010635 5,010635
удержать 5,010635 5,010635
экономическая 4,317488 4,317488
зафиксировано 5,010635 5,010635
алёна 3,624341 10,873023
нужно 1,455287 1,455287
системы 2,302585 2,302585
обратной 0,013423 0,067115
подкасты 0,292136 0,292136
средств 2,813411 8,440232
банков 3,912023 11,736069
наращивать 4,317488 4,317488
оглавление 1,791759 1,791759
позволили 4,317488 4,317488
снизилась 4,317488 4,317488
находится 2,931194 2,931194
картина 5,010635 5,010635
огонь 2,708050 2,708050
умеренной 5,010635 5,010635
нужна 2,813411 19,693875
экспертные 4,317488 4,317488
рост 3,218876 41,845386
петров 3,624341 10,873023
траектории 3,912023 7,824046
процент 4,317488 17,269952
описанием 0,013423 0,013423
федерального 3,218876 3,218876
имеет 2,066196 2,066196
эффект 3,624341 3,624341
группы 2,445686 2,445686
используется 0,013423 0,026846
официальном 3,624341 3,624341
цен 3,624341 21,746046
разнообразие 4,317488 4,317488
проходят 3,624341 3,624341
миру 3,912023 3,912023
отражается 5,010635 5,010635
открывшийся 5,010635 10,021271
вадима 5,010635 5,010635
каждого 2,931194 2,931194
спроса 4,317488 4,317488
понижать 5,010635 5,010635
огромной 4,317488 4,317488
мире 0,274437 0,548874
эл 0,013423 0,013423
аверин 4,317488 8,634976
дзен 0,851752 0,851752
текущую 5,010635 5,010635
менялась 5,010635 5,010635
переменным 5,010635 5,010635
риски 3,401197 3,401197
почему 0,013423 0,013423
директор 2,708050 2,708050
нынешней 4,317488 4,317488
вопросам 0,013423 0,026846
вконтакте 0,013423 0,026846
растут 5,010635 5,010635
ускорение 5,010635 5,010635
сокращению 5,010635 5,010635
навсегда 0,013423 0,013423
нарушение 0,013423 0,040269
процентная 5,010635 5,010635
проводятся 4,317488 4,317488
сокращение 4,317488 4,317488
назад 0,013423 0,067115
обслуживания 5,010635 5,010635
состояние 3,401197 6,802395
толгский 5,010635 5,010635
норма 4,317488 4,317488
зубовский 0,013423 0,026846
заставляют 4,317488 4,317488
заполнить 0,013423 0,026846
увеличивается 3,912023 3,912023
осуществляется 0,013423 0,013423
оплачивает 3,912023 7,824046
другие 0,013423 0,026846
общество 0,265703 0,265703
целью 3,218876 3,218876
женского 5,010635 5,010635
надзору 0,013423 0,013423
издание 0,013423 0,013423
повысить 3,912023 3,912023
глобальным 5,010635 5,010635
бульвар 0,013423 0,026846
курса 4,317488 4,317488
хотите 0,013423 0,013423
заполните 0,013423 0,067115
других 1,966113 5,898339
сетевое 0,013423 0,013423
затраты 3,912023 3,912023
состояния 2,612740 5,225480
вновь 0,013423 0,013423
сменить 0,013423 0,013423
стоит 1,714798 1,714798
толстик 5,010635 10,021271
участвовать 0,013423 0,026846
сообщить 0,013423 0,013423
образом 2,302585 4,605170
товар 4,317488 8,634976
приводит 5,010635 5,010635
аналитик 4,317488 4,317488
скриншот 0,013423 0,040269
федерации 2,177422 2,177422
ключевых 3,064725 6,129450
индикатору 5,010635 5,010635
спорт 0,190354 0,190354
публикует 4,317488 8,634976
базисных 5,010635 5,010635
периодичностью 5,010635 5,010635
стало 2,813411 5,626821
взаимодействия 0,013423 0,026846
определения 5,010635 5,010635
долговых 5,010635 5,010635
вадим 4,317488 12,952464
выгодными 5,010635 5,010635
сохранить 0,013423 0,013423
информационное 0,013423 0,040269
основной 3,401197 3,401197
ценных 5,010635 5,010635
предполагают 5,010635 5,010635
илья 3,218876 6,437752
нестабильной 5,010635 5,010635
подливает 5,010635 5,010635
ожидания 3,912023 7,824046
выпускает 5,010635 5,010635
заседания 5,010635 30,063812
высокое 4,317488 4,317488
федеральному 0,013423 0,026846
цели 2,525729 7,577186
межсессионной 5,010635 5,010635
высокой 3,218876 3,218876
годовая 5,010635 5,010635
экономических 4,317488 12,952464
опережать 5,010635 5,010635
необходима 4,317488 8,634976
направлениям 3,912023 3,912023
впервые 2,238047 2,238047
адаптивность 5,010635 5,010635
фио 0,013423 0,013423
оставить 2,445686 4,891372
ожиданий 5,010635 5,010635
вкладывать 5,010635 10,021271
пожалуйста 0,013423 0,013423
важна 5,010635 5,010635
президента 2,525729 2,525729
альтернативным 5,010635 5,010635
экономические 3,624341 7,248682
необходимо 1,791759 1,791759
зарплат 5,010635 10,021271
экономический 4,317488 12,952464
ниже 0,013423 0,040269
версия 0,013423 0,013423
поля 0,013423 0,093961
объемы 4,317488 8,634976
считает 2,813411 2,813411
обычно 2,813411 5,626821
магазине 3,912023 7,824046
финансы 4,317488 17,269952
государственному 0,013423 0,026846
сделает 3,218876 3,218876
работе 2,813411 2,813411
траты 5,010635 5,010635
органы 3,624341 3,624341
поле 0,013423 0,013423
доля 3,912023 3,912023
инфляционный 5,010635 5,010635
принесло 5,010635 5,010635
увеличить 4,317488 4,317488
зарегистрировано 0,013423 0,013423
инфляционные 5,010635 10,021271
туризм 0,283247 0,283247
руководство 3,401197 3,401197
показателем 5,010635 5,010635
роста 3,624341 47,116432
адрес 0,013423 0,040269
соответствии 0,013423 0,026846
отношению 4,317488 4,317488
загрузите 0,013423 0,013423
сообщения 0,013423 0,053692
цены 2,525729 7,577186
инфляционных 5,010635 5,010635
варьировалась 5,010635 5,010635
загрузить 0,013423 0,013423
российских 1,966113 1,966113
опросов 5,010635 5,010635
направлении 0,013423 0,013423
отрегулировать 4,317488 4,317488
кандидат 3,624341 3,624341
замеченных 0,013423 0,013423
телефон 0,013423 0,013423
итоге 3,624341 3,624341
умеренная 5,010635 5,010635
займа 4,317488 4,317488
позволило 4,317488 4,317488
показателей 4,317488 8,634976
период 1,160488 3,481463
принимается 3,912023 11,736069
привязкой 5,010635 5,010635
высоком 5,010635 10,021271
заседание 4,317488 4,317488
деловая 5,010635 5,010635
низкая 5,010635 5,010635
заседаний 5,010635 25,053176
христианов 5,010635 5,010635
заседании 3,624341 7,248682
центральный 4,317488 21,587441
сообщение 0,013423 0,134230
понижение 5,010635 20,042541
старые 0,013423 0,013423
поясняет 2,371578 9,486312
виде 2,177422 2,177422
кроме 1,919593 3,839186
возвращаться 3,912023 3,912023
такую 3,912023 3,912023
комментирует 3,064725 6,129450
ростом 5,010635 5,010635
попробуйте 0,013423 0,013423
накопления 3,912023 3,912023
актуальная 4,317488 4,317488
накоплению 5,010635 5,010635
постепенный 5,010635 5,010635
финансового 2,066196 4,132393
периодической 5,010635 5,010635
высоко 5,010635 5,010635
размещает 5,010635 5,010635
банкомата 5,010635 10,021271
критикуют 5,010635 5,010635
эксперт 1,678431 11,749015
привлечения 3,912023 3,912023
бизнес 3,064725 15,323626
статьи 0,013423 0,013423
колумнист 5,010635 5,010635
бумаг 5,010635 5,010635
подтвердите 0,013423 0,013423
сбалансированного 4,317488 8,634976
росдорбанка 5,010635 5,010635
брать 2,931194 2,931194
потребители 5,010635 5,010635
перетащите 0,013423 0,040269
материале 0,013423 0,040269
культура 0,292136 0,292136
включая 2,525729 5,051457
сооснователь 5,010635 5,010635
кредитная 4,317488 25,904929
денежно 5,010635 50,106353
материала 0,013423 0,026846
происшествия 0,292136 0,292136
резервной 5,010635 5,010635
вашего 0,013423 0,013423
паролем 0,013423 0,013423
привлечение 5,010635 5,010635
экспертов 3,064725 12,258901
эльвира 5,010635 20,042541
банкам 5,010635 5,010635
показателями 5,010635 5,010635
повышенном 5,010635 5,010635
отношений 3,401197 3,401197
зарегистрируйтесь 0,013423 0,013423
обо 0,013423 0,013423
толстика 5,010635 5,010635
широко 3,401197 3,401197
европейского 3,624341 3,624341
мировой 3,912023 3,912023
способом 2,813411 2,813411
редактор 0,013423 0,013423
оборотку 5,010635 5,010635
эдуард 5,010635 5,010635
фгуп 0,499776 1,499327
потребителя 5,010635 5,010635
серьезным 3,912023 3,912023
внеплановые 5,010635 5,010635
низкой 4,317488 4,317488
жесткое 4,317488 4,317488
жесткой 4,317488 4,317488
отправленного 0,013423 0,013423
максимальное 2,525729 2,525729
низкое 5,010635 5,010635
уменьшение 5,010635 5,010635
экономической 3,064725 6,129450
связанные 0,013423 0,013423
медиабанкдевушка 5,010635 5,010635
разных 2,177422 2,177422
решено 3,624341 3,624341
обратная 0,013423 0,026846
риа 0,006689 0,107024
снизились 3,912023 3,912023
порядке 2,931194 2,931194
депозитах 5,010635 10,021271
связанных 0,013423 0,013423
опишите 0,013423 0,013423
правительства 3,064725 3,064725
раза 3,218876 3,218876
времени 2,238047 2,238047
год 0,967584 2,902752
максим 2,525729 5,051457
экономическое 5,010635 5,010635
увеличение 3,624341 7,248682
совета 2,931194 17,587163
почты 0,013423 0,013423
отражало 5,010635 5,010635
безработица 4,317488 4,317488
посвященные 3,912023 3,912023
мая 1,832581 1,832581
прогнозу 3,912023 3,912023
рамки 4,317488 4,317488
агентство 0,013423 0,040269
фрс 5,010635 5,010635
увеличению 4,317488 4,317488
финтех 5,010635 5,010635
инвестиций 5,010635 20,042541
мам 5,010635 5,010635
инвестиции 3,624341 7,248682
прогнозы 3,624341 14,497364
давлением 3,912023 3,912023
перешёл 5,010635 5,010635
институциональной 5,010635 5,010635
стране 2,813411 14,067054
текущий 5,010635 15,031906
постепенного 5,010635 5,010635
раен 5,010635 5,010635
делегации 2,931194 2,931194
агентства 0,013423 0,013423
сегодня 0,013423 0,120807
динамику 5,010635 5,010635
вместо 2,813411 2,813411
целевых 5,010635 10,021271
запланировано 4,317488 4,317488
приниматься 5,010635 5,010635
инструмент 3,624341 14,497364
сразу 1,832581 1,832581
самое 2,708050 5,416100
продолжительный 5,010635 5,010635
флоатеров 5,010635 5,010635
дополняет 4,317488 4,317488
покупатель 4,317488 4,317488
аналогичными 5,010635 5,010635
составлял 3,912023 7,824046
указывает 3,218876 3,218876
госдумы 3,912023 3,912023
руководитель 2,708050 5,416100
страны 2,014903 2,014903
вместе 2,302585 2,302585
неконтролируемо 5,010635 5,010635
такое 1,875141 9,375705
ударом 4,317488 4,317488
кредитами 4,317488 4,317488
ситуацией 3,401197 3,401197
зависимости 2,014903 4,029806
медиабанкп 5,010635 5,010635
экономику 3,624341 3,624341
влияет 2,525729 20,205829
шапка 0,013423 0,013423
сохраняться 5,010635 5,010635
акции 3,401197 6,802395
отправить 0,013423 0,147653
продолжить 0,013423 0,013423
акций 3,624341 3,624341
решение 1,791759 14,334076
решении 0,013423 0,013423
рассказал 1,347074 2,694147
покупок 3,912023 7,824046
формируются 3,912023 3,912023
коллегиальным 5,010635 5,010635
массой 5,010635 5,010635
генеральный 3,912023 3,912023
формате 3,624341 7,248682
воспользуйтесь 0,013423 0,040269
считается 2,931194 2,931194
санкционным 5,010635 5,010635
аккаунт 0,013423 0,053692
расширению 4,317488 4,317488
глав 5,010635 5,010635
экономика 0,292136 2,044955
обсуждение 0,013423 0,013423
промышленников 5,010635 5,010635
приходится 3,912023 7,824046
наиболее 2,813411 2,813411
блокировки 0,013423 0,013423
экономики 3,624341 28,994727
которая 1,643339 3,286679
госдума 3,064725 3,064725
экономике 3,624341 10,873023
премию 5,010635 5,010635
конечных 5,010635 5,010635
делает 2,612740 2,612740
почта 0,013423 0,080538
увеличивают 5,010635 10,021271
историю 2,371578 4,743156
директоров 5,010635 40,085082
организаций 3,064725 3,064725
алексея 3,912023 3,912023
дорогие 3,401197 3,401197
фамилия 0,013423 0,013423
решению 3,912023 3,912023
целевого 5,010635 5,010635
решения 2,238047 8,952186
ецб 5,010635 5,010635
яндекс 0,013423 0,026846
российская 2,708050 2,708050
стимулов 5,010635 5,010635
удалили 0,013423 0,040269
либо 0,013423 0,040269
мощностей 5,010635 5,010635
аккаунту 0,013423 0,013423
открываемого 0,013423 0,026846
поиск 0,013423 0,013423
достижения 2,813411 2,813411
гуу 5,010635 5,010635
сохранил 5,010635 5,010635
евросоюзе 3,064725 3,064725
условий 3,064725 12,258901
согласны 0,013423 0,040269
базовой 5,010635 5,010635
снизили 5,010635 15,031906
заседаниями 5,010635 5,010635
рекламы 0,013423 0,013423
низкие 5,010635 5,010635
меняет 5,010635 5,010635
алексей 1,966113 5,898339
условие 2,813411 2,813411
текущей 5,010635 5,010635
индикатор 4,317488 4,317488
консультативной 5,010635 5,010635
исторических 3,624341 3,624341
начался 4,317488 8,634976
рынкам 5,010635 5,010635
втором 3,218876 3,218876
стоимость 2,612740 5,225480
основываясь 5,010635 5,010635
рынках 4,317488 4,317488
встречи 2,445686 2,445686
соотношение 3,624341 3,624341
обязательств 3,218876 3,218876
постоянно 2,371578 4,743156
отраслей 5,010635 5,010635
устойчивых 5,010635 5,010635
мейнхард 5,010635 20,042541
риск 3,624341 3,624341
своих 2,612740 2,612740
высокие 5,010635 10,021271
высокий 4,317488 12,952464
сбербанка 4,317488 8,634976
доцент 2,813411 2,813411
принято 3,218876 6,437752
обсуждения 0,013423 0,026846
вкладов 5,010635 10,021271
блокировкой 0,013423 0,040269
реагирование 5,010635 5,010635
затягивать 4,317488 4,317488
обсуждению 5,010635 5,010635
условия 2,612740 5,225480
вниманием 5,010635 5,010635
новый 0,013423 0,013423
жесткость 5,010635 5,010635
еврозоне 5,010635 5,010635
новые 1,643339 4,930018
индексации 4,317488 4,317488
ждет 2,612740 2,612740
баранова 5,010635 5,010635
карты 3,624341 3,624341
возвращается 3,624341 3,624341
население 4,317488 4,317488
ставке 3,912023 62,592368
цветном 5,010635 10,021271
исторического 4,317488 4,317488
ставка 3,064725 125,653731
драйвером 5,010635 5,010635
политики 3,401197 10,203592
кадров 5,010635 5,010635
доступ 0,013423 0,026846
помощью 1,919593 1,919593
стимулирует 5,010635 5,010635
миа 0,013423 0,067115
ставки 3,912023 168,216989
задать 0,013423 0,013423
теги 0,190354 0,190354
автору 0,013423 0,013423
ставку 4,317488 60,444834
аналитического 5,010635 5,010635
населения 3,064725 3,064725
должны 0,013423 0,013423
пава 3,912023 11,736069
макроэкономический 5,010635 5,010635
словам 1,752539 3,505078
г 0,013423 0,026846
д 0,013423 0,026846
политика 0,013423 0,080538
добиться 2,445686 2,445686
политике 3,624341 7,248682
спада 5,010635 5,010635
макроэкономических 5,010635 5,010635
п 3,218876 3,218876
течение 0,013423 0,040269
рефинансирования 5,010635 5,010635
кредитной 4,317488 21,587441
оно 2,302585 2,302585
тратить 3,624341 3,624341
основным 3,624341 3,624341
применяется 3,218876 6,437752
должна 2,525729 2,525729
итоговых 5,010635 5,010635
означает 3,624341 3,624341
снизил 5,010635 5,010635
входить 5,010635 5,010635
планировать 5,010635 5,010635
небольшой 2,931194 2,931194
время 0,013423 0,026846
возросли 5,010635 5,010635
статистических 3,912023 3,912023
полугодии 5,010635 5,010635
укладывается 3,912023 3,912023
средства 2,445686 7,337058
новым 3,218876 3,218876
ранее 0,013423 0,013423
восстановления 0,013423 0,013423
неопределенность 4,317488 4,317488
придется 2,813411 2,813411
функционирующей 5,010635 5,010635
минимума 3,624341 3,624341
сергей 1,609438 6,437752
оказывает 3,624341 3,624341
разблокировать 0,013423 0,040269
город 0,013423 0,013423
появится 3,064725 3,064725
обесценивания 4,317488 4,317488
возрастающим 5,010635 5,010635
развивающейся 5,010635 5,010635
платформы 3,912023 3,912023
выполняет 5,010635 5,010635
состоит 3,401197 3,401197
обращаем 0,013423 0,013423
подходов 3,912023 3,912023
восемь 3,401197 3,401197
написать 0,013423 0,013423
новостеймолния 0,013423 0,013423
внутренние 4,317488 4,317488
последствия 1,966113 13,762790
равна 5,010635 5,010635
минимумах 5,010635 5,010635
одноклассники 0,013423 0,026846
возросшие 5,010635 5,010635
последнего 4,317488 4,317488
первую 2,238047 4,476093
ставок 5,010635 5,010635
активнее 5,010635 10,021271
показать 0,013423 0,013423
кнопку 0,013423 0,013423
коммуникаций 0,013423 0,013423
основные 2,612740 2,612740
параметров 3,912023 7,824046
отсутствие 2,612740 2,612740
впоследствии 3,912023 3,912023
ключевой 3,912023 168,216989
пароль 0,013423 0,080538
пароля 0,013423 0,053692
финансисты 5,010635 5,010635
заседаниях 5,010635 5,010635
делают 2,931194 2,931194
экономического 3,624341 21,746046
счет 2,445686 2,445686
опоры 3,624341 3,624341
вход 0,013423 0,013423
офис 4,317488 8,634976
перезанимать 5,010635 5,010635
продукты 0,150823 0,150823
банки 3,064725 3,064725
читать 0,851752 0,851752
удалено 0,013423 0,013423
товаров 3,912023 3,912023
гаврилова 0,013423 0,013423
другому 4,317488 4,317488
воздержаться 4,317488 4,317488
инфографикаключевая 5,010635 5,010635
банка 3,064725 52,100327
расположенному 0,013423 0,026846
счета 3,401197 3,401197
японии 3,912023 3,912023
люди 2,238047 2,238047
снизить 3,624341 7,248682
инфографика 2,177422 2,177422
всем 1,455287 1,455287
органом 4,317488 4,317488
высокая 4,317488 4,317488
мера 3,401197 3,401197
ресурсам 3,912023 3,912023
существенным 5,010635 5,010635
оценку 4,317488 4,317488
меньше 2,708050 2,708050
учредитель 0,013423 0,013423
нескольких 3,064725 3,064725
лишь 2,371578 7,114734
импортозамещения 5,010635 5,010635
датам 5,010635 5,010635
странах 3,064725 9,194175
центрального 4,317488 25,904929
мое 0,013423 0,026846
ссылка 0,013423 0,026846
кстати 4,317488 4,317488
активность 3,624341 14,497364
ссылке 0,013423 0,013423
момент 2,708050 5,416100
графика 5,010635 5,010635
ссылки 0,013423 0,013423
помочь 0,013423 0,013423
экономическую 3,912023 11,736069
устойчивого 5,010635 5,010635
академик 3,912023 3,912023
константин 3,064725 3,064725
обязательны 0,013423 0,093961
учитывается 5,010635 5,010635
основе 2,525729 2,525729
активности 4,317488 12,952464
выше 3,064725 6,129450
комфортным 5,010635 5,010635
финансовой 2,813411 2,813411
роскомнадзор 0,013423 0,013423
продолжительное 5,010635 5,010635
повышая 4,317488 4,317488
блокировался 0,013423 0,013423
стремится 5,010635 5,010635
утверждает 3,218876 3,218876
девушка 3,218876 3,218876
становится 2,708050 8,124151
москве 1,118815 4,475260
накопительные 5,010635 5,010635
москва 0,006689 0,020067
воспользоваться 0,013423 0,013423
входа 0,013423 0,013423
кредитов 4,317488 4,317488
моё 0,013423 0,013423
офз 5,010635 5,010635
достигло 5,010635 5,010635
сравнению 3,912023 3,912023
поднимать 5,010635 10,021271
рынок 3,624341 3,624341
показывающих 5,010635 5,010635
удорожает 5,010635 5,010635
далее 2,238047 4,476093
кредитно 5,010635 5,010635
марту 5,010635 5,010635
деньги 2,445686 7,337058
которой 2,238047 2,238047
политикой 0,013423 0,040269
сравнение 4,317488 4,317488
расчёт 5,010635 5,010635
сбера 5,010635 10,021271
существенное 3,912023 3,912023
обработки 0,013423 0,026846
фактором 4,317488 4,317488
даю 0,013423 0,026846
нормально 4,317488 4,317488
процентный 5,010635 5,010635
урегулировать 3,401197 3,401197
разделе 2,931194 2,931194
достаточно 2,445686 2,445686
большинства 3,912023 3,912023
обработку 0,013423 0,026846
мсп 5,010635 5,010635
десятки 5,010635 10,021271
редакции 0,013423 0,026846
установлено 3,912023 3,912023
процентные 5,010635 10,021271
обращений 0,013423 0,013423
связано 3,401197 3,401197
возможны 3,912023 3,912023
релизы 4,317488 4,317488
активизирует 5,010635 5,010635
обработка 0,013423 0,013423
возрастает 4,317488 4,317488
массовый 5,010635 5,010635
это 0,013423 0,241614
поддерживать 4,317488 4,317488
большинство 3,064725 3,064725
минфин 5,010635 5,010635
факторов 5,010635 5,010635
выпускам 5,010635 5,010635
этих 2,302585 2,302585
рубля 3,401197 3,401197
две 2,177422 2,177422
упал 3,912023 3,912023
дефицит 3,624341 3,624341
новую 0,013423 0,013423
массовых 0,013423 0,013423
осталась 3,912023 3,912023
выполнения 3,401197 3,401197
пройдена 0,013423 0,013423
покупать 2,931194 2,931194
инструментом 4,317488 4,317488
зарегистрироваться 0,013423 0,053692
пожаловаться 0,013423 0,013423
сентября 1,514128 6,056511
новости 0,006689 0,113713
войти 0,013423 0,053692
держать 3,624341 3,624341
важнейшим 5,010635 5,010635
важнейший 5,010635 5,010635
электронной 0,013423 0,013423
спросом 4,317488 4,317488
сдерживать 4,317488 4,317488
сентябре 3,624341 14,497364
превратится 3,624341 3,624341
шестой 4,317488 4,317488
действия 0,013423 0,013423
радио 0,274437 0,274437
защита 0,013423 0,013423
регистрация 0,013423 0,040269
новом 3,218876 6,437752
сокращаться 5,010635 5,010635
использования 0,013423 0,013423
восстановление 0,013423 0,040269
закладываются 5,010635 5,010635
государственного 3,912023 3,912023
инфляции 3,624341 61,613796
просчитывать 5,010635 5,010635
государственное 0,013423 0,013423
регулировать 5,010635 5,010635
инфляцию 5,010635 25,053176
инфляция 5,010635 40,085082
выбором 3,064725 3,064725
учитывать 3,401197 3,401197
рынке 3,218876 12,875503
спецпроекты 0,190354 0,190354
кредитных 3,912023 3,912023
просим 0,013423 0,013423
феврале 3,064725 6,129450
заблокирован 0,013423 0,013423
рынка 3,912023 3,912023
ошибку 0,013423 0,013423
защиты 0,013423 0,013423
стимул 5,010635 5,010635
путин 1,514128 3,028255
релиз 5,010635 5,010635
мнения 4,317488 4,317488
обращения 0,013423 0,026846
первый 2,014903 6,044709
февраля 0,616186 4,313303
пять 2,302585 2,302585
самоподдерживающийся 5,010635 5,010635
бизнеса 3,401197 17,005987
ошибка 0,013423 0,013423
практически 2,445686 2,445686
мнению 2,708050 2,708050
советом 5,010635 5,010635
значение 2,302585 9,210340
вопрос 0,006689 0,006689
бизнесе 5,010635 10,021271
значений 5,010635 5,010635
подтверждаете 0,013423 0,013423
стимулировать 5,010635 5,010635
поскольку 2,612740 2,612740
возвращения 5,010635 5,010635
происходит 2,813411 5,626821
возникнет 5,010635 5,010635
размер 2,813411 8,440232
марта 1,678431 8,392154
ваш 0,013423 0,053692
имя 0,013423 0,067115
кредитным 4,317488 4,317488
ответ 2,931194 2,931194
конечном 4,317488 4,317488
марте 3,912023 11,736069
кредитные 3,912023 19,560115
денежной 3,912023 3,912023
мнение 3,218876 9,656627
берутся 4,317488 4,317488
большим 3,218876 3,218876
срок 0,013423 0,026846
осуществления 3,624341 3,624341
технологий 0,013423 0,026846
компаний 3,624341 10,873023
компании 2,302585 9,210340
дальнейшие 5,010635 10,021271
ключевую 5,010635 65,138259
низко 5,010635 5,010635
уменьшалась 5,010635 5,010635
материал 0,013423 0,013423
бизнесу 5,010635 5,010635
доступности 4,317488 4,317488
благоприятного 5,010635 5,010635
точнее 3,912023 3,912023
успешно 0,013423 0,013423
производителей 3,912023 3,912023
лента 0,006689 0,013378
технологического 5,010635 5,010635
политикаэльвира 5,010635 5,010635
нейтральный 4,317488 4,317488
монетарные 5,010635 5,010635
потребительской 5,010635 5,010635
заблокированы 0,013423 0,013423
секторе 4,317488 4,317488
сфере 0,013423 0,013423
уточняет 2,708050 2,708050
месяц 1,297063 1,297063
среднесрочный 5,010635 5,010635
свидетельство 0,013423 0,013423
монетарных 5,010635 5,010635
завершился 3,912023 3,912023
остановить 4,317488 4,317488
правила 0,013423 0,026846
доступнее 5,010635 10,021271
отслеживает 5,010635 5,010635
экономисты 5,010635 5,010635
эффстеп 5,010635 5,010635
правило 3,064725 3,064725
принял 3,401197 3,401197
снижения 5,010635 30,063812
снижению 5,010635 5,010635
комментирования 0,013423 0,026846
блинов 2,371578 4,743156
даты 2,813411 2,813411
проводимой 5,010635 5,010635
пресс 0,013423 0,093961
россии 0,395515 9,492355
применения 0,013423 0,013423
персональных 0,013423 0,107384
третий 2,931194 2,931194
произошла 0,013423 0,013423
эмиссии 5,010635 5,010635
потребления 4,317488 8,634976
прогноз 3,912023 23,472138
доходность 5,010635 5,010635
ваше 0,013423 0,107384
скорости 4,317488 4,317488
дата 0,013423 0,026846
сайте 0,013423 0,026846
снижение 3,912023 19,560115
поспевает 5,010635 5,010635
ваши 0,013423 0,013423
очередь 2,238047 6,714140
сообщают 4,317488 4,317488
восстановить 0,013423 0,013423
сохранения 3,401197 3,401197
зависят 3,912023 3,912023
обычная 5,010635 5,010635
показывает 3,912023 3,912023
суханов 5,010635 5,010635
зарплаты 5,010635 5,010635
итогам 3,064725 9,194175
конце 2,238047 2,238047
фондовом 5,010635 5,010635
среднего 3,401197 3,401197
вопроса 0,013423 0,013423
узнать 2,302585 6,907755
значительное 5,010635 5,010635
потребление 5,010635 5,010635
россия 0,006689 0,066890
функции 3,912023 3,912023
повысил 5,010635 5,010635
купонных 5,010635 5,010635
конца 2,445686 2,445686
целях 3,401197 3,401197
купоном 5,010635 10,021271
свои 2,445686 2,445686
учетом 3,218876 3,218876
предпринимательства 4,317488 8,634976
регистрации 0,013423 0,026846
производительности 5,010635 5,010635
петрова 4,317488 4,317488
пункта 5,010635 10,021271
компенсировать 3,624341 3,624341
наименьший 5,010635 5,010635
сайт 0,013423 0,026846
регулятора 5,010635 10,021271
достигнув 4,317488 4,317488
показатели 4,317488 8,634976
сервисы 0,190354 0,190354
услуги 3,624341 3,624341
питалев 5,010635 10,021271
шоком 5,010635 5,010635
другое 0,013423 0,013423
предприниматель 4,317488 4,317488
домохозяйств 5,010635 5,010635
промышленности 3,218876 3,218876
кардинальное 5,010635 5,010635
поддерживаетсяполучить 0,013423 0,013423
причины 2,525729 17,680101
сюда 3,624341 3,624341
состоявшемся 4,317488 4,317488
смогут 3,401197 3,401197
влияют 3,912023 3,912023
давать 4,317488 4,317488
увеличивает 4,317488 4,317488
пао 3,912023 3,912023
рабочий 5,010635 5,010635
регулирования 3,401197 10,203592
отправки 0,013423 0,013423
отрасли 3,624341 3,624341
набиуллину 5,010635 5,010635
необходимости 2,612740 2,612740
мониторит 5,010635 5,010635
арсенале 5,010635 5,010635
проведения 2,525729 2,525729
возобновился 5,010635 5,010635
инструментам 5,010635 5,010635
словами 4,317488 17,269952
унитарному 0,013423 0,026846
толгского 5,010635 5,010635
климата 4,317488 4,317488
ипотеке 5,010635 5,010635
замедлению 5,010635 10,021271
ипотека 3,624341 3,624341
причина 4,317488 4,317488
составила 5,010635 5,010635
контроля 3,401197 3,401197
ставкафинансыинфляцияэкономикакредитыденежно 5,010635 5,010635
продолжительного 5,010635 5,010635
выберите 0,013423 0,040269
набиуллина 5,010635 25,053176
волатильностью 5,010635 5,010635
регулятор 5,010635 15,031906
плановом 5,010635 5,010635
мастер 3,401197 3,401197
негативом 5,010635 5,010635
издержки 5,010635 10,021271
гунеев 4,317488 8,634976
масло 2,302585 2,302585
облигаций 5,010635 10,021271
планируется 3,624341 3,624341
планируют 3,912023 7,824046
наук 2,931194 2,931194
защитой 0,013423 0,026846
комментарием 5,010635 5,010635
замедление 5,010635 5,010635
авторизация 0,013423 0,013423
поощрять 5,010635 5,010635
снижалась 5,010635 5,010635
религия 0,283247 0,283247
форма 0,013423 0,013423
логином 0,013423 0,013423
рейтинг 0,006689 0,006689
галочку 0,013423 0,013423
отрицательным 5,010635 5,010635
разгоняется 5,010635 5,010635
показатель 3,624341 14,497364
берут 3,912023 7,824046
способы 0,013423 0,026846
нулевой 5,010635 5,010635
любом 3,064725 3,064725
недвижимость 0,292136 0,292136
взаимосвязей 5,010635 5,010635
ик 5,010635 5,010635
дискуссии 0,013423 0,026846
августа 2,120264 2,120264
темп 5,010635 5,010635
позволяет 2,445686 2,445686
унитарное 0,013423 0,013423
отрицательной 5,010635 5,010635
составляла 4,317488 8,634976
понизить 5,010635 5,010635
повышение 3,912023 27,384161
форму 0,013423 0,093961
призвано 5,010635 5,010635
тема 0,013423 0,040269
медиабанкпервый 5,010635 5,010635
сберегать 5,010635 5,010635
предложение 3,401197 3,401197
участников 2,371578 2,371578
рекомендательных 0,013423 0,013423
обязаны 4,317488 4,317488
данная 0,013423 0,013423
служба 2,238047 6,714140
управления 2,813411 8,440232
октябре 3,912023 11,736069
выдает 4,317488 4,317488
проставляя 0,013423 0,013423
заполнения 0,013423 0,093961
полезное 0,182322 0,182322
медиабанкздание 4,317488 4,317488
повлияло 5,010635 5,010635
принимаемые 5,010635 5,010635
службе 0,013423 0,013423
медиабанк 1,321756 6,608779
релизов 0,013423 0,013423
ваших 0,013423 0,026846
октябрь 3,624341 3,624341
является 2,066196 6,198589
кредитам 3,912023 3,912023
октября 1,832581 5,497744
ключевая 3,912023 148,656874
турции 5,010635 5,010635
закрываться 5,010635 5,010635
которые 1,455287 2,910574
который 1,160488 4,641951
граждан 2,931194 8,793581
вынуждены 5,010635 5,010635
сборы 4,317488 4,317488
например 1,714798 1,714798
правил 0,013423 0,040269
которых 1,966113 3,932226
следующие 2,238047 2,238047
выбирает 4,317488 4,317488
авторизоваться 0,013423 0,013423
авторизуйтесь 0,013423 0,013423
привести 3,401197 3,401197
сказываться 5,010635 5,010635
создания 2,813411 2,813411
издержек 4,317488 4,317488
частных 4,317488 4,317488
расширенный 0,013423 0,013423
сбережения 5,010635 5,010635
нормальное 5,010635 5,010635
новыесначала 0,013423 0,013423
медиабанкпокупатель 5,010635 5,010635
разгоняться 5,010635 5,010635
обеспечения 2,813411 5,626821
успешные 5,010635 5,010635
собой 2,445686 2,445686
развития 2,813411 5,626821
апреле 3,912023 11,736069
годовых 5,010635 5,010635
развитию 2,931194 2,931194
условиях 2,066196 2,066196
крайне 3,218876 3,218876
участие 0,006689 0,006689
анна 2,931194 2,931194
использовать 0,013423 0,013423
опечатка 0,013423 0,013423
онлайн 0,013423 0,013423
контактов 0,013423 0,013423
ориентира 4,317488 4,317488
финансовых 4,317488 8,634976
внешнеторговый 5,010635 5,010635
баланс 3,912023 3,912023
апреля 0,013423 0,040269
снизится 5,010635 5,010635
основатель 3,912023 3,912023
постоянным 5,010635 5,010635
подчеркивает 3,064725 6,129450
уровне 2,931194 17,587163
нами 0,013423 0,093961
нем 2,612740 2,612740
уровень 2,612740 10,450960
владимир 1,373049 1,373049
финансовый 3,624341 3,624341
снижается 4,317488 4,317488
влияние 3,401197 13,604790
вакансии 0,013423 0,013423
годы 3,624341 3,624341
развитие 5,010635 5,010635
нажимая 0,013423 0,013423
вами 0,013423 0,013423
недопустимое 0,013423 0,013423
году 1,139434 13,673211
годами 3,624341 3,624341
официальный 3,624341 3,624341
истек 0,013423 0,013423
поручений 5,010635 5,010635
умеренные 5,010635 5,010635
кафедры 4,317488 4,317488
остается 2,931194 5,862388
предприятию 0,013423 0,026846
внимание 0,013423 0,013423
принимать 0,013423 0,013423
прогнозах 5,010635 5,010635
пределах 3,218876 12,875503
уровня 3,218876 16,094379
сможете 0,013423 0,013423
возможность 2,302585 4,605170
способствует 3,218876 3,218876
рентабельности 5,010635 5,010635
года 0,006689 0,167225
информации 2,612740 2,612740
годам 3,624341 10,873023
заемных 5,010635 5,010635
выпуск 5,010635 5,010635
занимать 4,317488 4,317488
публикуется 4,317488 4,317488
информация 2,612740 2,612740
ознакомлены 0,013423 0,013423
повышения 3,912023 7,824046
моих 0,013423 0,026846
всё 3,912023 3,912023
очень 1,678431 3,356862
предприятие 0,013423 0,013423
выплат 3,912023 3,912023
необходимое 3,912023 3,912023
наука 0,292136 0,292136
резюме 5,010635 10,021271
предприятий 3,912023 7,824046
оговоренным 5,010635 5,010635
