прикасались 5,010635 5,010635
апр 4,317488 4,317488
законным 0,013423 0,013423
новый 0,013423 0,013423
покрасить 2,813411 36,574339
найти 0,013423 0,013423
основанием 0,013423 0,013423
письмо 0,013423 0,013423
спасибо 0,013423 0,013423
красителей 3,912023 7,824046
стал 2,120264 2,120264
горку 3,912023 3,912023
трещин 3,912023 7,824046
аллергиисвященник 4,317488 4,317488
покрыты 4,317488 4,317488
согласие 0,013423 0,026846
закипания 3,624341 3,624341
доступ 0,013423 0,026846
миа 0,013423 0,067115
помощью 1,919593 5,758779
задать 0,013423 0,013423
таким 2,525729 2,525729
автору 0,013423 0,013423
связаться 0,013423 0,080538
нержавеющей 5,010635 5,010635
декорирования 5,010635 5,010635
должны 0,013423 0,026846
пава 3,912023 11,736069
г 0,013423 0,040269
д 0,013423 0,026846
помещение 4,317488 4,317488
испаряется 5,010635 10,021271
воде 2,014903 2,014903
фото 0,013423 0,013423
политика 0,013423 0,013423
связь 0,006689 0,013378
водой 2,445686 2,445686
готово 0,013423 0,026846
кастрюлю 2,445686 7,337058
течение 0,013423 0,013423
пищевой 3,624341 3,624341
информационных 0,013423 0,013423
размещения 0,013423 0,013423
пасхойкак 4,317488 4,317488
вариант 2,371578 2,371578
скорлупа 5,010635 5,010635
конфиденциальности 0,013423 0,053692
сербского 3,912023 3,912023
мелкими 3,912023 3,912023
процессе 3,401197 6,802395
связи 0,013423 0,080538
эмалированную 3,912023 3,912023
заголовок 0,013423 0,026846
пасхальное 3,624341 3,624341
блестящие 5,010635 5,010635
скорлупе 4,317488 8,634976
содой 4,317488 4,317488
процесса 0,013423 0,013423
адресу 0,013423 0,026846
проблему 0,013423 0,013423
осыпаются 5,010635 5,010635
рецепты 1,139434 3,418303
время 0,013423 0,013423
данных 0,013423 0,107384
письма 0,013423 0,013423
свету 4,317488 4,317488
тренд 5,010635 10,021271
проникновение 5,010635 5,010635
часов 0,013423 0,053692
соглашаетесь 0,013423 0,013423
ранее 0,013423 0,013423
восстановления 0,013423 0,013423
главный 0,013423 0,013423
данные 0,013423 0,013423
яйцам 4,317488 4,317488
разблокировать 0,013423 0,040269
город 0,013423 0,013423
красную 3,218876 3,218876
фотографию 0,013423 0,013423
состоит 3,401197 3,401197
обращаем 0,013423 0,013423
легко 1,791759 1,791759
отправлено 0,013423 0,013423
написать 0,013423 0,013423
новостеймолния 0,013423 0,013423
перламутровой 5,010635 5,010635
одноклассники 0,013423 0,026846
сначала 0,013423 0,013423
налетом 5,010635 5,010635
показать 0,013423 0,013423
кнопку 0,013423 0,013423
инструкции 3,064725 3,064725
коммуникаций 0,013423 0,013423
продукта 3,401197 3,401197
пароль 0,013423 0,080538
пароля 0,013423 0,053692
перейдите 0,013423 0,013423
светлое 2,931194 20,518356
скорлупой 3,912023 3,912023
вход 0,013423 0,013423
путину 3,218876 3,218876
закрыто 0,013423 0,013423
удалено 0,013423 0,013423
чая 3,912023 7,824046
полчаса 3,624341 3,624341
сколько 0,006689 0,006689
гаврилова 0,013423 0,013423
материалов 0,013423 0,040269
могут 1,643339 1,643339
отправлена 0,013423 0,013423
образуются 3,912023 3,912023
чате 0,013423 0,013423
цвета 2,445686 4,891372
расположенному 0,013423 0,026846
чату 0,013423 0,013423
проветривать 5,010635 5,010635
редакцией 0,013423 0,013423
оттенок 3,064725 6,129450
полностью 2,014903 4,029806
меняют 3,912023 3,912023
бордового 5,010635 5,010635
учредитель 0,013423 0,013423
рассмотрены 0,013423 0,013423
мое 0,013423 0,026846
ссылка 0,013423 0,026846
розовом 5,010635 5,010635
инструкция 2,238047 13,428279
ссылке 0,013423 0,013423
выложить 2,708050 5,416100
розовое 5,010635 10,021271
перетяните 0,013423 0,013423
ссылки 0,013423 0,013423
помочь 0,013423 0,013423
ошибках 0,013423 0,013423
любимым 4,317488 4,317488
обязательны 0,013423 0,093961
плиты 3,624341 3,624341
бюджетный 4,317488 4,317488
бархатистой 5,010635 5,010635
желательно 3,912023 3,912023
залить 2,708050 5,416100
выпуска 0,013423 0,013423
списка 0,013423 0,013423
формой 0,013423 0,053692
роскомнадзор 0,013423 0,013423
куриные 3,624341 3,624341
блокировался 0,013423 0,013423
москва 0,006689 0,020067
воспользоваться 0,013423 0,013423
входа 0,013423 0,013423
яичная 5,010635 5,010635
сахара 3,218876 3,218876
крашеные 5,010635 5,010635
моё 0,013423 0,013423
сорт 4,317488 4,317488
федеральное 0,013423 0,013423
добавлять 2,931194 2,931194
федеральной 0,013423 0,013423
рецептыпасхаобществороссиярелигиясветлое 4,317488 4,317488
блестят 5,010635 20,042541
международное 0,013423 0,040269
пошаговая 2,238047 13,428279
поставить 2,525729 2,525729
будут 0,013423 0,026846
новостей 0,006689 0,006689
покрылись 5,010635 5,010635
политикой 0,013423 0,040269
понадобятся 3,064725 3,064725
подарил 3,912023 3,912023
обработки 0,013423 0,040269
даю 0,013423 0,026846
подготовка 3,218876 9,656627
алёна 3,624341 10,873023
нужно 1,455287 1,455287
обработку 0,013423 0,026846
обратной 0,013423 0,067115
обтирать 5,010635 5,010635
красного 3,401197 3,401197
подойдут 3,624341 3,624341
редакции 0,013423 0,026846
возможно 2,708050 2,708050
обращений 0,013423 0,013423
оглавление 1,791759 1,791759
результате 2,931194 2,931194
христианского 4,317488 4,317488
огонь 2,708050 2,708050
обработка 0,013423 0,013423
это 0,013423 0,013423
вкус 2,120264 10,601318
оттенком 4,317488 4,317488
назвала 2,525729 2,525729
этих 2,302585 2,302585
момента 3,064725 3,064725
описанием 0,013423 0,013423
новую 0,013423 0,013423
массовых 0,013423 0,013423
имеет 2,066196 2,066196
салфетками 3,912023 3,912023
пройдена 0,013423 0,013423
эффект 3,624341 7,248682
белого 3,218876 9,656627
используется 0,013423 0,013423
зарегистрироваться 0,013423 0,053692
пожаловаться 0,013423 0,013423
салфетки 3,912023 3,912023
сладкое 3,912023 3,912023
новости 0,006689 0,053512
войти 0,013423 0,053692
черного 3,912023 3,912023
электронной 0,013423 0,013423
белое 5,010635 15,031906
космической 5,010635 5,010635
набирающего 5,010635 5,010635
эл 0,013423 0,013423
темеврач 4,317488 4,317488
действия 0,013423 0,013423
карбоната 5,010635 5,010635
защита 0,013423 0,013423
изготовленные 4,317488 4,317488
варки 3,401197 6,802395
регистрация 0,013423 0,040269
почему 0,013423 0,080538
использования 0,013423 0,013423
восстановление 0,013423 0,040269
вопросам 0,013423 0,026846
вино 3,624341 43,492091
государственное 0,013423 0,013423
вина 3,912023 19,560115
воскресениекатолическая 4,317488 4,317488
добавить 2,238047 2,238047
испортить 3,912023 3,912023
вине 2,708050 56,869054
литр 3,912023 11,736069
христово 2,708050 21,664402
вконтакте 0,013423 0,026846
органических 5,010635 5,010635
вином 3,912023 19,560115
просим 0,013423 0,013423
понадобится 3,218876 6,437752
навсегда 0,013423 0,013423
нарушение 0,013423 0,040269
заблокирован 0,013423 0,013423
ошибку 0,013423 0,013423
защиты 0,013423 0,013423
общие 4,317488 12,952464
пыли 5,010635 5,010635
равномерно 3,218876 3,218876
назад 0,013423 0,067115
обращения 0,013423 0,026846
пасхапасха 3,912023 3,912023
метода 4,317488 4,317488
главного 3,401197 3,401197
минут 1,297063 3,891190
ошибка 0,013423 0,013423
рекомендации 2,931194 8,793581
кладбище 3,624341 3,624341
проварить 3,912023 3,912023
значение 2,302585 2,302585
вопрос 0,006689 0,006689
зубовский 0,013423 0,026846
подтверждаете 0,013423 0,013423
заполнить 0,013423 0,026846
десяток 4,317488 4,317488
значения 3,912023 3,912023
кипения 2,931194 5,862388
корочкой 4,317488 4,317488
осуществляется 0,013423 0,013423
ваш 0,013423 0,053692
имя 0,013423 0,067115
другие 0,013423 0,026846
общество 0,265703 0,797109
главное 1,752539 1,752539
кристалликами 5,010635 5,010635
надзору 0,013423 0,013423
возникнуть 4,317488 4,317488
срок 0,013423 0,026846
промыть 2,708050 2,708050
издание 0,013423 0,013423
бульвар 0,013423 0,026846
хотите 0,013423 0,013423
заполните 0,013423 0,067115
технологий 0,013423 0,026846
сетевое 0,013423 0,013423
традиции 1,966113 3,932226
вновь 0,013423 0,013423
яйца 1,966113 64,881724
сменить 0,013423 0,013423
получаются 3,912023 3,912023
использовании 2,813411 5,626821
материал 0,013423 0,013423
стоит 1,714798 1,714798
участвовать 0,013423 0,026846
сообщить 0,013423 0,013423
выбирать 2,708050 2,708050
красить 3,624341 7,248682
успешно 0,013423 0,013423
скриншот 0,013423 0,040269
луковой 4,317488 8,634976
теплой 3,218876 6,437752
утверждают 2,931194 2,931194
лента 0,006689 0,013378
популярные 2,445686 7,337058
переливаться 5,010635 5,010635
поверхности 3,218876 3,218876
заблокированы 0,013423 0,013423
суть 2,525729 2,525729
сфере 0,013423 0,013423
винные 5,010635 5,010635
свидетельство 0,013423 0,013423
правила 0,013423 0,026846
друг 3,401197 3,401197
взаимодействия 0,013423 0,026846
мерцающих 5,010635 5,010635
напитка 3,624341 10,873023
винограда 5,010635 5,010635
сохранить 0,013423 0,013423
взаимодействии 3,912023 3,912023
информационное 0,013423 0,040269
напитке 5,010635 5,010635
комментирования 0,013423 0,026846
яйцопутин 4,317488 4,317488
розового 4,317488 4,317488
пасхальных 3,624341 3,624341
посуду 2,813411 8,440232
мерцающий 5,010635 10,021271
стали 2,612740 2,612740
дать 2,066196 2,066196
пресс 0,013423 0,013423
сербский 3,912023 3,912023
применения 0,013423 0,013423
готовые 3,912023 3,912023
действовать 3,624341 3,624341
федеральному 0,013423 0,026846
персональных 0,013423 0,107384
произошла 0,013423 0,013423
важно 2,120264 2,120264
кислот 4,317488 8,634976
дата 0,013423 0,013423
ваше 0,013423 0,107384
традиционные 2,371578 4,743156
сайте 0,013423 0,013423
ваши 0,013423 0,013423
цвет 2,931194 2,931194
фио 0,013423 0,013423
оставить 2,445686 9,782744
восстановить 0,013423 0,013423
патриарх 3,218876 3,218876
затонировать 5,010635 5,010635
пожалуйста 0,013423 0,013423
симптомы 3,624341 3,624341
необходимо 1,791759 1,791759
просто 1,714798 1,714798
ниже 0,013423 0,040269
версия 0,013423 0,013423
вопроса 0,013423 0,013423
снижать 3,912023 3,912023
россия 0,006689 0,093646
поля 0,013423 0,093961
аккуратно 2,813411 2,813411
свой 2,525729 2,525729
вопросы 2,238047 8,952186
государственному 0,013423 0,026846
регистрации 0,013423 0,026846
поле 0,013423 0,013423
сайт 0,013423 0,026846
правильно 2,066196 8,264785
зарегистрировано 0,013423 0,013423
крашенок 5,010635 5,010635
другое 0,013423 0,013423
поддерживаетсяполучить 0,013423 0,013423
адрес 0,013423 0,040269
соответствии 0,013423 0,026846
вымытые 5,010635 5,010635
загрузите 0,013423 0,013423
популярность 4,317488 4,317488
сообщения 0,013423 0,053692
поводу 3,401197 3,401197
мелкие 3,064725 3,064725
подойдет 3,401197 3,401197
полусладкое 5,010635 5,010635
сваренные 4,317488 17,269952
загрузить 0,013423 0,013423
окрасить 4,317488 8,634976
пищевых 4,317488 8,634976
направлении 0,013423 0,013423
замеченных 0,013423 0,013423
телефон 0,013423 0,013423
отправки 0,013423 0,013423
иначе 2,931194 2,931194
унитарному 0,013423 0,026846
мелких 3,912023 3,912023
обновлено 1,003302 1,003302
сообщение 0,013423 0,134230
блестки 5,010635 10,021271
выберите 0,013423 0,040269
старые 0,013423 0,013423
достать 3,401197 3,401197
попробуйте 0,013423 0,013423
алкогольном 5,010635 5,010635
приобретают 3,912023 3,912023
бумажные 4,317488 4,317488
порфирий 3,912023 3,912023
остужаться 5,010635 5,010635
снять 2,708050 2,708050
пищевые 4,317488 4,317488
пасха 2,813411 39,387750
защитой 0,013423 0,026846
предмет 3,624341 3,624341
статьи 0,013423 0,013423
рекомендуется 3,218876 6,437752
подтвердите 0,013423 0,013423
авторизация 0,013423 0,013423
другу 5,010635 5,010635
религия 0,283247 0,849742
форма 0,013423 0,013423
логином 0,013423 0,013423
рейтинг 0,006689 0,006689
галочку 0,013423 0,013423
коричневого 5,010635 10,021271
пасху 2,708050 27,080502
брать 2,931194 2,931194
перетащите 0,013423 0,040269
материале 0,013423 0,040269
материала 0,013423 0,026846
пасхе 3,064725 6,129450
вашего 0,013423 0,013423
паролем 0,013423 0,013423
способы 0,013423 0,053692
оригинальные 2,445686 4,891372
зарегистрируйтесь 0,013423 0,013423
обо 0,013423 0,013423
дискуссии 0,013423 0,026846
ходить 3,624341 3,624341
способом 2,813411 2,813411
редактор 0,013423 0,013423
крашенки 4,317488 21,587441
фгуп 0,499776 1,499327
унитарное 0,013423 0,013423
получить 1,752539 5,257616
возникают 4,317488 4,317488
форму 0,013423 0,093961
тема 0,013423 0,040269
внутрь 5,010635 5,010635
трещины 5,010635 5,010635
комнатной 3,218876 6,437752
отправленного 0,013423 0,013423
связанные 0,013423 0,013423
рекомендательных 0,013423 0,013423
около 2,177422 2,177422
сделать 1,752539 1,752539
данная 0,013423 0,013423
обратная 0,013423 0,026846
риа 0,006689 0,046823
алкоголь 3,912023 3,912023
проставляя 0,013423 0,013423
связанных 0,013423 0,013423
опишите 0,013423 0,013423
спиртного 5,010635 5,010635
довести 3,064725 3,064725
заполнения 0,013423 0,093961
красном 5,010635 5,010635
прокипятить 3,912023 3,912023
разные 2,445686 2,445686
приготовлением 3,624341 10,873023
службе 0,013423 0,013423
релизов 0,013423 0,013423
каркаде 3,401197 10,203592
ваших 0,013423 0,026846
крышкой 3,218876 3,218876
почты 0,013423 0,013423
упаковке 3,912023 3,912023
которые 1,455287 1,455287
содержащегося 5,010635 5,010635
который 1,160488 1,160488
поэтому 2,014903 4,029806
сахар 2,612740 2,612740
растрескались 5,010635 5,010635
легкий 3,064725 3,064725
мерцание 5,010635 5,010635
агентство 0,013423 0,040269
кальция 5,010635 5,010635
свежими 3,401197 3,401197
правил 0,013423 0,040269
авторизоваться 0,013423 0,013423
авторизуйтесь 0,013423 0,013423
термической 3,912023 3,912023
выбрать 2,612740 7,838220
поздравил 2,708050 2,708050
агентства 0,013423 0,013423
сегодня 0,013423 0,107384
расширенный 0,013423 0,013423
температуре 2,813411 2,813411
католическая 3,218876 9,656627
температуры 3,218876 3,218876
оттенка 3,912023 3,912023
новыесначала 0,013423 0,013423
нужный 4,317488 4,317488
зависимости 2,014903 2,014903
влияет 2,525729 10,102915
шапка 0,013423 0,013423
примерно 2,177422 4,354844
праздника 2,371578 2,371578
куркумы 4,317488 8,634976
отправить 0,013423 0,147653
продолжить 0,013423 0,013423
красители 4,317488 4,317488
решении 0,013423 0,013423
рассказал 1,347074 1,347074
необычный 3,401197 3,401197
яиц 3,218876 35,407634
воспользуйтесь 0,013423 0,040269
участие 0,006689 0,006689
аккаунт 0,013423 0,053692
образуется 3,624341 3,624341
обсуждение 0,013423 0,013423
использовать 0,013423 0,013423
опечатка 0,013423 0,013423
блокировки 0,013423 0,013423
которая 1,643339 1,643339
онлайн 0,013423 0,013423
воскресение 2,931194 20,518356
контактов 0,013423 0,013423
почта 0,013423 0,080538
рецепт 1,544899 3,089799
апреля 0,013423 0,067115
история 1,484275 2,968550
фамилия 0,013423 0,013423
повара 2,302585 2,302585
патриарха 3,624341 3,624341
краситель 3,912023 3,912023
нами 0,013423 0,093961
яндекс 0,013423 0,026846
удалили 0,013423 0,040269
либо 0,013423 0,013423
остыть 2,813411 2,813411
вакансии 0,013423 0,013423
сухого 3,912023 3,912023
аккаунту 0,013423 0,013423
красителя 4,317488 4,317488
открываемого 0,013423 0,026846
накрыть 3,401197 3,401197
изготовления 5,010635 10,021271
нажимая 0,013423 0,013423
поиск 0,013423 0,013423
вами 0,013423 0,013423
недопустимое 0,013423 0,013423
согласны 0,013423 0,040269
истек 0,013423 0,013423
появления 2,612740 2,612740
красное 3,912023 7,824046
используя 2,612740 2,612740
предприятию 0,013423 0,026846
рекламы 0,013423 0,013423
декорированием 5,010635 5,010635
внимание 0,013423 0,013423
принимать 0,013423 0,013423
условие 2,813411 2,813411
сможете 0,013423 0,013423
красят 3,064725 3,064725
года 0,006689 0,026756
осмотреть 5,010635 5,010635
следует 2,066196 4,132393
подготовить 2,612740 2,612740
ознакомлены 0,013423 0,013423
трендом 5,010635 5,010635
шелухи 4,317488 8,634976
окрашивание 4,317488 8,634976
моих 0,013423 0,026846
предприятие 0,013423 0,013423
окрашивания 4,317488 8,634976
окрашиванию 5,010635 5,010635
продукт 2,931194 2,931194
обсуждения 0,013423 0,013423
яичной 4,317488 4,317488
какое 3,912023 11,736069
никак 3,064725 3,064725
заранее 2,708050 2,708050
блокировкой 0,013423 0,040269
