законным 0,013423 0,013423
новый 0,013423 0,040269
покрасить 2,813411 8,440232
найти 0,013423 0,013423
основанием 0,013423 0,013423
японской 3,064725 3,064725
письмо 0,013423 0,013423
спасибо 0,013423 0,013423
вкусного 3,218876 6,437752
согласие 0,013423 0,026846
фруктового 3,624341 3,624341
доступ 0,013423 0,026846
декабря 1,098612 3,295837
миа 0,013423 0,026846
пироговрецепты 5,010635 5,010635
задать 0,013423 0,013423
насыпного 4,317488 4,317488
маком 5,010635 5,010635
автору 0,013423 0,013423
связаться 0,013423 0,080538
должны 0,013423 0,013423
г 0,013423 0,026846
д 0,013423 0,026846
воде 2,014903 2,014903
варить 2,445686 2,445686
фото 0,013423 0,026846
политика 0,013423 0,013423
связь 0,006689 0,013378
готово 0,013423 0,026846
течение 0,013423 0,013423
информационных 0,013423 0,013423
размещения 0,013423 0,013423
конфиденциальности 0,013423 0,053692
связи 0,013423 0,080538
заголовок 0,013423 0,026846
пышек 4,317488 4,317488
христосправославиерусская 5,010635 5,010635
рецептыобществорелигияиисус 5,010635 5,010635
бананового 3,624341 3,624341
процесса 0,013423 0,013423
адресу 0,013423 0,026846
проблему 0,013423 0,013423
мимоза 3,064725 3,064725
капуста 3,624341 3,624341
курицей 3,218876 6,437752
выпечки 2,708050 2,708050
рецепты 1,139434 18,230949
классический 2,014903 4,029806
время 0,013423 0,013423
секреты 2,813411 2,813411
быстро 2,177422 2,177422
данных 0,013423 0,107384
письма 0,013423 0,013423
лапши 5,010635 5,010635
десерт 3,218876 3,218876
часов 0,013423 0,026846
соглашаетесь 0,013423 0,013423
шоколадного 4,317488 4,317488
ранее 0,013423 0,013423
восстановления 0,013423 0,013423
главный 0,013423 0,013423
данные 0,013423 0,013423
рецептыв 5,010635 5,010635
разблокировать 0,013423 0,040269
город 0,013423 0,013423
вкусно 2,813411 5,626821
фотографию 0,013423 0,013423
обращаем 0,013423 0,013423
легко 1,791759 10,750557
отправлено 0,013423 0,013423
написать 0,013423 0,013423
новостеймолния 0,013423 0,013423
одноклассники 0,013423 0,026846
сначала 0,013423 0,013423
выпечкирецепты 3,401197 3,401197
творогом 3,624341 3,624341
крабового 4,317488 4,317488
часа 1,875141 7,500564
нежного 3,624341 3,624341
пекинской 3,912023 3,912023
показать 0,013423 0,026846
кнопку 0,013423 0,013423
коммуникаций 0,013423 0,013423
драников 5,010635 5,010635
пароль 0,013423 0,080538
пароля 0,013423 0,053692
перейдите 0,013423 0,013423
светлое 2,931194 8,793581
лимонника 5,010635 5,010635
вход 0,013423 0,013423
закрыто 0,013423 0,013423
удалено 0,013423 0,013423
сколько 0,006689 0,006689
гаврилова 0,013423 0,013423
материалов 0,013423 0,053692
отправлена 0,013423 0,013423
тортов 3,218876 3,218876
чате 0,013423 0,013423
цвета 2,445686 2,445686
расположенному 0,013423 0,026846
чату 0,013423 0,013423
изысканной 5,010635 5,010635
редакцией 0,013423 0,013423
ягодами 3,401197 3,401197
учредитель 0,013423 0,013423
рассмотрены 0,013423 0,013423
простые 1,752539 1,752539
мое 0,013423 0,026846
ссылка 0,013423 0,026846
инструкция 2,238047 2,238047
шеф 2,302585 2,302585
ссылке 0,013423 0,013423
перетяните 0,013423 0,013423
ссылки 0,013423 0,013423
помочь 0,013423 0,013423
рецептыкулинарияпродуктысалат 4,317488 4,317488
ошибках 0,013423 0,013423
обязательны 0,013423 0,093961
салат 2,371578 2,371578
выпуска 0,013423 0,013423
списка 0,013423 0,013423
формой 0,013423 0,053692
делать 2,238047 2,238047
роскомнадзор 0,013423 0,013423
сухариками 5,010635 5,010635
блокировался 0,013423 0,013423
закусокрецепты 2,708050 2,708050
москва 0,006689 0,013378
духовке 2,708050 5,416100
воспользоваться 0,013423 0,013423
русской 1,752539 7,010155
руками 3,218876 3,218876
входа 0,013423 0,013423
французски 3,624341 3,624341
моё 0,013423 0,013423
федеральное 0,013423 0,013423
супов 2,813411 2,813411
федеральной 0,013423 0,013423
лучшие 1,714798 5,144395
рецептыпасхаобществороссиярелигиясветлое 4,317488 4,317488
международное 0,013423 0,040269
пошаговая 2,238047 2,238047
будут 0,013423 0,013423
новостей 0,006689 0,006689
православная 2,612740 5,225480
политикой 0,013423 0,040269
обработки 0,013423 0,026846
даю 0,013423 0,026846
нежных 4,317488 4,317488
обработку 0,013423 0,026846
обратной 0,013423 0,067115
редакции 0,013423 0,026846
обращений 0,013423 0,013423
какао 4,317488 4,317488
тыквенного 4,317488 4,317488
обработка 0,013423 0,013423
это 0,013423 0,013423
колбасой 3,218876 3,218876
настоящего 3,912023 3,912023
гречневой 4,317488 4,317488
яичными 4,317488 4,317488
пикников 5,010635 5,010635
описанием 0,013423 0,013423
новую 0,013423 0,013423
массовых 0,013423 0,013423
пройдена 0,013423 0,013423
используется 0,013423 0,013423
зарегистрироваться 0,013423 0,053692
детском 4,317488 4,317488
пожаловаться 0,013423 0,013423
сентября 1,514128 1,514128
новости 0,006689 0,013378
войти 0,013423 0,053692
электронной 0,013423 0,013423
эл 0,013423 0,013423
действия 0,013423 0,013423
крем 3,624341 3,624341
мягкого 4,317488 4,317488
защита 0,013423 0,013423
регистрация 0,013423 0,040269
почему 0,013423 0,026846
использования 0,013423 0,013423
фасолью 4,317488 4,317488
восстановление 0,013423 0,040269
дрожжей 3,912023 3,912023
салата 3,401197 6,802395
вопросам 0,013423 0,026846
государственное 0,013423 0,013423
воскресениекатолическая 4,317488 4,317488
вине 2,708050 2,708050
христово 2,708050 16,248301
мирероссияпасхарелигиозные 5,010635 5,010635
вконтакте 0,013423 0,026846
просим 0,013423 0,013423
навсегда 0,013423 0,013423
нарушение 0,013423 0,040269
заблокирован 0,013423 0,013423
ошибку 0,013423 0,013423
минутрецепты 2,708050 2,708050
защиты 0,013423 0,013423
назад 0,013423 0,067115
обращения 0,013423 0,026846
пасхапасха 3,912023 11,736069
минут 1,297063 9,079443
ошибка 0,013423 0,013423
вопрос 0,006689 0,006689
песочном 5,010635 5,010635
овсяной 4,317488 4,317488
зубовский 0,013423 0,026846
картофелем 3,218876 3,218876
подтверждаете 0,013423 0,013423
заполнить 0,013423 0,026846
марта 1,678431 1,678431
осуществляется 0,013423 0,013423
ваш 0,013423 0,053692
имя 0,013423 0,067115
другие 0,013423 0,026846
барбекю 5,010635 5,010635
надзору 0,013423 0,013423
срок 0,013423 0,026846
издание 0,013423 0,013423
бульвар 0,013423 0,026846
хотите 0,013423 0,013423
заполните 0,013423 0,067115
технологий 0,013423 0,026846
сетевое 0,013423 0,013423
рецептыроссияедапростые 4,317488 4,317488
курицы 3,912023 3,912023
традиции 1,966113 1,966113
вновь 0,013423 0,013423
яйца 1,966113 7,864451
сменить 0,013423 0,013423
рецептыобществопродуктыедакулинарияроссия 4,317488 4,317488
материал 0,013423 0,013423
участвовать 0,013423 0,026846
сообщить 0,013423 0,013423
пошаговые 2,238047 2,238047
пошаговый 2,813411 2,813411
блинчиками 5,010635 5,010635
успешно 0,013423 0,013423
скриншот 0,013423 0,040269
освежающий 3,064725 3,064725
лента 0,006689 0,013378
приготовить 2,014903 2,014903
церковьправославиетрадиции 4,317488 4,317488
заблокированы 0,013423 0,013423
суть 2,525729 2,525729
воскресениерусская 4,317488 4,317488
сфере 0,013423 0,013423
коктейля 3,912023 3,912023
свидетельство 0,013423 0,013423
питательного 5,010635 10,021271
правила 0,013423 0,026846
взаимодействия 0,013423 0,026846
картошки 4,317488 4,317488
авокадо 3,218876 3,218876
сохранить 0,013423 0,013423
информационное 0,013423 0,040269
комментирования 0,013423 0,026846
фруктами 3,624341 3,624341
рецептыпростые 2,813411 2,813411
освежающего 4,317488 4,317488
пресс 0,013423 0,013423
применения 0,013423 0,013423
сочного 3,912023 7,824046
фалафеля 5,010635 5,010635
гарантия 4,317488 4,317488
федеральному 0,013423 0,026846
персональных 0,013423 0,107384
шашлыка 3,912023 3,912023
произошла 0,013423 0,013423
маринады 4,317488 4,317488
дата 0,013423 0,013423
ваше 0,013423 0,107384
традиционные 2,371578 2,371578
сайте 0,013423 0,013423
ваши 0,013423 0,013423
фио 0,013423 0,013423
восстановить 0,013423 0,013423
пожалуйста 0,013423 0,013423
газированной 3,912023 3,912023
рецептыкулинарияедапростые 3,401197 3,401197
пирога 3,912023 3,912023
эскимо 4,317488 4,317488
окрошки 3,624341 7,248682
сыром 2,708050 2,708050
запеканка 3,624341 3,624341
просто 1,714798 1,714798
ниже 0,013423 0,040269
версия 0,013423 0,013423
вопроса 0,013423 0,013423
окрошка 3,401197 3,401197
россия 0,006689 0,046823
простой 2,120264 2,120264
поля 0,013423 0,093961
консервами 3,064725 3,064725
государственному 0,013423 0,026846
пошагово 3,064725 3,064725
регистрации 0,013423 0,026846
кефире 3,064725 6,129450
поле 0,013423 0,013423
сайт 0,013423 0,026846
дома 2,238047 2,238047
правильно 2,066196 2,066196
супа 3,218876 6,437752
зарегистрировано 0,013423 0,013423
другое 0,013423 0,013423
креветки 3,064725 3,064725
поддерживаетсяполучить 0,013423 0,013423
адрес 0,013423 0,040269
соответствии 0,013423 0,026846
хлеба 2,931194 2,931194
загрузите 0,013423 0,013423
рецептыпасхасветлое 5,010635 5,010635
сообщения 0,013423 0,053692
загрузить 0,013423 0,013423
направлении 0,013423 0,013423
замеченных 0,013423 0,013423
телефон 0,013423 0,013423
отправки 0,013423 0,013423
домашних 2,612740 2,612740
унитарному 0,013423 0,026846
квас 3,624341 7,248682
сообщение 0,013423 0,134230
выберите 0,013423 0,040269
старые 0,013423 0,013423
изысканного 3,912023 3,912023
попробуйте 0,013423 0,013423
кухниновогодние 4,317488 4,317488
креветками 4,317488 4,317488
бутерброды 2,525729 2,525729
черемухового 4,317488 4,317488
пасха 2,813411 2,813411
защитой 0,013423 0,026846
тушенная 4,317488 4,317488
статьи 0,013423 0,013423
тесте 4,317488 4,317488
подтвердите 0,013423 0,013423
авторизация 0,013423 0,013423
форма 0,013423 0,013423
логином 0,013423 0,013423
рейтинг 0,006689 0,006689
галочку 0,013423 0,013423
часасложные 5,010635 5,010635
пасху 2,708050 8,124151
перетащите 0,013423 0,040269
материале 0,013423 0,026846
арабской 3,218876 3,218876
материала 0,013423 0,026846
пасхе 3,064725 3,064725
вашего 0,013423 0,013423
паролем 0,013423 0,013423
ароматных 3,218876 3,218876
аджапсандали 4,317488 4,317488
борща 3,624341 3,624341
капустой 3,624341 3,624341
способы 0,013423 0,040269
оригинальные 2,445686 2,445686
зарегистрируйтесь 0,013423 0,013423
обо 0,013423 0,013423
мясом 2,931194 2,931194
часарецепты 2,813411 2,813411
дискуссии 0,013423 0,026846
рецептырецепты 1,875141 28,127116
редактор 0,013423 0,013423
семейных 4,317488 4,317488
грузинского 4,317488 4,317488
унитарное 0,013423 0,013423
мясо 2,931194 2,931194
салатов 2,813411 8,440232
форму 0,013423 0,093961
тема 0,013423 0,040269
отправленного 0,013423 0,013423
мяса 3,401197 3,401197
связанные 0,013423 0,013423
рекомендательных 0,013423 0,013423
саду 3,912023 3,912023
данная 0,013423 0,013423
обратная 0,013423 0,026846
риа 0,006689 0,013378
своими 2,931194 2,931194
проставляя 0,013423 0,013423
связанных 0,013423 0,013423
опишите 0,013423 0,013423
заполнения 0,013423 0,093961
разные 2,445686 2,445686
аппетитных 5,010635 5,010635
кухни 1,832581 9,162907
год 0,967584 1,935168
службе 0,013423 0,013423
молочного 3,912023 3,912023
средне 2,813411 5,626821
картофельная 4,317488 4,317488
релизов 0,013423 0,013423
каркаде 3,401197 3,401197
ваших 0,013423 0,026846
почты 0,013423 0,013423
ужинов 5,010635 5,010635
десертоврецепты 3,401197 10,203592
торта 3,912023 7,824046
легкий 3,064725 3,064725
агентство 0,013423 0,040269
правил 0,013423 0,040269
каши 3,912023 3,912023
авторизоваться 0,013423 0,013423
авторизуйтесь 0,013423 0,013423
идеи 3,401197 3,401197
агентства 0,013423 0,013423
сегодня 0,013423 0,067115
рецептысложные 5,010635 5,010635
расширенный 0,013423 0,026846
рукколы 5,010635 5,010635
пломбир 4,317488 4,317488
новыесначала 0,013423 0,013423
приготовления 1,791759 16,125835
церковьтрадициипасхасветлое 5,010635 5,010635
шапка 0,013423 0,013423
отправить 0,013423 0,147653
продолжить 0,013423 0,013423
решении 0,013423 0,013423
условиях 2,066196 2,066196
свежие 2,708050 2,708050
квасе 3,912023 3,912023
летние 4,317488 4,317488
необычные 2,238047 2,238047
воспользуйтесь 0,013423 0,040269
участие 0,006689 0,006689
аккаунт 0,013423 0,053692
сибирского 3,624341 3,624341
обсуждение 0,013423 0,013423
использовать 0,013423 0,013423
опечатка 0,013423 0,013423
сытного 3,912023 3,912023
блокировки 0,013423 0,013423
сложно 3,218876 6,437752
онлайн 0,013423 0,013423
воскресение 2,931194 11,724775
контактов 0,013423 0,013423
почта 0,013423 0,080538
желе 3,912023 3,912023
рецепт 1,544899 35,532686
булочек 5,010635 5,010635
история 1,484275 1,484275
апреля 0,013423 0,174499
фамилия 0,013423 0,013423
повара 2,302585 2,302585
нами 0,013423 0,093961
яндекс 0,013423 0,026846
удалили 0,013423 0,040269
ягодный 3,912023 3,912023
либо 0,013423 0,013423
холодный 3,401197 3,401197
вакансии 0,013423 0,013423
праздники 1,791759 1,791759
аккаунту 0,013423 0,013423
открываемого 0,013423 0,026846
нажимая 0,013423 0,013423
поиск 0,013423 0,026846
вами 0,013423 0,013423
недопустимое 0,013423 0,013423
щавелевого 4,317488 4,317488
холодника 4,317488 4,317488
согласны 0,013423 0,040269
истек 0,013423 0,013423
появления 2,612740 2,612740
мороженого 3,624341 3,624341
предприятию 0,013423 0,026846
рекламы 0,013423 0,013423
внимание 0,013423 0,013423
принимать 0,013423 0,013423
сможете 0,013423 0,013423
красят 3,064725 3,064725
года 0,006689 0,006689
овощами 3,624341 3,624341
ароматного 4,317488 4,317488
петербургских 4,317488 4,317488
картофельных 5,010635 5,010635
ознакомлены 0,013423 0,013423
тигровыми 5,010635 5,010635
сорбет 4,317488 4,317488
моих 0,013423 0,026846
японски 5,010635 5,010635
очень 1,678431 3,356862
предприятие 0,013423 0,013423
обсуждения 0,013423 0,013423
блокировкой 0,013423 0,040269
