законным 0,013423 0,013423
новый 0,013423 0,040269
найти 0,013423 0,013423
основанием 0,013423 0,013423
перемирие 4,317488 4,317488
письмо 0,013423 0,013423
ответила 4,317488 4,317488
спасибо 0,013423 0,013423
удивили 5,010635 5,010635
согласие 0,013423 0,026846
центр 0,190354 0,190354
доступ 0,013423 0,026846
декабря 1,098612 2,197225
миа 0,013423 0,026846
задать 0,013423 0,013423
теги 0,190354 0,190354
автору 0,013423 0,013423
связаться 0,013423 0,080538
сломалась 5,010635 5,010635
должны 0,013423 0,013423
г 0,013423 0,026846
д 0,013423 0,026846
трудный 5,010635 5,010635
реклама 0,190354 0,190354
фото 0,013423 0,013423
политика 0,013423 0,026846
связь 0,006689 0,013378
готово 0,013423 0,026846
течение 0,013423 0,013423
автора 2,931194 2,931194
информационных 0,013423 0,013423
размещения 0,013423 0,013423
конфиденциальности 0,013423 0,053692
готова 3,401197 3,401197
мир 1,966113 1,966113
связи 0,013423 0,080538
запад 2,302585 2,302585
заголовок 0,013423 0,026846
делай 4,317488 4,317488
процесса 0,013423 0,013423
определит 5,010635 5,010635
адресу 0,013423 0,026846
проблему 0,013423 0,013423
минска 5,010635 5,010635
деле 2,612740 2,612740
время 0,013423 0,026846
данных 0,013423 0,107384
письма 0,013423 0,013423
часов 0,013423 0,026846
соглашаетесь 0,013423 0,013423
ранее 0,013423 0,013423
восстановления 0,013423 0,013423
главный 0,013423 0,013423
данные 0,013423 0,013423
расовые 5,010635 5,010635
эпштейна 3,064725 3,064725
разблокировать 0,013423 0,040269
город 0,013423 0,013423
украинцев 2,525729 2,525729
фотографию 0,013423 0,013423
обращаем 0,013423 0,013423
отправлено 0,013423 0,013423
написать 0,013423 0,013423
новостеймолния 0,013423 0,013423
украине 1,427116 1,427116
одноклассники 0,013423 0,026846
сначала 0,013423 0,013423
публикации 2,238047 2,238047
украины 1,832581 1,832581
показать 0,013423 0,013423
кнопку 0,013423 0,013423
заняться 5,010635 5,010635
коммуникаций 0,013423 0,013423
пароль 0,013423 0,080538
пароля 0,013423 0,053692
приговор 3,401197 3,401197
перейдите 0,013423 0,013423
закончилось 5,010635 5,010635
вступить 5,010635 5,010635
вход 0,013423 0,013423
репетиция 5,010635 5,010635
продукты 0,150823 0,150823
закрыто 0,013423 0,013423
удалено 0,013423 0,013423
сколько 0,006689 0,006689
гаврилова 0,013423 0,013423
материалов 0,013423 0,053692
отправлена 0,013423 0,013423
чате 0,013423 0,013423
киеву 3,912023 3,912023
бунты 5,010635 5,010635
расположенному 0,013423 0,026846
чату 0,013423 0,013423
редакцией 0,013423 0,013423
всем 1,455287 1,455287
учредитель 0,013423 0,013423
путина 2,612740 2,612740
рассмотрены 0,013423 0,013423
мое 0,013423 0,026846
ссылка 0,013423 0,026846
последние 1,098612 1,098612
ссылке 0,013423 0,013423
перетяните 0,013423 0,013423
ссылки 0,013423 0,013423
помочь 0,013423 0,013423
архив 0,190354 0,190354
вынесла 5,010635 5,010635
подарки 3,401197 3,401197
ошибках 0,013423 0,013423
репарации 3,218876 3,218876
обязательны 0,013423 0,093961
сша 1,118815 1,118815
терроризмом 5,010635 5,010635
выпуска 0,013423 0,013423
списка 0,013423 0,013423
формой 0,013423 0,053692
роскомнадзор 0,013423 0,013423
блокировался 0,013423 0,013423
москва 0,006689 0,033445
воспользоваться 0,013423 0,013423
входа 0,013423 0,013423
моё 0,013423 0,013423
федеральное 0,013423 0,013423
официально 3,624341 3,624341
вассалы 5,010635 5,010635
федеральной 0,013423 0,013423
опыт 4,317488 4,317488
международное 0,013423 0,040269
эта 2,371578 2,371578
опасности 3,624341 3,624341
результаты 3,912023 3,912023
будут 0,013423 0,013423
новостей 0,006689 0,006689
виктория 3,064725 6,129450
мечта 4,317488 4,317488
политикой 0,013423 0,040269
обработки 0,013423 0,026846
даю 0,013423 0,026846
обработку 0,013423 0,026846
обратной 0,013423 0,067115
подкасты 0,292136 0,292136
редакции 0,013423 0,026846
обращений 0,013423 0,013423
скрывают 3,624341 3,624341
вчера 1,576648 1,576648
обработка 0,013423 0,013423
это 0,013423 0,013423
энергетическое 4,317488 4,317488
ждали 4,317488 4,317488
обзоры 2,525729 2,525729
граждане 2,813411 2,813411
описанием 0,013423 0,013423
новую 0,013423 0,013423
массовых 0,013423 0,013423
покушение 4,317488 4,317488
катастрофа 5,010635 5,010635
пройдена 0,013423 0,013423
используется 0,013423 0,013423
зарегистрироваться 0,013423 0,053692
пожаловаться 0,013423 0,013423
новости 0,006689 0,013378
войти 0,013423 0,053692
электронной 0,013423 0,013423
мире 0,274437 0,274437
эл 0,013423 0,013423
действия 0,013423 0,013423
раскололи 2,612740 2,612740
радио 0,274437 0,274437
защита 0,013423 0,013423
выплатит 3,218876 3,218876
регистрация 0,013423 0,040269
почему 0,013423 0,013423
использования 0,013423 0,013423
восстановление 0,013423 0,040269
вопросам 0,013423 0,026846
государственное 0,013423 0,013423
никифорова 3,218876 6,437752
воевать 3,401197 3,401197
вконтакте 0,013423 0,026846
спецпроекты 0,190354 0,190354
просим 0,013423 0,013423
навсегда 0,013423 0,013423
нарушение 0,013423 0,040269
заблокирован 0,013423 0,013423
желающим 3,218876 3,218876
ошибку 0,013423 0,013423
защиты 0,013423 0,013423
путин 1,514128 1,514128
назад 0,013423 0,067115
обращения 0,013423 0,026846
февраля 0,616186 3,697117
ошибка 0,013423 0,013423
вопрос 0,006689 0,006689
зубовский 0,013423 0,026846
подтверждаете 0,013423 0,013423
заполнить 0,013423 0,026846
осуществляется 0,013423 0,013423
ваш 0,013423 0,053692
против 1,966113 1,966113
имя 0,013423 0,067115
другие 0,013423 0,026846
общество 0,265703 0,265703
надзору 0,013423 0,013423
нового 1,678431 1,678431
срок 0,013423 0,026846
катастрофой 4,317488 4,317488
издание 0,013423 0,013423
бульвар 0,013423 0,026846
событий 2,177422 2,177422
хотите 0,013423 0,013423
заполните 0,013423 0,067115
технологий 0,013423 0,026846
сетевое 0,013423 0,013423
встретился 3,912023 3,912023
неделю 1,373049 1,373049
вновь 0,013423 0,013423
сменить 0,013423 0,013423
угрожает 3,912023 3,912023
материал 0,013423 0,013423
затрепыхались 5,010635 5,010635
участвовать 0,013423 0,026846
точки 3,218876 3,218876
сообщить 0,013423 0,013423
успешно 0,013423 0,013423
скриншот 0,013423 0,040269
лента 0,006689 0,013378
заблокированы 0,013423 0,013423
спорт 0,190354 0,190354
сфере 0,013423 0,013423
месяц 1,297063 1,297063
свидетельство 0,013423 0,013423
правила 0,013423 0,040269
взаимодействия 0,013423 0,026846
молча 5,010635 5,010635
мирового 5,010635 5,010635
сохранить 0,013423 0,013423
информационное 0,013423 0,040269
комментирования 0,013423 0,026846
гражданской 2,708050 2,708050
пресс 0,013423 0,026846
оружие 2,708050 2,708050
россии 0,395515 1,186544
применения 0,013423 0,013423
киевские 4,317488 4,317488
федеральному 0,013423 0,026846
персональных 0,013423 0,107384
произошла 0,013423 0,013423
дата 0,013423 0,013423
ваше 0,013423 0,107384
сайте 0,013423 0,013423
ваши 0,013423 0,013423
дате 2,525729 5,051457
очередь 2,238047 2,238047
фио 0,013423 0,013423
восстановить 0,013423 0,013423
пентагон 3,912023 3,912023
пожалуйста 0,013423 0,013423
ниже 0,013423 0,040269
версия 0,013423 0,013423
вопроса 0,013423 0,013423
россия 0,006689 0,066890
поля 0,013423 0,093961
января 1,160488 12,765365
государственному 0,013423 0,026846
регистрации 0,013423 0,026846
киллеры 5,010635 5,010635
поле 0,013423 0,013423
сайт 0,013423 0,026846
сервисы 0,190354 0,190354
зарегистрировано 0,013423 0,013423
другое 0,013423 0,013423
туризм 0,283247 0,283247
болевые 5,010635 5,010635
поддерживаетсяполучить 0,013423 0,013423
забыт 5,010635 5,010635
адрес 0,013423 0,040269
соответствии 0,013423 0,026846
загрузите 0,013423 0,013423
сообщения 0,013423 0,053692
загрузить 0,013423 0,013423
мириться 5,010635 5,010635
направлении 0,013423 0,013423
замеченных 0,013423 0,013423
телефон 0,013423 0,013423
отправки 0,013423 0,013423
зеленским 3,912023 3,912023
унитарному 0,013423 0,026846
период 1,160488 1,160488
сообщение 0,013423 0,134230
выберите 0,013423 0,040269
старые 0,013423 0,013423
попробуйте 0,013423 0,013423
умер 2,813411 2,813411
войны 2,708050 2,708050
материалы 1,643339 1,643339
войну 5,010635 5,010635
приблизили 5,010635 5,010635
защитой 0,013423 0,026846
статьи 0,013423 0,013423
подтвердите 0,013423 0,013423
авторизация 0,013423 0,013423
европейская 4,317488 4,317488
религия 0,283247 0,283247
форма 0,013423 0,013423
логином 0,013423 0,013423
несите 5,010635 5,010635
рейтинг 0,006689 0,006689
галочку 0,013423 0,013423
перетащите 0,013423 0,040269
материале 0,013423 0,026846
культура 0,292136 0,292136
материала 0,013423 0,026846
происшествия 0,292136 0,292136
следующую 5,010635 5,010635
вашего 0,013423 0,013423
паролем 0,013423 0,013423
нато 2,612740 7,838220
дня 1,678431 1,678431
популярности 2,813411 2,813411
способы 0,013423 0,026846
зарегистрируйтесь 0,013423 0,013423
обо 0,013423 0,013423
недвижимость 0,292136 0,292136
дискуссии 0,013423 0,026846
близка 5,010635 5,010635
редактор 0,013423 0,013423
унитарное 0,013423 0,013423
форму 0,013423 0,093961
тема 0,013423 0,040269
отправленного 0,013423 0,013423
связанные 0,013423 0,013423
рекомендательных 0,013423 0,013423
сделать 1,752539 1,752539
данная 0,013423 0,013423
обратная 0,013423 0,026846
риа 0,006689 0,013378
проставляя 0,013423 0,013423
связанных 0,013423 0,013423
опишите 0,013423 0,013423
заполнения 0,013423 0,093961
полезное 0,182322 0,182322
год 0,967584 1,935168
службе 0,013423 0,013423
нюанс 3,912023 3,912023
релизов 0,013423 0,013423
ваших 0,013423 0,026846
почты 0,013423 0,013423
предложили 3,624341 7,248682
трамп 1,609438 3,218876
судного 5,010635 5,010635
агентство 0,013423 0,040269
правил 0,013423 0,040269
авторизоваться 0,013423 0,013423
авторизуйтесь 0,013423 0,013423
самом 2,813411 2,813411
агентства 0,013423 0,013423
сегодня 0,013423 0,067115
расширенный 0,013423 0,013423
файлы 4,317488 4,317488
новыесначала 0,013423 0,013423
страну 3,401197 3,401197
шапка 0,013423 0,013423
отправить 0,013423 0,147653
продолжить 0,013423 0,013423
поздравить 5,010635 5,010635
решении 0,013423 0,013423
применила 5,010635 5,010635
капитуляцию 5,010635 5,010635
воспользуйтесь 0,013423 0,040269
участие 0,006689 0,006689
аккаунт 0,013423 0,053692
экономика 0,292136 0,292136
победила 4,317488 4,317488
обсуждение 0,013423 0,013423
использовать 0,013423 0,013423
опечатка 0,013423 0,013423
выбор 2,813411 2,813411
попал 3,624341 3,624341
блокировки 0,013423 0,013423
онлайн 0,013423 0,013423
контактов 0,013423 0,013423
почта 0,013423 0,080538
историю 2,371578 2,371578
апреля 0,013423 0,013423
фамилия 0,013423 0,013423
предупреждал 3,912023 3,912023
нами 0,013423 0,093961
яндекс 0,013423 0,026846
удалили 0,013423 0,040269
либо 0,013423 0,013423
вакансии 0,013423 0,013423
аккаунту 0,013423 0,013423
открываемого 0,013423 0,026846
нажимая 0,013423 0,013423
умереть 4,317488 4,317488
поиск 0,013423 0,013423
вами 0,013423 0,013423
недопустимое 0,013423 0,013423
согласны 0,013423 0,040269
истек 0,013423 0,013423
предприятию 0,013423 0,026846
рекламы 0,013423 0,013423
порядка 3,218876 3,218876
внимание 0,013423 0,013423
принимать 0,013423 0,013423
сможете 0,013423 0,013423
года 0,006689 0,006689
ознакомлены 0,013423 0,013423
моих 0,013423 0,026846
предприятие 0,013423 0,013423
наука 0,292136 0,292136
обсуждения 0,013423 0,013423
предстоит 3,401197 3,401197
блокировкой 0,013423 0,040269
