законным 0,013423 0,013423
медицинской 3,401197 13,604790
новый 0,013423 0,013423
найти 0,013423 0,013423
основанием 0,013423 0,013423
письмо 0,013423 0,013423
спасибо 0,013423 0,013423
согласие 0,013423 0,026846
центр 0,190354 0,190354
доступ 0,013423 0,026846
мозг 5,010635 5,010635
помощью 1,919593 1,919593
миа 0,013423 0,093961
задать 0,013423 0,013423
теги 0,190354 0,190354
автору 0,013423 0,013423
связаться 0,013423 0,080538
отделением 4,317488 4,317488
должны 0,013423 0,013423
словам 1,752539 1,752539
г 0,013423 0,026846
д 0,013423 0,026846
реклама 0,190354 0,190354
фото 0,013423 0,067115
политика 0,013423 0,026846
связь 0,006689 0,013378
готово 0,013423 0,026846
течение 0,013423 0,013423
информационных 0,013423 0,013423
размещения 0,013423 0,013423
конфиденциальности 0,013423 0,053692
связи 0,013423 0,080538
стеблецову 5,010635 5,010635
заголовок 0,013423 0,026846
практику 5,010635 5,010635
встречаются 3,912023 3,912023
сознания 4,317488 4,317488
нейрохирургам 5,010635 5,010635
процесса 0,013423 0,013423
адресу 0,013423 0,026846
проблему 0,013423 0,013423
алтайобщество 5,010635 5,010635
время 0,013423 0,013423
данных 0,013423 0,107384
пулей 3,401197 44,215566
ранен 5,010635 5,010635
письма 0,013423 0,013423
часов 0,013423 0,026846
соглашаетесь 0,013423 0,013423
каждое 3,401197 3,401197
республика 2,612740 10,450960
ранее 0,013423 0,013423
восстановления 0,013423 0,013423
главный 0,013423 0,013423
данные 0,013423 0,013423
продолжалась 5,010635 5,010635
разблокировать 0,013423 0,040269
город 0,013423 0,013423
тщательного 5,010635 5,010635
фотографию 0,013423 0,013423
барнаул 5,010635 25,053176
обращаем 0,013423 0,013423
отправлено 0,013423 0,013423
написать 0,013423 0,013423
новостеймолния 0,013423 0,013423
одноклассники 0,013423 0,026846
сначала 0,013423 0,013423
часа 1,875141 1,875141
показать 0,013423 0,013423
кнопку 0,013423 0,013423
коммуникаций 0,013423 0,013423
пароль 0,013423 0,080538
пароля 0,013423 0,053692
перейдите 0,013423 0,013423
клинической 5,010635 10,021271
вход 0,013423 0,013423
продукты 0,150823 0,150823
читать 0,851752 0,851752
закрыто 0,013423 0,013423
удалено 0,013423 0,013423
сколько 0,006689 0,006689
вконтактеснимок 5,010635 5,010635
гаврилова 0,013423 0,013423
материалов 0,013423 0,040269
отправлена 0,013423 0,013423
чате 0,013423 0,013423
расположенному 0,013423 0,026846
чату 0,013423 0,013423
редакцией 0,013423 0,013423
всей 2,445686 2,445686
летнюю 3,912023 3,912023
ходил 3,401197 30,610776
помощи 2,066196 4,132393
учредитель 0,013423 0,013423
множества 4,317488 4,317488
рассмотрены 0,013423 0,013423
мое 0,013423 0,026846
ссылка 0,013423 0,026846
ссылке 0,013423 0,013423
перетяните 0,013423 0,013423
ссылки 0,013423 0,013423
помочь 0,013423 0,013423
архив 0,190354 0,190354
ошибках 0,013423 0,013423
обязательны 0,013423 0,093961
огнестрельное 5,010635 5,010635
выпуска 0,013423 0,013423
обращался 4,317488 4,317488
списка 0,013423 0,013423
формой 0,013423 0,053692
роскомнадзор 0,013423 0,013423
усилий 3,912023 3,912023
подобный 5,010635 5,010635
блокировался 0,013423 0,013423
москва 0,006689 0,013378
воспользоваться 0,013423 0,013423
входа 0,013423 0,013423
мою 5,010635 5,010635
моё 0,013423 0,013423
федеральное 0,013423 0,013423
федеральной 0,013423 0,013423
международное 0,013423 0,040269
будут 0,013423 0,013423
зрения 3,912023 3,912023
новостей 0,006689 0,006689
подобные 4,317488 4,317488
политикой 0,013423 0,040269
отметил 2,931194 2,931194
обработки 0,013423 0,026846
даю 0,013423 0,026846
координации 5,010635 5,010635
достаточно 2,445686 2,445686
обработку 0,013423 0,026846
обратной 0,013423 0,067115
скорой 3,064725 6,129450
подкасты 0,292136 0,292136
редакции 0,013423 0,026846
обращений 0,013423 0,013423
операция 2,120264 2,120264
обработка 0,013423 0,013423
это 0,013423 0,026846
травматическим 5,010635 5,010635
краевой 5,010635 10,021271
описанием 0,013423 0,013423
новую 0,013423 0,013423
массовых 0,013423 0,013423
реабилитация 4,317488 4,317488
пройдена 0,013423 0,013423
используется 0,013423 0,013423
зарегистрироваться 0,013423 0,053692
пожаловаться 0,013423 0,013423
медиков 5,010635 5,010635
новости 0,006689 0,093646
войти 0,013423 0,053692
хорошие 3,912023 15,648092
электронной 0,013423 0,013423
екатеринбурге 3,624341 3,624341
мире 0,274437 0,274437
эл 0,013423 0,013423
действия 0,013423 0,013423
радио 0,274437 0,274437
дзен 0,851752 0,851752
защита 0,013423 0,013423
регистрация 0,013423 0,040269
почему 0,013423 0,013423
использования 0,013423 0,013423
восстановление 0,013423 0,040269
планирования 5,010635 5,010635
вопросам 0,013423 0,026846
государственное 0,013423 0,013423
вконтакте 0,013423 0,053692
спецпроекты 0,190354 0,190354
затем 1,791759 1,791759
просим 0,013423 0,013423
навсегда 0,013423 0,013423
нарушение 0,013423 0,040269
заблокирован 0,013423 0,013423
ошибку 0,013423 0,013423
защиты 0,013423 0,013423
абдужомилу 5,010635 5,010635
назад 0,013423 0,067115
обращения 0,013423 0,026846
ошибка 0,013423 0,013423
вопрос 0,006689 0,006689
зубовский 0,013423 0,026846
подтверждаете 0,013423 0,013423
заполнить 0,013423 0,026846
осуществляется 0,013423 0,013423
ваш 0,013423 0,053692
имя 0,013423 0,067115
другие 0,013423 0,026846
общество 0,265703 1,062813
надзору 0,013423 0,013423
срок 0,013423 0,026846
длительная 4,317488 4,317488
издание 0,013423 0,013423
бульвар 0,013423 0,026846
хотите 0,013423 0,013423
заполните 0,013423 0,067115
технологий 0,013423 0,026846
новостиреспублика 5,010635 5,010635
сетевое 0,013423 0,013423
вновь 0,013423 0,013423
неделя 3,401197 3,401197
фев 1,399717 1,399717
сменить 0,013423 0,013423
материал 0,013423 0,013423
участвовать 0,013423 0,026846
сообщить 0,013423 0,013423
успешно 0,013423 0,013423
скриншот 0,013423 0,040269
голове 2,931194 38,105519
лента 0,006689 0,013378
ранение 4,317488 4,317488
заблокированы 0,013423 0,013423
спорт 0,190354 0,190354
сфере 0,013423 0,013423
проникновением 5,010635 5,010635
свидетельство 0,013423 0,013423
бригады 3,624341 3,624341
сердце 3,401197 3,401197
правила 0,013423 0,026846
взаимодействия 0,013423 0,026846
владиславу 5,010635 5,010635
сохранить 0,013423 0,013423
информационное 0,013423 0,040269
комментирования 0,013423 0,026846
пресс 0,013423 0,026846
применения 0,013423 0,013423
федеральному 0,013423 0,026846
персональных 0,013423 0,107384
произошла 0,013423 0,013423
дата 0,013423 0,013423
ваше 0,013423 0,107384
сайте 0,013423 0,013423
ваши 0,013423 0,013423
спасли 3,218876 38,626510
фио 0,013423 0,013423
восстановить 0,013423 0,013423
головной 4,317488 4,317488
пожалуйста 0,013423 0,013423
пациент 5,010635 10,021271
половиной 4,317488 4,317488
ниже 0,013423 0,040269
версия 0,013423 0,013423
вопроса 0,013423 0,013423
россия 0,006689 0,080268
сутки 2,525729 25,257286
поля 0,013423 0,093961
рассказали 2,066196 2,066196
января 1,160488 1,160488
государственному 0,013423 0,026846
оружием 5,010635 5,010635
регистрации 0,013423 0,026846
сайт 0,013423 0,026846
поле 0,013423 0,026846
сервисы 0,190354 0,190354
зарегистрировано 0,013423 0,013423
другое 0,013423 0,013423
туризм 0,283247 0,283247
поддерживаетсяполучить 0,013423 0,013423
адрес 0,013423 0,040269
соответствии 0,013423 0,026846
черданцев 5,010635 5,010635
загрузите 0,013423 0,013423
сообщения 0,013423 0,053692
загрузить 0,013423 0,013423
направлении 0,013423 0,013423
осколков 5,010635 5,010635
замеченных 0,013423 0,013423
телефон 0,013423 0,013423
отправки 0,013423 0,013423
унитарному 0,013423 0,026846
требует 2,813411 2,813411
обновлено 1,003302 1,003302
сообщение 0,013423 0,134230
выберите 0,013423 0,040269
старые 0,013423 0,013423
нейрохирурги 5,010635 20,042541
попробуйте 0,013423 0,013423
пациенту 3,912023 3,912023
защитой 0,013423 0,026846
статьи 0,013423 0,013423
ранением 5,010635 5,010635
инцидент 5,010635 5,010635
подтвердите 0,013423 0,013423
авторизация 0,013423 0,013423
религия 0,283247 0,283247
форма 0,013423 0,013423
логином 0,013423 0,013423
рейтинг 0,006689 0,006689
галочку 0,013423 0,013423
пациента 3,218876 35,407634
перетащите 0,013423 0,040269
материале 0,013423 0,026846
культура 0,292136 0,292136
больницы 3,624341 3,624341
материала 0,013423 0,026846
происшествия 0,292136 0,292136
нейрохирургическим 5,010635 5,010635
сообщили 3,218876 6,437752
врачи 2,931194 20,518356
вашего 0,013423 0,013423
паролем 0,013423 0,013423
способы 0,013423 0,026846
зарегистрируйтесь 0,013423 0,013423
обо 0,013423 0,013423
больнице 4,317488 8,634976
недвижимость 0,292136 0,292136
удалось 2,931194 2,931194
дискуссии 0,013423 0,026846
редактор 0,013423 0,013423
фгуп 0,499776 2,498879
унитарное 0,013423 0,013423
ккбсмп 5,010635 30,063812
форму 0,013423 0,093961
тема 0,013423 0,040269
отправленного 0,013423 0,013423
алтай 3,624341 14,497364
связанные 0,013423 0,013423
рекомендательных 0,013423 0,013423
алтае 4,317488 4,317488
данная 0,013423 0,013423
обратная 0,013423 0,026846
риа 0,006689 0,066890
проставляя 0,013423 0,013423
связанных 0,013423 0,013423
опишите 0,013423 0,013423
заполнения 0,013423 0,093961
полезное 0,182322 0,182322
службе 0,013423 0,013423
десятый 4,317488 4,317488
релизов 0,013423 0,013423
спасти 3,218876 3,218876
ваших 0,013423 0,026846
почты 0,013423 0,013423
которые 1,455287 2,910574
который 1,160488 10,444389
агентство 0,013423 0,040269
правил 0,013423 0,040269
авторизоваться 0,013423 0,013423
авторизуйтесь 0,013423 0,013423
потери 2,708050 2,708050
агентства 0,013423 0,013423
сегодня 0,013423 0,134230
расширенный 0,013423 0,013423
случаи 3,624341 3,624341
заведующий 5,010635 5,010635
новыесначала 0,013423 0,013423
лечения 3,912023 3,912023
шапка 0,013423 0,013423
отправить 0,013423 0,147653
продолжить 0,013423 0,013423
решении 0,013423 0,013423
алтайские 3,401197 27,209579
благодаря 2,302585 2,302585
воспользуйтесь 0,013423 0,040269
участие 0,006689 0,006689
аккаунт 0,013423 0,053692
экономика 0,292136 0,292136
обсуждение 0,013423 0,013423
использовать 0,013423 0,013423
опечатка 0,013423 0,013423
попал 3,624341 3,624341
блокировки 0,013423 0,013423
онлайн 0,013423 0,013423
контактов 0,013423 0,013423
почта 0,013423 0,080538
апреля 0,013423 0,013423
фамилия 0,013423 0,013423
евгений 2,302585 2,302585
нами 0,013423 0,093961
яндекс 0,013423 0,026846
удалили 0,013423 0,040269
мужчину 5,010635 20,042541
либо 0,013423 0,013423
вакансии 0,013423 0,013423
аккаунту 0,013423 0,013423
открываемого 0,013423 0,026846
редко 3,624341 3,624341
пули 5,010635 5,010635
нажимая 0,013423 0,013423
поиск 0,013423 0,013423
вами 0,013423 0,013423
недопустимое 0,013423 0,013423
согласны 0,013423 0,040269
истек 0,013423 0,013423
вконтактенейрохирурги 5,010635 5,010635
предприятию 0,013423 0,026846
рекламы 0,013423 0,013423
внимание 0,013423 0,013423
принимать 0,013423 0,013423
сможете 0,013423 0,013423
года 0,006689 0,006689
снимок 4,317488 4,317488
кгбуз 5,010635 20,042541
ознакомлены 0,013423 0,013423
моих 0,013423 0,026846
предприятие 0,013423 0,013423
отомуротову 5,010635 5,010635
наука 0,292136 0,292136
обсуждения 0,013423 0,013423
предстоит 3,401197 3,401197
блокировкой 0,013423 0,040269
