метро 3,912023 3,912023
законным 0,013423 0,013423
новый 0,013423 0,053692
личных 3,912023 11,736069
день 1,203973 3,611918
аварийные 4,317488 12,952464
найти 0,013423 0,013423
основанием 0,013423 0,013423
письмо 0,013423 0,013423
спасибо 0,013423 0,013423
дорог 4,317488 8,634976
улично 4,317488 12,952464
поездки 3,912023 11,736069
согласие 0,013423 0,026846
центр 0,190354 0,190354
работ 3,912023 3,912023
сотрудники 3,218876 19,313255
работают 3,218876 3,218876
доступ 0,013423 0,026846
миа 0,013423 0,093961
задать 0,013423 0,013423
теги 0,190354 0,190354
автору 0,013423 0,013423
следят 4,317488 4,317488
связаться 0,013423 0,080538
сообщил 2,445686 4,891372
таких 2,371578 2,371578
должны 0,013423 0,013423
словам 1,752539 5,257616
г 0,013423 0,026846
д 0,013423 0,026846
реклама 0,190354 0,190354
фото 0,013423 0,174499
политика 0,013423 0,026846
связь 0,006689 0,013378
готово 0,013423 0,026846
течение 0,013423 0,013423
инженерные 5,010635 5,010635
информационных 0,013423 0,013423
размещения 0,013423 0,013423
ветер 3,912023 11,736069
конфиденциальности 0,013423 0,053692
связи 0,013423 0,080538
обеспечить 3,218876 9,656627
весь 2,813411 11,253643
заголовок 0,013423 0,026846
пунктов 3,624341 3,624341
москвапетр 4,317488 4,317488
инженерных 4,317488 12,952464
магистралям 5,010635 5,010635
приоритетно 5,010635 5,010635
процесса 0,013423 0,013423
адресу 0,013423 0,026846
проблему 0,013423 0,013423
мощных 4,317488 12,952464
собранного 4,317488 17,269952
уточнил 3,912023 3,912023
метров 3,624341 10,873023
тройку 3,912023 11,736069
время 0,013423 0,013423
данных 0,013423 0,107384
справляется 2,931194 2,931194
письма 0,013423 0,013423
часов 0,013423 0,026846
соглашаетесь 0,013423 0,013423
сильным 3,912023 11,736069
мощный 4,317488 12,952464
защитника 3,624341 10,873023
данный 2,525729 2,525729
ранее 0,013423 0,013423
восстановления 0,013423 0,013423
сильный 3,912023 3,912023
главный 0,013423 0,013423
ситуация 3,218876 9,656627
данные 0,013423 0,013423
погодной 4,317488 4,317488
также 1,139434 7,976040
городские 2,813411 16,880464
сергей 1,609438 12,875503
разблокировать 0,013423 0,040269
город 0,013423 0,214768
фотографию 0,013423 0,013423
обращаем 0,013423 0,013423
подходов 3,912023 15,648092
отправлено 0,013423 0,013423
написать 0,013423 0,013423
новостеймолния 0,013423 0,013423
последствия 1,966113 5,898339
прометание 4,317488 4,317488
территорию 4,317488 4,317488
одноклассники 0,013423 0,026846
сначала 0,013423 0,013423
синоптиков 4,317488 12,952464
показать 0,013423 0,013423
противогололедными 5,010635 5,010635
кнопку 0,013423 0,013423
дежурят 3,912023 11,736069
коммуникаций 0,013423 0,013423
пароль 0,013423 0,080538
ликвидируют 2,708050 2,708050
пароля 0,013423 0,053692
последствий 2,525729 2,525729
хозяйства 3,401197 10,203592
перейдите 0,013423 0,013423
снегосплавные 3,912023 3,912023
платформе 5,010635 5,010635
вход 0,013423 0,013423
продукты 0,150823 0,150823
последствиями 2,931194 2,931194
читать 0,851752 0,851752
закрыто 0,013423 0,013423
хозяйство 3,401197 13,604790
удалено 0,013423 0,013423
сколько 0,006689 0,006689
гаврилова 0,013423 0,013423
материалов 0,013423 0,040269
отправлена 0,013423 0,013423
чате 0,013423 0,013423
обрабатывают 4,317488 4,317488
станциям 4,317488 8,634976
городское 3,912023 11,736069
расположенному 0,013423 0,026846
чату 0,013423 0,013423
редакцией 0,013423 0,013423
видео 1,832581 1,832581
мере 3,401197 3,401197
перенести 4,317488 12,952464
последующей 4,317488 4,317488
бирюковснегопад 4,317488 4,317488
помощи 2,066196 8,264785
снежного 4,317488 12,952464
учредитель 0,013423 0,013423
часть 1,919593 9,597964
рассмотрены 0,013423 0,013423
мое 0,013423 0,026846
внимательными 4,317488 12,952464
ссылка 0,013423 0,026846
ссылке 0,013423 0,013423
привлекли 2,813411 19,693875
перетяните 0,013423 0,013423
ссылки 0,013423 0,013423
помочь 0,013423 0,013423
архив 0,190354 0,190354
проезжую 5,010635 5,010635
проезд 4,317488 12,952464
части 1,966113 1,966113
помимо 2,708050 2,708050
ошибках 0,013423 0,013423
обязательны 0,013423 0,093961
усиленном 3,218876 19,313255
машин 3,912023 15,648092
осадков 3,912023 19,560115
бирюков 3,624341 14,497364
выпуска 0,013423 0,013423
списка 0,013423 0,013423
формой 0,013423 0,053692
уборка 4,317488 8,634976
роскомнадзор 0,013423 0,013423
написал 5,010635 5,010635
справится 3,912023 11,736069
блокировался 0,013423 0,013423
уборке 2,931194 20,518356
москве 1,118815 25,732745
вывозится 4,317488 17,269952
москва 0,006689 0,133780
воспользоваться 0,013423 0,013423
входа 0,013423 0,013423
моё 0,013423 0,013423
москву 2,612740 10,450960
федеральное 0,013423 0,013423
мощного 2,813411 8,440232
федеральной 0,013423 0,013423
покрова 3,912023 11,736069
коммунальщиков 3,624341 21,746046
международное 0,013423 0,040269
свыше 3,064725 9,194175
зоны 3,912023 3,912023
будут 0,013423 0,013423
новостей 0,006689 0,006689
магистралей 3,912023 15,648092
москвы 1,455287 4,365862
нормы 3,218876 12,875503
политикой 0,013423 0,040269
проводят 4,317488 4,317488
непрерывный 4,317488 4,317488
отметил 2,931194 8,793581
закончится 3,624341 10,873023
обработки 0,013423 0,026846
даю 0,013423 0,026846
перейти 1,203973 39,731103
обработку 0,013423 0,026846
работать 2,708050 8,124151
обратной 0,013423 0,067115
скорой 3,064725 12,258901
григорий 3,624341 43,492091
подкасты 0,292136 0,292136
редакции 0,013423 0,026846
обращений 0,013423 0,013423
сильного 2,708050 2,708050
сильную 4,317488 12,952464
обработка 0,013423 0,013423
это 0,013423 0,013423
объектам 3,624341 18,121705
станет 2,302585 6,907755
отечества 3,401197 10,203592
прогнозируют 4,317488 12,952464
описанием 0,013423 0,013423
новую 0,013423 0,013423
массовых 0,013423 0,013423
аккуратными 3,912023 11,736069
оперативной 4,317488 12,952464
снежный 4,317488 4,317488
цикл 4,317488 4,317488
пройдена 0,013423 0,013423
непрерывно 5,010635 5,010635
михаил 2,612740 31,352880
проезда 5,010635 5,010635
давности 3,912023 11,736069
используется 0,013423 0,013423
сантиметр 4,317488 12,952464
транспорта 3,064725 24,517801
зарегистрироваться 0,013423 0,053692
пожаловаться 0,013423 0,013423
уделяется 4,317488 12,952464
новости 0,006689 0,294315
войти 0,013423 0,093961
региона 3,401197 3,401197
ведется 3,624341 10,873023
пешеходных 4,317488 4,317488
электронной 0,013423 0,013423
улице 3,218876 9,656627
автомобилях 4,317488 12,952464
мире 0,274437 0,274437
эл 0,013423 0,013423
действия 0,013423 0,013423
пешеходные 5,010635 5,010635
радио 0,274437 0,274437
дзен 0,851752 0,851752
защита 0,013423 0,013423
регистрация 0,013423 0,040269
почему 0,013423 0,013423
особым 3,912023 3,912023
использования 0,013423 0,013423
восстановление 0,013423 0,040269
полудню 5,010635 5,010635
вопросам 0,013423 0,026846
государственное 0,013423 0,013423
утилизации 4,317488 17,269952
вконтакте 0,013423 0,026846
спецпроекты 0,190354 0,190354
просим 0,013423 0,013423
феврале 3,064725 9,194175
навсегда 0,013423 0,013423
нарушение 0,013423 0,040269
заблокирован 0,013423 0,013423
дорожной 4,317488 12,952464
ошибку 0,013423 0,013423
защиты 0,013423 0,013423
побить 4,317488 12,952464
порывами 4,317488 12,952464
назад 0,013423 0,067115
обращения 0,013423 0,026846
очищают 4,317488 4,317488
сложная 3,912023 11,736069
февраля 0,616186 1,848558
ошибка 0,013423 0,013423
техники 3,401197 3,401197
вопрос 0,006689 0,006689
высоты 3,624341 10,873023
зубовский 0,013423 0,026846
самых 1,875141 5,625423
подтверждаете 0,013423 0,013423
заполнить 0,013423 0,026846
железнодорожным 4,317488 4,317488
осуществляется 0,013423 0,013423
ваш 0,013423 0,067115
имя 0,013423 0,067115
другие 0,013423 0,026846
общество 0,265703 1,062813
наблюдений 4,317488 12,952464
мцк 4,317488 4,317488
надзору 0,013423 0,013423
срок 0,013423 0,026846
издание 0,013423 0,013423
бульвар 0,013423 0,026846
хотите 0,013423 0,013423
заполните 0,013423 0,067115
осуществляют 4,317488 4,317488
технологий 0,013423 0,026846
компаний 3,624341 10,873023
сетевое 0,013423 0,013423
состояния 2,612740 10,450960
вновь 0,013423 0,013423
фев 1,399717 1,399717
сменить 0,013423 0,013423
материал 0,013423 0,013423
участвовать 0,013423 0,026846
самым 2,302585 6,907755
сообщить 0,013423 0,013423
успешно 0,013423 0,013423
скриншот 0,013423 0,040269
ключевых 3,064725 12,258901
обработкой 4,317488 4,317488
добавил 2,931194 2,931194
лента 0,006689 0,013378
служб 3,064725 21,453076
призывают 4,317488 12,952464
сферы 3,912023 19,560115
жкх 2,708050 8,124151
заблокированы 0,013423 0,013423
спорт 0,190354 0,190354
сфере 0,013423 0,013423
столичных 3,912023 11,736069
ключевым 5,010635 5,010635
свидетельство 0,013423 0,013423
обрушился 3,624341 14,497364
бригады 3,624341 10,873023
погода 3,401197 10,203592
правила 0,013423 0,026846
взаимодействия 0,013423 0,026846
зон 3,912023 3,912023
возможности 2,302585 6,907755
сохранить 0,013423 0,013423
информационное 0,013423 0,040269
комментирования 0,013423 0,026846
циклон 3,912023 15,648092
пресс 0,013423 0,026846
столичного 4,317488 12,952464
применения 0,013423 0,013423
станислав 3,624341 10,873023
снег 3,401197 34,011974
федеральному 0,013423 0,026846
персональных 0,013423 0,107384
произошла 0,013423 0,013423
дата 0,013423 0,013423
ваше 0,013423 0,107384
тротуаров 4,317488 17,269952
сайте 0,013423 0,013423
ваши 0,013423 0,013423
суточный 4,317488 12,952464
снега 2,708050 46,036853
фио 0,013423 0,013423
восстановить 0,013423 0,013423
предполагается 3,912023 11,736069
пожалуйста 0,013423 0,013423
собянингородское 4,317488 4,317488
пункты 3,401197 13,604790
селиверстова 3,218876 19,313255
ниже 0,013423 0,040269
версия 0,013423 0,013423
вопроса 0,013423 0,013423
россия 0,006689 0,080268
сутки 2,525729 7,577186
поля 0,013423 0,093961
сысоев 3,624341 43,492091
рекорд 4,317488 12,952464
парк 3,912023 15,648092
спецтехники 4,317488 17,269952
января 1,160488 1,160488
государственному 0,013423 0,026846
москвеобществосергей 4,317488 4,317488
регистрации 0,013423 0,026846
охватил 5,010635 5,010635
поле 0,013423 0,013423
сайт 0,013423 0,026846
сервисы 0,190354 0,190354
зарегистрировано 0,013423 0,013423
другое 0,013423 0,013423
туризм 0,283247 0,283247
поддерживаетсяполучить 0,013423 0,013423
выпадения 5,010635 5,010635
адрес 0,013423 0,040269
состоянием 5,010635 5,010635
соответствии 0,013423 0,040269
загрузите 0,013423 0,013423
сообщения 0,013423 0,053692
загрузить 0,013423 0,013423
собянин 3,624341 28,994727
скорее 3,064725 9,194175
утру 4,317488 12,952464
направлении 0,013423 0,013423
замеченных 0,013423 0,013423
телефон 0,013423 0,013423
подходы 4,317488 4,317488
отправки 0,013423 0,013423
пятидесяти 5,010635 5,010635
коммунальных 2,813411 8,440232
специалисты 3,064725 18,388351
унитарному 0,013423 0,026846
число 2,371578 16,601046
сети 2,813411 8,440232
обновлено 1,003302 1,003302
коммунальные 4,317488 4,317488
поддерживает 2,525729 2,525729
сообщение 0,013423 0,134230
цикличном 5,010635 5,010635
мэра 3,401197 3,401197
сплошное 4,317488 4,317488
выберите 0,013423 0,040269
старые 0,013423 0,013423
уделяют 5,010635 5,010635
попробуйте 0,013423 0,013423
секунду 3,912023 11,736069
метель 3,912023 23,472138
защитой 0,013423 0,026846
круглосуточно 4,317488 12,952464
статьи 0,013423 0,013423
подтвердите 0,013423 0,013423
авторизация 0,013423 0,013423
религия 0,283247 0,283247
мэр 4,317488 21,587441
форма 0,013423 0,013423
логином 0,013423 0,013423
рейтинг 0,006689 0,006689
галочку 0,013423 0,013423
составляет 2,445686 7,337058
перетащите 0,013423 0,040269
материале 0,013423 0,026846
культура 0,292136 0,292136
включая 2,525729 2,525729
материала 0,013423 0,026846
режиме 2,525729 17,680101
происшествия 0,292136 0,292136
красильников 3,912023 11,736069
очередной 3,624341 3,624341
оперативных 4,317488 17,269952
вашего 0,013423 0,013423
снегопада 2,612740 10,450960
паролем 0,013423 0,013423
социальной 2,445686 12,228430
выпадение 4,317488 12,952464
обновится 4,317488 12,952464
способы 0,013423 0,026846
зарегистрируйтесь 0,013423 0,013423
обо 0,013423 0,013423
недвижимость 0,292136 0,292136
воскресенский 4,317488 51,809857
ликвидации 2,813411 2,813411
дискуссии 0,013423 0,026846
специалистов 4,317488 4,317488
редактор 0,013423 0,013423
коммунальной 5,010635 45,095718
фгуп 0,499776 2,498879
сотрудников 2,708050 10,832201
службы 2,066196 33,059141
унитарное 0,013423 0,013423
принес 3,064725 9,194175
форму 0,013423 0,093961
проезжей 4,317488 4,317488
тема 0,013423 0,040269
отправленного 0,013423 0,013423
устраняют 5,010635 10,021271
максимальное 2,525729 25,257286
аномальное 5,010635 5,010635
мониторинг 3,912023 15,648092
комплекса 3,624341 3,624341
летней 4,317488 12,952464
связанные 0,013423 0,013423
рекомендательных 0,013423 0,013423
продолжают 3,912023 11,736069
данная 0,013423 0,013423
механизированное 4,317488 4,317488
обратная 0,013423 0,026846
риа 0,006689 0,287626
заместитель 3,912023 3,912023
москвичей 3,624341 10,873023
проставляя 0,013423 0,013423
связанных 0,013423 0,013423
опишите 0,013423 0,013423
заполнения 0,013423 0,093961
полезное 0,182322 0,182322
службе 0,013423 0,013423
медиабанк 1,321756 43,617943
контролем 3,401197 3,401197
релизов 0,013423 0,013423
ваших 0,013423 0,026846
максимум 2,931194 11,724775
почты 0,013423 0,013423
который 1,160488 3,481463
крупных 3,912023 11,736069
платформам 4,317488 4,317488
наталья 2,708050 16,248301
прогнозу 3,912023 11,736069
агентство 0,013423 0,040269
правил 0,013423 0,040269
остановкам 3,912023 19,560115
снегоплавильные 4,317488 12,952464
авторизоваться 0,013423 0,013423
авторизуйтесь 0,013423 0,013423
улиц 4,317488 12,952464
агентства 0,013423 0,013423
сегодня 0,013423 0,134230
расширенный 0,013423 0,013423
петр 2,445686 9,782744
сразу 1,832581 7,330326
ожидается 3,401197 13,604790
новыесначала 0,013423 0,013423
ситуацией 3,401197 3,401197
шапка 0,013423 0,013423
отправить 0,013423 0,147653
продолжить 0,013423 0,013423
решении 0,013423 0,013423
очистке 4,317488 25,904929
задействованы 4,317488 4,317488
воспользуйтесь 0,013423 0,040269
начала 2,445686 2,445686
крайне 3,218876 9,656627
участие 0,006689 0,006689
аккаунт 0,013423 0,053692
экономика 0,292136 0,292136
обсуждение 0,013423 0,013423
использовать 0,013423 0,013423
опечатка 0,013423 0,013423
снегопад 2,708050 35,204653
задействовано 4,317488 12,952464
блокировки 0,013423 0,013423
онлайн 0,013423 0,013423
контактов 0,013423 0,013423
столице 3,912023 27,384161
почта 0,013423 0,080538
историю 2,371578 7,114734
апреля 0,013423 0,013423
фамилия 0,013423 0,013423
количество 2,238047 8,952186
нами 0,013423 0,093961
яндекс 0,013423 0,026846
удалили 0,013423 0,040269
повторять 3,912023 3,912023
либо 0,013423 0,013423
столицы 3,624341 7,248682
вакансии 0,013423 0,013423
формат 2,445686 2,445686
аккаунту 0,013423 0,013423
открываемого 0,013423 0,026846
нажимая 0,013423 0,013423
поиск 0,013423 0,013423
вами 0,013423 0,013423
недопустимое 0,013423 0,013423
согласны 0,013423 0,040269
зимы 2,708050 8,124151
предельно 4,317488 12,952464
городского 3,401197 23,808382
истек 0,013423 0,013423
бьет 2,931194 11,724775
предприятию 0,013423 0,026846
рекламы 0,013423 0,013423
зиму 2,612740 7,838220
средствами 3,401197 3,401197
внимание 0,013423 0,067115
города 3,064725 9,194175
задействовали 5,010635 5,010635
принимать 0,013423 0,013423
сможете 0,013423 0,013423
расчистке 5,010635 5,010635
года 0,006689 0,006689
месячной 3,912023 15,648092
рекорды 2,813411 11,253643
ознакомлены 0,013423 0,013423
постоянно 2,371578 7,114734
убирают 4,317488 43,174881
зима 3,218876 9,656627
моих 0,013423 0,026846
особое 3,064725 12,258901
противогололедной 4,317488 4,317488
предприятие 0,013423 0,013423
наука 0,292136 0,292136
браузер 2,813411 2,813411
москвыжкхпогода 4,317488 4,317488
обсуждения 0,013423 0,013423
блокировкой 0,013423 0,040269
