получила 3,912023 3,912023
лауреат 4,317488 4,317488
законным 0,013423 0,013423
дайвингу 5,010635 5,010635
польский 4,317488 4,317488
декабре 3,218876 3,218876
новый 0,013423 0,013423
разведке 5,010635 5,010635
последовали 5,010635 5,010635
провинции 5,010635 5,010635
главнокомандующий 5,010635 5,010635
новые 1,643339 9,860037
найти 0,013423 0,013423
основанием 0,013423 0,013423
письмо 0,013423 0,013423
спасибо 0,013423 0,013423
заявил 1,427116 1,427116
координатором 5,010635 5,010635
согласие 0,013423 0,026846
центр 0,190354 0,190354
вероятно 5,010635 5,010635
центральное 5,010635 15,031906
небензя 5,010635 5,010635
сотрудники 3,218876 3,218876
доступ 0,013423 0,026846
газопроводы 5,010635 15,031906
миа 0,013423 0,093961
задать 0,013423 0,013423
теги 0,190354 0,190354
автору 0,013423 0,013423
польши 3,912023 3,912023
мид 3,064725 3,064725
инструктора 5,010635 5,010635
связаться 0,013423 0,080538
сообщил 2,445686 4,891372
человек 2,525729 2,525729
должны 0,013423 0,013423
словам 1,752539 1,752539
месяцев 2,708050 2,708050
г 0,013423 0,026846
д 0,013423 0,026846
девяти 5,010635 5,010635
реклама 0,190354 0,190354
фото 0,013423 0,013423
теракты 4,317488 4,317488
политика 0,013423 0,026846
лет 1,514128 1,514128
силы 2,014903 4,029806
связь 0,006689 0,013378
газопроводе 5,010635 10,021271
европейском 5,010635 5,010635
готово 0,013423 0,026846
суд 2,066196 6,198589
течение 0,013423 0,013423
авария 5,010635 20,042541
информационных 0,013423 0,013423
размещения 0,013423 0,013423
теракта 5,010635 10,021271
взорвать 5,010635 5,010635
конфиденциальности 0,013423 0,053692
вероятности 5,010635 5,010635
связи 0,013423 0,080538
заголовок 0,013423 0,026846
большую 3,064725 3,064725
итальянские 4,317488 4,317488
дело 1,919593 1,919593
теракте 4,317488 4,317488
процесса 0,013423 0,013423
адресу 0,013423 0,026846
проблему 0,013423 0,013423
выпустил 5,010635 5,010635
заложили 5,010635 5,010635
весной 3,401197 3,401197
время 0,013423 0,026846
данных 0,013423 0,107384
долей 4,317488 4,317488
оон 2,708050 2,708050
письма 0,013423 0,013423
часов 0,013423 0,026846
отменить 4,317488 4,317488
потоки 4,317488 4,317488
соглашаетесь 0,013423 0,013423
данным 2,371578 4,743156
ранее 0,013423 0,013423
восстановления 0,013423 0,013423
главный 0,013423 0,013423
данные 0,013423 0,026846
провел 2,525729 2,525729
разблокировать 0,013423 0,040269
город 0,013423 0,013423
диверсионную 5,010635 5,010635
украина 1,875141 11,250846
нашли 2,445686 2,445686
фотографию 0,013423 0,013423
обращаем 0,013423 0,013423
отправлено 0,013423 0,013423
написать 0,013423 0,013423
новостеймолния 0,013423 0,013423
украине 1,427116 2,854233
украинцами 4,317488 4,317488
северный 3,401197 44,215566
одноклассники 0,013423 0,026846
сначала 0,013423 0,013423
служивший 5,010635 5,010635
северным 5,010635 5,010635
постпред 5,010635 5,010635
своего 2,708050 2,708050
киевского 4,317488 4,317488
публикации 2,238047 2,238047
василий 3,912023 3,912023
украинской 2,445686 2,445686
показать 0,013423 0,013423
американцы 3,218876 3,218876
северных 3,218876 48,283137
кнопку 0,013423 0,013423
коммуникаций 0,013423 0,013423
международного 2,931194 2,931194
пароль 0,013423 0,080538
пароля 0,013423 0,053692
диверсию 5,010635 5,010635
перейдите 0,013423 0,013423
северные 3,624341 3,624341
вход 0,013423 0,013423
офис 4,317488 4,317488
подорвать 5,010635 10,021271
продукты 0,150823 0,150823
читать 0,851752 0,851752
закрыто 0,013423 0,013423
удалено 0,013423 0,013423
собеседников 4,317488 4,317488
сколько 0,006689 0,006689
отказался 5,010635 5,010635
гаврилова 0,013423 0,013423
материалов 0,013423 0,040269
отправлена 0,013423 0,013423
италии 2,525729 2,525729
чате 0,013423 0,013423
нападение 5,010635 5,010635
диверсии 5,010635 20,042541
считалось 4,317488 4,317488
стороны 2,238047 2,238047
расположенному 0,013423 0,026846
чату 0,013423 0,013423
редакцией 0,013423 0,013423
поддержки 2,931194 2,931194
встретились 5,010635 5,010635
примет 3,401197 3,401197
препятствуют 5,010635 5,010635
наняли 5,010635 5,010635
помощи 2,066196 4,132393
оценить 4,317488 4,317488
учредитель 0,013423 0,013423
часть 1,919593 1,919593
рассмотрены 0,013423 0,013423
отставной 5,010635 5,010635
мое 0,013423 0,026846
ссылка 0,013423 0,026846
вовсе 3,624341 3,624341
журналист 4,317488 4,317488
ссылке 0,013423 0,013423
долларов 2,931194 2,931194
осведомлено 5,010635 5,010635
говорится 2,371578 4,743156
перетяните 0,013423 0,013423
ссылки 0,013423 0,013423
помочь 0,013423 0,013423
архив 0,190354 0,190354
владимира 3,064725 3,064725
давал 5,010635 5,010635
миресшаукраинавалерий 5,010635 5,010635
лета 3,912023 3,912023
ошибках 0,013423 0,013423
обязательны 0,013423 0,093961
сша 1,118815 8,950520
районе 3,401197 3,401197
беспрецедентна 5,010635 5,010635
выпуска 0,013423 0,013423
немецкой 3,064725 3,064725
списка 0,013423 0,013423
формой 0,013423 0,053692
роскомнадзор 0,013423 0,013423
требовал 4,317488 4,317488
блокировался 0,013423 0,013423
кузнецовым 5,010635 5,010635
экспортные 5,010635 10,021271
москва 0,006689 0,026756
воспользоваться 0,013423 0,013423
входа 0,013423 0,013423
кузнецова 3,912023 7,824046
атаки 3,218876 3,218876
взрывчатку 5,010635 15,031906
моё 0,013423 0,013423
федеральное 0,013423 0,013423
признаний 5,010635 5,010635
скандал 4,317488 4,317488
федеральной 0,013423 0,013423
атаку 3,912023 3,912023
лицо 2,813411 2,813411
дания 5,010635 5,010635
получающая 5,010635 5,010635
международное 0,013423 0,040269
будут 0,013423 0,013423
дании 5,010635 5,010635
новостей 0,006689 0,006689
заявлял 3,912023 3,912023
ноября 1,714798 1,714798
верховном 5,010635 5,010635
которой 2,238047 2,238047
политикой 0,013423 0,040269
обработки 0,013423 0,026846
газопроводах 5,010635 10,021271
даю 0,013423 0,026846
журавлева 5,010635 5,010635
потокам 5,010635 5,010635
обработку 0,013423 0,026846
обратной 0,013423 0,067115
подкасты 0,292136 0,292136
редакции 0,013423 0,026846
обращений 0,013423 0,013423
раньше 3,064725 3,064725
потоках 3,401197 40,814369
обработка 0,013423 0,013423
это 0,013423 0,040269
которого 2,238047 2,238047
операцию 3,912023 3,912023
кассационном 5,010635 5,010635
этим 2,238047 2,238047
взрывов 4,317488 4,317488
группу 3,401197 3,401197
экспортных 5,010635 5,010635
залужныйвладимир 5,010635 5,010635
изложили 5,010635 5,010635
газ 2,931194 2,931194
описанием 0,013423 0,013423
новую 0,013423 0,013423
массовых 0,013423 0,013423
действовали 4,317488 4,317488
взрывы 3,624341 7,248682
пройдена 0,013423 0,013423
финансированием 4,317488 4,317488
организаторами 4,317488 4,317488
используется 0,013423 0,013423
группы 2,445686 2,445686
зарегистрироваться 0,013423 0,053692
пожаловаться 0,013423 0,013423
сентября 1,514128 1,514128
новости 0,006689 0,073579
войти 0,013423 0,053692
киевском 4,317488 4,317488
электронной 0,013423 0,013423
дальше 3,624341 3,624341
терроризма 5,010635 5,010635
мире 0,274437 1,097747
эл 0,013423 0,013423
действия 0,013423 0,013423
радио 0,274437 0,274437
дзен 0,851752 0,851752
залужный 3,912023 15,648092
защита 0,013423 0,026846
причем 2,708050 2,708050
регистрация 0,013423 0,040269
почему 0,013423 0,013423
рассказывают 3,912023 3,912023
использования 0,013423 0,013423
восстановление 0,013423 0,040269
обжаловала 5,010635 5,010635
вопросам 0,013423 0,026846
раздирает 5,010635 5,010635
германия 3,064725 6,129450
государственное 0,013423 0,013423
германию 3,912023 3,912023
предотвратить 4,317488 4,317488
вконтакте 0,013423 0,026846
спецпроекты 0,190354 0,190354
просим 0,013423 0,013423
навсегда 0,013423 0,013423
нарушение 0,013423 0,040269
заблокирован 0,013423 0,013423
ошибку 0,013423 0,013423
защиты 0,013423 0,013423
лодки 5,010635 5,010635
действие 3,218876 3,218876
назад 0,013423 0,067115
заказала 5,010635 5,010635
обращения 0,013423 0,026846
международному 4,317488 4,317488
издания 3,624341 7,248682
арестовали 3,401197 6,802395
ошибка 0,013423 0,013423
германии 3,064725 3,064725
вопрос 0,006689 0,006689
зубовский 0,013423 0,026846
частное 5,010635 5,010635
подтверждаете 0,013423 0,013423
планируемой 5,010635 5,010635
болоньи 5,010635 5,010635
капитан 5,010635 5,010635
компания 3,218876 3,218876
заполнить 0,013423 0,026846
объяснений 5,010635 5,010635
расследование 5,010635 5,010635
осуществляется 0,013423 0,013423
ваш 0,013423 0,053692
именно 2,066196 2,066196
имя 0,013423 0,067115
общество 0,265703 0,265703
другие 0,013423 0,040269
надзору 0,013423 0,013423
тогдашний 5,010635 5,010635
впечатление 4,317488 4,317488
натовских 5,010635 5,010635
срок 0,013423 0,026846
издание 0,013423 0,013423
летнего 3,218876 3,218876
бульвар 0,013423 0,026846
хотите 0,013423 0,013423
заполните 0,013423 0,067115
других 1,966113 1,966113
технологий 0,013423 0,026846
джо 5,010635 5,010635
сетевое 0,013423 0,013423
целенаправленной 5,010635 5,010635
вновь 0,013423 0,013423
расследованию 4,317488 8,634976
фев 1,399717 1,399717
сменить 0,013423 0,013423
материал 0,013423 0,013423
участвовать 0,013423 0,040269
сообщить 0,013423 0,013423
одобрения 5,010635 5,010635
учений 4,317488 4,317488
утечки 4,317488 8,634976
успешно 0,013423 0,013423
скриншот 0,013423 0,040269
прокуратуры 4,317488 4,317488
утверждают 2,931194 2,931194
лента 0,006689 0,013378
арест 3,218876 3,218876
римини 5,010635 5,010635
опасался 5,010635 5,010635
совершивших 5,010635 5,010635
заблокированы 0,013423 0,013423
спорт 0,190354 0,190354
исключили 4,317488 4,317488
сфере 0,013423 0,013423
секретных 5,010635 5,010635
свидетельство 0,013423 0,013423
пытались 4,317488 4,317488
военной 3,401197 3,401197
правила 0,013423 0,026846
сбу 3,912023 3,912023
стало 2,813411 2,813411
друг 3,401197 3,401197
взаимодействия 0,013423 0,026846
швеция 4,317488 4,317488
сохранить 0,013423 0,013423
информационное 0,013423 0,040269
комментирования 0,013423 0,026846
зеленскийавария 5,010635 5,010635
украинца 4,317488 8,634976
пресс 0,013423 0,026846
россии 0,395515 0,395515
применения 0,013423 0,013423
немецкий 4,317488 8,634976
известны 4,317488 4,317488
федеральному 0,013423 0,026846
акте 5,010635 5,010635
персональных 0,013423 0,107384
поможет 2,525729 2,525729
произошла 0,013423 0,013423
высокой 3,218876 3,218876
привели 3,624341 3,624341
песков 2,445686 2,445686
российские 2,238047 4,476093
известно 2,931194 2,931194
дата 0,013423 0,013423
ваше 0,013423 0,107384
гораздо 3,218876 3,218876
сайте 0,013423 0,013423
постановление 3,624341 3,624341
ваши 0,013423 0,013423
фио 0,013423 0,013423
восстановить 0,013423 0,013423
запада 3,912023 3,912023
предполагается 3,912023 3,912023
байден 4,317488 4,317488
пожалуйста 0,013423 0,013423
российский 2,813411 2,813411
предположительно 5,010635 5,010635
просто 1,714798 1,714798
конце 2,238047 2,238047
командой 4,317488 4,317488
версию 5,010635 5,010635
ниже 0,013423 0,040269
версия 0,013423 0,013423
вопроса 0,013423 0,013423
спустя 2,813411 2,813411
россия 0,006689 0,086957
го 2,177422 2,177422
ремонта 5,010635 5,010635
поля 0,013423 0,093961
аренду 3,624341 3,624341
нацбезопасности 4,317488 4,317488
расходов 3,624341 3,624341
произошли 5,010635 5,010635
января 1,160488 2,320975
государственному 0,013423 0,026846
отделения 3,624341 3,624341
регистрации 0,013423 0,026846
журнал 4,317488 8,634976
поле 0,013423 0,013423
сайт 0,013423 0,026846
американский 3,624341 3,624341
знал 4,317488 4,317488
сроки 2,525729 2,525729
сервисы 0,190354 0,190354
виновные 5,010635 5,010635
зарегистрировано 0,013423 0,013423
европу 3,064725 3,064725
другое 0,013423 0,013423
туризм 0,283247 0,283247
представитель 3,401197 3,401197
поддерживаетсяполучить 0,013423 0,013423
адрес 0,013423 0,040269
ширма 5,010635 5,010635
соответствии 0,013423 0,026846
зеленский 2,066196 8,264785
загрузите 0,013423 0,013423
херш 5,010635 5,010635
яхты 5,010635 5,010635
сообщения 0,013423 0,053692
водолазы 5,010635 5,010635
загрузить 0,013423 0,013423
российских 1,966113 1,966113
направлении 0,013423 0,013423
замеченных 0,013423 0,013423
телефон 0,013423 0,013423
отправки 0,013423 0,013423
газопроводов 5,010635 5,010635
сложилось 5,010635 5,010635
потокцентральное 5,010635 5,010635
писала 5,010635 5,010635
унитарному 0,013423 0,026846
подрыву 5,010635 5,010635
выдать 3,624341 3,624341
которому 2,931194 2,931194
американские 3,624341 3,624341
обновлено 1,003302 1,003302
сообщение 0,013423 0,134230
подрыве 5,010635 10,021271
выберите 0,013423 0,040269
старые 0,013423 0,013423
данииместо 5,010635 5,010635
андромеда 5,010635 5,010635
подрыва 5,010635 15,031906
попробуйте 0,013423 0,013423
планах 2,813411 14,067054
защитой 0,013423 0,026846
статье 3,401197 3,401197
цру 5,010635 60,127624
статьи 0,013423 0,013423
подтвердите 0,013423 0,013423
авторизация 0,013423 0,013423
украинцы 3,912023 7,824046
религия 0,283247 0,283247
форма 0,013423 0,013423
логином 0,013423 0,013423
рейтинг 0,006689 0,006689
галочку 0,013423 0,013423
перетащите 0,013423 0,040269
материале 0,013423 0,026846
культура 0,292136 0,292136
материала 0,013423 0,026846
происшествия 0,292136 0,292136
поток 4,317488 51,809857
сообщили 3,218876 3,218876
друга 4,317488 4,317488
валерий 3,401197 13,604790
вашего 0,013423 0,013423
паролем 0,013423 0,013423
тысяч 2,238047 2,238047
великобритания 3,401197 3,401197
возбудила 5,010635 5,010635
августе 3,064725 3,064725
способы 0,013423 0,026846
зарегистрируйтесь 0,013423 0,013423
обо 0,013423 0,013423
недвижимость 0,292136 0,292136
оператор 4,317488 4,317488
дискуссии 0,013423 0,026846
агенты 5,010635 5,010635
редактор 0,013423 0,013423
фгуп 0,499776 2,498879
члены 3,624341 3,624341
унитарное 0,013423 0,013423
вооруженные 2,371578 4,743156
захочет 5,010635 5,010635
форму 0,013423 0,093961
план 2,371578 2,371578
тема 0,013423 0,040269
отправленного 0,013423 0,013423
дали 3,624341 3,624341
связанные 0,013423 0,013423
рекомендательных 0,013423 0,013423
около 2,177422 2,177422
разу 5,010635 5,010635
данная 0,013423 0,013423
фрг 4,317488 4,317488
обратная 0,013423 0,026846
риа 0,006689 0,066890
приказ 3,912023 3,912023
проставляя 0,013423 0,013423
связанных 0,013423 0,013423
опишите 0,013423 0,013423
террористов 3,624341 10,873023
заполнения 0,013423 0,093961
капитаном 5,010635 5,010635
полезное 0,182322 0,182322
службе 0,013423 0,013423
отдал 4,317488 4,317488
релизов 0,013423 0,013423
ваших 0,013423 0,026846
норвежцы 5,010635 5,010635
почты 0,013423 0,013423
сеймур 5,010635 5,010635
октября 1,832581 3,665163
управление 3,912023 15,648092
идею 4,317488 4,317488
мае 3,401197 3,401197
агентство 0,013423 0,040269
правил 0,013423 0,040269
семь 2,931194 2,931194
месяца 2,708050 2,708050
авторизоваться 0,013423 0,013423
авторизуйтесь 0,013423 0,013423
подол 5,010635 5,010635
говорилось 4,317488 4,317488
агентства 0,013423 0,013423
сегодня 0,013423 0,134230
объективному 5,010635 5,010635
президент 2,238047 2,238047
расширенный 0,013423 0,013423
входили 5,010635 5,010635
некое 5,010635 5,010635
считают 3,064725 3,064725
детали 3,064725 18,388351
сми 2,177422 13,064532
разведывательное 5,010635 20,042541
вместе 2,302585 2,302585
американской 2,525729 2,525729
новыесначала 0,013423 0,013423
шапка 0,013423 0,013423
место 1,832581 1,832581
отправить 0,013423 0,147653
продолжить 0,013423 0,013423
решение 1,791759 1,791759
знали 4,317488 4,317488
решении 0,013423 0,013423
начале 2,445686 2,445686
премии 3,912023 3,912023
воспользуйтесь 0,013423 0,040269
знало 5,010635 15,031906
участие 0,006689 0,006689
генпрокуратура 5,010635 5,010635
аккаунт 0,013423 0,053692
обсуждений 4,317488 4,317488
экономика 0,292136 0,292136
сергея 4,317488 4,317488
обсуждение 0,013423 0,013423
пулицеровской 5,010635 5,010635
использовать 0,013423 0,013423
опечатка 0,013423 0,013423
блокировки 0,013423 0,013423
онлайн 0,013423 0,013423
другого 3,218876 3,218876
узнали 3,218876 19,313255
перевозили 5,010635 5,010635
контактов 0,013423 0,013423
почта 0,013423 0,080538
запросу 3,218876 3,218876
апреля 0,013423 0,013423
фамилия 0,013423 0,013423
совершить 4,317488 4,317488
ранней 5,010635 10,021271
нами 0,013423 0,093961
яндекс 0,013423 0,026846
российская 2,708050 2,708050
экстрадировать 5,010635 5,010635
подозреваемого 3,912023 7,824046
источники 3,624341 7,248682
удалили 0,013423 0,040269
запрашивала 5,010635 5,010635
владимир 1,373049 5,492197
либо 0,013423 0,013423
федеральный 3,218876 3,218876
согласно 2,371578 2,371578
военных 2,708050 2,708050
вакансии 0,013423 0,013423
аккаунту 0,013423 0,013423
открываемого 0,013423 0,026846
взрывах 3,401197 20,407184
нажимая 0,013423 0,013423
поиск 0,013423 0,013423
вами 0,013423 0,013423
недопустимое 0,013423 0,013423
году 1,139434 1,139434
всу 2,238047 4,476093
согласны 0,013423 0,040269
истек 0,013423 0,013423
невозможно 2,525729 2,525729
предприятию 0,013423 0,026846
рекламы 0,013423 0,013423
покрыл 5,010635 5,010635
внимание 0,013423 0,013423
постановил 4,317488 4,317488
принимать 0,013423 0,013423
поддержали 4,317488 4,317488
сможете 0,013423 0,013423
суде 3,218876 3,218876
года 0,006689 0,020067
информации 2,612740 2,612740
стадии 3,912023 7,824046
встречи 2,445686 2,445686
ознакомлены 0,013423 0,013423
санкционировал 5,010635 5,010635
оборудование 3,401197 3,401197
заявила 3,624341 3,624341
карабинеры 5,010635 5,010635
потоков 5,010635 15,031906
моих 0,013423 0,026846
ордере 5,010635 5,010635
предприятие 0,013423 0,013423
наука 0,292136 0,292136
спонсора 5,010635 5,010635
обсуждения 0,013423 0,013423
якобы 3,624341 3,624341
второй 2,445686 2,445686
заранее 2,708050 5,416100
блокировкой 0,013423 0,040269
