долгий 5,010635 5,010635
законным 0,013423 0,013423
формирования 3,912023 3,912023
день 1,203973 1,203973
японском 5,010635 10,021271
найти 0,013423 0,013423
основанием 0,013423 0,013423
письмо 0,013423 0,013423
спасибо 0,013423 0,013423
видят 5,010635 5,010635
согласие 0,013423 0,026846
центр 0,190354 0,380707
декабря 1,098612 1,098612
производства 3,624341 3,624341
доказывают 5,010635 5,010635
одно 2,371578 2,371578
связаться 0,013423 0,080538
наносят 3,912023 3,912023
стабильным 4,317488 4,317488
дешевая 5,010635 5,010635
островной 5,010635 5,010635
одна 2,612740 2,612740
реклама 0,190354 0,190354
вашингтона 3,218876 3,218876
фото 0,013423 0,067115
лет 1,514128 1,514128
связь 0,006689 0,013378
полуночный 5,010635 5,010635
вашингтоне 3,218876 3,218876
такие 2,525729 2,525729
насколько 3,624341 3,624341
сложнее 3,912023 3,912023
готово 0,013423 0,026846
тактические 4,317488 4,317488
информационных 0,013423 0,013423
размещения 0,013423 0,013423
пор 2,708050 5,416100
силой 4,317488 4,317488
конфиденциальности 0,013423 0,053692
связи 0,013423 0,080538
весь 2,813411 2,813411
заголовок 0,013423 0,026846
своей 2,177422 2,177422
китаем 3,218876 19,313255
процесса 0,013423 0,013423
адресу 0,013423 0,026846
проблему 0,013423 0,013423
достаточное 5,010635 5,010635
безопасностьв 5,010635 5,010635
проект 2,525729 2,525729
быстро 2,177422 2,177422
данных 0,013423 0,107384
письма 0,013423 0,013423
летом 3,218876 3,218876
часов 0,013423 0,026846
главным 3,912023 3,912023
соглашаетесь 0,013423 0,013423
вьетнамская 5,010635 5,010635
главный 0,013423 0,026846
данные 0,013423 0,013423
прошлым 5,010635 5,010635
развернуть 5,010635 5,010635
одержать 5,010635 5,010635
также 1,139434 1,139434
освободительная 5,010635 20,042541
республики 3,401197 3,401197
атр 5,010635 5,010635
проекта 3,624341 7,248682
тайваньский 5,010635 5,010635
фотографию 0,013423 0,013423
отправлено 0,013423 0,013423
сначала 0,013423 0,013423
сконцентрировавшие 5,010635 5,010635
наносила 5,010635 5,010635
ноак 5,010635 10,021271
тылам 5,010635 5,010635
ближайшем 4,317488 4,317488
конгресс 4,317488 4,317488
боевых 3,624341 3,624341
однако 1,966113 9,830564
перейдите 0,013423 0,013423
победу 3,218876 3,218876
готовы 2,813411 5,626821
самолетам 5,010635 5,010635
закрыто 0,013423 0,013423
сколько 0,006689 0,006689
медиабанкэсминец 5,010635 5,010635
материалов 0,013423 0,040269
отправлена 0,013423 0,013423
близок 5,010635 5,010635
чате 0,013423 0,013423
невидимок 5,010635 10,021271
удастся 4,317488 4,317488
потерям 5,010635 5,010635
чату 0,013423 0,013423
получит 3,218876 3,218876
редакцией 0,013423 0,013423
кнручения 5,010635 5,010635
всему 3,912023 3,912023
пример 3,218876 3,218876
оспаривает 5,010635 5,010635
самолета 5,010635 10,021271
часть 1,919593 3,839186
рассмотрены 0,013423 0,013423
обороны 2,177422 13,064532
возрастных 5,010635 5,010635
вынудил 5,010635 5,010635
сообщали 5,010635 5,010635
пекин 3,912023 7,824046
задействовать 5,010635 5,010635
перетяните 0,013423 0,013423
архив 0,190354 0,190354
части 1,966113 1,966113
ошибках 0,013423 0,013423
ресурс 3,401197 3,401197
сша 1,118815 25,732745
лидер 3,401197 3,401197
стремительный 4,317488 4,317488
заменить 3,218876 3,218876
выпуска 0,013423 0,013423
авиационным 5,010635 5,010635
списка 0,013423 0,013423
формой 0,013423 0,053692
качестве 2,708050 2,708050
уточняют 3,912023 3,912023
противостояния 3,912023 3,912023
авиацию 5,010635 5,010635
замена 4,317488 4,317488
федеральное 0,013423 0,013423
федеральной 0,013423 0,013423
международное 0,013423 0,040269
армии 2,708050 10,832201
зоны 3,912023 3,912023
будут 0,013423 0,093961
провели 3,912023 7,824046
новостей 0,006689 0,006689
воздухе 5,010635 5,010635
авиации 4,317488 4,317488
закрывают 5,010635 5,010635
тому 3,064725 6,129450
перейти 1,203973 2,407946
армия 2,708050 10,832201
зоне 2,931194 2,931194
нужны 3,064725 6,129450
перспективных 5,010635 10,021271
нужно 1,455287 1,455287
системы 2,302585 2,302585
обратной 0,013423 0,067115
подкасты 0,292136 0,292136
находится 2,931194 2,931194
списания 5,010635 5,010635
украинский 2,931194 2,931194
рост 3,218876 3,218876
совместных 5,010635 10,021271
комиссия 4,317488 4,317488
вашингтон 2,445686 14,674116
описанием 0,013423 0,013423
задействовал 5,010635 5,010635
используется 0,013423 0,013423
средний 3,064725 3,064725
мире 0,274437 1,097747
эл 0,013423 0,013423
американскому 4,317488 4,317488
дзен 0,851752 0,851752
причем 2,708050 2,708050
почему 0,013423 0,013423
правительственная 5,010635 5,010635
пошедшими 5,010635 5,010635
оценкам 3,912023 3,912023
вопросам 0,013423 0,026846
истребители 5,010635 10,021271
корабельного 5,010635 5,010635
наносить 5,010635 5,010635
убедились 5,010635 10,021271
воевать 3,401197 3,401197
внушительные 5,010635 5,010635
вконтакте 0,013423 0,026846
навсегда 0,013423 0,013423
нарушение 0,013423 0,040269
ускорения 5,010635 5,010635
назад 0,013423 0,080538
отследили 5,010635 5,010635
истребитель 5,010635 5,010635
детских 3,912023 3,912023
виталий 3,624341 7,248682
институт 3,912023 3,912023
зубовский 0,013423 0,026846
заполнить 0,013423 0,026846
аналитики 3,624341 3,624341
учения 4,317488 4,317488
мощь 3,912023 7,824046
осуществляется 0,013423 0,013423
против 1,966113 1,966113
именно 2,066196 2,066196
другие 0,013423 0,026846
общество 0,265703 0,531406
общем 3,218876 3,218876
надзору 0,013423 0,013423
нового 1,678431 3,356862
издание 0,013423 0,013423
срочно 3,912023 3,912023
объективная 5,010635 5,010635
бульвар 0,013423 0,026846
проверку 3,912023 3,912023
хотите 0,013423 0,013423
заполните 0,013423 0,067115
доклада 5,010635 5,010635
сетевое 0,013423 0,013423
высокотехнологичной 5,010635 5,010635
вновь 0,013423 0,013423
противника 3,624341 3,624341
фев 1,399717 1,399717
сменить 0,013423 0,013423
российско 4,317488 12,952464
участвовать 0,013423 0,026846
сообщить 0,013423 0,013423
учений 4,317488 8,634976
скриншот 0,013423 0,040269
болезней 5,010635 5,010635
лишимся 5,010635 5,010635
мультидоменные 5,010635 5,010635
аэрокосмических 5,010635 5,010635
спорт 0,190354 0,190354
вооруженного 4,317488 8,634976
новейшие 5,010635 5,010635
неизвестно 3,912023 3,912023
взаимодействия 0,013423 0,026846
моделирующих 5,010635 5,010635
отбивают 5,010635 5,010635
масштабы 5,010635 5,010635
сохранить 0,013423 0,013423
информационное 0,013423 0,040269
миресшакитайвашингтон 5,010635 5,010635
взаимодействие 5,010635 10,021271
страдают 5,010635 5,010635
желаемого 4,317488 4,317488
федеральному 0,013423 0,026846
легенда 4,317488 4,317488
первая 3,218876 3,218876
важно 2,120264 2,120264
гораздо 3,218876 3,218876
фио 0,013423 0,013423
пожалуйста 0,013423 0,013423
цель 3,064725 3,064725
тех 2,177422 2,177422
условно 3,912023 3,912023
давно 3,218876 3,218876
ниже 0,013423 0,040269
версия 0,013423 0,013423
сутки 2,525729 2,525729
поля 0,013423 0,093961
государственному 0,013423 0,026846
морское 5,010635 15,031906
осознав 5,010635 5,010635
поле 0,013423 0,013423
штат 2,931194 14,655969
зарегистрировано 0,013423 0,013423
туризм 0,283247 0,283247
адрес 0,013423 0,040269
соответствии 0,013423 0,026846
загрузите 0,013423 0,013423
подвержены 5,010635 5,010635
сообщения 0,013423 0,053692
загрузить 0,013423 0,013423
направлении 0,013423 0,013423
замеченных 0,013423 0,013423
телефон 0,013423 0,013423
иначе 2,931194 2,931194
пока 1,919593 5,758779
военную 3,624341 3,624341
короткие 4,317488 4,317488
сухопутные 5,010635 10,021271
миллионов 2,931194 2,931194
сообщение 0,013423 0,134230
старые 0,013423 0,013423
кроме 1,919593 1,919593
недостаточно 3,064725 6,129450
попробуйте 0,013423 0,013423
войны 2,708050 8,124151
основаны 4,317488 4,317488
цепи 5,010635 5,010635
правительство 3,401197 3,401197
материалы 1,643339 1,643339
численности 4,317488 4,317488
уверенностью 5,010635 5,010635
войска 3,912023 7,824046
ракетоносцам 5,010635 5,010635
статьи 0,013423 0,013423
неисправностям 5,010635 5,010635
подтвердите 0,013423 0,013423
военно 4,317488 12,952464
перетащите 0,013423 0,040269
материале 0,013423 0,040269
культура 0,292136 0,292136
дальнобойными 5,010635 5,010635
материала 0,013423 0,026846
происшествия 0,292136 0,292136
отвечающая 5,010635 5,010635
сбил 5,010635 5,010635
иран 2,612740 2,612740
вашего 0,013423 0,013423
паролем 0,013423 0,013423
соответственно 3,401197 3,401197
экспертов 3,064725 3,064725
подразумевается 5,010635 5,010635
десантной 5,010635 10,021271
зарегистрируйтесь 0,013423 0,013423
обо 0,013423 0,013423
серьезные 3,912023 3,912023
редактор 0,013423 0,013423
фгуп 0,499776 1,499327
флота 3,218876 9,656627
вооруженные 2,371578 2,371578
морских 5,010635 10,021271
серьезных 5,010635 5,010635
исключительно 2,708050 2,708050
приблизился 5,010635 5,010635
способны 3,624341 3,624341
отправленного 0,013423 0,013423
вооруженных 2,813411 2,813411
связанные 0,013423 0,013423
целей 2,931194 2,931194
нечем 5,010635 5,010635
обратная 0,013423 0,026846
военного 3,401197 6,802395
риа 0,006689 0,073579
вооруженный 5,010635 5,010635
поломкам 5,010635 5,010635
заместитель 3,912023 3,912023
связанных 0,013423 0,013423
опишите 0,013423 0,013423
объектов 3,624341 3,624341
будущем 2,931194 2,931194
гипотетической 5,010635 5,010635
андрей 2,445686 12,228430
почты 0,013423 0,013423
агентство 0,013423 0,040269
потери 2,708050 24,372452
истребителей 5,010635 5,010635
скоординировать 5,010635 5,010635
потенциала 5,010635 5,010635
масштабной 4,317488 4,317488
агентства 0,013423 0,013423
сегодня 0,013423 0,120807
авиационной 5,010635 20,042541
развернула 5,010635 5,010635
битве 3,912023 3,912023
шапка 0,013423 0,013423
отправить 0,013423 0,147653
продолжить 0,013423 0,013423
решении 0,013423 0,013423
воспользуйтесь 0,013423 0,040269
аккаунт 0,013423 0,053692
экономика 0,292136 0,292136
обсуждение 0,013423 0,013423
мощности 3,401197 3,401197
блокировки 0,013423 0,013423
экономике 3,624341 3,624341
летчиков 5,010635 5,010635
почта 0,013423 0,080538
главная 2,120264 2,120264
фамилия 0,013423 0,013423
яндекс 0,013423 0,026846
удалили 0,013423 0,040269
либо 0,013423 0,013423
военных 2,708050 2,708050
согласно 2,371578 2,371578
аккаунту 0,013423 0,013423
открываемого 0,013423 0,026846
эсминец 5,010635 5,010635
поиск 0,013423 0,013423
солидные 5,010635 5,010635
подскочил 5,010635 5,010635
отношениям 5,010635 5,010635
парка 4,317488 8,634976
согласны 0,013423 0,040269
выйдет 5,010635 5,010635
агрессии 4,317488 4,317488
рекламы 0,013423 0,013423
базирования 4,317488 4,317488
ревизию 5,010635 10,021271
стадии 3,912023 3,912023
следует 2,066196 2,066196
заявили 3,218876 3,218876
самолетами 4,317488 4,317488
шестого 5,010635 10,021271
проводит 3,912023 3,912023
финансирование 5,010635 5,010635
компьютерные 4,317488 4,317488
бюджету 5,010635 5,010635
обсуждения 0,013423 0,013423
блокировкой 0,013423 0,040269
многих 3,401197 3,401197
новый 0,013423 0,040269
новые 1,643339 1,643339
авторы 3,912023 3,912023
доступ 0,013423 0,026846
помощью 1,919593 1,919593
миа 0,013423 0,067115
задать 0,013423 0,013423
теги 0,190354 0,190354
автору 0,013423 0,013423
первой 3,064725 3,064725
обошелся 5,010635 5,010635
закупать 5,010635 5,010635
конфликт 3,401197 6,802395
визуализация 5,010635 5,010635
должны 0,013423 0,026846
г 0,013423 0,026846
д 0,013423 0,026846
политика 0,013423 0,026846
силы 2,014903 2,014903
добиться 2,445686 2,445686
м 2,302585 2,302585
течение 0,013423 0,013423
исследований 3,401197 6,802395
китай 2,177422 10,887110
удары 3,064725 9,194175
удается 5,010635 10,021271
сила 4,317488 4,317488
экспедиционные 5,010635 5,010635
время 0,013423 0,053692
китая 2,612740 31,352880
тремя 5,010635 5,010635
восстановления 0,013423 0,013423
указывают 4,317488 4,317488
ранее 0,013423 0,026846
придется 2,813411 2,813411
ядерных 4,317488 4,317488
флот 5,010635 5,010635
признавался 5,010635 5,010635
господство 5,010635 10,021271
разблокировать 0,013423 0,040269
город 0,013423 0,013423
призвал 2,813411 2,813411
чан 5,010635 10,021271
обращаем 0,013423 0,013423
соперником 5,010635 5,010635
написать 0,013423 0,013423
новостеймолния 0,013423 0,013423
выводы 5,010635 5,010635
одноклассники 0,013423 0,026846
народно 5,010635 25,053176
выводу 4,317488 4,317488
показать 0,013423 0,013423
эффективно 4,317488 4,317488
американцы 3,218876 9,656627
кнопку 0,013423 0,013423
победить 5,010635 5,010635
коммуникаций 0,013423 0,013423
задействует 5,010635 5,010635
мировая 3,912023 3,912023
отрабатывают 5,010635 5,010635
пароль 0,013423 0,080538
миллиард 4,317488 4,317488
пароля 0,013423 0,053692
задача 4,317488 4,317488
института 3,912023 7,824046
хотя 2,371578 4,743156
северные 3,624341 3,624341
вход 0,013423 0,013423
такова 5,010635 5,010635
продукты 0,150823 0,150823
читать 0,851752 0,851752
игр 3,064725 3,064725
удалено 0,013423 0,013423
минобороны 2,525729 2,525729
гаврилова 0,013423 0,013423
воздержаться 4,317488 4,317488
условная 5,010635 10,021271
генерал 5,010635 5,010635
расположенному 0,013423 0,026846
полтысячи 5,010635 10,021271
признают 4,317488 4,317488
подавить 5,010635 5,010635
учредитель 0,013423 0,013423
распоряжении 3,624341 10,873023
лишь 2,371578 2,371578
острова 3,218876 3,218876
мое 0,013423 0,026846
япония 3,912023 3,912023
ссылка 0,013423 0,026846
ссылке 0,013423 0,013423
долларов 2,931194 2,931194
ссылки 0,013423 0,013423
помочь 0,013423 0,013423
бомбардировщиками 5,010635 5,010635
осознать 3,912023 3,912023
обязательны 0,013423 0,093961
геополитическим 5,010635 5,010635
вторая 3,218876 3,218876
роскомнадзор 0,013423 0,013423
пришла 4,317488 4,317488
полагаться 5,010635 5,010635
блокировался 0,013423 0,013423
топливозаправщиков 5,010635 5,010635
секрет 3,912023 3,912023
москва 0,006689 0,020067
воспользоваться 0,013423 0,013423
масштабах 3,912023 3,912023
входа 0,013423 0,013423
тихоокеанском 5,010635 10,021271
атаки 3,218876 3,218876
моё 0,013423 0,013423
результат 3,218876 3,218876
конфликта 2,525729 5,051457
начальника 5,010635 5,010635
политикой 0,013423 0,040269
совместного 5,010635 5,010635
обработки 0,013423 0,026846
штаба 5,010635 5,010635
даю 0,013423 0,026846
операции 3,064725 9,194175
миллиарду 5,010635 5,010635
обработку 0,013423 0,026846
южно 5,010635 5,010635
кнр 3,912023 19,560115
редакции 0,013423 0,026846
обращений 0,013423 0,013423
корейская 5,010635 5,010635
немедленно 5,010635 5,010635
моменту 4,317488 4,317488
обработка 0,013423 0,013423
это 0,013423 0,080538
этих 2,302585 2,302585
новую 0,013423 0,013423
хинот 5,010635 5,010635
массовых 0,013423 0,026846
ракетами 4,317488 4,317488
меркам 5,010635 5,010635
пройдена 0,013423 0,013423
филиппины 5,010635 5,010635
кораблей 5,010635 10,021271
зарегистрироваться 0,013423 0,053692
пожаловаться 0,013423 0,013423
новости 0,006689 0,080268
войти 0,013423 0,053692
электронной 0,013423 0,013423
использовалась 4,317488 4,317488
резервы 5,010635 5,010635
возраст 2,813411 2,813411
регионе 3,624341 7,248682
действия 0,013423 0,026846
радио 0,274437 0,274437
коц 5,010635 25,053176
защита 0,013423 0,013423
остров 3,912023 7,824046
ложных 5,010635 5,010635
регистрация 0,013423 0,040269
минимум 2,612740 2,612740
доступа 3,401197 3,401197
использования 0,013423 0,013423
восстановление 0,013423 0,040269
государственное 0,013423 0,013423
бомбардировщик 5,010635 35,074447
спецпроекты 0,190354 0,190354
тайване 5,010635 10,021271
просим 0,013423 0,013423
заблокирован 0,013423 0,013423
обращается 3,912023 3,912023
ошибку 0,013423 0,013423
задумывались 5,010635 5,010635
защиты 0,013423 0,013423
тайвань 5,010635 15,031906
полупроводников 5,010635 5,010635
обращения 0,013423 0,026846
имеющийся 5,010635 5,010635
эксперты 2,612740 5,225480
занимается 3,912023 3,912023
февраля 0,616186 0,616186
программы 2,525729 2,525729
перспективными 5,010635 10,021271
ошибка 0,013423 0,013423
техники 3,401197 13,604790
вопрос 0,006689 0,013378
самых 1,875141 1,875141
подтверждаете 0,013423 0,013423
бомбардировщики 5,010635 5,010635
ваш 0,013423 0,053692
имя 0,013423 0,067115
массированные 5,010635 5,010635
большим 3,218876 3,218876
срок 0,013423 0,040269
запрета 4,317488 4,317488
технологий 0,013423 0,026846
компании 2,302585 2,302585
планирует 3,624341 3,624341
материал 0,013423 0,013423
самым 2,302585 2,302585
располагает 4,317488 4,317488
симуляции 5,010635 10,021271
успешно 0,013423 0,013423
уверены 3,401197 3,401197
продолжение 5,010635 5,010635
утверждают 2,931194 2,931194
лента 0,006689 0,013378
разработки 3,624341 3,624341
освободительной 5,010635 10,021271
ввс 3,912023 46,944276
заблокированы 0,013423 0,013423
сфере 0,013423 0,013423
успешной 4,317488 4,317488
свидетельство 0,013423 0,013423
вскрыть 5,010635 5,010635
министерства 3,624341 3,624341
наземного 5,010635 5,010635
правила 0,013423 0,026846
аньков 4,317488 8,634976
министерство 2,238047 13,428279
комментирования 0,013423 0,026846
небо 3,912023 3,912023
пресс 0,013423 0,026846
стремлении 5,010635 5,010635
применения 0,013423 0,013423
результатам 2,445686 2,445686
персональных 0,013423 0,107384
произошла 0,013423 0,013423
вплотную 5,010635 5,010635
драться 4,317488 4,317488
закупить 5,010635 5,010635
дата 0,013423 0,013423
ваше 0,013423 0,107384
сайте 0,013423 0,013423
ваши 0,013423 0,013423
восстановить 0,013423 0,013423
пентагон 3,912023 15,648092
стратегический 5,010635 35,074447
стратегическим 5,010635 5,010635
условную 5,010635 5,010635
китайские 5,010635 5,010635
вопроса 0,013423 0,013423
танкерного 5,010635 5,010635
пару 2,525729 2,525729
реагируют 5,010635 5,010635
россия 0,006689 0,066890
судов 3,401197 3,401197
китайских 3,912023 7,824046
отстают 3,401197 20,407184
регистрации 0,013423 0,026846
компенсировать 3,624341 7,248682
приводят 4,317488 4,317488
сайт 0,013423 0,026846
сроки 2,525729 2,525729
сервисы 0,190354 0,190354
другое 0,013423 0,013423
промышленности 3,218876 3,218876
поддерживаетсяполучить 0,013423 0,013423
намерении 4,317488 4,317488
тяжело 3,624341 3,624341
китайском 5,010635 5,010635
отправки 0,013423 0,013423
регулярно 3,401197 3,401197
китайской 3,912023 3,912023
исчерпанию 5,010635 5,010635
унитарному 0,013423 0,026846
факт 3,218876 3,218876
американские 3,624341 3,624341
обновлено 1,003302 1,003302
контроль 3,624341 3,624341
выберите 0,013423 0,040269
азиатско 5,010635 10,021271
ирана 3,401197 3,401197
надежно 4,317488 4,317488
сорвано 5,010635 5,010635
защитой 0,013423 0,026846
пво 3,912023 3,912023
авторизация 0,013423 0,013423
религия 0,283247 0,283247
форма 0,013423 0,013423
логином 0,013423 0,013423
рейтинг 0,006689 0,006689
галочку 0,013423 0,013423
решает 4,317488 4,317488
берут 3,912023 3,912023
способы 0,013423 0,026846
недвижимость 0,292136 0,292136
бомбардировщиков 5,010635 20,042541
дискуссии 0,013423 0,026846
море 3,064725 9,194175
унитарное 0,013423 0,013423
исправность 5,010635 5,010635
теми 4,317488 4,317488
сил 2,525729 2,525729
форму 0,013423 0,093961
тема 0,013423 0,040269
самолетов 5,010635 15,031906
огромные 3,218876 19,313255
сих 2,931194 2,931194
воздушного 5,010635 10,021271
рекомендательных 0,013423 0,013423
данная 0,013423 0,013423
вмс 4,317488 12,952464
тайванем 5,010635 5,010635
серию 3,912023 7,824046
проставляя 0,013423 0,013423
заполнения 0,013423 0,093961
наращивает 5,010635 5,010635
полезное 0,182322 0,182322
службе 0,013423 0,013423
медиабанк 1,321756 1,321756
признали 2,525729 15,154372
релизов 0,013423 0,013423
вражеским 5,010635 5,010635
ваших 0,013423 0,026846
реальность 3,912023 3,912023
лейтенант 4,317488 4,317488
потенциального 5,010635 10,021271
завоевать 4,317488 4,317488
которые 1,455287 1,455287
безопасность 2,813411 8,440232
решить 3,624341 3,624341
беспилотникам 5,010635 5,010635
планы 3,912023 3,912023
множеством 4,317488 4,317488
следующий 2,931194 2,931194
правил 0,013423 0,040269
которых 1,966113 1,966113
поколения 5,010635 20,042541
победа 5,010635 10,021271
авторизоваться 0,013423 0,013423
авторизуйтесь 0,013423 0,013423
случае 1,714798 1,714798
расширенный 0,013423 0,013423
считают 3,064725 3,064725
клинт 5,010635 5,010635
новыесначала 0,013423 0,013423
предоставить 2,708050 2,708050
американское 5,010635 5,010635
нань 5,010635 10,021271
му 5,010635 10,021271
количеству 3,912023 3,912023
крайне 3,218876 3,218876
участие 0,006689 0,006689
утверждать 5,010635 5,010635
использовать 0,013423 0,013423
опечатка 0,013423 0,013423
аэрокосмичесих 5,010635 5,010635
каждый 2,120264 6,360791
онлайн 0,013423 0,013423
впк 3,912023 3,912023
получится 2,813411 2,813411
контактов 0,013423 0,013423
воздушных 4,317488 4,317488
апреля 0,013423 0,013423
миссии 5,010635 5,010635
нами 0,013423 0,093961
держава 5,010635 5,010635
вакансии 0,013423 0,013423
митчелла 5,010635 5,010635
нажимая 0,013423 0,013423
вами 0,013423 0,013423
судя 4,317488 4,317488
недопустимое 0,013423 0,013423
сотню 5,010635 5,010635
истек 0,013423 0,013423
ценник 5,010635 5,010635
предприятию 0,013423 0,026846
молот 5,010635 5,010635
имеющегося 5,010635 10,021271
внимание 0,013423 0,013423
борнео 5,010635 5,010635
принимать 0,013423 0,013423
сможете 0,013423 0,013423
года 0,006689 0,013378
ознакомлены 0,013423 0,013423
моих 0,013423 0,026846
очень 1,678431 3,356862
пентагоне 5,010635 5,010635
предприятие 0,013423 0,013423
наука 0,292136 0,292136
захват 5,010635 5,010635
пентагона 5,010635 15,031906
