законным 0,013423 0,013423
детства 3,064725 3,064725
рф 1,181994 2,363988
новый 0,013423 0,134230
хрустящей 4,317488 4,317488
день 1,203973 1,203973
образ 3,624341 25,370387
найти 0,013423 0,013423
основанием 0,013423 0,013423
японской 3,064725 3,064725
письмо 0,013423 0,013423
спасибо 0,013423 0,013423
грибов 3,624341 3,624341
согласие 0,013423 0,026846
центр 0,190354 0,190354
петербург 2,813411 2,813411
доступ 0,013423 0,026846
декабря 1,098612 9,887511
кастрюле 3,064725 3,064725
миа 0,013423 0,026846
задать 0,013423 0,013423
теги 0,190354 0,190354
автору 0,013423 0,013423
микроволновке 4,317488 4,317488
связаться 0,013423 0,080538
александр 1,455287 1,455287
кляре 5,010635 5,010635
пшенная 5,010635 5,010635
должны 0,013423 0,013423
г 0,013423 0,026846
д 0,013423 0,026846
реклама 0,190354 0,190354
фото 0,013423 0,040269
варить 2,445686 4,891372
студенты 4,317488 4,317488
иммунитета 5,010635 10,021271
политика 0,013423 0,026846
связь 0,006689 0,013378
санкт 2,525729 2,525729
сложности 2,813411 25,320696
училищ 5,010635 5,010635
готово 0,013423 0,026846
европейской 2,238047 15,666326
течение 0,013423 0,013423
ягода 4,317488 8,634976
капусты 3,064725 3,064725
область 1,714798 1,714798
информационных 0,013423 0,013423
суп 3,064725 6,129450
размещения 0,013423 0,013423
основных 2,445686 17,119802
овоща 3,912023 7,824046
конфиденциальности 0,013423 0,053692
связи 0,013423 0,080538
клюква 5,010635 15,031906
заголовок 0,013423 0,026846
овощи 2,708050 2,708050
процесса 0,013423 0,013423
адресу 0,013423 0,026846
проблему 0,013423 0,013423
капуста 3,624341 3,624341
мимоза 3,064725 6,129450
курицей 3,218876 3,218876
выпечки 2,708050 2,708050
рецепты 1,139434 101,409651
классический 2,014903 12,089418
время 0,013423 0,026846
быстро 2,177422 2,177422
секреты 2,813411 11,253643
данных 0,013423 0,107384
поединке 4,317488 4,317488
письма 0,013423 0,013423
десерт 3,218876 9,656627
часов 0,013423 0,026846
соглашаетесь 0,013423 0,013423
закусокпростые 3,912023 3,912023
ранее 0,013423 0,013423
восстановления 0,013423 0,013423
готовить 2,445686 4,891372
главный 0,013423 0,013423
данные 0,013423 0,013423
разблокировать 0,013423 0,040269
город 0,013423 0,013423
фотографию 0,013423 0,013423
дмитрий 1,643339 3,286679
обращаем 0,013423 0,013423
легко 1,791759 19,709354
отправлено 0,013423 0,013423
написать 0,013423 0,013423
новостеймолния 0,013423 0,013423
сытное 3,624341 3,624341
редьки 4,317488 4,317488
научный 2,445686 4,891372
одноклассники 0,013423 0,026846
сначала 0,013423 0,013423
реальная 4,317488 8,634976
употреблять 3,624341 3,624341
вред 2,612740 28,740140
горох 5,010635 5,010635
редька 3,912023 7,824046
часа 1,875141 16,876270
показать 0,013423 0,013423
кнопку 0,013423 0,013423
коммуникаций 0,013423 0,013423
мангале 3,912023 3,912023
пароль 0,013423 0,080538
пароля 0,013423 0,053692
блюд 2,238047 6,714140
подмосковье 2,371578 4,743156
перейдите 0,013423 0,013423
вход 0,013423 0,013423
профессионалов 4,317488 4,317488
продукты 0,150823 5,278801
закрыто 0,013423 0,013423
удалено 0,013423 0,013423
сколько 0,006689 0,006689
гаврилова 0,013423 0,013423
материалов 0,013423 0,053692
сочной 3,624341 7,248682
отправлена 0,013423 0,013423
чате 0,013423 0,013423
торт 5,010635 5,010635
здоровья 2,612740 2,612740
чабреца 5,010635 5,010635
расположенному 0,013423 0,026846
чату 0,013423 0,013423
редакцией 0,013423 0,013423
плохого 4,317488 4,317488
новому 2,612740 5,225480
учредитель 0,013423 0,013423
рассмотрены 0,013423 0,013423
простые 1,752539 70,101550
символа 3,218876 6,437752
мое 0,013423 0,026846
ссылка 0,013423 0,026846
последние 1,098612 1,098612
шеф 2,302585 9,210340
ссылке 0,013423 0,013423
смородины 4,317488 4,317488
перетяните 0,013423 0,013423
ссылки 0,013423 0,013423
помочь 0,013423 0,013423
архив 0,190354 0,190354
июля 1,791759 1,791759
ошибках 0,013423 0,013423
кизил 4,317488 4,317488
обязательны 0,013423 0,093961
салат 2,371578 28,458936
повелевать 3,912023 3,912023
природный 4,317488 17,269952
кожи 3,401197 3,401197
интересных 3,401197 3,401197
выпуска 0,013423 0,013423
списка 0,013423 0,013423
формой 0,013423 0,053692
курица 3,912023 7,824046
роскомнадзор 0,013423 0,013423
новогодние 2,931194 8,793581
московская 2,525729 2,525729
блокировался 0,013423 0,013423
закусокрецепты 2,708050 13,540251
щи 4,317488 4,317488
гречка 5,010635 5,010635
москва 0,006689 0,013378
духовке 2,708050 21,664402
воспользоваться 0,013423 0,013423
русской 1,752539 17,525388
входа 0,013423 0,013423
гарнироврецепты 5,010635 5,010635
французски 3,624341 7,248682
моё 0,013423 0,013423
кулинарном 5,010635 5,010635
федеральное 0,013423 0,013423
супов 2,813411 2,813411
закуски 2,525729 5,051457
федеральной 0,013423 0,013423
испечь 4,317488 4,317488
лучшие 1,714798 5,144395
екатерина 2,445686 4,891372
международное 0,013423 0,040269
закуска 3,912023 3,912023
сковороде 2,708050 2,708050
оригинальная 4,317488 4,317488
будут 0,013423 0,013423
новостей 0,006689 0,006689
ноября 1,714798 6,859194
лучших 1,832581 3,665163
новогодний 2,708050 5,416100
политикой 0,013423 0,040269
киноа 3,624341 7,248682
орехи 4,317488 8,634976
подмосковья 3,218876 3,218876
обработки 0,013423 0,026846
даю 0,013423 0,026846
жизни 2,120264 14,841845
простуды 4,317488 8,634976
обработку 0,013423 0,026846
обратной 0,013423 0,067115
нут 5,010635 10,021271
подкасты 0,292136 0,292136
редакции 0,013423 0,026846
молодости 5,010635 5,010635
обращений 0,013423 0,013423
яблоками 4,317488 8,634976
обработка 0,013423 0,013423
это 0,013423 0,080538
мегрельски 5,010635 5,010635
вкус 2,120264 2,120264
еда 2,177422 76,209768
описанием 0,013423 0,013423
новую 0,013423 0,013423
массовых 0,013423 0,013423
пройдена 0,013423 0,013423
доступный 3,912023 3,912023
кондитера 3,624341 3,624341
хачапури 5,010635 5,010635
используется 0,013423 0,026846
зарегистрироваться 0,013423 0,053692
пожаловаться 0,013423 0,013423
сладкое 3,912023 3,912023
новости 0,006689 0,046823
войти 0,013423 0,053692
салатовновогодние 3,912023 3,912023
быстрые 3,064725 3,064725
тиффани 3,064725 6,129450
электронной 0,013423 0,013423
рецептов 2,177422 8,709688
мире 0,274437 0,548874
эл 0,013423 0,013423
действия 0,013423 0,013423
радио 0,274437 0,274437
защита 0,013423 0,013423
восток 3,218876 6,437752
говядину 3,401197 6,802395
регистрация 0,013423 0,040269
почему 0,013423 0,013423
использования 0,013423 0,013423
восстановление 0,013423 0,040269
вопросам 0,013423 0,026846
государственное 0,013423 0,013423
ягоды 3,064725 3,064725
салаты 2,708050 5,416100
стола 3,064725 6,129450
фактах 3,624341 3,624341
змея 3,218876 6,437752
вкусный 3,064725 6,129450
вконтакте 0,013423 0,026846
забавные 4,317488 4,317488
спецпроекты 0,190354 0,190354
вкусные 2,708050 5,416100
просим 0,013423 0,013423
навсегда 0,013423 0,013423
нарушение 0,013423 0,040269
заблокирован 0,013423 0,013423
пушкин 4,317488 4,317488
ошибку 0,013423 0,013423
минутрецепты 2,708050 10,832201
змеи 2,931194 5,862388
защиты 0,013423 0,013423
назад 0,013423 0,067115
обращения 0,013423 0,026846
купечески 5,010635 5,010635
лук 2,302585 4,605170
минут 1,297063 29,832454
ошибка 0,013423 0,013423
вопрос 0,006689 0,006689
зубовский 0,013423 0,026846
подтверждаете 0,013423 0,013423
заполнить 0,013423 0,026846
кавказ 5,010635 5,010635
корочкой 4,317488 4,317488
марта 1,678431 1,678431
осуществляется 0,013423 0,013423
ваш 0,013423 0,053692
против 1,966113 9,830564
имя 0,013423 0,067115
другие 0,013423 0,026846
общество 0,265703 1,328516
надзору 0,013423 0,013423
нового 1,678431 3,356862
блюдо 2,014903 6,044709
срок 0,013423 0,026846
витамины 3,912023 43,032253
издание 0,013423 0,013423
бульвар 0,013423 0,026846
хотите 0,013423 0,013423
заполните 0,013423 0,067115
технологий 0,013423 0,026846
сетевое 0,013423 0,013423
блюда 2,177422 2,177422
неделю 1,373049 1,373049
вновь 0,013423 0,013423
сменить 0,013423 0,013423
материал 0,013423 0,013423
манная 5,010635 10,021271
участвовать 0,013423 0,026846
сообщить 0,013423 0,013423
пошаговые 2,238047 8,952186
цветная 4,317488 4,317488
пошаговый 2,813411 16,880464
успешно 0,013423 0,013423
скриншот 0,013423 0,040269
новогоднего 2,931194 2,931194
дайкон 5,010635 5,010635
мягкой 3,401197 6,802395
лента 0,006689 0,013378
приготовить 2,014903 34,253351
запеканку 4,317488 4,317488
завтрак 3,912023 3,912023
растения 3,624341 32,619068
заблокированы 0,013423 0,013423
спорт 0,190354 0,190354
инжира 5,010635 5,010635
сфере 0,013423 0,013423
десертовпростые 3,912023 3,912023
месяц 1,297063 1,297063
свидетельство 0,013423 0,013423
растениеводство 5,010635 5,010635
правила 0,013423 0,026846
взаимодействия 0,013423 0,026846
ближний 3,912023 3,912023
авокадо 3,218876 3,218876
минутандрей 5,010635 5,010635
сложностирецепты 4,317488 8,634976
сохранить 0,013423 0,013423
информационное 0,013423 0,040269
грузинской 3,064725 3,064725
морковкинэкономист 2,931194 5,862388
комментирования 0,013423 0,026846
применение 3,401197 6,802395
рецептыпростые 2,813411 2,813411
кекс 5,010635 5,010635
женщин 2,445686 4,891372
табака 5,010635 5,010635
льняное 5,010635 5,010635
зож 2,302585 16,118096
пресс 0,013423 0,026846
россии 0,395515 0,395515
кулинария 2,525729 131,337890
применения 0,013423 0,013423
возможный 2,371578 4,743156
десертовзакуска 5,010635 5,010635
федеральному 0,013423 0,026846
персональных 0,013423 0,107384
произошла 0,013423 0,013423
важное 2,525729 2,525729
сало 3,912023 11,736069
заготовить 3,624341 7,248682
стевия 5,010635 5,010635
дата 0,013423 0,013423
ваше 0,013423 0,107384
мужчин 3,624341 3,624341
сайте 0,013423 0,013423
ваши 0,013423 0,013423
сочный 3,624341 3,624341
сугроб 3,064725 6,129450
кулинарии 3,624341 7,248682
спортивных 3,624341 3,624341
фио 0,013423 0,013423
восстановить 0,013423 0,013423
корейски 3,912023 3,912023
пожалуйста 0,013423 0,013423
стол 2,238047 4,476093
минутпростые 3,912023 3,912023
сыром 2,708050 5,416100
человека 2,177422 6,532266
запеканка 3,624341 3,624341
ниже 0,013423 0,040269
версия 0,013423 0,013423
вопроса 0,013423 0,013423
россия 0,006689 0,113713
початках 5,010635 5,010635
простой 2,120264 10,601318
поля 0,013423 0,093961
волос 4,317488 4,317488
консервами 3,064725 6,129450
израиль 2,931194 2,931194
января 1,160488 13,925852
государственному 0,013423 0,026846
пошагово 3,064725 6,129450
успокаивает 5,010635 5,010635
регистрации 0,013423 0,026846
ягод 3,401197 3,401197
поле 0,013423 0,013423
сайт 0,013423 0,026846
дома 2,238047 8,952186
полезные 3,401197 3,401197
правильно 2,066196 6,198589
картофельную 5,010635 5,010635
десерта 3,401197 3,401197
супа 3,218876 3,218876
полезный 3,064725 3,064725
сервисы 0,190354 0,190354
зарегистрировано 0,013423 0,013423
другое 0,013423 0,013423
туризм 0,283247 0,566495
креветки 3,064725 6,129450
сотрудник 2,612740 5,225480
поддерживаетсяполучить 0,013423 0,013423
адрес 0,013423 0,040269
соответствии 0,013423 0,026846
загрузите 0,013423 0,013423
сообщения 0,013423 0,053692
европа 2,371578 2,371578
загрузить 0,013423 0,013423
императрица 4,317488 4,317488
медицине 4,317488 4,317488
направлении 0,013423 0,013423
кулинаров 2,931194 2,931194
замеченных 0,013423 0,013423
телефон 0,013423 0,013423
отправки 0,013423 0,013423
домашних 2,612740 2,612740
творожная 5,010635 5,010635
питание 2,708050 13,540251
унитарному 0,013423 0,026846
период 1,160488 1,160488
сразятся 3,401197 3,401197
сладости 3,624341 3,624341
сообщение 0,013423 0,134230
эликсира 5,010635 5,010635
выберите 0,013423 0,040269
старые 0,013423 0,013423
польза 2,813411 39,387750
картошкой 3,624341 7,248682
попробуйте 0,013423 0,013423
крабовый 3,401197 6,802395
финансового 2,066196 4,132393
лебедев 3,624341 3,624341
кукурузу 5,010635 5,010635
холестерина 4,317488 12,952464
масло 2,302585 2,302585
бутерброды 2,525729 5,051457
фрукт 5,010635 5,010635
салатоврецепты 3,624341 3,624341
антиоксидант 4,317488 8,634976
защитой 0,013423 0,026846
царствовать 4,317488 4,317488
статьи 0,013423 0,013423
подтвердите 0,013423 0,013423
авторизация 0,013423 0,013423
средней 2,302585 25,328436
религия 0,283247 0,283247
форма 0,013423 0,013423
логином 0,013423 0,013423
рейтинг 0,006689 0,006689
галочку 0,013423 0,013423
восточная 5,010635 5,010635
форме 2,302585 4,605170
перетащите 0,013423 0,040269
материале 0,013423 0,026846
культура 0,292136 1,168546
мяту 3,064725 6,129450
материала 0,013423 0,026846
орехами 3,912023 7,824046
происшествия 0,292136 0,292136
вашего 0,013423 0,013423
инструкцией 5,010635 5,010635
паролем 0,013423 0,013423
снимает 5,010635 5,010635
консервированного 5,010635 5,010635
способы 0,013423 0,026846
зарегистрируйтесь 0,013423 0,013423
обо 0,013423 0,013423
организм 4,317488 4,317488
недвижимость 0,292136 0,292136
часарецепты 2,813411 39,387750
дискуссии 0,013423 0,026846
рецептырецепты 1,875141 18,751411
редактор 0,013423 0,013423
грибами 3,218876 3,218876
унитарное 0,013423 0,013423
мясо 2,931194 11,724775
сытно 5,010635 5,010635
салатов 2,813411 2,813411
сладкая 3,218876 3,218876
форму 0,013423 0,093961
тема 0,013423 0,040269
отправленного 0,013423 0,013423
антибиотик 5,010635 10,021271
связанные 0,013423 0,013423
рекомендательных 0,013423 0,013423
данная 0,013423 0,013423
пингвины 3,912023 3,912023
обратная 0,013423 0,026846
риа 0,006689 0,020067
здоровье 2,445686 7,337058
организма 3,624341 18,121705
проставляя 0,013423 0,013423
связанных 0,013423 0,013423
опишите 0,013423 0,013423
заполнения 0,013423 0,093961
здоровый 3,912023 27,384161
полезное 0,182322 0,182322
правительстве 2,177422 4,354844
кухни 1,832581 10,995489
год 0,967584 9,675840
службе 0,013423 0,013423
средне 2,813411 30,947518
релизов 0,013423 0,013423
ваших 0,013423 0,026846
почты 0,013423 0,013423
октября 1,832581 10,995489
десертоврецепты 3,401197 10,203592
манкой 4,317488 4,317488
мая 1,832581 1,832581
ведущий 2,302585 4,605170
пищу 3,218876 3,218876
рожденная 3,912023 3,912023
сахар 2,612740 2,612740
турция 5,010635 5,010635
ароматное 5,010635 5,010635
артишок 5,010635 5,010635
варежка 3,064725 6,129450
агентство 0,013423 0,040269
правил 0,013423 0,040269
полезен 3,912023 3,912023
авторизоваться 0,013423 0,013423
авторизуйтесь 0,013423 0,013423
блюдрецепты 3,218876 22,532131
штрудель 5,010635 10,021271
красоты 5,010635 5,010635
каша 3,912023 11,736069
советы 1,752539 8,762694
агентства 0,013423 0,013423
сегодня 0,013423 0,080538
расширенный 0,013423 0,013423
бараний 5,010635 5,010635
петр 2,445686 2,445686
морковь 3,401197 3,401197
классика 3,624341 3,624341
дальний 3,912023 3,912023
такое 1,875141 1,875141
фаршем 4,317488 4,317488
новыесначала 0,013423 0,013423
комочков 4,317488 4,317488
приготовления 1,791759 32,251670
влияет 2,525729 2,525729
шапка 0,013423 0,013423
овощ 3,401197 3,401197
отправить 0,013423 0,147653
продолжить 0,013423 0,013423
справки 1,875141 1,875141
решении 0,013423 0,013423
пошаговой 5,010635 5,010635
условиях 2,066196 2,066196
необычные 2,238047 4,476093
воспользуйтесь 0,013423 0,040269
участие 0,006689 0,006689
аккаунт 0,013423 0,053692
сибирского 3,624341 3,624341
экономика 0,292136 0,292136
черной 3,624341 3,624341
обсуждение 0,013423 0,013423
шампиньонов 5,010635 5,010635
использовать 0,013423 0,013423
опечатка 0,013423 0,013423
свежих 3,624341 3,624341
блокировки 0,013423 0,013423
онлайн 0,013423 0,013423
цыпленка 5,010635 5,010635
контактов 0,013423 0,013423
почта 0,013423 0,080538
рецепт 1,544899 24,718390
апреля 0,013423 0,013423
история 1,484275 1,484275
полезного 3,912023 3,912023
полезна 5,010635 5,010635
фамилия 0,013423 0,013423
поваров 3,624341 3,624341
университета 2,177422 4,354844
повара 2,302585 4,605170
нами 0,013423 0,093961
яндекс 0,013423 0,026846
хлеб 2,931194 8,793581
удалили 0,013423 0,040269
либо 0,013423 0,013423
вакансии 0,013423 0,013423
аккаунту 0,013423 0,013423
открываемого 0,013423 0,026846
нажимая 0,013423 0,013423
крупа 3,624341 7,248682
поиск 0,013423 0,013423
кухнирецепты 2,612740 31,352880
вами 0,013423 0,013423
недопустимое 0,013423 0,013423
году 1,139434 2,278869
тунца 5,010635 5,010635
согласны 0,013423 0,040269
кедровые 5,010635 5,010635
истек 0,013423 0,013423
муравейник 5,010635 5,010635
предприятию 0,013423 0,026846
рекламы 0,013423 0,013423
зиму 2,612740 5,225480
внимание 0,013423 0,013423
принимать 0,013423 0,026846
сможете 0,013423 0,013423
года 0,006689 0,020067
противопоказания 4,317488 4,317488
ароматного 4,317488 4,317488
ознакомлены 0,013423 0,013423
молоке 3,064725 3,064725
терпких 4,317488 4,317488
булгур 5,010635 15,031906
свежей 3,401197 3,401197
моих 0,013423 0,026846
гастрономия 3,401197 6,802395
предприятие 0,013423 0,013423
наука 0,292136 0,292136
воспаления 5,010635 5,010635
продукт 2,931194 5,862388
обсуждения 0,013423 0,013423
блокировкой 0,013423 0,040269
