законным 0,013423 0,013423
гранатовом 5,010635 10,021271
размером 3,401197 10,203592
личных 3,912023 3,912023
различную 4,317488 4,317488
паприка 3,624341 21,746046
маслом 2,708050 8,124151
этому 2,708050 5,416100
основанием 0,013423 0,013423
найти 0,013423 0,026846
равными 5,010635 10,021271
письмо 0,013423 0,013423
спасибо 0,013423 0,013423
свиная 5,010635 5,010635
ингредиентов 2,612740 10,450960
таять 5,010635 10,021271
см 2,931194 2,931194
шефа 3,912023 3,912023
согласие 0,013423 0,026846
некоторых 2,525729 2,525729
отличается 3,064725 3,064725
кусочками 4,317488 43,174881
ст 2,813411 56,268214
нуждается 4,317488 8,634976
воду 2,302585 6,907755
изобретениям 5,010635 10,021271
долго 3,064725 3,064725
ароматом 3,401197 3,401197
таким 2,525729 2,525729
множество 3,624341 3,624341
плоды 3,912023 3,912023
связаться 0,013423 0,080538
минеральную 4,317488 4,317488
говяжья 5,010635 5,010635
дополнительно 3,624341 7,248682
вода 2,525729 12,628643
немного 2,177422 6,532266
воде 2,014903 12,089418
фото 0,013423 0,026846
оливкового 5,010635 20,042541
поделить 4,317488 8,634976
коллекцию 5,010635 5,010635
связь 0,006689 0,013378
марина 3,912023 7,824046
смесью 3,912023 11,736069
сушеный 3,912023 31,296184
такие 2,525729 5,051457
водой 2,445686 19,565487
готово 0,013423 0,026846
крылышки 5,010635 10,021271
занимает 2,813411 2,813411
маринадом 5,010635 55,116988
кастрюлю 2,445686 24,456859
запах 5,010635 5,010635
рецепта 2,931194 2,931194
никитин 5,010635 5,010635
дольше 3,912023 3,912023
информационных 0,013423 0,013423
назвал 1,875141 1,875141
лишнего 3,624341 7,248682
сунели 5,010635 10,021271
рецепте 3,401197 3,401197
размещения 0,013423 0,013423
сочность 3,624341 3,624341
пор 2,708050 5,416100
брусничный 5,010635 10,021271
перемешать 2,525729 156,595176
конфиденциальности 0,013423 0,053692
надавить 5,010635 10,021271
процессе 3,401197 6,802395
связи 0,013423 0,080538
эмалированную 3,912023 3,912023
дополнением 5,010635 5,010635
заголовок 0,013423 0,026846
подсластителей 5,010635 10,021271
маринадов 5,010635 15,031906
мангалах 5,010635 5,010635
шаг 1,875141 176,263261
весу 5,010635 5,010635
дело 1,919593 1,919593
процесса 0,013423 0,013423
кожицу 5,010635 5,010635
адресу 0,013423 0,026846
получается 3,064725 15,323626
проблему 0,013423 0,013423
свежемолотый 4,317488 4,317488
предпочтениями 4,317488 4,317488
однородности 5,010635 20,042541
рецепты 1,139434 33,043594
слишком 2,708050 2,708050
быстро 2,177422 4,354844
получившимся 5,010635 10,021271
данных 0,013423 0,107384
однородная 5,010635 10,021271
письма 0,013423 0,013423
томатная 3,912023 3,912023
часов 0,013423 0,483229
соглашаетесь 0,013423 0,013423
ступке 5,010635 10,021271
очистить 2,612740 75,769461
готовить 2,445686 2,445686
главный 0,013423 0,013423
каждой 3,064725 3,064725
данные 0,013423 0,013423
эстрагон 5,010635 10,021271
паприку 4,317488 8,634976
поставщика 4,317488 4,317488
также 1,139434 13,673211
хмели 5,010635 10,021271
туда 3,218876 9,656627
одной 2,120264 8,481054
фотографию 0,013423 0,013423
граната 5,010635 15,031906
брусники 4,317488 17,269952
предварительно 2,931194 2,931194
легко 1,791759 1,791759
отправлено 0,013423 0,013423
луком 3,912023 46,944276
разложить 3,912023 7,824046
снова 2,612740 47,029320
волокна 5,010635 15,031906
сначала 0,013423 0,026846
петрушку 3,401197 13,604790
часа 1,875141 37,502822
перца 3,912023 7,824046
мариновать 5,010635 65,138259
мангале 3,912023 11,736069
однако 1,966113 3,932226
удалить 2,931194 5,862388
слой 3,218876 12,875503
перейдите 0,013423 0,013423
слои 3,912023 15,648092
жиром 5,010635 5,010635
приправы 3,912023 15,648092
мышцы 4,317488 4,317488
кончатся 5,010635 10,021271
брусника 5,010635 15,031906
июня 2,066196 2,066196
закрыто 0,013423 0,013423
сколько 0,006689 0,006689
кефир 3,401197 17,005987
материалов 0,013423 0,040269
отправлена 0,013423 0,013423
запекать 3,401197 3,401197
придает 3,218876 12,875503
холодильнике 2,813411 28,134107
сочности 3,912023 7,824046
чате 0,013423 0,013423
кожуры 3,064725 6,129450
стороны 2,238047 2,238047
маринование 5,010635 5,010635
сортов 4,317488 12,952464
чату 0,013423 0,013423
редакцией 0,013423 0,013423
сырье 4,317488 4,317488
индейки 5,010635 25,053176
тарелкой 5,010635 10,021271
полностью 2,014903 4,029806
филе 3,912023 7,824046
индейка 4,317488 8,634976
сметана 3,218876 6,437752
измельченный 3,401197 6,802395
индейке 5,010635 10,021271
мариновании 5,010635 20,042541
жестким 4,317488 8,634976
минеральной 4,317488 25,904929
рассмотрены 0,013423 0,013423
минуты 2,931194 2,931194
нему 3,064725 18,388351
маринования 5,010635 50,106353
нарезать 2,445686 149,186842
говорит 2,014903 2,014903
слоем 3,218876 6,437752
жестких 5,010635 10,021271
шеф 2,302585 6,907755
кислый 5,010635 5,010635
способен 4,317488 8,634976
выложить 2,708050 48,744904
часто 2,371578 4,743156
размякнет 5,010635 10,021271
верхний 4,317488 8,634976
перетяните 0,013423 0,013423
томатами 4,317488 8,634976
последним 3,912023 7,824046
подмосковного 5,010635 5,010635
части 1,966113 9,830564
первухинашашлык 5,010635 5,010635
ошибках 0,013423 0,013423
мариноваться 5,010635 160,340329
получившееся 5,010635 10,021271
шт 2,238047 67,141397
избежать 2,708050 2,708050
процесс 2,014903 2,014903
кислых 5,010635 5,010635
залить 2,708050 48,744904
лопатка 5,010635 10,021271
толстошеева 5,010635 5,010635
замариновано 5,010635 5,010635
растительное 3,064725 15,323626
качества 2,931194 2,931194
выпуска 0,013423 0,013423
списка 0,013423 0,013423
формой 0,013423 0,053692
хочется 3,401197 3,401197
курица 3,912023 15,648092
кружочками 3,624341 7,248682
качестве 2,708050 2,708050
шею 4,317488 4,317488
шея 5,010635 5,010635
качество 4,317488 4,317488
курицу 4,317488 8,634976
руками 3,218876 19,313255
курице 5,010635 15,031906
такая 2,813411 2,813411
врач 2,931194 2,931194
излишков 5,010635 10,021271
гарниры 5,010635 5,010635
федеральное 0,013423 0,013423
молотым 5,010635 10,021271
перетереть 5,010635 10,021271
федеральной 0,013423 0,013423
пивом 5,010635 10,021271
молотый 3,401197 40,814369
лучшие 1,714798 41,155162
лучший 4,317488 4,317488
международное 0,013423 0,040269
старое 5,010635 10,021271
оставшуюся 4,317488 8,634976
гриле 4,317488 8,634976
пятаков 3,912023 7,824046
поставить 2,525729 5,051457
будут 0,013423 0,013423
жестковато 5,010635 5,010635
новостей 0,006689 0,006689
испортит 5,010635 5,010635
лучших 1,832581 1,832581
травами 5,010635 10,021271
зубчики 4,317488 17,269952
наполнить 4,317488 4,317488
короли 5,010635 5,010635
кольца 4,317488 8,634976
гармонирует 5,010635 10,021271
перейти 1,203973 19,263565
ускорить 5,010635 5,010635
гармоничнее 5,010635 10,021271
прямо 2,931194 8,793581
вкусу 2,066196 47,522515
нужно 1,455287 8,731723
обратной 0,013423 0,067115
красного 3,401197 10,203592
голени 3,912023 15,648092
вкуса 2,445686 2,445686
порцию 3,624341 3,624341
оглавление 1,791759 1,791759
замариновать 3,912023 15,648092
кунжутного 5,010635 5,010635
мелкой 3,624341 3,624341
еда 2,177422 47,903283
предлагает 3,218876 3,218876
последствиях 4,317488 4,317488
взяты 4,317488 8,634976
описанием 0,013423 0,013423
имеет 2,066196 4,132393
суше 4,317488 4,317488
вылить 3,912023 7,824046
епанчинцев 3,912023 7,824046
петрушка 3,064725 18,388351
используется 0,013423 0,040269
горчичным 5,010635 10,021271
горчичный 5,010635 10,021271
крупно 3,624341 7,248682
стакан 3,624341 7,248682
прожариться 5,010635 5,010635
говядине 5,010635 20,042541
целые 4,317488 8,634976
рецептов 2,177422 4,354844
глубокую 3,912023 15,648092
массу 3,401197 13,604790
эл 0,013423 0,013423
идеальны 4,317488 4,317488
огромное 3,624341 3,624341
шампуре 5,010635 5,010635
целым 4,317488 4,317488
плотнее 5,010635 5,010635
красных 5,010635 10,021271
луковые 5,010635 10,021271
точно 2,612740 2,612740
луковый 5,010635 10,021271
раздавленный 5,010635 10,021271
чаще 2,612740 5,225480
почему 0,013423 0,013423
хорошим 4,317488 4,317488
маринованное 5,010635 5,010635
быстрый 3,064725 6,129450
кисломолочному 5,010635 10,021271
говядины 5,010635 85,180800
вопросам 0,013423 0,026846
добавить 2,238047 120,854515
испортить 3,912023 3,912023
красный 3,401197 6,802395
вкусным 3,624341 10,873023
аромата 3,624341 10,873023
красным 3,624341 7,248682
вкусный 3,064725 3,064725
вконтакте 0,013423 0,026846
области 1,919593 3,839186
вкусные 2,708050 2,708050
вином 3,912023 15,648092
навсегда 0,013423 0,013423
нарушение 0,013423 0,040269
прохладной 3,912023 15,648092
компонентов 3,912023 3,912023
прохладном 4,317488 12,952464
людковскаяшашлык 5,010635 5,010635
ананаса 5,010635 5,010635
равномерно 3,218876 12,875503
натереть 2,813411 8,440232
назад 0,013423 0,067115
помогает 2,813411 2,813411
полукольцами 3,624341 43,492091
говядина 4,317488 38,857393
вкусных 2,931194 2,931194
масса 3,912023 15,648092
желание 5,010635 5,010635
лук 2,302585 191,114563
виталий 3,624341 14,497364
соком 3,401197 13,604790
зубовский 0,013423 0,026846
заполнить 0,013423 0,026846
перечная 5,010635 10,021271
желанию 3,218876 6,437752
осуществляется 0,013423 0,013423
именно 2,066196 4,132393
пюре 3,064725 49,035602
другие 0,013423 0,067115
общество 0,265703 5,845470
полезнее 5,010635 5,010635
ягодное 4,317488 8,634976
надзору 0,013423 0,013423
бальзамический 4,317488 17,269952
процедить 3,401197 6,802395
промыть 2,708050 97,489807
издание 0,013423 0,013423
лимон 3,401197 51,017961
корзину 3,912023 3,912023
бульвар 0,013423 0,026846
безвкусным 5,010635 5,010635
засыпать 3,912023 7,824046
хотите 0,013423 0,013423
заполните 0,013423 0,067115
мини 3,624341 3,624341
других 1,966113 1,966113
сетевое 0,013423 0,013423
курицы 3,912023 43,032253
состояния 2,612740 10,450960
вновь 0,013423 0,013423
сменить 0,013423 0,013423
стоит 1,714798 1,714798
участвовать 0,013423 0,026846
выкладывать 3,624341 7,248682
сообщить 0,013423 0,013423
сухую 4,317488 8,634976
оливковое 3,912023 43,032253
скриншот 0,013423 0,040269
кориандр 4,317488 25,904929
варианты 2,708050 2,708050
окорок 5,010635 5,010635
популярные 2,445686 7,337058
приготовить 2,014903 2,014903
лимонного 5,010635 5,010635
подсолнечное 3,912023 7,824046
грузии 4,317488 8,634976
корнями 5,010635 10,021271
таки 3,912023 7,824046
пиво 4,317488 8,634976
марлю 4,317488 8,634976
признанные 4,317488 4,317488
пиве 5,010635 10,021271
стало 2,813411 2,813411
взаимодействия 0,013423 0,026846
цедра 5,010635 5,010635
пива 4,317488 4,317488
посуде 3,912023 15,648092
отлично 3,401197 20,407184
сохранить 0,013423 0,013423
информационное 0,013423 0,040269
край 2,708050 5,416100
посуды 3,912023 7,824046
насаживании 5,010635 5,010635
напитку 5,010635 10,021271
медиабанксвинина 5,010635 5,010635
посуду 2,813411 47,827982
спинки 4,317488 4,317488
сочетается 4,317488 8,634976
мягкостью 5,010635 5,010635
многом 3,912023 3,912023
медово 5,010635 20,042541
салфеткой 4,317488 8,634976
федеральному 0,013423 0,026846
пополняют 5,010635 5,010635
поможет 2,525729 12,628643
важно 2,120264 4,240527
недолго 5,010635 5,010635
прожариваются 5,010635 5,010635
пополам 3,624341 14,497364
кинза 4,317488 8,634976
толстыми 4,317488 8,634976
фио 0,013423 0,013423
оставить 2,445686 85,599008
кирилл 1,919593 11,517557
кусок 4,317488 4,317488
предлагают 3,218876 6,437752
пожалуйста 0,013423 0,013423
кислой 5,010635 15,031906
гастроэнтеролог 3,912023 3,912023
майонезом 3,401197 6,802395
кинзу 4,317488 8,634976
необходимо 1,791759 5,375278
кусочки 2,931194 35,174325
соблюдать 3,401197 3,401197
шести 3,218876 9,656627
обойтись 4,317488 4,317488
насыпать 4,317488 8,634976
ниже 0,013423 0,040269
версия 0,013423 0,013423
сутки 2,525729 5,051457
поля 0,013423 0,093961
диетолог 4,317488 4,317488
измельчить 3,401197 20,407184
обычно 2,813411 2,813411
минеральная 5,010635 15,031906
государственному 0,013423 0,026846
пропиталось 5,010635 10,021271
стеклянную 4,317488 4,317488
мягче 4,317488 4,317488
влить 3,401197 20,407184
поле 0,013423 0,026846
зарегистрировано 0,013423 0,013423
креветки 3,064725 6,129450
абхазии 4,317488 8,634976
положить 2,612740 5,225480
туризм 0,283247 6,514692
адрес 0,013423 0,040269
рекомендует 3,624341 3,624341
дольками 3,624341 10,873023
соответствии 0,013423 0,026846
зря 4,317488 4,317488
загрузите 0,013423 0,013423
сообщения 0,013423 0,053692
мелкие 3,064725 12,258901
загрузить 0,013423 0,013423
зажарить 5,010635 5,010635
прикрыть 5,010635 10,021271
уксус 3,624341 39,867750
направлении 0,013423 0,013423
замеченных 0,013423 0,013423
телефон 0,013423 0,013423
особенности 2,708050 2,708050
виды 2,813411 2,813411
иначе 2,931194 5,862388
пока 1,919593 7,678371
влагу 5,010635 20,042541
медиабанкшашлык 5,010635 25,053176
лишней 5,010635 5,010635
нередко 5,010635 5,010635
свинина 3,624341 115,978910
кусочкам 5,010635 5,010635
сообщение 0,013423 0,134230
требуется 3,218876 6,437752
вида 2,931194 14,655969
мятой 3,912023 19,560115
выраженный 5,010635 5,010635
свинине 5,010635 30,063812
старые 0,013423 0,013423
остальные 3,624341 10,873023
недостаточно 3,064725 3,064725
попробуйте 0,013423 0,013423
первухина 5,010635 5,010635
сбрызнуть 4,317488 8,634976
майонез 3,401197 34,011974
грузинский 5,010635 10,021271
вкусовые 3,624341 10,873023
свинину 3,624341 47,116432
остальных 3,218876 3,218876
снять 2,708050 2,708050
эксперт 1,678431 3,356862
греческий 3,218876 12,875503
куриная 4,317488 4,317488
пряную 5,010635 10,021271
свинины 5,010635 85,180800
куски 3,624341 90,608523
статьи 0,013423 0,013423
подтвердите 0,013423 0,013423
специями 3,624341 7,248682
морепродукты 4,317488 4,317488
вкусовых 3,624341 3,624341
целиком 4,317488 4,317488
порциями 5,010635 10,021271
брать 2,931194 8,793581
перетащите 0,013423 0,040269
материале 0,013423 0,040269
намного 4,317488 4,317488
материала 0,013423 0,026846
чередовать 5,010635 5,010635
кисло 5,010635 10,021271
допустимую 5,010635 5,010635
мягкость 3,624341 3,624341
вперемешку 5,010635 10,021271
вашего 0,013423 0,013423
паролем 0,013423 0,013423
ароматных 3,218876 3,218876
лимона 3,064725 15,323626
перебить 5,010635 35,074447
горошком 3,912023 7,824046
зарегистрируйтесь 0,013423 0,013423
обо 0,013423 0,013423
маринуется 5,010635 5,010635
отношении 3,064725 3,064725
избыток 5,010635 5,010635
зависит 2,371578 7,114734
размягчает 5,010635 15,031906
редактор 0,013423 0,013423
фгуп 0,499776 10,995067
многие 2,525729 7,577186
получить 1,752539 5,257616
аджику 5,010635 20,042541
кусочков 3,912023 7,824046
жесткое 4,317488 12,952464
сладкая 3,218876 6,437752
частичек 5,010635 10,021271
мариновке 5,010635 10,021271
архангельской 5,010635 10,021271
комнатной 3,218876 12,875503
отправленного 0,013423 0,013423
максимальное 2,525729 5,051457
нарезки 5,010635 5,010635
связанные 0,013423 0,013423
сделать 1,752539 12,267771
тщательно 2,445686 19,565487
разных 2,177422 2,177422
решено 3,624341 3,624341
обратная 0,013423 0,026846
риа 0,006689 0,321071
связанных 0,013423 0,013423
опишите 0,013423 0,013423
разные 2,445686 2,445686
мятной 5,010635 10,021271
шампур 5,010635 10,021271
квартире 3,064725 3,064725
времени 2,238047 4,476093
различных 3,912023 7,824046
пропитываться 5,010635 10,021271
томатный 4,317488 12,952464
долгом 4,317488 8,634976
крышкой 3,218876 70,815268
томатным 5,010635 10,021271
почты 0,013423 0,013423
втереть 5,010635 5,010635
мая 1,832581 5,497744
окислы 5,010635 5,010635
поэтому 2,014903 4,029806
столовый 3,912023 11,736069
агентство 0,013423 0,040269
зиры 5,010635 5,010635
тархуном 5,010635 10,021271
каши 3,912023 7,824046
оливковым 4,317488 12,952464
подобрать 3,401197 10,203592
крупные 3,912023 15,648092
советы 1,752539 7,010155
агентства 0,013423 0,013423
сегодня 0,013423 0,362422
пропустить 3,912023 15,648092
температуре 2,813411 16,880464
сразу 1,832581 3,665163
самое 2,708050 5,416100
острый 3,401197 23,808382
крупными 5,010635 40,085082
вместе 2,302585 9,210340
такое 1,875141 3,750282
чеснок 2,931194 35,174325
орегано 3,912023 39,120230
слабом 3,401197 3,401197
зависимости 2,014903 6,044709
ограничивается 4,317488 4,317488
уходит 3,912023 7,824046
долгой 5,010635 5,010635
влияет 2,525729 2,525729
шапка 0,013423 0,013423
отправить 0,013423 0,308729
продолжить 0,013423 0,013423
подобранных 5,010635 5,010635
сочнее 5,010635 5,010635
решении 0,013423 0,013423
получившейся 5,010635 10,021271
необычный 3,401197 6,802395
бедра 4,317488 17,269952
необычные 2,238047 2,238047
широкий 4,317488 4,317488
благодаря 2,302585 4,605170
получилось 3,218876 3,218876
воспользуйтесь 0,013423 0,040269
аккаунт 0,013423 0,053692
спичечный 5,010635 10,021271
обсуждение 0,013423 0,013423
центра 3,064725 3,064725
блокировки 0,013423 0,013423
сложно 3,218876 3,218876
проще 3,624341 3,624341
семян 4,317488 8,634976
почта 0,013423 0,080538
рецепт 1,544899 3,089799
хорошенько 3,912023 7,824046
соуса 4,317488 17,269952
алексея 3,912023 3,912023
запечь 4,317488 4,317488
фамилия 0,013423 0,013423
евгений 2,302585 4,605170
непосредственно 3,218876 6,437752
повара 2,302585 2,302585
тягучая 5,010635 10,021271
яндекс 0,013423 0,026846
удалили 0,013423 0,040269
либо 0,013423 0,013423
отдадут 4,317488 4,317488
сухого 3,912023 15,648092
аккаунту 0,013423 0,013423
открываемого 0,013423 0,026846
редко 3,624341 3,624341
накрыть 3,401197 74,826342
никакого 3,218876 6,437752
поиск 0,013423 0,013423
листья 3,912023 7,824046
согласны 0,013423 0,040269
молодое 5,010635 15,031906
мед 3,401197 30,610776
придерживаться 4,317488 4,317488
красное 3,912023 23,472138
кислоту 3,624341 7,248682
медиабанкплоды 5,010635 5,010635
рекламы 0,013423 0,013423
помять 5,010635 20,042541
алексей 1,966113 5,898339
кислоты 4,317488 12,952464
томатов 3,912023 11,736069
маринуют 5,010635 5,010635
попадал 5,010635 10,021271
произвольными 5,010635 20,042541
местах 4,317488 4,317488
втором 3,218876 3,218876
следует 2,066196 4,132393
подходит 2,525729 20,205829
тимьян 3,912023 7,824046
миске 2,708050 16,248301
промолоть 5,010635 5,010635
спектром 5,010635 5,010635
седло 5,010635 5,010635
подготовить 2,612740 2,612740
миску 3,401197 13,604790
йогуртом 5,010635 10,021271
деревянные 3,912023 3,912023
соотношение 3,624341 3,624341
постоянно 2,371578 2,371578
ингредиенты 1,919593 46,070228
каллиниковшашлык 5,010635 5,010635
кусками 5,010635 30,063812
гранатовый 4,317488 17,269952
способ 2,612740 5,225480
обсуждения 0,013423 0,013423
аджика 5,010635 25,053176
активно 3,064725 3,064725
блокировкой 0,013423 0,040269
кислинку 4,317488 4,317488
приобретет 3,624341 3,624341
специальным 4,317488 8,634976
покрыть 3,912023 7,824046
личными 5,010635 5,010635
новый 0,013423 0,013423
размешать 3,912023 7,824046
особого 3,912023 7,824046
блендер 3,624341 21,746046
доступ 0,013423 0,026846
важный 3,912023 3,912023
видам 5,010635 40,085082
помощью 1,919593 3,839186
должно 2,708050 16,248301
миа 0,013423 0,322152
задать 0,013423 0,013423
автору 0,013423 0,013423
первой 3,064725 3,064725
фольгу 5,010635 5,010635
горчица 4,317488 17,269952
сухая 4,317488 8,634976
солью 3,401197 17,005987
должны 0,013423 0,013423
словам 1,752539 1,752539
сладкий 3,401197 23,808382
г 0,013423 1,369148
д 0,013423 0,067115
кислинка 5,010635 10,021271
стручковый 5,010635 10,021271
политика 0,013423 0,013423
полноценно 5,010635 5,010635
л 2,525729 126,286432
жесткости 5,010635 10,021271
пустит 5,010635 10,021271
т 2,525729 7,577186
применять 5,010635 5,010635
длительном 4,317488 4,317488
течение 0,013423 0,201345
репчатый 3,064725 91,941754
ч 2,612740 52,254800
корейку 4,317488 4,317488
пищевой 3,624341 21,746046
оно 2,302585 16,118096
мин 2,445686 24,456859
вариант 2,371578 9,486312
панциря 4,317488 4,317488
каких 2,525729 2,525729
кефирный 5,010635 10,021271
овощи 2,708050 2,708050
должна 2,525729 5,051457
тонкий 4,317488 4,317488
готовки 1,919593 38,391857
порошок 3,624341 7,248682
небольшое 4,317488 4,317488
жирная 5,010635 5,010635
выбирают 3,912023 3,912023
классический 2,014903 10,074515
время 0,013423 0,389268
легкая 4,317488 8,634976
корейка 5,010635 5,010635
ранее 0,013423 0,013423
восстановления 0,013423 0,013423
придется 2,813411 5,626821
кастрюлях 5,010635 5,010635
сергей 1,609438 6,437752
разблокировать 0,013423 0,040269
город 0,013423 0,013423
народов 3,912023 7,824046
оставлять 4,317488 8,634976
вкусно 2,813411 5,626821
следовать 3,912023 3,912023
армянский 5,010635 10,021271
час 2,813411 14,067054
обращаем 0,013423 0,013423
гранат 5,010635 5,010635
написать 0,013423 0,013423
новостеймолния 0,013423 0,013423
попадают 4,317488 4,317488
собранная 5,010635 10,021271
рту 3,624341 7,248682
одноклассники 0,013423 0,026846
базилик 3,401197 34,011974
получившийся 5,010635 10,021271
нежного 3,624341 7,248682
показать 0,013423 0,013423
кнопку 0,013423 0,013423
хватит 3,624341 10,873023
коммуникаций 0,013423 0,013423
вкусом 2,931194 5,862388
продуктов 3,624341 7,248682
пароль 0,013423 0,080538
уменьшить 3,912023 3,912023
пароля 0,013423 0,053692
металла 5,010635 5,010635
филиппов 2,525729 5,051457
счет 2,445686 2,445686
вход 0,013423 0,013423
ирина 2,931194 5,862388
минимальное 3,624341 3,624341
продукты 0,150823 0,603292
удалено 0,013423 0,013423
толстошеевашашлык 5,010635 5,010635
гаврилова 0,013423 0,013423
размягчить 5,010635 5,010635
соевого 5,010635 20,042541
сочное 5,010635 15,031906
традиционное 3,401197 6,802395
куриное 2,931194 8,793581
постное 5,010635 5,010635
соус 3,401197 78,227540
карри 4,317488 34,539905
болгарским 5,010635 10,021271
расположенному 0,013423 0,026846
смесь 2,445686 36,685289
простых 3,064725 3,064725
интересный 4,317488 8,634976
всем 1,455287 5,821149
просыпать 5,010635 10,021271
банку 3,624341 7,248682
помыть 3,912023 15,648092
нескольким 4,317488 4,317488
небольшую 3,401197 13,604790
меньше 2,708050 8,124151
учредитель 0,013423 0,013423
нескольких 3,064725 3,064725
болгарский 3,624341 7,248682
простые 1,752539 38,555853
добавления 5,010635 5,010635
мое 0,013423 0,026846
неповторимый 4,317488 4,317488
ссылка 0,013423 0,026846
ссылке 0,013423 0,013423
барашка 5,010635 10,021271
нежное 3,912023 7,824046
ссылки 0,013423 0,013423
помочь 0,013423 0,013423
используемые 4,317488 4,317488
кисломолочные 4,317488 8,634976
бренд 3,401197 6,802395
добавлении 5,010635 5,010635
обязательны 0,013423 0,093961
основе 2,525729 12,628643
районе 3,401197 6,802395
шпажках 5,010635 5,010635
среды 3,912023 7,824046
роскомнадзор 0,013423 0,013423
приправ 5,010635 5,010635
пикника 5,010635 5,010635
белка 3,401197 3,401197
среди 2,813411 2,813411
куриные 3,624341 10,873023
блокировался 0,013423 0,013423
придавливать 5,010635 10,021271
несладкий 5,010635 20,042541
становится 2,708050 2,708050
москва 0,006689 0,013378
воспользоваться 0,013423 0,013423
тонкими 2,931194 5,862388
входа 0,013423 0,013423
специфический 4,317488 4,317488
томата 4,317488 4,317488
тертая 4,317488 4,317488
соединить 3,624341 7,248682
моё 0,013423 0,013423
сорт 4,317488 4,317488
добавлять 2,931194 2,931194
результат 3,218876 3,218876
прессом 5,010635 10,021271
холодном 4,317488 8,634976
большое 2,931194 5,862388
шашлык 3,912023 183,865081
схожи 4,317488 4,317488
изначально 3,401197 3,401197
дал 3,401197 6,802395
должен 2,177422 10,887110
пригорел 4,317488 8,634976
которое 2,302585 2,302585
шпажки 4,317488 4,317488
жидким 4,317488 4,317488
впитать 5,010635 5,010635
которой 2,238047 4,476093
политикой 0,013423 0,040269
томаты 3,912023 3,912023
обработки 0,013423 0,026846
даю 0,013423 0,026846
оттенков 3,912023 3,912023
разморозить 4,317488 4,317488
достаточно 2,445686 12,228430
стать 2,302585 2,302585
результата 5,010635 5,010635
обработку 0,013423 0,026846
подойдут 3,624341 10,873023
луку 4,317488 8,634976
нежным 5,010635 45,095718
редакции 0,013423 0,026846
тархун 5,010635 10,021271
стейками 5,010635 5,010635
обращений 0,013423 0,013423
займет 3,912023 3,912023
приобретать 4,317488 4,317488
равные 5,010635 40,085082
обработка 0,013423 0,013423
это 0,013423 0,134230
переложить 3,401197 20,407184
разрезать 3,624341 14,497364
этим 2,238047 4,476093
станет 2,302585 4,605170
вкус 2,120264 12,721581
порезать 3,624341 72,486819
луке 4,317488 4,317488
лимонный 3,218876 12,875503
отжать 5,010635 10,021271
лука 3,218876 35,407634
назвала 2,525729 2,525729
этих 2,302585 2,302585
две 2,177422 4,354844
зерна 4,317488 8,634976
новую 0,013423 0,013423
массовых 0,013423 0,013423
алюминиевых 5,010635 5,010635
салфетками 3,912023 70,416414
йогурт 3,624341 32,619068
йогурте 5,010635 10,021271
пройдена 0,013423 0,013423
семена 4,317488 8,634976
остальное 4,317488 8,634976
зарегистрироваться 0,013423 0,053692
пожаловаться 0,013423 0,013423
лимонным 3,912023 7,824046
новости 0,006689 0,321071
войти 0,013423 0,053692
держать 3,624341 3,624341
черного 3,912023 3,912023
электронной 0,013423 0,013423
особо 3,912023 3,912023
действия 0,013423 0,013423
никитина 5,010635 5,010635
радио 0,274437 0,548874
мягкого 4,317488 103,619715
защита 0,013423 0,013423
регистрация 0,013423 0,040269
минимум 2,612740 5,225480
белок 3,401197 3,401197
использования 0,013423 0,013423
особый 3,218876 6,437752
лить 4,317488 4,317488
восстановление 0,013423 0,040269
пленкой 3,912023 86,064506
вино 3,624341 28,994727
государственное 0,013423 0,013423
завернуть 4,317488 4,317488
молодого 4,317488 4,317488
вина 3,912023 15,648092
ягоды 3,064725 6,129450
изобилии 5,010635 5,010635
вине 2,708050 5,416100
нарезанный 3,064725 12,258901
индюшачья 5,010635 5,010635
затем 1,791759 3,583519
просим 0,013423 0,013423
молодым 5,010635 5,010635
сома 5,010635 10,021271
кефиром 4,317488 8,634976
заблокирован 0,013423 0,013423
кавказскими 5,010635 10,021271
приправлять 5,010635 5,010635
соль 2,120264 110,253704
ошибку 0,013423 0,013423
защиты 0,013423 0,013423
пикантный 5,010635 10,021271
действие 3,218876 3,218876
растолочь 4,317488 8,634976
обращения 0,013423 0,026846
ночь 2,708050 18,956351
мягкие 3,624341 3,624341
лист 3,064725 18,388351
соли 3,401197 3,401197
минут 1,297063 14,267696
ошибка 0,013423 0,013423
практически 2,445686 9,782744
вопрос 0,006689 0,006689
мягким 3,401197 10,203592
самых 1,875141 1,875141
слоями 3,912023 23,472138
мягкий 4,317488 4,317488
подтверждаете 0,013423 0,013423
предпочтений 3,218876 3,218876
вырезку 5,010635 10,021271
получился 3,624341 7,248682
телятины 5,010635 10,021271
ваш 0,013423 0,053692
имя 0,013423 0,067115
кольцами 4,317488 69,079810
присутствовать 5,010635 5,010635
надежного 5,010635 5,010635
имбирь 3,624341 14,497364
блюдо 2,014903 4,029806
срок 0,013423 0,026846
соке 4,317488 8,634976
большие 4,317488 8,634976
технологий 0,013423 0,026846
сока 3,912023 11,736069
чили 4,317488 17,269952
блюда 2,177422 8,709688
суток 3,624341 3,624341
птицы 3,912023 15,648092
самый 2,177422 4,354844
материал 0,013423 0,013423
выбирать 2,708050 13,540251
любого 3,064725 12,258901
распределятся 5,010635 5,010635
самые 2,238047 2,238047
успешно 0,013423 0,013423
вырезка 5,010635 10,021271
салфеток 5,010635 10,021271
большей 4,317488 4,317488
мягкое 3,912023 7,824046
лента 0,006689 0,013378
мчс 3,218876 3,218876
терять 5,010635 5,010635
нотки 3,624341 7,248682
нанизать 5,010635 15,031906
черный 2,708050 27,080502
однородного 4,317488 8,634976
коробок 5,010635 10,021271
веточки 4,317488 8,634976
ребра 5,010635 5,010635
заблокированы 0,013423 0,013423
сфере 0,013423 0,013423
солить 5,010635 25,053176
вустерский 5,010635 20,042541
буквально 3,064725 6,129450
добавит 3,624341 3,624341
свидетельство 0,013423 0,013423
маринада 3,912023 35,208207
правила 0,013423 0,026846
лимоном 3,624341 21,746046
небольшими 4,317488 25,904929
аньков 4,317488 17,269952
перцем 3,912023 35,208207
комментирования 0,013423 0,026846
отверстия 5,010635 5,010635
толстый 5,010635 5,010635
рецептыпростые 2,813411 2,813411
свининой 4,317488 8,634976
легкую 4,317488 4,317488
душистый 3,912023 23,472138
получилась 3,912023 7,824046
пресс 0,013423 0,013423
укроп 2,612740 5,225480
ребрышки 4,317488 4,317488
развести 3,912023 3,912023
нужен 3,064725 18,388351
применения 0,013423 0,013423
сочного 3,912023 93,888552
шашлыки 3,624341 10,873023
соевый 4,317488 64,762322
гарантия 4,317488 103,619715
персональных 0,013423 0,107384
шашлыка 3,912023 203,425196
произошла 0,013423 0,013423
маринады 4,317488 125,207155
готовый 3,218876 3,218876
качественное 4,317488 4,317488
дата 0,013423 0,013423
ваше 0,013423 0,107384
шашлыку 5,010635 10,021271
сочным 3,912023 27,384161
сайте 0,013423 0,013423
простор 4,317488 4,317488
маринаду 5,010635 15,031906
ваши 0,013423 0,013423
сочный 3,624341 7,248682
разнообразных 4,317488 4,317488
восстановить 0,013423 0,013423
существует 2,612740 5,225480
маринаде 4,317488 25,904929
укропа 3,218876 6,437752
ракообразных 5,010635 5,010635
каллиников 3,401197 17,005987
оздоровительного 5,010635 5,010635
жаркой 5,010635 20,042541
аджикой 5,010635 20,042541
вопроса 0,013423 0,013423
порвать 5,010635 10,021271
свиное 5,010635 10,021271
россия 0,006689 0,341138
простой 2,120264 12,721581
кролику 5,010635 10,021271
используют 3,218876 9,656627
рассказали 2,066196 2,066196
майонезе 5,010635 10,021271
животного 4,317488 4,317488
экспериментов 5,010635 10,021271
свои 2,445686 2,445686
майонеза 3,624341 7,248682
рассказала 2,445686 2,445686
рыбы 3,624341 7,248682
получиться 4,317488 8,634976
луковое 5,010635 20,042541
нотку 4,317488 8,634976
насечки 4,317488 4,317488
регистрации 0,013423 0,026846
кефире 3,064725 6,129450
рыбу 3,401197 3,401197
решетки 5,010635 5,010635
столовая 4,317488 8,634976
замоченные 5,010635 5,010635
дополнил 5,010635 5,010635
сайт 0,013423 0,026846
станут 3,218876 3,218876
полезные 3,401197 3,401197
правильно 2,066196 6,198589
слегка 2,708050 27,080502
специй 3,401197 3,401197
другое 0,013423 0,013423
трех 2,177422 2,177422
наполниться 5,010635 5,010635
питания 3,218876 3,218876
добавляют 3,064725 6,129450
специи 3,218876 22,532131
поддерживаетсяполучить 0,013423 0,013423
перец 2,525729 169,223819
рыба 4,317488 17,269952
участвуют 5,010635 5,010635
двух 2,014903 2,014903
дополнит 4,317488 8,634976
подойдет 3,401197 47,616763
передержать 4,317488 4,317488
лавровый 3,401197 20,407184
кулинаров 2,931194 14,655969
отправки 0,013423 0,013423
пригодиться 5,010635 5,010635
лавровые 5,010635 10,021271
сухое 5,010635 25,053176
подходят 4,317488 4,317488
держаться 5,010635 5,010635
почистить 3,912023 39,120230
сухой 3,218876 6,437752
унитарному 0,013423 0,026846
предпочтительных 5,010635 5,010635
сочностью 5,010635 5,010635
обновлено 1,003302 1,003302
кетчуп 5,010635 25,053176
кефира 3,624341 7,248682
выберите 0,013423 0,040269
медовая 4,317488 8,634976
чеснока 4,317488 38,857393
масла 3,064725 21,453076
дно 5,010635 10,021271
луковицу 5,010635 10,021271
помидоры 3,064725 6,129450
гунеев 4,317488 8,634976
пивной 5,010635 10,021271
зелени 3,912023 3,912023
масло 2,302585 50,656872
луковицы 4,317488 17,269952
планируется 3,624341 3,624341
кожурой 4,317488 8,634976
защитой 0,013423 0,026846
мясного 4,317488 4,317488
размера 2,708050 5,416100
потребуется 2,813411 8,440232
медиабанкбрусника 5,010635 5,010635
среднем 2,931194 2,931194
авторизация 0,013423 0,013423
логином 0,013423 0,013423
форма 0,013423 0,026846
рейтинг 0,006689 0,006689
галочку 0,013423 0,013423
мяты 4,317488 8,634976
зелень 2,708050 5,416100
мяту 3,064725 6,129450
несмотря 2,708050 2,708050
любое 2,931194 5,862388
способы 0,013423 0,026846
оригинальные 2,445686 2,445686
любой 2,445686 2,445686
мята 4,317488 12,952464
отличаться 3,912023 7,824046
мясом 2,931194 5,862388
растительного 3,912023 3,912023
мелко 2,525729 5,051457
дискуссии 0,013423 0,026846
мясу 3,912023 144,744851
позволяет 2,445686 7,337058
грудку 4,317488 4,317488
унитарное 0,013423 0,013423
мясо 2,931194 407,435932
придаст 3,218876 3,218876
успевают 4,317488 4,317488
формы 3,218876 12,875503
оставляют 4,317488 4,317488
форму 0,013423 0,093961
тема 0,013423 0,040269
маринад 5,010635 486,031624
мясе 5,010635 5,010635
здорового 5,010635 5,010635
сих 2,931194 5,862388
мяса 3,401197 204,071843
дали 3,624341 14,497364
рекомендательных 0,013423 0,013423
фруктовый 3,912023 3,912023
около 2,177422 8,709688
данная 0,013423 0,013423
волокнистому 5,010635 5,010635
баранины 5,010635 50,106353
своими 2,931194 5,862388
проставляя 0,013423 0,013423
заполнения 0,013423 0,093961
придавить 5,010635 10,021271
эстрагоном 5,010635 20,042541
лосося 5,010635 5,010635
приготовлением 3,624341 14,497364
службе 0,013423 0,013423
медиабанк 1,321756 10,574047
движении 5,010635 5,010635
осторожно 3,912023 11,736069
релизов 0,013423 0,013423
жестче 4,317488 8,634976
людковская 5,010635 5,010635
баранине 5,010635 20,042541
баранина 5,010635 20,042541
ваших 0,013423 0,026846
частей 3,401197 20,407184
ко 2,177422 4,354844
проседать 5,010635 5,010635
которые 1,455287 2,910574
говядиной 4,317488 17,269952
прекрасно 3,218876 6,437752
аромат 3,401197 3,401197
который 1,160488 5,802438
избавиться 3,624341 7,248682
убрать 2,525729 58,091759
произвольной 3,912023 15,648092
легкий 3,064725 3,064725
холодильник 3,218876 64,377516
классике 5,010635 5,010635
переедания 5,010635 5,010635
приготовлении 2,813411 2,813411
сухим 5,010635 15,031906
молотой 4,317488 4,317488
например 1,714798 8,573992
диетический 5,010635 5,010635
приготовление 1,966113 43,254483
кислотных 5,010635 5,010635
обсушить 4,317488 43,174881
поперчить 3,401197 27,209579
правил 0,013423 0,053692
авторизоваться 0,013423 0,013423
авторизуйтесь 0,013423 0,013423
чашках 4,317488 4,317488
выбрать 2,612740 2,612740
случае 1,714798 1,714798
расширенный 0,013423 0,013423
сито 3,401197 6,802395
паста 3,912023 3,912023
жарить 3,624341 7,248682
правильный 4,317488 4,317488
свежая 3,401197 20,407184
новыесначала 0,013423 0,013423
грудка 4,317488 12,952464
несколько 1,752539 15,772849
сверху 3,064725 36,776702
приготовления 1,791759 5,375278
посолить 3,064725 52,100327
мл 2,612740 20,901920
блендером 4,317488 17,269952
примерно 2,177422 4,354844
продолговатые 5,010635 10,021271
просушить 5,010635 40,085082
получившуюся 4,317488 8,634976
лучшего 5,010635 5,010635
добавлением 3,064725 3,064725
участие 0,006689 0,006689
свежий 3,401197 6,802395
анна 2,931194 5,862388
опечатка 0,013423 0,013423
выбор 2,813411 2,813411
использовать 0,013423 0,214768
самостоятельно 2,708050 2,708050
мезенском 5,010635 10,021271
каждый 2,120264 6,360791
онлайн 0,013423 0,013423
нежирных 5,010635 5,010635
выбора 3,912023 3,912023
получится 2,813411 14,067054
шашлыков 5,010635 5,010635
контактов 0,013423 0,013423
апреля 0,013423 0,026846
идеальный 3,401197 6,802395
емкость 3,401197 23,808382
поваров 3,624341 3,624341
сок 2,931194 61,555069
независимо 3,624341 3,624341
количество 2,238047 8,952186
нами 0,013423 0,093961
отдельной 3,401197 20,407184
жарятся 4,317488 4,317488
жиры 2,371578 2,371578
порубить 3,912023 7,824046
вакансии 0,013423 0,013423
переворачивая 5,010635 5,010635
месте 2,302585 13,815511
нажимая 0,013423 0,013423
вами 0,013423 0,013423
недопустимое 0,013423 0,013423
переходить 4,317488 17,269952
емкости 3,624341 7,248682
жира 3,912023 11,736069
жарки 4,317488 8,634976
подчеркнуть 3,912023 11,736069
истек 0,013423 0,013423
подходящих 5,010635 5,010635
появления 2,612740 5,225480
металлическую 5,010635 10,021271
уксуса 3,912023 15,648092
жарке 5,010635 20,042541
дает 3,064725 3,064725
попробовать 3,624341 7,248682
предприятию 0,013423 0,026846
раздавить 5,010635 10,021271
горчицы 4,317488 4,317488
лишнюю 5,010635 20,042541
внимание 0,013423 0,013423
готовое 3,912023 3,912023
принимать 0,013423 0,013423
свежевыжатый 5,010635 5,010635
сможете 0,013423 0,013423
горчицу 3,912023 15,648092
года 0,006689 0,006689
смешать 3,064725 79,682854
зубчик 3,912023 7,824046
пакетам 5,010635 10,021271
ознакомлены 0,013423 0,013423
огне 2,708050 10,832201
моих 0,013423 0,026846
рецептышашлыкобществороссияеда 5,010635 5,010635
очень 1,678431 6,713723
шашлычки 5,010635 5,010635
свежее 5,010635 15,031906
предприятие 0,013423 0,013423
киви 5,010635 60,127624
смазать 3,064725 9,194175
старого 5,010635 5,010635
кости 4,317488 4,317488
нуждаются 4,317488 12,952464
