формочках 5,010635 5,010635
мороженица 5,010635 20,042541
законным 0,013423 0,013423
вкусное 3,624341 10,873023
день 1,203973 2,407946
экономия 4,317488 4,317488
лед 3,218876 9,656627
основанием 0,013423 0,013423
найти 0,013423 0,040269
отдыха 3,912023 3,912023
текстура 4,317488 8,634976
мороженице 5,010635 25,053176
письмо 0,013423 0,013423
спасибо 0,013423 0,013423
стал 2,120264 4,240527
ингредиентов 2,612740 10,450960
формочкам 5,010635 10,021271
мороженицы 5,010635 20,042541
домашнюю 5,010635 10,021271
воды 2,445686 2,445686
текстуру 3,218876 19,313255
см 2,931194 5,862388
отличная 5,010635 10,021271
согласие 0,013423 0,026846
центр 0,190354 0,190354
ст 2,813411 11,253643
кастрюле 3,064725 6,129450
пузырьки 3,912023 7,824046
удобную 4,317488 8,634976
одно 2,371578 4,743156
связаться 0,013423 0,080538
таких 2,371578 2,371578
вода 2,525729 5,051457
одна 2,612740 2,612740
реклама 0,190354 0,190354
воде 2,014903 4,029806
немного 2,177422 8,709688
фото 0,013423 0,322152
стенкам 5,010635 10,021271
связь 0,006689 0,013378
любите 5,010635 5,010635
черника 4,317488 8,634976
водой 2,445686 4,891372
готово 0,013423 0,107384
кастрюлю 2,445686 4,891372
представлены 3,624341 3,624341
рецепта 2,931194 2,931194
лопаткой 5,010635 10,021271
главные 2,931194 2,931194
информационных 0,013423 0,013423
лишнего 3,624341 7,248682
рецепте 3,401197 6,802395
размещения 0,013423 0,013423
пор 2,708050 2,708050
венчика 4,317488 8,634976
перемешать 2,525729 58,091759
конфиденциальности 0,013423 0,053692
покупного 5,010635 5,010635
связи 0,013423 0,093961
заголовок 0,013423 0,026846
сладостей 3,218876 3,218876
итальянские 4,317488 4,317488
шаг 1,875141 163,137274
сложность 2,931194 43,967906
процесса 0,013423 0,013423
адресу 0,013423 0,026846
получается 3,064725 9,194175
проблему 0,013423 0,013423
сорбетах 5,010635 5,010635
текстуры 3,912023 15,648092
выпечки 2,708050 37,912703
рецепты 1,139434 26,206989
отмечает 1,966113 11,796677
быстро 2,177422 10,887110
данных 0,013423 0,107384
гастрофестивали 5,010635 5,010635
создавать 3,624341 3,624341
популярен 4,317488 4,317488
застывать 5,010635 10,021271
письма 0,013423 0,013423
представлено 5,010635 80,170165
летом 3,218876 9,656627
десерт 3,218876 154,506040
главным 3,912023 3,912023
быстрое 4,317488 8,634976
часов 0,013423 0,174499
соглашаетесь 0,013423 0,013423
поставщики 4,317488 4,317488
фруктов 4,317488 12,952464
очистить 2,612740 15,676440
готовить 2,445686 14,674116
эмульсии 5,010635 10,021271
главный 0,013423 0,013423
данные 0,013423 0,013423
максимально 3,401197 6,802395
также 1,139434 1,139434
пряник 5,010635 10,021271
достигается 5,010635 10,021271
италия 2,708050 40,620753
фотографию 0,013423 0,013423
предварительно 2,931194 5,862388
легко 1,791759 10,750557
отправлено 0,013423 0,013423
снова 2,612740 49,642060
рассказывает 2,371578 2,371578
сначала 0,013423 0,040269
рима 5,010635 10,021271
растает 5,010635 5,010635
морозильной 4,317488 8,634976
начать 3,218876 6,437752
часа 1,875141 22,501693
кофейных 5,010635 10,021271
замороженная 5,010635 10,021271
слой 3,218876 9,656627
удалить 2,931194 11,724775
перейдите 0,013423 0,013423
закрыть 3,912023 23,472138
успела 4,317488 8,634976
июня 2,066196 4,132393
клубничные 5,010635 10,021271
закрыто 0,013423 0,013423
сколько 0,006689 0,006689
материалов 0,013423 0,040269
отправлена 0,013423 0,013423
придает 3,218876 6,437752
италии 2,525729 5,051457
холодильнике 2,813411 11,253643
чате 0,013423 0,013423
кожуры 3,064725 12,258901
сгущенкой 5,010635 20,042541
постепенно 2,931194 5,862388
вишни 4,317488 8,634976
чату 0,013423 0,013423
редакцией 0,013423 0,013423
количеством 3,624341 7,248682
полностью 2,014903 10,074515
самостоятельным 5,010635 5,010635
измельченный 3,401197 6,802395
ягодами 3,401197 23,808382
длительного 4,317488 8,634976
аквафабу 5,010635 10,021271
часть 1,919593 9,597964
рассмотрены 0,013423 0,013423
минуты 2,931194 5,862388
поливали 5,010635 5,010635
аквафабе 5,010635 30,063812
последний 3,401197 6,802395
каждому 3,218876 6,437752
ванильный 5,010635 50,106353
нарезать 2,445686 24,456859
говорит 2,014903 12,089418
ванильным 5,010635 5,010635
миксером 5,010635 60,127624
аквафаба 5,010635 30,063812
вишню 5,010635 40,085082
выложить 2,708050 32,496602
часто 2,371578 2,371578
перетяните 0,013423 0,013423
крема 4,317488 8,634976
архив 0,190354 0,190354
вишня 4,317488 17,269952
поесть 4,317488 4,317488
застывшее 5,010635 10,021271
инвентаря 5,010635 10,021271
заморозки 5,010635 40,085082
различными 4,317488 8,634976
ошибках 0,013423 0,013423
энергетическая 4,317488 4,317488
добраться 4,317488 8,634976
вафельных 5,010635 10,021271
шт 2,238047 49,237025
процесс 2,014903 2,014903
залить 2,708050 13,540251
растительное 3,064725 6,129450
выпуска 0,013423 0,013423
списка 0,013423 0,013423
формой 0,013423 0,053692
хочется 3,401197 3,401197
самая 2,177422 2,177422
пудру 4,317488 17,269952
взрослых 3,218876 3,218876
усилий 3,912023 7,824046
разрезанный 5,010635 10,021271
хранить 3,218876 3,218876
качестве 2,708050 10,832201
морозильные 5,010635 5,010635
повторить 3,401197 20,407184
конфорку 5,010635 10,021271
подержать 3,912023 7,824046
пудра 4,317488 17,269952
руками 3,218876 3,218876
богатого 5,010635 10,021271
сохранило 5,010635 10,021271
горячую 4,317488 8,634976
врач 2,931194 2,931194
взрослым 4,317488 8,634976
федеральное 0,013423 0,013423
федеральной 0,013423 0,013423
команда 3,912023 23,472138
международное 0,013423 0,040269
поставить 2,525729 37,885930
сливками 3,912023 31,296184
будут 0,013423 0,013423
посыпать 2,931194 11,724775
новостей 0,006689 0,006689
стекают 5,010635 10,021271
свернутся 5,010635 10,021271
понадобятся 3,064725 6,129450
орехи 4,317488 17,269952
пробить 5,010635 20,042541
застынет 5,010635 10,021271
мелкое 4,317488 8,634976
вкусу 2,066196 88,846442
нужно 1,455287 46,569191
системы 2,302585 2,302585
консистенции 3,624341 10,873023
взбивать 5,010635 30,063812
любые 3,624341 10,873023
обратной 0,013423 0,067115
подкасты 0,292136 0,292136
добавок 4,317488 4,317488
найскрим 5,010635 20,042541
вкуса 2,445686 12,228430
оглавление 1,791759 1,791759
сливочно 5,010635 20,042541
доска 4,317488 8,634976
куликовой 5,010635 40,085082
огонь 2,708050 32,496602
любых 4,317488 8,634976
ритейлера 5,010635 5,010635
слово 3,912023 7,824046
молоком 4,317488 8,634976
еда 2,177422 32,661329
описанием 0,013423 0,013423
взять 2,931194 11,724775
зип 5,010635 5,010635
кондитеры 5,010635 5,010635
вылить 3,912023 43,032253
аккуратными 3,912023 7,824046
белого 3,218876 3,218876
используется 0,013423 0,013423
деревянной 3,624341 7,248682
менять 4,317488 8,634976
крупно 3,624341 7,248682
пряника 5,010635 10,021271
вкусы 4,317488 4,317488
кристаллики 5,010635 20,042541
чашу 3,912023 46,944276
безопасное 5,010635 10,021271
мире 0,274437 1,097747
массу 3,401197 74,826342
эл 0,013423 0,013423
теплые 4,317488 8,634976
дзен 0,851752 0,851752
столу 3,064725 6,129450
массы 3,624341 21,746046
кокосовый 5,010635 20,042541
остывшую 4,317488 17,269952
чаще 2,612740 7,838220
твердых 5,010635 10,021271
почему 0,013423 0,013423
кокосовые 5,010635 50,106353
вопросам 0,013423 0,026846
собирает 5,010635 5,010635
идут 3,401197 3,401197
добавить 2,238047 85,045770
вкусный 3,064725 6,129450
деглазировать 5,010635 10,021271
значит 2,612740 5,225480
вконтакте 0,013423 0,026846
сахарная 4,317488 17,269952
взбитую 5,010635 10,021271
примеру 3,624341 3,624341
вверх 3,912023 7,824046
навсегда 0,013423 0,013423
нарушение 0,013423 0,040269
контейнер 3,912023 86,064506
даче 5,010635 5,010635
застыл 5,010635 10,021271
замерз 5,010635 5,010635
начнут 3,912023 7,824046
плоская 5,010635 10,021271
объединения 4,317488 8,634976
вкраплениями 5,010635 10,021271
назад 0,013423 0,067115
остудить 3,218876 25,751007
ванильного 4,317488 8,634976
продолжать 4,317488 8,634976
приобретением 5,010635 5,010635
дополнение 3,624341 7,248682
знаком 3,912023 7,824046
полная 3,624341 3,624341
фруктовое 4,317488 25,904929
проварить 3,912023 7,824046
слабый 4,317488 8,634976
полуавтоматические 5,010635 5,010635
зубовский 0,013423 0,026846
добавки 3,624341 7,248682
придётся 5,010635 10,021271
заполнить 0,013423 0,040269
французские 5,010635 5,010635
сборка 4,317488 4,317488
желанию 3,218876 16,094379
осуществляется 0,013423 0,013423
пюре 3,064725 39,841427
похоже 2,931194 5,862388
другие 0,013423 0,053692
общество 0,265703 4,251251
главное 1,752539 3,505078
ромом 5,010635 20,042541
постоянном 4,317488 17,269952
ягодное 4,317488 17,269952
кондитером 5,010635 80,170165
надзору 0,013423 0,013423
процедить 3,401197 13,604790
промыть 2,708050 5,416100
издание 0,013423 0,013423
летнего 3,218876 6,437752
бульвар 0,013423 0,026846
морозильную 4,317488 43,174881
хотите 0,013423 0,013423
заполните 0,013423 0,067115
напрямую 3,218876 3,218876
сетевое 0,013423 0,013423
состояния 2,612740 10,450960
охлаждения 3,401197 6,802395
безлактозные 5,010635 10,021271
вновь 0,013423 0,013423
сменить 0,013423 0,013423
стоит 1,714798 3,429597
рецептом 3,624341 21,746046
участвовать 0,013423 0,026846
сообщить 0,013423 0,013423
выходя 5,010635 5,010635
топинамбура 4,317488 60,444834
лактозу 5,010635 10,021271
куликовоймороженое 5,010635 35,074447
пекан 5,010635 5,010635
дном 4,317488 25,904929
скриншот 0,013423 0,040269
стаканчик 5,010635 10,021271
варианты 2,708050 2,708050
косточку 4,317488 8,634976
популярные 2,445686 7,337058
яйцо 2,612740 5,225480
приготовить 2,014903 32,238448
темный 4,317488 8,634976
поверхности 3,218876 6,437752
спорт 0,190354 0,190354
помешать 5,010635 10,021271
лишних 5,010635 10,021271
пломбире 5,010635 5,010635
пломбира 5,010635 25,053176
косточки 4,317488 17,269952
четыре 2,612740 5,225480
жирностью 3,912023 7,824046
камеры 5,010635 10,021271
стало 2,813411 5,626821
хладагент 5,010635 5,010635
взаимодействия 0,013423 0,026846
ложку 3,624341 7,248682
камеру 4,317488 43,174881
ложки 2,931194 5,862388
авокадо 3,218876 38,626510
миндальными 5,010635 5,010635
пряный 4,317488 8,634976
сохранить 0,013423 0,013423
информационное 0,013423 0,040269
состава 4,317488 4,317488
стала 2,813411 5,626821
составе 3,218876 9,656627
поддон 5,010635 10,021271
являются 3,218876 3,218876
посуду 2,813411 5,626821
стали 2,612740 5,225480
сделало 4,317488 4,317488
составу 3,912023 3,912023
меда 4,317488 4,317488
кристаллов 5,010635 5,010635
федеральному 0,013423 0,026846
сливочное 3,401197 20,407184
появился 3,401197 3,401197
поможет 2,525729 5,051457
женщина 2,813411 2,813411
нахождения 3,912023 7,824046
важно 2,120264 19,082372
полное 3,401197 3,401197
пополам 3,624341 21,746046
впервые 2,238047 2,238047
чайныю 5,010635 10,021271
фио 0,013423 0,013423
оставить 2,445686 29,348231
ситилинк 5,010635 5,010635
разбить 5,010635 30,063812
пожалуйста 0,013423 0,013423
обеспечивает 3,624341 3,624341
тарелка 5,010635 10,021271
освежающей 5,010635 10,021271
эскимо 4,317488 25,904929
кусочки 2,931194 17,587163
необходимо 1,791759 8,958797
ниже 0,013423 0,040269
версия 0,013423 0,013423
разнообразить 4,317488 4,317488
снизу 3,912023 7,824046
взбить 3,624341 101,481546
спустя 2,813411 11,253643
поля 0,013423 0,093961
шесть 2,708050 5,416100
измельчить 3,401197 17,005987
аккуратно 2,813411 22,507286
пергаментом 4,317488 8,634976
государственному 0,013423 0,026846
популярный 3,912023 7,824046
густой 3,624341 7,248682
ломтики 3,624341 7,248682
карамелизованными 5,010635 5,010635
популярным 5,010635 5,010635
спортивного 5,010635 10,021271
ягод 3,401197 17,005987
европе 2,238047 2,238047
влить 3,401197 20,407184
бананов 3,912023 7,824046
поле 0,013423 0,013423
дома 2,238047 11,190233
ванильное 4,317488 8,634976
зарегистрировано 0,013423 0,013423
полуавтоматической 5,010635 5,010635
особенность 3,401197 6,802395
положить 2,612740 10,450960
туризм 0,283247 4,815207
различается 5,010635 5,010635
адрес 0,013423 0,040269
дольками 3,624341 7,248682
соответствии 0,013423 0,026846
брюле 5,010635 30,063812
сливочную 4,317488 8,634976
листики 5,010635 10,021271
загрузите 0,013423 0,013423
сообщения 0,013423 0,053692
шоколада 5,010635 5,010635
европа 2,371578 35,573669
полученную 3,401197 20,407184
мелкие 3,064725 6,129450
загрузить 0,013423 0,013423
направлении 0,013423 0,013423
отрегулировать 4,317488 8,634976
замеченных 0,013423 0,013423
телефон 0,013423 0,013423
виды 2,813411 8,440232
густоты 4,317488 8,634976
иначе 2,931194 11,724775
сочетание 3,218876 6,437752
пока 1,919593 5,758779
пергамент 5,010635 5,010635
период 1,160488 1,160488
сочетании 5,010635 20,042541
сочетания 3,401197 3,401197
самого 3,401197 6,802395
грецкий 5,010635 5,010635
текстурой 4,317488 12,952464
сладости 3,624341 10,873023
автор 3,218876 3,218876
отвар 3,624341 14,497364
сообщение 0,013423 0,134230
вида 2,931194 2,931194
лактионова 5,010635 5,010635
мятой 3,912023 15,648092
кремовую 4,317488 21,587441
старые 0,013423 0,013423
поясняет 2,371578 18,972624
достать 3,401197 68,023948
виде 2,177422 4,354844
кроме 1,919593 5,758779
карамельным 5,010635 10,021271
остальные 3,624341 7,248682
попробуйте 0,013423 0,013423
подавать 2,708050 29,788552
арахис 5,010635 10,021271
фасоли 4,317488 8,634976
блогер 4,317488 4,317488
самую 4,317488 8,634976
снять 2,708050 21,664402
эксперт 1,678431 6,713723
добавили 4,317488 4,317488
греческий 3,218876 6,437752
посуда 4,317488 17,269952
порционных 5,010635 5,010635
статьи 0,013423 0,013423
подтвердите 0,013423 0,013423
вкусовых 3,624341 7,248682
ванилью 5,010635 10,021271
мороженому 5,010635 20,042541
растворился 4,317488 8,634976
перетащите 0,013423 0,040269
материале 0,013423 0,040269
процедуру 3,218876 19,313255
культура 0,292136 0,292136
порционные 3,912023 3,912023
материала 0,013423 0,026846
орехами 3,912023 7,824046
происшествия 0,292136 0,292136
вашего 0,013423 0,013423
паролем 0,013423 0,013423
молочное 4,317488 8,634976
лимона 3,064725 24,517801
арахисом 5,010635 10,021271
зарегистрируйтесь 0,013423 0,013423
обо 0,013423 0,013423
ассортимент 4,317488 4,317488
основой 5,010635 15,031906
незнакомо 5,010635 10,021271
появятся 3,912023 15,648092
экстракта 5,010635 10,021271
зависит 2,371578 7,114734
творчества 5,010635 5,010635
редактор 0,013423 0,013423
покрыла 5,010635 5,010635
кокосовое 5,010635 20,042541
вкусами 5,010635 5,010635
фгуп 0,499776 7,496637
кусочков 3,912023 7,824046
контакт 5,010635 10,021271
сладкая 3,218876 6,437752
комнатной 3,218876 38,626510
отправленного 0,013423 0,013423
дождаться 3,912023 7,824046
следить 3,624341 7,248682
связанные 0,013423 0,013423
стоят 3,401197 3,401197
тщательно 2,445686 7,337058
сделать 1,752539 10,515233
обратная 0,013423 0,026846
интенсивно 4,317488 8,634976
риа 0,006689 0,120402
различные 2,931194 2,931194
легче 4,317488 8,634976
оцените 5,010635 10,021271
связанных 0,013423 0,013423
опишите 0,013423 0,013423
раза 3,218876 19,313255
меняется 4,317488 4,317488
таймер 4,317488 4,317488
средне 2,813411 25,320696
ларьках 5,010635 5,010635
мятно 5,010635 10,021271
крышкой 3,218876 32,188758
почты 0,013423 0,013423
струйкой 4,317488 8,634976
мая 1,832581 3,665163
сотейнике 5,010635 30,063812
клубничное 5,010635 30,063812
сахар 2,612740 86,220421
пряником 5,010635 10,021271
агентство 0,013423 0,040269
сиропа 5,010635 5,010635
подобрать 3,401197 6,802395
крупные 3,912023 19,560115
растопить 5,010635 15,031906
советы 1,752539 5,257616
остались 4,317488 8,634976
агентства 0,013423 0,013423
сегодня 0,013423 0,268460
вместо 2,813411 2,813411
предпочтениям 5,010635 10,021271
температуре 2,813411 16,880464
сразу 1,832581 5,497744
самое 2,708050 13,540251
перевернуть 3,624341 7,248682
лёд 4,317488 4,317488
отмечают 2,525729 5,051457
семи 4,317488 4,317488
аллергиков 5,010635 5,010635
схватится 5,010635 10,021271
температуры 3,218876 19,313255
такое 1,875141 7,500564
замешать 5,010635 5,010635
долгое 3,912023 7,824046
протеин 5,010635 10,021271
шапка 0,013423 0,013423
крахмала 4,317488 8,634976
отправить 0,013423 0,335576
продолжить 0,013423 0,013423
решении 0,013423 0,013423
вариации 4,317488 4,317488
накануне 3,218876 6,437752
летние 4,317488 4,317488
загустения 5,010635 30,063812
благодаря 2,302585 4,605170
воспользуйтесь 0,013423 0,040269
летний 3,218876 9,656627
аккаунт 0,013423 0,053692
экономика 0,292136 0,292136
совершенно 3,624341 3,624341
состав 2,525729 7,577186
обсуждение 0,013423 0,013423
уверенность 5,010635 5,010635
блокировки 0,013423 0,013423
сложно 3,218876 6,437752
которая 1,643339 1,643339
кукурузный 4,317488 8,634976
семян 4,317488 17,269952
называют 3,624341 7,248682
почта 0,013423 0,080538
небольшие 3,401197 6,802395
рецепт 1,544899 18,538793
молочную 5,010635 10,021271
полезного 3,912023 7,824046
ягодные 5,010635 5,010635
холодные 3,912023 7,824046
фамилия 0,013423 0,013423
сливочным 3,912023 3,912023
школы 3,064725 27,582526
повара 2,302585 2,302585
требующий 5,010635 10,021271
малиновое 5,010635 10,021271
ягодным 5,010635 5,010635
яндекс 0,013423 0,026846
татьяна 3,064725 36,776702
сливочный 4,317488 4,317488
удалили 0,013423 0,040269
ягодный 3,912023 7,824046
холодный 3,401197 6,802395
либо 0,013423 0,040269
остыть 2,813411 14,067054
дойдете 5,010635 5,010635
ягодных 5,010635 10,021271
согласно 2,371578 4,743156
аккаунту 0,013423 0,013423
коровьи 5,010635 10,021271
заменителей 5,010635 10,021271
открываемого 0,013423 0,026846
коровье 5,010635 10,021271
накрыть 3,401197 13,604790
нагреть 5,010635 10,021271
поиск 0,013423 0,013423
ксения 3,401197 3,401197
белком 4,317488 8,634976
согласны 0,013423 0,040269
ингредиента 3,912023 7,824046
мед 3,401197 17,005987
сладкоежек 5,010635 5,010635
мороженого 3,624341 152,222319
мороженым 5,010635 15,031906
рекламы 0,013423 0,013423
густым 5,010635 10,021271
холода 5,010635 10,021271
настояться 3,218876 6,437752
следует 2,066196 4,132393
планетарным 5,010635 10,021271
размораживая 4,317488 8,634976
миски 5,010635 10,021271
миске 2,708050 5,416100
миску 3,401197 13,604790
постоянно 2,371578 18,972624
кремовой 5,010635 40,085082
ром 5,010635 20,042541
ингредиенты 1,919593 40,311450
своих 2,612740 2,612740
ломтиками 3,218876 6,437752
своим 2,612740 5,225480
обсуждения 0,013423 0,013423
блокировкой 0,013423 0,040269
сгущенное 4,317488 34,539905
баночках 5,010635 5,010635
кислинку 4,317488 8,634976
готов 2,371578 4,743156
детства 3,064725 12,258901
местные 3,624341 3,624341
нижнюю 4,317488 8,634976
дальнейшем 3,624341 7,248682
новый 0,013423 0,013423
орех 4,317488 4,317488
новые 1,643339 1,643339
фрукты 4,317488 21,587441
мороженицах 5,010635 5,010635
веганов 5,010635 5,010635
ещё 3,218876 12,875503
сладким 3,624341 3,624341
подачу 3,218876 3,218876
сладкого 4,317488 4,317488
перегреть 5,010635 10,021271
блендер 3,624341 28,994727
знакома 5,010635 5,010635
фруктового 3,624341 10,873023
любая 3,912023 7,824046
шоколадное 5,010635 30,063812
менее 2,177422 6,532266
доступ 0,013423 0,026846
помощью 1,919593 15,356743
миа 0,013423 0,228191
решили 3,218876 3,218876
охладиться 4,317488 8,634976
задать 0,013423 0,013423
теги 0,190354 0,190354
автору 0,013423 0,013423
покупателем 5,010635 5,010635
аллергия 5,010635 10,021271
должны 0,013423 0,013423
повеселиться 5,010635 5,010635
г 0,013423 0,644305
д 0,013423 0,040269
варить 2,445686 4,891372
кому 2,371578 2,371578
сладкие 3,218876 6,437752
карамель 5,010635 15,031906
политика 0,013423 0,026846
шоколадном 5,010635 5,010635
пышной 5,010635 20,042541
л 2,525729 15,154372
исследование 5,010635 5,010635
т 2,525729 2,525729
течение 0,013423 0,040269
ягода 4,317488 8,634976
китай 2,177422 2,177422
магазинах 4,317488 4,317488
запаха 4,317488 8,634976
потрясающую 5,010635 10,021271
бредис 4,317488 25,904929
выращиваются 5,010635 5,010635
пищевой 3,624341 7,248682
оно 2,302585 32,236191
щербет 5,010635 5,010635
льда 3,624341 32,619068
растворения 4,317488 17,269952
полного 3,218876 6,437752
веганское 5,010635 10,021271
миф 5,010635 5,010635
большую 3,064725 6,129450
бананового 3,624341 7,248682
карамели 4,317488 21,587441
марсианская 5,010635 10,021271
гладкой 4,317488 8,634976
готовки 1,919593 3,839186
поместить 3,624341 10,873023
порошок 3,624341 21,746046
небольшое 4,317488 21,587441
абсолютно 3,624341 7,248682
классический 2,014903 4,029806
время 0,013423 0,080538
востоке 3,912023 3,912023
охладить 3,624341 7,248682
автоматические 5,010635 5,010635
татьяной 5,010635 80,170165
желток 3,912023 7,824046
шоколадного 4,317488 17,269952
ранее 0,013423 0,013423
восстановления 0,013423 0,013423
классические 3,064725 3,064725
автоматических 5,010635 5,010635
небольшом 3,624341 7,248682
вручную 4,317488 8,634976
свежесть 4,317488 8,634976
разблокировать 0,013423 0,040269
город 0,013423 0,013423
молочные 3,912023 7,824046
следовать 3,912023 3,912023
кондитер 5,010635 45,095718
добавляя 3,912023 3,912023
час 2,813411 39,387750
обращаем 0,013423 0,013423
удобно 3,401197 3,401197
стаканчиках 5,010635 10,021271
заменитель 5,010635 10,021271
написать 0,013423 0,013423
новостеймолния 0,013423 0,013423
молочным 3,912023 3,912023
чаш 5,010635 5,010635
одноклассники 0,013423 0,026846
популярное 3,218876 3,218876
молочных 4,317488 8,634976
первую 2,238047 4,476093
заключительный 5,010635 10,021271
получения 2,445686 14,674116
помешивая 3,401197 27,209579
показать 0,013423 0,013423
кнопку 0,013423 0,013423
вкусов 3,912023 3,912023
инструкции 3,064725 12,258901
коммуникаций 0,013423 0,013423
продукта 3,401197 3,401197
вкусом 2,931194 17,587163
отсутствие 2,612740 2,612740
продуктов 3,624341 10,873023
подбирать 5,010635 5,010635
пароль 0,013423 0,080538
пароля 0,013423 0,053692
калорийность 2,120264 2,120264
счет 2,445686 4,891372
вход 0,013423 0,013423
читать 0,851752 0,851752
продукты 0,150823 0,452469
удалено 0,013423 0,013423
сливок 3,624341 21,746046
ккал 2,302585 9,210340
гаврилова 0,013423 0,013423
образуются 3,912023 7,824046
куриное 2,931194 5,862388
имбирного 4,317488 8,634976
приятный 4,317488 4,317488
замерзнут 5,010635 10,021271
карамельного 4,317488 17,269952
соус 3,401197 6,802395
цвета 2,445686 4,891372
расположенному 0,013423 0,026846
формочки 5,010635 10,021271
перемешивать 4,317488 34,539905
интересные 2,931194 2,931194
представлен 3,624341 3,624341
смесь 2,445686 48,913719
всей 2,445686 2,445686
экспериментируя 5,010635 5,010635
простых 3,064725 6,129450
всем 1,455287 2,910574
банку 3,624341 3,624341
помыть 3,912023 7,824046
домашнего 3,401197 17,005987
доставать 4,317488 17,269952
сильно 2,708050 5,416100
меньше 2,708050 2,708050
мякоть 4,317488 8,634976
учредитель 0,013423 0,013423
такого 2,813411 5,626821
сотен 5,010635 5,010635
простые 1,752539 29,793159
сотейник 5,010635 100,212706
мое 0,013423 0,026846
крошку 4,317488 8,634976
ссылка 0,013423 0,026846
нужное 3,912023 3,912023
застежками 5,010635 5,010635
инструкция 2,238047 2,238047
нежной 3,912023 19,560115
срезать 4,317488 8,634976
ссылке 0,013423 0,013423
любимые 3,912023 7,824046
желтки 4,317488 47,492369
ссылки 0,013423 0,013423
помочь 0,013423 0,013423
извлечь 4,317488 8,634976
взбились 5,010635 20,042541
калорийностью 5,010635 5,010635
обязательны 0,013423 0,093961
калорийные 5,010635 5,010635
плиты 3,624341 14,497364
основе 2,525729 2,525729
любимых 3,912023 3,912023
основа 3,218876 6,437752
смеси 3,401197 3,401197
названы 3,624341 3,624341
делать 2,238047 4,476093
роскомнадзор 0,013423 0,013423
парках 5,010635 5,010635
улочках 5,010635 10,021271
белка 3,401197 6,802395
блокировался 0,013423 0,013423
бренда 4,317488 8,634976
становится 2,708050 5,416100
лепестками 4,317488 4,317488
венчик 4,317488 17,269952
москва 0,006689 0,020067
воспользоваться 0,013423 0,013423
тонкими 2,931194 5,862388
входа 0,013423 0,013423
удивительно 4,317488 8,634976
сахара 3,218876 25,751007
соединить 3,624341 21,746046
моё 0,013423 0,013423
ягодного 5,010635 15,031906
добавлять 2,931194 5,862388
продолжая 4,317488 8,634976
выгодным 5,010635 5,010635
специальную 4,317488 4,317488
особенно 2,612740 2,612740
развенчала 5,010635 5,010635
укрыть 4,317488 8,634976
подходящую 3,912023 15,648092
завтраков 3,912023 3,912023
пошаговая 2,238047 2,238047
далее 2,238047 8,952186
сковороде 2,708050 2,708050
схожи 4,317488 4,317488
зато 3,912023 7,824046
преобразило 5,010635 5,010635
кипятить 3,912023 23,472138
которое 2,302585 4,605170
сливки 3,912023 179,953058
виктория 3,064725 18,388351
политикой 0,013423 0,040269
свежую 3,912023 7,824046
обработки 0,013423 0,026846
даю 0,013423 0,026846
италияевропапростые 5,010635 5,010635
фиников 5,010635 10,021271
обработку 0,013423 0,026846
едят 4,317488 4,317488
разновидность 5,010635 10,021271
подойдут 3,624341 3,624341
выстелить 5,010635 10,021271
редакции 0,013423 0,026846
тару 4,317488 8,634976
отличный 4,317488 4,317488
обращений 0,013423 0,013423
нежный 3,401197 10,203592
какао 4,317488 69,079810
полку 4,317488 8,634976
обработка 0,013423 0,013423
которого 2,238047 2,238047
холодное 4,317488 8,634976
это 0,013423 0,362422
застывания 4,317488 8,634976
разрезать 3,624341 21,746046
переложить 3,401197 37,413171
этим 2,238047 4,476093
станет 2,302585 11,512925
вкус 2,120264 36,044480
лимонный 3,218876 6,437752
чистую 4,317488 8,634976
мороженом 5,010635 20,042541
калорийное 5,010635 5,010635
завариванию 5,010635 10,021271
насыщенный 3,624341 7,248682
сироп 4,317488 69,079810
новую 0,013423 0,013423
печенье 4,317488 4,317488
мороженое 3,912023 359,906116
массовых 0,013423 0,013423
дыня 5,010635 20,042541
йогурт 3,624341 14,497364
детей 2,302585 4,605170
дыню 5,010635 20,042541
пройдена 0,013423 0,013423
уложить 3,624341 3,624341
вреде 5,010635 5,010635
йогурта 4,317488 34,539905
зарегистрироваться 0,013423 0,053692
пожаловаться 0,013423 0,013423
медом 3,624341 7,248682
новости 0,006689 0,120402
войти 0,013423 0,053692
электронной 0,013423 0,013423
ручным 3,912023 7,824046
рецептыобществоеда 5,010635 5,010635
подсластители 5,010635 10,021271
шоколадным 5,010635 15,031906
шоколадный 5,010635 20,042541
отличие 3,912023 3,912023
клубнику 4,317488 25,904929
дыни 5,010635 10,021271
куликова 5,010635 60,127624
действия 0,013423 0,013423
радио 0,274437 0,274437
крем 3,624341 43,492091
защита 0,013423 0,013423
регистрация 0,013423 0,040269
выключить 3,912023 7,824046
подсластитель 5,010635 20,042541
белой 4,317488 8,634976
белок 3,401197 13,604790
основного 3,218876 6,437752
клубника 4,317488 8,634976
использования 0,013423 0,040269
восстановление 0,013423 0,040269
пленкой 3,912023 23,472138
крупинки 5,010635 20,042541
подсластителя 5,010635 10,021271
государственное 0,013423 0,013423
ягоды 3,064725 58,229778
сниженной 5,010635 5,010635
желтков 4,317488 8,634976
выбором 3,064725 3,064725
рынке 3,218876 3,218876
спецпроекты 0,190354 0,190354
затем 1,791759 25,084633
просим 0,013423 0,013423
понадобится 3,218876 12,875503
заблокирован 0,013423 0,013423
соль 2,120264 4,240527
ошибку 0,013423 0,013423
первым 3,401197 3,401197
мягких 4,317488 8,634976
защиты 0,013423 0,013423
загустеет 5,010635 20,042541
удивит 3,912023 7,824046
ягоду 5,010635 10,021271
обращения 0,013423 0,026846
желтковую 5,010635 10,021271
ночь 2,708050 10,832201
эксперты 2,612740 5,225480
мягкие 3,624341 7,248682
отделить 3,401197 6,802395
минут 1,297063 28,535391
ошибка 0,013423 0,013423
специализированных 4,317488 4,317488
предпочтения 5,010635 5,010635
вопрос 0,006689 0,006689
мягким 3,401197 27,209579
акцентов 5,010635 10,021271
самых 1,875141 7,500564
подтверждаете 0,013423 0,013423
комочки 5,010635 10,021271
устройств 4,317488 4,317488
кипения 2,931194 29,311938
насыщенного 3,624341 3,624341
соку 4,317488 4,317488
ваш 0,013423 0,053692
имя 0,013423 0,067115
однородную 5,010635 10,021271
имбирь 3,624341 14,497364
срок 0,013423 0,026846
соки 4,317488 4,317488
колотый 5,010635 5,010635
песок 3,912023 7,824046
технологий 0,013423 0,026846
венчиком 4,317488 17,269952
сока 3,912023 11,736069
замороженные 4,317488 51,809857
яйца 1,966113 7,864451
самый 2,177422 10,887110
целлофановые 5,010635 5,010635
использовании 2,813411 5,626821
мельче 5,010635 10,021271
имбирным 5,010635 10,021271
показало 3,912023 3,912023
замороженный 5,010635 25,053176
материал 0,013423 0,013423
самым 2,302585 6,907755
заварного 5,010635 10,021271
перемешивании 5,010635 10,021271
банановое 5,010635 20,042541
имбирный 4,317488 8,634976
сиропом 5,010635 25,053176
самые 2,238047 2,238047
успешно 0,013423 0,013423
мягкой 3,401197 6,802395
уверены 3,401197 3,401197
мягкое 3,912023 11,736069
лента 0,006689 0,013378
разлить 3,912023 7,824046
однородного 4,317488 8,634976
однородной 3,401197 6,802395
экспериментировать 3,912023 7,824046
заблокированы 0,013423 0,013423
морожениц 5,010635 5,010635
сфере 0,013423 0,013423
сахарную 4,317488 8,634976
натуральном 5,010635 5,010635
натуральной 4,317488 8,634976
свидетельство 0,013423 0,013423
натуральное 5,010635 10,021271
правила 0,013423 0,026846
лимоном 3,624341 7,248682
делается 5,010635 10,021271
толстым 4,317488 25,904929
сахаром 3,624341 14,497364
рассматривают 5,010635 10,021271
куликовойженщина 5,010635 5,010635
разнообразный 5,010635 5,010635
можете 3,218876 3,218876
комментирования 0,013423 0,026846
привычном 5,010635 5,010635
жирности 4,317488 43,174881
фруктами 3,624341 7,248682
ваниль 5,010635 30,063812
дать 2,066196 14,463374
пресс 0,013423 0,026846
россии 0,395515 0,395515
применения 0,013423 0,013423
советует 3,401197 3,401197
действовать 3,624341 7,248682
душе 5,010635 10,021271
ингредиентам 4,317488 4,317488
яичный 4,317488 17,269952
персональных 0,013423 0,107384
произошла 0,013423 0,013423
готовый 3,218876 6,437752
мешок 5,010635 10,021271
яичные 4,317488 8,634976
качественное 4,317488 4,317488
финики 5,010635 10,021271
ценность 2,302585 2,302585
дата 0,013423 0,013423
ваше 0,013423 0,107384
сайте 0,013423 0,013423
простор 4,317488 4,317488
ваши 0,013423 0,013423
очередь 2,238047 4,476093
детям 2,813411 5,626821
восстановить 0,013423 0,013423
минимальным 4,317488 8,634976
специалист 2,931194 2,931194
сливках 3,912023 7,824046
просто 1,714798 6,859194
вопроса 0,013423 0,013423
пару 2,525729 10,102915
россия 0,006689 0,147158
специальное 5,010635 5,010635
россию 2,302585 2,302585
простой 2,120264 12,721581
сливкам 5,010635 20,042541
хвостики 4,317488 8,634976
используют 3,218876 6,437752
животного 4,317488 8,634976
свой 2,525729 10,102915
экстракт 5,010635 40,085082
рассказала 2,445686 4,891372
разнообразного 5,010635 10,021271
горячих 3,064725 6,129450
герметичную 5,010635 10,021271
заменили 5,010635 5,010635
регистрации 0,013423 0,026846
устройство 5,010635 5,010635
большая 3,624341 3,624341
авторским 5,010635 10,021271
сайт 0,013423 0,026846
наложить 4,317488 8,634976
десерта 3,401197 17,005987
бобовых 5,010635 10,021271
жидкое 4,317488 8,634976
устройству 5,010635 5,010635
полезный 3,064725 6,129450
сервисы 0,190354 0,190354
другое 0,013423 0,013423
питания 3,218876 6,437752
выступать 3,401197 6,802395
поддерживаетсяполучить 0,013423 0,013423
изобрели 5,010635 5,010635
категорически 3,912023 7,824046
стручок 5,010635 70,148894
приобрело 5,010635 5,010635
полезных 3,218876 6,437752
двух 2,014903 4,029806
миксер 5,010635 10,021271
дынный 5,010635 10,021271
подойдет 3,401197 6,802395
собственные 4,317488 8,634976
остывания 4,317488 8,634976
перелить 4,317488 43,174881
пьет 5,010635 10,021271
кулинаров 2,931194 8,793581
вишневое 5,010635 10,021271
отправки 0,013423 0,013423
прогреть 3,912023 7,824046
черничное 5,010635 10,021271
собственным 5,010635 10,021271
необходимости 2,612740 5,225480
домашних 2,612740 39,191100
яичную 4,317488 8,634976
унитарному 0,013423 0,026846
поддоне 5,010635 10,021271
верха 5,010635 5,010635
ложкой 3,064725 6,129450
воздушную 5,010635 5,010635
теплую 4,317488 8,634976
движениями 4,317488 8,634976
джелато 5,010635 10,021271
жаркий 4,317488 8,634976
выберите 0,013423 0,040269
медовая 4,317488 8,634976
ванили 5,010635 70,148894
вымыть 3,912023 7,824046
сложить 3,624341 14,497364
охлажденные 5,010635 10,021271
навсего 5,010635 10,021271
тертым 3,912023 19,560115
замочить 3,624341 7,248682
замороженную 5,010635 20,042541
российского 2,612740 2,612740
горячей 2,708050 5,416100
градусов 2,931194 5,862388
масло 2,302585 9,210340
предоставлено 3,624341 21,746046
упрощает 5,010635 5,010635
защитой 0,013423 0,026846
среднем 2,931194 2,931194
авторизация 0,013423 0,013423
домашний 3,218876 6,437752
религия 0,283247 0,283247
бананы 3,912023 62,592368
форма 0,013423 0,013423
логином 0,013423 0,013423
рейтинг 0,006689 0,006689
галочку 0,013423 0,013423
мяты 4,317488 8,634976
мяту 3,064725 6,129450
лакомство 5,010635 45,095718
напоминает 3,401197 6,802395
способы 0,013423 0,026846
оригинальные 2,445686 4,891372
украсить 2,931194 26,380744
оригинальный 3,912023 15,648092
лакомства 4,317488 12,952464
недвижимость 0,292136 0,292136
пугаться 5,010635 10,021271
цельное 5,010635 10,021271
дискуссии 0,013423 0,026846
августа 2,120264 2,120264
любит 3,912023 3,912023
тёплыми 5,010635 10,021271
унитарное 0,013423 0,013423
формы 3,218876 9,656627
восточный 5,010635 5,010635
шоколадом 4,317488 30,222417
поделилась 3,624341 28,994727
форму 0,013423 0,120807
тема 0,013423 0,040269
нам 2,525729 5,051457
помешивании 5,010635 20,042541
граммах 5,010635 5,010635
сих 2,931194 2,931194
компоненты 3,401197 10,203592
рекомендательных 0,013423 0,013423
фруктовый 3,912023 11,736069
миксера 5,010635 45,095718
большого 3,624341 7,248682
фруктовым 5,010635 5,010635
пиков 5,010635 10,021271
данная 0,013423 0,013423
покупаете 4,317488 4,317488
фракции 3,401197 3,401197
своими 2,931194 2,931194
низкокалорийным 5,010635 10,021271
мёд 4,317488 8,634976
белый 3,401197 13,604790
проставляя 0,013423 0,013423
довести 3,064725 42,906152
заполнения 0,013423 0,093961
погружным 5,010635 10,021271
морозилки 5,010635 10,021271
полезное 0,182322 0,182322
морозилке 5,010635 20,042541
кг 3,064725 6,129450
домашнее 5,010635 40,085082
службе 0,013423 0,013423
белых 5,010635 10,021271
полезной 5,010635 70,148894
охлажденное 5,010635 10,021271
фруктовые 5,010635 5,010635
релизов 0,013423 0,013423
крахмал 4,317488 17,269952
ваших 0,013423 0,026846
другую 3,912023 7,824046
подачей 3,218876 19,313255
кофе 3,401197 20,407184
которые 1,455287 2,910574
почувствуете 5,010635 10,021271
прекрасно 3,218876 3,218876
который 1,160488 3,481463
убрать 2,525729 85,874774
морозилку 5,010635 165,350965
холодильник 3,218876 6,437752
приготовлении 2,813411 11,253643
например 1,714798 5,144395
приготовление 1,966113 29,491693
легким 3,912023 7,824046
свежими 3,401197 6,802395
правил 0,013423 0,040269
авторизоваться 0,013423 0,013423
авторизуйтесь 0,013423 0,013423
ванилин 5,010635 10,021271
сэндвича 4,317488 4,317488
расширенный 0,013423 0,013423
сито 3,401197 13,604790
кислинкой 3,624341 7,248682
кулинарный 5,010635 5,010635
плотной 5,010635 10,021271
пломбир 4,317488 21,587441
свежая 3,401197 13,604790
новыесначала 0,013423 0,013423
вынуть 3,912023 7,824046
орешками 4,317488 8,634976
несколько 1,752539 3,505078
сверху 3,064725 15,323626
приготовления 1,791759 19,709354
блендером 4,317488 17,269952
мл 2,612740 36,578360
безопасно 5,010635 5,010635
появилось 2,931194 2,931194
свежие 2,708050 5,416100
условиях 2,066196 30,992945
натуральный 3,912023 7,824046
корень 3,912023 7,824046
добавлением 3,064725 3,064725
тростниковый 4,317488 8,634976
участие 0,006689 0,006689
пик 5,010635 10,021271
сливочного 3,912023 11,736069
тонкой 3,624341 7,248682
спелые 5,010635 30,063812
свежий 3,401197 6,802395
опечатка 0,013423 0,013423
выбор 2,813411 2,813411
использовать 0,013423 0,120807
самостоятельно 2,708050 8,124151
онлайн 0,013423 0,228191
контактов 0,013423 0,013423
количества 3,064725 6,129450
маленькие 5,010635 10,021271
модели 3,912023 3,912023
апреля 0,013423 0,013423
зонах 4,317488 4,317488
нута 5,010635 10,021271
финиковый 5,010635 10,021271
емкость 3,401197 20,407184
категория 1,875141 28,127116
отсутствуют 5,010635 5,010635
основатель 3,912023 3,912023
сок 2,931194 20,518356
способами 3,624341 7,248682
количество 2,238047 20,142419
нами 0,013423 0,093961
нем 2,612740 5,225480
кондитерский 5,010635 10,021271
вишней 5,010635 10,021271
вакансии 0,013423 0,013423
месте 2,302585 4,605170
нажимая 0,013423 0,013423
размораживать 4,317488 8,634976
вами 0,013423 0,013423
недопустимое 0,013423 0,013423
категории 2,708050 5,416100
баночки 5,010635 5,010635
емкости 3,624341 3,624341
жира 3,912023 7,824046
названием 3,912023 3,912023
истек 0,013423 0,013423
креманках 5,010635 15,031906
дает 3,064725 6,129450
попробовать 3,624341 21,746046
предприятию 0,013423 0,026846
молока 3,218876 9,656627
блендера 4,317488 25,904929
вернуть 2,813411 5,626821
внимание 0,013423 0,013423
готовое 3,912023 7,824046
принимать 0,013423 0,013423
блендере 4,317488 34,539905
огня 2,708050 21,664402
значительно 3,218876 3,218876
сможете 0,013423 0,013423
года 0,006689 0,006689
смешать 3,064725 30,647251
пп 3,624341 7,248682
молоко 3,064725 79,682854
пакетах 5,010635 5,010635
школой 5,010635 30,063812
каждые 4,317488 25,904929
ознакомлены 0,013423 0,013423
сворачиваться 5,010635 10,021271
легкой 3,401197 6,802395
ввести 3,624341 7,248682
сорбет 4,317488 69,079810
свежей 3,401197 6,802395
огне 2,708050 5,416100
моих 0,013423 0,026846
очень 1,678431 8,392154
всё 3,912023 7,824046
предприятие 0,013423 0,013423
июл 4,317488 4,317488
книги 3,912023 3,912023
наука 0,292136 0,292136
пакеты 4,317488 4,317488
проверить 2,708050 5,416100
