подача 4,317488 4,317488
законным 0,013423 0,013423
новый 0,013423 0,013423
паприка 3,624341 3,624341
день 1,203973 1,203973
маслом 2,708050 5,416100
новые 1,643339 1,643339
найти 0,013423 0,013423
основанием 0,013423 0,013423
подаче 3,401197 3,401197
письмо 0,013423 0,013423
спасибо 0,013423 0,013423
грибов 3,624341 3,624341
ингредиентов 2,612740 5,225480
шефа 3,912023 7,824046
см 2,931194 5,862388
согласие 0,013423 0,026846
менее 2,177422 2,177422
доступ 0,013423 0,026846
су 3,624341 7,248682
миа 0,013423 0,040269
задать 0,013423 0,013423
автору 0,013423 0,013423
множество 3,624341 3,624341
запекается 5,010635 5,010635
связаться 0,013423 0,080538
должны 0,013423 0,013423
углеводы 2,445686 2,445686
г 0,013423 0,147653
д 0,013423 0,026846
фото 0,013423 0,013423
политика 0,013423 0,013423
связь 0,006689 0,013378
кофеен 4,317488 4,317488
сложности 2,813411 5,626821
овощным 5,010635 5,010635
порционно 5,010635 10,021271
готово 0,013423 0,026846
дополнительные 2,813411 2,813411
течение 0,013423 0,040269
репчатый 3,064725 6,129450
промывает 5,010635 5,010635
придали 5,010635 5,010635
корейку 4,317488 4,317488
информационных 0,013423 0,013423
размещения 0,013423 0,013423
повар 3,624341 3,624341
сочность 3,624341 3,624341
вариант 2,371578 2,371578
мин 2,445686 4,891372
основных 2,445686 4,891372
конфиденциальности 0,013423 0,053692
связи 0,013423 0,080538
заголовок 0,013423 0,026846
галков 4,317488 4,317488
шаг 1,875141 9,375705
сложность 2,931194 2,931194
процесса 0,013423 0,013423
готовки 1,919593 1,919593
адресу 0,013423 0,026846
проблему 0,013423 0,013423
праздничного 3,624341 10,873023
сыра 4,317488 8,634976
рецепты 1,139434 9,115474
классический 2,014903 4,029806
время 0,013423 0,040269
данных 0,013423 0,107384
куриную 5,010635 5,010635
письма 0,013423 0,013423
часов 0,013423 0,026846
соглашаетесь 0,013423 0,013423
травы 3,912023 3,912023
очистить 2,612740 5,225480
ранее 0,013423 0,013423
восстановления 0,013423 0,013423
главный 0,013423 0,013423
данные 0,013423 0,013423
также 1,139434 1,139434
разблокировать 0,013423 0,040269
город 0,013423 0,013423
фотографию 0,013423 0,013423
состоит 3,401197 3,401197
обращаем 0,013423 0,013423
противень 3,912023 7,824046
отправлено 0,013423 0,013423
написать 0,013423 0,013423
новостеймолния 0,013423 0,013423
луком 3,912023 7,824046
калорийным 5,010635 5,010635
сытное 3,624341 3,624341
одноклассники 0,013423 0,026846
сначала 0,013423 0,013423
популярное 3,218876 3,218876
базилик 3,401197 3,401197
ужин 5,010635 5,010635
часа 1,875141 1,875141
показать 0,013423 0,013423
кнопку 0,013423 0,013423
помидорами 3,912023 3,912023
коммуникаций 0,013423 0,013423
сметану 3,912023 7,824046
угощения 5,010635 10,021271
пароль 0,013423 0,080538
пароля 0,013423 0,053692
эстетичный 5,010635 5,010635
микроволновой 4,317488 4,317488
блюд 2,238047 2,238047
перейдите 0,013423 0,013423
калорийность 2,120264 4,240527
вход 0,013423 0,013423
зерновой 5,010635 5,010635
помидоров 3,912023 3,912023
продукты 0,150823 0,150823
закрыто 0,013423 0,013423
удалено 0,013423 0,013423
сливок 3,624341 3,624341
ккал 2,302585 2,302585
сколько 0,006689 0,013378
гаврилова 0,013423 0,013423
материалов 0,013423 0,040269
могут 1,643339 1,643339
отправлена 0,013423 0,013423
запекать 3,401197 10,203592
холодильнике 2,813411 2,813411
свежести 5,010635 5,010635
сочности 3,912023 3,912023
чате 0,013423 0,013423
карри 4,317488 4,317488
волокон 5,010635 10,021271
расположенному 0,013423 0,026846
чату 0,013423 0,013423
редакцией 0,013423 0,013423
интересные 2,931194 2,931194
учредитель 0,013423 0,013423
болгарский 3,624341 3,624341
часть 1,919593 1,919593
рассмотрены 0,013423 0,013423
простые 1,752539 5,257616
повседневного 5,010635 10,021271
мое 0,013423 0,026846
нарезать 2,445686 4,891372
ссылка 0,013423 0,026846
слоем 3,218876 3,218876
шеф 2,302585 9,210340
ссылке 0,013423 0,013423
выложить 2,708050 5,416100
перетяните 0,013423 0,013423
ссылки 0,013423 0,013423
крупной 3,064725 6,129450
помочь 0,013423 0,013423
ошибках 0,013423 0,013423
контейнере 4,317488 4,317488
обязательны 0,013423 0,093961
салат 2,371578 2,371578
основе 2,525729 2,525729
шт 2,238047 4,476093
заменить 3,218876 3,218876
выпуска 0,013423 0,013423
списка 0,013423 0,013423
формой 0,013423 0,053692
роскомнадзор 0,013423 0,013423
хранить 3,218876 3,218876
зеленью 2,931194 5,862388
качестве 2,708050 8,124151
блокировался 0,013423 0,013423
москва 0,006689 0,020067
духовке 2,708050 18,956351
воспользоваться 0,013423 0,013423
тонкими 2,931194 2,931194
русской 1,752539 5,257616
входа 0,013423 0,013423
французски 3,624341 43,492091
моё 0,013423 0,013423
белки 2,371578 2,371578
вариантов 3,624341 3,624341
федеральное 0,013423 0,013423
добавлять 2,931194 2,931194
федеральной 0,013423 0,013423
отбивает 5,010635 10,021271
молотый 3,401197 6,802395
международное 0,013423 0,040269
пекарен 4,317488 4,317488
сковороде 2,708050 2,708050
будут 0,013423 0,013423
посыпать 2,931194 5,862388
новостей 0,006689 0,006689
сливки 3,912023 3,912023
политикой 0,013423 0,040269
нанесите 5,010635 5,010635
обработки 0,013423 0,026846
нарезает 5,010635 5,010635
даю 0,013423 0,026846
поверх 4,317488 8,634976
сыр 3,624341 25,370387
вкусу 2,066196 8,264785
обработку 0,013423 0,026846
обратной 0,013423 0,067115
редакции 0,013423 0,026846
порции 2,445686 2,445686
обращений 0,013423 0,013423
оглавление 1,791759 1,791759
отбить 5,010635 10,021271
обработка 0,013423 0,013423
это 0,013423 0,053692
подготовки 2,931194 2,931194
вкус 2,120264 8,481054
порезать 3,624341 7,248682
доступных 3,912023 7,824046
еда 2,177422 2,177422
насыщенным 3,624341 3,624341
описанием 0,013423 0,013423
новую 0,013423 0,013423
массовых 0,013423 0,013423
доступные 3,401197 3,401197
йогурт 3,624341 3,624341
полотенцем 3,624341 7,248682
пройдена 0,013423 0,013423
пармезана 4,317488 4,317488
используется 0,013423 0,013423
зарегистрироваться 0,013423 0,053692
пожаловаться 0,013423 0,013423
сентября 1,514128 4,542383
новости 0,006689 0,026756
войти 0,013423 0,053692
электронной 0,013423 0,013423
твердый 3,624341 7,248682
каждого 2,931194 5,862388
рецептыроссиякулинарияедапродуктымясопростые 5,010635 5,010635
эл 0,013423 0,013423
сделают 5,010635 5,010635
действия 0,013423 0,013423
защита 0,013423 0,013423
столу 3,064725 6,129450
говядину 3,401197 3,401197
регистрация 0,013423 0,040269
почему 0,013423 0,013423
использования 0,013423 0,013423
особый 3,218876 3,218876
восстановление 0,013423 0,040269
вопросам 0,013423 0,026846
государственное 0,013423 0,013423
добавить 2,238047 8,952186
выбором 3,064725 3,064725
вконтакте 0,013423 0,026846
затем 1,791759 1,791759
вкусные 2,708050 2,708050
просим 0,013423 0,013423
навсегда 0,013423 0,013423
нарушение 0,013423 0,040269
заблокирован 0,013423 0,013423
отбивные 5,010635 5,010635
соль 2,120264 4,240527
ошибку 0,013423 0,013423
защиты 0,013423 0,013423
натереть 2,813411 5,626821
назад 0,013423 0,067115
классическом 4,317488 4,317488
обращения 0,013423 0,026846
полукольцами 3,624341 7,248682
лук 2,302585 16,118096
минут 1,297063 7,782379
ошибка 0,013423 0,013423
практически 2,445686 2,445686
вопрос 0,006689 0,006689
запеканием 5,010635 5,010635
зубовский 0,013423 0,026846
слоями 3,912023 3,912023
картофелем 3,218876 3,218876
подтверждаете 0,013423 0,013423
заполнить 0,013423 0,026846
осуществляется 0,013423 0,013423
ваш 0,013423 0,053692
имя 0,013423 0,067115
закрытом 4,317488 4,317488
другие 0,013423 0,040269
телятину 5,010635 5,010635
кольцами 4,317488 8,634976
надзору 0,013423 0,013423
блюдо 2,014903 18,134127
срок 0,013423 0,026846
промыть 2,708050 5,416100
издание 0,013423 0,013423
бульвар 0,013423 0,026846
лайфхаков 5,010635 5,010635
хотите 0,013423 0,013423
заполните 0,013423 0,067115
технологий 0,013423 0,026846
сетевое 0,013423 0,013423
блюда 2,177422 4,354844
использование 2,612740 2,612740
вновь 0,013423 0,013423
сменить 0,013423 0,013423
материал 0,013423 0,013423
стоит 1,714798 1,714798
участвовать 0,013423 0,026846
выкладывать 3,624341 3,624341
сообщить 0,013423 0,013423
отбейте 5,010635 5,010635
пошаговый 2,813411 11,253643
распределились 4,317488 4,317488
блюду 3,912023 7,824046
успешно 0,013423 0,013423
скриншот 0,013423 0,040269
лента 0,006689 0,013378
приготовить 2,014903 4,029806
нотки 3,624341 3,624341
черный 2,708050 5,416100
экспериментировать 3,912023 3,912023
заблокированы 0,013423 0,013423
сфере 0,013423 0,013423
бешамель 5,010635 10,021271
добавит 3,624341 3,624341
свидетельство 0,013423 0,013423
жирностью 3,912023 3,912023
правила 0,013423 0,026846
взаимодействия 0,013423 0,026846
соусом 3,218876 3,218876
сохранить 0,013423 0,026846
информационное 0,013423 0,040269
противне 5,010635 15,031906
комментирования 0,013423 0,026846
готовому 4,317488 8,634976
основное 2,931194 5,862388
дать 2,066196 4,132393
пресс 0,013423 0,013423
кулинария 2,525729 2,525729
применения 0,013423 0,013423
картофеля 3,218876 3,218876
поперек 4,317488 8,634976
федеральному 0,013423 0,026846
персональных 0,013423 0,107384
поможет 2,525729 2,525729
произошла 0,013423 0,013423
хранение 3,912023 3,912023
ценность 2,302585 2,302585
дата 0,013423 0,013423
ваше 0,013423 0,107384
разнообразным 5,010635 5,010635
сайте 0,013423 0,013423
ваши 0,013423 0,013423
укрытые 5,010635 5,010635
фио 0,013423 0,013423
восстановить 0,013423 0,013423
существует 2,612740 2,612740
пожалуйста 0,013423 0,013423
майонезом 3,401197 13,604790
сыром 2,708050 8,124151
ниже 0,013423 0,040269
версия 0,013423 0,013423
вопроса 0,013423 0,013423
кусочка 5,010635 10,021271
россия 0,006689 0,060201
разогревать 5,010635 5,010635
простой 2,120264 6,360791
поля 0,013423 0,093961
горячим 3,912023 7,824046
свой 2,525729 2,525729
майонеза 3,624341 3,624341
государственному 0,013423 0,026846
регистрации 0,013423 0,026846
ягод 3,401197 3,401197
варианте 4,317488 4,317488
обогатят 5,010635 5,010635
поле 0,013423 0,013423
сайт 0,013423 0,026846
специй 3,401197 3,401197
зарегистрировано 0,013423 0,013423
ужина 3,624341 3,624341
другое 0,013423 0,013423
положить 2,612740 5,225480
специи 3,218876 3,218876
предпочтительно 5,010635 5,010635
поддерживаетсяполучить 0,013423 0,013423
адрес 0,013423 0,040269
рекомендует 3,624341 3,624341
перец 2,525729 10,102915
соответствии 0,013423 0,026846
загрузите 0,013423 0,013423
сообщения 0,013423 0,053692
подойдет 3,401197 6,802395
загрузить 0,013423 0,013423
направлении 0,013423 0,013423
замеченных 0,013423 0,013423
телефон 0,013423 0,013423
виды 2,813411 2,813411
отправки 0,013423 0,013423
натрите 3,912023 3,912023
домашних 2,612740 2,612740
унитарному 0,013423 0,026846
галкова 4,317488 4,317488
свинина 3,624341 7,248682
сети 2,813411 2,813411
солит 5,010635 5,010635
кабачки 5,010635 5,010635
нежностью 5,010635 5,010635
сен 3,401197 3,401197
сообщение 0,013423 0,134230
её 3,064725 3,064725
выберите 0,013423 0,040269
старые 0,013423 0,013423
вид 2,708050 2,708050
поясняет 2,371578 2,371578
лёгкий 5,010635 5,010635
попробуйте 0,013423 0,013423
бумажным 5,010635 10,021271
подавать 2,708050 8,124151
майонез 3,401197 23,808382
тертым 3,912023 7,824046
помидоры 3,064725 3,064725
свинину 3,624341 7,248682
дополнять 5,010635 5,010635
уменьшит 5,010635 5,010635
российского 2,612740 2,612740
градусов 2,931194 5,862388
эксперт 1,678431 1,678431
греческий 3,218876 3,218876
защитой 0,013423 0,026846
печи 3,912023 3,912023
статьи 0,013423 0,013423
подтвердите 0,013423 0,013423
авторизация 0,013423 0,013423
средней 2,302585 4,605170
форма 0,013423 0,013423
логином 0,013423 0,013423
рейтинг 0,006689 0,006689
галочку 0,013423 0,013423
зелень 2,708050 5,416100
перетащите 0,013423 0,040269
материале 0,013423 0,040269
материала 0,013423 0,026846
вашего 0,013423 0,013423
паролем 0,013423 0,013423
толщиной 3,624341 7,248682
способы 0,013423 0,026846
зарегистрируйтесь 0,013423 0,013423
обо 0,013423 0,013423
любой 2,445686 2,445686
украсить 2,931194 5,862388
горчицей 4,317488 4,317488
часарецепты 2,813411 2,813411
дискуссии 0,013423 0,026846
рецептырецепты 1,875141 1,875141
редактор 0,013423 0,013423
грибами 3,218876 3,218876
мясу 3,912023 15,648092
грудку 4,317488 4,317488
фгуп 0,499776 0,499776
унитарное 0,013423 0,013423
мясо 2,931194 73,279844
придаст 3,218876 3,218876
получить 1,752539 1,752539
дней 1,832581 1,832581
форму 0,013423 0,093961
нарезка 5,010635 5,010635
тема 0,013423 0,040269
отправленного 0,013423 0,013423
салатом 5,010635 5,010635
нарежьте 3,064725 3,064725
мяса 3,401197 10,203592
связанные 0,013423 0,013423
рекомендательных 0,013423 0,013423
около 2,177422 4,354844
сделать 1,752539 3,505078
данная 0,013423 0,013423
придать 3,624341 7,248682
обратная 0,013423 0,026846
риа 0,006689 0,026756
различные 2,931194 5,862388
проставляя 0,013423 0,013423
связанных 0,013423 0,013423
поперчите 4,317488 4,317488
опишите 0,013423 0,013423
заполнения 0,013423 0,093961
разные 2,445686 2,445686
обладает 3,218876 3,218876
времени 2,238047 2,238047
кухни 1,832581 3,665163
службе 0,013423 0,013423
средне 2,813411 2,813411
релизов 0,013423 0,013423
ваших 0,013423 0,026846
кухня 1,832581 1,832581
почты 0,013423 0,013423
прекрасно 3,218876 6,437752
посолите 3,912023 3,912023
агентство 0,013423 0,040269
например 1,714798 3,429597
легким 3,912023 3,912023
приготовление 1,966113 1,966113
обсушить 4,317488 8,634976
свежими 3,401197 3,401197
поперчить 3,401197 6,802395
правил 0,013423 0,040269
авторизоваться 0,013423 0,013423
авторизуйтесь 0,013423 0,013423
блюдрецепты 3,218876 3,218876
советы 1,752539 8,762694
сбалансировать 5,010635 5,010635
агентства 0,013423 0,013423
сегодня 0,013423 0,093961
вместо 2,813411 2,813411
расширенный 0,013423 0,013423
температуре 2,813411 5,626821
ярослава 4,317488 4,317488
вместе 2,302585 2,302585
новыесначала 0,013423 0,013423
орегано 3,912023 3,912023
несколько 1,752539 1,752539
сверху 3,064725 6,129450
посолить 3,064725 6,129450
приготовления 1,791759 8,958797
соусы 4,317488 4,317488
шапка 0,013423 0,013423
отправить 0,013423 0,147653
продолжить 0,013423 0,013423
решении 0,013423 0,013423
условиях 2,066196 2,066196
воспользуйтесь 0,013423 0,040269
пласты 5,010635 10,021271
участие 0,006689 0,006689
аккаунт 0,013423 0,053692
терке 2,931194 5,862388
обсуждение 0,013423 0,013423
опечатка 0,013423 0,013423
выбор 2,813411 2,813411
использовать 0,013423 0,080538
каждый 2,120264 8,481054
блокировки 0,013423 0,013423
онлайн 0,013423 0,013423
контактов 0,013423 0,013423
делает 2,612740 2,612740
почта 0,013423 0,080538
стейк 5,010635 10,021271
рецепт 1,544899 13,904095
соуса 4,317488 4,317488
апреля 0,013423 0,013423
фаршированный 5,010635 5,010635
фамилия 0,013423 0,013423
категория 1,875141 1,875141
повара 2,302585 9,210340
идеальным 3,912023 3,912023
нами 0,013423 0,093961
яндекс 0,013423 0,026846
русская 2,177422 4,354844
удалили 0,013423 0,040269
либо 0,013423 0,013423
жиры 2,371578 2,371578
вакансии 0,013423 0,013423
аккаунту 0,013423 0,013423
открываемого 0,013423 0,026846
будничного 5,010635 5,010635
нажимая 0,013423 0,013423
поиск 0,013423 0,013423
кухнирецепты 2,612740 2,612740
вами 0,013423 0,013423
недопустимое 0,013423 0,013423
согласны 0,013423 0,040269
истек 0,013423 0,013423
застолья 3,912023 3,912023
грибы 5,010635 5,010635
предприятию 0,013423 0,026846
рекламы 0,013423 0,013423
внимание 0,013423 0,013423
принимать 0,013423 0,013423
сможете 0,013423 0,013423
томатов 3,912023 3,912023
горчицу 3,912023 3,912023
года 0,006689 0,006689
смешать 3,064725 3,064725
настояться 3,218876 6,437752
овощами 3,624341 7,248682
уникальный 3,624341 3,624341
пищевая 2,371578 2,371578
ознакомлены 0,013423 0,013423
ингредиенты 1,919593 5,758779
ярослав 3,624341 3,624341
необходимой 4,317488 4,317488
моих 0,013423 0,026846
ломтиками 3,218876 3,218876
предприятие 0,013423 0,013423
обсуждения 0,013423 0,013423
смазать 3,064725 6,129450
блокировкой 0,013423 0,040269
