урале 3,218876 3,218876
партнером 3,401197 3,401197
законным 0,013423 0,013423
газе 3,218876 3,218876
специальный 2,931194 2,931194
банду 2,708050 2,708050
новый 0,013423 0,013423
новые 1,643339 4,930018
найти 0,013423 0,013423
основанием 0,013423 0,013423
письмо 0,013423 0,013423
пакьяо 3,064725 3,064725
спасибо 0,013423 0,013423
ждет 2,612740 2,612740
проголосовали 3,624341 3,624341
масленицу 2,612740 5,225480
ск 2,931194 2,931194
заявил 1,427116 1,427116
ставка 3,064725 3,064725
согласие 0,013423 0,026846
центр 0,190354 0,190354
доступ 0,013423 0,026846
миа 0,013423 0,040269
задать 0,013423 0,013423
теги 0,190354 0,190354
важным 2,708050 2,708050
автору 0,013423 0,013423
победительницы 3,064725 3,064725
ограничиваюсь 3,624341 3,624341
забили 3,218876 3,218876
связаться 0,013423 0,080538
александр 1,455287 1,455287
кожевников 3,218876 3,218876
должны 0,013423 0,013423
г 0,013423 0,026846
д 0,013423 0,026846
реклама 0,190354 0,190354
воде 2,014903 2,014903
фото 0,013423 0,040269
кому 2,371578 2,371578
новосибирске 3,218876 3,218876
политика 0,013423 0,040269
связь 0,006689 0,013378
добиться 2,445686 2,445686
грозит 2,612740 2,612740
м 2,302585 2,302585
дубае 2,813411 2,813411
готово 0,013423 0,026846
суд 2,066196 2,066196
экс 2,708050 5,416100
течение 0,013423 0,013423
китайского 2,813411 2,813411
разгар 3,218876 3,218876
информационных 0,013423 0,013423
назвал 1,875141 3,750282
размещения 0,013423 0,013423
обращаться 2,708050 2,708050
ответа 2,708050 2,708050
конфиденциальности 0,013423 0,053692
посещения 3,401197 3,401197
связи 0,013423 0,080538
запад 2,302585 2,302585
заголовок 0,013423 0,026846
лекарства 3,401197 3,401197
тимур 3,218876 3,218876
репортаж 3,401197 3,401197
дело 1,919593 1,919593
процесса 0,013423 0,013423
устроил 3,218876 3,218876
адресу 0,013423 0,026846
проблему 0,013423 0,013423
убийстве 3,401197 3,401197
празднуете 3,401197 3,401197
деле 2,612740 2,612740
наемника 3,401197 3,401197
рецепты 1,139434 1,139434
лиг 3,064725 3,064725
канону 3,624341 3,624341
время 0,013423 0,013423
данных 0,013423 0,107384
китаю 2,931194 2,931194
проблемы 2,238047 4,476093
ракетчики 2,931194 2,931194
китая 2,612740 2,612740
носович 3,218876 3,218876
посмотреть 2,177422 2,177422
пулей 3,401197 3,401197
справляется 2,931194 2,931194
письма 0,013423 0,013423
кем 3,624341 3,624341
часов 0,013423 0,026846
соглашаетесь 0,013423 0,013423
льготы 2,931194 2,931194
иванов 3,218876 3,218876
хотят 2,813411 2,813411
стараюсь 3,401197 3,401197
байкал 3,064725 3,064725
ранее 0,013423 0,013423
восстановления 0,013423 0,013423
главный 0,013423 0,013423
мистика 2,813411 2,813411
данные 0,013423 0,013423
сергей 1,609438 1,609438
городские 2,813411 2,813411
пьяный 2,708050 2,708050
разблокировать 0,013423 0,040269
город 0,013423 0,013423
нашли 2,445686 2,445686
украинцев 2,525729 2,525729
могиле 3,218876 3,218876
верхней 2,931194 2,931194
италия 2,708050 2,708050
фотографию 0,013423 0,013423
дмитрий 1,643339 1,643339
обращаем 0,013423 0,013423
мединский 2,612740 2,612740
отправлено 0,013423 0,013423
написать 0,013423 0,013423
новостеймолния 0,013423 0,013423
украине 1,427116 8,562698
последствия 1,966113 1,966113
одноклассники 0,013423 0,026846
сначала 0,013423 0,013423
украину 2,612740 2,612740
популярное 3,218876 3,218876
лескова 3,624341 3,624341
первую 2,238047 2,238047
аттестатавыплаты 3,624341 3,624341
показать 0,013423 0,013423
северных 3,218876 3,218876
кнопку 0,013423 0,013423
коммуникаций 0,013423 0,013423
людейбесплатные 3,624341 3,624341
прокомментировал 2,708050 2,708050
выставка 2,525729 2,525729
пароль 0,013423 0,080538
ликвидируют 2,708050 2,708050
пароля 0,013423 0,053692
бразильского 3,401197 3,401197
паралимпийцев 3,064725 6,129450
подмосковье 2,371578 2,371578
филиппов 2,525729 5,051457
перейдите 0,013423 0,013423
цб 2,931194 2,931194
дебош 2,708050 2,708050
киеве 2,612740 5,225480
вход 0,013423 0,013423
продукты 0,150823 0,150823
последствиями 2,931194 2,931194
закрыто 0,013423 0,013423
выселить 3,218876 3,218876
удалено 0,013423 0,013423
проводами 3,218876 3,218876
минобороны 2,525729 2,525729
сколько 0,006689 0,020067
гаврилова 0,013423 0,013423
материалов 0,013423 0,040269
девочки 2,931194 2,931194
отправлена 0,013423 0,013423
вампир 3,218876 3,218876
арестом 3,401197 3,401197
чате 0,013423 0,013423
кремле 2,371578 2,371578
новгородский 3,218876 3,218876
галицкой 3,401197 3,401197
расположенному 0,013423 0,026846
чату 0,013423 0,013423
редакцией 0,013423 0,013423
люди 2,238047 2,238047
инфографика 2,177422 4,354844
всем 1,455287 1,455287
видео 1,832581 3,665163
замерзший 3,401197 3,401197
подал 3,064725 3,064725
ходил 3,401197 3,401197
странам 3,401197 3,401197
учредитель 0,013423 0,013423
рассмотрены 0,013423 0,013423
бавырин 3,218876 3,218876
мое 0,013423 0,026846
ссылка 0,013423 0,026846
последние 1,098612 1,098612
решил 2,813411 2,813411
ссылке 0,013423 0,013423
опросы 3,218876 3,218876
поумнее 2,708050 2,708050
привлекли 2,813411 2,813411
перетяните 0,013423 0,013423
ссылки 0,013423 0,013423
помочь 0,013423 0,013423
архив 0,190354 0,190354
препараты 3,401197 3,401197
военная 2,120264 4,240527
специальная 2,066196 4,132393
ошибках 0,013423 0,013423
репарации 3,218876 3,218876
обязательны 0,013423 0,093961
сша 1,118815 2,237630
избежать 2,708050 2,708050
карта 2,931194 2,931194
выпуска 0,013423 0,013423
списка 0,013423 0,013423
формой 0,013423 0,053692
роскомнадзор 0,013423 0,013423
самая 2,177422 2,177422
андреева 2,813411 2,813411
руках 3,218876 3,218876
собственность 3,401197 3,401197
блокировался 0,013423 0,013423
кредиты 2,813411 2,813411
уборке 2,931194 2,931194
москве 1,118815 2,237630
принца 3,401197 3,401197
москва 0,006689 0,020067
воспользоваться 0,013423 0,013423
входа 0,013423 0,013423
сохранили 3,064725 3,064725
интерактивная 3,218876 3,218876
моё 0,013423 0,013423
интернете 3,401197 3,401197
гулявшей 3,218876 3,218876
федеральное 0,013423 0,013423
мощного 2,813411 2,813411
федеральной 0,013423 0,013423
лучшие 1,714798 3,429597
эндрю 3,064725 3,064725
международное 0,013423 0,040269
потрясло 3,401197 3,401197
аресты 3,401197 3,401197
должен 2,177422 2,177422
будут 0,013423 0,053692
оплатить 3,218876 3,218876
новостей 0,006689 0,006689
виктория 3,064725 3,064725
сигнал 3,064725 3,064725
лучших 1,832581 1,832581
москвы 1,455287 2,910574
надежду 2,931194 2,931194
политикой 0,013423 0,040269
сопровождающим 3,401197 3,401197
влияетогэ 3,624341 3,624341
десятку 3,064725 3,064725
обработки 0,013423 0,026846
даю 0,013423 0,026846
армия 2,708050 2,708050
насмерть 3,401197 3,401197
участникам 2,931194 2,931194
писателем 3,624341 3,624341
стать 2,302585 2,302585
бить 3,064725 3,064725
обработку 0,013423 0,026846
обратной 0,013423 0,067115
подкасты 0,292136 0,292136
отказу 3,218876 3,218876
редакции 0,013423 0,026846
обращений 0,013423 0,013423
вчера 1,576648 15,766481
сильного 2,708050 2,708050
кого 2,708050 2,708050
древней 3,218876 3,218876
потоках 3,401197 3,401197
доложил 3,064725 3,064725
операция 2,120264 4,240527
обработка 0,013423 0,013423
это 0,013423 0,026846
украинские 2,931194 2,931194
нужна 2,813411 2,813411
сапрыкина 2,708050 2,708050
сезона 2,813411 2,813411
граждане 2,813411 2,813411
опрос 3,624341 3,624341
предметы 2,612740 2,612740
выбыл 3,218876 3,218876
описанием 0,013423 0,013423
новую 0,013423 0,013423
массовых 0,013423 0,013423
артиллеристы 3,064725 3,064725
льготные 3,401197 3,401197
верните 3,401197 3,401197
пройдена 0,013423 0,013423
головину 3,218876 3,218876
используется 0,013423 0,013423
облизал 3,401197 3,401197
зарегистрироваться 0,013423 0,053692
пожаловаться 0,013423 0,013423
новости 0,006689 0,020067
войти 0,013423 0,053692
катков 3,401197 3,401197
электронной 0,013423 0,013423
завел 3,218876 3,218876
финляндия 3,401197 3,401197
мире 0,274437 0,823311
эл 0,013423 0,013423
действия 0,013423 0,013423
раскололи 2,612740 2,612740
мира 1,791759 1,791759
подтолкнуть 3,624341 3,624341
радио 0,274437 0,548874
внука 3,218876 3,218876
защита 0,013423 0,013423
ответил 2,708050 2,708050
выплатит 3,218876 3,218876
регистрация 0,013423 0,040269
почему 0,013423 0,013423
энергетические 3,064725 3,064725
использования 0,013423 0,013423
восстановление 0,013423 0,040269
вопросам 0,013423 0,026846
новое 2,525729 2,525729
государственное 0,013423 0,013423
никифорова 3,218876 3,218876
дисквалификацию 3,218876 3,218876
вконтакте 0,013423 0,026846
спецпроекты 0,190354 0,190354
ждать 2,813411 2,813411
просим 0,013423 0,013423
навсегда 0,013423 0,013423
нарушение 0,013423 0,040269
заблокирован 0,013423 0,013423
желающим 3,218876 3,218876
ошибку 0,013423 0,013423
защиты 0,013423 0,013423
путин 1,514128 3,028255
назад 0,013423 0,067115
повысятправославные 3,624341 3,624341
обращения 0,013423 0,026846
список 2,014903 2,014903
игры 1,791759 5,375278
спецоперации 2,525729 2,525729
февраля 0,616186 0,616186
ошибка 0,013423 0,013423
мнению 2,708050 2,708050
события 2,525729 2,525729
вопрос 0,006689 0,006689
аналитика 2,177422 2,177422
зубовский 0,013423 0,026846
подтверждаете 0,013423 0,013423
юрист 2,371578 2,371578
традицииракетный 3,624341 3,624341
рекомендуемое 3,401197 3,401197
заполнить 0,013423 0,026846
соревнования 3,218876 3,218876
посты 3,218876 3,218876
московского 2,813411 2,813411
осуществляется 0,013423 0,013423
ваш 0,013423 0,053692
имя 0,013423 0,067115
похоже 2,931194 2,931194
другие 0,013423 0,040269
общество 0,265703 0,531406
главное 1,752539 1,752539
донбасса 2,813411 2,813411
титул 2,931194 2,931194
проголосовать 3,624341 3,624341
надзору 0,013423 0,013423
нового 1,678431 1,678431
ребенка 2,525729 2,525729
срок 0,013423 0,026846
издание 0,013423 0,013423
бульвар 0,013423 0,026846
реакции 3,064725 3,064725
хотите 0,013423 0,013423
заполните 0,013423 0,067115
технологий 0,013423 0,026846
капитал 3,401197 3,401197
сетевое 0,013423 0,013423
праздникукак 3,624341 3,624341
караева 3,218876 3,218876
вновь 0,013423 0,013423
сменить 0,013423 0,013423
стрельников 3,218876 3,218876
врачом 3,624341 3,624341
материал 0,013423 0,013423
участвовать 0,013423 0,026846
сообщить 0,013423 0,013423
успешно 0,013423 0,013423
скриншот 0,013423 0,040269
голове 2,931194 2,931194
зеленского 2,177422 4,354844
отмечать 2,931194 2,931194
лента 0,006689 0,013378
урегулирования 3,064725 3,064725
служб 3,064725 3,064725
жкх 2,708050 2,708050
заблокированы 0,013423 0,013423
спорт 0,190354 0,380707
сфере 0,013423 0,013423
переговорах 2,177422 2,177422
свидетельство 0,013423 0,013423
своматеринский 3,624341 3,624341
правила 0,013423 0,040269
взаимодействия 0,013423 0,026846
известных 2,813411 2,813411
требованиями 2,931194 2,931194
осени 2,931194 2,931194
главу 3,064725 3,064725
сохранить 0,013423 0,013423
высказался 2,612740 2,612740
поеданием 3,624341 3,624341
информационное 0,013423 0,040269
комментирования 0,013423 0,026846
выглядел 3,218876 3,218876
допуске 3,218876 3,218876
блинов 2,371578 2,371578
изменениябиографии 3,624341 3,624341
вошел 2,813411 2,813411
женщин 2,445686 2,445686
дать 2,066196 2,066196
пресс 0,013423 0,026846
покататься 3,401197 3,401197
оружие 2,708050 2,708050
иск 3,064725 3,064725
россии 0,395515 4,746177
применения 0,013423 0,013423
визы 3,064725 3,064725
возможный 2,371578 2,371578
задержали 3,064725 3,064725
федеральному 0,013423 0,026846
привет 3,218876 3,218876
персональных 0,013423 0,107384
произошла 0,013423 0,013423
игрок 2,813411 5,626821
песков 2,445686 2,445686
российские 2,238047 2,238047
передал 3,064725 3,064725
дата 0,013423 0,013423
ваше 0,013423 0,107384
сайте 0,013423 0,013423
ваши 0,013423 0,013423
спасли 3,218876 3,218876
очередь 2,238047 2,238047
снега 2,708050 2,708050
фио 0,013423 0,013423
восстановить 0,013423 0,013423
кирилл 1,919593 1,919593
пожалуйста 0,013423 0,013423
ран 2,931194 2,931194
сво 1,919593 1,919593
хоккеистов 3,401197 3,401197
президенту 3,624341 3,624341
праздничная 2,931194 2,931194
ниже 0,013423 0,040269
версия 0,013423 0,013423
вопроса 0,013423 0,013423
узнать 2,302585 2,302585
россия 0,006689 0,060201
тест 2,931194 2,931194
сутки 2,525729 2,525729
поля 0,013423 0,093961
конца 2,445686 2,445686
смотреть 2,708050 2,708050
круизы 3,218876 3,218876
блины 2,238047 2,238047
свое 2,445686 2,445686
государственному 0,013423 0,026846
отстают 3,401197 3,401197
коттеджа 3,401197 3,401197
регистрации 0,013423 0,026846
произошло 2,708050 2,708050
поле 0,013423 0,013423
сайт 0,013423 0,026846
турнира 2,813411 2,813411
сервисы 0,190354 0,190354
зарегистрировано 0,013423 0,013423
болельщика 3,401197 3,401197
отца 3,401197 3,401197
другое 0,013423 0,013423
туризм 0,283247 0,849742
поддерживаетсяполучить 0,013423 0,013423
адрес 0,013423 0,040269
соответствии 0,013423 0,026846
зеленский 2,066196 4,132393
краснова 3,218876 3,218876
загрузите 0,013423 0,013423
долг 3,064725 3,064725
сообщения 0,013423 0,053692
цены 2,525729 2,525729
истерику 3,218876 3,218876
загрузить 0,013423 0,013423
российских 1,966113 3,932226
направлении 0,013423 0,013423
замеченных 0,013423 0,013423
телефон 0,013423 0,013423
отправки 0,013423 0,013423
коммунальных 2,813411 2,813411
проведения 2,525729 2,525729
ес 2,445686 2,445686
унитарному 0,013423 0,026846
число 2,371578 2,371578
савчук 3,218876 3,218876
великих 3,401197 3,401197
актера 2,708050 2,708050
сообщение 0,013423 0,134230
выберите 0,013423 0,040269
старые 0,013423 0,013423
попробуйте 0,013423 0,013423
умер 2,813411 2,813411
приближают 3,218876 3,218876
планах 2,813411 2,813411
тесты 3,218876 3,218876
четкий 3,218876 3,218876
защитой 0,013423 0,026846
прогресс 2,931194 2,931194
статьи 0,013423 0,013423
ядерное 3,218876 3,218876
ходе 2,708050 2,708050
подтвердите 0,013423 0,013423
авторизация 0,013423 0,013423
религия 0,283247 0,566495
форма 0,013423 0,013423
логином 0,013423 0,013423
рейтинг 0,006689 0,006689
галочку 0,013423 0,013423
пациента 3,218876 3,218876
медаль 2,813411 2,813411
дом 2,302585 2,302585
дон 3,218876 3,218876
перетащите 0,013423 0,040269
материале 0,013423 0,026846
акопов 3,218876 3,218876
приготовили 3,064725 3,064725
культура 0,292136 0,876409
коллеги 2,612740 2,612740
материала 0,013423 0,026846
происшествия 0,292136 0,584273
иран 2,612740 2,612740
врачи 2,931194 2,931194
вашего 0,013423 0,013423
снегопада 2,612740 5,225480
паролем 0,013423 0,013423
зверском 3,401197 3,401197
альпинист 3,064725 6,129450
врача 2,813411 2,813411
дня 1,678431 1,678431
способы 0,013423 0,026846
зарегистрируйтесь 0,013423 0,013423
обо 0,013423 0,013423
каллас 2,612740 2,612740
трассе 3,401197 3,401197
темы 2,612740 2,612740
недвижимость 0,292136 0,292136
дискуссии 0,013423 0,026846
ответить 3,624341 3,624341
редактор 0,013423 0,013423
ольга 2,612740 2,612740
фгуп 0,499776 0,499776
службы 2,066196 2,066196
сотрудников 2,708050 2,708050
унитарное 0,013423 0,013423
настоящий 3,218876 3,218876
получить 1,752539 3,505078
принес 3,064725 3,064725
сил 2,525729 2,525729
зимой 2,813411 2,813411
форму 0,013423 0,093961
тема 0,013423 0,040269
хоккей 2,238047 2,238047
отправленного 0,013423 0,013423
огромные 3,218876 3,218876
максимальное 2,525729 2,525729
вооруженных 2,813411 2,813411
связанные 0,013423 0,013423
рекомендательных 0,013423 0,013423
погубят 3,064725 3,064725
данная 0,013423 0,013423
казань 3,218876 3,218876
последствийкарта 3,624341 3,624341
обратная 0,013423 0,026846
атомные 3,218876 3,218876
риа 0,006689 0,020067
ски 3,064725 6,129450
цска 2,813411 2,813411
массовое 3,218876 3,218876
проставляя 0,013423 0,013423
связанных 0,013423 0,013423
опишите 0,013423 0,013423
переговоры 2,177422 2,177422
заполнения 0,013423 0,093961
россиян 1,919593 1,919593
мадагаскар 2,931194 2,931194
полезное 0,182322 0,182322
службе 0,013423 0,013423
защитить 2,813411 2,813411
признали 2,525729 2,525729
релизов 0,013423 0,013423
предложила 3,064725 3,064725
ваших 0,013423 0,026846
скандала 3,218876 3,218876
матч 2,238047 2,238047
почты 0,013423 0,013423
классон 3,218876 3,218876
кастро 3,218876 3,218876
трамп 1,609438 3,218876
следующих 2,612740 2,612740
футбольных 3,401197 3,401197
который 1,160488 1,160488
британского 3,218876 3,218876
читают 3,624341 3,624341
тайны 2,813411 2,813411
агентство 0,013423 0,040269
динамо 2,238047 2,238047
правил 0,013423 0,040269
следующие 2,238047 2,238047
авторизоваться 0,013423 0,013423
авторизуйтесь 0,013423 0,013423
мат 3,401197 3,401197
совете 3,064725 3,064725
потери 2,708050 2,708050
дтп 3,064725 3,064725
вингеров 3,064725 3,064725
баллы 2,931194 2,931194
отменили 3,218876 3,218876
обеспечили 2,931194 2,931194
агентства 0,013423 0,013423
елена 2,931194 2,931194
сегодня 0,013423 0,093961
эпштейном 3,401197 3,401197
расширенный 0,013423 0,013423
петр 2,445686 2,445686
штаты 2,708050 2,708050
детали 3,064725 3,064725
сми 2,177422 4,354844
надежные 3,218876 3,218876
гуляньями 3,624341 3,624341
новыесначала 0,013423 0,013423
орешник 3,218876 3,218876
кижи 3,064725 3,064725
лиги 2,612740 2,612740
шапка 0,013423 0,013423
место 1,832581 1,832581
отправить 0,013423 0,147653
продолжить 0,013423 0,013423
решении 0,013423 0,013423
рассказал 1,347074 4,041221
инструкцияпенсии 3,624341 3,624341
алтайские 3,401197 3,401197
наглости 3,218876 3,218876
воспользуйтесь 0,013423 0,040269
олимпиаде 2,612740 2,612740
участие 0,006689 0,013378
аккаунт 0,013423 0,053692
травмы 2,708050 2,708050
топ 2,708050 5,416100
смогла 2,931194 2,931194
экономика 0,292136 0,584273
церковный 3,218876 3,218876
обсуждение 0,013423 0,013423
комплекс 3,064725 3,064725
использовать 0,013423 0,013423
опечатка 0,013423 0,013423
матчейключевая 3,624341 3,624341
календарь 2,177422 2,177422
блокировки 0,013423 0,013423
онлайн 0,013423 0,013423
узнали 3,218876 3,218876
розыгрыш 3,064725 3,064725
контактов 0,013423 0,013423
почта 0,013423 0,080538
историю 2,371578 2,371578
вызвать 3,218876 3,218876
апреля 0,013423 0,013423
фамилия 0,013423 0,013423
годусамозапрет 3,624341 3,624341
пишет 2,177422 2,177422
нами 0,013423 0,093961
яндекс 0,013423 0,026846
удалили 0,013423 0,040269
либо 0,013423 0,013423
неинтересно 3,401197 3,401197
красноярск 3,218876 3,218876
переговоров 2,302585 6,907755
вакансии 0,013423 0,013423
праздники 1,791759 1,791759
аккаунту 0,013423 0,013423
проводников 3,064725 3,064725
бой 2,931194 2,931194
открываемого 0,013423 0,026846
взрывах 3,401197 3,401197
февралезадолженность 3,624341 3,624341
нажимая 0,013423 0,013423
поиск 0,013423 0,013423
вами 0,013423 0,013423
недопустимое 0,013423 0,013423
году 1,139434 3,418303
всу 2,238047 2,238047
евросоюзе 3,064725 3,064725
священником 3,624341 3,624341
пожаловались 2,708050 2,708050
согласны 0,013423 0,040269
зимы 2,708050 2,708050
истек 0,013423 0,013423
одежды 3,064725 3,064725
лагеря 2,612740 2,612740
выразил 2,813411 2,813411
бьет 2,931194 2,931194
самофалова 3,218876 3,218876
предприятию 0,013423 0,026846
рекламы 0,013423 0,013423
женеве 2,371578 4,743156
внимание 0,013423 0,013423
принимать 0,013423 0,013423
сможете 0,013423 0,013423
года 0,006689 0,020067
рекорды 2,813411 2,813411
расписание 2,612740 2,612740
встрече 3,064725 3,064725
ознакомлены 0,013423 0,013423
моих 0,013423 0,026846
предприятие 0,013423 0,013423
речные 3,218876 3,218876
наука 0,292136 0,876409
разослали 3,401197 3,401197
обсуждения 0,013423 0,013423
ожидали 3,218876 3,218876
никак 3,064725 3,064725
отбирает 3,401197 3,401197
источник 2,445686 4,891372
блокировкой 0,013423 0,040269
возьму 3,218876 3,218876
