хотели 3,624341 3,624341
законным 0,013423 0,013423
банду 2,708050 2,708050
миресшадонбассдональд 4,317488 4,317488
новый 0,013423 0,013423
день 1,203973 2,407946
новые 1,643339 1,643339
найти 0,013423 0,013423
основанием 0,013423 0,013423
газета 3,401197 6,802395
письмо 0,013423 0,013423
спасибо 0,013423 0,013423
уиткоффджаред 4,317488 4,317488
согласие 0,013423 0,026846
пауэллом 3,912023 3,912023
центр 0,190354 0,190354
доступ 0,013423 0,026846
американскую 3,912023 3,912023
умеров 3,624341 10,873023
миа 0,013423 0,093961
украинев 3,401197 3,401197
задать 0,013423 0,013423
теги 0,190354 0,190354
автору 0,013423 0,013423
продлилась 4,317488 4,317488
подчеркнул 3,401197 3,401197
связаться 0,013423 0,080538
секретарь 3,064725 6,129450
должны 0,013423 0,013423
словам 1,752539 1,752539
г 0,013423 0,026846
д 0,013423 0,026846
реклама 0,190354 0,190354
фото 0,013423 0,026846
политика 0,013423 0,026846
связь 0,006689 0,013378
галузинигорь 4,317488 4,317488
добиться 2,445686 9,782744
готово 0,013423 0,026846
течение 0,013423 0,013423
разгар 3,218876 3,218876
информационных 0,013423 0,013423
размещения 0,013423 0,013423
конфиденциальности 0,013423 0,053692
связи 0,013423 0,080538
заголовок 0,013423 0,026846
закрытыми 5,010635 5,010635
даби 3,912023 3,912023
означает 3,624341 3,624341
процесса 0,013423 0,013423
умеровмирный 4,317488 4,317488
устроил 3,218876 3,218876
адресу 0,013423 0,026846
проблему 0,013423 0,013423
конкретных 4,317488 4,317488
время 0,013423 0,026846
отмечает 1,966113 1,966113
данных 0,013423 0,107384
письма 0,013423 0,013423
состоялся 3,912023 3,912023
переговорщики 4,317488 4,317488
часов 0,013423 0,040269
соглашаетесь 0,013423 0,013423
ранее 0,013423 0,013423
восстановления 0,013423 0,013423
главный 0,013423 0,013423
данные 0,013423 0,013423
второго 2,813411 2,813411
также 1,139434 2,278869
туда 3,218876 3,218876
разблокировать 0,013423 0,040269
город 0,013423 0,013423
украина 1,875141 9,375705
фотографию 0,013423 0,013423
дмитрий 1,643339 1,643339
обращаем 0,013423 0,013423
мединский 2,612740 13,063700
трампукраинапереговоры 4,317488 4,317488
отправлено 0,013423 0,013423
написать 0,013423 0,013423
новостеймолния 0,013423 0,013423
украинцами 4,317488 4,317488
украине 1,427116 28,542327
одноклассники 0,013423 0,026846
сначала 0,013423 0,013423
владимиру 4,317488 4,317488
публикации 2,238047 2,238047
часа 1,875141 1,875141
украины 1,832581 1,832581
показать 0,013423 0,013423
кнопку 0,013423 0,013423
коммуникаций 0,013423 0,013423
отсутствие 2,612740 2,612740
конгресс 4,317488 4,317488
пароль 0,013423 0,080538
пароля 0,013423 0,053692
ближайшее 3,218876 3,218876
перейдите 0,013423 0,013423
мирный 3,064725 9,194175
вход 0,013423 0,013423
путину 3,218876 3,218876
продукты 0,150823 0,150823
читать 0,851752 0,851752
закрыто 0,013423 0,013423
удалено 0,013423 0,013423
следующей 3,218876 3,218876
дональд 2,445686 12,228430
сколько 0,006689 0,006689
гаврилова 0,013423 0,013423
материалов 0,013423 0,040269
зять 3,912023 3,912023
победы 2,931194 2,931194
отправлена 0,013423 0,013423
италии 2,525729 2,525729
чате 0,013423 0,013423
стороны 2,238047 2,238047
расположенному 0,013423 0,026846
чату 0,013423 0,013423
редакцией 0,013423 0,013423
председатель 3,624341 3,624341
уиткофф 3,401197 10,203592
учредитель 0,013423 0,013423
рассмотрены 0,013423 0,013423
мое 0,013423 0,026846
ссылка 0,013423 0,026846
сторона 3,912023 3,912023
ссылке 0,013423 0,013423
поумнее 2,708050 2,708050
конгресса 5,010635 5,010635
говорится 2,371578 2,371578
перетяните 0,013423 0,013423
ссылки 0,013423 0,013423
помочь 0,013423 0,013423
архив 0,190354 0,190354
владимира 3,064725 3,064725
военнопленными 3,912023 3,912023
раунд 3,401197 3,401197
военная 2,120264 8,481054
специальная 2,066196 8,264785
среду 3,218876 3,218876
ошибках 0,013423 0,013423
обязательны 0,013423 0,093961
сша 1,118815 12,306965
процесс 2,014903 2,014903
костюков 4,317488 12,952464
выпуска 0,013423 0,013423
списка 0,013423 0,013423
формой 0,013423 0,053692
роскомнадзор 0,013423 0,013423
офиса 3,401197 3,401197
промежуточные 5,010635 5,010635
блокировался 0,013423 0,013423
утверждает 3,218876 3,218876
представителей 3,064725 3,064725
москва 0,006689 0,020067
воспользоваться 0,013423 0,013423
российской 1,678431 1,678431
входа 0,013423 0,013423
моё 0,013423 0,013423
федеральное 0,013423 0,013423
спецпосланник 3,912023 3,912023
федеральной 0,013423 0,013423
международное 0,013423 0,040269
тяжелыми 3,624341 3,624341
претензий 4,317488 4,317488
будут 0,013423 0,013423
новостей 0,006689 0,006689
верховной 3,912023 3,912023
ноября 1,714798 5,144395
политикой 0,013423 0,040269
договоренностях 5,010635 5,010635
обработки 0,013423 0,026846
даю 0,013423 0,026846
происходящим 3,912023 3,912023
кушнер 3,401197 13,604790
пройдут 3,624341 3,624341
обработку 0,013423 0,026846
промежуточными 5,010635 5,010635
обратной 0,013423 0,067115
подкасты 0,292136 0,292136
отказу 3,218876 3,218876
редакции 0,013423 0,026846
обращений 0,013423 0,013423
дональда 3,218876 3,218876
доложил 3,064725 3,064725
операция 2,120264 8,481054
обработка 0,013423 0,013423
это 0,013423 0,026846
украинские 2,931194 2,931194
короткая 5,010635 5,010635
донбасс 3,912023 19,560115
галузин 5,010635 10,021271
выборами 5,010635 5,010635
вашингтон 2,445686 2,445686
описанием 0,013423 0,013423
новую 0,013423 0,013423
массовых 0,013423 0,013423
пройдена 0,013423 0,013423
михаил 2,612740 7,838220
народа 3,624341 3,624341
белого 3,218876 3,218876
используется 0,013423 0,013423
зарегистрироваться 0,013423 0,053692
пожаловаться 0,013423 0,013423
новости 0,006689 0,080268
войти 0,013423 0,053692
электронной 0,013423 0,013423
рассказывал 5,010635 5,010635
мединскийрустем 4,317488 4,317488
мире 0,274437 1,097747
эл 0,013423 0,013423
действия 0,013423 0,013423
раскололи 2,612740 2,612740
радио 0,274437 0,274437
мира 1,791759 12,542316
дзен 0,851752 0,851752
защита 0,013423 0,013423
ответил 2,708050 2,708050
регистрация 0,013423 0,040269
почему 0,013423 0,013423
использования 0,013423 0,013423
восстановление 0,013423 0,040269
вопросам 0,013423 0,026846
обсуждали 5,010635 5,010635
большинством 5,010635 5,010635
государственное 0,013423 0,013423
вконтакте 0,013423 0,026846
спецпроекты 0,190354 0,190354
просим 0,013423 0,013423
навсегда 0,013423 0,013423
нарушение 0,013423 0,040269
заблокирован 0,013423 0,013423
ошибку 0,013423 0,013423
защиты 0,013423 0,013423
дипломатической 5,010635 5,010635
назад 0,013423 0,067115
обращения 0,013423 0,026846
джонатаном 3,912023 3,912023
первый 2,014903 2,014903
выборов 4,317488 4,317488
трампа 2,238047 2,238047
ошибка 0,013423 0,013423
германии 3,064725 3,064725
вопрос 0,006689 0,013378
зубовский 0,013423 0,026846
подтверждаете 0,013423 0,013423
заполнить 0,013423 0,026846
осуществляется 0,013423 0,013423
ваш 0,013423 0,053692
имя 0,013423 0,067115
другие 0,013423 0,026846
общество 0,265703 0,265703
раунда 3,401197 3,401197
представителями 5,010635 5,010635
надзору 0,013423 0,013423
срок 0,013423 0,026846
издание 0,013423 0,026846
бульвар 0,013423 0,026846
хотите 0,013423 0,013423
заполните 0,013423 0,067115
технологий 0,013423 0,026846
сетевое 0,013423 0,013423
наблюдали 3,912023 3,912023
вновь 0,013423 0,013423
фев 1,399717 1,399717
сменить 0,013423 0,013423
материал 0,013423 0,013423
участвовать 0,013423 0,026846
вылетом 4,317488 4,317488
сообщить 0,013423 0,013423
успешно 0,013423 0,013423
скриншот 0,013423 0,040269
зеленского 2,177422 4,354844
лента 0,006689 0,013378
главы 2,931194 2,931194
урегулирования 3,064725 6,129450
партия 4,317488 4,317488
заблокированы 0,013423 0,013423
спорт 0,190354 0,190354
сфере 0,013423 0,013423
свидетельство 0,013423 0,013423
главе 3,624341 3,624341
правила 0,013423 0,026846
взаимодействия 0,013423 0,026846
осени 2,931194 17,587163
буданов 3,401197 13,604790
глава 2,612740 2,612740
франции 3,218876 3,218876
сохранить 0,013423 0,013423
информационное 0,013423 0,040269
комментирования 0,013423 0,026846
схеме 3,624341 3,624341
украинская 5,010635 5,010635
пресс 0,013423 0,040269
россии 0,395515 0,395515
применения 0,013423 0,013423
федеральному 0,013423 0,026846
республиканская 5,010635 5,010635
персональных 0,013423 0,107384
третий 2,931194 2,931194
произошла 0,013423 0,013423
палаты 5,010635 5,010635
песков 2,445686 4,891372
кира 3,912023 3,912023
дата 0,013423 0,013423
ваше 0,013423 0,107384
сайте 0,013423 0,013423
ваши 0,013423 0,013423
дате 2,525729 2,525729
фио 0,013423 0,013423
восстановить 0,013423 0,013423
кирилл 1,919593 5,758779
пожалуйста 0,013423 0,013423
президента 2,525729 2,525729
итогам 3,064725 3,064725
ниже 0,013423 0,040269
версия 0,013423 0,013423
вопроса 0,013423 0,013423
узнать 2,302585 2,302585
слуга 3,912023 3,912023
россия 0,006689 0,086957
поля 0,013423 0,093961
шесть 2,708050 2,708050
абу 3,912023 3,912023
вопросы 2,238047 2,238047
государственному 0,013423 0,026846
итогах 3,624341 3,624341
палате 5,010635 5,010635
премьера 3,624341 3,624341
американского 3,624341 3,624341
приезжали 4,317488 4,317488
регистрации 0,013423 0,026846
игорь 2,708050 5,416100
поле 0,013423 0,013423
сайт 0,013423 0,026846
дома 2,238047 2,238047
возглавлял 3,624341 3,624341
сенате 5,010635 5,010635
сервисы 0,190354 0,190354
представители 3,218876 3,218876
зарегистрировано 0,013423 0,013423
другое 0,013423 0,013423
туризм 0,283247 0,283247
поддерживаетсяполучить 0,013423 0,013423
адрес 0,013423 0,040269
соответствии 0,013423 0,026846
зеленский 2,066196 2,066196
загрузите 0,013423 0,013423
сообщения 0,013423 0,053692
истерику 3,218876 3,218876
загрузить 0,013423 0,013423
направлении 0,013423 0,013423
замеченных 0,013423 0,013423
телефон 0,013423 0,013423
отправки 0,013423 0,013423
унитарному 0,013423 0,026846
военнослужащие 4,317488 8,634976
снбо 3,624341 3,624341
обновлено 1,003302 1,003302
британцы 3,624341 3,624341
сообщение 0,013423 0,134230
выберите 0,013423 0,040269
старые 0,013423 0,013423
попробуйте 0,013423 0,013423
обменялись 3,912023 3,912023
комментариев 4,317488 4,317488
стармера 3,912023 3,912023
защитой 0,013423 0,026846
статьи 0,013423 0,013423
ходе 2,708050 2,708050
подтвердите 0,013423 0,013423
авторизация 0,013423 0,013423
религия 0,283247 0,283247
форма 0,013423 0,013423
логином 0,013423 0,013423
рейтинг 0,006689 0,006689
галочку 0,013423 0,013423
контакты 2,120264 2,120264
перетащите 0,013423 0,040269
материале 0,013423 0,026846
культура 0,292136 0,292136
материала 0,013423 0,026846
происшествия 0,292136 0,292136
прогресса 5,010635 5,010635
вашего 0,013423 0,013423
паролем 0,013423 0,013423
обе 3,912023 3,912023
способы 0,013423 0,026846
зарегистрируйтесь 0,013423 0,013423
обо 0,013423 0,013423
недвижимость 0,292136 0,292136
вторник 3,624341 3,624341
дискуссии 0,013423 0,026846
редактор 0,013423 0,013423
фгуп 0,499776 2,498879
унитарное 0,013423 0,013423
форму 0,013423 0,093961
план 2,371578 7,114734
тема 0,013423 0,040269
отправленного 0,013423 0,013423
подталкивает 5,010635 5,010635
арахамия 3,624341 3,624341
связанные 0,013423 0,013423
рекомендательных 0,013423 0,013423
стив 3,401197 13,604790
данная 0,013423 0,013423
обратная 0,013423 0,026846
риа 0,006689 0,073579
фракции 3,401197 3,401197
проставляя 0,013423 0,013423
связанных 0,013423 0,013423
опишите 0,013423 0,013423
переговоры 2,177422 8,709688
заполнения 0,013423 0,093961
полезное 0,182322 0,182322
обладает 3,218876 3,218876
службе 0,013423 0,013423
релизов 0,013423 0,013423
ваших 0,013423 0,026846
почты 0,013423 0,013423
трамп 1,609438 20,922693
делегацию 3,912023 3,912023
генштаб 4,317488 12,952464
агентство 0,013423 0,040269
правил 0,013423 0,040269
джаред 3,624341 10,873023
авторизоваться 0,013423 0,013423
авторизуйтесь 0,013423 0,013423
нерешенные 3,912023 3,912023
делегации 2,931194 2,931194
агентства 0,013423 0,013423
сегодня 0,013423 0,134230
президент 2,238047 4,476093
расширенный 0,013423 0,013423
руководитель 2,708050 2,708050
осенью 3,624341 3,624341
новыесначала 0,013423 0,013423
давид 3,218876 3,218876
шапка 0,013423 0,013423
отправить 0,013423 0,147653
продолжить 0,013423 0,013423
решении 0,013423 0,013423
давали 4,317488 4,317488
воспользуйтесь 0,013423 0,040269
раде 3,624341 3,624341
украинекирилл 4,317488 4,317488
участие 0,006689 0,006689
архивное 1,373049 1,373049
аккаунт 0,013423 0,053692
обсуждений 4,317488 4,317488
экономика 0,292136 0,292136
достигнуть 3,912023 23,472138
обсуждение 0,013423 0,013423
использовать 0,013423 0,013423
опечатка 0,013423 0,013423
блокировки 0,013423 0,013423
онлайн 0,013423 0,013423
контактов 0,013423 0,013423
почта 0,013423 0,080538
намерен 5,010635 10,021271
мирного 3,218876 3,218876
апреля 0,013423 0,013423
киев 2,302585 2,302585
фамилия 0,013423 0,013423
рустем 3,624341 10,873023
пишет 2,177422 17,419376
советником 3,912023 3,912023
дважды 3,912023 3,912023
нами 0,013423 0,093961
яндекс 0,013423 0,026846
удалили 0,013423 0,040269
плана 3,218876 3,218876
владимир 1,373049 5,492197
либо 0,013423 0,013423
продолжительность 3,624341 3,624341
переговоров 2,302585 9,210340
вакансии 0,013423 0,013423
аккаунту 0,013423 0,013423
открываемого 0,013423 0,026846
месте 2,302585 2,302585
безопасности 2,177422 2,177422
нажимая 0,013423 0,013423
поиск 0,013423 0,013423
вами 0,013423 0,013423
недопустимое 0,013423 0,013423
согласны 0,013423 0,040269
истек 0,013423 0,013423
лагеря 2,612740 2,612740
предприятию 0,013423 0,026846
рекламы 0,013423 0,013423
дверьми 5,010635 5,010635
хочет 2,120264 16,962108
женеве 2,371578 14,229468
внимание 0,013423 0,013423
принимать 0,013423 0,013423
сможете 0,013423 0,013423
года 0,006689 0,006689
встреча 3,624341 3,624341
деловыми 3,624341 3,624341
встречи 2,445686 2,445686
ознакомлены 0,013423 0,013423
анонсировал 3,624341 3,624341
украинскую 3,912023 3,912023
моих 0,013423 0,026846
предприятие 0,013423 0,013423
разговаривал 5,010635 5,010635
наука 0,292136 0,292136
выборы 3,624341 3,624341
обсуждения 0,013423 0,013423
источник 2,445686 2,445686
женевы 4,317488 4,317488
второй 2,445686 4,891372
блокировкой 0,013423 0,040269
