жертв 3,912023 3,912023
шляп 5,010635 5,010635
законным 0,013423 0,013423
банк 2,813411 2,813411
новый 0,013423 0,026846
коронавирус 5,010635 25,053176
день 1,203973 2,407946
холокоста 5,010635 5,010635
покрасить 2,813411 5,626821
найти 0,013423 0,013423
основанием 0,013423 0,013423
академия 3,218876 3,218876
газета 3,401197 3,401197
письмо 0,013423 0,013423
спасибо 0,013423 0,013423
георгиевская 5,010635 10,021271
гагарина 5,010635 10,021271
согласие 0,013423 0,026846
отличается 3,064725 3,064725
центр 0,190354 0,190354
петербург 2,813411 2,813411
доступ 0,013423 0,026846
су 3,624341 3,624341
миа 0,013423 0,026846
йорк 3,064725 3,064725
задать 0,013423 0,013423
теги 0,190354 0,190354
миг 5,010635 5,010635
автору 0,013423 0,013423
связаться 0,013423 0,080538
алабино 5,010635 5,010635
должны 0,013423 0,013423
иисус 3,218876 6,437752
г 0,013423 0,026846
д 0,013423 0,026846
реклама 0,190354 0,190354
экспоцентр 5,010635 5,010635
фото 0,013423 0,093961
политика 0,013423 0,026846
связь 0,006689 0,013378
уникальна 3,624341 7,248682
санкт 2,525729 2,525729
ту 3,912023 3,912023
готово 0,013423 0,026846
новосибирск 4,317488 4,317488
течение 0,013423 0,013423
китай 2,177422 4,354844
область 1,714798 3,429597
информационных 0,013423 0,013423
вербы 5,010635 5,010635
размещения 0,013423 0,013423
конфиденциальности 0,013423 0,053692
связи 0,013423 0,080538
заголовок 0,013423 0,026846
выпустив 5,010635 5,010635
теракте 4,317488 4,317488
процесса 0,013423 0,013423
адресу 0,013423 0,026846
проблему 0,013423 0,013423
миннесота 5,010635 5,010635
выбирают 3,912023 3,912023
мировоззрение 4,317488 25,904929
рецепты 1,139434 1,139434
время 0,013423 0,026846
дели 5,010635 5,010635
данных 0,013423 0,107384
исландия 5,010635 5,010635
письма 0,013423 0,013423
праздновать 4,317488 4,317488
часов 0,013423 0,026846
ленинградская 3,401197 3,401197
соглашаетесь 0,013423 0,013423
ранее 0,013423 0,013423
восстановления 0,013423 0,013423
главный 0,013423 0,013423
данные 0,013423 0,013423
разблокировать 0,013423 0,040269
город 0,013423 0,026846
украина 1,875141 1,875141
мода 3,912023 7,824046
майами 5,010635 5,010635
фотографию 0,013423 0,013423
лазар 4,317488 4,317488
обращаем 0,013423 0,013423
отправлено 0,013423 0,013423
написать 0,013423 0,013423
новостеймолния 0,013423 0,013423
одноклассники 0,013423 0,026846
сначала 0,013423 0,013423
украины 1,832581 1,832581
показать 0,013423 0,013423
бангкок 5,010635 5,010635
кнопку 0,013423 0,013423
коммуникаций 0,013423 0,013423
пароль 0,013423 0,080538
пароля 0,013423 0,053692
полина 5,010635 10,021271
перейдите 0,013423 0,013423
светлое 2,931194 14,655969
татуировки 5,010635 5,010635
акционер 5,010635 5,010635
селфи 5,010635 5,010635
вход 0,013423 0,013423
продукты 0,150823 0,150823
закрыто 0,013423 0,013423
удалено 0,013423 0,013423
сколько 0,006689 0,006689
гаврилова 0,013423 0,013423
материалов 0,013423 0,053692
отправлена 0,013423 0,013423
чате 0,013423 0,013423
потерял 3,401197 3,401197
осудили 4,317488 4,317488
расположенному 0,013423 0,026846
чату 0,013423 0,013423
католической 4,317488 8,634976
редакцией 0,013423 0,013423
белфаст 5,010635 5,010635
совет 2,525729 2,525729
видео 1,832581 1,832581
чехия 3,624341 3,624341
учредитель 0,013423 0,013423
кубинка 5,010635 5,010635
рассмотрены 0,013423 0,013423
простые 1,752539 1,752539
мое 0,013423 0,026846
московский 3,064725 3,064725
ссылка 0,013423 0,026846
последние 1,098612 2,197225
берл 4,317488 4,317488
инструкция 2,238047 2,238047
еврейских 5,010635 5,010635
ссылке 0,013423 0,013423
перетяните 0,013423 0,013423
ссылки 0,013423 0,013423
помочь 0,013423 0,013423
архив 0,190354 0,190354
вена 5,010635 5,010635
мавзолей 5,010635 5,010635
борис 4,317488 8,634976
благодатного 3,401197 3,401197
ошибках 0,013423 0,013423
обязательны 0,013423 0,093961
сша 1,118815 2,237630
освящать 3,912023 3,912023
варшава 4,317488 8,634976
выпуска 0,013423 0,013423
списка 0,013423 0,013423
формой 0,013423 0,053692
роскомнадзор 0,013423 0,013423
всемирный 5,010635 5,010635
католиков 5,010635 5,010635
римский 5,010635 15,031906
московская 2,525729 2,525729
блокировался 0,013423 0,013423
москва 0,006689 0,053512
воспользоваться 0,013423 0,013423
руками 3,218876 3,218876
входа 0,013423 0,013423
парад 4,317488 4,317488
моё 0,013423 0,013423
коронавируса 5,010635 5,010635
федеральное 0,013423 0,013423
бразилия 3,912023 3,912023
ереван 3,912023 7,824046
федеральной 0,013423 0,013423
лучшие 1,714798 3,429597
христос 3,218876 6,437752
павел 2,238047 2,238047
международное 0,013423 0,040269
ланка 5,010635 5,010635
пошаговая 2,238047 4,476093
лос 3,401197 3,401197
будут 0,013423 0,026846
новостей 0,006689 0,006689
православная 2,612740 10,450960
северное 3,912023 3,912023
москвы 1,455287 1,455287
политикой 0,013423 0,040269
чей 3,912023 3,912023
мадрид 4,317488 4,317488
обработки 0,013423 0,026846
даю 0,013423 0,026846
обработку 0,013423 0,026846
обратной 0,013423 0,067115
подкасты 0,292136 0,292136
редакции 0,013423 0,026846
обращений 0,013423 0,013423
франциск 3,912023 7,824046
пожар 5,010635 5,010635
ланке 5,010635 10,021271
обработка 0,013423 0,013423
это 0,013423 0,013423
стычка 5,010635 5,010635
египет 5,010635 10,021271
описанием 0,013423 0,013423
новую 0,013423 0,013423
массовых 0,013423 0,013423
мельникова 3,912023 3,912023
взрывы 3,624341 3,624341
детей 2,302585 2,302585
пройдена 0,013423 0,013423
используется 0,013423 0,013423
ватикан 3,912023 3,912023
зарегистрироваться 0,013423 0,053692
пожаловаться 0,013423 0,013423
сентября 1,514128 3,028255
новости 0,006689 0,053512
войти 0,013423 0,053692
электронной 0,013423 0,013423
анджелес 3,401197 3,401197
недели 2,708050 2,708050
мире 0,274437 2,195495
эл 0,013423 0,013423
действия 0,013423 0,013423
радио 0,274437 0,274437
защита 0,013423 0,013423
регистрация 0,013423 0,040269
почему 0,013423 0,013423
использования 0,013423 0,013423
восстановление 0,013423 0,040269
александрия 5,010635 5,010635
вопросам 0,013423 0,026846
музей 3,401197 3,401197
германия 3,064725 3,064725
государственное 0,013423 0,013423
удивил 4,317488 4,317488
ветками 3,624341 7,248682
вине 2,708050 5,416100
марсоход 5,010635 5,010635
христово 2,708050 13,540251
вконтакте 0,013423 0,026846
спецпроекты 0,190354 0,190354
просим 0,013423 0,013423
навсегда 0,013423 0,013423
нарушение 0,013423 0,040269
заблокирован 0,013423 0,013423
религиозные 3,218876 6,437752
ошибку 0,013423 0,013423
защиты 0,013423 0,013423
назад 0,013423 0,067115
памяти 3,401197 3,401197
обращения 0,013423 0,026846
общин 5,010635 5,010635
дождется 5,010635 5,010635
вулкан 4,317488 4,317488
константинопольский 5,010635 5,010635
крестный 4,317488 4,317488
патриархат 3,912023 3,912023
ошибка 0,013423 0,013423
вопрос 0,006689 0,006689
аналитика 2,177422 13,064532
зубовский 0,013423 0,026846
подтверждаете 0,013423 0,013423
христиане 4,317488 4,317488
заполнить 0,013423 0,026846
марта 1,678431 3,356862
осуществляется 0,013423 0,013423
ваш 0,013423 0,053692
имя 0,013423 0,067115
другие 0,013423 0,026846
общество 0,265703 1,594219
поделки 5,010635 5,010635
федерация 4,317488 4,317488
балтийское 5,010635 5,010635
надзору 0,013423 0,013423
срок 0,013423 0,026846
издание 0,013423 0,013423
таймыр 5,010635 5,010635
бульвар 0,013423 0,026846
хотите 0,013423 0,013423
заполните 0,013423 0,067115
воскресенье 2,931194 2,931194
технологий 0,013423 0,026846
распространение 4,317488 4,317488
сетевое 0,013423 0,013423
джастин 4,317488 8,634976
неделю 1,373049 1,373049
гундяев 3,624341 3,624341
вновь 0,013423 0,013423
англия 4,317488 4,317488
яйца 1,966113 3,932226
сменить 0,013423 0,013423
материал 0,013423 0,013423
участвовать 0,013423 0,026846
сообщить 0,013423 0,013423
успешно 0,013423 0,013423
скриншот 0,013423 0,040269
вциом 4,317488 4,317488
культуры 3,218876 3,218876
корнуолл 5,010635 5,010635
лента 0,006689 0,013378
заблокированы 0,013423 0,013423
спорт 0,190354 0,190354
одесса 5,010635 5,010635
суть 2,525729 2,525729
сфере 0,013423 0,013423
ленточка 5,010635 10,021271
протесты 4,317488 4,317488
месяц 1,297063 1,297063
церковь 2,708050 16,248301
свидетельство 0,013423 0,013423
бибер 4,317488 8,634976
правила 0,013423 0,026846
праздником 3,624341 3,624341
сияние 3,624341 3,624341
взаимодействия 0,013423 0,026846
швеция 4,317488 4,317488
пецци 5,010635 5,010635
сохранить 0,013423 0,013423
информационное 0,013423 0,040269
край 2,708050 2,708050
комментирования 0,013423 0,026846
самоизоляции 5,010635 5,010635
пресс 0,013423 0,026846
россии 0,395515 1,186544
применения 0,013423 0,013423
дату 3,218876 3,218876
федеральному 0,013423 0,026846
персональных 0,013423 0,107384
произошла 0,013423 0,013423
шри 5,010635 15,031906
дата 0,013423 0,013423
ваше 0,013423 0,107384
сайте 0,013423 0,013423
вакцинация 5,010635 5,010635
ваши 0,013423 0,013423
фио 0,013423 0,013423
восстановить 0,013423 0,013423
кирилл 1,919593 1,919593
патриарх 3,218876 3,218876
пожалуйста 0,013423 0,013423
кровавая 5,010635 5,010635
нэшвилл 5,010635 5,010635
ниже 0,013423 0,040269
версия 0,013423 0,013423
вопроса 0,013423 0,013423
россия 0,006689 0,066890
поля 0,013423 0,093961
частое 5,010635 5,010635
нью 3,624341 3,624341
израиль 2,931194 5,862388
государственному 0,013423 0,026846
регистрации 0,013423 0,026846
альбом 5,010635 5,010635
игорь 2,708050 2,708050
поле 0,013423 0,013423
сайт 0,013423 0,026846
биньямин 4,317488 4,317488
сервисы 0,190354 0,190354
зарегистрировано 0,013423 0,013423
другое 0,013423 0,013423
туризм 0,283247 0,283247
поддерживаетсяполучить 0,013423 0,013423
базель 5,010635 5,010635
адрес 0,013423 0,040269
соответствии 0,013423 0,026846
загрузите 0,013423 0,013423
смогут 3,401197 3,401197
сообщения 0,013423 0,053692
папа 5,010635 15,031906
загрузить 0,013423 0,013423
джонсон 5,010635 10,021271
бергольо 3,912023 7,824046
направлении 0,013423 0,013423
замеченных 0,013423 0,013423
телефон 0,013423 0,013423
отправки 0,013423 0,013423
ход 3,624341 3,624341
унитарному 0,013423 0,026846
константинопольская 5,010635 5,010635
период 1,160488 1,160488
праздник 2,525729 2,525729
марсианское 5,010635 5,010635
нетаньяху 3,218876 3,218876
британцы 3,624341 3,624341
сообщение 0,013423 0,134230
выберите 0,013423 0,040269
старые 0,013423 0,013423
попробуйте 0,013423 0,013423
юар 4,317488 4,317488
эксперт 1,678431 1,678431
иисуса 4,317488 4,317488
пасха 2,813411 120,976661
защитой 0,013423 0,026846
статьи 0,013423 0,013423
подтвердите 0,013423 0,013423
авторизация 0,013423 0,013423
религия 0,283247 6,231444
форма 0,013423 0,013423
логином 0,013423 0,013423
рейтинг 0,006689 0,006689
галочку 0,013423 0,013423
пасху 2,708050 13,540251
перетащите 0,013423 0,040269
материале 0,013423 0,026846
культура 0,292136 0,584273
материала 0,013423 0,026846
происшествия 0,292136 0,292136
пасхи 3,218876 12,875503
вашего 0,013423 0,013423
паролем 0,013423 0,013423
марио 3,624341 7,248682
венгрия 4,317488 4,317488
хайдарабад 5,010635 5,010635
великобритания 3,401197 3,401197
способы 0,013423 0,026846
оригинальные 2,445686 2,445686
зарегистрируйтесь 0,013423 0,013423
обо 0,013423 0,013423
музыка 3,624341 3,624341
недвижимость 0,292136 0,292136
ил 4,317488 4,317488
дискуссии 0,013423 0,026846
редактор 0,013423 0,013423
море 3,064725 3,064725
унитарное 0,013423 0,013423
кемеровская 5,010635 5,010635
христа 3,401197 3,401197
форму 0,013423 0,093961
тема 0,013423 0,040269
отправленного 0,013423 0,013423
зоопарк 4,317488 4,317488
связанные 0,013423 0,013423
рекомендательных 0,013423 0,013423
данная 0,013423 0,013423
обратная 0,013423 0,026846
риа 0,006689 0,026756
своими 2,931194 2,931194
ковалевский 5,010635 5,010635
времена 4,317488 4,317488
цска 2,813411 2,813411
проставляя 0,013423 0,013423
связанных 0,013423 0,013423
опишите 0,013423 0,013423
троих 4,317488 4,317488
альфа 5,010635 5,010635
заполнения 0,013423 0,093961
близко 4,317488 4,317488
полезное 0,182322 0,182322
год 0,967584 0,967584
службе 0,013423 0,013423
ангелина 5,010635 5,010635
релизов 0,013423 0,013423
ваших 0,013423 0,026846
международный 3,064725 3,064725
почты 0,013423 0,013423
песах 5,010635 5,010635
празднование 3,218876 6,437752
вербное 3,401197 3,401197
рим 4,317488 8,634976
агентство 0,013423 0,040269
правил 0,013423 0,040269
церквей 5,010635 5,010635
леонов 4,317488 4,317488
авторизоваться 0,013423 0,013423
авторизуйтесь 0,013423 0,013423
стамбул 5,010635 5,010635
поклонников 3,912023 3,912023
поздравил 2,708050 2,708050
агентства 0,013423 0,013423
джонсона 5,010635 5,010635
сегодня 0,013423 0,080538
расширенный 0,013423 0,013423
католическая 3,218876 83,690771
акция 4,317488 4,317488
иерусалим 3,912023 7,824046
новыесначала 0,013423 0,013423
шапка 0,013423 0,013423
праздника 2,371578 2,371578
отправить 0,013423 0,147653
продолжить 0,013423 0,013423
справки 1,875141 11,250846
решении 0,013423 0,013423
рассказал 1,347074 1,347074
алтайский 5,010635 5,010635
римско 4,317488 4,317488
марс 5,010635 5,010635
условиях 2,066196 2,066196
воспользуйтесь 0,013423 0,040269
красавиц 5,010635 5,010635
участие 0,006689 0,006689
аккаунт 0,013423 0,053692
духовная 4,317488 4,317488
экономика 0,292136 0,292136
обсуждение 0,013423 0,013423
использовать 0,013423 0,013423
опечатка 0,013423 0,013423
календарь 2,177422 2,177422
апостольская 3,624341 3,624341
блокировки 0,013423 0,013423
онлайн 0,013423 0,013423
ленина 5,010635 5,010635
воскресение 2,931194 14,655969
медведь 5,010635 5,010635
контактов 0,013423 0,013423
почта 0,013423 0,080538
стегают 3,624341 7,248682
апреля 0,013423 0,255037
апрель 3,624341 3,624341
фамилия 0,013423 0,013423
армянская 3,912023 3,912023
протестантов 5,010635 5,010635
нами 0,013423 0,093961
яндекс 0,013423 0,026846
русская 2,177422 6,532266
норвегия 5,010635 5,010635
воскресения 3,912023 3,912023
удалили 0,013423 0,040269
владимир 1,373049 1,373049
либо 0,013423 0,013423
миннеаполис 4,317488 4,317488
вакансии 0,013423 0,013423
праздники 1,791759 3,583519
аккаунту 0,013423 0,013423
упоминание 3,624341 3,624341
открываемого 0,013423 0,026846
хорхе 3,912023 7,824046
нажимая 0,013423 0,013423
поиск 0,013423 0,013423
вами 0,013423 0,013423
недопустимое 0,013423 0,013423
году 1,139434 1,139434
согласны 0,013423 0,040269
истек 0,013423 0,013423
куличи 3,912023 3,912023
предприятию 0,013423 0,026846
рекламы 0,013423 0,013423
православной 4,317488 4,317488
внимание 0,013423 0,013423
принимать 0,013423 0,013423
алексей 1,966113 1,966113
огня 2,708050 2,708050
женева 3,218876 3,218876
премьер 2,931194 2,931194
сможете 0,013423 0,013423
года 0,006689 0,013378
правда 2,708050 2,708050
ознакомлены 0,013423 0,013423
моих 0,013423 0,026846
предприятие 0,013423 0,013423
наука 0,292136 0,292136
обсуждения 0,013423 0,013423
блокировкой 0,013423 0,040269
