законным 0,013423 0,013423
разведки 3,624341 3,624341
декабре 3,218876 6,437752
рф 1,181994 2,363988
оснащении 5,010635 10,021271
найти 0,013423 0,013423
основанием 0,013423 0,013423
превращается 5,010635 5,010635
письмо 0,013423 0,013423
спасибо 0,013423 0,013423
заявил 1,427116 4,281349
согласие 0,013423 0,026846
центр 0,190354 0,190354
частью 4,317488 4,317488
производства 3,624341 14,497364
декабря 1,098612 3,295837
сопоставимо 5,010635 10,021271
создана 5,010635 5,010635
разделяющейся 5,010635 5,010635
неоднократно 5,010635 5,010635
оснащена 5,010635 5,010635
связаться 0,013423 0,080538
таких 2,371578 2,371578
производство 2,708050 8,124151
сопоставима 5,010635 5,010635
реклама 0,190354 0,190354
фото 0,013423 0,013423
связь 0,006689 0,013378
орешкин 5,010635 5,010635
упавших 5,010635 5,010635
сложнее 3,912023 3,912023
позициями 5,010635 5,010635
готово 0,013423 0,026846
белоруссии 3,912023 15,648092
тактические 4,317488 4,317488
проекты 3,218876 9,656627
информационных 0,013423 0,013423
секрете 3,912023 3,912023
времен 5,010635 5,010635
размещения 0,013423 0,026846
конфиденциальности 0,013423 0,053692
североатлантического 5,010635 5,010635
войсками 5,010635 5,010635
связи 0,013423 0,080538
запад 2,302585 2,302585
заголовок 0,013423 0,026846
процесса 0,013423 0,013423
адресу 0,013423 0,026846
проблему 0,013423 0,013423
данных 0,013423 0,120807
конкурентов 4,317488 4,317488
опытных 5,010635 5,010635
письма 0,013423 0,013423
состоялся 3,912023 3,912023
часов 0,013423 0,026846
соглашаетесь 0,013423 0,013423
данный 2,525729 5,051457
главный 0,013423 0,013423
данные 0,013423 0,013423
режим 2,931194 2,931194
территории 2,813411 8,440232
также 1,139434 2,278869
рамштайн 4,317488 4,317488
украина 1,875141 7,500564
лукашенко 3,401197 6,802395
одной 2,120264 2,120264
одном 2,931194 2,931194
фотографию 0,013423 0,013423
отправлено 0,013423 0,013423
украине 1,427116 1,427116
сначала 0,013423 0,013423
твердотопливный 5,010635 5,010635
боевые 4,317488 4,317488
держатся 5,010635 5,010635
курской 4,317488 4,317488
малое 5,010635 10,021271
блоки 5,010635 5,010635
боевых 3,624341 3,624341
размещении 5,010635 5,010635
перейдите 0,013423 0,013423
базы 3,218876 3,218876
представляет 3,624341 7,248682
системе 3,218876 6,437752
закрыто 0,013423 0,013423
размещение 3,624341 3,624341
сколько 0,006689 0,006689
материалов 0,013423 0,040269
отправлена 0,013423 0,013423
чате 0,013423 0,013423
получил 2,612740 2,612740
квартиры 3,218876 3,218876
понимается 5,010635 5,010635
базе 4,317488 4,317488
чату 0,013423 0,013423
редакцией 0,013423 0,013423
ракетный 4,317488 43,174881
британскими 5,010635 5,010635
посвященной 5,010635 5,010635
часть 1,919593 1,919593
рассмотрены 0,013423 0,013423
систем 3,624341 3,624341
американскими 5,010635 5,010635
малой 5,010635 5,010635
обороны 2,177422 4,354844
способен 4,317488 4,317488
перетяните 0,013423 0,013423
архив 0,190354 0,190354
части 1,966113 3,932226
орешником 5,010635 15,031906
ошибках 0,013423 0,013423
комплексов 5,010635 10,021271
выпуска 0,013423 0,013423
списка 0,013423 0,013423
формой 0,013423 0,053692
качестве 2,708050 2,708050
ракета 5,010635 60,127624
российском 4,317488 4,317488
российской 1,678431 3,356862
контрмеры 5,010635 5,010635
официального 3,912023 3,912023
ноябре 3,218876 3,218876
федеральное 0,013423 0,013423
официально 3,624341 3,624341
оснащенное 5,010635 5,010635
ракетой 5,010635 5,010635
ракеты 4,317488 17,269952
федеральной 0,013423 0,013423
международное 0,013423 0,040269
будут 0,013423 0,013423
новостей 0,006689 0,006689
выпуску 5,010635 5,010635
ноября 1,714798 3,429597
канале 3,624341 3,624341
солнца 3,912023 3,912023
эпицентре 5,010635 5,010635
комплексом 5,010635 20,042541
капустин 5,010635 5,010635
подлета 5,010635 15,031906
системы 2,302585 2,302585
обратной 0,013423 0,067115
подкасты 0,292136 0,292136
оглавление 1,791759 1,791759
украинским 4,317488 12,952464
находится 2,931194 2,931194
единственная 5,010635 5,010635
энергетической 3,912023 3,912023
объектам 3,624341 18,121705
какому 5,010635 15,031906
траектории 3,912023 3,912023
четырех 3,401197 10,203592
описанием 0,013423 0,013423
меньшей 5,010635 5,010635
противовоздушной 5,010635 5,010635
досягаемости 5,010635 5,010635
используется 0,013423 0,013423
уничтожить 3,218876 3,218876
собственную 4,317488 4,317488
разработок 5,010635 5,010635
мире 0,274437 0,274437
эл 0,013423 0,013423
дзен 0,851752 0,851752
характеристиках 5,010635 10,021271
сбить 4,317488 4,317488
почему 0,013423 0,026846
унифицированных 5,010635 5,010635
директор 2,708050 2,708050
вопросам 0,013423 0,026846
килотонн 5,010635 10,021271
вконтакте 0,013423 0,026846
навсегда 0,013423 0,013423
нарушение 0,013423 0,040269
новейшей 5,010635 10,021271
назад 0,013423 0,067115
километров 4,317488 25,904929
масса 3,912023 3,912023
российскую 3,624341 3,624341
пытается 4,317488 4,317488
высоты 3,624341 3,624341
зубовский 0,013423 0,026846
яр 4,317488 4,317488
заполнить 0,013423 0,026846
статус 3,064725 12,258901
будучи 5,010635 5,010635
осуществляется 0,013423 0,013423
общей 3,401197 3,401197
другие 0,013423 0,026846
общество 0,265703 0,265703
целью 3,218876 3,218876
массовому 5,010635 5,010635
подвижной 5,010635 10,021271
надзору 0,013423 0,013423
интервью 2,813411 2,813411
издание 0,013423 0,013423
бульвар 0,013423 0,026846
хотите 0,013423 0,013423
заполните 0,013423 0,067115
других 1,966113 1,966113
сетевое 0,013423 0,013423
цельсия 5,010635 10,021271
состоянию 5,010635 10,021271
шахтного 5,010635 5,010635
вновь 0,013423 0,013423
противника 3,624341 3,624341
сменить 0,013423 0,013423
участвовать 0,013423 0,026846
точки 3,218876 3,218876
сообщить 0,013423 0,013423
скриншот 0,013423 0,040269
ключевых 3,064725 3,064725
заводы 4,317488 4,317488
вооружения 4,317488 4,317488
назначение 4,317488 4,317488
поверхности 3,218876 3,218876
спорт 0,190354 0,190354
зала 5,010635 5,010635
прошлом 3,624341 3,624341
линии 3,064725 3,064725
военном 3,624341 3,624341
неизвестно 3,912023 3,912023
заводе 3,912023 3,912023
четыре 2,612740 2,612740
вооружений 5,010635 10,021271
стало 2,813411 5,626821
новейших 5,010635 5,010635
взаимодействия 0,013423 0,026846
известных 2,813411 2,813411
вооружение 5,010635 5,010635
сохранить 0,013423 0,013423
информационное 0,013423 0,040269
баллистической 5,010635 10,021271
федеральному 0,013423 0,026846
цели 2,525729 12,628643
высокой 3,218876 6,437752
российские 2,238047 2,238047
гораздо 3,218876 3,218876
впервые 2,238047 11,190233
фио 0,013423 0,013423
заступит 5,010635 5,010635
пожалуйста 0,013423 0,013423
обеспечивает 3,624341 3,624341
президента 2,525729 2,525729
необходимо 1,791759 1,791759
шутку 5,010635 5,010635
половиной 4,317488 4,317488
ниже 0,013423 0,040269
версия 0,013423 0,013423
ядерного 3,912023 7,824046
поля 0,013423 0,093961
шесть 2,708050 2,708050
государственному 0,013423 0,026846
штаб 5,010635 5,010635
определенными 5,010635 5,010635
знаю 4,317488 4,317488
крупнейших 4,317488 4,317488
европе 2,238047 4,476093
поле 0,013423 0,013423
работу 2,708050 2,708050
поставлен 5,010635 5,010635
зарегистрировано 0,013423 0,013423
туризм 0,283247 0,283247
запущен 5,010635 15,031906
адрес 0,013423 0,040269
соответствии 0,013423 0,026846
характеристики 3,912023 19,560115
загрузите 0,013423 0,013423
сообщения 0,013423 0,067115
загрузить 0,013423 0,013423
направление 3,624341 3,624341
направлении 0,013423 0,013423
первого 2,813411 2,813411
замеченных 0,013423 0,013423
телефон 0,013423 0,013423
особенности 2,708050 2,708050
классифицируется 5,010635 10,021271
безъядерном 5,010635 5,010635
сочетания 3,401197 3,401197
работы 2,302585 2,302585
безъядерной 5,010635 5,010635
сообщение 0,013423 0,134230
старые 0,013423 0,013423
попробуйте 0,013423 0,013423
доставить 4,317488 4,317488
ядерном 4,317488 8,634976
ядерной 4,317488 4,317488
статьи 0,013423 0,013423
характеристик 5,010635 5,010635
подтвердите 0,013423 0,013423
разделить 3,401197 3,401197
тактико 4,317488 17,269952
перетащите 0,013423 0,040269
материале 0,013423 0,026846
культура 0,292136 0,292136
материала 0,013423 0,026846
происшествия 0,292136 0,292136
сообщили 3,218876 3,218876
вашего 0,013423 0,013423
паролем 0,013423 0,013423
скоростных 4,317488 4,317488
экспертов 3,064725 3,064725
современных 3,624341 3,624341
сократит 5,010635 5,010635
зарегистрируйтесь 0,013423 0,013423
обо 0,013423 0,013423
серийный 5,010635 15,031906
маха 5,010635 10,021271
редактор 0,013423 0,013423
фгуп 0,499776 2,498879
тонны 5,010635 5,010635
способны 3,624341 7,248682
предпринять 3,912023 3,912023
отправленного 0,013423 0,013423
хиросиму 5,010635 5,010635
связанные 0,013423 0,053692
целей 2,931194 2,931194
обратная 0,013423 0,026846
риа 0,006689 0,053512
телеграм 5,010635 5,010635
связанных 0,013423 0,013423
опишите 0,013423 0,013423
объектов 3,624341 3,624341
почты 0,013423 0,013423
несколькими 3,624341 3,624341
поэтому 2,014903 2,014903
агентство 0,013423 0,040269
состоялось 3,912023 3,912023
российскими 5,010635 5,010635
критическим 5,010635 20,042541
советского 3,912023 3,912023
отмечал 5,010635 5,010635
агентства 0,013423 0,013423
сегодня 0,013423 0,134230
портала 3,912023 3,912023
температура 3,912023 11,736069
такое 1,875141 3,750282
задается 5,010635 5,010635
типа 3,624341 7,248682
зависимости 2,014903 2,014903
шапка 0,013423 0,013423
отправить 0,013423 0,147653
продолжить 0,013423 0,013423
решении 0,013423 0,013423
военные 3,624341 3,624341
заступило 5,010635 5,010635
благодаря 2,302585 2,302585
воспользуйтесь 0,013423 0,040269
аккаунт 0,013423 0,053692
экономика 0,292136 0,292136
обеспечивающей 5,010635 5,010635
обсуждение 0,013423 0,013423
союза 3,401197 3,401197
мощности 3,401197 3,401197
блокировки 0,013423 0,013423
сложно 3,218876 3,218876
рамках 2,931194 2,931194
которая 1,643339 1,643339
применялся 5,010635 5,010635
делает 2,612740 2,612740
почта 0,013423 0,080538
фамилия 0,013423 0,013423
ракет 4,317488 12,952464
яндекс 0,013423 0,026846
российская 2,708050 2,708050
подвижный 5,010635 5,010635
элементов 3,912023 7,824046
удалили 0,013423 0,040269
либо 0,013423 0,026846
мощность 5,010635 10,021271
аккаунту 0,013423 0,013423
открываемого 0,013423 0,026846
название 3,401197 3,401197
поиск 0,013423 0,013423
согласны 0,013423 0,040269
превосходит 4,317488 4,317488
обеспечивающие 5,010635 5,010635
рекламы 0,013423 0,013423
нанесли 3,912023 3,912023
нарышкин 5,010635 5,010635
высокозащищенные 5,010635 5,010635
базирования 4,317488 4,317488
огневыми 5,010635 5,010635
высоких 5,010635 5,010635
своих 2,612740 2,612740
способна 4,317488 4,317488
применением 3,401197 3,401197
признал 3,624341 3,624341
договорились 4,317488 4,317488
браузер 2,813411 2,813411
заступила 5,010635 5,010635
обсуждения 0,013423 0,013423
заранее 2,708050 2,708050
блокировкой 0,013423 0,040269
серийным 5,010635 5,010635
предположению 5,010635 5,010635
новый 0,013423 0,013423
оценил 4,317488 4,317488
частицы 5,010635 5,010635
поразить 5,010635 5,010635
промышленных 5,010635 5,010635
менее 2,177422 2,177422
удар 3,064725 9,194175
доступ 0,013423 0,026846
миа 0,013423 0,093961
задать 0,013423 0,013423
теги 0,190354 0,190354
использовался 4,317488 4,317488
автору 0,013423 0,013423
удара 3,624341 7,248682
александр 1,455287 1,455287
сообщил 2,445686 2,445686
маневрируют 5,010635 5,010635
исполнении 4,317488 4,317488
должны 0,013423 0,013423
словам 1,752539 3,505078
г 0,013423 0,026846
д 0,013423 0,026846
политика 0,013423 0,026846
гиперзвуковой 5,010635 5,010635
течение 0,013423 0,013423
удары 3,064725 3,064725
атаковал 5,010635 5,010635
орешника 5,010635 30,063812
поражены 5,010635 5,010635
время 0,013423 0,134230
авиабазы 5,010635 5,010635
ранее 0,013423 0,013423
восстановления 0,013423 0,013423
соответствующие 3,624341 3,624341
сергей 1,609438 1,609438
разблокировать 0,013423 0,040269
город 0,013423 0,013423
честно 3,624341 3,624341
массированного 5,010635 5,010635
обращаем 0,013423 0,013423
написать 0,013423 0,013423
новостеймолния 0,013423 0,013423
одноклассники 0,013423 0,026846
построить 5,010635 5,010635
показать 0,013423 0,013423
кнопку 0,013423 0,013423
коммуникаций 0,013423 0,013423
баллистическая 5,010635 15,031906
основные 2,612740 7,838220
ответного 5,010635 5,010635
пароль 0,013423 0,080538
пароля 0,013423 0,053692
боеголовкой 5,010635 5,010635
вход 0,013423 0,013423
продукты 0,150823 0,150823
читать 0,851752 0,851752
удалено 0,013423 0,013423
минобороны 2,525729 5,051457
гаврилова 0,013423 0,013423
киева 2,708050 2,708050
предостережение 5,010635 5,010635
стационарно 5,010635 5,010635
относится 3,401197 10,203592
модернизацией 5,010635 5,010635
расположенному 0,013423 0,026846
публиковались 5,010635 5,010635
инфографика 2,177422 2,177422
видео 1,832581 1,832581
польша 3,064725 12,258901
доставать 4,317488 4,317488
объясняем 5,010635 5,010635
заявлениям 5,010635 5,010635
подлетное 5,010635 20,042541
учредитель 0,013423 0,013423
путина 2,612740 7,838220
мое 0,013423 0,026846
ссылка 0,013423 0,026846
ссылке 0,013423 0,013423
момент 2,708050 2,708050
ссылки 0,013423 0,013423
крупной 3,064725 3,064725
помочь 0,013423 0,013423
обязательны 0,013423 0,093961
роскомнадзор 0,013423 0,013423
испытаний 4,317488 4,317488
блокировался 0,013423 0,013423
инфографикановейшая 5,010635 5,010635
развивать 4,317488 4,317488
дежурство 5,010635 25,053176
москва 0,006689 0,020067
воспользоваться 0,013423 0,013423
редзиково 5,010635 5,010635
входа 0,013423 0,013423
достигает 5,010635 5,010635
моё 0,013423 0,013423
результат 3,218876 3,218876
атаку 3,912023 3,912023
мобильный 5,010635 5,010635
конфликта 2,525729 2,525729
достигли 5,010635 5,010635
эта 2,371578 2,371578
свыше 3,064725 3,064725
заявлял 3,912023 3,912023
днепропетровском 5,010635 5,010635
политикой 0,013423 0,040269
обработки 0,013423 0,026846
даю 0,013423 0,026846
одноименная 5,010635 5,010635
большинства 3,912023 3,912023
неядерном 5,010635 5,010635
обработку 0,013423 0,026846
резиденции 5,010635 5,010635
редакции 0,013423 0,026846
польском 4,317488 4,317488
обращений 0,013423 0,013423
натобрюссельгерманияпольша 5,010635 5,010635
взрыва 5,010635 10,021271
подразделение 3,624341 3,624341
обработка 0,013423 0,013423
это 0,013423 0,040269
резиденцию 4,317488 4,317488
этим 2,238047 2,238047
укрепленных 5,010635 5,010635
прямой 3,912023 3,912023
дальность 5,010635 10,021271
новую 0,013423 0,013423
массовых 0,013423 0,013423
ракетами 4,317488 4,317488
выполнения 3,401197 3,401197
пройдена 0,013423 0,013423
заступление 5,010635 5,010635
баллистические 5,010635 5,010635
зарегистрироваться 0,013423 0,053692
пожаловаться 0,013423 0,013423
дальности 4,317488 21,587441
новости 0,006689 0,060201
войти 0,013423 0,053692
режимом 5,010635 5,010635
электронной 0,013423 0,013423
размещаться 5,010635 5,010635
отличие 3,912023 7,824046
важнейших 3,912023 3,912023
действия 0,013423 0,013423
радио 0,274437 0,274437
противоракетной 5,010635 5,010635
защита 0,013423 0,013423
ответил 2,708050 2,708050
регистрация 0,013423 0,040269
использования 0,013423 0,013423
ударили 5,010635 5,010635
новой 2,813411 8,440232
восстановление 0,013423 0,040269
новое 2,525729 2,525729
германия 3,064725 12,258901
государственное 0,013423 0,013423
модулей 5,010635 5,010635
серийного 4,317488 4,317488
пыль 5,010635 5,010635
спецпроекты 0,190354 0,190354
просим 0,013423 0,013423
заблокирован 0,013423 0,013423
ошибку 0,013423 0,013423
защиты 0,013423 0,013423
максимальная 5,010635 5,010635
путин 1,514128 7,570639
обращения 0,013423 0,026846
ночь 2,708050 2,708050
программу 3,218876 3,218876
глубине 5,010635 10,021271
первый 2,014903 2,014903
пять 2,302585 2,302585
полете 5,010635 5,010635
минут 1,297063 3,891190
ошибка 0,013423 0,013423
техники 3,401197 3,401197
германии 3,064725 3,064725
вопрос 0,006689 0,013378
подтверждаете 0,013423 0,013423
полета 5,010635 20,042541
переход 4,317488 4,317488
ваш 0,013423 0,067115
имя 0,013423 0,067115
ответ 2,931194 2,931194
срок 0,013423 0,026846
расположенные 5,010635 5,010635
боевая 5,010635 5,010635
технологий 0,013423 0,026846
показало 3,912023 7,824046
материал 0,013423 0,013423
успешно 0,013423 0,013423
боевое 5,010635 25,053176
боевой 5,010635 15,031906
лента 0,006689 0,013378
разработки 3,624341 3,624341
внешней 5,010635 5,010635
целям 5,010635 15,031906
южмаш 5,010635 5,010635
разработка 5,010635 15,031906
брюссель 4,317488 17,269952
заблокированы 0,013423 0,013423
сфере 0,013423 0,013423
свидетельство 0,013423 0,013423
правила 0,013423 0,026846
крылатых 5,010635 5,010635
брюсселе 3,912023 3,912023
подчеркивал 5,010635 5,010635
сути 3,624341 3,624341
готовых 5,010635 5,010635
комментирования 0,013423 0,026846
существующие 5,010635 5,010635
разработку 5,010635 5,010635
применение 3,401197 6,802395
дронов 3,218876 3,218876
пресс 0,013423 0,026846
россии 0,395515 3,164118
применения 0,013423 0,040269
применению 5,010635 5,010635
оттого 5,010635 5,010635
киевский 3,912023 3,912023
стратегические 4,317488 4,317488
киевским 5,010635 5,010635
персональных 0,013423 0,107384
произошла 0,013423 0,013423
известно 2,931194 17,587163
дата 0,013423 0,013423
ваше 0,013423 0,107384
скорости 4,317488 8,634976
сайте 0,013423 0,013423
ваши 0,013423 0,013423
ракетной 5,010635 5,010635
восстановить 0,013423 0,013423
существует 2,612740 2,612740
брянской 4,317488 4,317488
речь 3,218876 3,218876
итогам 3,064725 3,064725
значительной 5,010635 5,010635
вопроса 0,013423 0,013423
ракетного 5,010635 15,031906
россия 0,006689 0,113713
существенно 4,317488 4,317488
го 2,177422 6,532266
конца 2,445686 4,891372
скорость 4,317488 12,952464
поражать 5,010635 10,021271
января 1,160488 1,160488
активном 5,010635 5,010635
регистрации 0,013423 0,026846
оружия 3,912023 3,912023
этажей 5,010635 5,010635
использовала 4,317488 4,317488
сайт 0,013423 0,026846
запущенной 5,010635 5,010635
предсказуемым 5,010635 5,010635
сервисы 0,190354 0,190354
задач 3,218876 3,218876
другое 0,013423 0,013423
трех 2,177422 2,177422
принятая 5,010635 5,010635
поддерживаетсяполучить 0,013423 0,013423
зеленский 2,066196 2,066196
мощностью 4,317488 8,634976
отправки 0,013423 0,013423
унитарному 0,013423 0,026846
одноименной 5,010635 5,010635
россияукраинаракета 5,010635 5,010635
поддерживает 2,525729 2,525729
производством 5,010635 5,010635
выберите 0,013423 0,040269
воинских 4,317488 4,317488
производственными 5,010635 5,010635
секунду 3,912023 7,824046
градусов 2,931194 8,793581
чему 4,317488 4,317488
защитой 0,013423 0,026846
пво 3,912023 3,912023
воспринял 5,010635 5,010635
авторизация 0,013423 0,013423
средней 2,302585 9,210340
религия 0,283247 0,283247
форма 0,013423 0,013423
логином 0,013423 0,013423
рейтинг 0,006689 0,006689
галочку 0,013423 0,013423
составляет 2,445686 2,445686
отмечается 3,064725 3,064725
сопоставимых 5,010635 5,010635
нато 2,612740 15,676440
тысяч 2,238047 6,714140
террористическую 5,010635 5,010635
способы 0,013423 0,026846
любой 2,445686 2,445686
недвижимость 0,292136 0,292136
заряды 5,010635 5,010635
перемещаться 5,010635 10,021271
уникальную 5,010635 5,010635
дискуссии 0,013423 0,026846
изделий 4,317488 4,317488
советских 3,064725 3,064725
службы 2,066196 2,066196
унитарное 0,013423 0,013423
форму 0,013423 0,093961
тема 0,013423 0,040269
заряда 5,010635 5,010635
километра 3,912023 7,824046
грунтовый 5,010635 10,021271
комплекса 3,624341 18,121705
рекомендательных 0,013423 0,013423
данная 0,013423 0,013423
ракетную 5,010635 5,010635
фракции 3,401197 3,401197
технические 3,218876 12,875503
проставляя 0,013423 0,013423
заполнения 0,013423 0,093961
крылатую 5,010635 5,010635
полезное 0,182322 0,182322
службе 0,013423 0,013423
релизов 0,013423 0,013423
объекты 4,317488 4,317488
ваших 0,013423 0,026846
частей 3,401197 3,401197
является 2,066196 2,066196
классу 4,317488 12,952464
октября 1,832581 1,832581
который 1,160488 1,160488
инфраструктуры 4,317488 4,317488
идет 2,445686 2,445686
правил 0,013423 0,040269
поражающих 5,010635 10,021271
авторизоваться 0,013423 0,013423
авторизуйтесь 0,013423 0,013423
составит 3,218876 3,218876
создания 2,813411 2,813411
случае 1,714798 1,714798
запуск 4,317488 12,952464
президент 2,238047 6,714140
расширенный 0,013423 0,013423
поставок 4,317488 4,317488
сми 2,177422 2,177422
американской 2,525729 2,525729
которыми 4,317488 4,317488
новыесначала 0,013423 0,013423
орешник 3,218876 112,660654
брсд 5,010635 10,021271
несколько 1,752539 1,752539
стран 2,238047 2,238047
областей 5,010635 5,010635
обеспечения 2,813411 2,813411
собой 2,445686 4,891372
примерно 2,177422 2,177422
ведомстве 5,010635 5,010635
начале 2,445686 2,445686
условиях 2,066196 2,066196
крайне 3,218876 6,437752
география 4,317488 12,952464
участие 0,006689 0,006689
образцов 5,010635 5,010635
комплекс 3,064725 49,035602
достигнуты 4,317488 4,317488
использовать 0,013423 0,013423
опечатка 0,013423 0,013423
бомб 5,010635 5,010635
онлайн 0,013423 0,013423
впк 3,912023 7,824046
контактов 0,013423 0,013423
апреля 0,013423 0,013423
киев 2,302585 2,302585
украинского 3,401197 6,802395
разделяется 5,010635 5,010635
нами 0,013423 0,093961
нем 2,612740 2,612740
владимир 1,373049 5,492197
вакансии 0,013423 0,013423
формат 2,445686 2,445686
годы 3,624341 3,624341
нажимая 0,013423 0,013423
вами 0,013423 0,013423
недопустимое 0,013423 0,013423
году 1,139434 1,139434
проделана 5,010635 5,010635
всу 2,238047 2,238047
альянса 5,010635 5,010635
официальный 3,624341 3,624341
истек 0,013423 0,013423
невозможно 2,525729 2,525729
предприятию 0,013423 0,026846
средствами 3,401197 3,401197
участке 3,912023 3,912023
официальным 3,064725 3,064725
внимание 0,013423 0,013423
принимать 0,013423 0,013423
пределах 3,218876 3,218876
значительно 3,218876 3,218876
сможете 0,013423 0,013423
года 0,006689 0,046823
ознакомлены 0,013423 0,013423
разделяющаяся 5,010635 5,010635
завершения 2,931194 2,931194
подготовленными 5,010635 5,010635
линиями 5,010635 5,010635
элементарные 5,010635 5,010635
моих 0,013423 0,026846
очень 1,678431 1,678431
полигона 5,010635 5,010635
предприятие 0,013423 0,013423
наука 0,292136 0,292136
предприятий 3,912023 3,912023
видов 3,401197 3,401197
