законным 0,013423 0,013423
рф 1,181994 1,181994
новый 0,013423 0,013423
день 1,203973 1,203973
покрасить 2,813411 16,880464
найти 0,013423 0,013423
основанием 0,013423 0,013423
письмо 0,013423 0,013423
спасибо 0,013423 0,013423
милосердием 5,010635 5,010635
горку 3,912023 3,912023
аллергии 4,317488 4,317488
согласие 0,013423 0,026846
делиться 5,010635 5,010635
центр 0,190354 0,380707
доступ 0,013423 0,026846
миа 0,013423 0,026846
задать 0,013423 0,013423
теги 0,190354 0,190354
автору 0,013423 0,013423
народные 3,401197 6,802395
связаться 0,013423 0,080538
должны 0,013423 0,013423
иисус 3,218876 9,656627
шириковтеолог 3,624341 3,624341
г 0,013423 0,026846
д 0,013423 0,026846
реклама 0,190354 0,190354
йоханнесбург 5,010635 5,010635
фото 0,013423 0,013423
политика 0,013423 0,026846
связь 0,006689 0,013378
й 2,014903 2,014903
добротой 5,010635 5,010635
четверг 3,401197 3,401197
уникальна 3,624341 3,624341
стихийных 2,931194 2,931194
готово 0,013423 0,026846
течение 0,013423 0,013423
область 1,714798 3,429597
информационных 0,013423 0,013423
размещения 0,013423 0,013423
делам 3,064725 6,129450
конфиденциальности 0,013423 0,053692
обеспечена 5,010635 5,010635
сербского 3,912023 3,912023
связи 0,013423 0,080538
заголовок 0,013423 0,026846
пасхальное 3,624341 7,248682
пасхальной 3,401197 6,802395
процесса 0,013423 0,013423
адресу 0,013423 0,026846
проблему 0,013423 0,013423
рецепты 1,139434 4,557737
время 0,013423 0,026846
данных 0,013423 0,107384
мегаполис 3,912023 3,912023
письма 0,013423 0,013423
часов 0,013423 0,026846
соглашаетесь 0,013423 0,013423
республика 2,612740 2,612740
ранее 0,013423 0,013423
восстановления 0,013423 0,013423
главный 0,013423 0,013423
данные 0,013423 0,013423
чистый 5,010635 5,010635
веру 5,010635 5,010635
разблокировать 0,013423 0,040269
город 0,013423 0,013423
призвал 2,813411 2,813411
красную 3,218876 3,218876
фотографию 0,013423 0,013423
поездок 5,010635 5,010635
обращаем 0,013423 0,013423
отправлено 0,013423 0,013423
написать 0,013423 0,013423
новостеймолния 0,013423 0,013423
схождение 3,624341 3,624341
одноклассники 0,013423 0,026846
сначала 0,013423 0,013423
совершили 5,010635 5,010635
показать 0,013423 0,013423
кнопку 0,013423 0,013423
коммуникаций 0,013423 0,013423
русских 3,064725 3,064725
пароль 0,013423 0,080538
пароля 0,013423 0,053692
последствий 2,525729 2,525729
подмосковье 2,371578 7,114734
перейдите 0,013423 0,013423
гуманитарный 5,010635 5,010635
светлое 2,931194 29,311938
вход 0,013423 0,013423
путину 3,218876 3,218876
продукты 0,150823 0,150823
закрыто 0,013423 0,013423
хозяйство 3,401197 3,401197
удалено 0,013423 0,013423
сколько 0,006689 0,006689
гаврилова 0,013423 0,013423
материалов 0,013423 0,053692
отправлена 0,013423 0,013423
чате 0,013423 0,013423
городское 3,912023 3,912023
прошла 3,624341 3,624341
цвета 2,445686 2,445686
расположенному 0,013423 0,026846
чату 0,013423 0,013423
редакцией 0,013423 0,013423
прошло 5,010635 5,010635
содружества 5,010635 5,010635
учредитель 0,013423 0,013423
рассмотрены 0,013423 0,013423
обороны 2,177422 2,177422
мое 0,013423 0,026846
московский 3,064725 3,064725
ссылка 0,013423 0,026846
последние 1,098612 1,098612
инструкция 2,238047 2,238047
ссылке 0,013423 0,013423
перетяните 0,013423 0,013423
ссылки 0,013423 0,013423
помочь 0,013423 0,013423
архив 0,190354 0,190354
церкви 4,317488 4,317488
благодатного 3,401197 3,401197
ошибках 0,013423 0,013423
константин 3,064725 3,064725
обязательны 0,013423 0,093961
освящать 3,912023 3,912023
бирюков 3,624341 3,624341
выпуска 0,013423 0,013423
списка 0,013423 0,013423
формой 0,013423 0,053692
делать 2,238047 6,714140
светлая 3,624341 7,248682
роскомнадзор 0,013423 0,013423
зарайский 5,010635 5,010635
московская 2,525729 5,051457
блокировался 0,013423 0,013423
лазарева 5,010635 5,010635
москве 1,118815 2,237630
москва 0,006689 0,040134
воспользоваться 0,013423 0,013423
входа 0,013423 0,013423
врач 2,931194 5,862388
моё 0,013423 0,013423
федеральное 0,013423 0,026846
федеральной 0,013423 0,013423
большом 3,912023 3,912023
христос 3,218876 9,656627
привычках 5,010635 5,010635
большой 2,445686 2,445686
международное 0,013423 0,040269
пошаговая 2,238047 4,476093
свыше 3,064725 3,064725
будут 0,013423 0,013423
новостей 0,006689 0,006689
лучших 1,832581 1,832581
православная 2,612740 18,289180
москвы 1,455287 1,455287
политикой 0,013423 0,040269
суеверия 3,624341 3,624341
островский 5,010635 5,010635
подарил 3,912023 3,912023
подмосковья 3,218876 3,218876
обработки 0,013423 0,026846
даю 0,013423 0,026846
жизни 2,120264 2,120264
обработку 0,013423 0,026846
обратной 0,013423 0,067115
подкасты 0,292136 0,292136
редакции 0,013423 0,026846
экзархата 5,010635 5,010635
обращений 0,013423 0,013423
обработка 0,013423 0,013423
это 0,013423 0,013423
назвала 2,525729 2,525729
описанием 0,013423 0,013423
новую 0,013423 0,013423
массовых 0,013423 0,013423
пройдена 0,013423 0,013423
используется 0,013423 0,013423
театре 3,912023 3,912023
зарегистрироваться 0,013423 0,053692
пожаловаться 0,013423 0,013423
сентября 1,514128 1,514128
новости 0,006689 0,046823
войти 0,013423 0,053692
электронной 0,013423 0,013423
рецептов 2,177422 2,177422
недели 2,708050 5,416100
мире 0,274437 1,372184
эл 0,013423 0,013423
действия 0,013423 0,013423
радио 0,274437 0,274437
защита 0,013423 0,013423
регистрация 0,013423 0,040269
почему 0,013423 0,040269
использования 0,013423 0,013423
восстановление 0,013423 0,040269
вопросам 0,013423 0,026846
государственное 0,013423 0,013423
ветками 3,624341 3,624341
вине 2,708050 5,416100
христово 2,708050 27,080502
вконтакте 0,013423 0,026846
седмица 3,624341 7,248682
спецпроекты 0,190354 0,190354
просим 0,013423 0,013423
навсегда 0,013423 0,013423
нарушение 0,013423 0,040269
заблокирован 0,013423 0,013423
религиозные 3,218876 25,751007
ошибку 0,013423 0,013423
защиты 0,013423 0,013423
седмицу 5,010635 5,010635
путин 1,514128 4,542383
добровольцев 4,317488 4,317488
назад 0,013423 0,067115
памяти 3,401197 3,401197
обращения 0,013423 0,026846
международному 4,317488 4,317488
февраля 0,616186 0,616186
ошибка 0,013423 0,013423
кладбище 3,624341 3,624341
значение 2,302585 2,302585
вопрос 0,006689 0,006689
суббота 3,624341 3,624341
зубовский 0,013423 0,026846
подтверждаете 0,013423 0,013423
заполнить 0,013423 0,026846
пасхой 3,624341 3,624341
осуществляется 0,013423 0,013423
ваш 0,013423 0,053692
имя 0,013423 0,067115
другие 0,013423 0,026846
общество 0,265703 2,922735
радоницы 5,010635 5,010635
надзору 0,013423 0,013423
срок 0,013423 0,026846
издание 0,013423 0,013423
приметы 3,218876 6,437752
бульвар 0,013423 0,026846
хотите 0,013423 0,013423
заполните 0,013423 0,067115
воскресенье 2,931194 2,931194
технологий 0,013423 0,026846
сетевое 0,013423 0,013423
первозванский 5,010635 5,010635
традиции 1,966113 17,695016
сочетают 4,317488 4,317488
неделю 1,373049 1,373049
гундяев 3,624341 7,248682
вновь 0,013423 0,013423
яйца 1,966113 15,728903
сменить 0,013423 0,013423
российско 4,317488 4,317488
материал 0,013423 0,013423
участвовать 0,013423 0,026846
сообщить 0,013423 0,013423
успешно 0,013423 0,013423
скриншот 0,013423 0,040269
лента 0,006689 0,013378
мчс 3,218876 3,218876
яйцо 2,612740 2,612740
заблокированы 0,013423 0,013423
спорт 0,190354 0,190354
россотрудничество 5,010635 5,010635
суть 2,525729 5,051457
сфере 0,013423 0,013423
месяц 1,297063 1,297063
церковь 2,708050 18,956351
свидетельство 0,013423 0,013423
весенних 5,010635 5,010635
правила 0,013423 0,026846
африка 3,624341 3,624341
взаимодействия 0,013423 0,026846
африки 4,317488 4,317488
глава 2,612740 2,612740
богослужений 5,010635 5,010635
сохранить 0,013423 0,013423
информационное 0,013423 0,040269
министерство 2,238047 2,238047
богослужение 3,912023 3,912023
комментирования 0,013423 0,026846
гражданской 2,708050 2,708050
пасхальных 3,624341 3,624341
пресс 0,013423 0,026846
космос 4,317488 8,634976
сербский 3,912023 11,736069
россии 0,395515 0,791030
применения 0,013423 0,013423
федеральному 0,013423 0,026846
персональных 0,013423 0,107384
произошла 0,013423 0,013423
важно 2,120264 2,120264
ваше 0,013423 0,107384
дата 0,013423 0,026846
традиционные 2,371578 7,114734
сайте 0,013423 0,013423
ваши 0,013423 0,013423
проходит 2,931194 2,931194
фио 0,013423 0,013423
восстановить 0,013423 0,013423
кирилл 1,919593 7,678371
патриарх 3,218876 19,313255
пожалуйста 0,013423 0,013423
фестиваль 3,218876 3,218876
симптомы 3,624341 3,624341
ниже 0,013423 0,040269
версия 0,013423 0,013423
вопроса 0,013423 0,013423
снижать 3,912023 3,912023
россия 0,006689 0,107024
поля 0,013423 0,093961
космонавты 5,010635 5,010635
государственному 0,013423 0,026846
тен 5,010635 5,010635
регистрации 0,013423 0,026846
ситуациям 3,064725 3,064725
поле 0,013423 0,013423
сайт 0,013423 0,026846
дома 2,238047 2,238047
правильно 2,066196 4,132393
сервисы 0,190354 0,190354
зарегистрировано 0,013423 0,013423
помнить 3,912023 3,912023
рубежом 3,912023 3,912023
другое 0,013423 0,013423
туризм 0,283247 0,283247
поддерживаетсяполучить 0,013423 0,013423
адрес 0,013423 0,040269
соответствии 0,013423 0,026846
полезных 3,218876 3,218876
загрузите 0,013423 0,013423
взглядах 4,317488 4,317488
сообщения 0,013423 0,053692
вигилянский 5,010635 5,010635
загрузить 0,013423 0,013423
театр 3,624341 3,624341
направлении 0,013423 0,013423
замеченных 0,013423 0,013423
телефон 0,013423 0,013423
отправки 0,013423 0,013423
унитарному 0,013423 0,026846
период 1,160488 1,160488
праздник 2,525729 5,051457
селидово 5,010635 10,021271
проживающих 5,010635 5,010635
сообщение 0,013423 0,134230
зарема 5,010635 5,010635
выберите 0,013423 0,040269
старые 0,013423 0,013423
палестина 2,931194 2,931194
попробуйте 0,013423 0,013423
днр 3,912023 3,912023
юар 4,317488 8,634976
порфирий 3,912023 7,824046
пасха 2,813411 92,842554
защитой 0,013423 0,026846
статьи 0,013423 0,013423
подтвердите 0,013423 0,013423
авторизация 0,013423 0,013423
религия 0,283247 4,248712
форма 0,013423 0,013423
логином 0,013423 0,013423
пасхальная 5,010635 5,010635
рейтинг 0,006689 0,006689
галочку 0,013423 0,013423
пасху 2,708050 27,080502
перетащите 0,013423 0,040269
материале 0,013423 0,026846
культура 0,292136 0,584273
материала 0,013423 0,026846
происшествия 0,292136 0,292136
мероприятий 3,624341 3,624341
пасхе 3,064725 6,129450
прощеное 4,317488 4,317488
вашего 0,013423 0,013423
паролем 0,013423 0,013423
способы 0,013423 0,040269
оригинальные 2,445686 4,891372
зарегистрируйтесь 0,013423 0,013423
обо 0,013423 0,013423
недвижимость 0,292136 0,292136
соотечественников 5,010635 5,010635
ликвидации 2,813411 2,813411
дискуссии 0,013423 0,026846
ходить 3,624341 3,624341
редактор 0,013423 0,013423
унитарное 0,013423 0,013423
бедствий 3,064725 3,064725
форму 0,013423 0,093961
тема 0,013423 0,040269
отправленного 0,013423 0,013423
связанные 0,013423 0,013423
рекомендательных 0,013423 0,013423
данная 0,013423 0,013423
служба 2,238047 2,238047
обратная 0,013423 0,026846
риа 0,006689 0,020067
здоровье 2,445686 2,445686
проставляя 0,013423 0,013423
связанных 0,013423 0,013423
опишите 0,013423 0,013423
заполнения 0,013423 0,093961
разные 2,445686 4,891372
полезное 0,182322 0,182322
год 0,967584 0,967584
службе 0,013423 0,013423
максим 2,525729 2,525729
навигаторриа 2,445686 2,445686
релизов 0,013423 0,013423
открылся 3,624341 3,624341
чрезвычайным 3,064725 3,064725
каркаде 3,401197 6,802395
ваших 0,013423 0,026846
почты 0,013423 0,013423
пасхального 3,912023 3,912023
сербия 5,010635 5,010635
безопасность 2,813411 2,813411
который 1,160488 1,160488
сербии 4,317488 4,317488
православие 3,401197 13,604790
агентство 0,013423 0,053692
правил 0,013423 0,040269
авторизоваться 0,013423 0,013423
авторизуйтесь 0,013423 0,013423
сербская 5,010635 5,010635
пожарная 5,010635 5,010635
поздравил 2,708050 2,708050
агентства 0,013423 0,013423
сегодня 0,013423 0,107384
расширенный 0,013423 0,013423
независимых 4,317488 4,317488
петр 2,445686 2,445686
католическая 3,218876 3,218876
отмечают 2,525729 2,525729
священник 3,218876 6,437752
народная 3,218876 3,218876
новыесначала 0,013423 0,013423
отпраздновали 5,010635 5,010635
шапка 0,013423 0,013423
отправить 0,013423 0,147653
продолжить 0,013423 0,013423
справки 1,875141 1,875141
решении 0,013423 0,013423
рассказал 1,347074 5,388295
воспользуйтесь 0,013423 0,040269
участие 0,006689 0,006689
донецкая 3,624341 3,624341
аккаунт 0,013423 0,053692
экономика 0,292136 0,292136
обсуждение 0,013423 0,013423
использовать 0,013423 0,013423
опечатка 0,013423 0,013423
государств 3,624341 3,624341
блокировки 0,013423 0,013423
онлайн 0,013423 0,013423
воскресение 2,931194 29,311938
десять 2,612740 2,612740
контактов 0,013423 0,013423
почта 0,013423 0,080538
стегают 3,624341 3,624341
история 1,484275 5,937099
апреля 0,013423 0,469806
фамилия 0,013423 0,013423
патриарха 3,624341 3,624341
нами 0,013423 0,093961
яндекс 0,013423 0,026846
русская 2,177422 13,064532
удалили 0,013423 0,040269
владимир 1,373049 8,238295
либо 0,013423 0,013423
вакансии 0,013423 0,013423
сотрудничеству 5,010635 5,010635
праздники 1,791759 14,334076
аккаунту 0,013423 0,013423
открываемого 0,013423 0,026846
нажимая 0,013423 0,013423
поиск 0,013423 0,013423
вами 0,013423 0,013423
недопустимое 0,013423 0,013423
году 1,139434 1,139434
тысячи 2,931194 2,931194
кулича 3,912023 3,912023
согласны 0,013423 0,040269
рсгц 5,010635 5,010635
истек 0,013423 0,013423
появления 2,612740 5,225480
пасхальный 4,317488 4,317488
куличи 3,912023 3,912023
предприятию 0,013423 0,026846
рекламы 0,013423 0,013423
мартынов 4,317488 4,317488
внимание 0,013423 0,013423
принимать 0,013423 0,013423
алексей 1,966113 1,966113
соц 2,371578 2,371578
огня 2,708050 2,708050
сможете 0,013423 0,013423
рцнк 5,010635 5,010635
красят 3,064725 6,129450
года 0,006689 0,006689
мострансавто 5,010635 10,021271
расписание 2,612740 2,612740
науку 3,912023 3,912023
ознакомлены 0,013423 0,013423
дням 3,064725 3,064725
гуманитарному 5,010635 5,010635
моих 0,013423 0,026846
предприятие 0,013423 0,013423
наука 0,292136 0,584273
светлую 5,010635 5,010635
продукт 2,931194 2,931194
обсуждения 0,013423 0,013423
блокировкой 0,013423 0,040269
