иностранных 2,612740 2,612740
законным 0,013423 0,013423
рф 1,181994 1,181994
новый 0,013423 0,013423
найти 0,013423 0,013423
основанием 0,013423 0,013423
ханияобострение 5,010635 5,010635
письмо 0,013423 0,013423
спасибо 0,013423 0,013423
путингосударственный 5,010635 5,010635
согласие 0,013423 0,026846
центр 0,190354 0,380707
петербург 2,813411 2,813411
доступ 0,013423 0,026846
лавровхамасвокруг 5,010635 5,010635
миа 0,013423 0,026846
задать 0,013423 0,013423
теги 0,190354 0,380707
автору 0,013423 0,013423
мид 3,064725 3,064725
связаться 0,013423 0,080538
должны 0,013423 0,013423
г 0,013423 0,040269
д 0,013423 0,040269
реклама 0,190354 0,190354
фото 0,013423 0,013423
политика 0,013423 0,026846
связь 0,006689 0,013378
нетаньяхуиранбезработицапособие 5,010635 5,010635
санкт 2,525729 2,525729
готово 0,013423 0,026846
течение 0,013423 0,013423
информационных 0,013423 0,013423
размещения 0,013423 0,013423
конфиденциальности 0,013423 0,053692
мир 1,966113 1,966113
связи 0,013423 0,080538
заголовок 0,013423 0,026846
процесса 0,013423 0,013423
адресу 0,013423 0,026846
проблему 0,013423 0,013423
время 0,013423 0,013423
данных 0,013423 0,107384
письма 0,013423 0,013423
часов 0,013423 0,026846
жомарт 3,401197 3,401197
соглашаетесь 0,013423 0,013423
ранее 0,013423 0,013423
восстановления 0,013423 0,013423
главный 0,013423 0,013423
данные 0,013423 0,013423
имени 2,371578 2,371578
разблокировать 0,013423 0,040269
город 0,013423 0,013423
фотографию 0,013423 0,013423
обращаем 0,013423 0,013423
отправлено 0,013423 0,013423
написать 0,013423 0,013423
новостеймолния 0,013423 0,013423
одноклассники 0,013423 0,026846
сначала 0,013423 0,013423
москвыжкхпетр 5,010635 5,010635
институтпармауралмашдинамо 5,010635 5,010635
показать 0,013423 0,013423
кнопку 0,013423 0,013423
коммуникаций 0,013423 0,013423
олимпийские 2,931194 2,931194
пароль 0,013423 0,080538
пароля 0,013423 0,053692
перейдите 0,013423 0,013423
олимпийский 3,912023 3,912023
вход 0,013423 0,013423
продукты 0,150823 0,150823
закрыто 0,013423 0,013423
хозяйство 3,401197 3,401197
удалено 0,013423 0,013423
сталинградская 3,624341 3,624341
сколько 0,006689 0,006689
гаврилова 0,013423 0,013423
материалов 0,013423 0,040269
отправлена 0,013423 0,013423
чате 0,013423 0,013423
расположенному 0,013423 0,026846
чату 0,013423 0,013423
редакцией 0,013423 0,013423
учредитель 0,013423 0,013423
рассмотрены 0,013423 0,013423
мое 0,013423 0,026846
московский 3,064725 3,064725
ссылка 0,013423 0,026846
мок 4,317488 4,317488
ссылке 0,013423 0,013423
перетяните 0,013423 0,013423
ссылки 0,013423 0,013423
помочь 0,013423 0,013423
архив 0,190354 0,190354
белоруссияединая 5,010635 5,010635
ошибках 0,013423 0,013423
обязательны 0,013423 0,093961
сша 1,118815 1,118815
авиационный 5,010635 5,010635
выпуска 0,013423 0,013423
списка 0,013423 0,013423
формой 0,013423 0,053692
освобождение 2,931194 2,931194
роскомнадзор 0,013423 0,013423
блокировался 0,013423 0,013423
москва 0,006689 0,013378
воспользоваться 0,013423 0,013423
русской 1,752539 1,752539
экспортный 3,624341 3,624341
российской 1,678431 1,678431
входа 0,013423 0,013423
моё 0,013423 0,013423
федеральное 0,013423 0,013423
федеральной 0,013423 0,013423
конфликта 2,525729 2,525729
международное 0,013423 0,040269
будут 0,013423 0,013423
трампрэу 3,912023 3,912023
новостей 0,006689 0,006689
политикой 0,013423 0,040269
обработки 0,013423 0,026846
даю 0,013423 0,026846
обработку 0,013423 0,026846
обратной 0,013423 0,067115
палестино 3,624341 7,248682
подкасты 0,292136 0,292136
редакции 0,013423 0,026846
обращений 0,013423 0,013423
обработка 0,013423 0,013423
это 0,013423 0,013423
миредональд 5,010635 5,010635
речной 3,624341 3,624341
токаевяпониявладимир 5,010635 5,010635
описанием 0,013423 0,013423
новую 0,013423 0,013423
массовых 0,013423 0,013423
пройдена 0,013423 0,013423
используется 0,013423 0,013423
зарегистрироваться 0,013423 0,053692
пожаловаться 0,013423 0,013423
новости 0,006689 0,013378
войти 0,013423 0,053692
захаровамиланминистерство 5,010635 5,010635
электронной 0,013423 0,013423
мире 0,274437 0,274437
эл 0,013423 0,013423
действия 0,013423 0,013423
радио 0,274437 0,274437
годуоонпалестинасергей 5,010635 5,010635
защита 0,013423 0,013423
регистрация 0,013423 0,040269
почему 0,013423 0,013423
использования 0,013423 0,013423
восстановление 0,013423 0,040269
вопросам 0,013423 0,026846
государственное 0,013423 0,013423
вконтакте 0,013423 0,026846
спецпроекты 0,190354 0,190354
просим 0,013423 0,013423
навсегда 0,013423 0,013423
нарушение 0,013423 0,040269
заблокирован 0,013423 0,013423
ошибку 0,013423 0,013423
защиты 0,013423 0,013423
назад 0,013423 0,067115
обращения 0,013423 0,026846
футболу 3,401197 3,401197
конфликтаобострение 5,010635 5,010635
игры 1,791759 1,791759
список 2,014903 2,014903
паралимпийские 3,624341 3,624341
ошибка 0,013423 0,013423
рэц 3,401197 3,401197
дел 2,612740 2,612740
антонио 3,912023 3,912023
вопрос 0,006689 0,006689
зубовский 0,013423 0,026846
подтверждаете 0,013423 0,013423
народамосвобождение 5,010635 5,010635
заполнить 0,013423 0,026846
осуществляется 0,013423 0,013423
ваш 0,013423 0,053692
имя 0,013423 0,067115
другие 0,013423 0,026846
общество 0,265703 0,265703
надзору 0,013423 0,013423
срок 0,013423 0,026846
рплдмитрий 5,010635 5,010635
издание 0,013423 0,013423
бульвар 0,013423 0,026846
хотите 0,013423 0,013423
заполните 0,013423 0,067115
технологий 0,013423 0,026846
сетевое 0,013423 0,013423
тэги 5,010635 5,010635
вновь 0,013423 0,013423
сменить 0,013423 0,013423
материал 0,013423 0,013423
трансферы 4,317488 4,317488
участвовать 0,013423 0,026846
сообщить 0,013423 0,013423
успешно 0,013423 0,013423
скриншот 0,013423 0,040269
федерации 2,177422 2,177422
лента 0,006689 0,013378
спортакортина 5,010635 5,010635
заблокированы 0,013423 0,013423
спорт 0,190354 0,190354
сфере 0,013423 0,013423
биографиирецепты 5,010635 5,010635
свидетельство 0,013423 0,013423
правила 0,013423 0,026846
взаимодействия 0,013423 0,026846
теннисная 4,317488 4,317488
сохранить 0,013423 0,013423
информационное 0,013423 0,040269
комментирования 0,013423 0,026846
пресс 0,013423 0,026846
россии 0,395515 0,395515
применения 0,013423 0,013423
чайковскийсочиюрий 5,010635 5,010635
федеральному 0,013423 0,026846
персональных 0,013423 0,107384
произошла 0,013423 0,013423
дата 0,013423 0,013423
ваше 0,013423 0,107384
сайте 0,013423 0,013423
ваши 0,013423 0,013423
ампеццомеждународный 5,010635 5,010635
чемпионат 3,401197 3,401197
фио 0,013423 0,013423
восстановить 0,013423 0,013423
казахстанкасым 5,010635 5,010635
пожалуйста 0,013423 0,013423
альпертмузей 5,010635 5,010635
игрыроссияпроисшествияарктикаберингов 5,010635 5,010635
безработицеработатрудоустройствоженская 5,010635 5,010635
свитолинаевгений 5,010635 5,010635
ниже 0,013423 0,040269
версия 0,013423 0,013423
вопроса 0,013423 0,013423
россия 0,006689 0,046823
поля 0,013423 0,093961
государственному 0,013423 0,026846
втбзенит 5,010635 5,010635
регистрации 0,013423 0,026846
поле 0,013423 0,013423
сайт 0,013423 0,026846
сервисы 0,190354 0,190354
трансляции 4,317488 4,317488
штат 2,931194 2,931194
зарегистрировано 0,013423 0,013423
другое 0,013423 0,013423
туризм 0,283247 0,283247
поддерживаетсяполучить 0,013423 0,013423
адрес 0,013423 0,040269
соответствии 0,013423 0,026846
загрузите 0,013423 0,013423
сообщения 0,013423 0,053692
загрузить 0,013423 0,013423
собянин 3,624341 3,624341
направлении 0,013423 0,013423
замеченных 0,013423 0,013423
телефон 0,013423 0,013423
отправки 0,013423 0,013423
гуменникмтсроссийский 5,010635 5,010635
унитарному 0,013423 0,026846
ассоциация 3,912023 3,912023
сообщение 0,013423 0,134230
выберите 0,013423 0,040269
старые 0,013423 0,013423
управленияизраильисмаил 5,010635 5,010635
попробуйте 0,013423 0,013423
плехановасшаминская 5,010635 5,010635
путь 2,612740 2,612740
калласпавел 3,624341 3,624341
защитой 0,013423 0,026846
статьи 0,013423 0,013423
подтвердите 0,013423 0,013423
авторизация 0,013423 0,013423
религия 0,283247 0,283247
форма 0,013423 0,013423
логином 0,013423 0,013423
рейтинг 0,006689 0,006689
галочку 0,013423 0,013423
победеотражениесовинформбюросоциальный 5,010635 5,010635
петросянзимние 4,317488 4,317488
перетащите 0,013423 0,040269
материале 0,013423 0,026846
культура 0,292136 0,292136
материала 0,013423 0,026846
происшествия 0,292136 0,292136
вашего 0,013423 0,013423
паролем 0,013423 0,013423
матчейкаори 5,010635 5,010635
способы 0,013423 0,026846
халдейленинградлуганскмакс 5,010635 5,010635
зарегистрируйтесь 0,013423 0,013423
обо 0,013423 0,013423
областьмосквасеверный 5,010635 5,010635
недвижимость 0,292136 0,292136
часарецепты 2,813411 2,813411
навигаторпростые 5,010635 5,010635
дискуссии 0,013423 0,026846
рецептырецепты 1,875141 1,875141
гауффэлина 5,010635 5,010635
редактор 0,013423 0,013423
унитарное 0,013423 0,013423
башметаделия 5,010635 5,010635
форму 0,013423 0,093961
план 2,371578 2,371578
тема 0,013423 0,040269
вокзалалександр 5,010635 5,010635
отправленного 0,013423 0,013423
связанные 0,013423 0,013423
рекомендательных 0,013423 0,013423
данная 0,013423 0,013423
обратная 0,013423 0,026846
риа 0,006689 0,013378
проставляя 0,013423 0,013423
связанных 0,013423 0,013423
опишите 0,013423 0,013423
заполнения 0,013423 0,093961
полезное 0,182322 0,182322
москваинститутокрылья 5,010635 5,010635
службе 0,013423 0,013423
сакамотопётр 5,010635 5,010635
релизов 0,013423 0,013423
ваших 0,013423 0,026846
комитет 3,064725 3,064725
почты 0,013423 0,013423
агентство 0,013423 0,040269
правил 0,013423 0,040269
авторизоваться 0,013423 0,013423
авторизуйтесь 0,013423 0,013423
агентства 0,013423 0,013423
сегодня 0,013423 0,067115
расширенный 0,013423 0,013423
битва 3,624341 3,624341
новыесначала 0,013423 0,013423
приготовления 1,791759 1,791759
шапка 0,013423 0,013423
отправить 0,013423 0,147653
продолжить 0,013423 0,013423
решении 0,013423 0,013423
лига 2,371578 2,371578
зарубинстрана 5,010635 5,010635
воспользуйтесь 0,013423 0,040269
участие 0,006689 0,006689
аккаунт 0,013423 0,053692
экономика 0,292136 0,292136
израильского 3,624341 7,248682
обсуждение 0,013423 0,013423
использовать 0,013423 0,013423
опечатка 0,013423 0,013423
снегопад 2,708050 2,708050
москвеавстралиявашингтон 5,010635 5,010635
блокировки 0,013423 0,013423
онлайн 0,013423 0,013423
песковевросоюзкайя 5,010635 5,010635
контактов 0,013423 0,013423
почта 0,013423 0,080538
апреля 0,013423 0,013423
проливв 5,010635 5,010635
фамилия 0,013423 0,013423
нами 0,013423 0,093961
яндекс 0,013423 0,026846
таянииталиямария 5,010635 5,010635
университет 3,218876 3,218876
удалили 0,013423 0,040269
либо 0,013423 0,013423
украинеукраинавайлдберриз 5,010635 5,010635
вакансии 0,013423 0,013423
аккаунту 0,013423 0,013423
открываемого 0,013423 0,026846
нажимая 0,013423 0,013423
кори 5,010635 5,010635
поиск 0,013423 0,013423
кухнирецепты 2,612740 2,612740
вами 0,013423 0,013423
недопустимое 0,013423 0,013423
советоврпл 5,010635 5,010635
согласны 0,013423 0,040269
истек 0,013423 0,013423
предприятию 0,013423 0,026846
рекламы 0,013423 0,013423
внимание 0,013423 0,013423
принимать 0,013423 0,013423
сможете 0,013423 0,013423
года 0,006689 0,006689
бирюковпогодасергей 5,010635 5,010635
ознакомлены 0,013423 0,013423
росэксимбанкэкономикаобществоотношениякиевмвфмирный 5,010635 5,010635
моих 0,013423 0,026846
предприятие 0,013423 0,013423
наука 0,292136 0,292136
суповгородское 5,010635 5,010635
обсуждения 0,013423 0,013423
блокировкой 0,013423 0,040269
