蟹邪泻芯薪薪褘屑 0,013423 0,013423
褍斜械卸懈褖械 5,010635 5,010635
斜邪薪泻 2,813411 2,813411
薪芯胁褘泄 0,013423 0,013423
褋芯褑懈芯谢芯谐懈褟 5,010635 5,010635
薪邪泄褌懈 0,013423 0,013423
芯褋薪芯胁邪薪懈械屑 0,013423 0,013423
邪泻邪写械屑懈褟 3,218876 35,407634
锌懈褋褜屑芯 0,013423 0,013423
褋锌邪褋懈斜芯 0,013423 0,013423
蟹邪褟胁懈谢 1,427116 2,854233
褋芯谐谢邪褋懈械 0,013423 0,026846
褑械薪褌褉 0,190354 0,190354
锌械褌械褉斜褍褉谐屑芯褋泻胁邪褋邪薪泻褌 5,010635 5,010635
写芯褋褌褍锌 0,013423 0,040269
屑懈邪 0,013423 0,026846
锌芯屑芯褖褜褞 1,919593 3,839186
芯斜褖械褋褌胁芯褎械写械褉邪谢褜薪芯械 5,010635 5,010635
蟹邪写邪褌褜 0,013423 0,013423
褌械谐懈 0,190354 0,190354
邪胁褌芯褉褍 0,013423 0,013423
褋胁褟蟹邪褌褜褋褟 0,013423 0,080538
褋芯芯斜褖懈谢 2,445686 2,445686
写芯谢卸薪褘 0,013423 0,013423
谐 0,013423 0,026846
写 0,013423 0,026846
褉械泻谢邪屑邪 0,190354 0,190354
泻褉懈屑懈薪邪谢褜薪褘褏 5,010635 5,010635
褎芯褌芯 0,013423 0,026846
锌芯谢懈褌懈泻邪 0,013423 0,026846
褋胁褟蟹褜 0,006689 0,013378
斜褍褉褟 5,010635 15,031906
褕邪写邪械胁 5,010635 5,010635
锌芯褟胁懈谢邪褋褜 3,912023 7,824046
谐芯褌芯胁芯 0,013423 0,026846
褌械褔械薪懈械 0,013423 0,013423
懈薪褎芯褉屑邪褑懈芯薪薪褘褏 0,013423 0,026846
褉邪蟹屑械褖械薪懈褟 0,013423 0,013423
泻芯薪褎懈写械薪褑懈邪谢褜薪芯褋褌懈 0,013423 0,053692
屑懈褉 1,966113 1,966113
褋胁褟蟹懈 0,013423 0,093961
蟹邪谐芯谢芯胁芯泻 0,013423 0,026846
锌褉芯褑械褋褋邪 0,013423 0,013423
胁褘胁械写械褌 5,010635 10,021271
邪写褉械褋褍 0,013423 0,040269
锌褉芯斜谢械屑褍 0,013423 0,013423
屑芯谐懈谢械胁褋泻懈泄褉芯褋褋懈泄褋泻芯械 5,010635 5,010635
胁褉械屑褟 0,013423 0,013423
写邪薪薪褘褏 0,013423 0,107384
褍薪懈胁械褉褋懈褌械褌褉芯褋褋懈泄褋泻邪褟 5,010635 5,010635
写屑懈褌褉懈褟 4,317488 8,634976
锌懈褋褜屑邪 0,013423 0,013423
褔邪褋芯胁 0,013423 0,026846
褉褍屑褘薪褋泻懈械 5,010635 10,021271
褋芯谐谢邪褕邪械褌械褋褜 0,013423 0,013423
褍薪懈胁械褉褋懈褌械褌斜械谢谐芯褉芯写 5,010635 5,010635
褉邪薪械械 0,013423 0,013423
胁芯褋褋褌邪薪芯胁谢械薪懈褟 0,013423 0,013423
薪邪褍泻邪褏芯褉胁邪褌懈褟锌芯谢褜褕邪斜芯谢谐邪褉懈褟褉芯褋褋懈泄褋泻邪褟 4,317488 4,317488
谐谢邪胁薪褘泄 0,013423 0,013423
写邪薪薪褘械 0,013423 0,013423
锌械褌械褉斜褍褉谐械 3,624341 7,248682
邪褉泻褌懈褔械褋泻懈褏 5,010635 10,021271
褋芯蟹写邪谢懈 3,624341 10,873023
锌褉芯胁械谢 2,525729 5,051457
泻褉懈蟹懈褋邪 4,317488 8,634976
褉邪蟹斜谢芯泻懈褉芯胁邪褌褜 0,013423 0,040269
谐芯褉芯写 0,013423 0,013423
薪邪褕谢懈 2,445686 14,674116
屑芯谐懈谢械 3,218876 6,437752
褌械褏薪芯谢芯谐懈泄褉芯褋褋懈泄褋泻邪褟 5,010635 5,010635
褎芯褌芯谐褉邪褎懈褞 0,013423 0,013423
薪邪褍泻邪屑芯褋泻胁邪蟹械屑谢褟褉芯褋褋懈泄褋泻邪褟 5,010635 5,010635
芯斜褉邪褖邪械屑 0,013423 0,013423
芯褌锌褉邪胁谢械薪芯 0,013423 0,013423
薪邪锌懈褋邪褌褜 0,013423 0,013423
薪芯胁芯褋褌械泄屑芯谢薪懈褟 0,013423 0,013423
锌褉懈褋褘谢邪泄褌械 5,010635 5,010635
薪邪褍褔薪褘泄 2,445686 2,445686
褎懈蟹懈泻邪 4,317488 4,317488
芯写薪芯泻谢邪褋褋薪懈泻懈 0,013423 0,026846
褋薪邪褔邪谢邪 0,013423 0,013423
屑泻褋 5,010635 5,010635
薪邪褍泻屑芯褖薪褘械 5,010635 10,021271
薪邪褍褔薪褘械 5,010635 5,010635
褉邪蟹胁械褉褌褘胁邪薪懈褞 5,010635 5,010635
锌芯泻邪蟹邪褌褜 0,013423 0,013423
泻薪芯锌泻褍 0,013423 0,013423
泻芯屑屑褍薪懈泻邪褑懈泄 0,013423 0,013423
锌邪褉芯谢褜 0,013423 0,080538
锌邪褉芯谢褟 0,013423 0,053692
锌械褉械泄写懈褌械 0,013423 0,013423
胁褏芯写 0,013423 0,026846
锌褉芯写褍泻褌褘 0,150823 0,150823
蟹邪泻褉褘褌芯 0,013423 0,013423
褍写邪谢械薪芯 0,013423 0,013423
褋泻芯谢褜泻芯 0,006689 0,006689
薪邪褍泻蟹械屑谢褟褋芯谢薪褑械胁褋锌褘褕泻懈 5,010635 5,010635
谐邪胁褉懈谢芯胁邪 0,013423 0,013423
屑邪褌械褉懈邪谢芯胁 0,013423 0,053692
芯褌锌褉邪胁谢械薪邪 0,013423 0,013423
胁邪屑锌懈褉 3,218876 6,437752
褔邪褌械 0,013423 0,013423
写褉械胁薪懈泄 5,010635 10,021271
褏懈屑懈褟 4,317488 4,317488
褉邪褋锌芯谢芯卸械薪薪芯屑褍 0,013423 0,026846
褔邪褌褍 0,013423 0,013423
褉械写邪泻褑懈械泄 0,013423 0,026846
褞褉褔懈褏懈薪 5,010635 10,021271
褋薪懈蟹懈褌褜 3,624341 3,624341
褍褔褉械写懈褌械谢褜 0,013423 0,013423
褉邪褋褋屑芯褌褉械薪褘 0,013423 0,013423
屑芯械 0,013423 0,026846
褋褋褘谢泻邪 0,013423 0,026846
锌芯褋谢械写薪懈械 1,098612 1,098612
褋褋褘谢泻械 0,013423 0,013423
谢械泻褑懈褞 5,010635 10,021271
谢褍薪褘 5,010635 10,021271
邪薪褌懈斜懈芯褌懈泻邪屑 5,010635 10,021271
锌械褉械褌褟薪懈褌械 0,013423 0,013423
褋褋褘谢泻懈 0,013423 0,013423
锌芯屑芯褔褜 0,013423 0,013423
邪褉褏懈胁 0,190354 0,190354
卸懈蟹薪懈屑械写懈褑懈薪邪斜械谢谐芯褉芯写褋泻懈泄 5,010635 5,010635
褋芯谢薪械褔薪芯屑 5,010635 10,021271
芯斜褉邪蟹褑褘 5,010635 5,010635
胁薪械写褉械薪懈械 4,317488 8,634976
芯褕懈斜泻邪褏 0,013423 0,013423
芯斜褟蟹邪褌械谢褜薪褘 0,013423 0,093961
懈薪褌械褉械褋薪褘褏 3,401197 3,401197
泻芯卸懈 3,401197 6,802395
芯褉斜懈褌邪谢褜薪芯泄 5,010635 5,010635
褍褔械斜薪懈泻械褉芯褋褋懈褟泻褍谢懈泻芯胁芯 5,010635 5,010635
胁褘锌褍褋泻邪 0,013423 0,013423
褋锌懈褋泻邪 0,013423 0,013423
褎芯褉屑芯泄 0,013423 0,053692
褉芯褋泻芯屑薪邪写蟹芯褉 0,013423 0,013423
褋邪屑邪褟 2,177422 4,354844
斜谢芯泻懈褉芯胁邪谢褋褟 0,013423 0,013423
锌谢邪薪械褌褘 4,317488 4,317488
锌褉懈写褍屑邪谢懈 3,401197 6,802395
屑芯褋泻胁械 1,118815 4,475260
屑懈泻邪械胁薪邪褋邪褉芯褋泻芯褋屑芯褋械胁褉芯锌械泄褋泻芯械 5,010635 5,010635
屑芯褋泻胁邪 0,006689 0,013378
胁芯褋锌芯谢褜蟹芯胁邪褌褜褋褟 0,013423 0,013423
褉褍褋褋泻芯泄 1,752539 1,752539
褉芯褋褋懈泄褋泻芯泄 1,678431 1,678431
胁褏芯写邪 0,013423 0,013423
锌邪褉邪写 4,317488 8,634976
屑芯褢 0,013423 0,013423
薪邪褔邪谢邪褋褜 3,912023 3,912023
褎械写械褉邪谢褜薪芯械 0,013423 0,013423
褎械写械褉邪谢褜薪芯泄 0,013423 0,013423
泻芯褉芯薪邪谢褜薪邪褟 5,010635 10,021271
屑械卸写褍薪邪褉芯写薪芯械 0,013423 0,040269
薪邪褍泻邪芯斜褖械褋褌胁芯泻芯褋屑芯褋 5,010635 5,010635
邪褉屑懈懈 2,708050 2,708050
蟹邪褌屑械薪懈懈 5,010635 10,021271
斜褍写褍褌 0,013423 0,013423
褍褌褉芯屑 3,218876 3,218876
泻褍谢懈泻芯胁褋泻邪褟 5,010635 5,010635
薪芯胁芯褋褌械泄 0,006689 0,006689
邪薪芯薪褋懈褉芯胁邪谢懈 5,010635 10,021271
褋屑械褉褌薪芯褋褌褜 5,010635 5,010635
锌芯谢懈褌懈泻芯泄 0,013423 0,040269
写褘褉邪 5,010635 10,021271
褋芯谢薪褑械 3,624341 18,121705
芯斜褉邪斜芯褌泻懈 0,013423 0,026846
写邪褞 0,013423 0,026846
卸懈蟹薪懈 2,120264 2,120264
锌芯泻邪蟹邪谢 3,401197 3,401197
芯斜褉邪斜芯褌泻褍 0,013423 0,026846
芯斜褉邪褌薪芯泄 0,013423 0,067115
锌芯写泻邪褋褌褘 0,292136 0,292136
褉械写邪泻褑懈懈 0,013423 0,026846
芯斜褉邪褖械薪懈泄 0,013423 0,013423
胁褔械褉邪 1,576648 17,343129
写褉械胁薪械泄 3,218876 6,437752
褉械谢懈蟹褘 4,317488 4,317488
芯斜褉邪斜芯褌泻邪 0,013423 0,013423
褝褌芯 0,013423 0,013423
薪邪褍泻邪屑褍褉屑邪薪褋泻薪芯褉懈谢褜褋泻胁芯褉泻褍褌邪褋懈斜懈褉褋泻懈泄 5,010635 5,010635
褑懈褎褉芯胁褘褏 4,317488 4,317488
褋褌邪褉械薪懈褟 5,010635 10,021271
懈褋褌芯褉懈褔械褋泻褍褞 5,010635 10,021271
蟹邪锌芯胁械写薪懈泻 3,912023 7,824046
屑邪薪褌褍褉芯胁 3,624341 3,624341
芯锌懈褋邪薪懈械屑 0,013423 0,013423
薪芯胁褍褞 0,013423 0,013423
屑邪褌械屑邪褌懈泻邪 4,317488 4,317488
屑邪褋褋芯胁褘褏 0,013423 0,013423
薪邪泄写械薪 4,317488 4,317488
写械褌械泄 2,302585 2,302585
锌褉芯泄写械薪邪 0,013423 0,013423
薪邪褔薪械褌褋褟 3,912023 7,824046
懈褋锌芯谢褜蟹褍械褌褋褟 0,013423 0,013423
蟹邪褉械谐懈褋褌褉懈褉芯胁邪褌褜褋褟 0,013423 0,053692
锌芯卸邪谢芯胁邪褌褜褋褟 0,013423 0,013423
褋褌邪薪褑懈懈 5,010635 5,010635
薪芯胁芯褋褌懈 0,006689 0,026756
胁芯泄褌懈 0,013423 0,053692
褌械褉屑芯褉械谐褍谢褟褑懈械泄 5,010635 5,010635
褝谢械泻褌褉芯薪薪芯泄 0,013423 0,013423
屑械懈褉褋械褉谐械泄 5,010635 5,010635
写芯薪褋泻芯泄褔褌芯 5,010635 5,010635
薪邪褍泻邪褉褏械芯谢芯谐懈褟懈褋褌芯褉懈褟 4,317488 4,317488
泻芯褋屑懈褔械褋泻芯械 5,010635 5,010635
屑懈褉械 0,274437 0,823311
褝谢 0,013423 0,013423
邪谐械薪褌褋褌胁芯薪邪褍泻邪 5,010635 5,010635
谐械薪械褌懈泻邪 5,010635 5,010635
写械泄褋褌胁懈褟 0,013423 0,013423
褉邪写懈芯 0,274437 0,274437
薪邪褍泻邪褋邪薪泻褌 5,010635 5,010635
蟹邪褖懈褌邪 0,013423 0,013423
褉械谐懈褋褌褉邪褑懈褟 0,013423 0,040269
锌芯褔械屑褍 0,013423 0,013423
懈褋锌芯谢褜蟹芯胁邪薪懈褟 0,013423 0,013423
胁芯褋褋褌邪薪芯胁谢械薪懈械 0,013423 0,040269
芯斜褖械褋褌胁芯褌褞屑械薪褜褞薪懈褋械褎褉芯褋褋懈褟屑械写懈褑懈薪邪蟹写芯褉芯胁褜械芯卸芯谐懈写械褌懈懈屑屑褍薪懈褌械褌褉芯褋褋懈泄褋泻懈械 5,010635 5,010635
胁芯锌褉芯褋邪屑 0,013423 0,026846
谐芯褋褍写邪褉褋褌胁械薪薪芯械 0,013423 0,013423
芯斜褖械褋褌胁芯屑械写懈褑懈薪邪褉芯褋褋懈泄褋泻懈泄 5,010635 5,010635
蟹械屑谢械 3,624341 14,497364
胁泻芯薪褌邪泻褌械 0,013423 0,026846
褋芯谢薪械褔薪芯屑褍 5,010635 10,021271
褋锌械褑锌褉芯械泻褌褘 0,190354 0,190354
锌褉芯褋懈屑 0,013423 0,013423
薪邪胁褋械谐写邪 0,013423 0,013423
薪邪褉褍褕械薪懈械 0,013423 0,040269
蟹邪斜谢芯泻懈褉芯胁邪薪 0,013423 0,013423
芯褕懈斜泻褍 0,013423 0,013423
蟹邪褖懈褌褘 0,013423 0,013423
锌褍褌懈薪 1,514128 1,514128
薪邪蟹邪写 0,013423 0,067115
芯斜褉邪褖械薪懈褟 0,013423 0,026846
薪邪褍泻邪蟹械屑谢褟屑芯褋泻胁邪谢褍薪邪褉芯褋褋懈泄褋泻邪褟 5,010635 5,010635
褕泻芯谢褜薪懈泻芯胁 4,317488 8,634976
褋懈斜懈褉褋泻懈械 5,010635 15,031906
薪邪褍泻褝泻芯谢芯谐懈褟褉芯褋褋懈泄褋泻懈械 5,010635 5,010635
褎械胁褉邪谢褟 0,616186 13,556095
薪邪泄写械褕褜 4,317488 8,634976
芯褕懈斜泻邪 0,013423 0,013423
褎械胁褉邪谢褜 3,401197 6,802395
胁芯锌褉芯褋 0,006689 0,006689
蟹褍斜芯胁褋泻懈泄 0,013423 0,026846
锌芯写褌胁械褉卸写邪械褌械 0,013423 0,013423
蟹邪锌芯谢薪懈褌褜 0,013423 0,026846
写芯薪褋泻芯谐芯 4,317488 8,634976
褌械泻褋褌芯胁 5,010635 10,021271
芯褋褍褖械褋褌胁谢褟械褌褋褟 0,013423 0,013423
胁邪褕 0,013423 0,053692
懈屑褟 0,013423 0,067115
写褉褍谐懈械 0,013423 0,026846
芯斜褖械褋褌胁芯 0,265703 0,265703
屑邪谐薪懈褌薪邪褟 5,010635 15,031906
写芯薪褋泻芯泄褋芯褑懈邪谢褜薪褘泄 5,010635 5,010635
薪邪写蟹芯褉褍 0,013423 0,013423
褋褉芯泻 0,013423 0,026846
懈蟹写邪薪懈械 0,013423 0,067115
斜褍谢褜胁邪褉 0,013423 0,026846
薪邪褍泻邪蟹写芯褉芯胁褜械 5,010635 5,010635
褏芯褌懈褌械 0,013423 0,013423
蟹邪锌芯谢薪懈褌械 0,013423 0,067115
褌械褏薪芯谢芯谐懈泄 0,013423 0,040269
褋械褌械胁芯械 0,013423 0,013423
锌芯泻邪蟹邪谢懈 3,401197 6,802395
褌械褏薪芯谢芯谐懈懈 3,401197 6,802395
胁薪芯胁褜 0,013423 0,013423
褌褞屑械薪褋泻懈械 5,010635 5,010635
锌芯褏芯卸邪褟 5,010635 10,021271
褋屑械薪懈褌褜 0,013423 0,013423
懈褋锌芯谢褜蟹芯胁邪薪懈懈 2,813411 2,813411
屑邪褌械褉懈邪谢 0,013423 0,013423
褍褔邪褋褌胁芯胁邪褌褜 0,013423 0,026846
褋芯芯斜褖懈褌褜 0,013423 0,013423
褍褋锌械褕薪芯 0,013423 0,013423
褋泻褉懈薪褕芯褌 0,013423 0,040269
薪邪褍泻褉薪褎褉芯褋褋懈泄褋泻懈械 5,010635 5,010635
褋懈谢褜薪芯泄 3,912023 3,912023
谢械薪褌邪 0,006689 0,013378
泻芯褋屑芯薪邪胁褌 5,010635 15,031906
褝泻懈锌邪卸 5,010635 5,010635
懈蟹褉邪懈谢褜褋泻懈褏 5,010635 10,021271
薪邪褍泻邪屑邪褉褋蟹械屑谢褟谢褍薪邪褉芯褋褋懈泄褋泻邪褟 5,010635 5,010635
薪邪褍泻邪蟹械屑谢褟屑芯褋泻胁邪褉芯褋褋懈泄褋泻邪褟 5,010635 5,010635
卸懈蟹薪懈褉芯褋褋懈褟邪褉泻褌懈泻邪 5,010635 5,010635
屑懈薪芯斜褉薪邪褍泻懈 5,010635 10,021271
蟹邪斜谢芯泻懈褉芯胁邪薪褘 0,013423 0,013423
褋锌芯褉褌 0,190354 0,190354
芯斜褖械褋褌胁芯薪邪褍泻邪 5,010635 5,010635
褋褎械褉械 0,013423 0,026846
褋胁懈写械褌械谢褜褋褌胁芯 0,013423 0,013423
褕褌邪屑屑 5,010635 10,021271
锌褉邪胁懈谢邪 0,013423 0,026846
胁蟹邪懈屑芯写械泄褋褌胁懈褟 0,013423 0,026846
斜邪泻褌械褉懈泄 4,317488 8,634976
褋芯褏褉邪薪懈褌褜 0,013423 0,013423
懈薪褎芯褉屑邪褑懈芯薪薪芯械 0,013423 0,040269
泻芯屑屑械薪褌懈褉芯胁邪薪懈褟 0,013423 0,026846
懈褋褌芯褉懈褔械褋泻芯械 5,010635 10,021271
胁褘谐谢褟写械谢 3,218876 6,437752
谢械褌芯锌懈褋薪褘褏 5,010635 10,021271
斜褘褋褌褉芯谐芯 3,401197 6,802395
褋斜锌 5,010635 5,010635
锌褉械褋褋 0,013423 0,040269
泻芯褋屑芯褋 4,317488 8,634976
褉芯褋褋懈懈 0,395515 0,791030
锌褉懈屑械薪械薪懈褟 0,013423 0,013423
薪邪褍泻邪泻芯褋屑芯褋 5,010635 10,021271
褎械写械褉邪谢褜薪芯屑褍 0,013423 0,026846
锌械褉褋芯薪邪谢褜薪褘褏 0,013423 0,107384
锌褉芯懈蟹芯褕谢邪 0,013423 0,040269
锌芯谢薪芯械 3,401197 13,604790
写邪褌邪 0,013423 0,013423
胁邪褕械 0,013423 0,107384
写懈邪谐薪芯褋褌懈泻懈 5,010635 10,021271
褋邪泄褌械 0,013423 0,013423
胁锌械褉胁褘械 2,238047 4,476093
胁邪褕懈 0,013423 0,013423
薪邪褍泻邪薪邪褍泻邪褍薪懈胁械褉褋懈褌械褌褋泻邪褟 5,010635 25,053176
褎懈芯 0,013423 0,013423
胁芯褋褋褌邪薪芯胁懈褌褜 0,013423 0,013423
锌芯卸邪谢褍泄褋褌邪 0,013423 0,013423
褍褔械斜薪懈泻械褋芯褑懈邪谢褜薪褘泄 5,010635 5,010635
褉邪薪褘 5,010635 10,021271
褔械谢芯胁械泻邪 2,177422 2,177422
薪懈卸械 0,013423 0,040269
胁械褉褋懈褟 0,013423 0,013423
胁芯锌褉芯褋邪 0,013423 0,013423
褉芯褋褋懈褟 0,006689 0,053512
薪邪褍泻邪褉芯褋褋懈褟泻芯薪褋褌邪薪褌懈薪 5,010635 5,010635
锌芯谢褟 0,013423 0,093961
锌褉邪胁芯褋褍写懈褞 5,010635 5,010635
褑械谢褟褏 3,401197 3,401197
褉邪褋褋泻邪蟹邪谢懈 2,066196 4,132393
芯斜谢邪褋褌褜写屑懈褌褉懈泄 5,010635 10,021271
泻褉芯谢懈泻邪 5,010635 10,021271
谐芯褋褍写邪褉褋褌胁械薪薪芯屑褍 0,013423 0,026846
薪邪褍泻邪芯斜褖械褋褌胁芯褉芯褋褋懈褟蟹写芯褉芯胁褜械蟹写芯褉芯胁褜械 5,010635 5,010635
锌褉械写褍锌褉械写懈谢 3,401197 3,401197
邪褋褌褉芯薪芯屑 5,010635 10,021271
褉械谐懈褋褌褉邪褑懈懈 0,013423 0,026846
褋邪泄褌 0,013423 0,026846
锌芯谢械 0,013423 0,040269
褋械褉胁懈褋褘 0,190354 0,190354
蟹邪褉械谐懈褋褌褉懈褉芯胁邪薪芯 0,013423 0,013423
褎械写褟械胁褘屑 5,010635 5,010635
写褉褍谐芯械 0,013423 0,013423
褌褍褉懈蟹屑 0,283247 0,283247
锌褉芯屑褘褕谢械薪薪芯褋褌懈 3,218876 3,218876
锌芯写写械褉卸懈胁邪械褌褋褟锌芯谢褍褔懈褌褜 0,013423 0,013423
邪写褉械褋 0,013423 0,040269
褋芯芯褌胁械褌褋褌胁懈懈 0,013423 0,026846
薪邪褍泻泻芯褋屑芯褋泻芯褋屑芯褋 5,010635 5,010635
蟹邪谐褉褍蟹懈褌械 0,013423 0,013423
褋芯芯斜褖械薪懈褟 0,013423 0,053692
蟹邪谐褉褍蟹懈褌褜 0,013423 0,013423
薪邪锌褉邪胁谢械薪懈懈 0,013423 0,013423
蟹邪屑械褔械薪薪褘褏 0,013423 0,013423
褌械谢械褎芯薪 0,013423 0,013423
芯褌锌褉邪胁泻懈 0,013423 0,013423
懈薪卸械薪械褉褘 5,010635 5,010635
褍薪懈褌邪褉薪芯屑褍 0,013423 0,026846
泻褍谢懈泻芯胁褋泻芯泄 5,010635 10,021271
邪写褍 5,010635 5,010635
薪邪褍泻邪斜褍褏邪褉械褋褌褉褍屑褘薪懈褟 5,010635 5,010635
泻芯褋屑芯褋泻芯褋屑芯褋 5,010635 5,010635
谐邪谐邪褉懈薪 5,010635 5,010635
褋芯芯斜褖械薪懈械 0,013423 0,134230
邪胁懈胁褎械写芯褉 5,010635 5,010635
胁褘斜械褉懈褌械 0,013423 0,040269
褋褌邪褉褘械 0,013423 0,013423
锌芯锌褉芯斜褍泄褌械 0,013423 0,013423
锌谢邪薪邪褏 2,813411 5,626821
薪邪褍泻邪胁 5,010635 5,010635
芯斜褖械褋褌胁芯褉芯褋褋懈泄褋泻懈械 5,010635 5,010635
薪邪胁懈谐邪褌芯褉懈褋褌芯褉懈褟泻褍谢懈泻芯胁芯 5,010635 5,010635
褉芯褋褋懈泄褋泻芯谐芯 2,612740 2,612740
蟹邪褖懈褌芯泄 0,013423 0,026846
褉邪泻邪 5,010635 10,021271
褋褌邪褌褜懈 0,013423 0,013423
锌芯写褌胁械褉写懈褌械 0,013423 0,013423
邪胁褌芯褉懈蟹邪褑懈褟 0,013423 0,013423
褉械谢懈谐懈褟 0,283247 0,283247
褎芯褉屑邪 0,013423 0,013423
谢芯谐懈薪芯屑 0,013423 0,013423
褉械泄褌懈薪谐 0,006689 0,006689
谐邪谢芯褔泻褍 0,013423 0,013423
锌芯写蟹械屑薪褘泄 5,010635 5,010635
锌械褉械褌邪褖懈褌械 0,013423 0,040269
屑邪褌械褉懈邪谢械 0,013423 0,026846
泻褍谢褜褌褍褉邪 0,292136 0,292136
屑邪褌械褉懈邪谢邪 0,013423 0,026846
薪邪褍泻邪褉芯褋褋懈泄褋泻邪褟 5,010635 15,031906
锌褉芯懈褋褕械褋褌胁懈褟 0,292136 0,292136
褋芯芯斜褖懈谢懈 3,218876 3,218876
胁邪褕械谐芯 0,013423 0,013423
锌邪褉芯谢械屑 0,013423 0,013423
褎械写芯褉 4,317488 8,634976
谐褉邪屑芯褌 5,010635 10,021271
褋锌芯褋芯斜褘 0,013423 0,026846
蟹邪褉械谐懈褋褌褉懈褉褍泄褌械褋褜 0,013423 0,013423
芯斜芯 0,013423 0,013423
屑械写胁械写械胁 2,612740 5,225480
薪械写胁懈卸懈屑芯褋褌褜 0,292136 0,292136
薪邪褍泻邪泻邪薪邪胁械褉邪谢褎谢芯褉懈写邪写卸械褋褋懈泻邪 5,010635 5,010635
懈懈 2,813411 5,626821
写懈褋泻褍褋褋懈懈 0,013423 0,026846
芯斜褖械褋褌胁芯褋芯褑懈邪谢褜薪褘泄 5,010635 5,010635
褉械写邪泻褌芯褉 0,013423 0,013423
褍薪懈褌邪褉薪芯械 0,013423 0,013423
薪邪褋褌芯褟褖懈泄 3,218876 6,437752
褎芯褉屑褍 0,013423 0,093961
斜芯褉褌 5,010635 5,010635
褌械屑邪 0,013423 0,040269
芯褌锌褉邪胁谢械薪薪芯谐芯 0,013423 0,013423
谐芯褋褍写邪褉褋褌胁械薪薪褘泄 2,931194 2,931194
薪邪褍泻邪谢褍薪邪蟹械屑谢褟屑懈褉薪褘泄褉芯褋褋懈泄褋泻邪褟 5,010635 5,010635
锌褉懈斜芯褉 5,010635 10,021271
褋胁褟蟹邪薪薪褘械 0,013423 0,013423
褉械泻芯屑械薪写邪褌械谢褜薪褘褏 0,013423 0,013423
胁褋锌褘褕泻械 5,010635 5,010635
写邪薪薪邪褟 0,013423 0,013423
斜懈褌胁邪褉芯褋褋懈泄褋泻芯械 5,010635 5,010635
褍锌褉邪胁谢械薪懈褟 2,813411 2,813411
胁褋锌褘褕泻懈 4,317488 8,634976
芯斜褉邪褌薪邪褟 0,013423 0,026846
褞褉褔懈褏懈薪褞褉懈泄 5,010635 5,010635
褉懈邪 0,006689 0,040134
卸懈蟹薪懈褉邪泻芯薪泻芯谢芯谐懈褟褋褌邪褉械薪懈械褋芯褋褍写褘褋械褉写褑械蟹写芯褉芯胁褜械蟹写芯褉芯胁褜械 5,010635 5,010635
蟹写芯褉芯胁褜械 2,445686 2,445686
褋芯斜褘褌懈褟褏 3,912023 3,912023
锌谢邪薪械褌 5,010635 10,021271
锌褉芯褋褌邪胁谢褟褟 0,013423 0,013423
褋胁褟蟹邪薪薪褘褏 0,013423 0,013423
褉芯褋邪褉褏懈胁 5,010635 5,010635
芯锌懈褕懈褌械 0,013423 0,013423
蟹邪锌芯谢薪械薪懈褟 0,013423 0,093961
薪邪褍泻邪薪械褌邪薪懈褟褉芯褋褋懈褟褌械谢褜 5,010635 5,010635
锌芯谢械蟹薪芯械 0,182322 0,182322
褋谢褍卸斜械 0,013423 0,013423
褉械谢懈蟹芯胁 0,013423 0,013423
胁邪褕懈褏 0,013423 0,026846
屑械褋褋械薪写卸械褉 5,010635 5,010635
锌芯褔褌褘 0,013423 0,013423
锌褉械写谢芯卸懈谢懈 3,624341 7,248682
薪邪褍泻褋芯谢薪褑械 5,010635 5,010635
邪褉褏械芯谢芯谐懈褟 3,912023 3,912023
斜懈芯谢芯谐懈褟 4,317488 4,317488
邪谐械薪褌褋褌胁芯 0,013423 0,053692
褋芯芯斜褖邪泄褌械 4,317488 4,317488
锌褉邪胁懈谢 0,013423 0,040269
邪胁褌芯褉懈蟹芯胁邪褌褜褋褟 0,013423 0,013423
邪胁褌芯褉懈蟹褍泄褌械褋褜 0,013423 0,013423
褋芯蟹写邪薪懈褟 2,813411 5,626821
芯卸芯谐芯胁 5,010635 5,010635
邪谐械薪褌褋褌胁邪 0,013423 0,013423
褋械谐芯写薪褟 0,013423 0,080538
蟹邪锌褍褋泻 4,317488 4,317488
褉邪褋褕懈褉械薪薪褘泄 0,013423 0,013423
薪邪褍泻薪邪褍泻邪 5,010635 5,010635
懈薪薪芯胁邪褑懈懈泻邪褔械褋褌胁芯 5,010635 20,042541
写懈褋泻褍 5,010635 10,021271
褋芯谢薪褑械薪邪褍泻邪 5,010635 5,010635
斜懈褌胁械 3,912023 7,824046
屑邪谢褘泄 3,624341 7,248682
薪芯胁褘械褋薪邪褔邪谢邪 0,013423 0,013423
锌褉械写褋褌邪胁懈谢懈 4,317488 8,634976
薪邪褍泻褉芯褋褋懈褟褋芯谢薪褑械 5,010635 5,010635
屑芯褕械薪薪懈泻懈 3,624341 3,624341
褕邪锌泻邪 0,013423 0,013423
芯褌锌褉邪胁懈褌褜 0,013423 0,147653
锌褉芯写芯谢卸懈褌褜 0,013423 0,013423
褑械薪褌褉褘 3,624341 3,624341
锌械褉械褕械谢 3,912023 3,912023
褉械褕械薪懈懈 0,013423 0,013423
褉邪褋褋泻邪蟹邪谢 1,347074 5,388295
薪邪褔邪谢懈 2,931194 2,931194
屑芯褋泻胁芯泄 3,912023 3,912023
胁芯褋锌芯谢褜蟹褍泄褌械褋褜 0,013423 0,040269
褍褔邪褋褌懈械 0,006689 0,006689
褎芯薪写 3,064725 3,064725
邪褉褏懈胁薪芯械 1,373049 1,373049
邪泻泻邪褍薪褌 0,013423 0,053692
褝泻芯薪芯屑懈泻邪 0,292136 0,292136
蟹邪卸懈胁谢褟褌褜 5,010635 10,021271
芯斜褋褍卸写械薪懈械 0,013423 0,013423
械写懈薪芯泄 3,401197 3,401197
懈褋锌芯谢褜蟹芯胁邪褌褜 0,013423 0,013423
芯锌械褔邪褌泻邪 0,013423 0,013423
芯邪蟹懈褋芯胁 5,010635 10,021271
斜谢芯泻懈褉芯胁泻懈 0,013423 0,013423
芯薪谢邪泄薪 0,013423 0,013423
泻芯薪褌邪泻褌芯胁 0,013423 0,013423
褑懈泻谢芯薪邪 5,010635 5,010635
褋懈谢褜薪邪褟 5,010635 10,021271
褍褔械薪褘械 3,064725 39,841427
锌芯褔褌邪 0,013423 0,080538
邪锌褉械谢褟 0,013423 0,013423
懈褋褌芯褉懈褟 1,484275 1,484275
褎邪屑懈谢懈褟 0,013423 0,013423
薪邪胁懈谐邪褌芯褉褔褌芯 5,010635 5,010635
薪邪屑懈 0,013423 0,093961
褟薪写械泻褋 0,013423 0,026846
褍薪懈胁械褉褋懈褌械褌 3,218876 3,218876
写褉邪泻芯薪邪 4,317488 8,634976
褍写邪谢懈谢懈 0,013423 0,040269
谢懈斜芯 0,013423 0,013423
褎械写械褉邪谢褜薪褘泄 3,218876 3,218876
胁邪泻邪薪褋懈懈 0,013423 0,013423
邪泻泻邪褍薪褌褍 0,013423 0,013423
褉芯褋泻芯褋屑芯褋 5,010635 5,010635
芯褌泻褉褘胁邪械屑芯谐芯 0,013423 0,026846
薪邪卸懈屑邪褟 0,013423 0,013423
锌芯懈褋泻 0,013423 0,013423
胁邪屑懈 0,013423 0,013423
薪械写芯锌褍褋褌懈屑芯械 0,013423 0,013423
锌械褉械褏芯写懈褌褜 4,317488 4,317488
褋芯谐谢邪褋薪褘 0,013423 0,040269
泻褉邪褋薪芯胁 4,317488 4,317488
懈褋褌械泻 0,013423 0,013423
锌械褌械褉斜褍褉谐褋泻懈泄 5,010635 5,010635
锌褉械写锌褉懈褟褌懈褞 0,013423 0,026846
褉械泻谢邪屑褘 0,013423 0,013423
邪薪邪谢芯谐邪 5,010635 5,010635
胁薪懈屑邪薪懈械 0,013423 0,013423
锌褉懈薪懈屑邪褌褜 0,013423 0,013423
褋屑芯卸械褌械 0,013423 0,013423
薪邪褍泻邪芯斜褖械褋褌胁芯屑芯褋泻胁邪写芯薪褌褍谢褜褋泻邪褟 5,010635 10,021271
谐芯写邪 0,006689 0,006689
褍薪懈泻邪谢褜薪褘械 4,317488 4,317488
褉械写泻芯屑 5,010635 10,021271
褍褋褌芯泄褔懈胁褘泄 4,317488 8,634976
蟹邪褟胁懈谢懈 3,218876 6,437752
薪邪褍泻褍 3,912023 7,824046
芯蟹薪邪泻芯屑谢械薪褘 0,013423 0,013423
锌褉芯褏芯卸写械薪懈械 4,317488 8,634976
邪薪芯薪褋懈褉芯胁邪谢 3,624341 3,624341
屑芯懈褏 0,013423 0,026846
锌褉械写锌褉懈褟褌懈械 0,013423 0,013423
褋锌芯褋芯斜 2,612740 7,838220
薪邪褍泻邪 0,292136 1,460682
褍锌褉芯褋褌懈褌褜 3,624341 3,624341
芯斜褋褍卸写械薪懈褟 0,013423 0,013423
斜谢芯泻懈褉芯胁泻芯泄 0,013423 0,040269
薪邪褍泻懈 5,010635 15,031906
