законным 0,013423 0,013423
лента 0,006689 0,013378
популярные 2,445686 2,445686
биографии 3,912023 3,912023
новый 0,013423 0,013423
найти 0,013423 0,013423
основанием 0,013423 0,013423
письмо 0,013423 0,013423
спасибо 0,013423 0,013423
заблокированы 0,013423 0,013423
спорт 0,190354 0,190354
деятелиобщественные 5,010635 5,010635
сфере 0,013423 0,013423
аффлек 5,010635 5,010635
месяц 1,297063 1,297063
согласие 0,013423 0,026846
свидетельство 0,013423 0,013423
центр 0,190354 0,190354
доступ 0,013423 0,026846
правила 0,013423 0,026846
миа 0,013423 0,026846
взаимодействия 0,013423 0,026846
задать 0,013423 0,013423
теги 0,190354 0,190354
автору 0,013423 0,013423
деятелиспортсменысценаристытелеведущиехудожникиюмористы 5,010635 5,010635
связаться 0,013423 0,080538
должны 0,013423 0,013423
сохранить 0,013423 0,013423
информационное 0,013423 0,040269
г 0,013423 0,026846
д 0,013423 0,026846
комментирования 0,013423 0,026846
реклама 0,190354 0,190354
фото 0,013423 0,013423
джорджио 4,317488 4,317488
политика 0,013423 0,026846
связь 0,006689 0,013378
марина 3,912023 3,912023
пресс 0,013423 0,026846
россии 0,395515 0,395515
готово 0,013423 0,026846
применения 0,013423 0,013423
течение 0,013423 0,013423
федеральному 0,013423 0,026846
ещевсеактерыархитекторыбизнесменыблогерывоенныедизайнерыжурналистыисторические 5,010635 5,010635
персональных 0,013423 0,107384
произошла 0,013423 0,013423
информационных 0,013423 0,013423
размещения 0,013423 0,013423
режиссер 4,317488 8,634976
дата 0,013423 0,013423
ваше 0,013423 0,107384
конфиденциальности 0,013423 0,053692
сайте 0,013423 0,013423
связи 0,013423 0,080538
ваши 0,013423 0,013423
заголовок 0,013423 0,026846
фио 0,013423 0,013423
восстановить 0,013423 0,013423
пожалуйста 0,013423 0,013423
процесса 0,013423 0,013423
адресу 0,013423 0,026846
проблему 0,013423 0,013423
певица 4,317488 4,317488
ниже 0,013423 0,040269
время 0,013423 0,026846
версия 0,013423 0,013423
вопроса 0,013423 0,013423
данных 0,013423 0,107384
россия 0,006689 0,046823
поля 0,013423 0,093961
письма 0,013423 0,013423
часов 0,013423 0,026846
соглашаетесь 0,013423 0,013423
ранее 0,013423 0,013423
восстановления 0,013423 0,013423
главный 0,013423 0,013423
данные 0,013423 0,013423
государственному 0,013423 0,026846
персон 5,010635 5,010635
регистрации 0,013423 0,026846
разблокировать 0,013423 0,040269
город 0,013423 0,013423
знаменитые 5,010635 5,010635
фотографию 0,013423 0,013423
поле 0,013423 0,013423
сайт 0,013423 0,026846
апексимова 5,010635 5,010635
обращаем 0,013423 0,013423
джессика 4,317488 4,317488
бен 5,010635 5,010635
вера 4,317488 4,317488
отправлено 0,013423 0,013423
написать 0,013423 0,013423
новостеймолния 0,013423 0,013423
сервисы 0,190354 0,190354
зарегистрировано 0,013423 0,013423
другое 0,013423 0,013423
туризм 0,283247 0,283247
одноклассники 0,013423 0,026846
сначала 0,013423 0,013423
поддерживаетсяполучить 0,013423 0,013423
шоумены 5,010635 5,010635
деятелипевцыписателиполитикирежиссерырелигиозные 5,010635 5,010635
адрес 0,013423 0,040269
соответствии 0,013423 0,026846
свернуть 5,010635 5,010635
загрузите 0,013423 0,013423
сообщения 0,013423 0,053692
показать 0,013423 0,013423
кнопку 0,013423 0,013423
коммуникаций 0,013423 0,013423
загрузить 0,013423 0,013423
направлении 0,013423 0,013423
пароль 0,013423 0,080538
замеченных 0,013423 0,013423
телефон 0,013423 0,013423
отправки 0,013423 0,013423
пароля 0,013423 0,053692
сценарист 5,010635 5,010635
перейдите 0,013423 0,013423
унитарному 0,013423 0,026846
вход 0,013423 0,013423
ирина 2,931194 5,862388
продукты 0,150823 0,150823
закрыто 0,013423 0,013423
удалено 0,013423 0,013423
сколько 0,006689 0,006689
гаврилова 0,013423 0,013423
материалов 0,013423 0,040269
сообщение 0,013423 0,134230
отправлена 0,013423 0,013423
выберите 0,013423 0,040269
чате 0,013423 0,013423
старые 0,013423 0,013423
попробуйте 0,013423 0,013423
перфилова 5,010635 5,010635
расположенному 0,013423 0,026846
чату 0,013423 0,013423
редакцией 0,013423 0,013423
люди 2,238047 4,476093
александрова 5,010635 5,010635
защитой 0,013423 0,026846
статьи 0,013423 0,013423
учредитель 0,013423 0,013423
рассмотрены 0,013423 0,013423
актер 3,401197 3,401197
подтвердите 0,013423 0,013423
авторизация 0,013423 0,013423
религия 0,283247 0,283247
форма 0,013423 0,013423
логином 0,013423 0,013423
рейтинг 0,006689 0,006689
галочку 0,013423 0,013423
мое 0,013423 0,026846
ссылка 0,013423 0,026846
журналист 4,317488 4,317488
перетащите 0,013423 0,040269
материале 0,013423 0,026846
культура 0,292136 0,292136
ссылке 0,013423 0,013423
телеведущая 5,010635 5,010635
материала 0,013423 0,026846
происшествия 0,292136 0,292136
перетяните 0,013423 0,013423
ссылки 0,013423 0,013423
помочь 0,013423 0,013423
архив 0,190354 0,190354
вашего 0,013423 0,013423
бизнесвумен 5,010635 5,010635
паролем 0,013423 0,013423
ошибках 0,013423 0,013423
обязательны 0,013423 0,093961
валерия 5,010635 5,010635
всеабвгдеёжзийклмнопрстуфхцчшщыэюя 5,010635 5,010635
способы 0,013423 0,026846
зарегистрируйтесь 0,013423 0,013423
обо 0,013423 0,013423
личностикомпозиторымоделимузыкантынаучные 5,010635 5,010635
недвижимость 0,292136 0,292136
выпуска 0,013423 0,013423
списка 0,013423 0,013423
формой 0,013423 0,053692
роскомнадзор 0,013423 0,013423
дискуссии 0,013423 0,026846
андреева 2,813411 2,813411
редактор 0,013423 0,013423
блокировался 0,013423 0,013423
унитарное 0,013423 0,013423
актриса 3,624341 18,121705
москва 0,006689 0,013378
воспользоваться 0,013423 0,013423
форму 0,013423 0,093961
тема 0,013423 0,040269
входа 0,013423 0,013423
отправленного 0,013423 0,013423
моё 0,013423 0,013423
связанные 0,013423 0,013423
рекомендательных 0,013423 0,013423
федеральное 0,013423 0,013423
данная 0,013423 0,013423
федеральной 0,013423 0,013423
обратная 0,013423 0,026846
риа 0,006689 0,006689
екатерина 2,445686 2,445686
международное 0,013423 0,040269
проставляя 0,013423 0,013423
связанных 0,013423 0,013423
будут 0,013423 0,013423
опишите 0,013423 0,013423
армани 4,317488 4,317488
заполнения 0,013423 0,093961
новостей 0,006689 0,006689
полезное 0,182322 0,182322
год 0,967584 0,967584
политикой 0,013423 0,040269
службе 0,013423 0,013423
максим 2,525729 2,525729
релизов 0,013423 0,013423
ваших 0,013423 0,026846
обработки 0,013423 0,026846
даю 0,013423 0,026846
почты 0,013423 0,013423
обработку 0,013423 0,026846
обратной 0,013423 0,067115
подкасты 0,292136 0,292136
редакции 0,013423 0,026846
обращений 0,013423 0,013423
агентство 0,013423 0,040269
алла 5,010635 5,010635
обработка 0,013423 0,013423
это 0,013423 0,013423
правил 0,013423 0,040269
дизайнер 5,010635 5,010635
авторизоваться 0,013423 0,013423
авторизуйтесь 0,013423 0,013423
агентства 0,013423 0,013423
сегодня 0,013423 0,067115
расширенный 0,013423 0,013423
описанием 0,013423 0,013423
новую 0,013423 0,013423
массовых 0,013423 0,013423
пройдена 0,013423 0,013423
используется 0,013423 0,013423
новыесначала 0,013423 0,013423
зарегистрироваться 0,013423 0,053692
бизнесмен 5,010635 5,010635
пожаловаться 0,013423 0,013423
новости 0,006689 0,006689
войти 0,013423 0,053692
альба 5,010635 5,010635
шапка 0,013423 0,013423
отправить 0,013423 0,147653
продолжить 0,013423 0,013423
электронной 0,013423 0,013423
решении 0,013423 0,013423
мире 0,274437 0,274437
эл 0,013423 0,013423
воспользуйтесь 0,013423 0,040269
действия 0,013423 0,013423
участие 0,006689 0,006689
радио 0,274437 0,274437
аверин 4,317488 4,317488
мира 1,791759 1,791759
аккаунт 0,013423 0,053692
экономика 0,292136 0,292136
защита 0,013423 0,013423
обсуждение 0,013423 0,013423
регистрация 0,013423 0,040269
использовать 0,013423 0,013423
опечатка 0,013423 0,013423
алентова 4,317488 4,317488
почему 0,013423 0,013423
использования 0,013423 0,013423
блокировки 0,013423 0,013423
восстановление 0,013423 0,040269
онлайн 0,013423 0,013423
вопросам 0,013423 0,026846
контактов 0,013423 0,013423
государственное 0,013423 0,013423
почта 0,013423 0,080538
апреля 0,013423 0,013423
вконтакте 0,013423 0,026846
фамилия 0,013423 0,013423
спецпроекты 0,190354 0,190354
просим 0,013423 0,013423
навсегда 0,013423 0,013423
нарушение 0,013423 0,040269
заблокирован 0,013423 0,013423
ошибку 0,013423 0,013423
нами 0,013423 0,093961
яндекс 0,013423 0,026846
защиты 0,013423 0,013423
удалили 0,013423 0,040269
либо 0,013423 0,013423
назад 0,013423 0,067115
обращения 0,013423 0,026846
вакансии 0,013423 0,013423
аккаунту 0,013423 0,013423
открываемого 0,013423 0,026846
нажимая 0,013423 0,013423
поиск 0,013423 0,013423
вами 0,013423 0,013423
недопустимое 0,013423 0,013423
ошибка 0,013423 0,013423
согласны 0,013423 0,040269
вопрос 0,006689 0,006689
истек 0,013423 0,013423
зубовский 0,013423 0,026846
подтверждаете 0,013423 0,013423
предприятию 0,013423 0,026846
рекламы 0,013423 0,013423
заполнить 0,013423 0,026846
внимание 0,013423 0,013423
принимать 0,013423 0,013423
осуществляется 0,013423 0,013423
ваш 0,013423 0,053692
имя 0,013423 0,067115
другие 0,013423 0,026846
общество 0,265703 0,265703
сможете 0,013423 0,013423
года 0,006689 0,006689
надзору 0,013423 0,013423
срок 0,013423 0,026846
алферова 5,010635 5,010635
издание 0,013423 0,013423
бульвар 0,013423 0,026846
ознакомлены 0,013423 0,013423
хотите 0,013423 0,013423
заполните 0,013423 0,067115
технологий 0,013423 0,026846
сетевое 0,013423 0,013423
неделю 1,373049 1,373049
вновь 0,013423 0,013423
сменить 0,013423 0,013423
моих 0,013423 0,026846
предприятие 0,013423 0,013423
материал 0,013423 0,013423
участвовать 0,013423 0,026846
наука 0,292136 0,292136
сообщить 0,013423 0,013423
обсуждения 0,013423 0,013423
успешно 0,013423 0,013423
самые 2,238047 2,238047
скриншот 0,013423 0,040269
блокировкой 0,013423 0,040269
