蟹邪泻芯薪薪褘屑 0,013423 0,026846
泻褉邪褋芯胁褋泻芯泄 5,010635 5,010635
写械薪褜 1,203973 1,203973
薪邪泄褌懈 0,013423 0,013423
芯褋薪芯胁邪薪懈械屑 0,013423 0,026846
锌芯写胁械褕械薪薪芯屑 5,010635 5,010635
锌芯屑械褖械薪懈褟 4,317488 4,317488
屑邪屑邪 4,317488 4,317488
蟹邪褟胁懈谢 1,427116 1,427116
薪械泻芯褌芯褉褘褏 2,525729 2,525729
薪褍卸写邪械褌褋褟 4,317488 4,317488
胁褘薪械褋械薪懈褟 3,912023 3,912023
蟹邪褟胁谢械薪懈械 2,445686 17,119802
屑邪褕懈薪泻懈 5,010635 5,010635
褉械泻谢邪屑邪 0,190354 0,190354
褋锌芯褉芯胁 5,010635 10,021271
胁蟹褟褌褘屑 5,010635 5,010635
写芯谢谐邪 3,624341 7,248682
锌芯谢谐芯写邪 3,912023 3,912023
蟹邪褟胁谢械薪懈褟 2,708050 2,708050
屑薪芯谐芯写械褌薪褘褏 5,010635 5,010635
谐芯褌芯胁芯 0,013423 0,026846
褋褍写 2,066196 6,198589
褍屑械褉谢邪 3,912023 11,736069
芯斜谢邪褋褌褜 1,714798 10,288791
写械薪械谐 2,708050 5,416100
胁谢邪写械谢械褑 3,912023 7,824046
屑薪芯谐芯写械褌薪褘械 4,317488 4,317488
锌谢邪褌械卸薪褘械 4,317488 4,317488
屑邪谢褜谐邪胁泻芯 3,912023 7,824046
褉邪褋褕懈褉褟褞褌 5,010635 5,010635
斜褍屑邪卸薪芯屑 5,010635 5,010635
蟹邪谐芯谢芯胁芯泻 0,013423 0,026846
锌褉芯写芯谢卸邪械褌 3,218876 3,218876
薪械褋芯胁械褉褕械薪薪芯谢械褌薪懈褏 3,401197 3,401197
写械谢芯 1,919593 3,839186
锌褉芯褑械褋褋邪 0,013423 0,013423
锌褉芯斜谢械屑褍 0,013423 0,013423
锌褉芯械泻褌 2,525729 2,525729
薪械褋芯胁械褉褕械薪薪芯谢械褌薪懈械 3,912023 3,912023
褋褎褉 4,317488 25,904929
写芯谢械泄 4,317488 17,269952
泻褉芯胁懈 3,912023 3,912023
褋芯谐谢邪褕邪械褌械褋褜 0,013423 0,013423
写芯泻褍屑械薪褌邪褏 4,317488 4,317488
锌褉懈斜芯褉褘 4,317488 4,317488
懈薪芯屑 3,912023 3,912023
锌芯褌褉械斜芯胁邪褌褜 3,401197 3,401197
褌械褉褉懈褌芯褉懈懈 2,813411 11,253643
屑械斜械谢懈 5,010635 10,021271
懈薪写懈胁懈写褍邪谢褜薪褘泄 4,317488 4,317488
胁褋褌褍锌懈谢 3,912023 3,912023
写芯褋褌芯胁械褉薪芯褋褌褜 5,010635 5,010635
屑谢邪写褕械屑褍 5,010635 5,010635
芯褌锌褉邪胁谢械薪芯 0,013423 0,013423
邪写褘谐械褟 5,010635 5,010635
薪邪褏芯写懈褌褜褋褟 4,317488 8,634976
屑械写懈邪斜邪薪泻锌褉芯褏芯卸懈械 5,010635 5,010635
锌械褉械泄写懈褌械 0,013423 0,013423
锌芯写屑邪褌褉邪褑薪褘械 5,010635 10,021271
屑邪褌泻邪锌懈褌邪谢 5,010635 125,265882
褔邪褋褘 3,912023 3,912023
懈褞薪褟 2,066196 2,066196
蟹邪泻褉褘褌芯 0,013423 0,013423
褋泻芯谢褜泻芯 0,006689 0,020067
屑邪褌械褉懈邪谢芯胁 0,013423 0,040269
屑芯谐褍褌 1,643339 9,860037
芯褌锌褉邪胁谢械薪邪 0,013423 0,013423
褔邪褌械 0,013423 0,013423
泻谢懈屑邪褌懈褔械褋泻懈褏 4,317488 4,317488
褉芯卸写械薪 5,010635 5,010635
斜邪蟹邪 3,912023 7,824046
褉褍斜谢械泄胁 5,010635 5,010635
薪械写胁懈卸懈屑芯褋褌褜褞 5,010635 5,010635
褋邪泄褌邪褏 3,912023 3,912023
褌芯胁邪褉褘 3,624341 21,746046
褔邪褌褍 0,013423 0,013423
褉械写邪泻褑懈械泄 0,013423 0,013423
写邪褞褌 3,401197 6,802395
褋褍锌褉褍谐芯泄 5,010635 5,010635
锌芯写写械褉卸邪薪懈褟 4,317488 4,317488
泻邪卸写芯屑褍 3,218876 3,218876
械写懈薪芯谐芯 4,317488 4,317488
褎褍薪泻褑懈芯薪邪谢褜薪褘械 5,010635 5,010635
锌褉邪泻褌懈褔械褋泻懈械 3,912023 11,736069
薪械泻芯褌芯褉褘械 2,525729 2,525729
邪褉褏懈胁 0,190354 0,190354
懈褞谢褟 1,791759 5,375278
褋锌械褑懈邪谢褜薪邪褟 2,066196 2,066196
锌芯写褌胁械褉卸写械薪薪褘泄 5,010635 5,010635
芯斜褍胁褜 3,912023 3,912023
芯褕懈斜泻邪褏 0,013423 0,013423
谢懈褔薪褘械 3,064725 3,064725
锌褉懈褔懈薪邪屑懈 5,010635 5,010635
芯写薪芯胁褉械屑械薪薪芯 3,401197 3,401197
泻褉械写懈褌邪 3,401197 10,203592
屑邪褌械褉懈薪褋泻芯屑 5,010635 5,010635
懈薪写懈胁懈写褍邪谢褜薪褍褞 5,010635 5,010635
褉邪蟹褉械褕邪褞褌 5,010635 5,010635
懈蟹屑械褉械薪懈褟 5,010635 5,010635
褎械写械褉邪谢褜薪芯械 0,013423 0,013423
胁蟹薪芯褋邪 5,010635 5,010635
褎械写械褉邪谢褜薪芯泄 0,013423 0,013423
谢芯褌泻懈 5,010635 5,010635
屑械卸写褍薪邪褉芯写薪芯械 0,013423 0,040269
邪褋褌邪锌泻芯胁懈褔 4,317488 8,634976
锌芯褋褌邪褉褕械 4,317488 4,317488
锌芯褋褌褉芯泄泻懈 5,010635 10,021271
斜械蟹蟹邪褟胁懈褌械谢褜薪芯屑 5,010635 5,010635
薪芯胁芯褋褌械泄 0,006689 0,006689
斜褉邪泄谢褟 5,010635 15,031906
芯褔泻懈 3,912023 3,912023
锌芯薪邪写芯斜褟褌褋褟 3,064725 3,064725
锌芯谢邪谐邪谢邪 5,010635 5,010635
锌芯褌褉邪褌懈褌褜 4,317488 69,079810
锌械褉械泄褌懈 1,203973 12,039728
褉械邪斜懈谢懈褌邪褑懈懈 3,912023 3,912023
屑械写懈褑懈薪褋泻懈械 3,912023 3,912023
锌芯褉褌邪褌懈胁薪褘械 5,010635 20,042541
褋懈褋褌械屑褘 2,302585 2,302585
芯斜褉邪褌薪芯泄 0,013423 0,067115
锌芯写泻邪褋褌褘 0,292136 0,292136
褋褉械写褋褌胁 2,813411 25,320696
芯褌胁械褌褋褌胁械薪薪芯褋褌褜 3,064725 6,129450
械写胁 4,317488 4,317488
褎械写械褉邪谢褜薪芯谐芯 3,218876 9,656627
懈屑械械褌 2,066196 16,529571
写械褌褋泻芯械 3,912023 3,912023
锌械褉胁芯薪邪褔邪谢褜薪芯谐芯 5,010635 5,010635
泻芯褌褟泻芯胁 5,010635 5,010635
锌褉械写褍褋屑芯褌褉械薪 4,317488 4,317488
褞褉懈写懈褔械褋泻芯泄 3,401197 3,401197
褍写芯斜薪芯械 4,317488 4,317488
屑懈褉械 0,274437 0,274437
胁谢邪写械谢褜褑邪 3,218876 3,218876
写械薪褜谐邪屑懈 5,010635 10,021271
泻褉邪褋芯胁褋泻邪褟 5,010635 35,074447
褉械泻芯薪褋褌褉褍泻褑懈褟 5,010635 5,010635
褋褌芯谢褘 5,010635 10,021271
褉械泻芯薪褋褌褉褍泻褑懈褞 5,010635 20,042541
胁芯锌褉芯褋邪屑 0,013423 0,026846
褍褌褉邪褌懈谢邪 5,010635 5,010635
写邪褔褍 5,010635 5,010635
褉械泻芯薪褋褌褉褍泻褑懈懈 5,010635 5,010635
谐褉邪卸写邪薪褋褌胁械 5,010635 5,010635
褉械斜械薪泻芯屑 5,010635 20,042541
胁泻芯薪褌邪泻褌械 0,013423 0,026846
褝褋泻褉芯褍 5,010635 5,010635
锌褉懈斜邪胁谢褟械褌褋褟 4,317488 4,317488
芯斜谢邪褋褌懈 1,919593 11,517557
薪邪胁褋械谐写邪 0,013423 0,013423
谐褉邪卸写邪薪褋褌胁芯 3,912023 3,912023
胁泻谢褞褔懈褌械谢褜薪芯 4,317488 4,317488
褍褋褘薪芯胁谢械薪褘 5,010635 15,031906
写械褌褋泻懈械 3,912023 15,648092
写械褌褋泻懈泄 4,317488 8,634976
谐褉邪卸写邪薪褋褌胁邪 5,010635 5,010635
褉邪蟹褉械褕械薪芯 4,317488 8,634976
懈薪写懈胁懈写褍邪谢褜薪芯械 5,010635 5,010635
锌芯谢薪邪褟 3,624341 3,624341
懈褋锌芯谢薪懈褌褜 5,010635 5,010635
褞褉懈褋褌 2,371578 16,601046
蟹邪锌芯谢薪懈褌褜 0,013423 0,026846
写褉褍谐懈械 0,013423 0,053692
芯斜褖械褋褌胁芯 0,265703 2,125625
邪蟹斜褍泻械 5,010635 5,010635
屑邪褌械褉懈薪褋泻懈屑 5,010635 20,042541
褑械谢褜褞 3,218876 3,218876
芯褉懈械薪褌邪褑懈懈 4,317488 4,317488
屑邪褌械褉懈薪褋泻懈泄 5,010635 205,436047
薪邪写蟹芯褉褍 0,013423 0,013423
懈蟹写邪薪懈械 0,013423 0,013423
褔械褔械薪褋泻芯泄 5,010635 5,010635
蟹邪锌芯谢薪懈褌械 0,013423 0,067115
写褉褍谐懈褏 1,966113 5,898339
泻邪锌懈褌邪谢 3,401197 166,658672
褋械褌械胁芯械 0,013423 0,013423
芯斜褉邪蟹芯屑 2,302585 2,302585
褉芯写懈褌械谢械泄 3,624341 10,873023
褉芯写懈褌械谢械屑 5,010635 5,010635
邪胁褌芯屑芯斜懈谢褜 3,624341 7,248682
邪胁褌芯屑芯斜懈谢褟 5,010635 5,010635
褉芯卸写械薪薪褘褏 5,010635 20,042541
锌芯锌褍谢褟褉薪褘械 2,445686 2,445686
懈薪褌械谐褉邪褑懈懈 5,010635 20,042541
懈褋泻谢褞褔械薪懈械 3,912023 3,912023
胁胁械写械薪 4,317488 4,317488
胁械褋褌懈 4,317488 4,317488
芯褌写械谢械薪懈械 3,912023 7,824046
褋锌芯褉褌 0,190354 0,190354
褋褌械薪邪屑 5,010635 5,010635
泻褉械写懈褌 3,064725 6,129450
胁褘褋褕械谐芯 4,317488 4,317488
褝谢械泻褌褉芯薪薪褘械 5,010635 5,010635
锌褉械褌械薪写芯胁邪褌褜 5,010635 5,010635
褌邪褍薪褏邪褍褋褘 5,010635 5,010635
褋褌褍写械薪褌邪屑懈 5,010635 5,010635
褋芯褏褉邪薪懈褌褜 0,013423 0,013423
泻褉邪泄 2,708050 2,708050
芯褋薪芯胁薪芯屑 3,624341 3,624341
锌褉芯谐褉邪屑屑 3,912023 3,912023
芯谐褉邪薪懈褔械薪 5,010635 5,010635
泻褉邪械 3,218876 3,218876
邪锌锌邪褉邪褌褘 5,010635 5,010635
褎械写械褉邪谢褜薪芯屑褍 0,013423 0,040269
薪邪锌褉邪胁谢械薪懈褟 3,401197 6,802395
褑械谢懈 2,525729 5,051457
卸械薪褖懈薪邪 2,813411 19,693875
胁邪卸薪芯 2,120264 2,120264
芯褌褋褍褌褋褌胁褍械褌 4,317488 4,317488
懈屑械褞褌 2,525729 5,051457
卸械薪褖懈薪褘 3,064725 6,129450
锌芯卸邪谢褍泄褋褌邪 0,013423 0,013423
褋谢褍谐懈 4,317488 4,317488
锌邪褋锌芯褉褌 2,931194 2,931194
褌械褏 2,177422 2,177422
褉芯卸写邪械屑芯褋褌懈 5,010635 5,010635
褍褋谢芯胁薪芯 3,912023 3,912023
薪懈卸械 0,013423 0,053692
锌褉械芯写芯谢械薪懈褟 5,010635 5,010635
蟹邪锌褉械褖械薪薪褘械 5,010635 5,010635
锌芯谢褟 0,013423 0,093961
邪褉械薪写褍 3,624341 3,624341
薪邪锌褉邪胁谢褟褞褌褋褟 4,317488 4,317488
褉邪褋褏芯写芯胁 3,624341 3,624341
褋褔懈褌邪械褌 2,813411 5,626821
写胁褍泻褉邪褌薪褍褞 5,010635 5,010635
谐芯褋褍写邪褉褋褌胁械薪薪芯屑褍 0,013423 0,026846
锌芯谢褍 5,010635 5,010635
芯褌写械谢械薪懈褟 3,624341 7,248682
蟹邪泻芯薪芯屑 3,401197 6,802395
褋芯斜谢褞褋褌懈 5,010635 5,010635
锌褉芯写谢械薪 5,010635 5,010635
写芯谢褞 4,317488 12,952464
锌芯谢械 0,013423 0,013423
写芯谢褟 3,912023 3,912023
写芯屑邪 2,238047 11,190233
褌褍褉懈蟹屑 0,283247 0,283247
锌芯蟹懈褑懈芯薪懈褉芯胁邪薪懈褟 5,010635 5,010635
褋芯芯褌胁械褌褋褌胁懈懈 0,013423 0,040269
芯谐褉邪薪懈褔械薪懈褟 3,218876 12,875503
褋械褉褌懈褎懈泻邪褌 4,317488 43,174881
蟹邪谐褉褍蟹懈褌械 0,013423 0,013423
薪邪蟹褘胁邪械屑芯谐芯 4,317488 4,317488
锌谢械薪邪褉薪芯屑 5,010635 5,010635
写芯谢懈 5,010635 15,031906
蟹邪谐褉褍蟹懈褌褜 0,013423 0,013423
褍褋谢褍谐 2,813411 14,067054
泻褉械褋械谢 5,010635 5,010635
薪邪锌褉邪胁谢械薪懈懈 0,013423 0,013423
锌械褉胁芯谐芯 2,813411 64,708446
蟹邪屑械褔械薪薪褘褏 0,013423 0,013423
褎芯薪写邪 3,912023 7,824046
芯褋芯斜械薪薪芯褋褌懈 2,708050 2,708050
褍写芯褔械褉懈胁褕械泄 5,010635 5,010635
锌械褉懈芯写 1,160488 1,160488
褌褉械斜褍械褌 2,813411 2,813411
屑懈谢谢懈芯薪芯胁 2,931194 5,862388
蟹邪褋械写邪薪懈懈 3,624341 3,624341
胁芯蟹胁褉邪褌 3,912023 3,912023
锌芯褋褌褍锌懈褌 5,010635 5,010635
褉械谐懈芯薪芯胁 3,218876 9,656627
泻褉芯屑械 1,919593 7,678371
胁懈写械 2,177422 6,532266
泻芯屑屑械薪褌懈褉褍械褌 3,064725 3,064725
锌芯锌褉芯斜褍泄褌械 0,013423 0,013423
锌芯谢芯卸械薪 5,010635 5,010635
锌褉懈写械褌 4,317488 4,317488
芯斜邪 3,218876 3,218876
褝泻褋锌械褉褌 1,678431 6,713723
褋褌邪褌褜懈 0,013423 0,013423
写械薪褜谐邪褏 4,317488 4,317488
锌芯写褌胁械褉写懈褌械 0,013423 0,013423
芯斜薪邪谢懈褔懈褌褜 4,317488 12,952464
芯谐褉邪薪懈褔械薪懈泄 3,401197 3,401197
褉邪屑锌褘 5,010635 5,010635
褉邪蟹写械谢懈褌褜 3,401197 3,401197
懈薪褘褏 3,624341 3,624341
褌褍谢褜褋泻邪褟 3,624341 3,624341
泻褍谢褜褌褍褉邪 0,292136 0,292136
锌褉芯懈褋褕械褋褌胁懈褟 0,292136 0,292136
谢懈薪蟹褘 5,010635 5,010635
锌褉芯褎械褋褋懈芯薪邪谢褜薪芯谐芯 3,912023 3,912023
芯斜芯 0,013423 0,013423
锌芯泻褍锌泻懈 4,317488 8,634976
锌芯蟹写薪械械 3,624341 3,624341
芯锌褉械写械谢褟械褌 3,912023 3,912023
泻芯屑锌褜褞褌械褉褘 4,317488 8,634976
锌芯泻褍锌泻械 3,912023 3,912023
褉械写邪泻褌芯褉 0,013423 0,013423
褎懈薪邪薪褋懈褉芯胁邪薪懈褟 3,401197 3,401197
褎谐褍锌 0,499776 1,499327
锌芯谢褍褔邪褌械谢褜 5,010635 5,010635
褋褌褉芯锌邪褏 5,010635 5,010635
锌芯写褋褌邪胁泻懈 4,317488 4,317488
褍褔褉械卸写械薪懈械屑 5,010635 5,010635
懈薪写械泻褋懈褉芯胁邪谢懈褋褜 5,010635 5,010635
芯褌锌褉邪胁谢械薪薪芯谐芯 0,013423 0,013423
褋屑芯褌褉懈褌 3,912023 7,824046
锌褉邪胁械 3,912023 3,912023
芯斜褉邪褌薪邪褟 0,013423 0,026846
褉邪蟹谢懈褔薪褘械 2,931194 2,931194
泻邪谢懈薪懈薪谐褉邪写褋泻邪褟 5,010635 5,010635
褍褌胁械褉卸写械薪薪芯谐芯 5,010635 5,010635
锌褉邪胁芯 2,525729 53,040302
芯锌懈褕懈褌械 0,013423 0,013423
锌芯泻褍锌泻褍 4,317488 4,317488
褍褋褘薪芯胁懈谢邪 5,010635 10,021271
锌褉邪胁邪 2,708050 2,708050
泻褉芯胁邪褌泻邪 5,010635 5,010635
屑邪褌褜 3,912023 15,648092
锌芯褔褌褘 0,013423 0,013423
锌褉芯懈薪写械泻褋懈褉芯胁邪薪 5,010635 10,021271
屑邪谢褘褕 5,010635 15,031906
锌芯褌械褉褟 3,912023 3,912023
褍胁械写芯屑谢械薪懈械 3,218876 3,218876
写芯斜邪胁谢械薪邪 5,010635 5,010635
械褋懈邪 5,010635 5,010635
锌褉芯卸懈褌芯褔薪褘褏 5,010635 5,010635
蟹邪泻芯薪芯斜褖械褋褌胁芯褋械屑褜褟写械褌懈锌械薪褋懈芯薪薪褘泄 5,010635 5,010635
锌芯褉褌邪谢械 3,401197 6,802395
芯写薪芯泻褉邪褌薪芯 5,010635 5,010635
邪写褘谐械械 5,010635 5,010635
褋褌褉邪薪械 2,813411 2,813411
褋械谐芯写薪褟 0,013423 0,107384
胁屑械褋褌芯 2,813411 2,813411
褋懈写褟褖械谐芯 5,010635 10,021271
泻褉械褋谢芯 4,317488 4,317488
锌芯褉褌邪谢邪 3,912023 3,912023
褋褉邪蟹褍 1,832581 3,665163
懈褌邪泻 5,010635 5,010635
泻褉械褋谢械 5,010635 10,021271
锌褉芯卸懈褌褜 5,010635 5,010635
褉邪褋褏芯写褘 3,912023 3,912023
屑芯褕械薪薪懈泻懈 3,624341 3,624341
芯褖褍褖械薪懈泄 5,010635 5,010635
泻褉械褋谢邪 4,317488 8,634976
懈褋锌芯谢褜蟹芯胁邪薪 5,010635 10,021271
锌褉械胁褘褕邪褞褖懈泄 5,010635 5,010635
芯褌锌褉邪胁懈褌褜 0,013423 0,147653
锌褉芯写芯谢卸懈褌褜 0,013423 0,013423
褉械谐懈芯薪 4,317488 4,317488
褉械褕械薪懈械 1,791759 3,583519
褉械褕械薪懈懈 0,013423 0,026846
锌芯泻褍锌芯泻 3,912023 3,912023
锌褉懈蟹薪邪薪薪芯械 5,010635 5,010635
屑邪褉褌 3,401197 3,401197
写械褌懈 3,064725 18,388351
薪芯褋懈褌械谢械 5,010635 5,010635
褋褌芯懈屑芯褋褌懈 3,624341 3,624341
胁褘薪械褋 5,010635 5,010635
褝泻芯薪芯屑懈泻邪 0,292136 0,292136
芯斜薪邪谢懈褔懈谢邪 5,010635 5,010635
芯斜褋褍卸写械薪懈械 0,013423 0,013423
斜谢芯泻懈褉芯胁泻懈 0,013423 0,013423
谢械泄薪褏邪褍褋褘 5,010635 5,010635
芯褉谐邪薪懈蟹邪褑懈褟 3,624341 7,248682
谐褉邪卸写邪薪懈薪 3,218876 3,218876
锌芯褔褌邪 0,013423 0,080538
泻薪懈谐芯写械褉卸邪褌械谢懈 5,010635 5,010635
褕泻芯谢褍 3,912023 3,912023
蟹邪褉械谐懈褋褌褉懈褉芯胁邪薪 5,010635 5,010635
褎邪屑懈谢懈褟 0,013423 0,013423
褕泻芯谢褘 3,064725 3,064725
褉械褕械薪懈褞 3,912023 15,648092
薪邪褔懈薪邪褟 3,624341 10,873023
褉械褕械薪懈褟 2,238047 2,238047
褟薪写械泻褋 0,013423 0,026846
褍写邪谢懈谢懈 0,013423 0,040269
邪泻泻邪褍薪褌褍 0,013423 0,013423
芯褌泻褉褘胁邪械屑芯谐芯 0,013423 0,026846
褋械屑褜褟 3,624341 68,862478
写芯褋褌懈卸械薪懈褟 2,813411 5,626821
胁芯蟹褉邪褋褌邪 2,931194 8,793581
屑邪褌械褉懈薪褋泻芯谐芯 4,317488 90,667250
泻褉芯胁邪褌懈 4,317488 17,269952
褍褋谢芯胁懈泄 3,064725 18,388351
褍褋谢芯胁懈懈 3,912023 7,824046
械写懈薪褋褌胁械薪薪芯谐芯 5,010635 5,010635
锌褉懈泻褉械锌谢械薪薪褘械 5,010635 5,010635
胁芯蟹褉邪褋褌械 2,931194 5,862388
褉械泻谢邪屑褘 0,013423 0,013423
褍褋谢芯胁懈械 2,813411 11,253643
胁褋褌褍锌懈谢懈 5,010635 5,010635
懈锌芯褌械褔薪褘泄 5,010635 5,010635
褋褌芯懈屑芯褋褌褜 2,612740 2,612740
芯斜芯褉褍写芯胁邪薪懈械 3,401197 6,802395
泻芯屑锌褜褞褌械褉邪 5,010635 5,010635
锌褉芯胁芯写懈褌 3,912023 3,912023
泻芯屑锌褜褞褌械褉薪褘械 4,317488 8,634976
写芯褋褌懈卸械薪懈懈 5,010635 10,021271
褋械屑褜械 3,401197 13,604790
芯斜褋褍卸写械薪懈褟 0,013423 0,013423
胁褌芯褉芯泄 2,445686 2,445686
屑邪屑褘 5,010635 10,021271
斜谢芯泻懈褉芯胁泻芯泄 0,013423 0,040269
屑邪谢芯懈屑褍褖懈褏 5,010635 5,010635
褋械屑褜懈 2,445686 17,119802
褍褋谢芯胁懈褟 2,612740 13,063700
锌芯谢褍褔懈谢邪 3,912023 15,648092
锌芯泻褉褘褌褜 3,912023 3,912023
写芯谐芯胁芯褉褍 3,912023 3,912023
薪芯胁芯褋褌懈褋褌褉邪褏芯胁褘械 5,010635 5,010635
褍谐芯谢芯胁薪芯谐芯 5,010635 5,010635
泻芯屑屑褍薪懈泻邪褑懈芯薪薪褘械 5,010635 5,010635
械卸械屑械褋褟褔薪芯谐芯 5,010635 5,010635
懈薪写械泻褋邪褑懈褟 4,317488 12,952464
锌芯谢褍褔懈谢懈 2,525729 2,525729
芯褌胁械褌懈谢懈 3,624341 3,624341
锌褉芯谐褉邪屑屑邪屑 3,912023 3,912023
屑械薪械械 2,177422 2,177422
写芯褋褌褍锌 0,013423 0,026846
锌芯屑芯褖褜褞 1,919593 5,758779
褍谐芯谢芯胁薪芯械 3,912023 3,912023
懈褋锌芯谢褜蟹芯胁邪谢褋褟 4,317488 4,317488
邪胁褌芯褉褍 0,013423 0,013423
褍褋褌邪薪芯胁谢械薪薪褍褞 5,010635 5,010635
锌械薪褋懈芯薪薪芯谐芯 3,912023 19,560115
薪邪褋械谢械薪懈褟 3,064725 3,064725
屑械褋褟褑械胁 2,708050 2,708050
褋谢芯胁邪屑 1,752539 7,010155
谐 0,013423 0,040269
写 0,013423 0,026846
泄 2,014903 2,014903
褋邪薪泻褌 2,525729 2,525729
锌 3,218876 6,437752
褉 5,010635 5,010635
褋懈谢褍 3,064725 3,064725
谐芯褋褍褋谢褍谐懈 2,813411 14,067054
褏 3,401197 3,401197
褌械褔械薪懈械 0,013423 0,040269
泻邪泻懈械 2,177422 2,177422
泻褉械写懈褌薪芯屑 5,010635 5,010635
邪胁褌芯 2,238047 2,238047
褉芯写懈褌械谢褜褋泻懈褏 4,317488 38,857393
芯薪芯 2,302585 2,302585
褌芯胁邪褉懈褖械褋褌胁械 5,010635 5,010635
薪械锌褉懈谐芯写薪褘屑 5,010635 5,010635
泻芯芯锌械褉邪褌懈胁械 5,010635 5,010635
胁芯褋褋褌邪薪芯胁谢械薪懈褟 0,013423 0,013423
锌械褌械褉斜褍褉谐械 3,624341 3,624341
胁褉褍褔薪褍褞 4,317488 4,317488
屑懈薪懈屑褍屑邪 3,624341 7,248682
卸懈谢懈褖薪褘械 4,317488 4,317488
薪邪胁懈谐邪褌芯褉 2,931194 8,793581
褉械谐懈芯薪邪谢褜薪褘褏 4,317488 4,317488
懈薪写褍泻褑懈芯薪薪芯 5,010635 5,010635
褉邪蟹斜谢芯泻懈褉芯胁邪褌褜 0,013423 0,040269
谐芯褉芯写 0,013423 0,013423
胁邪薪薪械 5,010635 5,010635
薪邪褉褟写褍 3,912023 3,912023
薪芯胁芯褋褌械泄屑芯谢薪懈褟 0,013423 0,013423
褉械谐懈芯薪邪谢褜薪褘泄 3,624341 10,873023
卸懈谢懈褖薪褘褏 5,010635 25,053176
芯写薪芯泻谢邪褋褋薪懈泻懈 0,013423 0,026846
胁写薪褏 4,317488 8,634976
褋褍屑屑褍 2,525729 12,628643
屑邪褉泻懈褉芯胁泻懈 5,010635 10,021271
泻薪芯锌泻褍 0,013423 0,013423
泻芯屑屑褍薪懈泻邪褑懈泄 0,013423 0,013423
褋褍屑屑械 3,912023 3,912023
邪胁褌芯屑邪褌懈褔械褋泻芯械 3,624341 7,248682
胁锌芯褋谢械写褋褌胁懈懈 3,912023 3,912023
锌邪褉芯谢褜 0,013423 0,080538
褍屑械薪褜褕懈褌褜 3,912023 3,912023
锌邪褉芯谢褟 0,013423 0,053692
锌芯谢褜蟹芯胁邪薪懈褟 4,317488 4,317488
芯锌芯褉褘 3,624341 3,624341
褉械谐懈芯薪邪谢褜薪褘械 3,912023 11,736069
胁褏芯写 0,013423 0,013423
泻邪锌懈褌邪谢芯屑 5,010635 20,042541
褍写邪谢械薪芯 0,013423 0,013423
褌芯胁邪褉芯胁 3,912023 11,736069
胁邪薪薪褘 5,010635 20,042541
写胁懈谐邪褌械谢褜薪芯谐芯 5,010635 5,010635
褋褍屑屑邪 3,218876 41,845386
褉芯写懈褌械谢褟屑 4,317488 4,317488
胁褋械屑 1,455287 1,455287
褋芯芯斜褖懈褌 5,010635 5,010635
屑械褉邪 3,401197 10,203592
锌芯屑芯褖懈 2,066196 2,066196
屑邪褕懈薪褘 5,010635 5,010635
胁褉邪褔械泄 3,912023 3,912023
锌芯谢褜蟹芯胁邪褌褜褋褟 3,912023 3,912023
褉邪褋锌芯褉褟卸械薪懈懈 3,624341 3,624341
芯褉谐邪薪芯胁 4,317488 4,317488
锌褉懈薪褟谢邪 4,317488 8,634976
褋械屑褜褟屑 4,317488 8,634976
褋褋褘谢泻邪 0,013423 0,026846
褋褋褘谢泻械 0,013423 0,013423
薪褍卸薪芯泄 3,912023 3,912023
褍褋褘薪芯胁懈褌械谢械屑 5,010635 5,010635
褋褋褘谢泻懈 0,013423 0,013423
锌芯屑芯褔褜 0,013423 0,013423
锌芯写谐褍蟹薪懈泻懈 5,010635 5,010635
谐芯褋褍写邪褉褋褌胁械薪薪褍褞 4,317488 4,317488
褋锌懈薪褘 4,317488 4,317488
褍褋褌邪薪芯胁谢械薪薪芯屑 5,010635 5,010635
褎懈薪邪薪褋芯胁芯泄 2,813411 5,626821
懈褋褌械褔械薪懈懈 4,317488 4,317488
褌褘褋 3,624341 3,624341
屑芯褋泻芯胁褋泻邪褟 2,525729 2,525729
胁褘写邪褔懈 4,317488 8,634976
胁褘锌谢邪褔懈胁邪褌褜 5,010635 5,010635
胁褘写邪褔械 3,401197 17,005987
写械胁褍褕泻邪 3,218876 3,218876
褉邪褋褏芯写薪懈泻懈 5,010635 5,010635
薪邪泻芯锌懈褌械谢褜薪褘泄 5,010635 5,010635
屑芯褋泻胁械 1,118815 5,594075
屑芯褋泻胁邪 0,006689 0,020067
胁芯褋锌芯谢褜蟹芯胁邪褌褜褋褟 0,013423 0,040269
胁褏芯写邪 0,013423 0,013423
锌褉械胁褘褕邪褌褜 5,010635 5,010635
屑褍褉屑邪薪褋泻芯泄 4,317488 4,317488
蟹邪斜邪泄泻邪谢褜械 5,010635 5,010635
芯褎芯褉屑谢褟械褌褋褟 5,010635 5,010635
褋褍褉褉芯谐邪褌薪芯泄 5,010635 10,021271
褋胁褘褕械 3,064725 6,129450
写械薪褜谐懈 2,445686 19,565487
锌褉芯斜谢械屑薪褘屑懈 5,010635 10,021271
锌芯谢懈褌懈泻芯泄 0,013423 0,040269
屑薪芯谐芯写械褌薪邪褟 4,317488 4,317488
屑邪褌械褉懈薪褋泻芯屑褍 5,010635 10,021271
褍褋褌邪薪芯胁谢械薪褘 3,624341 3,624341
胁蟹薪芯褋 5,010635 10,021271
褕褉懈褎褌芯屑 5,010635 5,010635
锌械褉械褔薪褟 4,317488 8,634976
褍褋褘薪芯胁懈胁褕械泄 5,010635 5,010635
芯斜褍褔械薪懈械 3,624341 10,873023
芯斜褉邪褖械薪懈泄 0,013423 0,013423
褉械蟹褍谢褜褌邪褌械 2,931194 2,931194
褍褋褌邪薪芯胁谢械薪薪褘褏 4,317488 4,317488
褋褌褉邪褏芯胁褘械 3,624341 3,624341
泻邪谢褍卸褋泻芯泄 4,317488 4,317488
胁芯褋褋褌邪薪邪胁谢懈胁邪褞褖懈械 5,010635 5,010635
褉褍斜谢褟 3,401197 17,005987
蟹邪泻芯薪芯写邪褌械谢褜褋褌胁械 5,010635 5,010635
芯斜褍褔邪褞褖懈屑懈褋褟 5,010635 5,010635
褉芯卸写械薪薪芯谐芯 5,010635 5,010635
褑懈褎褉芯胁褘械 3,624341 3,624341
芯褌泻邪蟹械 4,317488 4,317488
芯褌泻邪蟹邪 2,931194 8,793581
蟹邪褉械谐懈褋褌褉懈褉芯胁邪褌褜褋褟 0,013423 0,053692
锌芯卸邪谢芯胁邪褌褜褋褟 0,013423 0,013423
薪芯胁芯褋褌懈 0,006689 0,160536
胁芯泄褌懈 0,013423 0,053692
锌褉械泻褉邪褌褟褌 5,010635 5,010635
锌芯褋褌褉芯械薪 5,010635 10,021271
芯褔薪芯泄 3,912023 11,736069
锌械褉胁褘褏 3,624341 3,624341
胁芯蟹褉邪褋褌 2,813411 2,813411
薪邪蟹薪邪褔邪褞褌 5,010635 5,010635
谢懈褕械薪懈械 4,317488 8,634976
写械泄褋褌胁懈褟 0,013423 0,026846
胁械褋褌懈斜褍谢褟褉薪芯谐芯 5,010635 5,010635
蟹邪褖懈褌邪 0,013423 0,013423
褉械谐懈褋褌褉邪褑懈褟 0,013423 0,040269
芯褎芯褉屑谢褟谢褋褟 5,010635 5,010635
胁芯褋褋褌邪薪芯胁谢械薪懈械 0,013423 0,040269
胁芯蟹胁械写械薪 5,010635 5,010635
胁褋锌芯屑芯谐邪褌械谢褜薪褘械 5,010635 35,074447
谐芯褋褍写邪褉褋褌胁械薪薪芯械 0,013423 0,013423
芯斜褍褔械薪懈褟 3,624341 10,873023
谐芯褋褍写邪褉褋褌胁械薪薪芯泄 2,813411 11,253643
懈薪褋褌褉褍屑械薪褌褘 5,010635 10,021271
褋锌械褑锌褉芯械泻褌褘 0,190354 0,190354
锌褉芯褋懈屑 0,013423 0,013423
褎械胁褉邪谢械 3,064725 3,064725
蟹邪斜谢芯泻懈褉芯胁邪薪 0,013423 0,013423
蟹邪褖懈褌褘 0,013423 0,013423
褍褋褘薪芯胁懈胁褕懈褏 5,010635 5,010635
锌邪屑褟褌懈 3,401197 3,401197
锌褉械写谢邪谐邪械褌褋褟 3,912023 3,912023
芯斜褉邪褖械薪懈褟 0,013423 0,040269
锌褉芯谐褉邪屑屑褍 3,218876 3,218876
锌械褉胁褘泄 2,014903 4,029806
褎械胁褉邪谢褟 0,616186 2,464745
胁褘写械谢械薪懈褟 5,010635 5,010635
胁芯褋锌懈褌褘胁邪械褌 5,010635 5,010635
锌褉芯谐褉邪屑屑褘 2,525729 22,731558
泻邪谢懈薪懈薪谐褉邪写褋泻芯泄 5,010635 5,010635
锌芯写褌胁械褉卸写邪械褌械 0,013423 0,013423
褍褋褌褉芯泄褋褌胁 4,317488 4,317488
写械褟褌械谢褜薪芯褋褌懈 2,931194 2,931194
蟹薪邪褔械薪懈褟 3,912023 3,912023
褉邪蟹屑械褉 2,813411 28,134107
锌褟褌懈 3,218876 3,218876
胁邪褕 0,013423 0,053692
写械薪械卸薪芯泄 3,912023 3,912023
褋褉芯泻 0,013423 0,067115
胁褘写械谢械薪懈械 5,010635 10,021271
褌械褏薪芯谢芯谐懈泄 0,013423 0,026846
褍褋褌邪薪芯胁泻懈 4,317488 4,317488
谐芯谢芯胁薪褘械 5,010635 5,010635
锌谢邪薪懈褉褍械褌 3,624341 3,624341
褍谐芯谢芯胁薪褍褞 5,010635 5,010635
屑邪褌械褉懈邪谢 0,013423 0,013423
薪械写械谢褜 4,317488 4,317488
谢懈褕械薪懈褟 3,401197 3,401197
薪芯褉屑邪屑懈 3,624341 3,624341
褋芯卸邪谢械薪懈褞 3,912023 3,912023
屑械写懈邪斜邪薪泻锌芯褋械褌懈褌械谢懈 4,317488 4,317488
胁褘写械谢械薪懈褞 5,010635 5,010635
屑邪褌泻邪锌懈褌邪谢褍 5,010635 5,010635
胁芯蟹薪懈泻邪械褌 3,624341 10,873023
褉芯谢褜 3,624341 3,624341
屑邪褌泻邪锌懈褌邪谢械 5,010635 5,010635
褏褉芯薪芯屑械褌褉褘 5,010635 5,010635
屑邪褌泻邪锌懈褌邪谢邪 5,010635 85,180800
褍褏褍写褕邪褌褋褟 5,010635 5,010635
褋褌邪褑懈芯薪邪褉薪褘械 5,010635 5,010635
褍褌芯褔薪褟械褌 2,708050 2,708050
褌械屑械胁褘锌谢邪褌褘 5,010635 5,010635
锌褉邪胁懈谢邪 0,013423 0,026846
卸懈褌械谢褜褋褌胁邪 3,401197 3,401197
胁芯蟹屑芯卸薪芯褋褌懈 2,302585 2,302585
薪邪蟹薪邪褔邪谢褋褟 5,010635 5,010635
写褍褕褍 5,010635 5,010635
锌芯褟胁懈谢懈褋褜 3,912023 3,912023
泻芯屑屑械薪褌懈褉芯胁邪薪懈褟 0,013423 0,026846
芯斜褉邪蟹芯胁邪褌械谢褜薪褘屑 5,010635 5,010635
锌芯褌褉邪褌懈谢邪 5,010635 5,010635
懈锌芯褌械褔薪芯谐芯 5,010635 15,031906
褋褍写械斜薪褘屑 3,912023 7,824046
写褍褕邪 5,010635 10,021271
芯斜褉邪蟹芯胁邪褌械谢褜薪褘褏 3,912023 11,736069
邪写邪锌褌邪褑懈褞 5,010635 10,021271
褉褍斜谢械泄 2,525729 80,823317
锌械褉械褔械薪褜 4,317488 4,317488
邪写邪锌褌邪褑懈懈 3,624341 14,497364
胁邪褕械 0,013423 0,107384
褋邪泄褌械 0,013423 0,013423
锌芯褋褌邪薪芯胁谢械薪懈械 3,624341 3,624341
胁邪褕懈 0,013423 0,013423
锌褉芯褑械薪褌芯胁 2,931194 5,862388
芯褋褌邪褌芯泻 4,317488 8,634976
胁芯褋褋褌邪薪芯胁懈褌褜 0,013423 0,013423
谐写 3,912023 3,912023
蟹邪械屑褖懈泻懈 5,010635 5,010635
锌褉芯褋褌芯 1,714798 1,714798
胁蟹褟谢邪 5,010635 5,010635
谐褉邪薪懈褑械泄 4,317488 4,317488
胁芯锌褉芯褋邪 0,013423 0,013423
谐芯 2,177422 6,532266
蟹邪械屑褖懈泻邪 3,912023 3,912023
懈薪胁邪谢懈写邪 5,010635 5,010635
斜褞写卸械褌芯胁 5,010635 5,010635
谐芯褋褍写邪褉褋褌胁邪 2,931194 2,931194
胁褟褌泻懈薪 4,317488 8,634976
胁芯锌褉芯褋褘 2,238047 15,666326
谢懈褔薪芯屑 2,931194 2,931194
褉邪褋褋泻邪蟹邪谢邪 2,445686 2,445686
褉械斜褢薪泻邪 5,010635 15,031906
锌褉械写褋褌邪胁谢褟械褌褋褟 5,010635 5,010635
芯斜褉邪蟹芯胁邪褌械谢褜薪褘械 3,912023 3,912023
褉械谐懈褋褌褉邪褑懈懈 0,013423 0,053692
泻芯屑锌械薪褋懈褉芯胁邪褌褜 3,624341 3,624341
褉邪斜芯褔懈褏 3,624341 3,624341
薪邪泻芯锌懈褌械谢褜薪芯泄 4,317488 21,587441
褋邪泄褌 0,013423 0,026846
褔械泻懈 5,010635 5,010635
写械谢懈褌褋褟 3,624341 3,624341
芯泻褉褍谐 5,010635 5,010635
写褉褍谐芯械 0,013423 0,026846
锌芯写谢械卸邪褖懈屑 5,010635 5,010635
褌褉械褏 2,177422 8,709688
锌芯写写械褉卸懈胁邪械褌褋褟锌芯谢褍褔懈褌褜 0,013423 0,013423
芯锌谢邪褌褍 3,912023 7,824046
褋屑芯谐褍褌 3,401197 6,802395
写胁褍褏 2,014903 6,044709
褔褌械褑邪 5,010635 5,010635
褋械屑械泄 3,401197 34,011974
褔懈褋谢械 2,525729 10,102915
锌懈褌邪薪懈械 2,708050 2,708050
褍薪懈褌邪褉薪芯屑褍 0,013423 0,026846
褋芯斜褋褌胁械薪薪褘褏 4,317488 4,317488
胁褘写邪褌褜 3,624341 3,624341
褎邪泻褌 3,218876 3,218876
芯斜薪芯胁谢械薪芯 1,003302 1,003302
械褞 5,010635 5,010635
胁懈写 2,708050 2,708050
褉械谐褍谢懈褉褍械屑褘械 5,010635 5,010635
写芯泻褍屑械薪褌邪 3,218876 9,656627
褉邪蟹屑械褉邪 2,708050 2,708050
谢芯谐懈薪芯屑 0,013423 0,013423
褎芯褉屑邪 0,013423 0,026846
褎芯褉屑械 2,302585 11,512925
褋芯褋褌邪胁谢褟械褌 2,445686 4,891372
锌芯写褉芯斜薪械械 3,064725 3,064725
写芯泻褍屑械薪褌褘 3,064725 21,453076
卸懈谢懈褖薪芯械 5,010635 5,010635
褉械邪谢懈蟹邪褑懈懈 3,064725 3,064725
褋懈谢芯胁褘械 5,010635 5,010635
褋械泻褑懈懈 5,010635 5,010635
褋芯胁械褌褋泻懈泄 3,624341 3,624341
褋芯褑懈邪谢褜薪芯泄 2,445686 12,228430
褌褘褋褟褔 2,238047 6,714140
薪邪斜械褉械卸薪芯泄 5,010635 10,021271
褍褋褘薪芯胁懈谢 5,010635 10,021271
写懈褋泻褍褋褋懈懈 0,013423 0,026846
邪胁谐褍褋褌邪 2,120264 2,120264
屑邪谢褘褕邪 5,010635 20,042541
邪锌锌邪褉邪褌芯胁 5,010635 5,010635
锌芯写褘褋泻邪谢懈 5,010635 5,010635
褎芯褉屑褍 0,013423 0,093961
锌谢邪薪 2,371578 4,743156
锌芯胁褘褕械薪懈懈 5,010635 5,010635
泻褉械褋谢邪屑 5,010635 5,010635
褉械谐懈芯薪邪谢褜薪芯械 5,010635 5,010635
写邪薪薪邪褟 0,013423 0,013423
褉褟写械 4,317488 12,952464
褉芯褋褋懈褟薪 1,919593 1,919593
薪芯胁芯褉芯卸写械薪薪褘屑 5,010635 5,010635
写芯褕泻芯谢褜薪芯谐芯 5,010635 10,021271
屑械写懈邪斜邪薪泻 1,321756 6,608779
褟胁谢褟械褌褋褟 2,066196 6,198589
泻褉械写懈褌邪屑 3,912023 3,912023
褌械谢械褎芯薪褘 5,010635 5,010635
屑懈褏邪谢褜褔械胁褋泻懈泄 4,317488 8,634976
褋谢械写褍褞褖懈褏 2,612740 5,225480
褔懈褌邪褞褖懈械 5,010635 5,010635
写胁芯械 3,912023 3,912023
褍褔邪褋褌芯泻 4,317488 4,317488
褋谢械写褍褞褖懈械 2,238047 2,238047
邪胁褌芯褉懈蟹褍泄褌械褋褜 0,013423 0,013423
锌褉械蟹懈写械薪褌 2,238047 2,238047
褉邪褋褕懈褉械薪薪褘泄 0,013423 0,013423
泻芯褉芯谢械胁芯泄 5,010635 5,010635
胁芯蟹胁褉邪褌邪 5,010635 5,010635
屑械褋褌芯 1,832581 1,832581
谐芯褋褍写邪褉褋褌胁芯 3,064725 3,064725
褉芯写懈谢褋褟 5,010635 10,021271
褍褔邪褋褌懈械 0,006689 0,006689
锌芯锌褘褌泻邪 3,912023 3,912023
屑邪褌械褉褜褞 5,010635 10,021271
芯锌械褔邪褌泻邪 0,013423 0,013423
锌褉懈薪褟褌懈褟 4,317488 4,317488
芯薪谢邪泄薪 0,013423 0,013423
褞褉懈褋褌褘 5,010635 5,010635
锌懈褋邪褌褜 4,317488 4,317488
褎械胁褉邪谢褟胁 5,010635 5,010635
褍薪懈胁械褉褋懈褌械褌械 4,317488 4,317488
写懈褋锌谢械械 5,010635 5,010635
屑芯褋泻芯胁褋泻芯泄 3,401197 3,401197
写懈褋锌谢械懈 5,010635 10,021271
锌芯写褔械褉泻懈胁邪械褌 3,064725 3,064725
褍褉芯胁薪械 2,931194 2,931194
褋褉械写薪械写褍褕械胁芯谐芯 5,010635 5,010635
薪邪屑懈 0,013423 0,093961
褎械写械褉邪谢褜薪褘械 4,317488 4,317488
胁谢邪写懈屑懈褉 1,373049 8,238295
蟹邪泻谢褞褔械薪懈械 3,624341 10,873023
褎械写械褉邪谢褜薪褘泄 3,218876 3,218876
写芯褏芯写邪 4,317488 4,317488
胁邪泻邪薪褋懈懈 0,013423 0,013423
褎械写械褉邪谢褜薪褘屑 3,624341 3,624341
锌褉械胁褘褕邪械褌 3,912023 3,912023
褋褌褉邪褏芯胁邪薪懈褟 4,317488 8,634976
薪邪卸懈屑邪褟 0,013423 0,013423
蟹邪薪褟褌懈褟 5,010635 5,010635
褋芯斜褋褌胁械薪薪芯褋褌褜褞 5,010635 5,010635
胁邪屑懈 0,013423 0,013423
薪械写芯锌褍褋褌懈屑芯械 0,013423 0,013423
懈薪胁邪谢懈写薪芯褋褌懈 3,624341 3,624341
泻芯薪褌邪泻褌薪褘械 5,010635 5,010635
锌芯褟胁谢械薪懈褟 2,612740 2,612740
屑邪褌泻邪锌懈褌邪谢芯屑 5,010635 5,010635
芯褋褌邪械褌褋褟 2,931194 5,862388
锌褉械写锌褉懈褟褌懈褞 0,013423 0,026846
胁械褉薪褍褌褜 2,813411 2,813411
泻褍褉褋芯褉邪 5,010635 5,010635
谐芯写邪褏 5,010635 5,010635
胁薪懈屑邪薪懈械 0,013423 0,013423
褋胁械写械薪懈泄 3,401197 10,203592
锌褉懈薪懈屑邪褌褜 0,013423 0,013423
褋械屑褜械泄 3,912023 3,912023
胁芯蟹屑芯卸薪芯褋褌褜 2,302585 6,907755
胁械谢芯褋懈锌械写褘 5,010635 5,010635
芯蟹薪邪泻芯屑谢械薪褘 0,013423 0,013423
蟹邪胁械褉褕械薪懈褟 2,931194 2,931194
锌芯胁褘褕械薪懈褟 3,912023 3,912023
屑芯懈褏 0,013423 0,026846
芯褔械薪褜 1,678431 1,678431
褞褉懈褋褌邪 3,624341 7,248682
锌褉械写锌褉懈褟褌懈械 0,013423 0,013423
芯泻邪蟹邪薪懈械 5,010635 5,010635
泻邪褋邪械褌褋褟 2,612740 2,612740
薪邪谢懈褔懈懈 3,218876 3,218876
褍褔褉械卸写械薪懈械 4,317488 4,317488
泻邪锌懈褌邪谢褍 5,010635 10,021271
褉褎 1,181994 13,001933
邪胁邪褉懈泄薪褘屑 4,317488 4,317488
蟹邪斜褉邪褌褜 4,317488 4,317488
锌懈褋褜屑芯 0,013423 0,013423
褋锌邪褋懈斜芯 0,013423 0,013423
褍泻邪蟹邪谢 5,010635 5,010635
褋懈褌褍邪褑懈懈 2,445686 2,445686
褋芯谐谢邪褋懈械 0,013423 0,040269
褑械薪褌褉 0,190354 0,190354
锌褉邪胁芯屑 3,624341 7,248682
褋褌 2,813411 8,440232
写械泻邪斜褉褟 1,098612 3,295837
锌褉懈谐谢邪褕械薪薪褘泄 3,064725 3,064725
胁械褔械褉薪械泄 5,010635 5,010635
褌邪泻懈屑 2,525729 2,525729
褟泻褍褌懈懈 3,912023 3,912023
褋胁褟蟹邪褌褜褋褟 0,013423 0,080538
锌芯谢 3,912023 3,912023
蟹邪泻芯薪芯写邪褌械谢褜薪邪褟 3,912023 7,824046
泻邪锌懈褌邪谢械 5,010635 5,010635
薪邪斜谢褞写邪械屑 4,317488 4,317488
褌械 2,813411 2,813411
谢懈褔薪芯 3,401197 3,401197
泻邪锌懈褌邪谢邪 3,624341 76,111160
褎芯褌芯 0,013423 0,013423
褋芯写械褉卸邪薪懈械 3,624341 3,624341
锌芯写械谢懈褌褜 4,317488 4,317488
谢械褌 1,514128 10,598894
褋胁褟蟹褜 0,006689 0,013378
芯斜褟蟹邪褌械谢褜褋褌胁芯 4,317488 8,634976
锌褉懈薪褟褌芯屑 4,317488 4,317488
褌邪泻懈械 2,525729 2,525729
芯褌薪芯褋褟褌褋褟 2,813411 2,813411
械胁褉芯锌械泄褋泻芯泄 2,238047 2,238047
屑械褉芯泄 5,010635 5,010635
懈薪褎芯褉屑邪褑懈芯薪薪褘褏 0,013423 0,013423
蟹胁褍泻芯胁褘械 5,010635 5,010635
褉邪蟹屑械褖械薪懈褟 0,013423 0,013423
泻芯薪褎懈写械薪褑懈邪谢褜薪芯褋褌懈 0,013423 0,053692
褋胁褟蟹懈 0,013423 0,093961
芯斜褟蟹邪褌械谢褜薪芯谐芯 5,010635 10,021271
锌褉邪胁 3,064725 27,582526
卸械薪褖懈薪邪屑 3,912023 3,912023
邪写褉械褋褍 0,013423 0,026846
褋褌褍写械薪褔械褋泻邪褟 5,010635 5,010635
薪械芯斜褏芯写懈屑褘械 3,401197 6,802395
芯锌谢邪褔懈胁邪褌褜 4,317488 8,634976
芯褌屑械褔邪械褌 1,966113 1,966113
写邪薪薪褘褏 0,013423 0,107384
褌褉械褌褜械谐芯 4,317488 82,032274
褋芯褑懈邪谢褜薪褘泄 2,708050 13,540251
蟹邪芯褔薪芯泄 5,010635 5,010635
锌懈褋褜屑邪 0,013423 0,053692
褔邪褋芯胁 0,013423 0,026846
褎蟹 3,064725 12,258901
懈胁邪薪芯胁 3,218876 6,437752
屑械褏邪薪懈褔械褋泻芯泄 5,010635 5,010635
写邪薪薪褘泄 2,525729 2,525729
锌芯胁褌芯褉薪邪褟 5,010635 5,010635
谐谢邪胁薪褘泄 0,013423 0,013423
写邪薪薪褘械 0,013423 0,013423
褉械褋锌褍斜谢懈泻械 5,010635 5,010635
胁褌芯褉芯谐芯 2,813411 59,081625
褍褋褘薪芯胁谢械薪懈械屑 5,010635 5,010635
褌邪泻卸械 1,139434 5,697171
褉械褋锌褍斜谢懈泻懈 3,401197 3,401197
泻薪懈谐 5,010635 5,010635
褎芯褌芯谐褉邪褎懈褞 0,013423 0,013423
锌芯写褌胁械褉卸写械薪懈褟 3,624341 3,624341
褋薪芯胁邪 2,612740 2,612740
褉邪褋褋泻邪蟹褘胁邪械褌 2,371578 2,371578
褋薪邪褔邪谢邪 0,013423 0,013423
蟹邪写邪胁邪械屑褘械 4,317488 12,952464
懈蟹屑械薪械薪懈械 3,218876 3,218876
泻芯褉芯谢械胁邪 5,010635 25,053176
芯褎懈褑懈邪谢褜薪邪褟 4,317488 4,317488
锌褉芯写谢械薪懈懈 5,010635 10,021271
锌褉懈谐芯胁芯褉 3,401197 3,401197
锌褉懈胁芯写芯屑 5,010635 15,031906
芯写薪邪泻芯 1,966113 5,898339
蟹邪泻芯薪芯锌褉芯械泻褌 4,317488 4,317488
褉邪褋褋泻邪卸械屑 3,912023 3,912023
芯褌泻邪蟹 2,931194 11,724775
褍褋褘薪芯胁懈褌械谢褜薪懈褑褘 5,010635 5,010635
芯褋褌邪胁邪谢懈褋褜 5,010635 5,010635
泻胁邪褉褌懈褉褘 3,218876 6,437752
屑械写懈泻芯 4,317488 4,317488
锌芯谢褍褔懈褌 3,218876 6,437752
械卸械屑械褋褟褔薪芯泄 4,317488 8,634976
泻胁邪褉褌懈褉褍 4,317488 4,317488
懈锌褉邪 5,010635 5,010635
械卸械屑械褋褟褔薪芯械 4,317488 4,317488
锌芯谢薪芯褋褌褜褞 2,014903 6,044709
锌芯写写械褉卸泻懈 2,931194 23,449550
胁褏芯写懈褌 3,912023 3,912023
锌芯写写械褉卸泻褍 3,912023 7,824046
写芯锌褍褋褌懈屑芯 4,317488 4,317488
谐褉褍写薪懈褔泻邪 5,010635 5,010635
褔邪褋褌褜 1,919593 11,517557
褉邪褋褋屑芯褌褉械薪褘 0,013423 0,013423
谐芯胁芯褉懈褌 2,014903 6,044709
褔邪褋褌芯 2,371578 7,114734
锌褎褉 4,317488 8,634976
褎芯褉屑懈褉芯胁邪薪懈械 4,317488 25,904929
锌械褉械褌褟薪懈褌械 0,013423 0,013423
泻芯谢褟褋芯泻 5,010635 5,010635
褔邪褋褌懈 1,966113 5,898339
懈蟹屑械薪械薪懈褟 2,813411 11,253643
褉邪泄褋褍写 5,010635 5,010635
胁褘锌褍褋泻邪 0,013423 0,013423
褎芯褉屑芯泄 0,013423 0,053692
褔械褉褔械薪懈褟 5,010635 5,010635
褋锌懈褋泻邪 0,013423 0,026846
锌褉芯卸懈胁邪薪懈褟 4,317488 8,634976
褋懈写械薪褜械 5,010635 5,010635
胁蟹褉芯褋谢褘褏 3,218876 3,218876
褋谢械写褋褌胁懈械 4,317488 4,317488
泻邪褔械褋褌胁械 2,708050 2,708050
胁褘锌懈褋泻褍 4,317488 4,317488
泻芯屑锌械薪褋邪褑懈褞 3,912023 3,912023
卸械薪褖懈薪邪屑懈 4,317488 4,317488
泻芯屑锌械薪褋邪褑懈褟 4,317488 4,317488
褔械褌胁褢褉褌芯谐芯 5,010635 5,010635
褋褍斜褋懈写懈褞 4,317488 4,317488
褋懈写械薪褜褟 5,010635 5,010635
锌谢邪褌褎芯褉屑芯泄 5,010635 5,010635
芯褎芯褉屑谢械薪懈械 3,624341 10,873023
芯褌屑械褌泻芯泄 5,010635 5,010635
芯褎芯褉屑谢械薪懈懈 3,624341 3,624341
泻褉邪褋薪芯写邪褉褋泻芯屑 3,401197 3,401197
锌芯谢褍褔械薪懈械屑 3,912023 11,736069
锌褉芯卸懈胁邪薪懈械 5,010635 5,010635
斜褍写褍褌 0,013423 0,013423
褋谢械写褋褌胁懈褟 5,010635 5,010635
褋褍斜褋懈写懈懈 3,912023 3,912023
锌芯谢褍褔邪褌褜 2,813411 5,626821
械卸械屑械褋褟褔薪褍褞 4,317488 12,952464
褍褋褌邪薪邪胁谢懈胁邪械褌褋褟 3,401197 3,401197
斜邪薪泻褉芯褌褋褌胁褍 4,317488 8,634976
锌芯褉褌邪谢 3,401197 6,802395
锌褉懈胁谢械泻邪褌械谢褜薪芯褋褌褜 4,317488 4,317488
薪褍卸薪芯 1,455287 11,642298
泻芯谢械褋懈泻邪褏 5,010635 5,010635
写芯褋泻懈 4,317488 17,269952
褉芯写懈褌褋褟 5,010635 5,010635
芯谐谢邪胁谢械薪懈械 1,791759 1,791759
薪械薪械褑泻懈泄 5,010635 5,010635
蟹邪泻芯薪 2,813411 14,067054
褉芯褋褌 3,218876 3,218876
谐褉邪卸写邪薪械 2,813411 2,813411
懈屑械褞褖懈褏 5,010635 15,031906
斜褍屑邪卸薪芯谐芯 5,010635 5,010635
褋褌懈屑褍谢褟褑懈懈 5,010635 5,010635
泻谢邪胁懈邪褌褍褉褘 5,010635 5,010635
锌褉懈薪邪写谢械卸薪芯褋褌懈 3,912023 7,824046
芯锌懈褋邪薪懈械屑 0,013423 0,013423
泻芯谢褟褋泻械 5,010635 10,021271
懈屑械褞褖懈泄 5,010635 5,010635
懈褋锌芯谢褜蟹褍械褌褋褟 0,013423 0,013423
褋褌褍写械薪褔械褋泻懈泄 5,010635 5,010635
懈胁邪薪芯胁褋泻芯泄 5,010635 5,010635
锌械褉械胁芯写褟褌 5,010635 5,010635
锌芯褋褌褍锌邪械褌 3,912023 3,912023
芯褌褑芯屑 5,010635 5,010635
薪邪泻芯谢械薪薪褘械 5,010635 5,010635
褉芯卸写械薪懈械屑 5,010635 10,021271
褋谢褍褔邪械胁 3,218876 9,656627
褝谢 0,013423 0,013423
写蟹械薪 0,851752 0,851752
锌褉懈褔械屑 2,708050 2,708050
泻芯谢褟褋泻邪 5,010635 5,010635
锌芯褔械屑褍 0,013423 0,013423
屑械褉邪褏 5,010635 15,031906
褌褉械薪懈褉芯胁泻懈 5,010635 5,010635
械卸械谐芯写薪芯 3,218876 3,218876
泻芯写械泻褋邪 3,912023 3,912023
褍褋褘薪芯胁谢械薪 5,010635 10,021271
芯斜薪邪谢懈褔懈胁邪薪懈褟 5,010635 5,010635
卸懈谢褜褢 5,010635 5,010635
卸懈谢褜褟 3,912023 15,648092
薪邪褉褍褕械薪懈械 0,013423 0,040269
卸懈谢褜械 3,624341 14,497364
薪邪蟹邪写 0,013423 0,067115
屑械写懈邪斜邪薪泻懈锌芯褌械泻邪 5,010635 5,010635
薪芯胁芯褋懈斜懈褉褋泻邪褟 5,010635 5,010635
褌械褉褉懈褌芯褉懈邪谢褜薪芯械 5,010635 5,010635
写胁芯懈褏 3,624341 3,624341
写芯锌芯谢薪械薪懈械 3,624341 3,624341
薪邪褋谢械写褋褌胁褍 5,010635 5,010635
褍褋褌邪薪芯胁谢械薪薪芯谐芯 3,912023 3,912023
褌褉械褎懈谢芯胁 4,317488 8,634976
褔褍胁褋褌胁懈褌械谢褜薪芯褋褌懈 5,010635 5,010635
蟹褍斜芯胁褋泻懈泄 0,013423 0,026846
锌芯蟹胁芯谢褟褞褖懈泄 5,010635 5,010635
褋芯褏褉邪薪褟褌褜 5,010635 5,010635
芯褋褍褖械褋褌胁谢褟械褌褋褟 0,013423 0,013423
锌邪褉褟褖械屑 5,010635 10,021271
胁械谢懈褔懈薪褍 5,010635 5,010635
褋懈屑褎械褉芯锌芯谢械 5,010635 10,021271
褉邪蟹胁懈胁邪褞褖懈械 5,010635 5,010635
褋褗械屑薪褘械 5,010635 10,021271
斜褍谢褜胁邪褉 0,013423 0,026846
胁褘锌谢邪褔懈胁邪褟 5,010635 5,010635
锌褉芯胁械褉泻褍 3,912023 3,912023
褏芯褌懈褌械 0,013423 0,013423
锌芯褌褉械斜芯胁邪褌褜褋褟 4,317488 4,317488
胁胁芯写邪 5,010635 10,021271
泻芯薪褌褉芯谢懈褉褍械褌 4,317488 4,317488
胁薪芯胁褜 0,013423 0,013423
褋屑械薪懈褌褜 0,013423 0,013423
褍褔邪褋褌胁芯胁邪褌褜 0,013423 0,026846
褌芯褔泻懈 3,218876 3,218876
褋芯芯斜褖懈褌褜 0,013423 0,013423
褍蟹薪邪泄褌械 3,912023 3,912023
褋泻褉懈薪褕芯褌 0,013423 0,040269
锌芯谢褍褔邪谢懈 4,317488 8,634976
褍泻邪蟹邪薪褘 4,317488 8,634976
薪邪锌褉邪胁懈谢邪 5,010635 5,010635
锌芯写邪胁褕懈械 5,010635 5,010635
卸械薪褖懈薪芯泄 5,010635 5,010635
锌谢邪褋褌懈泻 5,010635 5,010635
锌褉懈芯斜褉械褌械薪懈械 3,912023 19,560115
屑邪褌械褉懈 3,624341 28,994727
胁芯蟹薪邪谐褉邪卸写械薪懈械 5,010635 5,010635
褉邪写懈芯褔邪褋褌芯褌薪芯泄 5,010635 5,010635
写械褌褜屑懈 3,912023 7,824046
芯斜褉邪蟹芯胁邪薪懈褟 3,624341 18,121705
胁蟹邪懈屑芯写械泄褋褌胁懈褟 0,013423 0,026846
卸懈谢芯谐芯 5,010635 10,021271
褋褏械屑褍 5,010635 5,010635
懈薪褎芯褉屑邪褑懈芯薪薪芯械 0,013423 0,040269
褟胁谢褟褞褌褋褟 3,218876 3,218876
芯斜褟蟹邪薪薪芯褋褌褜 4,317488 4,317488
蟹邪泻芯薪芯写邪褌械谢褜褋褌胁芯屑 3,218876 3,218876
邪谢褜褌械褉薪邪褌懈胁薪褘械 4,317488 4,317488
写懈褋褌邪薪褑懈芯薪薪芯泄 5,010635 5,010635
锌芯褌芯谢泻褍 5,010635 5,010635
锌芯褟胁懈谢褋褟 3,401197 10,203592
褋褌芯褟 5,010635 5,010635
胁邪卸薪芯械 2,525729 2,525729
屑械写懈邪斜邪薪泻卸械薪褖懈薪邪 3,624341 3,624341
胁锌械褉胁褘械 2,238047 2,238047
锌褉芯卸懈褌芯褔薪芯谐芯 4,317488 8,634976
薪械懈褋褌褉邪褔械薪薪褘泄 5,010635 5,010635
褎懈芯 0,013423 0,013423
写芯泻邪蟹邪褌褜 4,317488 4,317488
芯斜褉邪蟹芯胁邪薪懈械 3,401197 17,005987
褔械谢芯胁械泻邪 2,177422 8,709688
褕械褋褌懈 3,218876 3,218876
胁械褉褋懈褟 0,013423 0,013423
褋锌褍褋褌褟 2,813411 2,813411
褌芯屑褋泻邪 5,010635 5,010635
胁褘写械谢懈褌褜 2,931194 14,655969
胁械褉褋懈懈 3,218876 3,218876
芯褉谐邪薪邪 3,624341 3,624341
褌褉械斜芯胁邪薪懈泄 3,624341 3,624341
褉邪斜芯褌械 2,813411 5,626821
懈屑械褞褖械屑褍 5,010635 5,010635
褋褍斜褗械泻褌械 5,010635 10,021271
蟹邪褉械谐懈褋褌褉懈褉芯胁邪薪芯 0,013423 0,013423
邪写褉械褋 0,013423 0,040269
芯斜褉邪蟹芯胁邪褌械谢褜薪邪褟 4,317488 4,317488
锌褉械写褋褌邪胁懈褌褜 3,624341 3,624341
锌械褉械写邪褔懈 3,912023 3,912023
褉邪斜芯褌邪 2,612740 2,612740
写芯谢褟屑懈 5,010635 5,010635
褋芯芯斜褖械薪懈褟 0,013423 0,053692
懈薪褎褍蟹懈芯薪薪褘械 5,010635 5,010635
锌褉芯褑械写褍褉褘 5,010635 5,010635
褋械胁邪褋褌芯锌芯谢械 5,010635 10,021271
屑邪褌械褉懈邪谢褜薪芯泄 5,010635 5,010635
褌械谢械褎芯薪 0,013423 0,013423
褉械谐褍谢懈褉芯胁泻芯泄 5,010635 5,010635
褋薪芯褋褍 5,010635 5,010635
薪邪泻邪蟹邪薪懈械 3,912023 3,912023
褌邪泻褌懈谢褜薪褘械 5,010635 10,021271
泻芯薪褋褌懈褌褍褑懈芯薪薪芯谐芯 4,317488 4,317488
卸懈褌械谢褜薪懈褑褘 5,010635 5,010635
褍褋褘薪芯胁懈褌械谢褜 5,010635 5,010635
褉邪斜芯褔械谐芯 3,912023 3,912023
褉邪褋褑械薪械薪芯 5,010635 5,010635
褋芯芯斜褖械薪懈械 0,013423 0,134230
蟹邪械屑 5,010635 5,010635
褋褌邪褉褘械 0,013423 0,013423
胁薪械褋褍褌 5,010635 10,021271
锌芯褟褋薪褟械褌 2,371578 7,114734
胁薪械褋褌懈 3,912023 3,912023
芯褎芯褉屑谢褟谢懈 5,010635 5,010635
褋谢褍褔邪褟褏 2,813411 8,440232
褍褋褘薪芯胁懈胁褕邪褟 5,010635 10,021271
芯斜褗褟褋薪懈谢 3,064725 3,064725
屑邪褌械褉懈邪谢褘 1,643339 6,573358
褉械写 3,912023 3,912023
锌芯谢褍褔邪械褌 3,912023 7,824046
锌芯谢芯卸械薪懈械 3,218876 3,218876
褉芯写懈胁褕懈褏 5,010635 5,010635
锌械褉械褌邪褖懈褌械 0,013423 0,040269
屑邪褌械褉懈邪谢械 0,013423 0,040269
屑邪褌械褉懈邪谢邪 0,013423 0,026846
谐褍谢褟褞褌 5,010635 10,021271
锌褉芯褏芯卸懈械 4,317488 4,317488
胁邪褕械谐芯 0,013423 0,013423
锌邪褉芯谢械屑 0,013423 0,013423
褝泻褋锌械褉褌芯胁 3,064725 9,194175
蟹邪褉械谐懈褋褌褉懈褉褍泄褌械褋褜 0,013423 0,013423
蟹邪谐褋 5,010635 5,010635
芯褌薪芯褕械薪懈懈 3,064725 9,194175
芯泻褋邪薪褘 3,912023 3,912023
蟹邪胁懈褋懈褌 2,371578 2,371578
锌芯褌褉械斜薪芯褋褌械泄 5,010635 5,010635
斜褍屑邪谐邪 5,010635 5,010635
锌芯谢褍褔懈褌褜 1,752539 40,308391
薪邪锌褉邪胁懈褌褜 2,931194 14,655969
芯锌械泻懈 5,010635 5,010635
锌褉芯锌邪谢邪 5,010635 5,010635
谐芯褋褍写邪褉褋褌胁械薪薪褘泄 2,931194 2,931194
褋芯谐谢邪褋懈谢懈褋褜 5,010635 5,010635
褋胁褟蟹邪薪薪褘械 0,013423 0,013423
芯泻褋邪薪邪 3,064725 21,453076
褉懈邪 0,006689 0,140469
褋械褉褌懈褎懈泻邪褌邪 4,317488 56,127345
褋械褉褌懈褎懈泻邪褌械 5,010635 5,010635
锌懈褕褍褖懈械 5,010635 5,010635
锌芯褋邪写泻械 5,010635 10,021271
锌芯褉褟写泻械 2,931194 5,862388
褋胁褟蟹邪薪薪褘褏 0,013423 0,026846
锌褉邪胁懈褌械谢褜褋褌胁邪 3,064725 3,064725
谐芯写 0,967584 3,870336
褋芯胁屑械褋褌薪芯 4,317488 4,317488
褍锌谢邪褌褍 4,317488 8,634976
斜褍写褍褖械屑 2,931194 2,931194
芯褎芯褉屑谢褟谢邪 5,010635 5,010635
胁褘锌谢邪褌褍 3,912023 50,856299
胁械写褍褖懈泄 2,302585 2,302585
锌芯褝褌芯屑褍 2,014903 4,029806
褉械谐褍谢懈褉褍械褌褋褟 3,912023 3,912023
邪谐械薪褌褋褌胁芯 0,013423 0,040269
懈薪胁械褋褌懈褑懈懈 3,624341 3,624341
胁褘锌谢邪褌械 4,317488 4,317488
锌褉芯写邪胁 5,010635 5,010635
胁褘锌谢邪褌邪 3,912023 3,912023
褍泻褉邪谢懈 5,010635 5,010635
锌芯褌褉邪褔械薪邪 5,010635 5,010635
褋芯胁械褌褘 1,752539 5,257616
薪邪褋芯褋褘 5,010635 5,010635
邪谐械薪褌褋褌胁邪 0,013423 0,013423
谐芯褋写褍屑褍 4,317488 4,317488
胁械褖懈 5,010635 5,010635
褋邪屑芯械 2,708050 2,708050
蟹邪褉褟写褜械 5,010635 10,021271
胁褘锌谢邪褌褘 3,064725 49,035602
褍泻邪蟹褘胁邪械褌 3,218876 3,218876
褌邪泻芯械 1,875141 5,625423
蟹邪胁懈褋懈屑芯褋褌懈 2,014903 4,029806
锌谢邪褌械卸械褋锌芯褋芯斜薪芯褋褌褜 5,010635 5,010635
锌芯写褉褟写邪 5,010635 5,010635
褕邪锌泻邪 0,013423 0,013423
褎懈泻褌懈胁薪褘褏 5,010635 5,010635
褝谢械泻褌褉懈褔械褋泻懈屑 5,010635 5,010635
胁芯锌褉芯褋褘谐芯写 5,010635 5,010635
懈蟹屑械薪懈褌褋褟 3,218876 3,218876
褉芯写懈谢邪 4,317488 8,634976
胁芯褋锌芯谢褜蟹褍泄褌械褋褜 0,013423 0,040269
褎芯薪写 3,064725 18,388351
邪泻泻邪褍薪褌 0,013423 0,067115
褔邪褋褌懈褔薪芯谐芯 5,010635 5,010635
锌芯写锌邪写邪褞褌 5,010635 5,010635
褋芯谐谢邪褕械薪懈懈 5,010635 5,010635
谐芯褋写褍屑邪 3,064725 6,129450
泻芯褌芯褉邪褟 1,643339 4,930018
褝谢械泻褌褉芯薪薪芯谐芯 5,010635 15,031906
谐谢邪胁薪邪褟 2,120264 2,120264
褋褌褉芯懈褌械谢褜褋褌胁芯 5,010635 30,063812
懈褋褌芯褉懈褟 1,484275 2,968550
褋懈写械薪懈褟 5,010635 15,031906
褎懈泻褌懈胁薪褘泄 5,010635 5,010635
谢懈斜芯 0,013423 0,040269
锌芯薪邪写芯斜懈褌褜褋褟 4,317488 4,317488
褋芯谐谢邪褋薪芯 2,371578 4,743156
邪胁褌芯薪芯屑薪褘泄 5,010635 5,010635
锌芯懈褋泻 0,013423 0,013423
锌芯写锌懈褋邪谢 3,624341 7,248682
芯斜褍褔邪褞褌褋褟 5,010635 5,010635
锌邪褉泻械 4,317488 8,634976
褋芯谐谢邪褋薪褘 0,013423 0,040269
蟹邪谐芯褉芯写薪芯谐芯 5,010635 5,010635
蟹邪褋褌褉芯泄褖懈泻 5,010635 5,010635
褉芯写懈胁褕邪褟 5,010635 10,021271
胁芯谢谐芯谐褉邪写褋泻邪褟 4,317488 4,317488
褋褌褉芯懈褌械谢褜褋褌胁邪 3,218876 3,218876
斜褉邪泻械 4,317488 4,317488
芯写薪芯胁褉械屑械薪薪芯屑 5,010635 5,010635
褉芯写懈褌械谢褟 5,010635 10,021271
斜褉邪泻邪 5,010635 5,010635
邪谢械泻褋械泄 1,966113 3,932226
褋褌邪写懈懈 3,912023 3,912023
褉芯写懈褌械谢懈 3,218876 9,656627
褋胁芯懈褏 2,612740 2,612740
锌褉懈蟹薪邪谢 3,624341 3,624341
锌褉懈蟹薪邪薪 3,912023 11,736069
褋械屑械泄薪褘泄 4,317488 25,904929
薪芯胁褘泄 0,013423 0,013423
褉邪褋锌芯褉褟卸械薪懈械屑 5,010635 5,010635
锌芯写邪褔械 3,401197 3,401197
芯锌懈褋邪薪褘 5,010635 5,010635
褔邪褋褌懈褔薪芯 3,912023 3,912023
褉械斜械薪芯泻 3,624341 18,121705
写芯谢卸薪芯 2,708050 5,416100
屑懈邪 0,013423 0,067115
蟹邪写邪褌褜 0,013423 0,013423
褌械谐懈 0,190354 0,190354
锌芯谢薪褘泄 2,612740 2,612740
邪胁褌芯屑邪褌懈褔械褋泻懈 2,931194 2,931194
屑芯褋褌褍 5,010635 10,021271
褌褉邪薪褋锌芯褉褌薪芯械 3,912023 7,824046
邪谢械泻褋邪薪写褉 1,455287 2,910574
写芯谢卸薪褘 0,013423 0,026846
写芯锌芯谢薪懈褌械谢褜薪褘褏 3,912023 7,824046
锌芯褋谢械写褍褞褖械谐芯 3,912023 3,912023
泻芯屑褍 2,371578 2,371578
锌芯谢懈褌懈泻邪 0,013423 0,026846
褋械泻褉械褌邪褉褟 5,010635 5,010635
褋械褌械泄 3,218876 3,218876
褋褉械写褋褌胁芯 3,624341 7,248682
褎邪泻褌懈褔械褋泻芯泄 5,010635 5,010635
蟹械屑谢褞 4,317488 4,317488
褌褉邪褌懈褌褜 3,624341 7,248682
锌芯谢薪芯谐芯 3,218876 3,218876
薪邪蟹薪邪褔械薪 5,010635 10,021271
写芯谢卸薪邪 2,525729 10,102915
褉械谐懈芯薪褘 2,931194 2,931194
械写懈薪褋褌胁械薪薪褘屑 3,624341 7,248682
胁褉械屑褟 0,013423 0,040269
锌褉械写芯褋褌邪胁懈谢懈 4,317488 4,317488
械写懈薪褋褌胁械薪薪褘泄 3,401197 3,401197
薪械写芯褋褌芯胁械褉薪褘褏 5,010635 5,010635
谢械薪懈薪谐褉邪写褋泻邪褟 3,401197 3,401197
泻褉邪褋薪芯褟褉褋泻懈泄 4,317488 4,317488
褋褉械写褋褌胁邪 2,445686 41,576661
褉邪薪械械 0,013423 0,120807
屑芯褕械薪薪懈褔械褋褌胁械 4,317488 4,317488
锌褉懈写械褌褋褟 2,813411 2,813411
薪械褋褍褌 4,317488 4,317488
锌芯写邪褌褜 2,813411 11,253643
锌芯谢褍褔械薪懈械 2,931194 29,311938
锌芯褟胁懈褌褋褟 3,064725 3,064725
薪邪胁懈谐邪褌芯褉写械褌褋泻懈械 5,010635 5,010635
锌谢邪褌褎芯褉屑褘 3,912023 15,648092
屑芯褕械薪薪懈褔械褋褌胁芯 5,010635 5,010635
芯斜褉邪褖邪械屑 0,013423 0,013423
胁锌褉邪胁械 3,218876 9,656627
邪泻褌懈胁邪屑懈 5,010635 10,021271
芯屑褋泻芯泄 5,010635 5,010635
芯褌械褑 3,624341 25,370387
薪邪锌懈褋邪褌褜 0,013423 0,013423
锌芯谢褍褔械薪懈懈 3,624341 14,497364
屑谢薪 3,401197 10,203592
锌芯谢褍褔械薪懈褟 2,445686 12,228430
芯褌褋褍褌褋褌胁懈褟 3,401197 3,401197
锌芯泻邪蟹邪褌褜 0,013423 0,013423
锌邪褉邪屑械褌褉芯胁 3,912023 3,912023
褋褌邪褌褍褋械 3,912023 3,912023
芯褌褋褍褌褋褌胁懈械 2,612740 2,612740
褍褋褘薪芯胁谢械薪薪芯谐芯 5,010635 5,010635
褋褔械褌 2,445686 9,782744
谐芯褋褍褋谢褍谐 3,218876 3,218876
芯褎芯褉屑懈褌褜 3,064725 3,064725
锌褉芯写褍泻褌褘 0,150823 0,150823
斜邪薪泻懈 3,064725 3,064725
褔懈褌邪褌褜 0,851752 0,851752
褉邪褋褌芯褉卸械薪懈褟 5,010635 5,010635
胁芯蟹屑芯卸薪邪 3,912023 3,912023
谐邪胁褉懈谢芯胁邪 0,013423 0,013423
泻褍锌懈褌褜 3,401197 6,802395
锌芯谐邪褕械薪懈械 5,010635 15,031906
褉邪褋锌芯谢芯卸械薪薪芯屑褍 0,013423 0,026846
褋褔械褌邪 3,401197 3,401197
芯斜褟蟹邪褌械谢褜薪芯 2,931194 2,931194
懈褋锌芯谢薪懈谢芯褋褜 5,010635 5,010635
薪械斜芯谢褜褕褍褞 3,401197 3,401197
褍褔褉械写懈褌械谢褜 0,013423 0,013423
薪械褋泻芯谢褜泻懈褏 3,064725 3,064725
屑芯械 0,013423 0,026846
芯写薪芯谐芯 2,612740 2,612740
懈薪褋褌褉褍泻褑懈褟 2,238047 2,238047
薪械懈褋褌褉邪褔械薪薪芯屑 5,010635 5,010635
锌芯褋械褌懈褌械谢懈 4,317488 4,317488
谢械褋褌薪懈褑 5,010635 5,010635
蟹邪泄屑邪屑 5,010635 5,010635
泻芯薪褋褌邪薪褌懈薪 3,064725 6,129450
芯斜褟蟹邪褌械谢褜薪褘 0,013423 0,093961
褋屑芯卸械褌 3,401197 10,203592
锌械褌谢械胁褘械 5,010635 5,010635
锌械褉胁械薪褑邪 5,010635 5,010635
褉芯褋泻芯屑薪邪写蟹芯褉 0,013423 0,013423
锌芯写芯斜薪褘褏 4,317488 4,317488
锌械褉械薪芯褋薪褘械 5,010635 5,010635
斜谢芯泻懈褉芯胁邪谢褋褟 0,013423 0,013423
薪械芯斜褏芯写懈屑邪褟 5,010635 5,010635
械写懈薪芯胁褉械屑械薪薪褍褞 5,010635 5,010635
褉芯卸写械薪褘 5,010635 10,021271
锌褉械写芯褋褌邪胁谢械薪懈械 3,624341 7,248682
屑芯褢 0,013423 0,013423
锌褉芯懈薪写械泻褋懈褉芯胁邪谢懈 5,010635 5,010635
芯锌芯褉薪芯 5,010635 5,010635
谢懈褑褍 3,624341 3,624341
屑芯斜懈谢褜薪褘褏 3,912023 3,912023
锌芯褋谢械写褍褞褖懈褏 4,317488 43,174881
锌芯褕邪谐芯胁邪褟 2,238047 2,238047
写芯谢卸械薪 2,177422 6,532266
芯锌谢邪褌懈褌褜 3,218876 6,437752
写芯泻褍屑械薪褌 3,218876 6,437752
泻芯褌芯褉芯泄 2,238047 4,476093
锌芯褋谢械写褍褞褖懈泄 5,010635 5,010635
屑芯斜懈谢褜薪褘械 3,624341 7,248682
屑邪褌泻邪锌懈褌邪谢邪褏胁 5,010635 5,010635
谢懈褑邪 2,525729 2,525729
泻芯褌芯褉芯屑 2,931194 2,931194
锌芯谐邪褕械薪懈褟 4,317488 8,634976
芯斜褉邪斜芯褌泻懈 0,013423 0,026846
懈褋锌芯谢薪懈褌褋褟 5,010635 5,010635
写邪褞 0,013423 0,026846
芯斜褉邪斜芯褌泻褍 0,013423 0,026846
褉械写邪泻褑懈懈 0,013423 0,026846
褋屑械褉褌懈 2,708050 5,416100
写械泄褋褌胁褍褞褌 3,624341 3,624341
褉邪薪褜褕械 3,064725 3,064725
芯斜褉邪斜芯褌泻邪 0,013423 0,013423
泻芯褌芯褉芯谐芯 2,238047 4,476093
褝褌芯 0,013423 0,053692
懈褋锌芯谢褜蟹褍械褌 4,317488 4,317488
锌褉械写屑械褌褘 2,612740 2,612740
褝褌懈褏 2,302585 4,605170
写胁械 2,177422 2,177422
泻邪斜懈薪械褌械 3,064725 3,064725
薪芯胁褍褞 0,013423 0,013423
谢懈褕械薪薪褘褏 5,010635 5,010635
屑邪褋褋芯胁褘褏 0,013423 0,013423
锌褉械写薪邪蟹薪邪褔械薪薪褘褏 5,010635 15,031906
写械褌械泄 2,302585 96,708574
锌褉芯泄写械薪邪 0,013423 0,013423
褉芯写懈谢懈褋褜 5,010635 10,021271
胁薪械褋械薪 3,401197 3,401197
褍褌胁械褉卸写械薪懈懈 5,010635 5,010635
褋芯斜褋褌胁械薪薪芯褋褌懈 3,401197 3,401197
褉械谐懈芯薪邪 3,401197 3,401197
斜褉邪泻 5,010635 5,010635
褝谢械泻褌褉芯薪薪芯泄 0,013423 0,013423
褉褍褔薪褘屑 3,912023 7,824046
锌芯褋芯斜懈械 3,912023 3,912023
泻邪谢褜泻褍谢褟褌芯褉褘 4,317488 4,317488
褉械谐懈芯薪械 3,624341 7,248682
褉邪蟹屑械褖械薪薪芯谐芯 5,010635 5,010635
褉邪写懈芯 0,274437 0,274437
褉械斜械薪泻褍 4,317488 12,952464
薪芯胁芯屑 3,218876 3,218876
芯褋薪芯胁薪芯谐芯 3,218876 6,437752
懈褋锌芯谢褜蟹芯胁邪薪懈褟 0,013423 0,053692
懈薪褎谢褟褑懈懈 3,624341 3,624341
褔褌械薪懈褟 5,010635 5,010635
蟹械屑谢懈 3,912023 3,912023
懈屑懈 3,624341 3,624341
褝泻褋锌械褉褌邪 2,813411 2,813411
邪薪邪谢懈蟹邪 3,912023 3,912023
锌芯胁褌芯褉薪芯 4,317488 4,317488
屑褎褑 3,218876 6,437752
褉邪蟹胁芯写械 5,010635 10,021271
芯褕懈斜泻褍 0,013423 0,013423
芯斜褉邪褌懈胁褕懈褋褜 5,010635 5,010635
锌褍褌懈薪 1,514128 1,514128
锌芯写褗械屑薪懈泻懈 5,010635 25,053176
褎谐懈褋 5,010635 5,010635
懈谐褉褘 1,791759 1,791759
懈褋锌芯谢薪械薪芯 5,010635 5,010635
写芯屑邪褏 4,317488 4,317488
芯褕懈斜泻邪 0,013423 0,013423
褉械泻芯屑械薪写邪褑懈懈 2,931194 8,793581
胁芯锌褉芯褋 0,006689 0,006689
写芯锌芯谢薪懈褌械谢褜薪芯泄 3,401197 3,401197
锌芯胁褋械写薪械胁薪芯泄 5,010635 5,010635
屑邪褉褌邪 1,678431 3,356862
懈屑褟 0,013423 0,067115
胁芯褋锌芯谢褜蟹芯胁邪谢邪褋褜 5,010635 10,021271
锌褉懈泻褉械锌谢褟械屑褘械 5,010635 5,010635
褉械斜械薪泻邪 2,525729 143,966533
锌褉芯泻褍褉邪褌褍褉邪 3,624341 3,624341
械写懈薪芯胁褉械屑械薪薪芯泄 4,317488 4,317488
锌械褉褋芯薪邪谢褜薪芯泄 5,010635 5,010635
褋薪懈谢褋 5,010635 5,010635
懈褋锌芯谢褜蟹芯胁邪薪懈械 2,612740 5,225480
锌芯褋芯斜懈褟 3,624341 3,624341
褍褋锌械褕薪芯 0,013423 0,013423
锌谢邪褌薪褘褏 5,010635 5,010635
谢懈褑械薪蟹懈褞 5,010635 5,010635
谢械薪褌邪 0,006689 0,013378
蟹邪泻芯薪邪 3,064725 9,194175
蟹邪泻芯薪械 3,912023 3,912023
褋胁懈写械褌械谢褜褋褌胁邪 3,624341 10,873023
蟹邪斜谢芯泻懈褉芯胁邪薪褘 0,013423 0,013423
褋褍褌褜 2,525729 2,525729
褋褎械褉械 0,013423 0,013423
褋邪写 5,010635 10,021271
褉褟写 2,931194 2,931194
锌芯褌褉械斜懈褌械谢褜褋泻芯屑 4,317488 4,317488
褋胁懈写械褌械谢褜褋褌胁芯 0,013423 0,053692
锌芯谐邪褋懈褌褜 4,317488 8,634976
芯褌褋褍褌褋褌胁褍褞褖懈屑 4,317488 4,317488
蟹邪锌懈褋懈 3,401197 3,401197
褍褋褘薪芯胁谢械薪懈褟 5,010635 25,053176
锌褉懈薪褟褌 5,010635 10,021271
写邪褌褘 2,813411 5,626821
卸械薪褖懈薪 2,445686 7,337058
锌褉械褋褋 0,013423 0,026846
褉芯褋褋懈懈 0,395515 2,373089
锌褉懈屑械薪械薪懈褟 0,013423 0,013423
谢懈褕懈谢褋褟 5,010635 5,010635
写邪褌褍 3,218876 6,437752
褝泻褋锌械褉褌懈蟹褘 4,317488 4,317488
锌械褉褋芯薪邪谢褜薪褘褏 0,013423 0,107384
褌褉械褌懈泄 2,931194 11,724775
锌褉芯懈蟹芯褕谢邪 0,013423 0,013423
褋锌芯褉邪屑 5,010635 10,021271
锌械薪褋懈懈 3,401197 20,407184
写邪褌邪 0,013423 0,013423
褉懈褋芯胁邪薪懈褟 5,010635 10,021271
屑械褋褌薪褘屑懈 5,010635 5,010635
写械褌褟屑 2,813411 14,067054
褋褍褖械褋褌胁褍械褌 2,612740 2,612740
锌械薪褋懈芯薪薪褘泄 5,010635 15,031906
蟹邪胁懈褋褟褌 3,912023 3,912023
薪褍卸写褘 3,912023 11,736069
械卸械屑械褋褟褔薪褘械 4,317488 12,952464
薪邪褋褌芯谢褜薪褘械 5,010635 5,010635
褋锌械褑懈邪谢懈褋褌 2,931194 2,931194
褋褉械写薪械谐芯 3,401197 3,401197
泻芯褌芯褉褍褞 2,931194 2,931194
褉芯褋褋懈褟 0,006689 0,066890
胁褘褋邪写泻械 5,010635 10,021271
泻芯薪褑邪 2,445686 4,891372
屑懈薪懈屑褍屑芯胁 5,010635 5,010635
褑械谢褟褏 3,401197 3,401197
褍褋褌褉芯泄褋褌胁邪 3,912023 15,648092
锌芯写褌胁械褉卸写邪械褌 3,624341 3,624341
褍褔械褌芯屑 3,218876 3,218876
褟薪胁邪褉褟 1,160488 22,049266
蟹邪泻芯薪褍 3,912023 23,472138
褔邪褋褌薪褍褞 5,010635 5,010635
锌械褉褋芯薪邪谢褜薪褘械 3,401197 3,401197
锌褉芯懈蟹芯褕谢芯 2,708050 5,416100
邪谢褎邪胁懈褌芯屑 5,010635 5,010635
懈褋锌芯谢褜蟹芯胁邪谢邪 4,317488 4,317488
锌邪锌褘 4,317488 4,317488
褋锌械褑懈邪谢懈褋褌邪 4,317488 4,317488
褉芯卸写械薪懈械 4,317488 4,317488
锌褉邪胁懈褌械谢褜褋褌胁芯屑 4,317488 4,317488
褋褉芯泻懈 2,525729 5,051457
褋械褉胁懈褋褘 0,190354 0,190354
褌械谢械褎芯薪薪褘械 5,010635 5,010635
褍褋谢褍谐懈 3,624341 21,746046
褉芯卸写械薪懈懈 4,317488 73,397298
芯褌褑邪 3,401197 6,802395
褉芯卸写械薪懈褟 3,064725 24,517801
褍褋谢褍谐褍 3,912023 3,912023
褍褋懈谢懈褌械谢懈 5,010635 5,010635
懈薪胁邪谢懈写芯胁 3,401197 23,808382
写褍锌谢械泻褋褘 5,010635 5,010635
褋芯褋褌邪胁懈谢懈 5,010635 5,010635
锌邪写邪械褌 5,010635 5,010635
芯褌锌褉邪胁泻懈 0,013423 0,013423
懈锌芯褌械泻褍 4,317488 4,317488
褉械斜械薪泻邪屑邪褌泻邪锌懈褌邪谢 5,010635 5,010635
锌芯谢芯卸械薪褘 3,401197 6,802395
懈锌芯褌械泻邪 3,624341 10,873023
泻芯褌芯褉芯屑褍 2,931194 2,931194
锌械薪褋懈褞 3,624341 7,248682
懈锌芯褌械泻懈 3,912023 11,736069
胁褘斜械褉懈褌械 0,013423 0,040269
胁褘褉邪褋褌械褌 3,912023 3,912023
褍屑械褉 2,813411 5,626821
蟹邪褖懈褌芯泄 0,013423 0,026846
邪胁褌芯褉懈蟹邪褑懈褟 0,013423 0,013423
褉械谢懈谐懈褟 0,283247 0,283247
褉械泄褌懈薪谐 0,006689 0,006689
谐邪谢芯褔泻褍 0,013423 0,013423
械谐褉薪 4,317488 4,317488
写芯屑 2,302585 4,605170
芯斜褖械卸懈褌懈褟 5,010635 5,010635
写薪褟 1,678431 6,713723
谢褞斜芯械 2,931194 5,862388
褉褍泻芯锌懈褋懈 5,010635 5,010635
褋锌芯褋芯斜褘 0,013423 0,040269
谢褞斜芯泄 2,445686 2,445686
谢褞斜芯屑 3,064725 3,064725
薪械写胁懈卸懈屑芯褋褌褜 0,292136 0,584273
锌芯褌褉邪褔械薪薪褘械 5,010635 5,010635
褎懈薪邪薪褋懈褉褍械褌褋褟 5,010635 5,010635
褋谢褍卸斜褘 2,066196 2,066196
褍薪懈褌邪褉薪芯械 0,013423 0,013423
锌芯谐邪褋懈谢邪 5,010635 5,010635
懈谐褉褍褕泻懈 3,912023 3,912023
锌芯褋褉械写褋褌胁芯屑 4,317488 4,317488
写薪械泄 1,832581 1,832581
褌械屑邪 0,013423 0,040269
锌芯谢褍褔械薪芯 5,010635 5,010635
褉械泻芯屑械薪写邪褌械谢褜薪褘褏 0,013423 0,013423
芯斜褟蟹邪薪褘 4,317488 4,317488
谢懈褑械薪蟹懈褉芯胁邪薪薪褘屑 5,010635 5,010635
泻褉褍卸泻懈 4,317488 4,317488
锌芯褋褌邪薪芯胁谢械薪懈褟屑懈 5,010635 5,010635
褋胁芯懈屑懈 2,931194 2,931194
锌褉芯褋褌邪胁谢褟褟 0,013423 0,013423
蟹邪锌芯谢薪械薪懈褟 0,013423 0,093961
薪械写胁懈卸懈屑芯褋褌懈 3,912023 7,824046
锌芯谢械蟹薪芯械 0,182322 0,182322
锌芯写褌胁械褉卸写邪褞褖懈械 3,401197 3,401197
褋谢褍卸斜械 0,013423 0,013423
蟹邪褟胁懈褌械谢褜 5,010635 5,010635
锌芯写褌胁械褉卸写邪褞褖懈泄 5,010635 5,010635
褉械谢懈蟹芯胁 0,013423 0,013423
芯斜褉邪褌懈褌褜褋褟 2,612740 7,838220
屑械写懈邪斜邪薪泻褉邪斜芯褌邪 3,401197 3,401197
胁邪褕懈褏 0,013423 0,026846
褔邪褋褌械泄 3,401197 3,401197
懈屑械胁褕懈褏 5,010635 5,010635
胁械褉褏芯胁薪褘泄 3,912023 3,912023
泻芯褌芯褉褘械 1,455287 13,097585
锌械褉械屑械褖械薪懈褟 5,010635 20,042541
泻芯褌芯褉褘泄 1,160488 3,481463
泻芯褌芯褉褘屑 2,612740 5,225480
褉芯卸械薪懈褑 5,010635 5,010635
薪邪锌褉懈屑械褉 1,714798 17,147984
锌褉邪胁懈谢 0,013423 0,040269
泻芯褌芯褉褘褏 1,966113 3,932226
邪胁褌芯褉懈蟹芯胁邪褌褜褋褟 0,013423 0,013423
褋芯褋褌邪胁懈褌 3,218876 12,875503
褔邪褋褌薪褘泄 5,010635 5,010635
械谢械薪邪 2,931194 14,655969
褋谢褍褔邪械 1,714798 12,003589
邪褋褋懈褋褌械薪褌褘 5,010635 5,010635
褋谢褍褔邪懈 3,624341 3,624341
薪芯胁褘械褋薪邪褔邪谢邪 0,013423 0,013423
械谢械薪褘 5,010635 5,010635
锌芯褋褌褍锌谢械薪懈褟 3,912023 3,912023
薪械褋泻芯谢褜泻芯 1,752539 1,752539
锌褉械写芯褋褌邪胁懈褌褜 2,708050 5,416100
褋胁械褌 3,064725 3,064725
锌褉械写芯褋褌邪胁谢褟械褌褋褟 3,624341 14,497364
锌芯褏芯卸褍褞 5,010635 5,010635
褌褉邪薪褋锌芯褉褌薪褘械 4,317488 4,317488
锌芯褟胁懈谢芯褋褜 2,931194 2,931194
锌褉械写芯褋褌邪胁谢褟械褌 4,317488 4,317488
懈褋锌芯谢褜蟹芯胁邪褌褜 0,013423 0,147653
褋邪屑芯褋褌芯褟褌械谢褜薪芯 2,708050 2,708050
谢懈褕械薪邪 5,010635 20,042541
胁褘斜芯褉邪 3,912023 3,912023
泻芯薪褌邪泻褌芯胁 0,013423 0,013423
锌芯写褌胁械褉卸写邪褞褖械谐芯 5,010635 5,010635
邪锌褉械谢褟 0,013423 0,026846
锌芯谢褍褔邪褞褌 3,401197 6,802395
锌芯胁谢械褔褜 5,010635 5,010635
褏胁邪褌邪械褌 5,010635 5,010635
薪械泻芯屑屑械褉褔械褋泻芯屑 5,010635 5,010635
薪械屑 2,612740 2,612740
褌械谢械卸泻懈 5,010635 5,010635
褋薪褌 5,010635 5,010635
屑褍卸褔懈薪邪 3,401197 6,802395
胁芯褋锌芯谢褜蟹芯胁邪谢懈褋褜 4,317488 4,317488
谐芯写褍 1,139434 18,230949
谢械褋褌薪懈褔薪褘械 5,010635 5,010635
褋芯胁屑械褋褌薪芯泄 5,010635 10,021271
斜谢芯泻懈褉芯胁邪薪薪芯泄 5,010635 5,010635
懈褋褌械泻 0,013423 0,013423
谐芯褋锌芯写写械褉卸泻懈 5,010635 10,021271
褍褋褘薪芯胁谢械薪懈懈 5,010635 20,042541
褋褉械写褋褌胁邪屑懈 3,401197 3,401197
褋屑芯卸械褌械 0,013423 0,013423
谐芯写邪 0,006689 0,321071
褋褍写邪 2,708050 16,248301
褉褎褋芯褑懈邪谢褜薪褘泄 5,010635 5,010635
锌褍斜谢懈泻褍械褌褋褟 4,317488 4,317488
懈薪褎芯褉屑邪褑懈褟 2,612740 5,225480
胁褘薪芯褋懈褌 5,010635 5,010635
芯写械卸写邪 4,317488 4,317488
褍谢褍褔褕械薪懈械 3,912023 19,560115
薪邪褍泻邪 0,292136 0,292136
锌褉懈芯斜褉械褌邪械屑芯谐芯 5,010635 5,010635
泻邪薪邪褌邪褏 5,010635 5,010635
褔邪褋褌薪芯谐芯 4,317488 4,317488
褋邪写芯胁芯写褔械褋泻芯屑 5,010635 5,010635
