пену 5,010635 15,031906
законным 0,013423 0,013423
говяжьи 5,010635 10,021271
бульоне 4,317488 69,079810
свекольным 5,010635 5,010635
день 1,203973 2,407946
этому 2,708050 5,416100
найти 0,013423 0,013423
основанием 0,013423 0,013423
указах 5,010635 5,010635
свекольный 4,317488 8,634976
положенного 4,317488 8,634976
письмо 0,013423 0,013423
спасибо 0,013423 0,013423
ингредиентов 2,612740 5,225480
постного 4,317488 8,634976
целом 3,401197 6,802395
сортами 5,010635 5,010635
бульона 3,624341 28,994727
вокруг 3,064725 3,064725
подразумевает 4,317488 4,317488
воды 2,445686 24,456859
согласие 0,013423 0,026846
центр 0,190354 0,190354
общую 5,010635 5,010635
ст 2,813411 33,760929
декабря 1,098612 1,098612
су 3,624341 7,248682
кулинары 4,317488 8,634976
кастрюле 3,064725 18,388351
воду 2,302585 9,210340
содержимое 3,624341 7,248682
чесноком 3,218876 32,188758
людей 2,445686 4,891372
связаться 0,013423 0,080538
вода 2,525729 40,411658
реклама 0,190354 0,190354
воде 2,014903 12,089418
немного 2,177422 17,419376
бульону 5,010635 10,021271
фото 0,013423 0,026846
заправляют 5,010635 5,010635
связь 0,006689 0,013378
кофеен 4,317488 8,634976
водой 2,445686 26,902545
готово 0,013423 0,053692
пожилых 5,010635 10,021271
кастрюлю 2,445686 95,381752
капусты 3,064725 12,258901
рецепта 2,931194 14,655969
медленном 4,317488 25,904929
информационных 0,013423 0,013423
суп 3,064725 101,135930
размещения 0,013423 0,013423
повар 3,624341 3,624341
перемешать 2,525729 30,308744
конфиденциальности 0,013423 0,053692
процессе 3,401197 6,802395
мелкими 3,912023 39,120230
связи 0,013423 0,080538
кожицы 5,010635 10,021271
заголовок 0,013423 0,026846
творожной 5,010635 5,010635
жарят 5,010635 10,021271
мосева 5,010635 20,042541
шаг 1,875141 163,137274
рецепту 3,401197 3,401197
процесса 0,013423 0,013423
адресу 0,013423 0,026846
получается 3,064725 6,129450
обжаривать 3,912023 7,824046
капусту 4,317488 129,524643
проблему 0,013423 0,013423
капуста 3,624341 86,984182
рецепты 1,139434 29,625291
слишком 2,708050 2,708050
вытащив 5,010635 10,021271
отмечает 1,966113 1,966113
данных 0,013423 0,107384
невкусно 5,010635 5,010635
письма 0,013423 0,013423
часов 0,013423 0,067115
томатная 3,912023 50,856299
соглашаетесь 0,013423 0,013423
обжаривайте 4,317488 4,317488
травы 3,912023 3,912023
очистить 2,612740 73,156721
готовить 2,445686 24,456859
главный 0,013423 0,026846
каждой 3,064725 3,064725
данные 0,013423 0,013423
режим 2,931194 17,587163
второго 2,813411 5,626821
также 1,139434 6,836606
туда 3,218876 6,437752
проекта 3,624341 3,624341
фотографию 0,013423 0,013423
каждую 3,912023 7,824046
предварительно 2,931194 20,518356
отправлено 0,013423 0,013423
рассказывает 2,371578 4,743156
сначала 0,013423 0,040269
петрушку 3,401197 17,005987
часа 1,875141 7,500564
перца 3,912023 7,824046
украинской 2,445686 4,891372
очистите 3,401197 3,401197
обходится 3,912023 3,912023
соломкой 3,912023 62,592368
сметану 3,912023 11,736069
королевская 5,010635 5,010635
перейдите 0,013423 0,013423
закрыть 3,912023 7,824046
закрыто 0,013423 0,013423
сколько 0,006689 0,006689
кефир 3,401197 13,604790
материалов 0,013423 0,040269
сметаны 3,401197 13,604790
отправлена 0,013423 0,013423
придает 3,218876 16,094379
чате 0,013423 0,013423
рогова 5,010635 10,021271
сельдерею 5,010635 5,010635
прозрачности 4,317488 8,634976
постепенно 2,931194 5,862388
сельдерея 5,010635 10,021271
чату 0,013423 0,013423
редакцией 0,013423 0,013423
кожуру 5,010635 15,031906
оттенок 3,064725 12,258901
сторону 3,064725 6,129450
количеством 3,624341 7,248682
новому 2,612740 2,612740
филе 3,912023 7,824046
измельченные 4,317488 8,634976
индейка 4,317488 4,317488
измельченный 3,401197 27,209579
сметана 3,218876 32,188758
длительного 4,317488 4,317488
нежирная 5,010635 10,021271
рассмотрены 0,013423 0,013423
минуты 2,931194 17,587163
осталось 3,624341 7,248682
нему 3,064725 12,258901
едва 3,912023 3,912023
нарезать 2,445686 105,164495
говорит 2,014903 24,178836
вовсе 3,624341 3,624341
пропитались 5,010635 10,021271
шеф 2,302585 18,420681
выложить 2,708050 21,664402
часто 2,371578 2,371578
сельдерей 5,010635 10,021271
перетяните 0,013423 0,013423
некоторые 2,525729 2,525729
архив 0,190354 0,190354
свежего 4,317488 4,317488
ошибках 0,013423 0,013423
шт 2,238047 384,944010
процесс 2,014903 2,014903
залить 2,708050 24,372452
растительное 3,064725 42,906152
выпуска 0,013423 0,013423
списка 0,013423 0,013423
формой 0,013423 0,053692
говорить 3,912023 3,912023
борщу 5,010635 25,053176
зеленью 2,931194 55,692681
борщи 5,010635 5,010635
стаканом 5,010635 10,021271
помидор 4,317488 8,634976
разогретом 5,010635 10,021271
курицу 4,317488 51,809857
растительном 3,624341 21,746046
кулинарной 5,010635 5,010635
сметаной 3,624341 28,994727
федеральное 0,013423 0,013423
нравится 3,912023 3,912023
меняться 5,010635 5,010635
закуски 2,525729 2,525729
федеральной 0,013423 0,013423
лучшие 1,714798 5,144395
молотый 3,401197 6,802395
бульон 4,317488 146,794596
лучший 4,317488 4,317488
международное 0,013423 0,040269
оставшуюся 4,317488 8,634976
поставить 2,525729 5,051457
будут 0,013423 0,013423
установится 5,010635 10,021271
новостей 0,006689 0,006689
параллельно 3,912023 15,648092
зубчики 4,317488 17,269952
сытный 3,912023 3,912023
перейти 1,203973 7,223837
наваристой 5,010635 5,010635
называли 4,317488 4,317488
вкусу 2,066196 78,515460
нужно 1,455287 11,642298
обратной 0,013423 0,067115
подкасты 0,292136 0,292136
наваристом 5,010635 10,021271
натертую 3,912023 15,648092
оглавление 1,791759 1,791759
порцию 3,624341 7,248682
ореху 5,010635 5,010635
огонь 2,708050 16,248301
промытое 5,010635 10,021271
украинский 2,931194 5,862388
зеленый 3,064725 36,776702
шпинат 5,010635 20,042541
литовский 4,317488 21,587441
консистенция 4,317488 4,317488
волоколамского 5,010635 5,010635
еда 2,177422 32,661329
описанием 0,013423 0,013423
варке 4,317488 4,317488
петрушки 3,401197 13,604790
варка 4,317488 8,634976
получаса 4,317488 4,317488
красивый 3,624341 3,624341
петрушка 3,064725 12,258901
розмарину 5,010635 5,010635
используется 0,013423 0,013423
покрошить 4,317488 12,952464
чаши 5,010635 10,021271
глубокой 3,912023 15,648092
вариться 5,010635 10,021271
крупно 3,624341 14,497364
заправкой 5,010635 10,021271
средний 3,064725 6,129450
морковью 4,317488 17,269952
отварить 3,218876 35,407634
горошек 5,010635 10,021271
белокочанная 4,317488 51,809857
чашу 3,912023 7,824046
беседы 5,010635 10,021271
рецептов 2,177422 2,177422
мире 0,274437 0,274437
эл 0,013423 0,013423
целым 4,317488 8,634976
теплые 4,317488 8,634976
дзен 0,851752 0,851752
столу 3,064725 6,129450
прокипеть 5,010635 10,021271
варки 3,401197 20,407184
говядину 3,401197 34,011974
классического 3,912023 3,912023
почему 0,013423 0,013423
одноименного 5,010635 5,010635
свекольном 5,010635 10,021271
вопросам 0,013423 0,026846
салаты 2,708050 2,708050
стола 3,064725 3,064725
добавить 2,238047 192,472005
красный 3,401197 17,005987
вкусным 3,624341 7,248682
кислого 5,010635 5,010635
вкусный 3,064725 6,129450
вконтакте 0,013423 0,026846
вкусные 2,708050 2,708050
навсегда 0,013423 0,013423
нарушение 0,013423 0,040269
змеи 2,931194 2,931194
контейнер 3,912023 7,824046
общий 4,317488 12,952464
натереть 2,813411 47,827982
назад 0,013423 0,067115
помогает 2,813411 2,813411
полукольцами 3,624341 7,248682
остудить 3,218876 6,437752
говядина 4,317488 47,492369
рубленную 5,010635 5,010635
список 2,014903 2,014903
дополнение 3,624341 3,624341
требуют 3,912023 3,912023
лук 2,302585 135,852520
струей 4,317488 8,634976
готовят 3,218876 51,502013
проварить 3,912023 7,824046
соком 3,401197 13,604790
сборки 5,010635 5,010635
сквашенных 5,010635 5,010635
посыпанными 5,010635 10,021271
зубовский 0,013423 0,026846
картофелем 3,218876 6,437752
заполнить 0,013423 0,026846
лавру 5,010635 5,010635
характерной 5,010635 5,010635
желанию 3,218876 12,875503
осуществляется 0,013423 0,013423
именно 2,066196 4,132393
пюре 3,064725 6,129450
томатное 5,010635 10,021271
другие 0,013423 0,026846
общество 0,265703 0,265703
бекон 4,317488 4,317488
надзору 0,013423 0,013423
пошаговым 5,010635 5,010635
отварная 5,010635 10,021271
промыть 2,708050 16,248301
издание 0,013423 0,013423
половинки 3,912023 7,824046
дольку 4,317488 4,317488
бульвар 0,013423 0,026846
засыпать 3,912023 7,824046
заполните 0,013423 0,067115
хотите 0,013423 0,026846
давленым 5,010635 10,021271
других 1,966113 1,966113
сетевое 0,013423 0,013423
вновь 0,013423 0,013423
сменить 0,013423 0,013423
подсоленой 5,010635 10,021271
стоит 1,714798 6,859194
участвовать 0,013423 0,026846
сообщить 0,013423 0,013423
кипятится 5,010635 5,010635
пошаговые 2,238047 6,714140
пошаговый 2,813411 2,813411
скриншот 0,013423 0,040269
нежная 4,317488 4,317488
налить 3,624341 7,248682
варят 4,317488 64,762322
мускатному 5,010635 5,010635
варианты 2,708050 2,708050
популярные 2,445686 7,337058
приготовить 2,014903 2,014903
яйцо 2,612740 10,450960
привкус 4,317488 8,634976
послевкусие 5,010635 5,010635
чистой 4,317488 4,317488
установить 3,218876 6,437752
спорт 0,190354 0,190354
спорят 5,010635 5,010635
мягкости 4,317488 25,904929
косточке 5,010635 5,010635
рубленые 5,010635 10,021271
глубокий 4,317488 4,317488
взаимодействия 0,013423 0,026846
вкрутую 3,401197 6,802395
рубленый 5,010635 10,021271
ложку 3,624341 18,121705
нашинкованную 5,010635 10,021271
ложки 2,931194 5,862388
листа 4,317488 8,634976
перетирают 5,010635 5,010635
картошку 3,912023 15,648092
тарелку 3,912023 19,560115
сохранить 0,013423 0,026846
информационное 0,013423 0,040269
средними 5,010635 10,021271
перчик 5,010635 5,010635
пряные 4,317488 4,317488
употребляет 5,010635 10,021271
сварился 5,010635 5,010635
кипение 5,010635 5,010635
составу 3,912023 3,912023
мундире 4,317488 4,317488
вышеперечисленное 5,010635 10,021271
картофеля 3,218876 12,875503
картофелю 4,317488 17,269952
картофель 2,708050 184,147414
федеральному 0,013423 0,026846
отправлять 5,010635 10,021271
золотистой 3,912023 7,824046
золотистого 3,624341 7,248682
важно 2,120264 2,120264
подается 3,401197 6,802395
медиабанктарелка 5,010635 5,010635
полосками 5,010635 10,021271
фио 0,013423 0,013423
оставить 2,445686 9,782744
корейски 3,912023 3,912023
образовании 3,624341 3,624341
свеклой 3,401197 10,203592
пожалуйста 0,013423 0,013423
картошка 3,912023 15,648092
стол 2,238047 4,476093
необходимо 1,791759 5,375278
тех 2,177422 4,354844
кусочки 2,931194 5,862388
соблюдать 3,401197 3,401197
своему 3,912023 43,032253
ниже 0,013423 0,040269
версия 0,013423 0,013423
переборщить 5,010635 5,010635
монастыря 4,317488 4,317488
поля 0,013423 0,093961
блины 2,238047 2,238047
украсив 5,010635 10,021271
измельчить 3,401197 27,209579
ингридиенты 5,010635 10,021271
грудинку 5,010635 5,010635
вытащить 3,624341 28,994727
варианта 4,317488 12,952464
версии 3,218876 6,437752
государственному 0,013423 0,026846
тушат 5,010635 5,010635
ломтики 3,624341 7,248682
запеканки 4,317488 4,317488
ароматному 5,010635 5,010635
порезанную 5,010635 10,021271
влить 3,401197 13,604790
нарезанную 4,317488 8,634976
поле 0,013423 0,013423
зарегистрировано 0,013423 0,013423
туризм 0,283247 0,283247
особенность 3,401197 3,401197
щавеля 4,317488 8,634976
положить 2,612740 62,705761
украшения 3,624341 7,248682
тамара 5,010635 20,042541
адрес 0,013423 0,040269
щавель 4,317488 43,174881
соответствии 0,013423 0,026846
холодную 3,064725 6,129450
загрузите 0,013423 0,013423
сообщения 0,013423 0,053692
мелкие 3,064725 6,129450
загрузить 0,013423 0,013423
уксус 3,624341 32,619068
направлении 0,013423 0,013423
замеченных 0,013423 0,013423
телефон 0,013423 0,013423
густоты 4,317488 8,634976
грибным 4,317488 4,317488
чёрный 5,010635 10,021271
пока 1,919593 7,678371
заправку 5,010635 40,085082
томатную 4,317488 64,762322
галкова 4,317488 4,317488
щавелем 5,010635 25,053176
сочетания 3,401197 3,401197
солим 5,010635 10,021271
свинина 3,624341 25,370387
сети 2,813411 11,253643
молодую 5,010635 5,010635
отвар 3,624341 7,248682
автор 3,218876 16,094379
сообщение 0,013423 0,134230
медиабанкборщ 5,010635 5,010635
старые 0,013423 0,013423
достать 3,401197 6,802395
виде 2,177422 4,354844
кроме 1,919593 3,839186
попробуйте 0,013423 0,013423
томить 4,317488 8,634976
крапивой 5,010635 25,053176
подавать 2,708050 24,372452
щиборщи 5,010635 5,010635
остальным 3,912023 7,824046
лебедев 3,624341 3,624341
яйцом 5,010635 10,021271
тёрке 4,317488 17,269952
фасоли 4,317488 8,634976
россияборщедапродуктыпростые 5,010635 5,010635
свинину 3,624341 7,248682
снять 2,708050 16,248301
эксперт 1,678431 1,678431
греческий 3,218876 3,218876
куриная 4,317488 12,952464
фасоль 5,010635 20,042541
куски 3,624341 7,248682
статьи 0,013423 0,013423
заправке 5,010635 10,021271
сварилась 5,010635 10,021271
подтвердите 0,013423 0,013423
топленого 5,010635 10,021271
перетащите 0,013423 0,040269
материале 0,013423 0,040269
культура 0,292136 0,292136
материала 0,013423 0,026846
двумя 3,624341 7,248682
происшествия 0,292136 0,292136
вашего 0,013423 0,013423
паролем 0,013423 0,013423
лимона 3,064725 6,129450
горошком 3,912023 7,824046
топленым 5,010635 5,010635
зарегистрируйтесь 0,013423 0,013423
обо 0,013423 0,013423
чесночными 5,010635 10,021271
кусочек 3,912023 7,824046
повсеместно 5,010635 5,010635
шкварками 5,010635 15,031906
великолепное 5,010635 5,010635
способом 2,813411 5,626821
редактор 0,013423 0,013423
полтора 4,317488 25,904929
фгуп 0,499776 7,496637
ребрышками 5,010635 5,010635
получить 1,752539 1,752539
ошпарить 4,317488 8,634976
лимонной 5,010635 5,010635
отправленного 0,013423 0,013423
нарежьте 3,064725 6,129450
жареные 4,317488 8,634976
связанные 0,013423 0,013423
тщательно 2,445686 14,674116
разных 2,177422 26,129063
обратная 0,013423 0,026846
поэтапно 4,317488 4,317488
риа 0,006689 0,227426
зубцы 5,010635 10,021271
легче 4,317488 8,634976
связанных 0,013423 0,013423
красной 3,064725 6,129450
опишите 0,013423 0,013423
разным 3,912023 3,912023
обладает 3,218876 3,218876
раза 3,218876 3,218876
кубиками 2,931194 108,454169
времени 2,238047 4,476093
год 0,967584 1,935168
таймер 4,317488 8,634976
порезанное 5,010635 10,021271
полуготовности 5,010635 20,042541
кухня 1,832581 1,832581
томатный 4,317488 17,269952
крышкой 3,218876 22,532131
андрей 2,445686 2,445686
почты 0,013423 0,013423
букетом 5,010635 10,021271
огурцов 4,317488 4,317488
поэтому 2,014903 2,014903
сахар 2,612740 62,705761
столовым 5,010635 5,010635
заливкой 5,010635 10,021271
столовый 3,912023 7,824046
агентство 0,013423 0,040269
казаки 5,010635 5,010635
квашеную 5,010635 5,010635
названию 5,010635 5,010635
сковородой 5,010635 10,021271
выкладывают 5,010635 5,010635
регионах 2,931194 32,243131
огурец 3,912023 31,296184
самом 2,813411 5,626821
советы 1,752539 7,010155
агентства 0,013423 0,013423
сегодня 0,013423 0,268460
пропустить 3,912023 7,824046
шейка 5,010635 10,021271
сразу 1,832581 1,832581
ярослава 4,317488 4,317488
столовые 3,624341 7,248682
морковь 3,401197 193,868251
вместе 2,302585 11,512925
такое 1,875141 3,750282
чеснок 2,931194 79,142231
обиходнике 5,010635 5,010635
вкуснее 3,624341 3,624341
моркови 3,912023 7,824046
слабом 3,401197 6,802395
тонко 4,317488 8,634976
зависимости 2,014903 2,014903
выпариться 5,010635 10,021271
таком 3,218876 6,437752
уходит 3,912023 7,824046
вкусовой 3,912023 7,824046
отдельно 3,218876 16,094379
влияет 2,525729 2,525729
шапка 0,013423 0,013423
овощ 3,401197 3,401197
отправить 0,013423 0,281883
продолжить 0,013423 0,040269
решении 0,013423 0,013423
необычные 2,238047 2,238047
яиц 3,218876 6,437752
воспользуйтесь 0,013423 0,040269
убивает 5,010635 5,010635
щерба 4,317488 4,317488
летний 3,218876 6,437752
считается 2,931194 2,931194
аккаунт 0,013423 0,053692
экономика 0,292136 0,292136
состав 2,525729 5,051457
баклажанов 4,317488 4,317488
обсуждение 0,013423 0,013423
носитель 5,010635 5,010635
блокировки 0,013423 0,013423
смазанными 5,010635 10,021271
которая 1,643339 1,643339
литрами 4,317488 8,634976
прозрачным 4,317488 4,317488
проще 3,624341 7,248682
почта 0,013423 0,080538
колбасу 3,624341 7,248682
рецепт 1,544899 12,359195
запечь 4,317488 4,317488
холодные 3,912023 3,912023
зажарку 5,010635 55,116988
обжарить 3,624341 97,857205
фамилия 0,013423 0,013423
школы 3,064725 3,064725
повара 2,302585 6,907755
яндекс 0,013423 0,026846
хлеб 2,931194 2,931194
холодным 3,218876 35,407634
удалили 0,013423 0,040269
зажарки 5,010635 5,010635
либо 0,013423 0,040269
холодный 3,401197 27,209579
остыть 2,813411 5,626821
сливать 5,010635 10,021271
согласно 2,371578 2,371578
вареные 3,912023 15,648092
аккаунту 0,013423 0,013423
небольшим 4,317488 12,952464
открываемого 0,013423 0,026846
приобретает 4,317488 4,317488
название 3,401197 3,401197
накрыть 3,401197 13,604790
зажарка 5,010635 15,031906
колбаса 3,624341 7,248682
поиск 0,013423 0,013423
многогранный 5,010635 5,010635
согласны 0,013423 0,040269
кислоту 3,624341 3,624341
рекламы 0,013423 0,013423
зиму 2,612740 5,225480
хозяйки 3,624341 3,624341
кислоты 4,317488 4,317488
настояться 3,218876 28,969882
перечисленные 4,317488 8,634976
подпорченные 5,010635 5,010635
следует 2,066196 4,132393
кислота 3,912023 3,912023
подходит 2,525729 10,102915
подготовить 2,612740 5,225480
постоянно 2,371578 9,486312
ингредиенты 1,919593 53,748600
ломтиками 3,218876 6,437752
окраски 5,010635 10,021271
редис 3,912023 7,824046
свиными 5,010635 5,010635
пены 5,010635 15,031906
ярким 3,624341 3,624341
своим 2,612740 2,612740
продукт 2,931194 5,862388
обсуждения 0,013423 0,013423
яркий 3,401197 3,401197
блокировкой 0,013423 0,040269
многих 3,401197 3,401197
готов 2,371578 14,229468
сбрызгивать 5,010635 5,010635
тушение 5,010635 10,021271
кореньев 5,010635 5,010635
новый 0,013423 0,067115
ещё 3,218876 6,437752
подаче 3,401197 17,005987
щах 5,010635 5,010635
пароварки 5,010635 10,021271
кладется 5,010635 5,010635
вкусного 3,218876 3,218876
сварить 3,912023 19,560115
пароварку 5,010635 20,042541
закипания 3,624341 7,248682
карбонатом 5,010635 15,031906
менее 2,177422 6,532266
доступ 0,013423 0,026846
должно 2,708050 2,708050
миа 0,013423 0,228191
задать 0,013423 0,013423
теги 0,190354 0,190354
автору 0,013423 0,013423
сухая 4,317488 8,634976
должны 0,013423 0,013423
словам 1,752539 1,752539
сладкий 3,401197 13,604790
г 0,013423 1,342302
д 0,013423 0,040269
варить 2,445686 85,599008
сладкие 3,218876 3,218876
политика 0,013423 0,026846
кипятком 3,401197 13,604790
готовности 2,612740 31,352880
рецептыкулинария 5,010635 5,010635
л 2,525729 85,874774
кислинки 5,010635 10,021271
качественные 4,317488 4,317488
т 2,525729 2,525729
течение 0,013423 0,093961
репчатый 3,064725 39,841427
лимонную 3,912023 3,912023
ароматами 5,010635 10,021271
столовую 4,317488 8,634976
оно 2,302585 4,605170
вариант 2,371578 4,743156
галков 4,317488 25,904929
овощи 2,708050 73,117355
должна 2,525729 5,051457
большую 3,064725 6,129450
готовки 1,919593 1,919593
поместить 3,624341 28,994727
этап 3,912023 3,912023
курицей 3,218876 16,094379
небольшой 2,931194 5,862388
классический 2,014903 12,089418
время 0,013423 0,040269
охладить 3,624341 7,248682
томат 5,010635 5,010635
говоря 4,317488 47,492369
ранее 0,013423 0,013423
восстановления 0,013423 0,013423
приобрел 4,317488 4,317488
небольшом 3,624341 7,248682
разблокировать 0,013423 0,040269
город 0,013423 0,013423
квашеной 4,317488 17,269952
зеленого 3,912023 7,824046
час 2,813411 14,067054
обращаем 0,013423 0,013423
добавляю 5,010635 5,010635
написать 0,013423 0,013423
новостеймолния 0,013423 0,013423
одноклассники 0,013423 0,026846
помешивая 3,401197 20,407184
показать 0,013423 0,013423
кнопку 0,013423 0,013423
вкусов 3,912023 3,912023
хватит 3,624341 3,624341
коммуникаций 0,013423 0,013423
вкусом 2,931194 5,862388
основные 2,612740 7,838220
пароль 0,013423 0,080538
пароля 0,013423 0,053692
хотя 2,371578 2,371578
делают 2,931194 2,931194
дополнить 5,010635 10,021271
счет 2,445686 2,445686
вход 0,013423 0,013423
легкого 4,317488 4,317488
очищенный 5,010635 10,021271
читать 0,851752 0,851752
продукты 0,150823 2,413166
удалено 0,013423 0,013423
полчаса 3,624341 14,497364
гаврилова 0,013423 0,013423
банка 3,064725 6,129450
очищенные 3,912023 7,824046
куриное 2,931194 5,862388
обжаренные 3,912023 23,472138
индейкой 5,010635 5,010635
используйте 3,624341 3,624341
цвета 2,445686 9,782744
расположенному 0,013423 0,026846
этапе 4,317488 4,317488
всем 1,455287 1,455287
сильно 2,708050 2,708050
меньше 2,708050 2,708050
учредитель 0,013423 0,013423
бывают 3,624341 3,624341
болгарский 3,624341 43,492091
зной 5,010635 10,021271
плите 5,010635 45,095718
простые 1,752539 29,793159
варите 4,317488 4,317488
столовом 5,010635 5,010635
мое 0,013423 0,026846
неповторимый 4,317488 4,317488
ссылка 0,013423 0,026846
воздушная 5,010635 5,010635
ссылке 0,013423 0,013423
кажется 3,624341 3,624341
основу 3,401197 20,407184
ссылки 0,013423 0,013423
крупной 3,064725 49,035602
помочь 0,013423 0,013423
извлечь 4,317488 8,634976
бренд 3,401197 6,802395
обязательны 0,013423 0,093961
салат 2,371578 2,371578
истечению 5,010635 10,021271
контейнера 4,317488 8,634976
любимых 3,912023 7,824046
кожи 3,401197 3,401197
основа 3,218876 3,218876
этапы 4,317488 4,317488
смеси 3,401197 3,401197
роскомнадзор 0,013423 0,013423
консервированной 4,317488 8,634976
закладка 4,317488 4,317488
блокировался 0,013423 0,013423
девушка 3,218876 3,218876
становится 2,708050 2,708050
придумали 3,401197 3,401197
москва 0,006689 0,020067
воспользоваться 0,013423 0,013423
тонкими 2,931194 11,724775
входа 0,013423 0,013423
томата 4,317488 4,317488
сахара 3,218876 6,437752
моё 0,013423 0,013423
сковороду 3,401197 6,802395
квашеная 5,010635 20,042541
добавлять 2,931194 14,655969
затиркой 5,010635 10,021271
холодной 3,064725 6,129450
особенно 2,612740 5,225480
подают 4,317488 51,809857
пекарен 4,317488 8,634976
сушеными 5,010635 5,010635
большое 2,931194 2,931194
сковороде 2,708050 48,744904
должен 2,177422 6,532266
базилику 5,010635 5,010635
которое 2,302585 2,302585
политикой 0,013423 0,040269
свежую 3,912023 11,736069
томаты 3,912023 7,824046
обработки 0,013423 0,026846
даю 0,013423 0,026846
потереть 5,010635 20,042541
высыпать 3,912023 15,648092
стать 2,302585 4,605170
обработку 0,013423 0,026846
мраморное 5,010635 10,021271
хвойные 4,317488 4,317488
половинками 5,010635 10,021271
редакции 0,013423 0,026846
обращений 0,013423 0,013423
имел 3,912023 3,912023
раньше 3,064725 3,064725
моменту 4,317488 8,634976
хозяек 4,317488 4,317488
обработка 0,013423 0,013423
это 0,013423 0,120807
колбасой 3,218876 16,094379
пансионатов 4,317488 8,634976
переложить 3,401197 27,209579
станет 2,302585 9,210340
вкус 2,120264 14,841845
порезать 3,624341 72,486819
лимонный 3,218876 32,188758
лука 3,218876 12,875503
две 2,177422 4,354844
насыщенный 3,624341 14,497364
вполне 3,624341 3,624341
насыщенным 3,624341 3,624341
новую 0,013423 0,013423
перемешиваем 5,010635 10,021271
массовых 0,013423 0,013423
оладьи 4,317488 4,317488
настоять 5,010635 5,010635
пройдена 0,013423 0,013423
зарегистрироваться 0,013423 0,053692
пожаловаться 0,013423 0,013423
инжуватов 5,010635 5,010635
сентября 1,514128 7,570639
лимонным 3,912023 3,912023
новости 0,006689 0,227426
войти 0,013423 0,053692
пенку 5,010635 5,010635
тиффани 3,064725 3,064725
электронной 0,013423 0,013423
насыщенность 3,401197 3,401197
действия 0,013423 0,013423
радио 0,274437 0,274437
защита 0,013423 0,013423
рубленой 5,010635 10,021271
включить 4,317488 8,634976
регистрация 0,013423 0,040269
выключить 3,912023 23,472138
использования 0,013423 0,013423
особый 3,218876 9,656627
фасолью 4,317488 43,174881
восстановление 0,013423 0,040269
государственное 0,013423 0,013423
порезанный 5,010635 10,021271
нарезанные 3,912023 23,472138
румяности 4,317488 8,634976
позволит 3,218876 3,218876
нарезанный 3,064725 12,258901
овощную 4,317488 17,269952
копченый 5,010635 5,010635
корзинку 5,010635 10,021271
спецпроекты 0,190354 0,190354
затем 1,791759 57,336303
просим 0,013423 0,013423
хрустящие 3,218876 3,218876
жир 5,010635 5,010635
заблокирован 0,013423 0,013423
свёклу 4,317488 8,634976
соль 2,120264 78,449751
ошибку 0,013423 0,013423
защиты 0,013423 0,013423
соединиться 5,010635 5,010635
первому 5,010635 5,010635
обращения 0,013423 0,026846
луковицей 4,317488 8,634976
придания 3,912023 3,912023
придают 4,317488 4,317488
пост 3,064725 6,129450
февраля 0,616186 0,616186
посеченный 5,010635 10,021271
лист 3,064725 98,071205
пять 2,302585 13,815511
отделить 3,401197 13,604790
соли 3,401197 13,604790
слить 3,624341 3,624341
минут 1,297063 79,120857
ошибка 0,013423 0,013423
мнению 2,708050 2,708050
практически 2,445686 2,445686
свиные 5,010635 10,021271
птица 4,317488 8,634976
вопрос 0,006689 0,006689
мягким 3,401197 6,802395
закладывать 5,010635 5,010635
подтверждаете 0,013423 0,013423
перцев 5,010635 5,010635
получился 3,624341 7,248682
аккуратнее 5,010635 5,010635
кипения 2,931194 29,311938
насыщенного 3,624341 7,248682
ваш 0,013423 0,053692
имя 0,013423 0,067115
мнение 3,218876 6,437752
заготовки 4,317488 8,634976
блюдо 2,014903 10,074515
срок 0,013423 0,026846
жирнее 5,010635 5,010635
технологий 0,013423 0,026846
установки 4,317488 8,634976
чили 4,317488 34,539905
блюда 2,177422 6,532266
предпочтение 4,317488 4,317488
птицы 3,912023 3,912023
крышку 5,010635 10,021271
яйца 1,966113 39,322257
борщом 5,010635 10,021271
использовании 2,813411 5,626821
материал 0,013423 0,013423
бульоном 5,010635 10,021271
смешанными 5,010635 10,021271
выбирать 2,708050 2,708050
блюду 3,912023 15,648092
успешно 0,013423 0,013423
советов 3,218876 3,218876
мягкой 3,401197 6,802395
теплой 3,218876 6,437752
лента 0,006689 0,013378
наваристого 5,010635 5,010635
пучок 3,912023 23,472138
добавив 3,624341 7,248682
черный 2,708050 27,080502
запекают 5,010635 5,010635
привычное 4,317488 4,317488
нашинковать 3,912023 62,592368
заблокированы 0,013423 0,013423
сфере 0,013423 0,013423
томиться 5,010635 10,021271
свидетельство 0,013423 0,013423
пассеровать 5,010635 10,021271
правила 0,013423 0,026846
небольшими 4,317488 12,952464
подготовленные 4,317488 17,269952
выделившимся 5,010635 5,010635
крапива 5,010635 10,021271
зимние 2,813411 2,813411
комментирования 0,013423 0,026846
готовому 4,317488 4,317488
крапиву 5,010635 10,021271
свининой 4,317488 12,952464
снимая 5,010635 20,042541
толстые 4,317488 8,634976
дать 2,066196 20,661963
душистый 3,912023 7,824046
пресс 0,013423 0,053692
укроп 2,612740 33,965620
ребрышки 4,317488 25,904929
кулинария 2,525729 37,885930
применения 0,013423 0,013423
потушить 5,010635 25,053176
персональных 0,013423 0,107384
очищенной 5,010635 10,021271
произошла 0,013423 0,013423
обязан 3,624341 3,624341
сало 3,912023 39,120230
готовый 3,218876 38,626510
кисловатый 5,010635 10,021271
дата 0,013423 0,013423
ваше 0,013423 0,107384
сайте 0,013423 0,013423
пампушками 5,010635 75,159529
ваши 0,013423 0,013423
сугроб 3,064725 3,064725
сале 5,010635 5,010635
пикантности 3,912023 3,912023
цвет 2,931194 17,587163
вареного 5,010635 10,021271
восстановить 0,013423 0,013423
сала 4,317488 25,904929
гг 4,317488 4,317488
укропа 3,218876 6,437752
закладывают 5,010635 5,010635
отложить 5,010635 10,021271
конце 2,238047 8,952186
вопроса 0,013423 0,013423
горячие 3,912023 3,912023
пару 2,525729 5,051457
россия 0,006689 0,247493
вялые 5,010635 5,010635
простой 2,120264 2,120264
используют 3,218876 3,218876
натертые 4,317488 8,634976
супы 4,317488 4,317488
активное 5,010635 5,010635
горячим 3,912023 50,856299
свой 2,525729 2,525729
свои 2,445686 2,445686
января 1,160488 2,320975
супу 4,317488 12,952464
дарит 3,912023 3,912023
регистрации 0,013423 0,026846
овощам 4,317488 43,174881
кефире 3,064725 3,064725
вареная 3,624341 7,248682
сайт 0,013423 0,026846
правильно 2,066196 2,066196
правдоподобным 5,010635 5,010635
слегка 2,708050 2,708050
великий 2,813411 2,813411
супа 3,218876 19,313255
сервисы 0,190354 0,190354
технолог 3,624341 3,624341
специй 3,401197 3,401197
сервиса 3,218876 3,218876
другое 0,013423 0,013423
мясной 4,317488 17,269952
добавляют 3,064725 9,194175
специи 3,218876 25,751007
поддерживаетсяполучить 0,013423 0,013423
перец 2,525729 113,657789
присутствовала 5,010635 5,010635
бытует 5,010635 5,010635
сюда 3,624341 7,248682
мясном 5,010635 70,148894
ржаной 4,317488 4,317488
двух 2,014903 2,014903
черносливом 5,010635 5,010635
отдать 3,912023 3,912023
лавровый 3,401197 108,838316
кулинаров 2,931194 8,793581
отправки 0,013423 0,013423
натрите 3,912023 3,912023
пряности 4,317488 4,317488
домашних 2,612740 5,225480
почистить 3,912023 15,648092
унитарному 0,013423 0,026846
добавьте 2,708050 2,708050
литра 3,912023 15,648092
встречается 4,317488 4,317488
классическому 3,912023 3,912023
лавровых 5,010635 10,021271
обновлено 1,003302 1,003302
сен 3,401197 3,401197
постный 3,624341 10,873023
выберите 0,013423 0,040269
жирной 4,317488 8,634976
чеснока 4,317488 34,539905
сорта 3,401197 3,401197
масла 3,064725 12,258901
вымыть 3,912023 15,648092
сложить 3,624341 14,497364
масле 3,401197 30,610776
неизменна 5,010635 5,010635
кефирной 5,010635 10,021271
замочить 3,624341 7,248682
помидоры 3,064725 55,165053
горячей 2,708050 10,832201
бутерброды 2,525729 2,525729
трапезах 5,010635 5,010635
масло 2,302585 32,236191
луковицы 4,317488 8,634976
борша 5,010635 5,010635
защитой 0,013423 0,026846
мясного 4,317488 4,317488
среднем 2,931194 41,036713
штучки 5,010635 5,010635
рекомендуется 3,218876 9,656627
борщевых 5,010635 5,010635
остроты 5,010635 5,010635
авторизация 0,013423 0,013423
средней 2,302585 2,302585
религия 0,283247 0,283247
форма 0,013423 0,013423
логином 0,013423 0,013423
рейтинг 0,006689 0,006689
галочку 0,013423 0,013423
зелень 2,708050 73,117355
составляет 2,445686 2,445686
тушить 4,317488 34,539905
борще 5,010635 5,010635
овощном 5,010635 65,138259
борща 3,624341 105,105887
медиабанкприготовление 5,010635 5,010635
капустой 3,624341 14,497364
овощной 2,931194 11,724775
принцип 3,912023 11,736069
хорош 5,010635 10,021271
способы 0,013423 0,040269
традиционно 2,612740 2,612740
мясом 2,931194 17,587163
луковица 5,010635 30,063812
недвижимость 0,292136 0,292136
копченое 5,010635 5,010635
свеклы 3,624341 14,497364
дайте 3,912023 3,912023
мелко 2,525729 80,823317
дискуссии 0,013423 0,026846
каком 3,624341 3,624341
наш 3,912023 7,824046
грибами 3,218876 6,437752
мясу 3,912023 15,648092
мультиварка 5,010635 5,010635
унитарное 0,013423 0,013423
мясо 2,931194 117,247750
придаст 3,218876 12,875503
борщ 4,317488 397,208906
мультиварке 3,912023 15,648092
мультиварки 5,010635 10,021271
овощная 5,010635 5,010635
пасты 5,010635 5,010635
крутятся 5,010635 5,010635
форму 0,013423 0,093961
тема 0,013423 0,040269
всыпать 3,912023 23,472138
уксусом 4,317488 4,317488
пасту 4,317488 69,079810
питья 5,010635 5,010635
компоненты 3,401197 10,203592
мяса 3,401197 10,203592
рекомендательных 0,013423 0,013423
около 2,177422 8,709688
готовую 3,624341 21,746046
салом 4,317488 82,032274
данная 0,013423 0,013423
томится 5,010635 5,010635
овощей 3,218876 16,094379
стрингер 3,624341 21,746046
свекла 3,218876 90,128523
бордовый 4,317488 4,317488
проставляя 0,013423 0,013423
роговой 5,010635 5,010635
жарка 5,010635 10,021271
довести 3,064725 30,647251
заполнения 0,013423 0,093961
прокипятить 3,912023 3,912023
соленое 5,010635 5,010635
свекле 5,010635 10,021271
полезное 0,182322 0,182322
свеклу 3,624341 159,471001
приготовлением 3,624341 3,624341
кг 3,064725 6,129450
службе 0,013423 0,013423
медиабанк 1,321756 3,965268
релизов 0,013423 0,013423
трав 5,010635 10,021271
ваших 0,013423 0,026846
другую 3,912023 15,648092
готовится 3,401197 6,802395
перекладываем 5,010635 10,021271
натальи 4,317488 4,317488
говядиной 4,317488 12,952464
борщевику 5,010635 5,010635
пищу 3,218876 6,437752
аромат 3,401197 10,203592
убрать 2,525729 5,051457
комбинировать 5,010635 5,010635
отваре 5,010635 15,031906
наталья 2,708050 5,416100
холодильник 3,218876 6,437752
идет 2,445686 2,445686
теориям 5,010635 5,010635
варежка 3,064725 3,064725
приготовление 1,966113 35,390031
разными 3,624341 3,624341
следующий 2,931194 8,793581
поперчить 3,401197 6,802395
правил 0,013423 0,040269
следующие 2,238047 2,238047
авторизоваться 0,013423 0,013423
авторизуйтесь 0,013423 0,013423
выбрать 2,612740 10,450960
выбранное 5,010635 10,021271
расширенный 0,013423 0,013423
паста 3,912023 50,856299
жарить 3,624341 21,746046
вкусам 5,010635 5,010635
свежая 3,401197 20,407184
новыесначала 0,013423 0,013423
грудка 4,317488 12,952464
несколько 1,752539 10,515233
посолить 3,064725 24,517801
приготовления 1,791759 32,251670
мл 2,612740 10,450960
место 1,832581 3,665163
примерно 2,177422 19,596798
спелых 5,010635 5,010635
заправить 4,317488 8,634976
придумал 3,401197 3,401197
свежие 2,708050 5,416100
условиях 2,066196 4,132393
корень 3,912023 23,472138
добавлением 3,064725 3,064725
голяшку 5,010635 5,010635
участие 0,006689 0,006689
терке 2,931194 55,692681
тонкой 3,624341 7,248682
черной 3,624341 3,624341
свежий 3,401197 6,802395
опечатка 0,013423 0,013423
уникального 3,912023 3,912023
использовать 0,013423 0,053692
очищенную 4,317488 8,634976
онлайн 0,013423 0,026846
контактов 0,013423 0,013423
консервированная 4,317488 8,634976
накрошенный 5,010635 10,021271
пампушки 5,010635 5,010635
привычным 5,010635 10,021271
апреля 0,013423 0,013423
поваров 3,624341 3,624341
сок 2,931194 43,967906
количество 2,238047 2,238047
говяжий 5,010635 10,021271
нами 0,013423 0,093961
владимир 1,373049 1,373049
порубить 3,912023 23,472138
вакансии 0,013423 0,013423
разогреть 3,218876 6,437752
упоминание 3,624341 3,624341
нажимая 0,013423 0,013423
натирает 5,010635 10,021271
вами 0,013423 0,013423
остротой 5,010635 5,010635
недопустимое 0,013423 0,013423
году 1,139434 1,139434
названием 3,912023 3,912023
истек 0,013423 0,013423
предприятию 0,013423 0,026846
кладут 3,624341 3,624341
вернуть 2,813411 11,253643
появлении 5,010635 10,021271
внимание 0,013423 0,013423
готовое 3,912023 15,648092
принимать 0,013423 0,013423
огня 2,708050 5,416100
пережарить 5,010635 10,021271
сможете 0,013423 0,013423
года 0,006689 0,013378
смешать 3,064725 24,517801
шинкуют 5,010635 5,010635
зубчик 3,912023 39,120230
ознакомлены 0,013423 0,013423
молоке 3,064725 3,064725
тертую 5,010635 20,042541
легкой 3,401197 3,401197
ярослав 3,624341 21,746046
свежей 3,401197 13,604790
огне 2,708050 59,577104
моих 0,013423 0,026846
предприятие 0,013423 0,013423
книги 3,912023 3,912023
наука 0,292136 0,292136
сварится 5,010635 30,063812
видов 3,401197 3,401197
кости 4,317488 38,857393
