законным 0,013423 0,013423
детства 3,064725 3,064725
новый 0,013423 0,026846
найти 0,013423 0,013423
основанием 0,013423 0,013423
письмо 0,013423 0,013423
спасибо 0,013423 0,013423
согласие 0,013423 0,026846
центр 0,190354 0,190354
доступ 0,013423 0,026846
декабря 1,098612 3,295837
миа 0,013423 0,026846
задать 0,013423 0,013423
теги 0,190354 0,190354
автору 0,013423 0,013423
связаться 0,013423 0,080538
помощь 3,064725 3,064725
таких 2,371578 2,371578
должны 0,013423 0,013423
г 0,013423 0,026846
д 0,013423 0,026846
реклама 0,190354 0,190354
фото 0,013423 0,013423
политика 0,013423 0,026846
отомстил 5,010635 5,010635
связь 0,006689 0,013378
й 2,014903 2,014903
макрон 3,912023 7,824046
готово 0,013423 0,026846
течение 0,013423 0,013423
любви 4,317488 4,317488
автора 2,931194 2,931194
информационных 0,013423 0,013423
размещения 0,013423 0,013423
крушению 5,010635 5,010635
конфиденциальности 0,013423 0,053692
мир 1,966113 1,966113
связи 0,013423 0,080538
заголовок 0,013423 0,026846
дело 1,919593 1,919593
процесса 0,013423 0,013423
адресу 0,013423 0,026846
проблему 0,013423 0,013423
время 0,013423 0,026846
данных 0,013423 0,107384
заставила 4,317488 4,317488
оон 2,708050 2,708050
письма 0,013423 0,013423
часов 0,013423 0,026846
соглашаетесь 0,013423 0,013423
ранее 0,013423 0,013423
восстановления 0,013423 0,013423
главный 0,013423 0,013423
данные 0,013423 0,013423
эпштейна 3,064725 3,064725
разблокировать 0,013423 0,040269
город 0,013423 0,013423
ищет 3,624341 3,624341
фотографию 0,013423 0,013423
рук 3,401197 3,401197
обращаем 0,013423 0,013423
отправлено 0,013423 0,013423
написать 0,013423 0,013423
новостеймолния 0,013423 0,013423
украине 1,427116 1,427116
элита 4,317488 4,317488
тройке 5,010635 5,010635
одноклассники 0,013423 0,026846
сначала 0,013423 0,013423
последнего 4,317488 4,317488
украинизация 5,010635 5,010635
надеждой 5,010635 5,010635
публикации 2,238047 2,238047
показать 0,013423 0,013423
кнопку 0,013423 0,013423
коммуникаций 0,013423 0,013423
пароль 0,013423 0,080538
пароля 0,013423 0,053692
роддоме 5,010635 5,010635
перейдите 0,013423 0,013423
отправляется 3,912023 3,912023
вход 0,013423 0,013423
продукты 0,150823 0,150823
закрыто 0,013423 0,013423
винатье 5,010635 5,010635
удалено 0,013423 0,013423
ответы 3,064725 3,064725
сколько 0,006689 0,006689
гаврилова 0,013423 0,013423
материалов 0,013423 0,053692
отправлена 0,013423 0,013423
чате 0,013423 0,013423
киева 2,708050 2,708050
уничтожает 4,317488 4,317488
расположенному 0,013423 0,026846
чату 0,013423 0,013423
редакцией 0,013423 0,013423
всей 2,445686 2,445686
пример 3,218876 3,218876
унижение 4,317488 4,317488
вспомнила 5,010635 5,010635
учредитель 0,013423 0,013423
рассмотрены 0,013423 0,013423
рождество 3,624341 7,248682
мое 0,013423 0,026846
ссылка 0,013423 0,026846
последние 1,098612 1,098612
ссылке 0,013423 0,013423
перетяните 0,013423 0,013423
ссылки 0,013423 0,013423
помочь 0,013423 0,013423
архив 0,190354 0,190354
ошибках 0,013423 0,013423
обязательны 0,013423 0,093961
сша 1,118815 1,118815
французская 3,912023 3,912023
выпуска 0,013423 0,013423
списка 0,013423 0,013423
формой 0,013423 0,053692
роскомнадзор 0,013423 0,013423
блокировался 0,013423 0,013423
москва 0,006689 0,013378
воспользоваться 0,013423 0,013423
входа 0,013423 0,013423
моё 0,013423 0,013423
началась 3,912023 3,912023
федеральное 0,013423 0,013423
смерть 3,401197 3,401197
федеральной 0,013423 0,013423
боком 4,317488 4,317488
лицо 2,813411 2,813411
международное 0,013423 0,040269
будут 0,013423 0,013423
новостей 0,006689 0,006689
политикой 0,013423 0,040269
обработки 0,013423 0,026846
даю 0,013423 0,026846
иноагента 5,010635 5,010635
оттенков 3,912023 3,912023
обработку 0,013423 0,026846
обратной 0,013423 0,067115
подкасты 0,292136 0,292136
редакции 0,013423 0,026846
обращений 0,013423 0,013423
обработка 0,013423 0,013423
это 0,013423 0,013423
управдомы 5,010635 5,010635
обзоры 2,525729 2,525729
описанием 0,013423 0,013423
новую 0,013423 0,013423
массовых 0,013423 0,013423
осталась 3,912023 3,912023
пройдена 0,013423 0,013423
используется 0,013423 0,013423
уничтожить 3,218876 3,218876
зарегистрироваться 0,013423 0,053692
пожаловаться 0,013423 0,013423
новости 0,006689 0,013378
войти 0,013423 0,053692
электронной 0,013423 0,013423
предатели 5,010635 5,010635
мире 0,274437 0,274437
эл 0,013423 0,013423
вышли 3,624341 3,624341
действия 0,013423 0,013423
радио 0,274437 0,274437
защита 0,013423 0,013423
регистрация 0,013423 0,040269
трагедию 5,010635 5,010635
почему 0,013423 0,013423
использования 0,013423 0,013423
восстановление 0,013423 0,040269
вопросам 0,013423 0,026846
государственное 0,013423 0,013423
воевать 3,401197 3,401197
вконтакте 0,013423 0,026846
спецпроекты 0,190354 0,190354
просим 0,013423 0,013423
навсегда 0,013423 0,013423
нарушение 0,013423 0,040269
заблокирован 0,013423 0,013423
гренландия 4,317488 4,317488
ошибку 0,013423 0,013423
защиты 0,013423 0,013423
шашни 5,010635 5,010635
назад 0,013423 0,067115
обращения 0,013423 0,026846
желающих 3,912023 3,912023
отваги 5,010635 5,010635
февраля 0,616186 3,080931
принесет 4,317488 4,317488
жертву 5,010635 5,010635
трампа 2,238047 2,238047
ошибка 0,013423 0,013423
вопрос 0,006689 0,006689
зубовский 0,013423 0,026846
подтверждаете 0,013423 0,013423
заполнить 0,013423 0,026846
осуществляется 0,013423 0,013423
ваш 0,013423 0,053692
имя 0,013423 0,067115
другие 0,013423 0,026846
общество 0,265703 0,265703
надзору 0,013423 0,013423
срок 0,013423 0,026846
издание 0,013423 0,013423
показала 4,317488 4,317488
бульвар 0,013423 0,026846
событий 2,177422 2,177422
хотите 0,013423 0,013423
заполните 0,013423 0,067115
считаться 4,317488 4,317488
технологий 0,013423 0,026846
сетевое 0,013423 0,013423
неделю 1,373049 1,373049
караева 3,218876 6,437752
вновь 0,013423 0,013423
сменить 0,013423 0,013423
америкой 3,064725 3,064725
материал 0,013423 0,013423
участвовать 0,013423 0,026846
сообщить 0,013423 0,013423
успешно 0,013423 0,013423
скриншот 0,013423 0,040269
лента 0,006689 0,013378
слабоумие 5,010635 5,010635
заблокированы 0,013423 0,013423
спорт 0,190354 0,190354
сфере 0,013423 0,013423
месяц 1,297063 1,297063
истинное 4,317488 4,317488
свидетельство 0,013423 0,013423
интересами 5,010635 5,010635
правила 0,013423 0,026846
взаимодействия 0,013423 0,026846
подает 4,317488 4,317488
сохранить 0,013423 0,013423
информационное 0,013423 0,040269
комментирования 0,013423 0,026846
женщин 2,445686 2,445686
коалиция 5,010635 5,010635
пресс 0,013423 0,026846
россии 0,395515 1,977574
применения 0,013423 0,013423
федеральному 0,013423 0,026846
персональных 0,013423 0,107384
казнокрады 5,010635 5,010635
произошла 0,013423 0,013423
дата 0,013423 0,013423
ваше 0,013423 0,107384
сайте 0,013423 0,013423
ваши 0,013423 0,013423
дате 2,525729 5,051457
фио 0,013423 0,013423
восстановить 0,013423 0,013423
пожалуйста 0,013423 0,013423
ниже 0,013423 0,040269
версия 0,013423 0,013423
вопроса 0,013423 0,013423
россия 0,006689 0,073579
поля 0,013423 0,093961
свое 2,445686 2,445686
января 1,160488 12,765365
государственному 0,013423 0,026846
регистрации 0,013423 0,026846
шпиона 5,010635 5,010635
европе 2,238047 2,238047
поле 0,013423 0,013423
сайт 0,013423 0,026846
сервисы 0,190354 0,190354
зарегистрировано 0,013423 0,013423
европу 3,064725 3,064725
другое 0,013423 0,013423
туризм 0,283247 0,283247
принесли 4,317488 4,317488
поддерживаетсяполучить 0,013423 0,013423
адрес 0,013423 0,040269
соответствии 0,013423 0,026846
загрузите 0,013423 0,013423
сообщения 0,013423 0,053692
европа 2,371578 4,743156
загрузить 0,013423 0,013423
направлении 0,013423 0,013423
замеченных 0,013423 0,013423
телефон 0,013423 0,013423
собственный 3,624341 3,624341
отправки 0,013423 0,013423
устав 5,010635 5,010635
улицах 4,317488 4,317488
унитарному 0,013423 0,026846
период 1,160488 1,160488
сообщение 0,013423 0,134230
выберите 0,013423 0,040269
старые 0,013423 0,013423
попробуйте 0,013423 0,013423
материалы 1,643339 1,643339
скрыта 4,317488 4,317488
защитой 0,013423 0,026846
статьи 0,013423 0,013423
война 3,912023 3,912023
подтвердите 0,013423 0,013423
авторизация 0,013423 0,013423
религия 0,283247 0,283247
форма 0,013423 0,013423
логином 0,013423 0,013423
рейтинг 0,006689 0,006689
галочку 0,013423 0,013423
перетащите 0,013423 0,040269
материале 0,013423 0,026846
культура 0,292136 0,292136
материала 0,013423 0,026846
происшествия 0,292136 0,292136
вашего 0,013423 0,013423
паролем 0,013423 0,013423
берут 3,912023 3,912023
нато 2,612740 2,612740
русофобии 5,010635 5,010635
евросоюз 2,931194 2,931194
популярности 2,813411 2,813411
способы 0,013423 0,026846
зарегистрируйтесь 0,013423 0,013423
обо 0,013423 0,013423
недвижимость 0,292136 0,292136
дискуссии 0,013423 0,026846
редактор 0,013423 0,013423
унитарное 0,013423 0,013423
форму 0,013423 0,093961
тема 0,013423 0,040269
нам 2,525729 2,525729
отправленного 0,013423 0,013423
лошадей 5,010635 5,010635
связанные 0,013423 0,013423
рекомендательных 0,013423 0,013423
проиграла 4,317488 4,317488
данная 0,013423 0,013423
выходит 4,317488 4,317488
обратная 0,013423 0,026846
риа 0,006689 0,013378
своими 2,931194 2,931194
встретила 4,317488 4,317488
проставляя 0,013423 0,013423
связанных 0,013423 0,013423
опишите 0,013423 0,013423
заполнения 0,013423 0,093961
полезное 0,182322 0,182322
год 0,967584 0,967584
службе 0,013423 0,013423
релизов 0,013423 0,013423
ваших 0,013423 0,026846
почты 0,013423 0,013423
готовится 3,401197 3,401197
агентство 0,013423 0,040269
правил 0,013423 0,040269
авторизоваться 0,013423 0,013423
авторизуйтесь 0,013423 0,013423
отменили 3,218876 3,218876
американца 4,317488 4,317488
агентства 0,013423 0,013423
сегодня 0,013423 0,067115
елена 2,931194 5,862388
тайна 3,912023 3,912023
расширенный 0,013423 0,013423
слабое 4,317488 4,317488
новокузнецком 5,010635 5,010635
новыесначала 0,013423 0,013423
празднуют 3,912023 3,912023
шапка 0,013423 0,013423
место 1,832581 1,832581
отправить 0,013423 0,147653
продолжить 0,013423 0,013423
решении 0,013423 0,013423
воспользуйтесь 0,013423 0,040269
участие 0,006689 0,006689
аккаунт 0,013423 0,053692
европейцев 4,317488 4,317488
экономика 0,292136 0,292136
обсуждение 0,013423 0,013423
использовать 0,013423 0,013423
опечатка 0,013423 0,013423
блокировки 0,013423 0,013423
кровь 3,912023 3,912023
онлайн 0,013423 0,013423
контактов 0,013423 0,013423
почта 0,013423 0,080538
главная 2,120264 2,120264
апреля 0,013423 0,013423
фамилия 0,013423 0,013423
нами 0,013423 0,093961
яндекс 0,013423 0,026846
уровень 2,612740 2,612740
удалили 0,013423 0,040269
либо 0,013423 0,013423
ротшильды 5,010635 5,010635
вакансии 0,013423 0,013423
аккаунту 0,013423 0,013423
открываемого 0,013423 0,026846
нажимая 0,013423 0,013423
верой 4,317488 4,317488
поиск 0,013423 0,013423
вами 0,013423 0,013423
недопустимое 0,013423 0,013423
евросоюзе 3,064725 3,064725
украиной 3,624341 3,624341
согласны 0,013423 0,040269
истек 0,013423 0,013423
предприятию 0,013423 0,026846
рекламы 0,013423 0,013423
гражданская 5,010635 5,010635
любовью 4,317488 4,317488
внимание 0,013423 0,013423
родом 4,317488 4,317488
принимать 0,013423 0,013423
готовятся 3,401197 3,401197
сможете 0,013423 0,013423
года 0,006689 0,006689
зиме 4,317488 4,317488
ознакомлены 0,013423 0,013423
пятьдесят 5,010635 5,010635
моих 0,013423 0,026846
предприятие 0,013423 0,013423
наука 0,292136 0,292136
обсуждения 0,013423 0,013423
блокировкой 0,013423 0,040269
