законным 0,013423 0,013423
разведки 3,624341 7,248682
новый 0,013423 0,013423
день 1,203973 1,203973
успел 5,010635 5,010635
найти 0,013423 0,013423
основанием 0,013423 0,013423
письмо 0,013423 0,013423
спасибо 0,013423 0,013423
выйти 3,401197 3,401197
согласие 0,013423 0,026846
центр 0,190354 0,190354
доступ 0,013423 0,026846
декабря 1,098612 2,197225
миа 0,013423 0,093961
украинев 3,401197 3,401197
задать 0,013423 0,013423
теги 0,190354 0,190354
автору 0,013423 0,013423
забили 3,218876 28,969882
связаться 0,013423 0,080538
решило 5,010635 5,010635
человек 2,525729 2,525729
дополнительно 3,624341 3,624341
должны 0,013423 0,013423
словам 1,752539 3,505078
г 0,013423 0,026846
д 0,013423 0,026846
помещение 4,317488 4,317488
реклама 0,190354 0,190354
фото 0,013423 0,040269
политика 0,013423 0,026846
силы 2,014903 8,059612
связь 0,006689 0,013378
предлогами 5,010635 5,010635
готово 0,013423 0,026846
латиноамериканцев 5,010635 5,010635
течение 0,013423 0,013423
легиона 5,010635 10,021271
информационных 0,013423 0,013423
знакомые 4,317488 4,317488
размещения 0,013423 0,013423
конфиденциальности 0,013423 0,053692
связи 0,013423 0,080538
каких 2,525729 2,525729
заголовок 0,013423 0,026846
соцсети 5,010635 5,010635
процесса 0,013423 0,013423
адресу 0,013423 0,026846
проблему 0,013423 0,013423
деле 2,612740 2,612740
заставили 5,010635 5,010635
наемника 3,401197 34,011974
время 0,013423 0,026846
следами 5,010635 5,010635
данных 0,013423 0,107384
командование 5,010635 10,021271
письма 0,013423 0,013423
часов 0,013423 0,026846
соглашаетесь 0,013423 0,013423
ранее 0,013423 0,013423
восстановления 0,013423 0,013423
главный 0,013423 0,013423
данные 0,013423 0,013423
режим 2,931194 2,931194
пьяным 4,317488 4,317488
леала 5,010635 10,021271
имени 2,371578 2,371578
наемники 5,010635 5,010635
разблокировать 0,013423 0,040269
город 0,013423 0,013423
украина 1,875141 7,500564
нашли 2,445686 2,445686
фотографию 0,013423 0,013423
жестокое 4,317488 4,317488
обращаем 0,013423 0,013423
следующего 3,401197 3,401197
отправлено 0,013423 0,013423
написать 0,013423 0,013423
новостеймолния 0,013423 0,013423
доносились 5,010635 5,010635
украине 1,427116 4,281349
одноклассники 0,013423 0,026846
сначала 0,013423 0,013423
робинсон 5,010635 5,010635
украины 1,832581 10,995489
показать 0,013423 0,013423
кнопку 0,013423 0,013423
коммуникаций 0,013423 0,013423
подорвался 5,010635 5,010635
пароль 0,013423 0,080538
пароля 0,013423 0,053692
бразильского 3,401197 23,808382
перейдите 0,013423 0,013423
киеве 2,612740 23,514660
вход 0,013423 0,013423
южной 3,912023 3,912023
продукты 0,150823 0,150823
читать 0,851752 0,851752
закрыто 0,013423 0,013423
удалено 0,013423 0,013423
минобороны 2,525729 5,051457
собеседников 4,317488 4,317488
сколько 0,006689 0,006689
гаврилова 0,013423 0,013423
материалов 0,013423 0,040269
отправлена 0,013423 0,013423
чате 0,013423 0,013423
бразильское 5,010635 5,010635
относится 3,401197 3,401197
повреждений 5,010635 5,010635
расположенному 0,013423 0,026846
чату 0,013423 0,013423
редакцией 0,013423 0,013423
солдат 4,317488 4,317488
учредитель 0,013423 0,013423
командует 5,010635 5,010635
рассмотрены 0,013423 0,013423
контейнером 5,010635 5,010635
нему 3,064725 3,064725
мое 0,013423 0,026846
ссылка 0,013423 0,026846
консульство 5,010635 5,010635
ссылке 0,013423 0,013423
часто 2,371578 4,743156
говорится 2,371578 2,371578
перетяните 0,013423 0,013423
ссылки 0,013423 0,013423
помочь 0,013423 0,013423
архив 0,190354 0,190354
организовывал 5,010635 5,010635
части 1,966113 1,966113
военная 2,120264 8,481054
специальная 2,066196 8,264785
ошибках 0,013423 0,013423
обязательны 0,013423 0,093961
контейнера 4,317488 4,317488
компенсации 3,624341 3,624341
видимых 5,010635 5,010635
выпуска 0,013423 0,013423
списка 0,013423 0,013423
формой 0,013423 0,053692
роскомнадзор 0,013423 0,013423
блокировался 0,013423 0,013423
собирался 4,317488 4,317488
москва 0,006689 0,020067
воспользоваться 0,013423 0,013423
очевидцы 5,010635 5,010635
входа 0,013423 0,013423
штурмовой 5,010635 5,010635
моё 0,013423 0,013423
ноябре 3,218876 3,218876
федеральное 0,013423 0,013423
бразилия 3,912023 15,648092
федеральной 0,013423 0,013423
международное 0,013423 0,040269
будут 0,013423 0,013423
утром 3,218876 3,218876
новостей 0,006689 0,006689
которое 2,302585 2,302585
хорошем 3,912023 3,912023
ноября 1,714798 1,714798
погибают 5,010635 5,010635
которой 2,238047 2,238047
политикой 0,013423 0,040269
комфортных 3,912023 3,912023
тому 3,064725 3,064725
обработки 0,013423 0,026846
даю 0,013423 0,026846
называли 4,317488 8,634976
подразделении 4,317488 8,634976
насмерть 3,401197 30,610776
обработку 0,013423 0,026846
побоев 5,010635 5,010635
одним 2,813411 2,813411
обратной 0,013423 0,067115
подкасты 0,292136 0,292136
бразилии 5,010635 20,042541
редакции 0,013423 0,026846
смерти 2,708050 2,708050
обращений 0,013423 0,013423
имел 3,912023 3,912023
украинским 4,317488 4,317488
обращение 3,401197 3,401197
гонораров 5,010635 5,010635
операция 2,120264 8,481054
обработка 0,013423 0,013423
это 0,013423 0,013423
опозданием 5,010635 5,010635
жестокого 5,010635 5,010635
описанием 0,013423 0,013423
новую 0,013423 0,013423
запястьях 5,010635 5,010635
массовых 0,013423 0,013423
пройдена 0,013423 0,013423
наниматели 5,010635 5,010635
используется 0,013423 0,013423
зарегистрироваться 0,013423 0,053692
пожаловаться 0,013423 0,013423
новости 0,006689 0,080268
войти 0,013423 0,053692
электронной 0,013423 0,013423
улице 3,218876 3,218876
отобрали 5,010635 5,010635
мире 0,274437 1,097747
эл 0,013423 0,013423
воздействия 3,624341 3,624341
действия 0,013423 0,013423
радио 0,274437 0,274437
дзен 0,851752 0,851752
защита 0,013423 0,013423
регистрация 0,013423 0,040269
минимум 2,612740 2,612740
почему 0,013423 0,026846
использования 0,013423 0,013423
выхода 3,912023 3,912023
восстановление 0,013423 0,040269
леандерсон 5,010635 5,010635
сослуживцев 5,010635 5,010635
вернулся 4,317488 8,634976
бразилец 5,010635 10,021271
вопросам 0,013423 0,026846
государственное 0,013423 0,013423
заключить 3,912023 3,912023
увели 5,010635 5,010635
погибли 3,624341 3,624341
вконтакте 0,013423 0,026846
воюют 5,010635 10,021271
спецпроекты 0,190354 0,190354
подчиненных 5,010635 5,010635
просим 0,013423 0,013423
навсегда 0,013423 0,013423
нарушение 0,013423 0,040269
заблокирован 0,013423 0,013423
силва 5,010635 20,042541
силвы 5,010635 10,021271
ошибку 0,013423 0,013423
защиты 0,013423 0,013423
назад 0,013423 0,067115
офицер 3,912023 7,824046
обращения 0,013423 0,026846
ночь 2,708050 2,708050
паулино 5,010635 10,021271
методы 4,317488 4,317488
главного 3,401197 6,802395
минут 1,297063 1,297063
ошибка 0,013423 0,013423
жертвы 4,317488 4,317488
вопрос 0,006689 0,006689
настроении 5,010635 5,010635
зубовский 0,013423 0,026846
подтверждаете 0,013423 0,013423
заполнить 0,013423 0,026846
пожаловался 4,317488 4,317488
новобранец 5,010635 5,010635
осуществляется 0,013423 0,013423
ваш 0,013423 0,053692
имя 0,013423 0,067115
другие 0,013423 0,026846
общество 0,265703 0,265703
надзору 0,013423 0,013423
журналистам 5,010635 5,010635
срок 0,013423 0,026846
бразильских 5,010635 5,010635
издание 0,013423 0,040269
бульвар 0,013423 0,026846
поединок 4,317488 4,317488
хотите 0,013423 0,013423
заполните 0,013423 0,067115
увольнения 3,912023 3,912023
технологий 0,013423 0,026846
сетевое 0,013423 0,013423
бразильский 5,010635 5,010635
источников 3,401197 3,401197
вновь 0,013423 0,013423
фев 1,399717 1,399717
сменить 0,013423 0,013423
материал 0,013423 0,013423
участвовать 0,013423 0,026846
сообщить 0,013423 0,013423
больших 4,317488 4,317488
аналитик 4,317488 4,317488
крики 5,010635 5,010635
успешно 0,013423 0,013423
скриншот 0,013423 0,040269
лента 0,006689 0,013378
двадцативосьмилетний 5,010635 5,010635
расположении 5,010635 15,031906
заблокированы 0,013423 0,013423
спорт 0,190354 0,190354
сфере 0,013423 0,013423
свидетельство 0,013423 0,013423
четыре 2,612740 2,612740
наемник 5,010635 10,021271
протяжении 3,624341 3,624341
правила 0,013423 0,026846
взаимодействия 0,013423 0,026846
плохо 3,401197 3,401197
пушечным 5,010635 5,010635
сохранить 0,013423 0,013423
боевого 5,010635 10,021271
информационное 0,013423 0,040269
правилу 5,010635 5,010635
комментирования 0,013423 0,026846
родственникам 5,010635 5,010635
пресс 0,013423 0,026846
применения 0,013423 0,026846
киевский 3,912023 3,912023
федеральному 0,013423 0,026846
персональных 0,013423 0,107384
произошла 0,013423 0,013423
пытки 5,010635 5,010635
заманивают 5,010635 5,010635
дата 0,013423 0,013423
ваше 0,013423 0,107384
сайте 0,013423 0,013423
ваши 0,013423 0,013423
фио 0,013423 0,013423
восстановить 0,013423 0,013423
превысило 5,010635 5,010635
пожалуйста 0,013423 0,013423
паспорт 2,931194 2,931194
ниже 0,013423 0,040269
версия 0,013423 0,013423
вопроса 0,013423 0,013423
россия 0,006689 0,080268
поля 0,013423 0,093961
дисциплинарного 5,010635 5,010635
отметинами 5,010635 5,010635
рассказали 2,066196 2,066196
командиров 4,317488 4,317488
января 1,160488 1,160488
государственному 0,013423 0,026846
регистрации 0,013423 0,026846
наказания 5,010635 5,010635
поле 0,013423 0,013423
сайт 0,013423 0,026846
сервисы 0,190354 0,190354
обещаниями 5,010635 5,010635
зарегистрировано 0,013423 0,013423
другое 0,013423 0,013423
туризм 0,283247 0,283247
поддерживаетсяполучить 0,013423 0,013423
скончался 5,010635 5,010635
адрес 0,013423 0,040269
соответствии 0,013423 0,026846
загрузите 0,013423 0,013423
сообщения 0,013423 0,053692
загрузить 0,013423 0,013423
направлении 0,013423 0,013423
первого 2,813411 2,813411
замеченных 0,013423 0,013423
телефон 0,013423 0,013423
отправки 0,013423 0,013423
регулярно 3,401197 3,401197
наказание 3,912023 3,912023
унитарному 0,013423 0,026846
становятся 3,912023 3,912023
число 2,371578 2,371578
непримечательно 5,010635 5,010635
обновлено 1,003302 1,003302
сообщение 0,013423 0,134230
пыткой 5,010635 5,010635
выберите 0,013423 0,040269
старые 0,013423 0,013423
попробуйте 0,013423 0,013423
объяснил 3,064725 3,064725
защитой 0,013423 0,026846
статье 3,401197 3,401197
статьи 0,013423 0,013423
подтвердите 0,013423 0,013423
авторизация 0,013423 0,013423
религия 0,283247 0,283247
форма 0,013423 0,013423
логином 0,013423 0,013423
рейтинг 0,006689 0,006689
галочку 0,013423 0,013423
перетащите 0,013423 0,040269
материале 0,013423 0,026846
культура 0,292136 0,292136
материала 0,013423 0,026846
происшествия 0,292136 0,292136
вашего 0,013423 0,013423
паролем 0,013423 0,013423
дня 1,678431 3,356862
способы 0,013423 0,026846
зарегистрируйтесь 0,013423 0,013423
обо 0,013423 0,013423
мясом 2,931194 2,931194
недвижимость 0,292136 0,292136
дискуссии 0,013423 0,026846
редактор 0,013423 0,013423
фгуп 0,499776 2,498879
унитарное 0,013423 0,013423
вооруженные 2,371578 7,114734
габриэль 5,010635 15,031906
положенные 5,010635 5,010635
форму 0,013423 0,093961
тема 0,013423 0,040269
леал 5,010635 20,042541
отправленного 0,013423 0,013423
связанные 0,013423 0,013423
рекомендательных 0,013423 0,013423
около 2,177422 2,177422
целей 2,931194 2,931194
данная 0,013423 0,013423
вмс 4,317488 8,634976
управления 2,813411 5,626821
обратная 0,013423 0,026846
риа 0,006689 0,073579
тело 3,912023 3,912023
проставляя 0,013423 0,013423
связанных 0,013423 0,013423
опишите 0,013423 0,013423
рядах 5,010635 5,010635
заполнения 0,013423 0,093961
службу 3,401197 3,401197
полезное 0,182322 0,182322
времени 2,238047 2,238047
службе 0,013423 0,013423
иностранного 5,010635 10,021271
релизов 0,013423 0,013423
ваших 0,013423 0,026846
контракт 3,912023 7,824046
почты 0,013423 0,013423
которые 1,455287 1,455287
агентство 0,013423 0,040269
разными 3,624341 3,624341
правил 0,013423 0,040269
звуки 4,317488 4,317488
ротой 5,010635 5,010635
авторизоваться 0,013423 0,013423
авторизуйтесь 0,013423 0,013423
узнала 5,010635 5,010635
казарму 5,010635 5,010635
агентства 0,013423 0,013423
сегодня 0,013423 0,134230
расширенный 0,013423 0,013423
оттуда 3,912023 3,912023
новыесначала 0,013423 0,013423
америки 3,912023 3,912023
ударов 4,317488 4,317488
несколько 1,752539 1,752539
шапка 0,013423 0,013423
отправить 0,013423 0,147653
продолжить 0,013423 0,013423
участвовал 5,010635 5,010635
решении 0,013423 0,013423
рассказал 1,347074 2,694147
фариназу 5,010635 5,010635
соцсетибруно 5,010635 5,010635
воспользуйтесь 0,013423 0,040269
участие 0,006689 0,006689
аккаунт 0,013423 0,053692
экономика 0,292136 0,292136
существующему 5,010635 5,010635
прошел 3,218876 3,218876
обсуждение 0,013423 0,013423
использовать 0,013423 0,013423
опечатка 0,013423 0,013423
проучить 5,010635 5,010635
бруно 4,317488 8,634976
блокировки 0,013423 0,013423
онлайн 0,013423 0,013423
опыта 3,624341 3,624341
контактов 0,013423 0,013423
почта 0,013423 0,080538
апреля 0,013423 0,013423
выплачивают 4,317488 4,317488
киев 2,302585 9,210340
вскоре 4,317488 4,317488
фамилия 0,013423 0,013423
пишет 2,177422 4,354844
подписать 4,317488 4,317488
нами 0,013423 0,093961
яндекс 0,013423 0,026846
гибели 3,624341 3,624341
удалили 0,013423 0,040269
либо 0,013423 0,013423
вакансии 0,013423 0,013423
аккаунту 0,013423 0,013423
бой 2,931194 2,931194
открываемого 0,013423 0,026846
наемников 3,912023 3,912023
нажимая 0,013423 0,013423
гур 4,317488 4,317488
поиск 0,013423 0,013423
вами 0,013423 0,013423
оставался 5,010635 5,010635
недопустимое 0,013423 0,013423
запасе 5,010635 5,010635
всу 2,238047 8,952186
условий 3,064725 3,064725
миреукраинакиевбразилиявооруженные 5,010635 5,010635
согласны 0,013423 0,040269
боксерский 5,010635 5,010635
истек 0,013423 0,013423
предприятию 0,013423 0,026846
рекламы 0,013423 0,013423
внимание 0,013423 0,013423
принимать 0,013423 0,013423
сможете 0,013423 0,013423
года 0,006689 0,006689
бразильцы 5,010635 5,010635
ознакомлены 0,013423 0,013423
веревки 5,010635 5,010635
кандидатом 5,010635 5,010635
моих 0,013423 0,026846
предприятие 0,013423 0,013423
наука 0,292136 0,292136
обсуждения 0,013423 0,013423
использовались 3,912023 3,912023
погиб 5,010635 5,010635
блокировкой 0,013423 0,040269
