законным 0,013423 0,013423
ру 5,010635 10,021271
рф 1,181994 5,909969
банк 2,813411 5,626821
прокату 5,010635 5,010635
новый 0,013423 0,013423
единая 2,813411 16,880464
новые 1,643339 3,286679
найти 0,013423 0,013423
основанием 0,013423 0,013423
письмо 0,013423 0,013423
спасибо 0,013423 0,013423
си 4,317488 4,317488
возвращается 3,624341 3,624341
заявил 1,427116 1,427116
апк 3,624341 3,624341
ставка 3,064725 3,064725
согласие 0,013423 0,026846
центр 0,190354 0,951769
доступ 0,013423 0,026846
декабря 1,098612 2,197225
миа 0,013423 0,026846
ставки 3,912023 11,736069
задать 0,013423 0,013423
теги 0,190354 0,380707
автору 0,013423 0,013423
выберу 5,010635 10,021271
финансовому 5,010635 5,010635
связаться 0,013423 0,080538
должны 0,013423 0,013423
г 0,013423 0,026846
д 0,013423 0,026846
реклама 0,190354 0,190354
фото 0,013423 0,013423
кому 2,371578 2,371578
политика 0,013423 0,040269
связь 0,006689 0,013378
двусторонние 3,624341 3,624341
сетей 3,218876 3,218876
запорожская 5,010635 5,010635
готово 0,013423 0,026846
течение 0,013423 0,013423
какие 2,177422 2,177422
китай 2,177422 2,177422
область 1,714798 3,429597
авто 2,238047 2,238047
начинает 3,218876 3,218876
информационных 0,013423 0,013423
ндпи 5,010635 5,010635
назвал 1,875141 1,875141
размещения 0,013423 0,013423
тонкие 3,624341 3,624341
конфиденциальности 0,013423 0,053692
связи 0,013423 0,080538
заголовок 0,013423 0,026846
аси 3,912023 3,912023
процесса 0,013423 0,013423
адресу 0,013423 0,026846
екатеринбург 3,401197 3,401197
проблему 0,013423 0,013423
проект 2,525729 2,525729
время 0,013423 0,026846
данных 0,013423 0,107384
китая 2,612740 2,612740
национальной 2,931194 2,931194
письма 0,013423 0,013423
часов 0,013423 0,026846
соглашаетесь 0,013423 0,013423
обсудят 4,317488 4,317488
льготы 2,931194 2,931194
республика 2,612740 5,225480
ранее 0,013423 0,013423
восстановления 0,013423 0,013423
главный 0,013423 0,013423
данные 0,013423 0,013423
уплатить 5,010635 5,010635
новых 2,931194 5,862388
сергей 1,609438 1,609438
разблокировать 0,013423 0,040269
город 0,013423 0,013423
призвал 2,813411 2,813411
барьеры 5,010635 5,010635
фотографию 0,013423 0,013423
дмитрий 1,643339 8,216697
обращаем 0,013423 0,013423
отправлено 0,013423 0,013423
написать 0,013423 0,013423
новостеймолния 0,013423 0,013423
одноклассники 0,013423 0,026846
сначала 0,013423 0,013423
гражданского 4,317488 4,317488
васильеваюрист 3,912023 7,824046
показать 0,013423 0,013423
кнопку 0,013423 0,013423
коммуникаций 0,013423 0,013423
пароль 0,013423 0,080538
пароля 0,013423 0,053692
перейдите 0,013423 0,013423
цб 2,931194 8,793581
госпрограмма 5,010635 5,010635
порядок 2,445686 2,445686
вход 0,013423 0,013423
ирина 2,931194 5,862388
июня 2,066196 2,066196
продукты 0,150823 0,150823
вклады 4,317488 4,317488
закрыто 0,013423 0,013423
удалено 0,013423 0,013423
дональд 2,445686 2,445686
сколько 0,006689 0,006689
гаврилова 0,013423 0,013423
материалов 0,013423 0,053692
меры 2,612740 2,612740
отправлена 0,013423 0,013423
чате 0,013423 0,013423
несвоевременную 4,317488 4,317488
цифровой 5,010635 5,010635
расположенному 0,013423 0,026846
чату 0,013423 0,013423
редакцией 0,013423 0,013423
поддержки 2,931194 2,931194
оценки 3,624341 3,624341
денис 3,624341 7,248682
предложил 3,624341 3,624341
учредитель 0,013423 0,013423
рассмотрены 0,013423 0,013423
мое 0,013423 0,026846
торговля 3,912023 3,912023
ссылка 0,013423 0,026846
последние 1,098612 1,098612
инструкция 2,238047 2,238047
ссылке 0,013423 0,013423
перетяните 0,013423 0,013423
ссылки 0,013423 0,013423
помочь 0,013423 0,013423
архив 0,190354 0,190354
июля 1,791759 1,791759
ошибках 0,013423 0,013423
обязательны 0,013423 0,093961
ископаемые 5,010635 5,010635
сша 1,118815 2,237630
минусы 4,317488 4,317488
избежать 2,708050 2,708050
выпуска 0,013423 0,013423
финансовой 2,813411 2,813411
списка 0,013423 0,013423
формой 0,013423 0,053692
роскомнадзор 0,013423 0,013423
блокировался 0,013423 0,013423
налог 4,317488 8,634976
москве 1,118815 1,118815
москва 0,006689 0,026756
воспользоваться 0,013423 0,013423
экспортный 3,624341 14,497364
российской 1,678431 1,678431
входа 0,013423 0,013423
вычет 5,010635 5,010635
зерно 4,317488 4,317488
моё 0,013423 0,013423
федеральное 0,013423 0,026846
федеральной 0,013423 0,013423
лучшие 1,714798 1,714798
тверь 4,317488 4,317488
международное 0,013423 0,040269
пошаговая 2,238047 2,238047
должен 2,177422 2,177422
будут 0,013423 0,013423
новостей 0,006689 0,006689
ноября 1,714798 1,714798
платят 5,010635 5,010635
политикой 0,013423 0,040269
задел 5,010635 5,010635
обработки 0,013423 0,026846
систему 3,624341 3,624341
даю 0,013423 0,026846
возобновлении 4,317488 4,317488
электронике 5,010635 5,010635
стать 2,302585 2,302585
обработку 0,013423 0,026846
обратной 0,013423 0,067115
подкасты 0,292136 0,292136
редакции 0,013423 0,026846
штраф 3,912023 3,912023
банков 3,912023 3,912023
обращений 0,013423 0,013423
ввезти 5,010635 5,010635
обработка 0,013423 0,013423
это 0,013423 0,040269
нужна 2,813411 2,813411
автомобилей 3,401197 3,401197
заявок 3,401197 3,401197
ответственность 3,064725 3,064725
подготовке 3,912023 3,912023
отчетности 5,010635 5,010635
мантуров 3,624341 14,497364
описанием 0,013423 0,013423
новую 0,013423 0,013423
мтс 4,317488 4,317488
массовых 0,013423 0,013423
имеет 2,066196 2,066196
пройдена 0,013423 0,013423
михаил 2,612740 5,225480
начинающих 3,912023 3,912023
используется 0,013423 0,013423
транспорта 3,064725 3,064725
зарегистрироваться 0,013423 0,053692
пожаловаться 0,013423 0,013423
новости 0,006689 0,040134
войти 0,013423 0,053692
электронной 0,013423 0,013423
контенту 5,010635 10,021271
мире 0,274437 1,097747
эл 0,013423 0,013423
действия 0,013423 0,013423
радио 0,274437 0,274437
защита 0,013423 0,013423
регистрация 0,013423 0,040269
почему 0,013423 0,026846
использования 0,013423 0,013423
директор 2,708050 2,708050
новой 2,813411 2,813411
рубль 4,317488 4,317488
восстановление 0,013423 0,040269
росжелдор 3,912023 3,912023
вопросам 0,013423 0,026846
государственное 0,013423 0,013423
полке 4,317488 4,317488
вконтакте 0,013423 0,026846
спецпроекты 0,190354 0,190354
просим 0,013423 0,013423
навсегда 0,013423 0,013423
нарушение 0,013423 0,040269
заблокирован 0,013423 0,013423
айгуль 5,010635 5,010635
ошибку 0,013423 0,013423
защиты 0,013423 0,013423
путин 1,514128 4,542383
назад 0,013423 0,067115
обращения 0,013423 0,026846
список 2,014903 2,014903
первый 2,014903 2,014903
февраля 0,616186 2,464745
бизнеса 3,401197 3,401197
ошибка 0,013423 0,013423
верхняя 4,317488 4,317488
рэц 3,401197 20,407184
вопрос 0,006689 0,006689
мишустин 3,624341 10,873023
зубовский 0,013423 0,026846
подтверждаете 0,013423 0,013423
заполнить 0,013423 0,026846
аналитике 5,010635 10,021271
зеленоград 4,317488 4,317488
марта 1,678431 16,784308
осуществляется 0,013423 0,013423
ваш 0,013423 0,053692
имя 0,013423 0,067115
другие 0,013423 0,026846
общество 0,265703 0,265703
авиастроения 5,010635 5,010635
свердловская 4,317488 4,317488
надзору 0,013423 0,013423
срок 0,013423 0,026846
издание 0,013423 0,013423
бульвар 0,013423 0,026846
хотите 0,013423 0,013423
заполните 0,013423 0,067115
технологий 0,013423 0,026846
сетевое 0,013423 0,013423
компании 2,302585 2,302585
ввп 5,010635 5,010635
неделю 1,373049 1,373049
вновь 0,013423 0,013423
сменить 0,013423 0,013423
сдачу 5,010635 5,010635
материал 0,013423 0,013423
участвовать 0,013423 0,026846
недвижимостьнавигатор 3,064725 3,064725
сообщить 0,013423 0,013423
инвестиционному 5,010635 5,010635
технологическим 3,624341 3,624341
пошаговый 2,813411 2,813411
успешно 0,013423 0,013423
скриншот 0,013423 0,040269
автомобиль 3,624341 7,248682
стабильного 5,010635 5,010635
производителей 3,912023 3,912023
лента 0,006689 0,013378
транспортному 4,317488 4,317488
заблокированы 0,013423 0,013423
спорт 0,190354 0,190354
стиллавин 3,401197 3,401197
сократилась 4,317488 4,317488
сфере 0,013423 0,013423
кредит 3,064725 3,064725
законопроекта 4,317488 4,317488
месяц 1,297063 1,297063
свидетельство 0,013423 0,013423
сектору 3,624341 3,624341
правила 0,013423 0,026846
взаимодействия 0,013423 0,026846
росэксимбанк 4,317488 4,317488
сбор 3,064725 3,064725
сохранить 0,013423 0,013423
информационное 0,013423 0,040269
комментирования 0,013423 0,026846
пресс 0,013423 0,026846
нужен 3,064725 3,064725
россии 0,395515 2,768603
применения 0,013423 0,013423
федеральному 0,013423 0,026846
инициатив 3,912023 3,912023
персональных 0,013423 0,107384
произошла 0,013423 0,013423
плюсы 3,912023 3,912023
прогноз 3,912023 3,912023
дата 0,013423 0,013423
ваше 0,013423 0,107384
сайте 0,013423 0,013423
ваши 0,013423 0,013423
стратегических 3,624341 3,624341
фио 0,013423 0,013423
восстановить 0,013423 0,013423
пожалуйста 0,013423 0,013423
российский 2,813411 11,253643
таможенные 5,010635 5,010635
ниже 0,013423 0,040269
версия 0,013423 0,013423
вопроса 0,013423 0,013423
россия 0,006689 0,167225
поля 0,013423 0,093961
блины 2,238047 2,238047
свой 2,525729 2,525729
устранять 5,010635 5,010635
изменятся 4,317488 4,317488
государственному 0,013423 0,026846
пусан 5,010635 5,010635
платить 4,317488 4,317488
регистрации 0,013423 0,026846
кефире 3,064725 3,064725
пошлины 4,317488 4,317488
поле 0,013423 0,013423
сайт 0,013423 0,026846
енп 5,010635 5,010635
полезные 3,401197 3,401197
андриевскаядиректор 5,010635 10,021271
сроки 2,525729 2,525729
сервисы 0,190354 0,190354
торговых 5,010635 5,010635
зарегистрировано 0,013423 0,013423
другое 0,013423 0,013423
туризм 0,283247 0,283247
представил 3,912023 3,912023
поддерживаетсяполучить 0,013423 0,013423
адрес 0,013423 0,040269
отношения 2,525729 2,525729
соответствии 0,013423 0,026846
загрузите 0,013423 0,013423
сообщения 0,013423 0,053692
цены 2,525729 2,525729
загрузить 0,013423 0,013423
направлении 0,013423 0,013423
замеченных 0,013423 0,013423
телефон 0,013423 0,013423
особенности 2,708050 2,708050
виды 2,813411 5,626821
отправки 0,013423 0,013423
какую 3,401197 3,401197
унитарному 0,013423 0,026846
залегдиноваспециалист 5,010635 5,010635
период 1,160488 1,160488
положены 3,401197 3,401197
работы 2,302585 2,302585
грамотности 3,912023 3,912023
центральный 4,317488 8,634976
сообщение 0,013423 0,134230
мадагаскара 3,401197 3,401197
косвенные 5,010635 5,010635
маркетплейса 4,317488 8,634976
выберите 0,013423 0,040269
старые 0,013423 0,026846
мешающие 5,010635 5,010635
недостаточно 3,064725 3,064725
попробуйте 0,013423 0,013423
финансового 2,066196 8,264785
локомотивы 3,912023 7,824046
мировую 4,317488 4,317488
краснодар 4,317488 4,317488
защитой 0,013423 0,026846
статьи 0,013423 0,013423
подтвердите 0,013423 0,013423
авторизация 0,013423 0,013423
религия 0,283247 0,283247
форма 0,013423 0,013423
логином 0,013423 0,013423
рейтинг 0,006689 0,006689
галочку 0,013423 0,013423
луганская 3,912023 3,912023
брать 2,931194 2,931194
перетащите 0,013423 0,040269
материале 0,013423 0,026846
культура 0,292136 0,292136
доллары 5,010635 5,010635
материала 0,013423 0,026846
происшествия 0,292136 0,292136
бесплатно 2,931194 2,931194
вашего 0,013423 0,013423
паролем 0,013423 0,013423
расчета 3,401197 3,401197
способы 0,013423 0,026846
зарегистрируйтесь 0,013423 0,013423
обо 0,013423 0,013423
медведев 2,612740 20,901920
железнодорожного 3,912023 3,912023
недвижимость 0,292136 0,292136
форуме 3,912023 3,912023
дискуссии 0,013423 0,026846
ип 4,317488 4,317488
редактор 0,013423 0,013423
унитарное 0,013423 0,013423
получить 1,752539 3,505078
формы 3,218876 3,218876
форму 0,013423 0,093961
план 2,371578 2,371578
тема 0,013423 0,040269
аграриев 4,317488 4,317488
отправленного 0,013423 0,013423
рекомендательных 0,013423 0,013423
связанные 0,013423 0,026846
имущество 3,912023 3,912023
самозанятым 5,010635 5,010635
абитуриентариа 2,931194 2,931194
оксана 3,064725 6,129450
данная 0,013423 0,013423
обратная 0,013423 0,026846
риа 0,006689 0,006689
матвеевгенеральный 5,010635 5,010635
проставляя 0,013423 0,013423
связанных 0,013423 0,013423
опишите 0,013423 0,013423
уплаты 4,317488 4,317488
заполнения 0,013423 0,093961
транспортировки 3,401197 3,401197
мадагаскар 2,931194 2,931194
полезное 0,182322 0,182322
правительстве 2,177422 4,354844
год 0,967584 0,967584
службе 0,013423 0,013423
навигаторриа 2,445686 2,445686
релизов 0,013423 0,013423
предложила 3,064725 3,064725
маркетингу 5,010635 5,010635
ваших 0,013423 0,026846
почты 0,013423 0,013423
ключевая 3,912023 3,912023
налогообложения 4,317488 4,317488
трамп 1,609438 1,609438
агентство 0,013423 0,067115
правил 0,013423 0,040269
прогнозы 3,624341 3,624341
инвестиции 3,624341 3,624341
авторизоваться 0,013423 0,013423
авторизуйтесь 0,013423 0,013423
регионах 2,931194 2,931194
налогу 4,317488 4,317488
налоги 3,912023 15,648092
советы 1,752539 1,752539
агентства 0,013423 0,013423
сегодня 0,013423 0,080538
президент 2,238047 2,238047
расширенный 0,013423 0,013423
продукции 3,624341 3,624341
налоговый 4,317488 4,317488
народная 3,218876 6,437752
такое 1,875141 3,750282
лидерством 3,624341 3,624341
цзиньпин 5,010635 5,010635
новыесначала 0,013423 0,013423
дырочками 4,317488 4,317488
шапка 0,013423 0,013423
отправить 0,013423 0,147653
продолжить 0,013423 0,013423
справки 1,875141 1,875141
решении 0,013423 0,013423
развитию 2,931194 2,931194
рассказал 1,347074 2,694147
пышма 4,317488 4,317488
арену 4,317488 4,317488
пышные 4,317488 4,317488
воспользуйтесь 0,013423 0,040269
участие 0,006689 0,006689
донецкая 3,624341 3,624341
аккаунт 0,013423 0,053692
экономика 0,292136 4,089910
обсуждение 0,013423 0,013423
использовать 0,013423 0,013423
опечатка 0,013423 0,013423
блокировки 0,013423 0,013423
экономики 3,624341 10,873023
госдума 3,064725 3,064725
онлайн 0,013423 0,013423
контактов 0,013423 0,013423
манипуляции 5,010635 5,010635
почта 0,013423 0,080538
уральские 3,401197 6,802395
организаций 3,064725 3,064725
апреля 0,013423 0,026846
фамилия 0,013423 0,013423
университета 2,177422 4,354844
решения 2,238047 2,238047
нами 0,013423 0,093961
яндекс 0,013423 0,026846
удалили 0,013423 0,040269
владимир 1,373049 2,746098
либо 0,013423 0,013423
вакансии 0,013423 0,013423
аккаунту 0,013423 0,013423
открываемого 0,013423 0,026846
треть 3,624341 3,624341
нажимая 0,013423 0,013423
поиск 0,013423 0,013423
вами 0,013423 0,013423
недопустимое 0,013423 0,013423
году 1,139434 5,697171
господдержку 3,624341 3,624341
купюр 5,010635 5,010635
согласны 0,013423 0,040269
истек 0,013423 0,013423
предприятию 0,013423 0,026846
рекламы 0,013423 0,013423
внимание 0,013423 0,013423
принимать 0,013423 0,013423
соц 2,371578 2,371578
сможете 0,013423 0,013423
всм 3,624341 3,624341
года 0,006689 0,006689
ипотечные 5,010635 5,010635
ознакомлены 0,013423 0,013423
ввести 3,624341 3,624341
отличаются 4,317488 4,317488
моих 0,013423 0,026846
предприятие 0,013423 0,013423
наука 0,292136 0,292136
предприятий 3,912023 3,912023
доцент 2,813411 5,626821
обсуждения 0,013423 0,013423
блокировкой 0,013423 0,040269
условия 2,612740 2,612740
