законным 0,013423 0,013423
формула 4,317488 4,317488
новый 0,013423 0,013423
рпл 2,371578 7,114734
найти 0,013423 0,013423
основанием 0,013423 0,013423
фетисов 5,010635 5,010635
письмо 0,013423 0,013423
пакьяо 3,064725 3,064725
спасибо 0,013423 0,013423
оценил 4,317488 4,317488
теннис 2,525729 7,577186
ахмат 4,317488 4,317488
фигурном 5,010635 5,010635
фигурное 2,371578 11,857890
апл 2,612740 2,612740
согласие 0,013423 0,026846
центр 0,190354 0,380707
авторы 3,912023 3,912023
доступ 0,013423 0,026846
миа 0,013423 0,040269
задать 0,013423 0,013423
теги 0,190354 0,190354
полный 2,612740 2,612740
автору 0,013423 0,013423
первой 3,064725 3,064725
победительницы 3,064725 3,064725
связаться 0,013423 0,080538
должны 0,013423 0,013423
г 0,013423 0,026846
те 2,813411 2,813411
д 0,013423 0,026846
реклама 0,190354 0,190354
фото 0,013423 0,040269
чехии 4,317488 4,317488
политика 0,013423 0,013423
интер 5,010635 5,010635
связь 0,006689 0,013378
й 2,014903 2,014903
дубае 2,813411 2,813411
звезды 3,624341 7,248682
готово 0,013423 0,026846
четверных 5,010635 5,010635
течение 0,013423 0,013423
выгнали 5,010635 5,010635
авто 2,238047 2,238047
звезд 3,912023 3,912023
главные 2,931194 2,931194
информационных 0,013423 0,013423
назвал 1,875141 1,875141
размещения 0,013423 0,013423
сочи 2,238047 4,476093
футбол 2,445686 17,119802
конфиденциальности 0,013423 0,053692
связи 0,013423 0,080538
заголовок 0,013423 0,026846
звезду 5,010635 5,010635
русский 2,931194 5,862388
процесса 0,013423 0,013423
адресу 0,013423 0,026846
мужского 4,317488 4,317488
проблему 0,013423 0,013423
црвена 2,612740 2,612740
лиг 3,064725 3,064725
время 0,013423 0,026846
данных 0,013423 0,107384
честное 5,010635 5,010635
письма 0,013423 0,013423
новгород 3,218876 3,218876
хваленых 5,010635 5,010635
часов 0,013423 0,026846
соглашаетесь 0,013423 0,013423
имена 3,624341 3,624341
ранее 0,013423 0,013423
восстановления 0,013423 0,013423
главный 0,013423 0,013423
данные 0,013423 0,013423
континентальная 4,317488 8,634976
провел 2,525729 2,525729
разблокировать 0,013423 0,040269
город 0,013423 0,013423
украинцев 2,525729 2,525729
фотографию 0,013423 0,013423
обращаем 0,013423 0,013423
отправлено 0,013423 0,013423
написать 0,013423 0,013423
новостеймолния 0,013423 0,013423
одноклассники 0,013423 0,026846
сначала 0,013423 0,013423
сенсаций 3,624341 3,624341
кармане 4,317488 4,317488
первую 2,238047 4,476093
показать 0,013423 0,013423
кнопку 0,013423 0,013423
коммуникаций 0,013423 0,013423
прокомментировал 2,708050 2,708050
пытался 4,317488 4,317488
пароль 0,013423 0,080538
пароля 0,013423 0,053692
судья 4,317488 4,317488
паралимпийцев 3,064725 3,064725
филиппов 2,525729 5,051457
перейдите 0,013423 0,013423
хайкиным 5,010635 5,010635
спорта 2,931194 5,862388
вход 0,013423 0,013423
продукты 0,150823 0,150823
закрыто 0,013423 0,013423
игр 3,064725 3,064725
удалено 0,013423 0,013423
хоккейного 3,912023 3,912023
сколько 0,006689 0,006689
гаврилова 0,013423 0,013423
материалов 0,013423 0,040269
отправлена 0,013423 0,013423
италии 2,525729 2,525729
чате 0,013423 0,013423
расположенному 0,013423 0,026846
чату 0,013423 0,013423
получит 3,218876 3,218876
редакцией 0,013423 0,013423
инфографика 2,177422 2,177422
видео 1,832581 3,665163
примет 3,401197 3,401197
биатлон 2,525729 5,051457
сенсационно 5,010635 5,010635
учредитель 0,013423 0,013423
гонки 5,010635 10,021271
рассмотрены 0,013423 0,013423
локомотив 4,317488 4,317488
мое 0,013423 0,026846
минуте 4,317488 4,317488
едва 3,912023 3,912023
ссылка 0,013423 0,026846
ссылке 0,013423 0,013423
перетяните 0,013423 0,013423
ссылки 0,013423 0,013423
помочь 0,013423 0,013423
архив 0,190354 0,190354
единоборства 2,525729 5,051457
палачей 4,317488 4,317488
ошибках 0,013423 0,013423
ноттингем 2,612740 2,612740
обязательны 0,013423 0,093961
сша 1,118815 1,118815
щадят 5,010635 5,010635
русского 3,064725 6,129450
вынесли 3,624341 3,624341
выпуска 0,013423 0,013423
списка 0,013423 0,013423
формой 0,013423 0,053692
роскомнадзор 0,013423 0,013423
андреева 2,813411 2,813411
махачкала 4,317488 4,317488
блокировался 0,013423 0,013423
эксклюзивы 5,010635 5,010635
москва 0,006689 0,033445
воспользоваться 0,013423 0,013423
вечер 3,401197 3,401197
входа 0,013423 0,013423
сохранили 3,064725 3,064725
моё 0,013423 0,013423
федеральное 0,013423 0,013423
федеральной 0,013423 0,013423
команда 3,912023 3,912023
хейтят 5,010635 5,010635
рспорт 5,010635 5,010635
международное 0,013423 0,040269
лос 3,401197 3,401197
селтик 2,612740 2,612740
будут 0,013423 0,013423
панарин 4,317488 4,317488
новостей 0,006689 0,006689
матча 4,317488 4,317488
зенит 3,624341 3,624341
лучших 1,832581 1,832581
мечта 4,317488 4,317488
очки 3,912023 3,912023
политикой 0,013423 0,040269
матчи 4,317488 4,317488
чемпиона 4,317488 4,317488
матче 2,931194 5,862388
десятку 3,064725 3,064725
обработки 0,013423 0,026846
даю 0,013423 0,026846
отнял 5,010635 5,010635
золото 3,624341 7,248682
обработку 0,013423 0,026846
золоту 5,010635 5,010635
акрон 5,010635 5,010635
обратной 0,013423 0,067115
редакции 0,013423 0,026846
обращений 0,013423 0,013423
вчера 1,576648 11,036537
красная 3,401197 3,401197
пшик 5,010635 5,010635
обработка 0,013423 0,013423
это 0,013423 0,013423
спортсменов 3,624341 3,624341
дефицит 3,624341 3,624341
стычки 5,010635 5,010635
описанием 0,013423 0,013423
новую 0,013423 0,013423
массовых 0,013423 0,013423
лада 2,612740 2,612740
тренер 4,317488 4,317488
пройдена 0,013423 0,013423
шансы 5,010635 5,010635
головину 3,218876 6,437752
звание 4,317488 4,317488
используется 0,013423 0,013423
зашла 5,010635 5,010635
штутгарт 2,612740 2,612740
уничтожить 3,218876 3,218876
зарегистрироваться 0,013423 0,053692
пожаловаться 0,013423 0,013423
новости 0,006689 0,046823
войти 0,013423 0,053692
электронной 0,013423 0,013423
нхл 2,525729 7,577186
анджелес 3,401197 3,401197
эл 0,013423 0,013423
сафонов 5,010635 5,010635
действия 0,013423 0,013423
тренировку 4,317488 4,317488
мира 1,791759 1,791759
фигуриста 5,010635 10,021271
защита 0,013423 0,013423
регистрация 0,013423 0,040269
американская 3,912023 3,912023
почему 0,013423 0,026846
использования 0,013423 0,013423
восстановление 0,013423 0,040269
вопросам 0,013423 0,026846
государственное 0,013423 0,013423
завершен 2,525729 2,525729
дисквалификацию 3,218876 3,218876
вконтакте 0,013423 0,026846
спецпроекты 0,190354 0,190354
просим 0,013423 0,013423
пранкеры 5,010635 5,010635
навсегда 0,013423 0,013423
нарушение 0,013423 0,040269
заблокирован 0,013423 0,013423
поборются 5,010635 5,010635
оренбург 5,010635 5,010635
ошибку 0,013423 0,026846
защиты 0,013423 0,013423
большунова 5,010635 5,010635
блоги 5,010635 5,010635
назад 0,013423 0,067115
обращения 0,013423 0,026846
футболу 3,401197 10,203592
игры 1,791759 1,791759
февраля 0,616186 2,464745
программы 2,525729 2,525729
ошибка 0,013423 0,013423
полная 3,624341 3,624341
вопрос 0,006689 0,006689
буде 5,010635 5,010635
аналитика 2,177422 2,177422
зубовский 0,013423 0,026846
подтверждаете 0,013423 0,013423
стравили 5,010635 5,010635
позора 5,010635 5,010635
рекомендуемое 3,401197 3,401197
заполнить 0,013423 0,026846
соревнования 3,218876 3,218876
осуществляется 0,013423 0,013423
ваш 0,013423 0,053692
имя 0,013423 0,067115
другие 0,013423 0,026846
похоже 2,931194 2,931194
главное 1,752539 3,505078
хоккейная 3,912023 11,736069
титул 2,931194 2,931194
надзору 0,013423 0,013423
срок 0,013423 0,026846
интервью 2,813411 5,626821
издание 0,013423 0,013423
идиотом 5,010635 5,010635
бульвар 0,013423 0,026846
прыжка 5,010635 5,010635
бундеслига 2,612740 5,225480
хотите 0,013423 0,013423
заполните 0,013423 0,067115
технологий 0,013423 0,026846
сетевое 0,013423 0,013423
полуфинальные 3,912023 3,912023
вновь 0,013423 0,013423
сменить 0,013423 0,013423
америкой 3,064725 3,064725
материал 0,013423 0,013423
участвовать 0,013423 0,026846
рубин 5,010635 5,010635
лилль 2,612740 2,612740
сообщить 0,013423 0,013423
успешно 0,013423 0,013423
скриншот 0,013423 0,040269
тутберидзе 5,010635 5,010635
советов 3,218876 3,218876
пишут 3,624341 3,624341
зеленского 2,177422 2,177422
отрекся 5,010635 5,010635
лента 0,006689 0,013378
ак 2,612740 2,612740
балтика 5,010635 5,010635
заблокированы 0,013423 0,013423
спорт 0,190354 0,951769
сфере 0,013423 0,013423
обыграл 3,912023 3,912023
конкуренции 5,010635 5,010635
перерыв 2,525729 2,525729
свидетельство 0,013423 0,013423
правила 0,013423 0,026846
взаимодействия 0,013423 0,026846
известных 2,813411 2,813411
мастера 5,010635 5,010635
франции 3,218876 3,218876
сохранить 0,013423 0,013423
высказался 2,612740 2,612740
информационное 0,013423 0,040269
комментирования 0,013423 0,026846
составе 3,218876 3,218876
допуске 3,218876 3,218876
украинца 4,317488 4,317488
вошел 2,813411 2,813411
зож 2,302585 4,605170
пресс 0,013423 0,026846
кхл 2,525729 12,628643
россии 0,395515 0,395515
применения 0,013423 0,013423
привел 5,010635 5,010635
возможный 2,371578 2,371578
испании 4,317488 4,317488
федеральному 0,013423 0,026846
филиппова 4,317488 4,317488
персональных 0,013423 0,107384
произошла 0,013423 0,013423
игрок 2,813411 2,813411
заставил 4,317488 4,317488
песков 2,445686 2,445686
парень 3,912023 3,912023
дата 0,013423 0,013423
ваше 0,013423 0,107384
сайте 0,013423 0,013423
ваши 0,013423 0,013423
чемпионат 3,401197 10,203592
фио 0,013423 0,013423
восстановить 0,013423 0,013423
пожалуйста 0,013423 0,013423
усика 5,010635 5,010635
пары 4,317488 4,317488
выиграть 4,317488 8,634976
ниже 0,013423 0,040269
версия 0,013423 0,013423
вопроса 0,013423 0,013423
россия 0,006689 0,053512
поля 0,013423 0,093961
позвали 5,010635 5,010635
гусарскими 4,317488 4,317488
свое 2,445686 2,445686
европы 2,238047 2,238047
государственному 0,013423 0,026846
регистрации 0,013423 0,026846
развели 4,317488 4,317488
казахстан 3,218876 3,218876
поле 0,013423 0,013423
сайт 0,013423 0,026846
монстра 5,010635 5,010635
турнира 2,813411 5,626821
называем 5,010635 5,010635
истерика 3,912023 3,912023
сервисы 0,190354 0,190354
зарегистрировано 0,013423 0,013423
другое 0,013423 0,013423
поддерживаетсяполучить 0,013423 0,013423
адрес 0,013423 0,040269
соответствии 0,013423 0,026846
братан 4,317488 4,317488
загрузите 0,013423 0,013423
симоненкокорреспондент 5,010635 5,010635
сообщения 0,013423 0,053692
загрузить 0,013423 0,013423
российских 1,966113 1,966113
направлении 0,013423 0,013423
замеченных 0,013423 0,013423
телефон 0,013423 0,013423
отправки 0,013423 0,013423
унитарному 0,013423 0,026846
прогоне 5,010635 5,010635
паок 2,612740 2,612740
сразятся 3,401197 3,401197
бандеры 5,010635 5,010635
заседании 3,624341 3,624341
сообщение 0,013423 0,134230
выберите 0,013423 0,040269
старые 0,013423 0,013423
сет 2,612740 2,612740
олимпийского 3,912023 3,912023
попробуйте 0,013423 0,013423
мото 2,525729 2,525729
нижний 3,912023 3,912023
планах 2,813411 2,813411
евролига 2,612740 2,612740
национальная 5,010635 5,010635
ростов 4,317488 4,317488
чудом 3,912023 3,912023
медали 5,010635 5,010635
краснодар 4,317488 4,317488
защитой 0,013423 0,026846
статьи 0,013423 0,013423
фенербахче 2,612740 2,612740
подтвердите 0,013423 0,013423
авторизация 0,013423 0,013423
канада 5,010635 5,010635
форма 0,013423 0,013423
логином 0,013423 0,013423
битвой 4,317488 4,317488
сельта 2,612740 2,612740
рейтинг 0,006689 0,006689
галочку 0,013423 0,013423
медаль 2,813411 8,440232
контакты 2,120264 2,120264
перетащите 0,013423 0,040269
материале 0,013423 0,026846
кингз 4,317488 4,317488
материала 0,013423 0,026846
вашего 0,013423 0,013423
паролем 0,013423 0,013423
альпинист 3,064725 3,064725
экспертов 3,064725 3,064725
способы 0,013423 0,026846
зарегистрируйтесь 0,013423 0,013423
обо 0,013423 0,013423
канады 4,317488 4,317488
петросян 3,624341 18,121705
подорвана 5,010635 5,010635
запретил 3,912023 3,912023
дискуссии 0,013423 0,026846
редактор 0,013423 0,013423
фгуп 0,499776 0,499776
нба 2,612740 2,612740
унитарное 0,013423 0,013423
сложной 3,624341 3,624341
презервативов 5,010635 5,010635
сил 2,525729 2,525729
форму 0,013423 0,093961
тема 0,013423 0,040269
спартак 5,010635 5,010635
аллегри 5,010635 5,010635
хачанов 2,612740 2,612740
хоккей 2,238047 15,666326
отправленного 0,013423 0,013423
гол 4,317488 4,317488
связанные 0,013423 0,013423
рекомендательных 0,013423 0,013423
данная 0,013423 0,013423
скандалы 5,010635 10,021271
обратная 0,013423 0,026846
риа 0,006689 0,040134
ски 3,064725 3,064725
серия 2,525729 5,051457
цска 2,813411 5,626821
проставляя 0,013423 0,013423
связанных 0,013423 0,013423
опишите 0,013423 0,013423
заполнения 0,013423 0,093961
россиян 1,919593 1,919593
полезное 0,182322 0,182322
заслуженного 5,010635 5,010635
службе 0,013423 0,013423
защитить 2,813411 2,813411
признали 2,525729 2,525729
релизов 0,013423 0,013423
ореховредактор 5,010635 5,010635
ваших 0,013423 0,026846
андрей 2,445686 4,891372
совета 2,931194 2,931194
матч 2,238047 4,476093
почты 0,013423 0,013423
завоевать 4,317488 4,317488
лыжные 5,010635 10,021271
большунов 5,010635 5,010635
добыл 4,317488 4,317488
агентство 0,013423 0,040269
знает 3,912023 3,912023
ла 2,612740 2,612740
динамо 2,238047 6,714140
жены 4,317488 4,317488
правил 0,013423 0,040269
крылья 3,912023 3,912023
следующие 2,238047 2,238047
авторизоваться 0,013423 0,013423
авторизуйтесь 0,013423 0,013423
определились 4,317488 4,317488
вингеров 3,064725 3,064725
расклад 4,317488 4,317488
поздравил 2,708050 2,708050
норвежца 5,010635 5,010635
олимпийской 3,912023 7,824046
агентства 0,013423 0,013423
сегодня 0,013423 0,080538
расширенный 0,013423 0,013423
агентстве 2,525729 2,525729
лч 5,010635 10,021271
поплыть 5,010635 5,010635
сми 2,177422 2,177422
новыесначала 0,013423 0,013423
судейскую 4,317488 4,317488
иван 3,624341 3,624341
лиги 2,612740 2,612740
глимт 5,010635 5,010635
шапка 0,013423 0,013423
отправить 0,013423 0,147653
продолжить 0,013423 0,013423
решении 0,013423 0,013423
рассказал 1,347074 2,694147
лига 2,371578 23,715780
фабрегаса 5,010635 5,010635
гала 5,010635 5,010635
шевалье 5,010635 5,010635
воспользуйтесь 0,013423 0,040269
пьянки 5,010635 5,010635
корреспондент 5,010635 5,010635
олимпиаде 2,612740 2,612740
участие 0,006689 0,013378
аккаунт 0,013423 0,053692
топ 2,708050 2,708050
смогла 2,931194 2,931194
олимпиада 3,912023 3,912023
обсуждение 0,013423 0,013423
использовать 0,013423 0,013423
опечатка 0,013423 0,013423
барс 2,612740 2,612740
блокировки 0,013423 0,013423
онлайн 0,013423 0,013423
розыгрыш 3,064725 3,064725
контактов 0,013423 0,013423
почта 0,013423 0,080538
апреля 0,013423 0,013423
дегтярев 3,912023 3,912023
таблица 3,401197 3,401197
олимпиады 3,218876 22,532131
инфантино 5,010635 5,010635
фамилия 0,013423 0,013423
звезда 2,612740 2,612740
сенченкокорреспондент 5,010635 5,010635
нами 0,013423 0,093961
яндекс 0,013423 0,026846
российская 2,708050 5,416100
удалили 0,013423 0,040269
либо 0,013423 0,013423
вакансии 0,013423 0,013423
ои 4,317488 4,317488
аккаунту 0,013423 0,013423
проводников 3,064725 3,064725
бой 2,931194 2,931194
открываемого 0,013423 0,026846
нажимая 0,013423 0,013423
катании 5,010635 5,010635
поиск 0,013423 0,013423
вами 0,013423 0,013423
недопустимое 0,013423 0,013423
жулин 5,010635 5,010635
правды 5,010635 5,010635
согласны 0,013423 0,040269
клебо 5,010635 5,010635
истек 0,013423 0,013423
бокс 4,317488 4,317488
катание 2,302585 11,512925
предприятию 0,013423 0,026846
рекламы 0,013423 0,013423
сафонову 5,010635 5,010635
внимание 0,013423 0,013423
мегасенсация 5,010635 5,010635
принимать 0,013423 0,013423
алькарас 2,612740 2,612740
премьер 2,931194 5,862388
сможете 0,013423 0,013423
года 0,006689 0,013378
рекорды 2,813411 2,813411
серебром 5,010635 5,010635
гуменника 5,010635 5,010635
ознакомлены 0,013423 0,013423
избежала 5,010635 5,010635
моих 0,013423 0,026846
предприятие 0,013423 0,013423
форрест 2,612740 2,612740
чемпионов 2,612740 2,612740
обсуждения 0,013423 0,013423
блокировкой 0,013423 0,040269
возьму 3,218876 3,218876
