законным 0,013423 0,013423
новый 0,013423 0,013423
набухания 5,010635 10,021271
найти 0,013423 0,013423
основанием 0,013423 0,013423
письмо 0,013423 0,013423
спасибо 0,013423 0,013423
целой 5,010635 10,021271
текстуру 3,218876 3,218876
согласие 0,013423 0,026846
допускайте 5,010635 10,021271
залейте 3,624341 7,248682
фруктового 3,624341 10,873023
доступ 0,013423 0,026846
содержимое 3,624341 7,248682
миа 0,013423 0,040269
задать 0,013423 0,013423
автору 0,013423 0,013423
чернику 5,010635 10,021271
связаться 0,013423 0,080538
должны 0,013423 0,013423
углеводы 2,445686 2,445686
г 0,013423 0,174499
д 0,013423 0,026846
фото 0,013423 0,026846
политика 0,013423 0,013423
связь 0,006689 0,013378
черника 4,317488 8,634976
готово 0,013423 0,026846
кастрюлю 2,445686 19,565487
течение 0,013423 0,040269
информационных 0,013423 0,013423
оно 2,302585 2,302585
размещения 0,013423 0,013423
мин 2,445686 2,445686
конфиденциальности 0,013423 0,053692
связи 0,013423 0,080538
заголовок 0,013423 0,026846
полного 3,218876 6,437752
шаг 1,875141 15,001129
сложность 2,931194 2,931194
процесса 0,013423 0,013423
готовки 1,919593 1,919593
адресу 0,013423 0,026846
проблему 0,013423 0,013423
рецепты 1,139434 3,418303
время 0,013423 0,026846
данных 0,013423 0,107384
простоте 5,010635 10,021271
письма 0,013423 0,013423
десерт 3,218876 22,532131
часов 0,013423 0,026846
соглашаетесь 0,013423 0,013423
ранее 0,013423 0,013423
восстановления 0,013423 0,013423
быстроте 5,010635 5,010635
главный 0,013423 0,013423
данные 0,013423 0,013423
выпечка 4,317488 8,634976
разблокировать 0,013423 0,040269
город 0,013423 0,013423
фотографию 0,013423 0,013423
обращаем 0,013423 0,013423
легко 1,791759 1,791759
отправлено 0,013423 0,013423
написать 0,013423 0,013423
новостеймолния 0,013423 0,013423
рту 3,624341 3,624341
одноклассники 0,013423 0,026846
сначала 0,013423 0,013423
часа 1,875141 3,750282
показать 0,013423 0,013423
кнопку 0,013423 0,013423
коммуникаций 0,013423 0,013423
кипячения 5,010635 10,021271
пароль 0,013423 0,080538
пароля 0,013423 0,053692
разложите 3,912023 7,824046
вымыв 5,010635 10,021271
образуя 5,010635 5,010635
растворится 5,010635 10,021271
перейдите 0,013423 0,013423
калорийность 2,120264 2,120264
вход 0,013423 0,013423
закрыто 0,013423 0,013423
удалено 0,013423 0,013423
ккал 2,302585 2,302585
сколько 0,006689 0,006689
гаврилова 0,013423 0,013423
материалов 0,013423 0,040269
отправлена 0,013423 0,013423
чате 0,013423 0,013423
яблочный 4,317488 8,634976
расположенному 0,013423 0,026846
чату 0,013423 0,013423
редакцией 0,013423 0,013423
смесь 2,445686 9,782744
полностью 2,014903 4,029806
ягодами 3,401197 6,802395
учредитель 0,013423 0,013423
рассмотрены 0,013423 0,013423
простые 1,752539 1,752539
мое 0,013423 0,026846
сочетает 3,218876 3,218876
ссылка 0,013423 0,026846
ссылке 0,013423 0,013423
подготовьте 3,912023 7,824046
перетяните 0,013423 0,013423
ссылки 0,013423 0,013423
помочь 0,013423 0,013423
ошибках 0,013423 0,013423
обязательны 0,013423 0,093961
французская 3,912023 7,824046
выпуска 0,013423 0,013423
списка 0,013423 0,013423
формой 0,013423 0,053692
роскомнадзор 0,013423 0,013423
справится 3,912023 3,912023
взрослых 3,218876 3,218876
блокировался 0,013423 0,013423
преимущество 4,317488 8,634976
москва 0,006689 0,013378
воспользоваться 0,013423 0,013423
входа 0,013423 0,013423
моё 0,013423 0,013423
белки 2,371578 2,371578
федеральное 0,013423 0,013423
федеральной 0,013423 0,013423
продолжая 4,317488 8,634976
международное 0,013423 0,040269
сливками 3,912023 7,824046
оставив 4,317488 8,634976
бокалам 5,010635 10,021271
будут 0,013423 0,013423
новостей 0,006689 0,006689
кулинарного 5,010635 5,010635
маленькую 5,010635 10,021271
политикой 0,013423 0,040269
остатков 5,010635 10,021271
обработки 0,013423 0,026846
желатина 5,010635 10,021271
даю 0,013423 0,026846
обработку 0,013423 0,026846
оформления 2,931194 5,862388
обратной 0,013423 0,067115
редакции 0,013423 0,026846
порции 2,445686 2,445686
обращений 0,013423 0,013423
вкуса 2,445686 4,891372
огонь 2,708050 5,416100
обработка 0,013423 0,013423
это 0,013423 0,040269
застывания 4,317488 8,634976
разрезать 3,624341 7,248682
описанием 0,013423 0,013423
новую 0,013423 0,013423
массовых 0,013423 0,013423
детей 2,302585 2,302585
пройдена 0,013423 0,013423
используется 0,013423 0,013423
деревянной 3,624341 7,248682
зарегистрироваться 0,013423 0,053692
пожаловаться 0,013423 0,013423
новости 0,006689 0,026756
войти 0,013423 0,053692
электронной 0,013423 0,013423
клубнику 4,317488 8,634976
эл 0,013423 0,013423
действия 0,013423 0,013423
идеально 2,612740 5,225480
защита 0,013423 0,013423
приготовленным 5,010635 10,021271
регистрация 0,013423 0,040269
почему 0,013423 0,013423
использованию 4,317488 4,317488
клубника 4,317488 8,634976
использования 0,013423 0,013423
восстановление 0,013423 0,040269
вопросам 0,013423 0,026846
государственное 0,013423 0,013423
ягоды 3,064725 15,323626
вконтакте 0,013423 0,026846
затем 1,791759 3,583519
просим 0,013423 0,013423
навсегда 0,013423 0,013423
нарушение 0,013423 0,040269
заблокирован 0,013423 0,013423
ошибку 0,013423 0,013423
защиты 0,013423 0,013423
компонентов 3,912023 3,912023
нежную 4,317488 4,317488
назад 0,013423 0,067115
обращения 0,013423 0,026846
минут 1,297063 9,079443
ошибка 0,013423 0,013423
практически 2,445686 2,445686
помешивайте 5,010635 10,021271
фруктовое 4,317488 25,904929
вопрос 0,006689 0,006689
слабый 4,317488 8,634976
зубовский 0,013423 0,026846
подтверждаете 0,013423 0,013423
заполнить 0,013423 0,026846
малиновый 5,010635 10,021271
осуществляется 0,013423 0,013423
ваш 0,013423 0,053692
имя 0,013423 0,067115
другие 0,013423 0,026846
надзору 0,013423 0,013423
срок 0,013423 0,026846
соки 4,317488 4,317488
издание 0,013423 0,013423
половинки 3,912023 7,824046
бульвар 0,013423 0,026846
хотите 0,013423 0,013423
заполните 0,013423 0,067115
технологий 0,013423 0,026846
влейте 3,912023 7,824046
сока 3,912023 7,824046
сетевое 0,013423 0,013423
блюда 2,177422 4,354844
вновь 0,013423 0,013423
сменить 0,013423 0,013423
самый 2,177422 4,354844
материал 0,013423 0,013423
участвовать 0,013423 0,026846
сообщить 0,013423 0,013423
процедите 5,010635 10,021271
любого 3,064725 6,129450
успешно 0,013423 0,013423
скриншот 0,013423 0,040269
освежающий 3,064725 15,323626
лента 0,006689 0,013378
снимите 3,624341 7,248682
ароматную 5,010635 5,010635
заблокированы 0,013423 0,013423
сфере 0,013423 0,013423
свидетельство 0,013423 0,013423
подготовленным 4,317488 8,634976
правила 0,013423 0,026846
взаимодействия 0,013423 0,026846
ложки 2,931194 5,862388
сохранить 0,013423 0,013423
информационное 0,013423 0,040269
комментирования 0,013423 0,026846
рецептыпростые 2,813411 2,813411
оставшийся 4,317488 8,634976
пресс 0,013423 0,013423
применения 0,013423 0,013423
федеральному 0,013423 0,026846
персональных 0,013423 0,107384
произошла 0,013423 0,013423
ценность 2,302585 2,302585
дата 0,013423 0,013423
ваше 0,013423 0,107384
сайте 0,013423 0,013423
ваши 0,013423 0,013423
фио 0,013423 0,013423
оставить 2,445686 4,891372
восстановить 0,013423 0,013423
пожалуйста 0,013423 0,013423
дополнительными 5,010635 10,021271
ниже 0,013423 0,040269
версия 0,013423 0,013423
вопроса 0,013423 0,013423
россия 0,006689 0,053512
поля 0,013423 0,093961
помешивать 5,010635 10,021271
налейте 4,317488 8,634976
государственному 0,013423 0,026846
регистрации 0,013423 0,026846
отправьте 4,317488 8,634976
поле 0,013423 0,013423
сайт 0,013423 0,026846
выразительного 5,010635 10,021271
зарегистрировано 0,013423 0,013423
другое 0,013423 0,013423
французской 3,064725 6,129450
поддерживаетсяполучить 0,013423 0,013423
адрес 0,013423 0,040269
соответствии 0,013423 0,026846
загрузите 0,013423 0,013423
двух 2,014903 4,029806
сообщения 0,013423 0,053692
дополнит 4,317488 8,634976
загрузить 0,013423 0,013423
направлении 0,013423 0,013423
тает 3,912023 3,912023
замеченных 0,013423 0,013423
телефон 0,013423 0,013423
отправки 0,013423 0,013423
пока 1,919593 3,839186
сухой 3,218876 6,437752
унитарному 0,013423 0,026846
добавьте 2,708050 5,416100
ложкой 3,064725 6,129450
сообщение 0,013423 0,134230
выберите 0,013423 0,040269
старые 0,013423 0,013423
попробуйте 0,013423 0,013423
защитой 0,013423 0,026846
статьи 0,013423 0,013423
подтвердите 0,013423 0,013423
авторизация 0,013423 0,013423
форма 0,013423 0,013423
логином 0,013423 0,013423
рейтинг 0,006689 0,006689
галочку 0,013423 0,013423
порционным 3,912023 7,824046
перетащите 0,013423 0,040269
материале 0,013423 0,026846
материала 0,013423 0,026846
вашего 0,013423 0,013423
паролем 0,013423 0,013423
любое 2,931194 5,862388
способы 0,013423 0,026846
зарегистрируйтесь 0,013423 0,013423
обо 0,013423 0,013423
украсить 2,931194 5,862388
дискуссии 0,013423 0,026846
редактор 0,013423 0,013423
фгуп 0,499776 0,499776
унитарное 0,013423 0,013423
желатин 5,010635 30,063812
форму 0,013423 0,093961
тема 0,013423 0,040269
отправленного 0,013423 0,013423
связанные 0,013423 0,013423
рекомендательных 0,013423 0,013423
готовую 3,624341 7,248682
тщательно 2,445686 4,891372
данная 0,013423 0,013423
обратная 0,013423 0,026846
риа 0,006689 0,026756
проставляя 0,013423 0,013423
связанных 0,013423 0,013423
опишите 0,013423 0,013423
заполнения 0,013423 0,093961
взбитыми 5,010635 10,021271
нерастворившегося 5,010635 10,021271
кухни 1,832581 3,665163
приготовлением 3,624341 3,624341
службе 0,013423 0,013423
осторожно 3,912023 7,824046
жидкость 3,624341 7,248682
релизов 0,013423 0,013423
ваших 0,013423 0,026846
кухня 1,832581 1,832581
почты 0,013423 0,013423
подачей 3,218876 6,437752
который 1,160488 2,320975
избавиться 3,624341 7,248682
легкий 3,064725 15,323626
холодильник 3,218876 6,437752
агентство 0,013423 0,040269
приготовление 1,966113 1,966113
правил 0,013423 0,040269
авторизоваться 0,013423 0,013423
авторизуйтесь 0,013423 0,013423
агентства 0,013423 0,013423
сегодня 0,013423 0,080538
расширенный 0,013423 0,013423
сито 3,401197 6,802395
столовые 3,624341 7,248682
новыесначала 0,013423 0,013423
слабом 3,401197 6,802395
приготовления 1,791759 1,791759
таком 3,218876 6,437752
мл 2,612740 10,450960
шапка 0,013423 0,013423
примерно 2,177422 4,354844
отправить 0,013423 0,147653
продолжить 0,013423 0,013423
решении 0,013423 0,013423
свежие 2,708050 8,124151
благодаря 2,302585 2,302585
натуральные 3,624341 3,624341
воспользуйтесь 0,013423 0,040269
участие 0,006689 0,006689
архивное 1,373049 1,373049
выбранного 5,010635 10,021271
аккаунт 0,013423 0,053692
обсуждение 0,013423 0,013423
использовать 0,013423 0,013423
опечатка 0,013423 0,013423
каждый 2,120264 2,120264
блокировки 0,013423 0,013423
которая 1,643339 1,643339
онлайн 0,013423 0,013423
опыта 3,624341 3,624341
контактов 0,013423 0,013423
почта 0,013423 0,080538
желе 3,912023 46,944276
рецепт 1,544899 4,634698
апреля 0,013423 0,013423
фамилия 0,013423 0,013423
категория 1,875141 1,875141
сок 2,931194 17,587163
формам 5,010635 10,021271
нами 0,013423 0,093961
яндекс 0,013423 0,026846
удалили 0,013423 0,040269
либо 0,013423 0,013423
жиры 2,371578 2,371578
вакансии 0,013423 0,013423
аккаунту 0,013423 0,013423
открываемого 0,013423 0,026846
нажимая 0,013423 0,013423
поиск 0,013423 0,013423
вами 0,013423 0,040269
недопустимое 0,013423 0,013423
согласны 0,013423 0,040269
истек 0,013423 0,013423
предприятию 0,013423 0,026846
рекламы 0,013423 0,013423
поставьте 3,624341 7,248682
внимание 0,013423 0,013423
принимать 0,013423 0,013423
застолье 4,317488 8,634976
огня 2,708050 5,416100
сможете 0,013423 0,013423
года 0,006689 0,006689
малина 5,010635 10,021271
подходит 2,525729 2,525729
пищевая 2,371578 2,371578
ознакомлены 0,013423 0,013423
постоянно 2,371578 4,743156
ингредиенты 1,919593 1,919593
огне 2,708050 5,416100
моих 0,013423 0,026846
малину 5,010635 10,021271
предприятие 0,013423 0,013423
перемешайте 3,218876 6,437752
обсуждения 0,013423 0,013423
натуральных 4,317488 4,317488
блокировкой 0,013423 0,040269
