отруби 4,317488 25,904929
законным 0,013423 0,013423
новый 0,013423 0,013423
найти 0,013423 0,013423
основанием 0,013423 0,013423
письмо 0,013423 0,013423
спасибо 0,013423 0,013423
композиции 5,010635 10,021271
воды 2,445686 4,891372
согласие 0,013423 0,026846
доступ 0,013423 0,026846
воду 2,302585 9,210340
миа 0,013423 0,040269
задать 0,013423 0,013423
автору 0,013423 0,013423
связаться 0,013423 0,080538
вода 2,525729 5,051457
должны 0,013423 0,013423
углеводы 2,445686 2,445686
г 0,013423 0,067115
д 0,013423 0,026846
впитала 5,010635 10,021271
фото 0,013423 0,013423
политика 0,013423 0,013423
связь 0,006689 0,013378
готово 0,013423 0,026846
кастрюлю 2,445686 14,674116
течение 0,013423 0,013423
ч 2,612740 2,612740
полейте 5,010635 10,021271
информационных 0,013423 0,013423
оно 2,302585 4,605170
размещения 0,013423 0,013423
конфиденциальности 0,013423 0,053692
готова 3,401197 6,802395
связи 0,013423 0,080538
заголовок 0,013423 0,026846
шаг 1,875141 13,125988
процесса 0,013423 0,013423
готовки 1,919593 1,919593
адресу 0,013423 0,026846
проблему 0,013423 0,013423
рецепты 1,139434 2,278869
классический 2,014903 4,029806
время 0,013423 0,026846
данных 0,013423 0,107384
письма 0,013423 0,013423
часов 0,013423 0,026846
соглашаетесь 0,013423 0,013423
ранее 0,013423 0,013423
восстановления 0,013423 0,013423
главный 0,013423 0,013423
данные 0,013423 0,013423
разблокировать 0,013423 0,040269
город 0,013423 0,013423
фотографию 0,013423 0,013423
обращаем 0,013423 0,013423
отправлено 0,013423 0,013423
написать 0,013423 0,013423
новостеймолния 0,013423 0,013423
одноклассники 0,013423 0,026846
сначала 0,013423 0,013423
помешивая 3,401197 6,802395
показать 0,013423 0,013423
кнопку 0,013423 0,013423
коммуникаций 0,013423 0,013423
пароль 0,013423 0,080538
пароля 0,013423 0,053692
перейдите 0,013423 0,013423
калорийность 2,120264 2,120264
вход 0,013423 0,013423
закрыто 0,013423 0,013423
удалено 0,013423 0,013423
ккал 2,302585 2,302585
сколько 0,006689 0,006689
гаврилова 0,013423 0,013423
материалов 0,013423 0,040269
отправлена 0,013423 0,013423
чате 0,013423 0,013423
расположенному 0,013423 0,026846
чату 0,013423 0,013423
редакцией 0,013423 0,013423
смесь 2,445686 4,891372
плиту 3,912023 7,824046
учредитель 0,013423 0,013423
рассмотрены 0,013423 0,013423
мое 0,013423 0,026846
сочетает 3,218876 6,437752
ссылка 0,013423 0,026846
нежной 3,912023 7,824046
ссылке 0,013423 0,013423
нужной 3,912023 7,824046
перетяните 0,013423 0,013423
ссылки 0,013423 0,013423
помочь 0,013423 0,013423
ошибках 0,013423 0,013423
обязательны 0,013423 0,093961
шт 2,238047 8,952186
отрубей 4,317488 8,634976
выпуска 0,013423 0,013423
списка 0,013423 0,013423
формой 0,013423 0,053692
роскомнадзор 0,013423 0,013423
нарезанными 5,010635 10,021271
блокировался 0,013423 0,013423
москва 0,006689 0,020067
воспользоваться 0,013423 0,013423
входа 0,013423 0,013423
моё 0,013423 0,013423
белки 2,371578 2,371578
пригорела 5,010635 10,021271
федеральное 0,013423 0,013423
федеральной 0,013423 0,013423
международное 0,013423 0,040269
завтраков 3,912023 7,824046
будут 0,013423 0,013423
питательность 5,010635 10,021271
новостей 0,006689 0,006689
политикой 0,013423 0,040269
обработки 0,013423 0,026846
даю 0,013423 0,026846
переложите 4,317488 8,634976
вкусу 2,066196 4,132393
консистенции 3,624341 7,248682
обработку 0,013423 0,026846
обратной 0,013423 0,067115
редакции 0,013423 0,026846
порции 2,445686 2,445686
обращений 0,013423 0,013423
вкуса 2,445686 4,891372
огонь 2,708050 5,416100
обработка 0,013423 0,013423
это 0,013423 0,067115
описанием 0,013423 0,013423
новую 0,013423 0,013423
массовых 0,013423 0,013423
пройдена 0,013423 0,013423
используется 0,013423 0,013423
зарегистрироваться 0,013423 0,053692
пожаловаться 0,013423 0,013423
медом 3,624341 7,248682
стакан 3,624341 7,248682
новости 0,006689 0,033445
войти 0,013423 0,053692
электронной 0,013423 0,013423
эл 0,013423 0,013423
действия 0,013423 0,013423
защита 0,013423 0,013423
регистрация 0,013423 0,040269
яблоко 5,010635 10,021271
американская 3,912023 7,824046
почему 0,013423 0,013423
использования 0,013423 0,013423
восстановление 0,013423 0,040269
вопросам 0,013423 0,026846
государственное 0,013423 0,013423
яблока 5,010635 10,021271
вконтакте 0,013423 0,026846
просим 0,013423 0,013423
навсегда 0,013423 0,013423
нарушение 0,013423 0,040269
заблокирован 0,013423 0,013423
ошибку 0,013423 0,013423
защиты 0,013423 0,013423
назад 0,013423 0,067115
обращения 0,013423 0,026846
ошибка 0,013423 0,013423
вопрос 0,006689 0,006689
овсяной 4,317488 12,952464
зубовский 0,013423 0,026846
подтверждаете 0,013423 0,013423
предпочтений 3,218876 6,437752
заполнить 0,013423 0,026846
осуществляется 0,013423 0,013423
ваш 0,013423 0,053692
имя 0,013423 0,067115
другие 0,013423 0,026846
надзору 0,013423 0,013423
срок 0,013423 0,026846
издание 0,013423 0,013423
бульвар 0,013423 0,026846
хотите 0,013423 0,013423
заполните 0,013423 0,067115
половинку 4,317488 8,634976
технологий 0,013423 0,026846
сетевое 0,013423 0,013423
вновь 0,013423 0,013423
сменить 0,013423 0,013423
материал 0,013423 0,013423
участвовать 0,013423 0,026846
сообщить 0,013423 0,013423
успешно 0,013423 0,013423
скриншот 0,013423 0,040269
лента 0,006689 0,013378
снимите 3,624341 7,248682
распределить 3,401197 6,802395
завтрак 3,912023 15,648092
кубики 3,401197 6,802395
заблокированы 0,013423 0,013423
сфере 0,013423 0,013423
свидетельство 0,013423 0,013423
правила 0,013423 0,026846
взаимодействия 0,013423 0,026846
тарелку 3,912023 7,824046
сохранить 0,013423 0,013423
информационное 0,013423 0,040269
комментирования 0,013423 0,026846
фруктами 3,624341 32,619068
пресс 0,013423 0,013423
применения 0,013423 0,013423
федеральному 0,013423 0,026846
сливочное 3,401197 6,802395
персональных 0,013423 0,107384
поможет 2,525729 5,051457
произошла 0,013423 0,013423
ценность 2,302585 2,302585
дата 0,013423 0,013423
ваше 0,013423 0,107384
сайте 0,013423 0,013423
ваши 0,013423 0,013423
впитают 5,010635 10,021271
фио 0,013423 0,013423
восстановить 0,013423 0,013423
пожалуйста 0,013423 0,013423
кусочки 2,931194 5,862388
ниже 0,013423 0,040269
версия 0,013423 0,013423
вопроса 0,013423 0,013423
россия 0,006689 0,053512
поля 0,013423 0,093961
государственному 0,013423 0,026846
ломтики 3,624341 7,248682
регистрации 0,013423 0,026846
сделает 3,218876 6,437752
бананов 3,912023 7,824046
поле 0,013423 0,013423
сайт 0,013423 0,026846
правильно 2,066196 4,132393
зарегистрировано 0,013423 0,013423
другое 0,013423 0,013423
поддерживаетсяполучить 0,013423 0,013423
адрес 0,013423 0,040269
соответствии 0,013423 0,026846
загрузите 0,013423 0,013423
достигнут 5,010635 10,021271
яблок 4,317488 8,634976
сообщения 0,013423 0,053692
загрузить 0,013423 0,013423
направлении 0,013423 0,013423
замеченных 0,013423 0,013423
телефон 0,013423 0,013423
отправки 0,013423 0,013423
унитарному 0,013423 0,026846
добавьте 2,708050 10,832201
сообщение 0,013423 0,134230
её 3,064725 12,258901
выберите 0,013423 0,040269
старые 0,013423 0,013423
масла 3,064725 6,129450
попробуйте 0,013423 0,013423
масло 2,302585 4,605170
защитой 0,013423 0,026846
статьи 0,013423 0,013423
подтвердите 0,013423 0,013423
авторизация 0,013423 0,013423
бананы 3,912023 7,824046
форма 0,013423 0,013423
логином 0,013423 0,013423
рейтинг 0,006689 0,006689
галочку 0,013423 0,013423
перетащите 0,013423 0,040269
материале 0,013423 0,026846
материала 0,013423 0,026846
мягкость 3,624341 7,248682
вашего 0,013423 0,013423
паролем 0,013423 0,013423
способы 0,013423 0,026846
банана 4,317488 8,634976
зарегистрируйтесь 0,013423 0,013423
обо 0,013423 0,013423
кусочек 3,912023 7,824046
дискуссии 0,013423 0,026846
рецептырецепты 1,875141 1,875141
редактор 0,013423 0,013423
фгуп 0,499776 0,499776
унитарное 0,013423 0,013423
придаст 3,218876 6,437752
удобные 5,010635 10,021271
форму 0,013423 0,093961
тема 0,013423 0,040269
отправленного 0,013423 0,013423
нарежьте 3,064725 6,129450
связанные 0,013423 0,013423
рекомендательных 0,013423 0,013423
сделать 1,752539 3,505078
данная 0,013423 0,013423
следите 4,317488 8,634976
обратная 0,013423 0,026846
риа 0,006689 0,033445
проставляя 0,013423 0,013423
связанных 0,013423 0,013423
опишите 0,013423 0,013423
заполнения 0,013423 0,093961
службе 0,013423 0,013423
жидкость 3,624341 7,248682
релизов 0,013423 0,013423
ваших 0,013423 0,026846
кухня 1,832581 1,832581
почты 0,013423 0,013423
кашу 4,317488 17,269952
который 1,160488 2,320975
агентство 0,013423 0,040269
приготовление 1,966113 1,966113
правил 0,013423 0,040269
каши 3,912023 11,736069
мар 2,931194 2,931194
авторизоваться 0,013423 0,013423
авторизуйтесь 0,013423 0,013423
ароматной 5,010635 10,021271
каше 5,010635 10,021271
каша 3,912023 39,120230
выбрать 2,612740 5,225480
насыпьте 5,010635 10,021271
агентства 0,013423 0,013423
сегодня 0,013423 0,080538
расширенный 0,013423 0,013423
овсяных 5,010635 10,021271
сладостью 4,317488 8,634976
новыесначала 0,013423 0,013423
зависимости 2,014903 4,029806
приготовления 1,791759 5,375278
вкусовой 3,912023 7,824046
овсяные 4,317488 17,269952
мл 2,612740 5,225480
шапка 0,013423 0,013423
отправить 0,013423 0,147653
продолжить 0,013423 0,013423
решении 0,013423 0,013423
воспользуйтесь 0,013423 0,040269
участие 0,006689 0,006689
сливочного 3,912023 7,824046
аккаунт 0,013423 0,053692
обсуждение 0,013423 0,013423
использовать 0,013423 0,013423
опечатка 0,013423 0,013423
свежих 3,624341 7,248682
блокировки 0,013423 0,013423
онлайн 0,013423 0,013423
контактов 0,013423 0,013423
овсяная 5,010635 35,074447
почта 0,013423 0,080538
рецепт 1,544899 4,634698
апреля 0,013423 0,013423
фамилия 0,013423 0,013423
категория 1,875141 1,875141
количество 2,238047 4,476093
нами 0,013423 0,093961
яндекс 0,013423 0,026846
удалили 0,013423 0,040269
либо 0,013423 0,013423
жиры 2,371578 2,371578
вакансии 0,013423 0,013423
аккаунту 0,013423 0,013423
открываемого 0,013423 0,026846
нажимая 0,013423 0,013423
поиск 0,013423 0,013423
вами 0,013423 0,013423
недопустимое 0,013423 0,013423
согласны 0,013423 0,040269
умеренный 5,010635 10,021271
мед 3,401197 6,802395
истек 0,013423 0,013423
предприятию 0,013423 0,026846
рекламы 0,013423 0,013423
поставьте 3,624341 7,248682
внимание 0,013423 0,013423
принимать 0,013423 0,013423
огня 2,708050 5,416100
сможете 0,013423 0,013423
года 0,006689 0,006689
пищевая 2,371578 2,371578
ознакомлены 0,013423 0,013423
завершения 2,931194 5,862388
постоянно 2,371578 4,743156
ингредиенты 1,919593 1,919593
моих 0,013423 0,026846
предприятие 0,013423 0,013423
необходимое 3,912023 7,824046
украсьте 5,010635 10,021271
обсуждения 0,013423 0,013423
блокировкой 0,013423 0,040269
