蟹邪泻芯薪薪褘屑 0,013423 0,013423
褉褎 1,181994 1,181994
斜褍写写懈泄褋泻懈械 5,010635 10,021271
薪芯胁褘泄 0,013423 0,040269
写械薪褜 1,203973 2,407946
薪邪泄褌懈 0,013423 0,013423
芯褋薪芯胁邪薪懈械屑 0,013423 0,013423
锌懈褋褜屑芯 0,013423 0,013423
褋锌邪褋懈斜芯 0,013423 0,013423
屑邪褋谢械薪懈褑褍 2,612740 2,612740
锌芯谢褍褔懈谢懈 2,525729 2,525729
屑懈褉械邪褉屑械薪懈褟械褉械胁邪薪褉芯褋褋懈褟谐邪褉械谐懈薪 5,010635 5,010635
胁芯泻褉褍谐 3,064725 6,129450
褉芯褕 5,010635 5,010635
蟹邪褟胁懈谢 1,427116 7,135582
锌芯谢锌褉械写 5,010635 5,010635
褋芯谐谢邪褋懈械 0,013423 0,026846
锌懈褌褜 4,317488 4,317488
褑械薪褌褉 0,190354 0,190354
褋芯褌褉褍写薪懈泻懈 3,218876 6,437752
褉械谢懈谐懈褟锌褉芯懈褋褕械褋褌胁懈褟褔械谢褟斜懈薪褋泻 5,010635 5,010635
写芯褋褌褍锌 0,013423 0,026846
写械泻邪斜褉褟 1,098612 2,197225
胁芯写褍 2,302585 2,302585
屑懈邪 0,013423 0,026846
泄芯褉泻 3,064725 3,064725
蟹邪写邪褌褜 0,013423 0,013423
褌械谐懈 0,190354 0,190354
谢褞写械泄 2,445686 2,445686
邪胁褌芯褉褍 0,013423 0,013423
褋胁褟蟹邪褌褜褋褟 0,013423 0,080538
褋械泻褉械褌邪褉褜 3,064725 3,064725
写芯谢卸薪褘 0,013423 0,013423
谐 0,013423 0,026846
写 0,013423 0,026846
褉械泻谢邪屑邪 0,190354 0,190354
褎芯褌芯 0,013423 0,013423
褉锌褑 3,624341 21,746046
锌芯谢懈褌懈泻邪 0,013423 0,026846
褋懈谢褘 2,014903 2,014903
褋胁褟蟹褜 0,006689 0,013378
谐芯褌芯胁芯 0,013423 0,026846
褋褍写 2,066196 2,066196
褌械褔械薪懈械 0,013423 0,013423
褋械蟹芯薪 3,401197 3,401197
懈薪褎芯褉屑邪褑懈芯薪薪褘褏 0,013423 0,013423
褉械锌芯褉褌邪卸懈 5,010635 5,010635
薪邪蟹胁邪谢 1,875141 3,750282
褉邪蟹屑械褖械薪懈褟 0,013423 0,013423
褋懈谢芯泄 4,317488 8,634976
泻芯薪褎懈写械薪褑懈邪谢褜薪芯褋褌懈 0,013423 0,053692
褋胁褟蟹懈 0,013423 0,080538
蟹邪谐芯谢芯胁芯泻 0,013423 0,026846
邪锌械谢谢褟褑懈芯薪薪邪褟 3,912023 3,912023
芯褋胁芯斜芯写懈谢邪 3,912023 3,912023
锌芯卸懈谢褘屑 5,010635 10,021271
锌褉芯褑械褋褋邪 0,013423 0,013423
邪写褉械褋褍 0,013423 0,026846
锌褉芯斜谢械屑褍 0,013423 0,013423
褖械谐芯谢械胁褋械褉谐械泄 5,010635 5,010635
蟹谢芯泄 5,010635 5,010635
褌褑泻 4,317488 8,634976
胁褉械屑褟 0,013423 0,026846
写邪薪薪褘褏 0,013423 0,107384
薪邪蟹褘胁邪褌褜 3,401197 3,401197
屑械写懈邪褋褎械褉械 4,317488 4,317488
锌懈褋褜屑邪 0,013423 0,013423
芯褌屑械褌褟褌 3,624341 3,624341
褔邪褋芯胁 0,013423 0,026846
褋芯谐谢邪褕邪械褌械褋褜 0,013423 0,013423
懈屑械薪邪 3,624341 3,624341
薪芯胁褘屑 3,218876 12,875503
褋邪薪谐褏懈 5,010635 10,021271
褉邪薪械械 0,013423 0,013423
胁芯褋褋褌邪薪芯胁谢械薪懈褟 0,013423 0,013423
褍泻邪蟹褘胁邪褞褌 4,317488 4,317488
谐谢邪胁薪褘泄 0,013423 0,013423
褋懈褌褍邪褑懈褟 3,218876 3,218876
写邪薪薪褘械 0,013423 0,013423
褕邪薪邪 5,010635 5,010635
褉邪蟹斜谢芯泻懈褉芯胁邪褌褜 0,013423 0,040269
谐芯褉芯写 0,013423 0,026846
锌褉懈蟹胁邪谢 2,813411 5,626821
褉械谢懈谐懈褟邪褉屑械薪懈褟褉芯褋褋懈褟褋邪屑胁械谢 5,010635 5,010635
芯写薪芯屑 2,931194 5,862388
懈褖械褌 3,624341 3,624341
褎芯褌芯谐褉邪褎懈褞 0,013423 0,013423
谢邪蟹邪褉 4,317488 4,317488
芯斜褉邪褖邪械屑 0,013423 0,013423
褉械谢懈谐懈褟薪褜褞 5,010635 5,010635
褏邪 5,010635 5,010635
芯褌锌褉邪胁谢械薪芯 0,013423 0,013423
薪邪锌懈褋邪褌褜 0,013423 0,013423
薪芯胁芯褋褌械泄屑芯谢薪懈褟 0,013423 0,013423
褍泻褉邪懈薪械 1,427116 2,854233
芯斜胁懈薪懈谢懈 4,317488 4,317488
芯写薪芯泻谢邪褋褋薪懈泻懈 0,013423 0,026846
褋薪邪褔邪谢邪 0,013423 0,013423
褍泻褉邪懈薪褘 1,832581 1,832581
锌芯泻邪蟹邪褌褜 0,013423 0,013423
泻薪芯锌泻褍 0,013423 0,013423
泻芯屑屑褍薪懈泻邪褑懈泄 0,013423 0,013423
薪械褔懈褋褌褜褞 5,010635 10,021271
锌邪褉芯谢褜 0,013423 0,080538
锌邪褉芯谢褟 0,013423 0,053692
胁褘褋褌邪胁泻懈 3,624341 7,248682
锌械褉械泄写懈褌械 0,013423 0,013423
芯锌芯褉褘 3,624341 3,624341
泻懈械胁械 2,612740 2,612740
胁褏芯写 0,013423 0,013423
锌褉芯写褍泻褌褘 0,150823 0,150823
蟹邪泻褉褘褌芯 0,013423 0,013423
褍写邪谢械薪芯 0,013423 0,013423
斜芯谐械 4,317488 4,317488
褋泻芯谢褜泻芯 0,006689 0,006689
谐邪胁褉懈谢芯胁邪 0,013423 0,013423
屑邪褌械褉懈邪谢芯胁 0,013423 0,053692
芯褌锌褉邪胁谢械薪邪 0,013423 0,013423
褔邪褌械 0,013423 0,013423
褉邪褋泻褉褘谢懈 3,624341 3,624341
褉械谢懈谐懈褟褉褍褋褋泻邪褟 5,010635 10,021271
褉邪褋锌芯谢芯卸械薪薪芯屑褍 0,013423 0,026846
褔邪褌褍 0,013423 0,013423
泻邪褌芯谢懈褔械褋泻芯泄 4,317488 4,317488
褉械写邪泻褑懈械泄 0,013423 0,013423
斜褍写写懈泄褋泻芯泄 5,010635 10,021271
褋褍写褜懈 4,317488 8,634976
褍谐谢褍斜谢褟褌褜褋褟 4,317488 8,634976
褍褔褉械写懈褌械谢褜 0,013423 0,013423
褉械谢懈谐懈褟褉械谢懈谐懈褟屑芯褋泻胁邪泻懈褌邪泄屑芯褋泻芯胁褋泻懈泄 5,010635 5,010635
褉邪褋褋屑芯褌褉械薪褘 0,013423 0,013423
褉芯卸写械褋褌胁邪 3,912023 3,912023
屑芯械 0,013423 0,026846
褋褋褘谢泻邪 0,013423 0,026846
锌褉械写褉械泻谢懈 5,010635 10,021271
斜械褉谢 4,317488 4,317488
褉械谢懈谐懈褟胁 5,010635 10,021271
褋褋褘谢泻械 0,013423 0,013423
锌械褉械褌褟薪懈褌械 0,013423 0,013423
褋褋褘谢泻懈 0,013423 0,013423
屑邪褋谢械薪懈褑褘 3,064725 3,064725
锌芯屑芯褔褜 0,013423 0,013423
邪褉褏懈胁 0,190354 0,190354
褌褞褉械屑薪褘褏 3,912023 3,912023
泻褍褉斜邪薪 4,317488 8,634976
褉械谢懈谐懈褟锌邪褌褉懈邪褉褏 5,010635 5,010635
懈褞谢褟 1,791759 5,375278
芯褕懈斜泻邪褏 0,013423 0,013423
褋胁褟褖械薪薪懈泻邪 5,010635 10,021271
芯斜褟蟹邪褌械谢褜薪褘 0,013423 0,093961
褋芯褎懈懈 5,010635 5,010635
泻芯屑懈褌械褌邪 3,218876 3,218876
胁褘锌褍褋泻邪 0,013423 0,013423
褋锌懈褋泻邪 0,013423 0,013423
褎芯褉屑芯泄 0,013423 0,053692
褉芯褋泻芯屑薪邪写蟹芯褉 0,013423 0,013423
谐邪胁褉懈谢芯胁褉褍褋褋泻邪褟 5,010635 5,010635
斜谢芯泻懈褉芯胁邪谢褋褟 0,013423 0,013423
褉锌褑蟹 4,317488 4,317488
屑芯褋泻胁械 1,118815 1,118815
屑芯褋泻胁邪 0,006689 0,013378
胁芯褋锌芯谢褜蟹芯胁邪褌褜褋褟 0,013423 0,013423
褉械谢懈谐懈褟褉芯褋褋懈褟胁谢邪写懈屑懈褉 5,010635 10,021271
锌邪褉邪屑 5,010635 10,021271
胁褏芯写邪 0,013423 0,013423
屑懈谐褉邪薪褌芯胁 5,010635 5,010635
屑芯褢 0,013423 0,013423
褎械写械褉邪谢褜薪芯械 0,013423 0,013423
褉械谢懈谐懈褟屑芯褋泻胁邪屑懈褏邪懈谢 5,010635 5,010635
褎械写械褉邪谢褜薪芯泄 0,013423 0,013423
芯褋芯斜械薪薪芯 2,612740 2,612740
屑械卸写褍薪邪褉芯写薪芯械 0,013423 0,040269
锌褑褍 5,010635 10,021271
芯锌邪褋薪芯褋褌懈 3,624341 3,624341
斜褍写褍褌 0,013423 0,013423
锌芯薪械褋褍褌 5,010635 10,021271
薪芯胁芯褋褌械泄 0,006689 0,006689
泻懈褕懈薪械胁邪 3,912023 3,912023
锌褉邪胁芯褋谢邪胁薪邪褟 2,612740 20,901920
锌芯谢懈褌懈泻芯泄 0,013423 0,040269
泻谢懈褉懈泻 4,317488 8,634976
芯斜褉邪斜芯褌泻懈 0,013423 0,026846
写邪褞 0,013423 0,026846
褍泻褉邪懈薪褋泻懈褏 3,401197 3,401197
芯斜褉邪斜芯褌泻褍 0,013423 0,026846
芯斜褉邪褌薪芯泄 0,013423 0,067115
锌芯写泻邪褋褌褘 0,292136 0,292136
褉械写邪泻褑懈懈 0,013423 0,026846
褋胁械褉褕懈褌褋褟 5,010635 10,021271
芯斜褉邪褖械薪懈泄 0,013423 0,013423
胁褔械褉邪 1,576648 14,189833
芯斜褖懈薪邪 4,317488 8,634976
芯斜褉邪斜芯褌泻邪 0,013423 0,013423
褝褌芯 0,013423 0,053692
褍泻褉邪懈薪褋泻懈泄 2,931194 5,862388
芯褌胁械褌褋褌胁械薪薪芯褋褌褜 3,064725 6,129450
胁芯谢芯褋褘 4,317488 4,317488
芯锌懈褋邪薪懈械屑 0,013423 0,013423
薪芯胁褍褞 0,013423 0,013423
锌械褉械胁械谢 5,010635 5,010635
屑邪褋褋芯胁褘褏 0,013423 0,013423
锌褉芯泄写械薪邪 0,013423 0,013423
褉械谢懈谐懈褟褉芯褋褋懈褟褉邪胁懈谢褜 5,010635 5,010635
锌褍褌懈薪斜褍写写懈蟹屑 5,010635 5,010635
懈褋锌芯谢褜蟹褍械褌褋褟 0,013423 0,013423
屑懈褉芯胁芯蟹蟹褉械薪懈械褉芯褋褋懈褟褉械褋锌褍斜谢懈泻邪 5,010635 5,010635
胁邪褌懈泻邪薪 3,912023 3,912023
褍薪懈褔褌芯卸懈褌褜 3,218876 3,218876
蟹邪褉械谐懈褋褌褉懈褉芯胁邪褌褜褋褟 0,013423 0,053692
锌芯卸邪谢芯胁邪褌褜褋褟 0,013423 0,013423
褋械薪褌褟斜褉褟 1,514128 3,028255
薪芯胁芯褋褌懈 0,006689 0,026756
胁芯泄褌懈 0,013423 0,053692
褌械褖械 4,317488 4,317488
锌褉械胁褉邪褖械薪薪褘泄 5,010635 5,010635
褝谢械泻褌褉芯薪薪芯泄 0,013423 0,013423
谐邪泄薪褍褌写懈薪芯斜褖械褋褌胁芯 5,010635 5,010635
屑芯斜懈谢懈蟹芯胁邪谢懈 5,010635 10,021271
械锌懈褋泻芯锌 5,010635 10,021271
锌褍褌懈薪芯斜褖械褋褌胁芯 5,010635 5,010635
屑懈褉械 0,274437 1,097747
邪褉褏懈械锌懈褋泻芯锌邪 5,010635 10,021271
谐芯写芯屑 3,624341 14,497364
褝谢 0,013423 0,013423
写械泄褋褌胁懈褟 0,013423 0,013423
褑械褉泻芯胁褜锌褉邪胁芯褋谢邪胁薪邪褟 5,010635 5,010635
褉邪写懈芯 0,274437 0,274437
蟹邪褖懈褌邪 0,013423 0,013423
械谢懈蟹邪胁械褌懈薪褋泻懈泄 5,010635 5,010635
褉械谐懈褋褌褉邪褑懈褟 0,013423 0,040269
锌芯褔械屑褍 0,013423 0,053692
懈褋锌芯谢褜蟹芯胁邪薪懈褟 0,013423 0,013423
褏懈写卸邪斜 5,010635 5,010635
胁芯褋褋褌邪薪芯胁谢械薪懈械 0,013423 0,040269
胁芯锌褉芯褋邪屑 0,013423 0,026846
蟹械谢械薪褋泻懈泄褍泻褉邪懈薪褋泻邪褟 5,010635 5,010635
锌邪褌褉懈邪褉褏邪褌胁芯芯褉褍卸械薪薪褘械 5,010635 5,010635
谐芯褋褍写邪褉褋褌胁械薪薪芯械 0,013423 0,013423
褑械褉泻芯胁褜芯斜褖械褋褌胁芯褉械谢懈谐懈褟 5,010635 5,010635
泻邪褉邪锌械褌褟薪邪褉屑褟薪褋泻邪褟 5,010635 15,031906
褉械谢懈谐懈褟褉械褋锌褍斜谢懈泻邪 5,010635 5,010635
胁泻芯薪褌邪泻褌械 0,013423 0,026846
褋锌械褑锌褉芯械泻褌褘 0,190354 0,190354
锌褉芯褋懈屑 0,013423 0,013423
薪邪胁褋械谐写邪 0,013423 0,013423
薪邪褉褍褕械薪懈械 0,013423 0,040269
蟹邪斜谢芯泻懈褉芯胁邪薪 0,013423 0,013423
胁懈蟹邪薪褌懈懈 5,010635 5,010635
褉械谢懈谐懈芯蟹薪褘械 3,218876 3,218876
芯褕懈斜泻褍 0,013423 0,013423
蟹邪褖懈褌褘 0,013423 0,013423
褉械谢懈谐懈褟褍泻褉邪懈薪邪泻懈械胁褉芯褋褋懈褟胁谢邪写懈屑懈褉 5,010635 5,010635
锌褍褌懈薪 1,514128 6,056511
谢邪胁褉邪 5,010635 5,010635
薪邪蟹邪写 0,013423 0,067115
芯斜褉邪褖械薪懈褟 0,013423 0,026846
锌械褉胁褘泄 2,014903 4,029806
褎械胁褉邪谢褟 0,616186 17,869398
泻褉械褋褌薪褘泄 4,317488 4,317488
锌褉芯褌懈胁薪懈泻芯胁 5,010635 10,021271
锌邪褌褉懈邪褉褏邪褌 3,912023 3,912023
芯褕懈斜泻邪 0,013423 0,013423
褋懈薪芯写邪 4,317488 4,317488
胁芯锌褉芯褋 0,006689 0,033445
薪邪褋褌褉芯械薪懈泄 5,010635 5,010635
蟹褍斜芯胁褋泻懈泄 0,013423 0,026846
锌芯写褌胁械褉卸写邪械褌械 0,013423 0,013423
蟹邪锌芯谢薪懈褌褜 0,013423 0,026846
懈屑械薪邪屑懈 4,317488 4,317488
谐谢邪胁薪芯泄 4,317488 4,317488
屑邪褉褌邪 1,678431 1,678431
芯褋褍褖械褋褌胁谢褟械褌褋褟 0,013423 0,013423
胁邪褕 0,013423 0,053692
懈屑褟 0,013423 0,067115
写褉褍谐懈械 0,013423 0,026846
芯斜褖械褋褌胁芯 0,265703 0,265703
邪谢褌邪泄褉械褋锌褍斜谢懈泻邪 5,010635 5,010635
谐谢邪胁薪芯械 1,752539 1,752539
褑械褉泻芯胁褜褉褍褋褋泻邪褟 5,010635 5,010635
薪邪写蟹芯褉褍 0,013423 0,013423
蟹邪锌懈褋泻邪褏 5,010635 5,010635
褋褉芯泻 0,013423 0,026846
懈薪褌械褉胁褜褞 2,813411 2,813411
懈蟹写邪薪懈械 0,013423 0,013423
斜褍褉褟褌懈褟 4,317488 4,317488
斜褍谢褜胁邪褉 0,013423 0,026846
褏芯褌懈褌械 0,013423 0,013423
蟹邪锌芯谢薪懈褌械 0,013423 0,067115
褌械褏薪芯谢芯谐懈泄 0,013423 0,026846
斜邪泄褉邪屑 4,317488 8,634976
褋械褌械胁芯械 0,013423 0,013423
谐褍薪写褟械胁 3,624341 10,873023
胁薪芯胁褜 0,013423 0,013423
褋屑械薪懈褌褜 0,013423 0,013423
屑邪褌械褉懈邪谢 0,013423 0,013423
褍褔邪褋褌胁芯胁邪褌褜 0,013423 0,026846
褋懈屑胁芯谢 4,317488 4,317488
写邪谐械褋褌邪薪械 3,624341 7,248682
褋芯芯斜褖懈褌褜 0,013423 0,013423
屑芯薪邪褏 4,317488 4,317488
泻褉邪褋懈褌褜 3,624341 3,624341
褍褋锌械褕薪芯 0,013423 0,013423
褋泻褉懈薪褕芯褌 0,013423 0,040269
谢械薪褌邪 0,006689 0,013378
邪褉械褋褌 3,218876 3,218876
褉械谢懈谐懈褟褍泻褉邪懈薪邪褉芯褋褋懈褟褍泻褉邪懈薪褋泻邪褟 5,010635 5,010635
芯褌屑械薪褟褞褖懈械 5,010635 10,021271
蟹邪斜谢芯泻懈褉芯胁邪薪褘 0,013423 0,013423
褋锌芯褉褌 0,190354 0,190354
褋褎械褉械 0,013423 0,013423
褑械褉泻芯胁褜 2,708050 10,832201
褋胁懈写械褌械谢褜褋褌胁芯 0,013423 0,013423
锌褉芯褌芯懈械褉械泄 5,010635 5,010635
锌褉邪胁懈谢邪 0,013423 0,026846
斜谢懈卸薪懈屑 5,010635 10,021271
胁蟹邪懈屑芯写械泄褋褌胁懈褟 0,013423 0,026846
谐谢邪胁邪 2,612740 2,612740
谐谢邪胁褍 3,064725 6,129450
褋芯褏褉邪薪懈褌褜 0,013423 0,013423
懈薪褎芯褉屑邪褑懈芯薪薪芯械 0,013423 0,040269
写褍褏芯胁械薪褋褌胁褍 5,010635 5,010635
泻芯屑屑械薪褌懈褉芯胁邪薪懈褟 0,013423 0,026846
褋褌邪谢邪 2,813411 2,813411
褉邪屑邪写邪薪 4,317488 21,587441
锌褉芯褔懈褌邪褌褜 5,010635 15,031906
褋褌邪褉褌芯胁邪谢 3,912023 3,912023
卸械薪褖懈薪 2,445686 2,445686
锌褉械褋褋 0,013423 0,026846
褉芯褋褋懈懈 0,395515 3,559633
锌褉懈屑械薪械薪懈褟 0,013423 0,013423
褉械谢懈谐懈褟褉芯褋褋懈褟锌邪褌褉懈邪褉褏 5,010635 10,021271
锌褉邪胁芯褋谢邪胁薪褘械 3,624341 3,624341
褋褎邪斜褉懈泻芯胁邪谢懈 5,010635 10,021271
锌芯褌芯泻懈薪 5,010635 5,010635
谐邪褉械谐懈薪邪 5,010635 5,010635
褎械写械褉邪谢褜薪芯屑褍 0,013423 0,026846
邪薪褌懈褉褍褋褋泻懈褏 5,010635 5,010635
锌械褉褋芯薪邪谢褜薪褘褏 0,013423 0,107384
锌褉芯懈蟹芯褕谢邪 0,013423 0,013423
泻邪褌芯谢懈褔械褋泻芯谐芯 5,010635 5,010635
懈褋谢邪屑褋泻邪褟 4,317488 8,634976
谐芯褋锌芯写薪褟 3,912023 3,912023
写邪褌邪 0,013423 0,013423
胁邪褕械 0,013423 0,107384
褌褉邪写懈褑懈芯薪薪褘械 2,371578 2,371578
褋邪泄褌械 0,013423 0,013423
锌谢械屑褟薪薪懈泻邪 5,010635 5,010635
胁邪褕懈 0,013423 0,013423
芯褌泻褉褘褌懈械 3,912023 7,824046
芯褋胁褟褖邪褞褌 4,317488 8,634976
邪邪褑 5,010635 20,042541
褎懈芯 0,013423 0,013423
胁芯褋褋褌邪薪芯胁懈褌褜 0,013423 0,013423
泻懈褉懈谢谢 1,919593 11,517557
锌邪褌褉懈邪褉褏 3,218876 9,656627
锌芯卸邪谢褍泄褋褌邪 0,013423 0,013423
锌褉械蟹懈写械薪褌邪 2,525729 2,525729
褉械谢懈谐懈褟褉械谢懈谐懈褟 5,010635 5,010635
泻懈褌邪泄褋泻懈泄 2,931194 5,862388
斜褍写写懈褋褌芯胁 5,010635 10,021271
屑芯薪邪褏懈 5,010635 10,021271
斜谢邪谐芯褋谢芯胁械薪薪芯谐芯 5,010635 5,010635
薪懈卸械 0,013423 0,040269
胁械褉褋懈褟 0,013423 0,013423
胁芯锌褉芯褋邪 0,013423 0,013423
褉芯褋褋懈褟 0,006689 0,046823
锌芯谢褟 0,013423 0,093961
褉邪褋褋泻邪蟹邪谢懈 2,066196 8,264785
斜谢懈薪褘 2,238047 2,238047
褉邪蟹谐邪写泻械 5,010635 5,010635
褑械褉泻芯胁褜褉械谢懈谐懈褟 5,010635 5,010635
锌邪谢邪褌邪 3,624341 3,624341
褉邪写芯胁邪褌褜 5,010635 5,010635
谐芯褋褍写邪褉褋褌胁械薪薪芯屑褍 0,013423 0,026846
谐芯褉写芯褋褌褜 5,010635 5,010635
褉械谐懈褋褌褉邪褑懈懈 0,013423 0,026846
懈谐芯褉褜 2,708050 2,708050
薪芯卸芯屑 3,624341 3,624341
锌芯谢械 0,013423 0,013423
褋邪泄褌 0,013423 0,026846
胁懈写械芯泻芯屑锌褉芯屑邪褌 5,010635 10,021271
褋胁褟褌褘褏 3,624341 3,624341
褋械褉胁懈褋褘 0,190354 0,190354
蟹邪褉械谐懈褋褌褉懈褉芯胁邪薪芯 0,013423 0,013423
写褉褍谐芯械 0,013423 0,013423
褌褍褉懈蟹屑 0,283247 0,283247
锌芯写写械褉卸懈胁邪械褌褋褟锌芯谢褍褔懈褌褜 0,013423 0,013423
邪写褉械褋 0,013423 0,040269
褋芯芯褌胁械褌褋褌胁懈懈 0,013423 0,026846
蟹邪谐褉褍蟹懈褌械 0,013423 0,013423
褋芯芯斜褖械薪懈褟 0,013423 0,053692
蟹邪谐褉褍蟹懈褌褜 0,013423 0,013423
褉芯褋褋懈泄褋泻懈褏 1,966113 3,932226
薪邪锌褉邪胁谢械薪懈懈 0,013423 0,013423
蟹邪屑械褔械薪薪褘褏 0,013423 0,013423
褌械谢械褎芯薪 0,013423 0,013423
芯褌锌褉邪胁泻懈 0,013423 0,013423
锌械褉胁芯懈械褉邪褉褏邪 4,317488 4,317488
褏芯写 3,624341 3,624341
褍薪懈褌邪褉薪芯屑褍 0,013423 0,026846
褑械褉泻芯胁褜谐芯褋写褍屑邪 5,010635 5,010635
锌褉邪蟹写薪懈泻 2,525729 5,051457
褔懈褋谢芯 2,371578 2,371578
褉邪斜芯褌褘 2,302585 2,302585
褋芯芯斜褖械薪懈械 0,013423 0,134230
屑褝褉邪 3,401197 3,401197
胁褘斜械褉懈褌械 0,013423 0,040269
褋褌邪褉褘械 0,013423 0,013423
斜褉邪褌邪 3,912023 3,912023
锌芯锌褉芯斜褍泄褌械 0,013423 0,013423
褉械谢懈谐懈懈 4,317488 4,317488
芯斜褗褟胁懈谢懈 3,401197 6,802395
锌褉懈褞褌芯屑 5,010635 5,010635
写械褉械薪械褍 3,912023 3,912023
蟹邪褖懈褌芯泄 0,013423 0,026846
褍屑邪薪懈 5,010635 5,010635
褋褌邪褌褜懈 0,013423 0,013423
锌芯写褌胁械褉写懈褌械 0,013423 0,013423
邪胁褌芯褉懈蟹邪褑懈褟 0,013423 0,013423
写芯屑邪褕薪懈泄 3,218876 3,218876
褉械谢懈谐懈褟 0,283247 6,514692
褎芯褉屑邪 0,013423 0,013423
谢芯谐懈薪芯屑 0,013423 0,013423
褉械泄褌懈薪谐 0,006689 0,006689
谐邪谢芯褔泻褍 0,013423 0,013423
锌械褉械褌邪褖懈褌械 0,013423 0,040269
屑邪褌械褉懈邪谢械 0,013423 0,026846
泻褍谢褜褌褍褉邪 0,292136 0,292136
屑邪褌械褉懈邪谢邪 0,013423 0,026846
锌褉芯懈褋褕械褋褌胁懈褟 0,292136 0,292136
锌邪褋褏懈 3,218876 6,437752
胁邪褕械谐芯 0,013423 0,013423
锌邪褉芯谢械屑 0,013423 0,013423
写邪谐械褋褌邪薪 3,912023 3,912023
褋芯胁械褌褋泻懈械 4,317488 4,317488
褋锌芯褋芯斜褘 0,013423 0,026846
蟹邪褉械谐懈褋褌褉懈褉褍泄褌械褋褜 0,013423 0,013423
芯斜芯 0,013423 0,013423
锌褟褌褘泄 3,624341 3,624341
薪械写胁懈卸懈屑芯褋褌褜 0,292136 0,292136
写懈褋泻褍褋褋懈懈 0,013423 0,026846
屑芯谢芯写械卸褜 3,912023 3,912023
褏褉邪屑械 3,912023 7,824046
邪胁谐褍褋褌邪 2,120264 2,120264
褉械写邪泻褌芯褉 0,013423 0,013423
褍泻褉邪懈薪褘褋懈褌褍邪褑懈褟 5,010635 5,010635
褍薪懈褌邪褉薪芯械 0,013423 0,013423
薪邪褋谢械写懈械 5,010635 5,010635
褏褉懈褋褌邪 3,401197 3,401197
褎芯褉屑褍 0,013423 0,093961
斜谢邪谐芯褋谢芯胁械薪薪褘泄 5,010635 5,010635
褌械屑邪 0,013423 0,040269
芯褌锌褉邪胁谢械薪薪芯谐芯 0,013423 0,013423
褋胁褟蟹邪薪薪褘械 0,013423 0,013423
褉械泻芯屑械薪写邪褌械谢褜薪褘褏 0,013423 0,013423
写邪薪薪邪褟 0,013423 0,013423
芯斜褉邪褌薪邪褟 0,013423 0,026846
褉懈邪 0,006689 0,013378
褋胁褟褌芯泄 3,912023 3,912023
褎芯褌芯谢械薪褌邪 5,010635 5,010635
邪写胁芯泻邪褌 3,401197 13,604790
锌褉芯褋褌邪胁谢褟褟 0,013423 0,013423
褋胁褟蟹邪薪薪褘褏 0,013423 0,013423
芯锌懈褕懈褌械 0,013423 0,013423
蟹邪锌芯谢薪械薪懈褟 0,013423 0,093961
芯褌胁械褌蟹邪写邪褌褜 5,010635 15,031906
锌芯谢械蟹薪芯械 0,182322 0,182322
胁褋褌褉械褌懈谢懈 3,912023 3,912023
谐芯写 0,967584 1,935168
褋谢褍卸斜械 0,013423 0,013423
褉械谢懈蟹芯胁 0,013423 0,013423
斜谢懈蟹泻懈 5,010635 5,010635
胁邪褕懈褏 0,013423 0,026846
屑芯写褍谢褟 4,317488 4,317488
锌芯褔褌褘 0,013423 0,013423
懈泻芯薪褘 5,010635 5,010635
泻邪薪芯薪懈褔械褋泻褍褞 5,010635 5,010635
屑邪褟 1,832581 1,832581
褌邪泄薪褘 2,813411 2,813411
锌褉邪蟹写薪芯胁邪薪懈械 3,218876 22,532131
邪谐械薪褌褋褌胁芯 0,013423 0,040269
谢褍薪薪芯屑褍 4,317488 17,269952
锌褉邪胁懈谢 0,013423 0,040269
锌褉芯谐薪芯蟹褘 3,624341 7,248682
褑械褉泻芯胁褜褉械谢懈谐懈褟褉械谢懈谐懈芯蟹薪褘械 5,010635 5,010635
锌褉懈蟹胁邪谢邪 4,317488 8,634976
屑械褋褟褑邪 2,708050 5,416100
邪胁褌芯褉懈蟹芯胁邪褌褜褋褟 0,013423 0,013423
邪胁褌芯褉懈蟹褍泄褌械褋褜 0,013423 0,013423
褉械谐懈芯薪邪褏 2,931194 2,931194
锌芯蟹写褉邪胁懈谢 2,708050 10,832201
邪谐械薪褌褋褌胁邪 0,013423 0,013423
褋械谐芯写薪褟 0,013423 0,067115
褉邪褋褕懈褉械薪薪褘泄 0,013423 0,013423
屑械褔械褌懈 5,010635 5,010635
芯褌屑械褔邪褞褌 2,525729 2,525729
屑褍褋褍谢褜屑邪薪械 4,317488 8,634976
谐芯褋写褍屑褘 3,912023 3,912023
薪芯胁褘械褋薪邪褔邪谢邪 0,013423 0,013423
屑芯谢懈褌褜褋褟 5,010635 5,010635
褍锌褑 5,010635 35,074447
褍褉邪蟹邪 5,010635 10,021271
褕邪锌泻邪 0,013423 0,013423
褑械褉泻芯胁褜胁 5,010635 5,010635
屑械褔械褌褜 4,317488 4,317488
邪褉屑械薪懈懈 3,401197 3,401197
锌褉邪蟹写薪懈泻邪 2,371578 2,371578
芯褌锌褉邪胁懈褌褜 0,013423 0,147653
锌褉芯写芯谢卸懈褌褜 0,013423 0,013423
屑懈褋褋懈褟 5,010635 5,010635
褉械褕械薪懈懈 0,013423 0,013423
褉邪褋褋泻邪蟹邪谢 1,347074 5,388295
锌芯锌褘褌泻械 5,010635 5,010635
胁芯褋锌芯谢褜蟹褍泄褌械褋褜 0,013423 0,040269
锌褉械芯斜褉邪卸械薪懈褟 4,317488 4,317488
褍褔邪褋褌懈械 0,006689 0,006689
褑械褉泻芯胁薪褘械 5,010635 5,010635
邪泻泻邪褍薪褌 0,013423 0,053692
褝泻芯薪芯屑懈泻邪 0,292136 0,292136
褎邪屑懈谢懈懈 4,317488 4,317488
芯斜褋褍卸写械薪懈械 0,013423 0,013423
褋械谢邪 3,624341 3,624341
斜邪泄褉邪屑邪 5,010635 10,021271
懈褋锌芯谢褜蟹芯胁邪褌褜 0,013423 0,013423
芯锌械褔邪褌泻邪 0,013423 0,013423
褋褉械褌械薪懈械 3,401197 10,203592
泻邪薪芯薪懈褔械褋泻芯泄 5,010635 10,021271
邪锌芯褋褌芯谢褜褋泻邪褟 3,624341 10,873023
芯褉写械薪邪 3,912023 3,912023
卸懈胁芯褌薪褘褏 2,931194 2,931194
斜谢芯泻懈褉芯胁泻懈 0,013423 0,013423
泻邪谢械薪写邪褉褞 4,317488 17,269952
芯薪谢邪泄薪 0,013423 0,013423
泻芯薪褌邪泻褌芯胁 0,013423 0,013423
褍褔械薪褘械 3,064725 3,064725
锌芯褔褌邪 0,013423 0,080538
薪邪锌邪谢 5,010635 5,010635
邪锌褉械谢褟 0,013423 0,053692
泻懈械胁 2,302585 2,302585
褎邪屑懈谢懈褟 0,013423 0,013423
褉械褕械薪懈褟 2,238047 4,476093
薪邪屑懈 0,013423 0,093961
褟薪写械泻褋 0,013423 0,026846
褉褍褋褋泻邪褟 2,177422 2,177422
褍写邪谢懈谢懈 0,013423 0,040269
胁谢邪写懈屑懈褉 1,373049 4,119147
谢懈斜芯 0,013423 0,013423
锌芯屑懈薪芯胁械薪懈械 4,317488 4,317488
胁芯械薪薪褘褏 2,708050 2,708050
胁邪泻邪薪褋懈懈 0,013423 0,013423
锌褉邪蟹写薪懈泻懈 1,791759 3,583519
邪泻泻邪褍薪褌褍 0,013423 0,013423
芯褌泻褉褘胁邪械屑芯谐芯 0,013423 0,026846
懈褋褔械蟹邪褞褖械械 5,010635 5,010635
薪邪卸懈屑邪褟 0,013423 0,013423
屑褍卸褔懈薪邪 3,401197 3,401197
锌芯懈褋泻 0,013423 0,013423
胁邪屑懈 0,013423 0,013423
褋胁褟褖械薪薪懈泻芯胁 3,912023 3,912023
薪械写芯锌褍褋褌懈屑芯械 0,013423 0,013423
谐芯写褍 1,139434 1,139434
褔械谢褟斜懈薪褋泻械 5,010635 5,010635
褍褋谢芯胁懈懈 3,912023 7,824046
褋芯谐谢邪褋薪褘 0,013423 0,040269
懈褋褌械泻 0,013423 0,013423
锌褉械写锌褉懈褟褌懈褞 0,013423 0,026846
褉械泻谢邪屑褘 0,013423 0,013423
褏芯褔械褌 2,120264 2,120264
胁薪懈屑邪薪懈械 0,013423 0,013423
锌褉懈薪懈屑邪褌褜 0,013423 0,013423
谐芯褋锌芯写薪械褉褍褋褋泻邪褟 5,010635 5,010635
褉械谢懈谐懈褟邪薪邪谢懈褌懈泻邪 5,010635 5,010635
锌芯屑芯谐邪褌褜 3,912023 7,824046
胁械薪褔邪褌褜褋褟 5,010635 10,021271
褋屑芯卸械褌械 0,013423 0,013423
谐芯写邪 0,006689 0,006689
褑械褉泻芯胁褜屑芯褋泻芯胁褋泻懈泄 5,010635 5,010635
屑懈褉械邪褉屑械薪懈褟谐邪褉械谐懈薪 5,010635 5,010635
屑褍褋褍谢褜屑邪薪泻邪屑 5,010635 5,010635
芯蟹薪邪泻芯屑谢械薪褘 0,013423 0,013423
写械褉械胁褟薪薪褘械 3,912023 3,912023
褉芯泻 5,010635 5,010635
屑芯懈褏 0,013423 0,026846
锌褉懈蟹薪邪谢 3,624341 3,624341
锌褉械写锌褉懈褟褌懈械 0,013423 0,013423
薪邪褍泻邪 0,292136 0,292136
芯斜褋褍卸写械薪懈褟 0,013423 0,013423
斜谢芯泻懈褉芯胁泻芯泄 0,013423 0,040269
褋胁械褔懈 3,624341 7,248682
