законным 0,013423 0,013423
рф 1,181994 4,727976
разведки 3,624341 7,248682
лег 5,010635 5,010635
день 1,203973 2,407946
разведка 5,010635 5,010635
основанием 0,013423 0,013423
найти 0,013423 0,026846
казак 5,010635 10,021271
письмо 0,013423 0,013423
спасибо 0,013423 0,013423
боеприпасы 4,317488 4,317488
согласие 0,013423 0,026846
центр 0,190354 0,190354
республикаминистерство 4,317488 4,317488
подопечные 5,010635 5,010635
одно 2,371578 2,371578
связаться 0,013423 0,080538
наносят 3,912023 3,912023
возможном 5,010635 5,010635
реклама 0,190354 0,190354
немного 2,177422 2,177422
фото 0,013423 0,053692
пункт 3,218876 3,218876
лет 1,514128 1,514128
связь 0,006689 0,013378
вооружен 5,010635 5,010635
горизонтали 5,010635 5,010635
готово 0,013423 0,026846
малого 4,317488 4,317488
ангары 5,010635 10,021271
информационных 0,013423 0,013423
размещения 0,013423 0,013423
конфиденциальности 0,013423 0,053692
ангарам 5,010635 5,010635
связи 0,013423 0,080538
весь 2,813411 2,813411
заголовок 0,013423 0,026846
ангарах 5,010635 5,010635
пунктом 5,010635 5,010635
процесса 0,013423 0,013423
адресу 0,013423 0,026846
окончательно 2,813411 2,813411
проблему 0,013423 0,013423
напильники 5,010635 5,010635
усовершенствовать 5,010635 5,010635
быстро 2,177422 2,177422
отмечает 1,966113 3,932226
ангара 5,010635 40,085082
данных 0,013423 0,107384
проблемы 2,238047 6,714140
наводились 5,010635 5,010635
каждом 3,401197 6,802395
письма 0,013423 0,013423
летом 3,218876 3,218876
недавно 3,624341 3,624341
часов 0,013423 0,026846
соглашаетесь 0,013423 0,013423
данный 2,525729 5,051457
буксируемых 5,010635 5,010635
главный 0,013423 0,013423
проблема 3,218876 3,218876
данные 0,013423 0,026846
целеуказателем 5,010635 5,010635
также 1,139434 2,278869
последнее 3,218876 3,218876
ушли 4,317488 4,317488
фотографию 0,013423 0,013423
продолжали 5,010635 5,010635
помощнее 5,010635 5,010635
отправлено 0,013423 0,013423
взрыватель 5,010635 5,010635
рассказывает 2,371578 7,114734
сначала 0,013423 0,013423
часа 1,875141 1,875141
однажды 5,010635 5,010635
дежурят 3,912023 3,912023
прячется 5,010635 5,010635
боевых 3,624341 7,248682
машиной 5,010635 5,010635
передовые 5,010635 5,010635
однако 1,966113 1,966113
перейдите 0,013423 0,013423
ружья 5,010635 5,010635
закрыто 0,013423 0,013423
сколько 0,006689 0,006689
материалов 0,013423 0,040269
могут 1,643339 1,643339
отправлена 0,013423 0,013423
чате 0,013423 0,013423
чату 0,013423 0,013423
редакцией 0,013423 0,013423
заводят 5,010635 5,010635
штук 4,317488 4,317488
командиру 5,010635 5,010635
расчет 4,317488 17,269952
рассмотрены 0,013423 0,013423
автотранспорт 5,010635 5,010635
обороны 2,177422 6,532266
разобрали 5,010635 5,010635
высчитывается 5,010635 5,010635
говорит 2,014903 6,044709
техникой 4,317488 4,317488
перекатили 5,010635 5,010635
обошли 5,010635 5,010635
перетяните 0,013423 0,013423
архив 0,190354 0,190354
экипажа 5,010635 5,010635
пристрелочный 5,010635 5,010635
военная 2,120264 2,120264
специальная 2,066196 2,066196
ошибках 0,013423 0,013423
специально 3,624341 3,624341
другая 4,317488 4,317488
интересах 3,401197 3,401197
выпуска 0,013423 0,013423
списка 0,013423 0,013423
формой 0,013423 0,053692
уйти 4,317488 4,317488
лнр 4,317488 4,317488
подряд 3,624341 3,624341
федеральное 0,013423 0,013423
федеральной 0,013423 0,013423
секунд 5,010635 5,010635
склад 5,010635 5,010635
международное 0,013423 0,040269
будут 0,013423 0,013423
навелись 5,010635 5,010635
новостей 0,006689 0,006689
артиллерийская 5,010635 5,010635
четко 3,624341 3,624341
перейти 1,203973 6,019864
зоне 2,931194 11,724775
любые 3,624341 3,624341
обратной 0,013423 0,067115
подкасты 0,292136 0,292136
снизилась 4,317488 4,317488
пресекаются 5,010635 5,010635
находится 2,931194 2,931194
огонь 2,708050 10,832201
траектории 3,912023 3,912023
описанием 0,013423 0,013423
действовали 4,317488 4,317488
удобства 3,912023 3,912023
жизнь 2,525729 2,525729
используется 0,013423 0,013423
группы 2,445686 2,445686
уничтожить 3,218876 3,218876
посерьезнее 5,010635 5,010635
поменялось 5,010635 5,010635
краснополя 5,010635 10,021271
краснополь 5,010635 5,010635
огневого 5,010635 5,010635
каждого 2,931194 2,931194
боеприпасов 5,010635 10,021271
мире 0,274437 0,274437
уничтожили 3,624341 10,873023
эл 0,013423 0,013423
точно 2,612740 2,612740
почему 0,013423 0,013423
хороший 5,010635 5,010635
вопросам 0,013423 0,026846
юг 4,317488 4,317488
отрезал 5,010635 5,010635
вконтакте 0,013423 0,026846
пульта 5,010635 10,021271
гаубицы 5,010635 10,021271
навсегда 0,013423 0,013423
нарушение 0,013423 0,040269
потратили 5,010635 5,010635
лазерным 5,010635 5,010635
гаубицу 5,010635 5,010635
двоим 5,010635 5,010635
лисицын 3,218876 6,437752
назад 0,013423 0,067115
километров 4,317488 4,317488
требовалось 5,010635 5,010635
новации 5,010635 5,010635
зубовский 0,013423 0,026846
никто 2,813411 2,813411
краснополей 5,010635 5,010635
заполнить 0,013423 0,026846
краснополем 5,010635 5,010635
артиллерийский 5,010635 5,010635
артиллерийские 5,010635 5,010635
осуществляется 0,013423 0,013423
против 1,966113 1,966113
общество 0,265703 0,265703
открываются 3,912023 3,912023
другие 0,013423 0,067115
постоянном 4,317488 4,317488
артиллеристов 5,010635 5,010635
надзору 0,013423 0,013423
стороной 3,218876 3,218876
издание 0,013423 0,013423
бульвар 0,013423 0,026846
радиоперехвату 5,010635 5,010635
курса 4,317488 4,317488
хотите 0,013423 0,013423
заполните 0,013423 0,067115
точку 3,912023 3,912023
навестись 5,010635 5,010635
сетевое 0,013423 0,013423
подсвечивают 5,010635 5,010635
вновь 0,013423 0,013423
противника 3,624341 21,746046
сменить 0,013423 0,013423
участвовать 0,013423 0,026846
сообщить 0,013423 0,013423
скриншот 0,013423 0,040269
складам 5,010635 5,010635
ббм 5,010635 5,010635
выстрелу 5,010635 5,010635
ударил 4,317488 8,634976
снаряд 5,010635 15,031906
огнем 5,010635 5,010635
спорт 0,190354 0,190354
таки 3,912023 3,912023
бронебойные 5,010635 5,010635
военном 3,624341 3,624341
выстрела 5,010635 10,021271
прошлое 5,010635 5,010635
четыре 2,612740 2,612740
голоде 5,010635 5,010635
бывали 5,010635 5,010635
горгона 5,010635 5,010635
перевели 3,912023 3,912023
взаимодействия 0,013423 0,040269
сохранить 0,013423 0,013423
информационное 0,013423 0,040269
основном 3,624341 3,624341
отвечают 3,624341 3,624341
дуэли 5,010635 5,010635
станислав 3,624341 7,248682
камень 4,317488 4,317488
многом 3,912023 3,912023
федеральному 0,013423 0,026846
поправки 4,317488 4,317488
цели 2,525729 10,102915
фио 0,013423 0,013423
пожалуйста 0,013423 0,013423
предназначенную 5,010635 5,010635
исход 5,010635 5,010635
цель 3,064725 3,064725
насквозь 5,010635 5,010635
ниже 0,013423 0,040269
версия 0,013423 0,013423
поля 0,013423 0,093961
государственному 0,013423 0,026846
сражений 5,010635 5,010635
поле 0,013423 0,026846
работу 2,708050 2,708050
зарегистрировано 0,013423 0,013423
туризм 0,283247 0,283247
адрес 0,013423 0,040269
соответствии 0,013423 0,026846
угодили 5,010635 5,010635
загрузите 0,013423 0,013423
осколком 5,010635 5,010635
сообщения 0,013423 0,053692
нармания 5,010635 50,106353
загрузить 0,013423 0,013423
помогают 3,912023 3,912023
случаются 5,010635 5,010635
первого 2,813411 2,813411
направлении 0,013423 0,040269
замеченных 0,013423 0,013423
телефон 0,013423 0,013423
украиныднрдонецкая 5,010635 5,010635
иначе 2,931194 2,931194
обошлось 5,010635 5,010635
требует 2,813411 2,813411
военнослужащий 4,317488 4,317488
сообщение 0,013423 0,134230
старые 0,013423 0,013423
поясняет 2,371578 2,371578
ураган 5,010635 5,010635
выяснить 5,010635 5,010635
попробуйте 0,013423 0,013423
войны 2,708050 2,708050
километр 5,010635 5,010635
ред 3,912023 7,824046
остальных 3,218876 3,218876
взаимодействовали 5,010635 5,010635
статьи 0,013423 0,013423
расчету 5,010635 5,010635
подтвердите 0,013423 0,013423
перетащите 0,013423 0,040269
материале 0,013423 0,026846
культура 0,292136 0,292136
приготовили 3,064725 9,194175
материала 0,013423 0,026846
происшествия 0,292136 0,292136
красильников 3,912023 7,824046
вашего 0,013423 0,013423
ягу 5,010635 5,010635
паролем 0,013423 0,013423
фиксируем 5,010635 5,010635
расчета 3,401197 17,005987
зарегистрируйтесь 0,013423 0,013423
обо 0,013423 0,013423
миллиметровых 5,010635 5,010635
сбивать 5,010635 5,010635
контакте 3,912023 3,912023
удалось 2,931194 2,931194
редактор 0,013423 0,013423
полтора 4,317488 4,317488
настраивали 5,010635 5,010635
предшественника 5,010635 5,010635
легковой 5,010635 5,010635
храбрость 5,010635 5,010635
отправленного 0,013423 0,013423
огневым 5,010635 5,010635
выполнят 5,010635 5,010635
сильнее 3,912023 3,912023
вооруженных 2,813411 2,813411
связанные 0,013423 0,013423
целей 2,931194 5,862388
дальномером 5,010635 5,010635
обратная 0,013423 0,026846
риа 0,006689 0,120402
взял 3,912023 3,912023
связанных 0,013423 0,013423
замеряем 5,010635 5,010635
опишите 0,013423 0,013423
раза 3,218876 3,218876
радиоэлектронная 5,010635 5,010635
почты 0,013423 0,013423
поэтому 2,014903 4,029806
расход 5,010635 5,010635
агентство 0,013423 0,040269
рсзо 5,010635 5,010635
прим 4,317488 8,634976
запредельная 5,010635 5,010635
миллиметровой 5,010635 5,010635
агентства 0,013423 0,013423
сегодня 0,013423 0,067115
ведут 4,317488 8,634976
выпускник 4,317488 4,317488
инструмент 3,624341 3,624341
управляемые 5,010635 5,010635
сразу 1,832581 1,832581
народная 3,218876 3,218876
потерь 4,317488 4,317488
малый 3,624341 14,497364
малыи 5,010635 15,031906
улыбается 5,010635 5,010635
мариуполе 5,010635 5,010635
температуру 5,010635 5,010635
проехать 5,010635 5,010635
взводе 5,010635 5,010635
давид 3,218876 35,407634
шапка 0,013423 0,013423
отправить 0,013423 0,147653
продолжить 0,013423 0,013423
решении 0,013423 0,013423
растущую 5,010635 5,010635
дивизиона 5,010635 5,010635
действующей 4,317488 4,317488
добавляет 2,931194 5,862388
бойцов 3,624341 7,248682
получилось 3,218876 3,218876
сбивали 5,010635 5,010635
мста 5,010635 20,042541
воспользуйтесь 0,013423 0,040269
аккаунт 0,013423 0,053692
экономика 0,292136 0,292136
обсуждение 0,013423 0,013423
блокировки 0,013423 0,013423
десять 2,612740 2,612740
меткость 5,010635 5,010635
взвода 5,010635 25,053176
пятнадцать 5,010635 5,010635
почта 0,013423 0,080538
уничтожается 5,010635 5,010635
обычными 5,010635 5,010635
главная 2,120264 4,240527
фамилия 0,013423 0,013423
винтовки 5,010635 5,010635
евгений 2,302585 2,302585
яндекс 0,013423 0,026846
удалили 0,013423 0,040269
либо 0,013423 0,013423
рлс 5,010635 5,010635
аккаунту 0,013423 0,013423
бои 3,912023 3,912023
командир 5,010635 15,031906
гаубичный 5,010635 5,010635
открываемого 0,013423 0,026846
поиск 0,013423 0,013423
марьинка 5,010635 5,010635
согласны 0,013423 0,040269
рекламы 0,013423 0,013423
порядка 3,218876 3,218876
боя 3,912023 3,912023
контрбатарейной 5,010635 5,010635
меняем 5,010635 5,010635
фронте 3,624341 3,624341
попали 3,912023 3,912023
днях 3,912023 3,912023
моноблочный 5,010635 5,010635
подготовить 2,612740 2,612740
жалуются 5,010635 5,010635
авдеевском 5,010635 5,010635
точность 3,624341 7,248682
миллиметровую 5,010635 5,010635
артемовск 5,010635 5,010635
применением 3,401197 3,401197
точности 5,010635 5,010635
браузер 2,813411 5,626821
бпла 3,401197 20,407184
обсуждения 0,013423 0,013423
второй 2,445686 2,445686
заранее 2,708050 2,708050
блокировкой 0,013423 0,040269
курьезы 5,010635 5,010635
гексакоптеров 5,010635 5,010635
новый 0,013423 0,013423
сбоку 5,010635 5,010635
работают 3,218876 3,218876
доступ 0,013423 0,026846
бронеавтомобиль 5,010635 5,010635
эпизодов 5,010635 5,010635
миа 0,013423 0,026846
задать 0,013423 0,013423
теги 0,190354 0,190354
важным 2,708050 2,708050
автору 0,013423 0,013423
должны 0,013423 0,013423
б 4,317488 17,269952
словам 1,752539 1,752539
г 0,013423 0,026846
д 0,013423 0,026846
политика 0,013423 0,026846
силы 2,014903 2,014903
разработчиками 5,010635 5,010635
й 2,014903 2,014903
важные 3,218876 3,218876
тяжелых 5,010635 5,010635
течение 0,013423 0,013423
удары 3,064725 3,064725
прицеливания 5,010635 5,010635
бойца 5,010635 5,010635
сдетонировал 5,010635 5,010635
боец 4,317488 4,317488
время 0,013423 0,026846
цинка 5,010635 5,010635
средства 2,445686 2,445686
снайперы 5,010635 5,010635
ранее 0,013423 0,013423
восстановления 0,013423 0,013423
сожгли 5,010635 5,010635
бойцы 3,624341 7,248682
разблокировать 0,013423 0,040269
город 0,013423 0,026846
пикап 5,010635 5,010635
позициям 5,010635 5,010635
налетов 4,317488 4,317488
задачу 3,624341 3,624341
обращаем 0,013423 0,026846
подобраться 5,010635 5,010635
реже 5,010635 5,010635
отец 3,624341 3,624341
написать 0,013423 0,013423
новостеймолния 0,013423 0,013423
одноклассники 0,013423 0,026846
проезжала 5,010635 5,010635
подпилили 5,010635 5,010635
показать 0,013423 0,013423
кнопку 0,013423 0,013423
хватит 3,624341 3,624341
задачи 3,218876 3,218876
коммуникаций 0,013423 0,013423
впоследствии 3,912023 3,912023
пароль 0,013423 0,080538
пароля 0,013423 0,053692
накрываем 5,010635 5,010635
вход 0,013423 0,013423
танка 5,010635 10,021271
продукты 0,150823 0,150823
удалено 0,013423 0,013423
минобороны 2,525729 2,525729
гаврилова 0,013423 0,013423
замедленный 5,010635 5,010635
вносим 5,010635 5,010635
расположенному 0,013423 0,026846
люди 2,238047 2,238047
видел 3,912023 3,912023
видео 1,832581 3,665163
засекли 5,010635 5,010635
понадобилось 5,010635 5,010635
богов 5,010635 5,010635
гаубиц 5,010635 5,010635
кожух 5,010635 5,010635
учредитель 0,013423 0,013423
бывают 3,624341 3,624341
автоматов 5,010635 5,010635
объясняет 3,218876 3,218876
мое 0,013423 0,026846
ссылка 0,013423 0,026846
активность 3,624341 3,624341
ссылке 0,013423 0,013423
мол 5,010635 5,010635
момент 2,708050 2,708050
ссылки 0,013423 0,013423
помочь 0,013423 0,013423
обязательны 0,013423 0,093961
академии 3,912023 3,912023
боеготов 5,010635 5,010635
гусеницей 5,010635 5,010635
лобаева 5,010635 5,010635
роскомнадзор 0,013423 0,013423
поблизости 4,317488 4,317488
боеприпас 5,010635 10,021271
блокировался 0,013423 0,013423
артиллерист 5,010635 10,021271
выманиваем 5,010635 5,010635
москва 0,006689 0,013378
воспользоваться 0,013423 0,013423
входа 0,013423 0,013423
моё 0,013423 0,013423
птичниками 5,010635 5,010635
атаку 3,912023 3,912023
павел 2,238047 4,476093
прячет 5,010635 5,010635
далее 2,238047 2,238047
политикой 0,013423 0,040269
обработки 0,013423 0,026846
фактором 4,317488 4,317488
даю 0,013423 0,026846
подразделении 4,317488 4,317488
угроза 3,624341 7,248682
достаточно 2,445686 4,891372
обработку 0,013423 0,026846
гаубичного 5,010635 5,010635
работать 2,708050 5,416100
редакции 0,013423 0,026846
обращений 0,013423 0,013423
тяжелую 5,010635 5,010635
раньше 3,064725 3,064725
операция 2,120264 2,120264
обработка 0,013423 0,013423
это 0,013423 0,053692
ждали 4,317488 4,317488
две 2,177422 2,177422
сходе 5,010635 5,010635
рядом 3,912023 3,912023
новую 0,013423 0,013423
массовых 0,013423 0,013423
связаны 3,912023 3,912023
артиллеристы 3,064725 18,388351
подразделения 3,401197 3,401197
пройдена 0,013423 0,013423
отклонился 5,010635 5,010635
выполнении 3,401197 3,401197
батареи 4,317488 4,317488
зарегистрироваться 0,013423 0,053692
пожаловаться 0,013423 0,013423
новости 0,006689 0,120402
войти 0,013423 0,053692
димитров 5,010635 5,010635
электронной 0,013423 0,013423
отличие 3,912023 3,912023
действия 0,013423 0,013423
радио 0,274437 0,274437
винт 5,010635 5,010635
защита 0,013423 0,013423
регистрация 0,013423 0,040269
украинебезопасностьвооруженные 5,010635 5,010635
обычных 4,317488 4,317488
использования 0,013423 0,013423
восстановление 0,013423 0,040269
курахово 5,010635 5,010635
наводчик 5,010635 15,031906
государственное 0,013423 0,013423
молодого 4,317488 4,317488
спецпроекты 0,190354 0,190354
просим 0,013423 0,013423
заблокирован 0,013423 0,013423
укрытие 5,010635 5,010635
ошибку 0,013423 0,013423
защиты 0,013423 0,013423
танк 4,317488 8,634976
офицер 3,912023 23,472138
обращения 0,013423 0,026846
михайловской 5,010635 5,010635
ночь 2,708050 2,708050
первый 2,014903 4,029806
пороха 5,010635 5,010635
рэр 5,010635 5,010635
минут 1,297063 2,594126
ошибка 0,013423 0,013423
практически 2,445686 2,445686
заключает 4,317488 4,317488
вопрос 0,006689 0,013378
гладкоствольные 5,010635 5,010635
подтверждаете 0,013423 0,013423
поскольку 2,612740 2,612740
пришел 3,401197 3,401197
рэб 4,317488 4,317488
технику 3,912023 3,912023
пяти 3,218876 3,218876
продолжался 5,010635 5,010635
ваш 0,013423 0,080538
имя 0,013423 0,067115
срок 0,013423 0,026846
поразила 5,010635 5,010635
подлетают 5,010635 5,010635
технологий 0,013423 0,026846
показали 3,401197 3,401197
поразили 4,317488 4,317488
материал 0,013423 0,013423
группировки 4,317488 4,317488
константиновке 5,010635 5,010635
рэровцами 5,010635 5,010635
успешно 0,013423 0,013423
бригада 3,912023 3,912023
уверены 3,401197 3,401197
лента 0,006689 0,013378
разработки 3,624341 3,624341
прозвище 5,010635 5,010635
роль 3,624341 3,624341
заблокированы 0,013423 0,013423
сфере 0,013423 0,013423
выносливости 5,010635 5,010635
уточняет 2,708050 5,416100
свидетельство 0,013423 0,013423
бригады 3,624341 3,624341
перемены 5,010635 5,010635
бг 5,010635 5,010635
правила 0,013423 0,026846
министерство 2,238047 4,476093
беспилотники 4,317488 4,317488
комментирования 0,013423 0,026846
борьбы 3,912023 3,912023
сложили 5,010635 5,010635
применение 3,401197 3,401197
наши 3,401197 3,401197
дронов 3,218876 3,218876
пресс 0,013423 0,026846
россии 0,395515 1,582059
применения 0,013423 0,013423
персональных 0,013423 0,107384
произошла 0,013423 0,013423
вс 3,218876 9,656627
багги 5,010635 5,010635
дата 0,013423 0,013423
ваше 0,013423 0,107384
сайте 0,013423 0,013423
срочной 4,317488 4,317488
ваши 0,013423 0,013423
процентов 2,931194 5,862388
приоритете 5,010635 5,010635
сообщают 4,317488 4,317488
восстановить 0,013423 0,013423
служит 4,317488 4,317488
действует 4,317488 4,317488
убрали 4,317488 4,317488
сво 1,919593 11,517557
откуда 3,218876 3,218876
специалист 2,931194 2,931194
вопроса 0,013423 0,013423
россия 0,006689 0,046823
го 2,177422 4,354844
передохнули 5,010635 5,010635
рассказали 2,066196 2,066196
молчит 5,010635 5,010635
башню 4,317488 4,317488
регистрации 0,013423 0,026846
непросто 5,010635 5,010635
закрылки 5,010635 5,010635
навели 5,010635 5,010635
дислокации 5,010635 5,010635
сайт 0,013423 0,026846
сервисы 0,190354 0,190354
сгоревший 5,010635 5,010635
задач 3,218876 3,218876
другое 0,013423 0,013423
поддерживаетсяполучить 0,013423 0,013423
причины 2,525729 2,525729
сюда 3,624341 3,624341
двух 2,014903 2,014903
артиллерийской 5,010635 15,031906
загружает 5,010635 5,010635
отправки 0,013423 0,013423
специалисты 3,064725 3,064725
унитарному 0,013423 0,026846
пунктам 5,010635 5,010635
отбили 5,010635 5,010635
ланцетом 5,010635 5,010635
обновлено 1,003302 1,003302
снарядов 5,010635 10,021271
поддерживает 2,525729 5,051457
выберите 0,013423 0,040269
орудии 5,010635 5,010635
метрах 5,010635 5,010635
орудие 5,010635 25,053176
надежности 5,010635 5,010635
защитой 0,013423 0,026846
авторизация 0,013423 0,013423
мост 4,317488 4,317488
религия 0,283247 0,283247
форма 0,013423 0,013423
логином 0,013423 0,013423
рейтинг 0,006689 0,006689
галочку 0,013423 0,013423
медаль 2,813411 2,813411
обсуждаем 5,010635 5,010635
патроны 5,010635 5,010635
ходу 5,010635 5,010635
несмотря 2,708050 2,708050
снарядном 5,010635 5,010635
дивизион 5,010635 15,031906
заряжает 5,010635 5,010635
позицию 3,624341 3,624341
орудия 5,010635 10,021271
способы 0,013423 0,026846
недвижимость 0,292136 0,292136
дискуссии 0,013423 0,026846
оператором 5,010635 5,010635
августа 2,120264 2,120264
случайным 5,010635 5,010635
унитарное 0,013423 0,013423
сил 2,525729 2,525729
форму 0,013423 0,093961
биятов 4,317488 4,317488
тема 0,013423 0,040269
патронов 5,010635 5,010635
дали 3,624341 3,624341
рекомендательных 0,013423 0,013423
данная 0,013423 0,013423
управления 2,813411 5,626821
отмахивается 5,010635 5,010635
третьим 3,624341 3,624341
противник 5,010635 5,010635
козак 5,010635 5,010635
проставляя 0,013423 0,013423
заполнения 0,013423 0,093961
вражеские 5,010635 5,010635
полезное 0,182322 0,182322
службе 0,013423 0,013423
вражеский 5,010635 5,010635
медиабанк 1,321756 6,608779
принялись 5,010635 5,010635
контролем 3,401197 6,802395
релизов 0,013423 0,013423
искусстве 5,010635 5,010635
ваших 0,013423 0,026846
поражали 5,010635 5,010635
запомнившихся 5,010635 5,010635
влияющим 5,010635 5,010635
красноармейск 5,010635 5,010635
которым 2,612740 2,612740
операторы 3,912023 7,824046
например 1,714798 3,429597
правил 0,013423 0,040269
дроны 3,912023 3,912023
открывает 3,912023 3,912023
месяца 2,708050 2,708050
пехоту 5,010635 5,010635
авторизоваться 0,013423 0,013423
авторизуйтесь 0,013423 0,013423
спали 5,010635 5,010635
уничтожать 3,912023 3,912023
расширенный 0,013423 0,013423
приближался 5,010635 5,010635
прошил 5,010635 5,010635
попаданиям 5,010635 5,010635
новыесначала 0,013423 0,013423
шеврон 5,010635 20,042541
примерно 2,177422 2,177422
обездвижил 5,010635 5,010635
начале 2,445686 2,445686
попытки 4,317488 4,317488
крайне 3,218876 3,218876
участие 0,006689 0,006689
архивное 1,373049 4,119147
использовать 0,013423 0,013423
опечатка 0,013423 0,013423
онлайн 0,013423 0,013423
узнали 3,218876 3,218876
контактов 0,013423 0,013423
упала 5,010635 5,010635
привычный 4,317488 4,317488
константиновском 5,010635 5,010635
медуза 5,010635 20,042541
отлаженного 5,010635 5,010635
апреля 0,013423 0,013423
подзакончились 5,010635 5,010635
плечами 5,010635 5,010635
подчеркивает 3,064725 9,194175
нами 0,013423 0,093961
показывая 5,010635 5,010635
медузу 5,010635 5,010635
механизм 3,912023 3,912023
вакансии 0,013423 0,013423
формат 2,445686 4,891372
медузы 5,010635 10,021271
месте 2,302585 2,302585
плане 4,317488 4,317488
нажимая 0,013423 0,013423
повредило 5,010635 5,010635
механически 5,010635 5,010635
вами 0,013423 0,013423
воевал 4,317488 4,317488
недопустимое 0,013423 0,013423
снарядами 5,010635 5,010635
всу 2,238047 15,666326
истек 0,013423 0,013423
остается 2,931194 2,931194
предприятию 0,013423 0,026846
внимание 0,013423 0,013423
города 3,064725 3,064725
принимать 0,013423 0,013423
значительно 3,218876 3,218876
сможете 0,013423 0,013423
зарекомендовали 5,010635 5,010635
года 0,006689 0,013378
взгляд 3,624341 3,624341
ознакомлены 0,013423 0,013423
позывным 4,317488 17,269952
держат 4,317488 4,317488
моих 0,013423 0,026846
предприятие 0,013423 0,013423
наука 0,292136 0,292136
предупреждают 5,010635 5,010635
боеприпаса 5,010635 5,010635
нарманияшеврон 5,010635 5,010635
