законным 0,013423 0,013423
рф 1,181994 4,727976
формула 4,317488 4,317488
размером 3,401197 3,401197
севера 3,064725 3,064725
доплата 5,010635 15,031906
найти 0,013423 0,013423
основанием 0,013423 0,013423
размеров 4,317488 4,317488
коэффициента 3,912023 3,912023
письмо 0,013423 0,013423
спасибо 0,013423 0,013423
затронет 5,010635 5,010635
пенсионерам 3,624341 18,121705
надбавок 5,010635 10,021271
стаж 4,317488 17,269952
ситуации 2,445686 2,445686
согласие 0,013423 0,026846
центр 0,190354 0,190354
повышенная 5,010635 10,021271
одну 2,813411 2,813411
декабря 1,098612 1,098612
приглашенный 3,064725 6,129450
таким 2,525729 10,102915
связаться 0,013423 0,080538
таких 2,371578 2,371578
законодательная 3,912023 11,736069
человек 2,525729 2,525729
увеличенного 4,317488 4,317488
соответствовать 4,317488 4,317488
одна 2,612740 2,612740
реклама 0,190354 0,190354
подписанным 5,010635 5,010635
фото 0,013423 0,093961
лет 1,514128 12,113022
связь 0,006689 0,013378
следующая 4,317488 4,317488
учащимся 4,317488 4,317488
готово 0,013423 0,026846
относятся 2,813411 5,626821
информационных 0,013423 0,013423
размещения 0,013423 0,013423
возрастают 5,010635 5,010635
социальных 3,218876 16,094379
конфиденциальности 0,013423 0,053692
несовершеннолетним 3,912023 3,912023
связи 0,013423 0,080538
весь 2,813411 2,813411
заголовок 0,013423 0,026846
представителям 3,912023 3,912023
своей 2,177422 6,532266
процесса 0,013423 0,013423
адресу 0,013423 0,026846
проблему 0,013423 0,013423
социальные 3,401197 27,209579
доплаты 5,010635 30,063812
отмечает 1,966113 1,966113
данных 0,013423 0,107384
несовершеннолетние 3,912023 3,912023
каждом 3,401197 3,401197
социальный 2,708050 2,708050
сфр 4,317488 12,952464
письма 0,013423 0,013423
часов 0,013423 0,026846
соглашаетесь 0,013423 0,013423
фз 3,064725 6,129450
данным 2,371578 2,371578
кормильцев 5,010635 5,010635
главный 0,013423 0,013423
инвалидам 4,317488 21,587441
данные 0,013423 0,013423
лицевого 4,317488 4,317488
доплату 5,010635 5,010635
второго 2,813411 2,813411
также 1,139434 10,254909
надбавку 5,010635 5,010635
фиксированной 5,010635 5,010635
недееспособности 5,010635 5,010635
фотографию 0,013423 0,013423
дмитрий 1,643339 8,216697
отправлено 0,013423 0,013423
документам 5,010635 5,010635
сначала 0,013423 0,013423
гражданам 3,912023 15,648092
изменение 3,218876 3,218876
лиц 2,302585 4,605170
отталкиваются 5,010635 5,010635
однако 1,966113 3,932226
накопил 5,010635 5,010635
перейдите 0,013423 0,013423
представляет 3,624341 3,624341
страховая 5,010635 15,031906
работающих 5,010635 5,010635
работающим 5,010635 15,031906
система 3,401197 3,401197
закрыто 0,013423 0,013423
сколько 0,006689 0,100335
материалов 0,013423 0,040269
могут 1,643339 4,930018
отправлена 0,013423 0,013423
чате 0,013423 0,013423
работающий 5,010635 5,010635
база 3,912023 11,736069
получил 2,612740 2,612740
здоровья 2,612740 2,612740
чату 0,013423 0,013423
получит 3,218876 9,656627
редакцией 0,013423 0,013423
заведений 5,010635 5,010635
иметь 3,401197 3,401197
расчетный 5,010635 5,010635
трудоустройства 5,010635 5,010635
поддержку 3,912023 7,824046
ставшим 5,010635 5,010635
часть 1,919593 3,839186
рассмотрены 0,013423 0,013423
ставшие 5,010635 5,010635
заявки 3,912023 3,912023
некоторым 3,912023 3,912023
выплатами 5,010635 5,010635
заработная 5,010635 5,010635
перетяните 0,013423 0,013423
архив 0,190354 0,190354
рассчитывать 3,624341 3,624341
ошибках 0,013423 0,013423
изменения 2,813411 2,813411
процесс 2,014903 2,014903
старости 3,912023 27,384161
выпуска 0,013423 0,013423
производятся 5,010635 5,010635
списка 0,013423 0,013423
формой 0,013423 0,053692
нынешних 5,010635 5,010635
нетрудоспособные 5,010635 5,010635
пенсионеры 4,317488 8,634976
выписке 5,010635 10,021271
вследствие 3,912023 3,912023
такая 2,813411 2,813411
официального 3,912023 3,912023
взрослым 4,317488 4,317488
содержится 3,401197 3,401197
федеральное 0,013423 0,013423
официально 3,624341 3,624341
размеры 5,010635 35,074447
федеральной 0,013423 0,013423
екатерина 2,445686 2,445686
ведомств 4,317488 4,317488
реальное 5,010635 5,010635
международное 0,013423 0,040269
астапкович 4,317488 8,634976
фиксированная 4,317488 30,222417
будут 0,013423 0,053692
новостей 0,006689 0,006689
ноября 1,714798 3,429597
проводиться 5,010635 5,010635
получать 2,813411 5,626821
пенсионера 5,010635 5,010635
устанавливается 3,401197 6,802395
систему 3,624341 3,624341
перейти 1,203973 12,039728
социальную 4,317488 4,317488
екатерины 5,010635 5,010635
процента 4,317488 4,317488
оформления 2,931194 8,793581
обратной 0,013423 0,067115
подкасты 0,292136 0,292136
увеличатся 5,010635 5,010635
оглавление 1,791759 1,791759
предположим 5,010635 5,010635
закон 2,813411 8,440232
группу 3,401197 3,401197
граждане 2,813411 2,813411
описанием 0,013423 0,013423
имеющим 5,010635 10,021271
федерального 3,218876 3,218876
разницу 5,010635 5,010635
используется 0,013423 0,013423
группы 2,445686 14,674116
детском 4,317488 4,317488
средний 3,064725 3,064725
цен 3,624341 3,624341
собственную 4,317488 4,317488
улице 3,218876 6,437752
каждого 2,931194 2,931194
мире 0,274437 0,274437
эл 0,013423 0,013423
дзен 0,851752 0,851752
расчетов 3,912023 3,912023
взносов 5,010635 5,010635
почему 0,013423 0,013423
выхода 3,912023 3,912023
власти 2,525729 7,577186
регламентирует 5,010635 5,010635
ежегодно 3,218876 6,437752
вопросам 0,013423 0,026846
плюшевым 5,010635 10,021271
учитываются 5,010635 5,010635
значит 2,612740 2,612740
отработал 5,010635 5,010635
удостоверение 5,010635 20,042541
рассчитать 5,010635 10,021271
вконтакте 0,013423 0,026846
прибавляется 4,317488 4,317488
навсегда 0,013423 0,013423
нарушение 0,013423 0,040269
принимает 3,624341 7,248682
лисицын 3,218876 6,437752
назад 0,013423 0,067115
отмена 4,317488 12,952464
двоих 3,624341 3,624341
увеличивался 5,010635 5,010635
установленного 3,912023 7,824046
состоянии 3,064725 3,064725
детских 3,912023 3,912023
отражавший 5,010635 5,010635
зубовский 0,013423 0,026846
юрист 2,371578 4,743156
уточнить 3,624341 3,624341
трудовой 5,010635 5,010635
заполнить 0,013423 0,026846
статус 3,064725 6,129450
величины 5,010635 10,021271
нововведения 4,317488 4,317488
осуществляется 0,013423 0,013423
именно 2,066196 4,132393
другие 0,013423 0,026846
общество 0,265703 1,062813
оснований 5,010635 5,010635
надзору 0,013423 0,013423
уволиться 5,010635 5,010635
нового 1,678431 5,035292
издание 0,013423 0,013423
обсуждалась 4,317488 4,317488
бульвар 0,013423 0,026846
хотите 0,013423 0,013423
заполните 0,013423 0,067115
сетевое 0,013423 0,013423
вновь 0,013423 0,013423
сменить 0,013423 0,013423
применяются 4,317488 4,317488
участвовать 0,013423 0,026846
сообщить 0,013423 0,013423
образом 2,302585 9,210340
кормильца 3,912023 15,648092
социального 3,218876 3,218876
родителей 3,624341 3,624341
величин 5,010635 5,010635
скриншот 0,013423 0,040269
определение 3,624341 3,624341
включив 5,010635 5,010635
назначении 4,317488 4,317488
росгвардию 5,010635 5,010635
ключевые 3,912023 3,912023
календарного 4,317488 4,317488
спорт 0,190354 0,190354
линии 3,064725 3,064725
получающих 5,010635 5,010635
четыре 2,612740 2,612740
средняя 3,912023 7,824046
акты 4,317488 8,634976
увеличится 5,010635 15,031906
взаимодействия 0,013423 0,026846
неизвестны 5,010635 5,010635
отметить 4,317488 4,317488
сохранить 0,013423 0,013423
информационное 0,013423 0,040269
ограниченными 4,317488 4,317488
гарантированную 5,010635 5,010635
основное 2,931194 2,931194
трудоустроенных 5,010635 10,021271
федеральному 0,013423 0,026846
женщина 2,813411 2,813411
важно 2,120264 2,120264
объема 3,624341 3,624341
российские 2,238047 2,238047
медиабанкженщина 3,624341 3,624341
требования 2,525729 2,525729
объеме 4,317488 4,317488
начисления 4,317488 8,634976
прожиточного 4,317488 17,269952
полном 3,912023 3,912023
проходит 2,931194 5,862388
фио 0,013423 0,013423
пожалуйста 0,013423 0,013423
необходимо 1,791759 1,791759
тех 2,177422 4,354844
прекращения 3,624341 3,624341
версия 0,013423 0,013423
ниже 0,013423 0,053692
экономическим 5,010635 5,010635
поля 0,013423 0,093961
финансы 4,317488 4,317488
государственному 0,013423 0,026846
следовательно 3,912023 3,912023
страховую 4,317488 4,317488
предоставляют 3,912023 3,912023
военнослужащих 3,912023 3,912023
законом 3,401197 3,401197
поле 0,013423 0,013423
выглядит 3,912023 3,912023
увеличить 4,317488 8,634976
зарегистрировано 0,013423 0,013423
ежегодную 5,010635 5,010635
туризм 0,283247 0,283247
нормативные 5,010635 10,021271
сотрудник 2,612740 2,612740
адрес 0,013423 0,040269
соответствии 0,013423 0,026846
морковкин 4,317488 25,904929
работа 2,612740 2,612740
загрузите 0,013423 0,013423
сообщения 0,013423 0,053692
загрузить 0,013423 0,013423
направлении 0,013423 0,013423
первого 2,813411 2,813411
замеченных 0,013423 0,013423
телефон 0,013423 0,013423
фонда 3,912023 3,912023
собираются 3,218876 3,218876
виду 3,624341 3,624341
получателей 3,624341 18,121705
принимается 3,912023 3,912023
период 1,160488 2,320975
работы 2,302585 6,907755
экономист 4,317488 4,317488
обеспечивая 5,010635 5,010635
сообщение 0,013423 0,134230
пенсионерами 5,010635 5,010635
старые 0,013423 0,013423
кроме 1,919593 1,919593
попробуйте 0,013423 0,013423
накопления 3,912023 3,912023
финансового 2,066196 4,132393
остальным 3,912023 3,912023
случаях 2,813411 2,813411
правительство 3,401197 10,203592
материалы 1,643339 3,286679
страховой 4,317488 34,539905
пенсиями 4,317488 12,952464
отдельного 5,010635 5,010635
эксперт 1,678431 3,356862
стажа 4,317488 4,317488
статьи 0,013423 0,013423
подтвердите 0,013423 0,013423
происходят 4,317488 4,317488
перетащите 0,013423 0,040269
материале 0,013423 0,040269
культура 0,292136 0,292136
расчете 4,317488 8,634976
включая 2,525729 7,577186
материала 0,013423 0,026846
накоплений 5,010635 5,010635
происшествия 0,292136 0,292136
вашего 0,013423 0,013423
паролем 0,013423 0,013423
пенсиях 5,010635 5,010635
единовременно 5,010635 5,010635
медведем 5,010635 10,021271
расчета 3,401197 6,802395
трудящиеся 5,010635 5,010635
зарегистрируйтесь 0,013423 0,013423
обо 0,013423 0,013423
удалось 2,931194 2,931194
зависит 2,371578 7,114734
государственных 3,624341 7,248682
редактор 0,013423 0,013423
фгуп 0,499776 1,499327
федеральными 5,010635 5,010635
получателя 4,317488 4,317488
получить 1,752539 7,010155
недостает 5,010635 5,010635
гражданина 5,010635 10,021271
отправленного 0,013423 0,013423
индивидуального 5,010635 10,021271
экономической 3,064725 3,064725
связанные 0,013423 0,013423
теоретически 3,624341 3,624341
работает 3,064725 6,129450
обратная 0,013423 0,026846
риа 0,006689 0,127091
законах 5,010635 5,010635
минимальная 5,010635 10,021271
право 2,525729 5,051457
связанных 0,013423 0,013423
опишите 0,013423 0,013423
правительства 3,064725 6,129450
финансыобществороссия 5,010635 5,010635
правительстве 2,177422 4,354844
год 0,967584 0,967584
максим 2,525729 5,051457
будущей 5,010635 5,010635
увеличение 3,624341 7,248682
фсб 5,010635 5,010635
почты 0,013423 0,013423
выплату 3,912023 3,912023
итоговую 4,317488 4,317488
ведущий 2,302585 2,302585
вопросом 4,317488 4,317488
краткий 4,317488 12,952464
прожиточный 5,010635 25,053176
агентство 0,013423 0,040269
увеличению 4,317488 4,317488
выплата 3,912023 31,296184
потери 2,708050 2,708050
президентом 3,912023 3,912023
стране 2,813411 2,813411
повышенных 5,010635 5,010635
агентства 0,013423 0,013423
сегодня 0,013423 0,107384
запланировано 4,317488 4,317488
потере 4,317488 12,952464
мвд 3,401197 3,401197
составлял 3,912023 3,912023
выплаты 3,064725 18,388351
вместе 2,302585 2,302585
зависимости 2,014903 2,014903
шапка 0,013423 0,013423
проведет 4,317488 4,317488
отправить 0,013423 0,147653
продолжить 0,013423 0,013423
регион 4,317488 4,317488
используются 2,612740 2,612740
решение 1,791759 5,375278
решении 0,013423 0,013423
военные 3,624341 25,370387
дети 3,064725 3,064725
изменится 3,218876 19,313255
воспользуйтесь 0,013423 0,040269
фонд 3,064725 3,064725
аккаунт 0,013423 0,053692
экономика 0,292136 0,292136
коснется 5,010635 5,010635
обсуждение 0,013423 0,013423
блокировки 0,013423 0,013423
которая 1,643339 3,286679
накапливаются 5,010635 5,010635
гражданин 3,218876 3,218876
почта 0,013423 0,080538
главная 2,120264 2,120264
фамилия 0,013423 0,013423
начиная 3,624341 14,497364
решения 2,238047 4,476093
возрасту 5,010635 5,010635
регионального 3,401197 3,401197
яндекс 0,013423 0,026846
источники 3,624341 10,873023
удалили 0,013423 0,040269
либо 0,013423 0,040269
приблизительно 4,317488 4,317488
военных 2,708050 8,124151
согласно 2,371578 4,743156
аккаунту 0,013423 0,013423
обновление 3,912023 3,912023
повысят 5,010635 45,095718
открываемого 0,013423 0,026846
поиск 0,013423 0,013423
достижения 2,813411 2,813411
возраста 2,931194 5,862388
подписал 3,624341 3,624341
аналогичные 4,317488 4,317488
тысячи 2,931194 2,931194
реальных 5,010635 5,010635
согласны 0,013423 0,040269
возрасте 2,931194 2,931194
рекламы 0,013423 0,013423
основывается 5,010635 10,021271
следует 2,066196 2,066196
стоимость 2,612740 7,838220
родители 3,218876 3,218876
проводит 3,912023 3,912023
увеличиены 5,010635 5,010635
доцент 2,813411 2,813411
обсуждения 0,013423 0,013423
повысится 5,010635 5,010635
пенсионеров 3,912023 19,560115
блокировкой 0,013423 0,040269
семьи 2,445686 7,337058
условия 2,612740 5,225480
детства 3,064725 3,064725
новый 0,013423 0,013423
выплачивается 4,317488 17,269952
занятыми 5,010635 5,010635
индексации 4,317488 47,492369
приняло 5,010635 5,010635
индексацию 5,010635 10,021271
индексация 4,317488 69,079810
местный 5,010635 5,010635
ребенок 3,624341 7,248682
обзор 4,317488 12,952464
требуемый 5,010635 5,010635
менее 2,177422 4,354844
возможностями 4,317488 4,317488
доступ 0,013423 0,026846
миа 0,013423 0,067115
индексы 5,010635 5,010635
задать 0,013423 0,013423
теги 0,190354 0,190354
автоматически 2,931194 2,931194
важным 2,708050 2,708050
автору 0,013423 0,013423
трудового 5,010635 5,010635
александр 1,455287 2,910574
денежного 4,317488 8,634976
пенсионного 3,912023 23,472138
населения 3,064725 3,064725
должны 0,013423 0,013423
словам 1,752539 1,752539
г 0,013423 0,067115
д 0,013423 0,040269
кому 2,371578 26,087358
политика 0,013423 0,026846
параметры 4,317488 8,634976
рассчитывается 3,912023 7,824046
м 2,302585 2,302585
коэффициент 5,010635 5,010635
т 2,525729 2,525729
госуслуги 2,813411 2,813411
течение 0,013423 0,013423
дополнительные 2,813411 2,813411
обозначенной 5,010635 5,010635
какие 2,177422 4,354844
параметра 5,010635 5,010635
возможен 4,317488 4,317488
основным 3,624341 3,624341
применяется 3,218876 3,218876
должна 2,525729 2,525729
регионы 2,931194 2,931194
накопленных 5,010635 10,021271
время 0,013423 0,026846
ноженко 4,317488 12,952464
бывших 5,010635 5,010635
соответствующих 3,912023 3,912023
средства 2,445686 2,445686
новым 3,218876 3,218876
накопленные 5,010635 15,031906
восстановления 0,013423 0,013423
ранее 0,013423 0,026846
составлять 5,010635 5,010635
адаптируя 5,010635 5,010635
минимума 3,624341 14,497364
провел 2,525729 2,525729
разблокировать 0,013423 0,040269
город 0,013423 0,013423
получение 2,931194 2,931194
народов 3,912023 3,912023
отражает 5,010635 5,010635
обращаем 0,013423 0,013423
вправе 3,218876 3,218876
следующего 3,401197 3,401197
написать 0,013423 0,013423
новостеймолния 0,013423 0,013423
региональный 3,624341 7,248682
иждивения 5,010635 5,010635
дальнейшая 4,317488 4,317488
научный 2,445686 2,445686
одноклассники 0,013423 0,026846
сумму 2,525729 2,525729
суммы 3,912023 7,824046
показать 0,013423 0,013423
кнопку 0,013423 0,013423
руб 3,912023 3,912023
коммуникаций 0,013423 0,013423
сумме 3,912023 3,912023
автоматическое 3,624341 3,624341
основные 2,612740 5,225480
пароль 0,013423 0,080538
пароля 0,013423 0,053692
порядок 2,445686 2,445686
устанавливать 4,317488 4,317488
вход 0,013423 0,013423
тверской 5,010635 10,021271
продукты 0,150823 0,150823
читать 0,851752 0,851752
равняться 5,010635 5,010635
удалено 0,013423 0,013423
остававшиеся 5,010635 5,010635
гаврилова 0,013423 0,013423
меры 2,612740 2,612740
иждивении 4,317488 4,317488
сумма 3,218876 12,875503
расположенному 0,013423 0,026846
счета 3,401197 3,401197
всем 1,455287 1,455287
предназначены 3,912023 3,912023
обеих 4,317488 4,317488
меньше 2,708050 2,708050
учредитель 0,013423 0,013423
лишь 2,371578 4,743156
мое 0,013423 0,026846
решит 5,010635 5,010635
ссылка 0,013423 0,026846
одного 2,612740 5,225480
пенсионное 5,010635 10,021271
ссылке 0,013423 0,013423
ссылки 0,013423 0,013423
помочь 0,013423 0,013423
обязательны 0,013423 0,093961
иждивенцев 5,010635 10,021271
выше 3,064725 6,129450
вторая 3,218876 9,656627
роскомнадзор 0,013423 0,013423
довольствия 4,317488 12,952464
блокировался 0,013423 0,013423
пенсионная 5,010635 10,021271
москва 0,006689 0,020067
воспользоваться 0,013423 0,013423
входа 0,013423 0,013423
моё 0,013423 0,013423
назначена 5,010635 10,021271
дополнительную 3,401197 3,401197
павел 2,238047 4,476093
эта 2,371578 4,743156
последующих 4,317488 4,317488
изначально 3,401197 3,401197
устанавливают 4,317488 4,317488
проводится 5,010635 5,010635
политикой 0,013423 0,040269
лица 2,525729 2,525729
обработки 0,013423 0,026846
даю 0,013423 0,026846
установлены 3,624341 3,624341
коснутся 5,010635 5,010635
пенсионер 5,010635 10,021271
имея 5,010635 5,010635
разделе 2,931194 2,931194
повторный 5,010635 5,010635
обработку 0,013423 0,026846
предыдущего 4,317488 4,317488
двойном 4,317488 4,317488
работать 2,708050 2,708050
редакции 0,013423 0,026846
обращений 0,013423 0,013423
имел 3,912023 3,912023
провести 3,401197 3,401197
категориям 3,912023 7,824046
обработка 0,013423 0,013423
которого 2,238047 2,238047
возрастает 4,317488 4,317488
это 0,013423 0,080538
страховые 3,624341 21,746046
иждивенца 5,010635 10,021271
рублям 5,010635 5,010635
рубля 3,401197 47,616763
момента 3,064725 3,064725
две 2,177422 2,177422
кабинете 3,064725 3,064725
новую 0,013423 0,013423
массовых 0,013423 0,013423
страховых 5,010635 35,074447
пройдена 0,013423 0,013423
двойной 5,010635 15,031906
зарегистрироваться 0,013423 0,053692
пожаловаться 0,013423 0,013423
нетрудоустроенных 5,010635 5,010635
новости 0,006689 0,133780
войти 0,013423 0,053692
электронной 0,013423 0,013423
очной 3,912023 7,824046
регионе 3,624341 3,624341
оказывается 3,624341 3,624341
рубли 4,317488 8,634976
действия 0,013423 0,013423
радио 0,274437 0,274437
защита 0,013423 0,013423
регистрация 0,013423 0,040269
минимум 2,612740 13,063700
основного 3,218876 3,218876
использования 0,013423 0,013423
восстановление 0,013423 0,040269
индивидуально 5,010635 5,010635
инфляции 3,624341 7,248682
особые 3,218876 9,656627
перерасчет 4,317488 17,269952
государственное 0,013423 0,013423
обучения 3,624341 3,624341
спецпроекты 0,190354 0,190354
затем 1,791759 1,791759
просим 0,013423 0,013423
феврале 3,064725 3,064725
мфц 3,218876 9,656627
заблокирован 0,013423 0,013423
ошибку 0,013423 0,013423
защиты 0,013423 0,026846
путин 1,514128 1,514128
обращения 0,013423 0,026846
инвалидами 4,317488 4,317488
первый 2,014903 2,014903
продолжил 5,010635 5,010635
ошибка 0,013423 0,013423
совпадет 5,010635 5,010635
значение 2,302585 2,302585
малочисленных 5,010635 5,010635
вопрос 0,006689 0,006689
лицам 3,401197 3,401197
подтверждаете 0,013423 0,013423
увольняется 5,010635 5,010635
поскольку 2,612740 2,612740
деятельности 2,931194 2,931194
дополнительной 3,401197 3,401197
значения 3,912023 3,912023
размер 2,813411 50,641393
ваш 0,013423 0,053692
имя 0,013423 0,067115
срок 0,013423 0,026846
отображается 3,912023 3,912023
увольнения 3,912023 7,824046
технологий 0,013423 0,026846
накопить 5,010635 5,010635
самый 2,177422 2,177422
медиабанкпенсионное 5,010635 10,021271
материал 0,013423 0,013423
прибавку 5,010635 30,063812
одному 3,912023 3,912023
возрастет 5,010635 5,010635
успешно 0,013423 0,013423
входят 3,624341 3,624341
ипк 5,010635 30,063812
лента 0,006689 0,013378
достаточный 5,010635 10,021271
реалиям 5,010635 5,010635
продолжении 5,010635 10,021271
свидетельства 3,624341 3,624341
заблокированы 0,013423 0,013423
сфере 0,013423 0,013423
уточняет 2,708050 2,708050
свидетельство 0,013423 0,013423
правила 0,013423 0,026846
сути 3,624341 3,624341
ежемесячных 5,010635 5,010635
намерены 4,317488 4,317488
индексациям 5,010635 5,010635
возможности 2,302585 2,302585
правило 3,064725 3,064725
официальному 5,010635 5,010635
комментирования 0,013423 0,026846
предназначен 3,912023 3,912023
блинов 2,371578 4,743156
даты 2,813411 5,626821
дать 2,066196 2,066196
пресс 0,013423 0,026846
россии 0,395515 4,746177
применения 0,013423 0,013423
советует 3,401197 3,401197
возможный 2,371578 2,371578
минимальный 4,317488 4,317488
пенсионных 5,010635 20,042541
персональных 0,013423 0,107384
баллов 4,317488 12,952464
произошла 0,013423 0,013423
рублей 2,525729 22,731558
пенсии 3,401197 153,053882
пенсий 4,317488 82,032274
дата 0,013423 0,013423
ваше 0,013423 0,107384
сайте 0,013423 0,026846
ваши 0,013423 0,013423
пенсионные 4,317488 21,587441
процентов 2,931194 17,587163
детям 2,813411 14,067054
восстановить 0,013423 0,013423
существует 2,612740 2,612740
конце 2,238047 2,238047
селиверстова 3,218876 6,437752
порог 3,912023 3,912023
вопроса 0,013423 0,013423
которую 2,931194 2,931194
заслуживают 5,010635 5,010635
россия 0,006689 0,093646
го 2,177422 2,177422
занятость 5,010635 5,010635
личном 2,931194 2,931194
вслед 5,010635 5,010635
учетом 3,218876 6,437752
прошедшие 4,317488 4,317488
изменятся 4,317488 4,317488
января 1,160488 6,962926
зарплату 5,010635 5,010635
январь 2,931194 5,862388
прошедший 5,010635 5,010635
регистрации 0,013423 0,026846
накопительной 4,317488 4,317488
недоиндексации 5,010635 5,010635
сайт 0,013423 0,026846
обоих 5,010635 5,010635
достигнув 4,317488 4,317488
достигшим 5,010635 5,010635
положена 4,317488 4,317488
сервисы 0,190354 0,190354
рождении 4,317488 4,317488
стандартной 5,010635 10,021271
другое 0,013423 0,013423
трех 2,177422 2,177422
компенсируют 5,010635 5,010635
поддерживаетсяполучить 0,013423 0,013423
иными 5,010635 5,010635
прийти 3,912023 3,912023
инвалидов 3,401197 10,203592
собственный 3,624341 3,624341
отправки 0,013423 0,013423
числе 2,525729 2,525729
словами 4,317488 4,317488
унитарному 0,013423 0,026846
учебных 4,317488 4,317488
утраты 4,317488 4,317488
положены 3,401197 17,005987
число 2,371578 2,371578
факт 3,218876 3,218876
ситуациях 4,317488 4,317488
которому 2,931194 2,931194
проиндексируют 5,010635 5,010635
обновлено 1,003302 1,003302
пенсию 3,624341 14,497364
пенсия 4,317488 47,492369
выберите 0,013423 0,040269
вырастет 3,912023 3,912023
вид 2,708050 2,708050
кондратюк 3,912023 7,824046
превышения 4,317488 8,634976
данной 3,912023 7,824046
плата 5,010635 5,010635
горячей 2,708050 2,708050
трудоспособных 5,010635 5,010635
планируется 3,624341 3,624341
защитой 0,013423 0,026846
размера 2,708050 10,832201
размере 3,912023 11,736069
повышением 5,010635 10,021271
авторизация 0,013423 0,013423
средней 2,302585 2,302585
религия 0,283247 0,283247
форма 0,013423 0,013423
логином 0,013423 0,013423
показателя 5,010635 10,021271
рейтинг 0,006689 0,006689
галочку 0,013423 0,013423
форме 2,302585 2,302585
подробнее 3,064725 3,064725
показатель 3,624341 7,248682
документы 3,064725 6,129450
социальной 2,445686 4,891372
пройдет 3,218876 3,218876
тысяч 2,238047 2,238047
дня 1,678431 1,678431
способы 0,013423 0,026846
силовых 5,010635 5,010635
недвижимость 0,292136 0,292136
медиабанкроссийские 5,010635 5,010635
дискуссии 0,013423 0,026846
применяемых 5,010635 5,010635
члены 3,624341 7,248682
сотрудников 2,708050 2,708050
унитарное 0,013423 0,013423
увеличив 4,317488 4,317488
повлияла 5,010635 5,010635
инвалидностью 3,912023 3,912023
составляла 4,317488 4,317488
формы 3,218876 3,218876
точные 4,317488 8,634976
повышение 3,912023 15,648092
форму 0,013423 0,093961
тема 0,013423 0,040269
социальная 3,912023 3,912023
рекомендательных 0,013423 0,013423
сохранивших 5,010635 5,010635
данная 0,013423 0,013423
октябре 3,912023 7,824046
проставляя 0,013423 0,013423
троих 4,317488 4,317488
заполнения 0,013423 0,093961
полезное 0,182322 0,182322
подтверждающие 3,401197 3,401197
службе 0,013423 0,013423
медиабанк 1,321756 6,608779
релизов 0,013423 0,013423
обратиться 2,612740 2,612740
медиабанкработа 3,401197 3,401197
ваших 0,013423 0,026846
необходимую 5,010635 5,010635
ко 2,177422 2,177422
является 2,066196 2,066196
октября 1,832581 9,162907
граждан 2,931194 2,931194
профессиональной 3,401197 3,401197
наталья 2,708050 5,416100
например 1,714798 1,714798
следующим 3,218876 3,218876
правил 0,013423 0,040269
которых 1,966113 1,966113
балла 4,317488 4,317488
авторизоваться 0,013423 0,013423
авторизуйтесь 0,013423 0,013423
составит 3,218876 16,094379
телефону 3,912023 3,912023
вырастут 4,317488 21,587441
баллы 2,931194 5,862388
случае 1,714798 1,714798
президент 2,238047 2,238047
расширенный 0,013423 0,013423
сиротам 5,010635 15,031906
поступлений 5,010635 5,010635
увеличены 5,010635 10,021271
совпадает 5,010635 5,010635
случаю 4,317488 4,317488
новыесначала 0,013423 0,013423
минимального 4,317488 8,634976
предоставить 2,708050 2,708050
заказав 5,010635 5,010635
собой 2,445686 2,445686
обеспечения 2,813411 8,440232
справки 1,875141 1,875141
федеральных 5,010635 5,010635
начале 2,445686 2,445686
задолженность 4,317488 4,317488
начала 2,445686 7,337058
участие 0,006689 0,006689
архивное 1,373049 8,238295
использовать 0,013423 0,013423
опечатка 0,013423 0,013423
исходя 3,624341 7,248682
каждый 2,120264 8,481054
онлайн 0,013423 0,013423
контактов 0,013423 0,013423
дающих 5,010635 5,010635
количества 3,064725 6,129450
апреля 0,013423 0,107384
получают 3,401197 6,802395
университета 2,177422 4,354844
независимо 3,624341 3,624341
количество 2,238047 2,238047
нами 0,013423 0,093961
отдельном 5,010635 5,010635
владимир 1,373049 4,119147
механизм 3,912023 3,912023
федеральный 3,218876 19,313255
вакансии 0,013423 0,013423
федеральным 3,624341 3,624341
треть 3,624341 3,624341
нажимая 0,013423 0,013423
мужчина 3,401197 6,802395
вами 0,013423 0,013423
недопустимое 0,013423 0,013423
инвалидности 3,624341 25,370387
категории 2,708050 18,956351
году 1,139434 44,437937
компьютером 4,317488 8,634976
истек 0,013423 0,013423
официальные 4,317488 12,952464
предприятию 0,013423 0,026846
фиксированную 4,317488 4,317488
официальным 3,064725 3,064725
внимание 0,013423 0,026846
принимать 0,013423 0,013423
значительно 3,218876 3,218876
уровню 4,317488 4,317488
сможете 0,013423 0,013423
года 0,006689 0,193981
сведения 3,218876 3,218876
чьи 3,624341 3,624341
информация 2,612740 2,612740
ознакомлены 0,013423 0,013423
информацию 2,708050 2,708050
двойная 5,010635 5,010635
завершения 2,931194 2,931194
увеличением 4,317488 4,317488
повышения 3,912023 3,912023
моих 0,013423 0,026846
юриста 3,624341 3,624341
предприятие 0,013423 0,013423
выплат 3,912023 27,384161
наука 0,292136 0,292136
учащиеся 5,010635 5,010635
наличии 3,218876 6,437752
проверить 2,708050 8,124151
внимания 3,218876 3,218876
