蟹邪泻芯薪薪褘屑 0,013423 0,013423
泻械屑锌械谢芯褋 5,010635 5,010635
薪芯胁褘泄 0,013423 0,013423
褋褕邪褎懈薪谢褟薪写懈褟褕胁械褑懈褟褕胁械泄褑邪褉懈褟屑邪褌械褉懈邪谢褘 5,010635 5,010635
薪邪泄褌懈 0,013423 0,013423
芯褋薪芯胁邪薪懈械屑 0,013423 0,013423
褏芯泻泻械泄邪褉褌械屑懈泄 5,010635 5,010635
锌懈褋褜屑芯 0,013423 0,013423
褋锌邪褋懈斜芯 0,013423 0,013423
褌械薪薪懈褋 2,525729 2,525729
邪写屑懈褉邪谢 5,010635 5,010635
芯斜蟹芯褉 4,317488 4,317488
褎懈谐褍褉薪芯械 2,371578 2,371578
褋芯谐谢邪褋懈械 0,013423 0,026846
褑械薪褌褉 0,190354 0,190354
锌械褌械褉斜褍褉谐 2,813411 2,813411
写芯褋褌褍锌 0,013423 0,026846
屑懈邪 0,013423 0,026846
蟹邪写邪褌褜 0,013423 0,013423
褌械谐懈 0,190354 0,190354
邪胁褌芯褉褍 0,013423 0,013423
锌芯蟹芯褉 5,010635 5,010635
褋胁褟蟹邪褌褜褋褟 0,013423 0,080538
写芯谢卸薪褘 0,013423 0,013423
锌褉芯谐褍谢褘 5,010635 5,010635
谐 0,013423 0,026846
写 0,013423 0,026846
锌褉芯褋屑芯褌褉邪 4,317488 4,317488
褉械泻谢邪屑邪 0,190354 0,190354
褎芯褌芯 0,013423 0,013423
褔械褏懈懈 4,317488 8,634976
锌芯谢懈褌懈泻邪 0,013423 0,013423
褋胁褟蟹褜 0,006689 0,013378
褋邪薪泻褌 2,525729 2,525729
蟹胁械蟹写褘 3,624341 3,624341
锌芯斜芯褉芯褌褜褋褟 4,317488 4,317488
谐芯褌芯胁芯 0,013423 0,026846
褌械褔械薪懈械 0,013423 0,013423
邪胁褌芯 2,238047 2,238047
懈薪褎芯褉屑邪褑懈芯薪薪褘褏 0,013423 0,013423
褉邪蟹屑械褖械薪懈褟 0,013423 0,013423
褎褍褌斜芯谢 2,445686 2,445686
泻芯薪褎懈写械薪褑懈邪谢褜薪芯褋褌懈 0,013423 0,053692
褋胁褟蟹懈 0,013423 0,080538
蟹邪谐芯谢芯胁芯泻 0,013423 0,026846
褏芯泻泻械泄褋锌芯褉褌写懈谢邪薪 5,010635 5,010635
锌褉芯褑械褋褋邪 0,013423 0,013423
邪写褉械褋褍 0,013423 0,026846
屑褍卸褋泻芯谐芯 4,317488 4,317488
锌褉芯斜谢械屑褍 0,013423 0,013423
胁褉械屑褟 0,013423 0,026846
写邪薪薪褘褏 0,013423 0,107384
锌懈褋褜屑邪 0,013423 0,013423
褔邪褋芯胁 0,013423 0,026846
褋芯谐谢邪褕邪械褌械褋褜 0,013423 0,013423
褉邪薪械械 0,013423 0,013423
胁芯褋褋褌邪薪芯胁谢械薪懈褟 0,013423 0,013423
谐谢邪胁薪褘泄 0,013423 0,026846
写邪薪薪褘械 0,013423 0,013423
褎懈薪邪谢械 5,010635 5,010635
锌褉芯胁械谢 2,525729 2,525729
褉邪蟹斜谢芯泻懈褉芯胁邪褌褜 0,013423 0,040269
谐芯褉芯写 0,013423 0,013423
胁褘褉胁邪谢邪 5,010635 5,010635
褎芯褌芯谐褉邪褎懈褞 0,013423 0,013423
芯斜褉邪褖邪械屑 0,013423 0,013423
芯褌锌褉邪胁谢械薪芯 0,013423 0,013423
薪邪锌懈褋邪褌褜 0,013423 0,013423
薪芯胁芯褋褌械泄屑芯谢薪懈褟 0,013423 0,013423
芯写薪芯泻谢邪褋褋薪懈泻懈 0,013423 0,026846
褋薪邪褔邪谢邪 0,013423 0,013423
褋械薪褋邪褑懈泄 3,624341 3,624341
锌械褉胁褍褞 2,238047 2,238047
锌芯泻邪蟹邪褌褜 0,013423 0,013423
泻薪芯锌泻褍 0,013423 0,013423
泻芯屑屑褍薪懈泻邪褑懈泄 0,013423 0,013423
芯谢懈屑锌懈泄褋泻懈械 2,931194 26,380744
锌邪褉芯谢褜 0,013423 0,080538
锌邪褉芯谢褟 0,013423 0,053692
褏芯泻泻械泄蟹懈屑薪懈械 5,010635 5,010635
锌械褉械泄写懈褌械 0,013423 0,013423
芯谢懈屑锌懈泄褋泻懈泄 3,912023 3,912023
胁褏芯写 0,013423 0,013423
锌芯斜械写褍 3,218876 3,218876
锌褉芯写褍泻褌褘 0,150823 0,150823
蟹邪泻褉褘褌芯 0,013423 0,013423
褍写邪谢械薪芯 0,013423 0,013423
褏芯泻泻械泄薪芯谐芯 3,912023 7,824046
褋泻芯谢褜泻芯 0,006689 0,006689
谐邪胁褉懈谢芯胁邪 0,013423 0,013423
屑邪褌械褉懈邪谢芯胁 0,013423 0,053692
芯褌锌褉邪胁谢械薪邪 0,013423 0,013423
褔邪褌械 0,013423 0,013423
褏芯泻泻械泄褋锌芯褉褌蟹懈屑薪懈械 5,010635 20,042541
褉邪蟹褉械褕懈谢懈 5,010635 5,010635
芯斜褘谐褉邪谢邪 5,010635 5,010635
褉邪褋锌芯谢芯卸械薪薪芯屑褍 0,013423 0,026846
褔邪褌褍 0,013423 0,013423
褉械写邪泻褑懈械泄 0,013423 0,013423
斜懈邪褌谢芯薪 2,525729 2,525729
褍褔褉械写懈褌械谢褜 0,013423 0,013423
褉邪褋褋屑芯褌褉械薪褘 0,013423 0,013423
屑芯械 0,013423 0,026846
褋褋褘谢泻邪 0,013423 0,026846
锌芯褋谢械写薪懈械 1,098612 1,098612
屑芯泻 4,317488 4,317488
褋褋褘谢泻械 0,013423 0,013423
锌械褉械褌褟薪懈褌械 0,013423 0,013423
褋褋褘谢泻懈 0,013423 0,013423
锌芯屑芯褔褜 0,013423 0,013423
邪褉褏懈胁 0,190354 0,190354
芯谢懈屑锌懈邪写芯泄 4,317488 4,317488
械写懈薪芯斜芯褉褋褌胁邪 2,525729 2,525729
芯褕懈斜泻邪褏 0,013423 0,013423
芯斜褟蟹邪褌械谢褜薪褘 0,013423 0,093961
褏芯泻泻械褟 5,010635 25,053176
褋褕邪 1,118815 1,118815
懈谐褉芯泻芯胁 4,317488 4,317488
胁褘锌褍褋泻邪 0,013423 0,013423
褋锌懈褋泻邪 0,013423 0,013423
褎芯褉屑芯泄 0,013423 0,053692
褉芯褋泻芯屑薪邪写蟹芯褉 0,013423 0,013423
斜谢芯泻懈褉芯胁邪谢褋褟 0,013423 0,013423
谢械褏泻芯薪械薪薪邪褑懈芯薪邪谢褜薪邪褟 5,010635 5,010635
屑芯褋泻胁邪 0,006689 0,020067
胁芯褋锌芯谢褜蟹芯胁邪褌褜褋褟 0,013423 0,013423
胁褏芯写邪 0,013423 0,013423
褏芯泻泻械泄薪褘褏 5,010635 5,010635
屑芯褢 0,013423 0,013423
褕胁械泄褑邪褉懈懈 3,624341 3,624341
胁褘薪芯褋褟褌 5,010635 5,010635
褎械写械褉邪谢褜薪芯械 0,013423 0,013423
褎械写械褉邪谢褜薪芯泄 0,013423 0,013423
褏械泄褋泻邪薪械薪邪褉褌褌褍褉懈 5,010635 5,010635
屑械卸写褍薪邪褉芯写薪芯械 0,013423 0,040269
谢芯褋 3,401197 3,401197
泻懈薪谐蟹薪邪褑懈芯薪邪谢褜薪邪褟 5,010635 5,010635
斜褍写褍褌 0,013423 0,013423
锌邪薪邪褉懈薪 4,317488 4,317488
薪芯胁芯褋褌械泄 0,006689 0,006689
谢褍褔褕懈褏 1,832581 1,832581
锌芯谢懈褌懈泻芯泄 0,013423 0,040269
褉邪褋泻褉懈褌懈泻芯胁邪谢 3,912023 3,912023
泻芯屑邪薪写褍 3,912023 3,912023
屑懈褏邪泄谢芯胁 5,010635 5,010635
屑邪褌褔械 2,931194 5,862388
芯斜褉邪斜芯褌泻懈 0,013423 0,026846
写邪褞 0,013423 0,026846
芯斜褉邪斜芯褌泻褍 0,013423 0,026846
芯斜褉邪褌薪芯泄 0,013423 0,067115
褉械写邪泻褑懈懈 0,013423 0,026846
芯斜褉邪褖械薪懈泄 0,013423 0,013423
胁褔械褉邪 1,576648 4,729944
芯斜褉邪斜芯褌泻邪 0,013423 0,013423
褝褌芯 0,013423 0,013423
褋械蟹芯薪邪 2,813411 2,813411
薪邪蟹胁邪谢邪 2,525729 2,525729
胁褘斜褘谢 3,218876 3,218876
芯锌懈褋邪薪懈械屑 0,013423 0,013423
薪芯胁褍褞 0,013423 0,013423
屑邪褋褋芯胁褘褏 0,013423 0,013423
褌褉械薪械褉 4,317488 4,317488
锌褉芯泄写械薪邪 0,013423 0,013423
懈褋锌芯谢褜蟹褍械褌褋褟 0,013423 0,013423
蟹邪褉械谐懈褋褌褉懈褉芯胁邪褌褜褋褟 0,013423 0,053692
锌芯卸邪谢芯胁邪褌褜褋褟 0,013423 0,013423
薪芯胁芯褋褌懈 0,006689 0,040134
胁芯泄褌懈 0,013423 0,053692
褝谢械泻褌褉芯薪薪芯泄 0,013423 0,013423
薪褏谢 2,525729 17,680101
邪薪写卸械谢械褋 3,401197 6,802395
胁褘褕谢邪 4,317488 8,634976
薪械写械谢懈 2,708050 2,708050
褝谢 0,013423 0,013423
写械泄褋褌胁懈褟 0,013423 0,013423
褌褉械薪懈褉芯胁泻褍 4,317488 4,317488
蟹邪褖懈褌邪 0,013423 0,013423
褋械胁械褉褋褌邪谢褜 5,010635 5,010635
褉械谐懈褋褌褉邪褑懈褟 0,013423 0,040269
锌芯褔械屑褍 0,013423 0,013423
懈褋锌芯谢褜蟹芯胁邪薪懈褟 0,013423 0,013423
胁芯褋褋褌邪薪芯胁谢械薪懈械 0,013423 0,040269
胁芯锌褉芯褋邪屑 0,013423 0,026846
谐芯褋褍写邪褉褋褌胁械薪薪芯械 0,013423 0,013423
胁泻芯薪褌邪泻褌械 0,013423 0,026846
褋锌械褑锌褉芯械泻褌褘 0,190354 0,190354
锌褉芯褋懈屑 0,013423 0,013423
薪邪胁褋械谐写邪 0,013423 0,013423
薪邪褉褍褕械薪懈械 0,013423 0,040269
蟹邪斜谢芯泻懈褉芯胁邪薪 0,013423 0,013423
屑芯谐谢邪 4,317488 4,317488
芯褕懈斜泻褍 0,013423 0,026846
蟹邪褖懈褌褘 0,013423 0,013423
薪邪蟹邪写 0,013423 0,067115
褎懈薪谢褟薪写懈懈 3,624341 3,624341
芯斜褉邪褖械薪懈褟 0,013423 0,026846
懈谐褉褘 1,791759 16,125835
褎械胁褉邪谢褟 0,616186 1,848558
芯褕懈斜泻邪 0,013423 0,013423
胁芯锌褉芯褋 0,006689 0,006689
蟹褍斜芯胁褋泻懈泄 0,013423 0,026846
锌芯写褌胁械褉卸写邪械褌械 0,013423 0,013423
蟹邪锌芯谢薪懈褌褜 0,013423 0,026846
屑芯褋泻芯胁褋泻芯谐芯 2,813411 2,813411
芯褋褍褖械褋褌胁谢褟械褌褋褟 0,013423 0,013423
胁邪褕 0,013423 0,053692
屑邪褌褔械泄 3,912023 7,824046
懈屑褟 0,013423 0,067115
写褉褍谐懈械 0,013423 0,026846
褏芯泻泻械泄薪邪褟 3,912023 19,560115
褎械写械褉邪褑懈褟 4,317488 8,634976
薪邪写蟹芯褉褍 0,013423 0,013423
褋褉芯泻 0,013423 0,026846
屑懈褉芯胁褘褏 5,010635 5,010635
懈蟹写邪薪懈械 0,013423 0,013423
斜褍谢褜胁邪褉 0,013423 0,026846
褏芯褌懈褌械 0,013423 0,013423
蟹邪锌芯谢薪懈褌械 0,013423 0,067115
褌械褏薪芯谢芯谐懈泄 0,013423 0,026846
褋械褌械胁芯械 0,013423 0,013423
锌芯谢褍褎懈薪邪谢褜薪褘械 3,912023 3,912023
褏芯泻泻械泄褋锌芯褉褌褉芯褋褋懈褟懈褌邪谢懈褟褋褋褋褉斜芯褉懈褋 5,010635 5,010635
胁薪芯胁褜 0,013423 0,013423
褋屑械薪懈褌褜 0,013423 0,013423
褔械屑锌懈芯薪邪褌芯胁 5,010635 5,010635
斜褍谢谢懈褌芯胁 5,010635 5,010635
邪屑械褉懈泻芯泄 3,064725 3,064725
屑邪褌械褉懈邪谢 0,013423 0,013423
褍褔邪褋褌胁芯胁邪褌褜 0,013423 0,026846
褋芯芯斜褖懈褌褜 0,013423 0,013423
褍褋锌械褕薪芯 0,013423 0,013423
褋泻褉懈薪褕芯褌 0,013423 0,040269
谢械薪褌邪 0,006689 0,013378
蟹邪斜谢芯泻懈褉芯胁邪薪褘 0,013423 0,013423
褋锌芯褉褌 0,190354 0,380707
褋褎械褉械 0,013423 0,013423
褋锌芯褉褌邪胁褌芯褉褘 5,010635 5,010635
褋胁懈写械褌械谢褜褋褌胁芯 0,013423 0,013423
褋斜芯褉薪邪褟 5,010635 15,031906
锌褉邪胁懈谢邪 0,013423 0,026846
胁蟹邪懈屑芯写械泄褋褌胁懈褟 0,013423 0,026846
锌褉芯写谢懈谢 4,317488 4,317488
褋械胁械褉褋褌邪谢褜泻褏谢 5,010635 5,010635
褋芯褏褉邪薪懈褌褜 0,013423 0,013423
懈薪褎芯褉屑邪褑懈芯薪薪芯械 0,013423 0,040269
蟹懈屑薪懈械 2,813411 5,626821
泻芯屑屑械薪褌懈褉芯胁邪薪懈褟 0,013423 0,026846
褋芯褋褌邪胁械 3,218876 3,218876
邪褏芯屑懈褉芯 5,010635 5,010635
蟹芯卸 2,302585 2,302585
锌褉械褋褋 0,013423 0,026846
泻褏谢 2,525729 12,628643
褉芯褋褋懈懈 0,395515 0,395515
锌褉懈屑械薪械薪懈褟 0,013423 0,013423
褏芯泻泻械泄褋锌芯褉褌邪胁褌芯屑芯斜懈谢懈褋褌泻褏谢 4,317488 4,317488
褎械写械褉邪谢褜薪芯屑褍 0,013423 0,026846
锌械褉褋芯薪邪谢褜薪褘褏 0,013423 0,107384
锌褉芯懈蟹芯褕谢邪 0,013423 0,013423
懈谐褉芯泻 2,813411 2,813411
写邪褌邪 0,013423 0,013423
胁邪褕械 0,013423 0,107384
褋邪泄褌械 0,013423 0,013423
胁邪褕懈 0,013423 0,013423
褎懈芯 0,013423 0,013423
胁芯褋褋褌邪薪芯胁懈褌褜 0,013423 0,013423
锌芯卸邪谢褍泄褋褌邪 0,013423 0,013423
锌邪褉褘 4,317488 4,317488
薪懈卸械 0,013423 0,040269
胁械褉褋懈褟 0,013423 0,013423
胁芯锌褉芯褋邪 0,013423 0,013423
褉芯褋褋懈褟 0,006689 0,046823
褉芯褋褋懈褞 2,302585 2,302585
锌芯谢褟 0,013423 0,093961
泻芯薪褑邪 2,445686 2,445686
褋褔懈褌邪械褌 2,813411 2,813411
谐芯褋褍写邪褉褋褌胁械薪薪芯屑褍 0,013423 0,026846
褉械谐懈褋褌褉邪褑懈懈 0,013423 0,026846
褏芯泻泻械泄褋锌芯褉褌薪懈泻芯谢邪泄 5,010635 5,010635
锌芯谢械 0,013423 0,013423
褋邪泄褌 0,013423 0,026846
褌褍褉薪懈褉邪 2,813411 5,626821
褋械褉胁懈褋褘 0,190354 0,190354
蟹邪褉械谐懈褋褌褉懈褉芯胁邪薪芯 0,013423 0,013423
写褉褍谐芯械 0,013423 0,013423
锌芯写写械褉卸懈胁邪械褌褋褟锌芯谢褍褔懈褌褜 0,013423 0,013423
邪写褉械褋 0,013423 0,040269
褋芯芯褌胁械褌褋褌胁懈懈 0,013423 0,026846
屑懈褏邪泄谢芯胁屑械卸写褍薪邪褉芯写薪褘泄 5,010635 5,010635
蟹邪谐褉褍蟹懈褌械 0,013423 0,013423
褋芯芯斜褖械薪懈褟 0,013423 0,053692
谐芯谢写芯斜懈薪褉褍褋谢邪薪 5,010635 5,010635
蟹邪谐褉褍蟹懈褌褜 0,013423 0,013423
锌芯褉邪卸械薪懈褟 4,317488 4,317488
褏芯泻泻械泄泻邪薪邪写邪芯薪褌邪褉懈芯褎懈薪谢褟薪写懈褟蟹懈屑薪懈械 5,010635 5,010635
薪邪锌褉邪胁谢械薪懈懈 0,013423 0,013423
蟹邪屑械褔械薪薪褘褏 0,013423 0,013423
褌械谢械褎芯薪 0,013423 0,013423
芯褌锌褉邪胁泻懈 0,013423 0,013423
褍薪懈褌邪褉薪芯屑褍 0,013423 0,026846
褋褉邪蟹褟褌褋褟 3,401197 3,401197
褋芯芯斜褖械薪懈械 0,013423 0,134230
胁褘斜械褉懈褌械 0,013423 0,040269
褋褌邪褉褘械 0,013423 0,013423
锌邪薪邪褉懈薪邪写褉懈邪薪 5,010635 5,010635
芯谢懈屑锌懈泄褋泻芯谐芯 3,912023 3,912023
锌芯锌褉芯斜褍泄褌械 0,013423 0,013423
屑芯褌芯 2,525729 2,525729
芯胁械褔泻懈薪胁邪褕懈薪谐褌芯薪 4,317488 4,317488
泻邪薪邪写械 5,010635 10,021271
褏褜褞蟹蟹懈屑薪懈械 5,010635 5,010635
锌芯褉邪卸械薪懈泄 4,317488 4,317488
蟹邪褖懈褌芯泄 0,013423 0,026846
褋褌邪褌褜懈 0,013423 0,013423
锌芯写褌胁械褉写懈褌械 0,013423 0,013423
邪胁褌芯褉懈蟹邪褑懈褟 0,013423 0,013423
褎芯褉屑邪 0,013423 0,013423
谢芯谐懈薪芯屑 0,013423 0,013423
褉械泄褌懈薪谐 0,006689 0,006689
谐邪谢芯褔泻褍 0,013423 0,013423
泻芯薪褌邪泻褌褘 2,120264 2,120264
锌械褉械褌邪褖懈褌械 0,013423 0,040269
屑邪褌械褉懈邪谢械 0,013423 0,026846
褋谢械写懈褌 3,912023 3,912023
褏芯泻泻械泄褋锌芯褉褌屑械卸写褍薪邪褉芯写薪邪褟 5,010635 5,010635
泻懈薪谐蟹 4,317488 4,317488
屑邪褌械褉懈邪谢邪 0,013423 0,026846
胁邪褕械谐芯 0,013423 0,013423
锌邪褉芯谢械屑 0,013423 0,013423
谢邪褉泻懈薪泻褍懈薪薪 5,010635 5,010635
褋锌芯褋芯斜褘 0,013423 0,026846
蟹邪褉械谐懈褋褌褉懈褉褍泄褌械褋褜 0,013423 0,013423
芯斜芯 0,013423 0,013423
泻邪薪邪写褘 4,317488 4,317488
蟹邪屑械薪懈胁褕褍褞 5,010635 5,010635
泻褝锌懈褌邪谢蟹薪邪褑懈芯薪邪谢褜薪邪褟 5,010635 5,010635
褋泻芯褉械薪芯胁褋泻邪 5,010635 5,010635
写懈褋泻褍褋褋懈懈 0,013423 0,026846
褉械写邪泻褌芯褉 0,013423 0,013423
褍薪懈褌邪褉薪芯械 0,013423 0,013423
邪斜褉芯褋懈屑芯胁邪谢械泻褋邪薪写褉 5,010635 5,010635
褎芯褉屑褍 0,013423 0,093961
褌械屑邪 0,013423 0,040269
褏芯泻泻械泄 2,238047 11,190233
芯褌锌褉邪胁谢械薪薪芯谐芯 0,013423 0,013423
褋胁褟蟹邪薪薪褘械 0,013423 0,013423
褉械泻芯屑械薪写邪褌械谢褜薪褘褏 0,013423 0,013423
写邪薪薪邪褟 0,013423 0,013423
褋泻邪 5,010635 5,010635
芯斜褉邪褌薪邪褟 0,013423 0,026846
褉懈邪 0,006689 0,026756
褋械褉懈褞 3,912023 3,912023
锌褉芯褋褌邪胁谢褟褟 0,013423 0,013423
褋胁褟蟹邪薪薪褘褏 0,013423 0,013423
芯锌懈褕懈褌械 0,013423 0,013423
蟹邪锌芯谢薪械薪懈褟 0,013423 0,093961
芯胁械褔泻懈薪 4,317488 4,317488
锌芯谢械蟹薪芯械 0,182322 0,182322
褋谢褍卸斜械 0,013423 0,013423
锌褉懈蟹薪邪谢懈 2,525729 2,525729
褉械谢懈蟹芯胁 0,013423 0,013423
褋械褉懈懈 4,317488 4,317488
胁邪褕懈褏 0,013423 0,026846
泻芯屑懈褌械褌 3,064725 3,064725
锌芯褔褌褘 0,013423 0,013423
泻谢邪褋褋芯薪 3,218876 3,218876
邪谐械薪褌褋褌胁芯 0,013423 0,040269
写懈薪邪屑芯 2,238047 4,476093
锌褉邪胁懈谢 0,013423 0,040269
锌褉懈蟹薪邪谢褋褟 5,010635 5,010635
邪胁褌芯褉懈蟹芯胁邪褌褜褋褟 0,013423 0,013423
邪胁褌芯褉懈蟹褍泄褌械褋褜 0,013423 0,013423
褋褍写械泄褋褌胁芯 5,010635 5,010635
芯锌褉械写械谢懈谢懈褋褜 4,317488 4,317488
邪谐械薪褌褋褌胁邪 0,013423 0,013423
褋械谐芯写薪褟 0,013423 0,080538
褉邪褋褕懈褉械薪薪褘泄 0,013423 0,013423
邪谐械薪褌褋褌胁械 2,525729 2,525729
锌芯谢褍褎懈薪邪谢 4,317488 8,634976
薪芯胁褘械褋薪邪褔邪谢邪 0,013423 0,013423
褋褍写械泄褋泻褍褞 4,317488 4,317488
褕邪锌泻邪 0,013423 0,013423
芯褌锌褉邪胁懈褌褜 0,013423 0,147653
锌褉芯写芯谢卸懈褌褜 0,013423 0,013423
褉械褕械薪懈懈 0,013423 0,013423
谢懈谐邪 2,371578 11,857890
褋斜芯褉薪芯泄 3,912023 3,912023
胁芯褋锌芯谢褜蟹褍泄褌械褋褜 0,013423 0,040269
芯谢懈屑锌懈邪写械 2,612740 2,612740
褍褔邪褋褌懈械 0,006689 0,006689
邪泻泻邪褍薪褌 0,013423 0,053692
褌褉邪胁屑褘 2,708050 2,708050
芯斜褋褍卸写械薪懈械 0,013423 0,013423
懈褋锌芯谢褜蟹芯胁邪褌褜 0,013423 0,013423
芯锌械褔邪褌泻邪 0,013423 0,013423
斜谢芯泻懈褉芯胁泻懈 0,013423 0,013423
芯薪谢邪泄薪 0,013423 0,013423
泻芯薪褌邪泻褌芯胁 0,013423 0,013423
锌芯褔褌邪 0,013423 0,080538
邪锌褉械谢褟 0,013423 0,013423
芯谢懈屑锌懈邪写褘 3,218876 12,875503
褎邪屑懈谢懈褟 0,013423 0,013423
薪邪屑懈 0,013423 0,093961
褟薪写械泻褋 0,013423 0,026846
屑械卸写褍薪邪褉芯写薪邪褟 4,317488 4,317488
褍写邪谢懈谢懈 0,013423 0,040269
谢懈斜芯 0,013423 0,013423
胁邪泻邪薪褋懈懈 0,013423 0,013423
芯懈 4,317488 4,317488
邪泻泻邪褍薪褌褍 0,013423 0,013423
芯褌泻褉褘胁邪械屑芯谐芯 0,013423 0,026846
薪邪卸懈屑邪褟 0,013423 0,013423
锌芯懈褋泻 0,013423 0,013423
锌械褉械褉褘胁邪 4,317488 4,317488
胁邪屑懈 0,013423 0,013423
薪械写芯锌褍褋褌懈屑芯械 0,013423 0,013423
褕泻芯谢褜薪懈泻邪屑 4,317488 4,317488
褋芯谐谢邪褋薪褘 0,013423 0,040269
懈褋褌械泻 0,013423 0,013423
泻邪褌邪薪懈械 2,302585 2,302585
锌褉械写锌褉懈褟褌懈褞 0,013423 0,026846
褉械泻谢邪屑褘 0,013423 0,013423
锌邪谢邪褌褔械褏懈褟泻邪薪邪写邪 5,010635 5,010635
胁薪懈屑邪薪懈械 0,013423 0,013423
锌褉懈薪懈屑邪褌褜 0,013423 0,013423
褋屑芯卸械褌械 0,013423 0,013423
谐芯写邪 0,006689 0,006689
芯蟹薪邪泻芯屑谢械薪褘 0,013423 0,013423
屑芯懈褏 0,013423 0,026846
锌褉械写锌褉懈褟褌懈械 0,013423 0,013423
芯斜褋褍卸写械薪懈褟 0,013423 0,013423
斜谢芯泻懈褉芯胁泻芯泄 0,013423 0,040269
