предупредили 3,218876 3,218876
законным 0,013423 0,013423
рф 1,181994 1,181994
урала 5,010635 5,010635
владлен 5,010635 5,010635
этому 2,708050 2,708050
найти 0,013423 0,013423
основанием 0,013423 0,013423
паводок 5,010635 5,010635
письмо 0,013423 0,013423
спасибо 0,013423 0,013423
случилось 4,317488 4,317488
мотоциклы 5,010635 5,010635
фронтом 5,010635 5,010635
активисты 5,010635 5,010635
воды 2,445686 2,445686
маскировочных 5,010635 15,031906
согласие 0,013423 0,026846
центр 0,190354 0,190354
народный 4,317488 17,269952
одно 2,371578 2,371578
связаться 0,013423 0,080538
производство 2,708050 2,708050
реклама 0,190354 0,190354
фото 0,013423 0,013423
лет 1,514128 3,028255
связь 0,006689 0,013378
ноги 3,912023 3,912023
ста 4,317488 4,317488
готово 0,013423 0,026846
область 1,714798 12,003589
пекло 5,010635 5,010635
многодетный 5,010635 5,010635
информационных 0,013423 0,013423
денег 2,708050 2,708050
размещения 0,013423 0,013423
конфиденциальности 0,013423 0,053692
связи 0,013423 0,080538
заголовок 0,013423 0,026846
столкнулись 3,624341 7,248682
житель 4,317488 8,634976
процесса 0,013423 0,013423
адресу 0,013423 0,026846
проблему 0,013423 0,040269
француженку 5,010635 5,010635
данных 0,013423 0,107384
жители 2,931194 2,931194
письма 0,013423 0,013423
часов 0,013423 0,026846
соглашаетесь 0,013423 0,013423
защитника 3,624341 3,624341
данный 2,525729 2,525729
республика 2,612740 7,838220
едет 5,010635 5,010635
главный 0,013423 0,013423
проблема 3,218876 3,218876
данные 0,013423 0,013423
имени 2,371578 2,371578
республики 3,401197 3,401197
людитюменьтюменская 5,010635 5,010635
фотографию 0,013423 0,013423
отправлено 0,013423 0,013423
украине 1,427116 14,271164
черекского 5,010635 5,010635
удмуртские 5,010635 5,010635
сначала 0,013423 0,040269
боевые 4,317488 8,634976
самыми 5,010635 5,010635
курской 4,317488 12,952464
подарили 5,010635 5,010635
курском 5,010635 10,021271
кубани 5,010635 10,021271
остановился 5,010635 5,010635
перейдите 0,013423 0,013423
лезут 5,010635 5,010635
эвакуированным 5,010635 5,010635
закрыто 0,013423 0,013423
гумпомощи 5,010635 5,010635
сколько 0,006689 0,006689
материалов 0,013423 0,053692
могут 1,643339 1,643339
отправлена 0,013423 0,013423
мирным 5,010635 5,010635
чате 0,013423 0,013423
спецоборудование 5,010635 10,021271
уязвимыми 5,010635 5,010635
прошла 3,624341 3,624341
чату 0,013423 0,013423
редакцией 0,013423 0,013423
тамбова 5,010635 5,010635
рассмотрены 0,013423 0,013423
перетяните 0,013423 0,013423
плену 5,010635 5,010635
последним 3,912023 3,912023
архив 0,190354 0,190354
подросток 5,010635 5,010635
просят 5,010635 5,010635
военная 2,120264 21,202635
специальная 2,066196 20,661963
подарки 3,401197 10,203592
аптечки 5,010635 5,010635
ошибках 0,013423 0,013423
стороне 3,912023 11,736069
выпуска 0,013423 0,013423
немалый 5,010635 5,010635
списка 0,013423 0,013423
формой 0,013423 0,053692
балкарская 5,010635 10,021271
российское 3,218876 3,218876
волонтер 5,010635 5,010635
лнр 4,317488 8,634976
земляков 5,010635 5,010635
луганске 3,401197 3,401197
руками 3,218876 3,218876
тревожно 5,010635 5,010635
кубанками 5,010635 5,010635
херсонской 5,010635 5,010635
людиобщероссийский 5,010635 5,010635
врач 2,931194 2,931194
федеральное 0,013423 0,013423
чужих 5,010635 5,010635
тонн 3,912023 3,912023
федеральной 0,013423 0,013423
международное 0,013423 0,040269
будут 0,013423 0,013423
новостей 0,006689 0,006689
зону 4,317488 38,857393
страшно 5,010635 5,010635
стаями 5,010635 5,010635
людикабардино 5,010635 5,010635
жизни 2,120264 2,120264
сын 3,912023 3,912023
зоне 2,931194 11,724775
нужно 1,455287 1,455287
системы 2,302585 2,302585
сплели 5,010635 10,021271
обратной 0,013423 0,067115
подкасты 0,292136 0,292136
организовала 5,010635 5,010635
партизанил 5,010635 5,010635
областьдонецкая 5,010635 15,031906
молодая 4,317488 4,317488
бойцам 4,317488 51,809857
описанием 0,013423 0,013423
областьсеверо 5,010635 5,010635
приграничья 5,010635 5,010635
подростки 5,010635 5,010635
жизнь 2,525729 2,525729
используется 0,013423 0,013423
опасном 4,317488 4,317488
поверили 5,010635 5,010635
наладила 5,010635 5,010635
республикашахтерск 5,010635 5,010635
дальше 3,624341 3,624341
дороги 4,317488 4,317488
донецка 5,010635 5,010635
мире 0,274437 0,274437
эл 0,013423 0,013423
людироссияанна 5,010635 5,010635
почему 0,013423 0,026846
приграничье 4,317488 8,634976
вопросам 0,013423 0,026846
идут 3,401197 3,401197
наладил 5,010635 5,010635
освобожденной 5,010635 5,010635
курска 5,010635 5,010635
вконтакте 0,013423 0,026846
области 1,919593 11,517557
навсегда 0,013423 0,013423
нарушение 0,013423 0,040269
могла 4,317488 4,317488
назад 0,013423 0,067115
помогает 2,813411 19,693875
спецоперации 2,525729 2,525729
научилась 5,010635 5,010635
районкабардино 5,010635 5,010635
водовоза 5,010635 5,010635
повсюду 5,010635 5,010635
зубовский 0,013423 0,026846
юрист 2,371578 2,371578
выживают 5,010635 5,010635
никто 2,813411 2,813411
заполнить 0,013423 0,026846
застенки 5,010635 5,010635
потратил 5,010635 5,010635
осуществляется 0,013423 0,013423
стоматолога 5,010635 5,010635
другие 0,013423 0,026846
общество 0,265703 0,265703
отрезаны 5,010635 5,010635
надзору 0,013423 0,013423
груза 5,010635 10,021271
издание 0,013423 0,013423
отправляет 5,010635 5,010635
бульвар 0,013423 0,026846
хотите 0,013423 0,013423
заполните 0,013423 0,067115
беженцам 5,010635 5,010635
сетевое 0,013423 0,013423
вновь 0,013423 0,013423
сменить 0,013423 0,013423
участвовать 0,013423 0,026846
сообщить 0,013423 0,013423
скриншот 0,013423 0,040269
федерации 2,177422 2,177422
автомобиль 3,624341 3,624341
ростовский 5,010635 5,010635
делали 4,317488 4,317488
спорт 0,190354 0,190354
заходил 5,010635 5,010635
областьандрей 5,010635 5,010635
линии 3,064725 6,129450
россиявладимир 4,317488 4,317488
рфединая 5,010635 5,010635
диагнозом 5,010635 5,010635
людиобществобоевое 5,010635 5,010635
турчак 5,010635 5,010635
переехать 5,010635 5,010635
стало 2,813411 2,813411
магаданская 4,317488 8,634976
взаимодействия 0,013423 0,026846
сохранить 0,013423 0,013423
сделали 3,064725 3,064725
информационное 0,013423 0,040269
поздравят 5,010635 5,010635
критическую 4,317488 4,317488
донецк 5,010635 5,010635
гуманитарной 4,317488 4,317488
республикахерсонская 4,317488 4,317488
известный 4,317488 4,317488
заново 5,010635 5,010635
якушевалександр 5,010635 10,021271
курилах 5,010635 10,021271
федеральному 0,013423 0,026846
поможет 2,525729 2,525729
передал 3,064725 3,064725
гораздо 3,218876 6,437752
фио 0,013423 0,013423
республикасергей 5,010635 5,010635
пожалуйста 0,013423 0,013423
ниже 0,013423 0,040269
версия 0,013423 0,013423
лечил 5,010635 5,010635
поля 0,013423 0,093961
рано 3,624341 3,624341
государственному 0,013423 0,026846
поверил 5,010635 5,010635
предупредил 3,401197 3,401197
людисахалинская 5,010635 10,021271
цена 3,912023 3,912023
поле 0,013423 0,013423
глаза 3,912023 3,912023
зарегистрировано 0,013423 0,013423
дронами 5,010635 5,010635
туризм 0,283247 0,283247
страшный 5,010635 5,010635
страшным 5,010635 5,010635
россиимгер 5,010635 5,010635
старалась 5,010635 5,010635
адрес 0,013423 0,040269
соответствии 0,013423 0,026846
загрузите 0,013423 0,013423
вдохновил 5,010635 5,010635
долг 3,064725 3,064725
сообщения 0,013423 0,053692
оставаться 5,010635 10,021271
загрузить 0,013423 0,013423
помогают 3,912023 27,384161
направлении 0,013423 0,013423
замеченных 0,013423 0,013423
телефон 0,013423 0,013423
иначе 2,931194 2,931194
работники 3,912023 3,912023
возим 5,010635 5,010635
донецкий 4,317488 4,317488
отправился 4,317488 4,317488
сладости 3,624341 3,624341
сообщение 0,013423 0,134230
братство 5,010635 10,021271
старые 0,013423 0,013423
жительница 5,010635 5,010635
попробуйте 0,013423 0,013423
едут 5,010635 5,010635
войны 2,708050 2,708050
спрос 3,912023 3,912023
войне 3,624341 3,624341
статьи 0,013423 0,013423
подтвердите 0,013423 0,013423
высока 5,010635 5,010635
выручает 4,317488 4,317488
перетащите 0,013423 0,040269
материале 0,013423 0,026846
культура 0,292136 0,292136
цивилевавладимир 5,010635 5,010635
материала 0,013423 0,026846
происшествия 0,292136 0,292136
вашего 0,013423 0,013423
паролем 0,013423 0,013423
музыки 5,010635 5,010635
отправили 4,317488 30,222417
зарегистрируйтесь 0,013423 0,013423
обо 0,013423 0,013423
подвиг 5,010635 5,010635
бандеровцами 5,010635 5,010635
отправила 4,317488 12,952464
рискнул 5,010635 5,010635
редактор 0,013423 0,013423
освобожденных 5,010635 5,010635
ранним 4,317488 4,317488
выполняю 5,010635 5,010635
орловский 5,010635 10,021271
детекторы 5,010635 10,021271
селах 5,010635 5,010635
отправленного 0,013423 0,013423
жертвуют 5,010635 5,010635
сильнее 3,912023 3,912023
связанные 0,013423 0,013423
обратная 0,013423 0,026846
риа 0,006689 0,013378
взял 3,912023 3,912023
авдеевке 5,010635 5,010635
лимаренкомолодая 5,010635 5,010635
массовое 3,218876 3,218876
связанных 0,013423 0,013423
опишите 0,013423 0,013423
второклассник 5,010635 5,010635
ожидал 5,010635 5,010635
мать 3,912023 7,824046
почты 0,013423 0,013423
мариуполя 5,010635 5,010635
мариуполь 5,010635 5,010635
магаданские 5,010635 15,031906
выживания 5,010635 5,010635
сидякинединая 5,010635 10,021271
агентство 0,013423 0,040269
передовой 3,912023 7,824046
семь 2,931194 2,931194
самом 2,813411 2,813411
депутаты 4,317488 8,634976
агентства 0,013423 0,013423
сегодня 0,013423 0,067115
самое 2,708050 2,708050
сразу 1,832581 3,665163
тылу 5,010635 5,010635
руку 4,317488 4,317488
народная 3,218876 16,094379
пенсионерка 5,010635 5,010635
руки 3,401197 3,401197
военным 4,317488 17,269952
шапка 0,013423 0,013423
отправить 0,013423 0,147653
продолжить 0,013423 0,013423
передовую 5,010635 5,010635
решении 0,013423 0,013423
ради 3,912023 31,296184
бойцов 3,624341 36,243409
воспользуйтесь 0,013423 0,040269
летний 3,218876 6,437752
фонд 3,064725 3,064725
аккаунт 0,013423 0,053692
экономика 0,292136 0,292136
обсуждение 0,013423 0,013423
единой 3,401197 3,401197
испугался 5,010635 5,010635
блокировки 0,013423 0,013423
делает 2,612740 2,612740
почта 0,013423 0,080538
главная 2,120264 2,120264
история 1,484275 2,968550
сахалин 5,010635 5,010635
фамилия 0,013423 0,013423
фур 5,010635 5,010635
яндекс 0,013423 0,026846
удалили 0,013423 0,040269
либо 0,013423 0,013423
бог 4,317488 4,317488
военных 2,708050 10,832201
аккаунту 0,013423 0,013423
гвардия 5,010635 15,031906
открываемого 0,013423 0,026846
поиск 0,013423 0,013423
уйдет 5,010635 5,010635
тысячи 2,931194 2,931194
согласны 0,013423 0,040269
рекламы 0,013423 0,013423
боя 3,912023 7,824046
бывает 3,912023 7,824046
тысячу 4,317488 4,317488
помогать 3,912023 11,736069
фронте 3,624341 7,248682
жителей 3,912023 15,648092
прокурор 4,317488 4,317488
фронта 3,912023 43,032253
баню 5,010635 10,021271
своих 2,612740 2,612740
фронту 5,010635 30,063812
браузер 2,813411 2,813411
голыми 5,010635 5,010635
кбр 5,010635 25,053176
обсуждения 0,013423 0,013423
блокировкой 0,013423 0,040269
новый 0,013423 0,013423
единая 2,813411 8,440232
новые 1,643339 1,643339
передала 5,010635 5,010635
зажатых 5,010635 5,010635
приняли 3,912023 3,912023
возвращается 3,624341 3,624341
доступ 0,013423 0,026846
миа 0,013423 0,026846
задать 0,013423 0,013423
теги 0,190354 0,190354
автору 0,013423 0,013423
решились 5,010635 10,021271
передали 4,317488 8,634976
спасать 4,317488 4,317488
должны 0,013423 0,013423
г 0,013423 0,026846
д 0,013423 0,026846
студенты 4,317488 4,317488
политика 0,013423 0,026846
людимагаданская 5,010635 25,053176
грозит 2,612740 2,612740
сетей 3,218876 9,656627
санкт 2,525729 5,051457
т 2,525729 2,525729
течение 0,013423 0,013423
диагноз 4,317488 4,317488
фейках 5,010635 5,010635
мобильную 3,912023 7,824046
заставило 4,317488 4,317488
регионы 2,931194 2,931194
бывший 3,218876 3,218876
боец 4,317488 4,317488
время 0,013423 0,013423
забыть 4,317488 4,317488
учит 5,010635 5,010635
новгород 3,218876 3,218876
петербурга 3,624341 7,248682
ранее 0,013423 0,013423
восстановления 0,013423 0,013423
сахалинская 4,317488 4,317488
петербурге 3,624341 3,624341
фронт 4,317488 21,587441
татарский 5,010635 5,010635
бойцы 3,624341 3,624341
разблокировать 0,013423 0,040269
город 0,013423 0,026846
разведчик 3,912023 3,912023
обращаем 0,013423 0,013423
отец 3,624341 3,624341
написать 0,013423 0,013423
новостеймолния 0,013423 0,013423
одноклассники 0,013423 0,026846
гуманитарного 5,010635 5,010635
показать 0,013423 0,013423
эффективно 4,317488 4,317488
кнопку 0,013423 0,013423
задачи 3,218876 3,218876
коммуникаций 0,013423 0,013423
неочевидную 5,010635 5,010635
колымские 5,010635 5,010635
пароль 0,013423 0,080538
пароля 0,013423 0,053692
восстанавливают 4,317488 4,317488
делают 2,931194 2,931194
подмосковье 2,371578 2,371578
коммунальщики 3,912023 3,912023
забуду 5,010635 5,010635
вход 0,013423 0,013423
инженер 5,010635 5,010635
ждал 4,317488 4,317488
продукты 0,150823 0,150823
раненых 5,010635 5,010635
удалено 0,013423 0,013423
гаврилова 0,013423 0,013423
девочки 2,931194 2,931194
расположенному 0,013423 0,026846
всей 2,445686 2,445686
люди 2,238047 156,663260
видео 1,832581 1,832581
всем 1,455287 1,455287
помощи 2,066196 8,264785
учредитель 0,013423 0,013423
хирург 5,010635 5,010635
такого 2,813411 2,813411
лишь 2,371578 2,371578
мог 3,401197 3,401197
мое 0,013423 0,026846
белгородской 5,010635 5,010635
неизвестного 5,010635 5,010635
ссылка 0,013423 0,026846
московские 5,010635 5,010635
решил 2,813411 2,813411
ссылке 0,013423 0,013423
носовсовет 5,010635 5,010635
ссылки 0,013423 0,013423
помочь 0,013423 0,040269
спину 3,912023 3,912023
обязательны 0,013423 0,093961
районе 3,401197 3,401197
подготовили 5,010635 10,021271
воронежским 5,010635 10,021271
областьвладимир 5,010635 5,010635
района 3,912023 3,912023
священники 3,912023 3,912023
школьница 5,010635 5,010635
тыл 5,010635 5,010635
роскомнадзор 0,013423 0,013423
остаться 3,218876 3,218876
придумала 4,317488 4,317488
блокировался 0,013423 0,013423
пришли 3,624341 3,624341
актриса 3,624341 3,624341
придумали 3,401197 23,808382
москва 0,006689 0,013378
воспользоваться 0,013423 0,013423
входа 0,013423 0,013423
моё 0,013423 0,013423
донбассе 4,317488 17,269952
отдача 5,010635 5,010635
дончан 5,010635 5,010635
оторвало 5,010635 5,010635
доедут 5,010635 5,010635
воспитанники 5,010635 10,021271
ужасы 5,010635 5,010635
утром 3,218876 3,218876
энергетики 3,218876 6,437752
кирова 5,010635 5,010635
москвы 1,455287 8,731723
политикой 0,013423 0,040269
обожгло 5,010635 5,010635
жизней 5,010635 10,021271
многодетная 4,317488 8,634976
обработки 0,013423 0,026846
даю 0,013423 0,026846
участникам 2,931194 2,931194
стать 2,302585 2,302585
обработку 0,013423 0,026846
скорой 3,064725 3,064725
редакции 0,013423 0,026846
обращений 0,013423 0,013423
вчера 1,576648 3,153296
операция 2,120264 21,202635
обработка 0,013423 0,013423
это 0,013423 0,093961
отечества 3,401197 3,401197
ветеран 3,912023 11,736069
людироссиягеническхерсонская 5,010635 5,010635
атаман 5,010635 5,010635
новую 0,013423 0,026846
массовых 0,013423 0,013423
пройдена 0,013423 0,013423
зарегистрироваться 0,013423 0,053692
пошел 5,010635 5,010635
решился 4,317488 8,634976
пожаловаться 0,013423 0,013423
разведчикам 5,010635 5,010635
новости 0,006689 0,020067
войти 0,013423 0,053692
областьсергей 5,010635 5,010635
крыму 4,317488 4,317488
электронной 0,013423 0,013423
республикабоевое 5,010635 5,010635
спасет 3,912023 3,912023
первых 3,624341 3,624341
действия 0,013423 0,013423
радио 0,274437 0,274437
защита 0,013423 0,013423
регистрация 0,013423 0,040269
использования 0,013423 0,013423
восстановление 0,013423 0,040269
тюмень 5,010635 5,010635
мгер 5,010635 5,010635
государственное 0,013423 0,013423
заключить 3,912023 3,912023
казачьими 5,010635 5,010635
удивил 4,317488 4,317488
спецпроекты 0,190354 0,190354
просим 0,013423 0,013423
заблокирован 0,013423 0,013423
ошибку 0,013423 0,013423
казачество 5,010635 5,010635
защиты 0,013423 0,013423
путин 1,514128 1,514128
медик 5,010635 5,010635
обращения 0,013423 0,026846
ошибки 3,401197 3,401197
февраля 0,616186 9,858978
носов 5,010635 10,021271
дед 4,317488 4,317488
ошибка 0,013423 0,013423
вопрос 0,006689 0,013378
подтверждаете 0,013423 0,013423
рэб 4,317488 4,317488
происходит 2,813411 2,813411
технику 3,912023 7,824046
ваш 0,013423 0,080538
имя 0,013423 0,067115
губернатор 4,317488 4,317488
донбасса 2,813411 8,440232
людиорловская 5,010635 5,010635
срок 0,013423 0,026846
летают 5,010635 5,010635
пережившие 5,010635 5,010635
взрослеют 5,010635 5,010635
технологий 0,013423 0,026846
краснодара 4,317488 4,317488
пленного 5,010635 5,010635
материал 0,013423 0,013423
самым 2,302585 2,302585
курильскдонецкая 5,010635 5,010635
людихерсонская 5,010635 5,010635
пережили 5,010635 10,021271
выезд 3,912023 3,912023
успешно 0,013423 0,013423
лента 0,006689 0,013378
партию 5,010635 10,021271
заблокированы 0,013423 0,013423
учитель 4,317488 8,634976
сфере 0,013423 0,013423
белгороде 5,010635 5,010635
свидетельство 0,013423 0,013423
решилась 5,010635 10,021271
правила 0,013423 0,026846
сбу 3,912023 3,912023
учета 3,401197 3,401197
комментирования 0,013423 0,026846
снайпер 5,010635 5,010635
дронов 3,218876 9,656627
пресс 0,013423 0,026846
россии 0,395515 0,395515
оружие 2,708050 2,708050
применения 0,013423 0,013423
тяжелораненых 5,010635 5,010635
наша 3,624341 7,248682
сделал 2,708050 2,708050
поняли 4,317488 4,317488
персональных 0,013423 0,107384
произошла 0,013423 0,013423
питерские 5,010635 5,010635
дата 0,013423 0,013423
ваше 0,013423 0,107384
запорожской 4,317488 4,317488
сайте 0,013423 0,013423
вернуться 3,624341 3,624341
ваши 0,013423 0,013423
спасли 3,218876 3,218876
детям 2,813411 2,813411
восстановить 0,013423 0,013423
сво 1,919593 61,426971
спасатель 5,010635 5,010635
просто 1,714798 1,714798
ждут 3,624341 3,624341
вопроса 0,013423 0,013423
белгорода 5,010635 5,010635
россия 0,006689 0,086957
разминировал 5,010635 5,010635
передышка 5,010635 5,010635
белгородчине 5,010635 5,010635
говорили 4,317488 4,317488
саперам 5,010635 5,010635
столкнулся 4,317488 8,634976
тоннами 5,010635 5,010635
регистрации 0,013423 0,026846
сайт 0,013423 0,026846
невероятное 4,317488 4,317488
спасает 5,010635 10,021271
добивается 5,010635 5,010635
сервисы 0,190354 0,190354
стоматолог 4,317488 4,317488
другое 0,013423 0,013423
предприниматель 4,317488 4,317488
поддерживаетсяполучить 0,013423 0,013423
началось 4,317488 4,317488
тяжело 3,624341 3,624341
отправки 0,013423 0,013423
квадроциклы 5,010635 5,010635
семей 3,401197 3,401197
числе 2,525729 2,525729
унитарному 0,013423 0,026846
ставят 4,317488 4,317488
реабилитацией 5,010635 5,010635
ветерана 4,317488 4,317488
поддерживает 2,525729 2,525729
людиобществороссиядонецкая 5,010635 5,010635
выберите 0,013423 0,040269
днр 3,912023 3,912023
доброволец 4,317488 4,317488
устала 5,010635 5,010635
прошедшего 4,317488 4,317488
людиалександр 5,010635 5,010635
волонтеры 5,010635 70,148894
защитой 0,013423 0,026846
жителям 4,317488 12,952464
победил 4,317488 4,317488
ветераны 4,317488 8,634976
авторизация 0,013423 0,013423
религия 0,283247 0,283247
форма 0,013423 0,013423
логином 0,013423 0,013423
охотятся 4,317488 4,317488
рейтинг 0,006689 0,006689
галочку 0,013423 0,013423
подробнее 3,064725 3,064725
решает 4,317488 8,634976
отправил 4,317488 8,634976
волонтера 5,010635 5,010635
валерий 3,401197 3,401197
уязвимым 5,010635 5,010635
несмотря 2,708050 2,708050
дню 4,317488 4,317488
способы 0,013423 0,026846
сломанных 5,010635 5,010635
якушевсергей 5,010635 5,010635
недвижимость 0,292136 0,292136
гусев 4,317488 4,317488
дискуссии 0,013423 0,026846
морально 5,010635 5,010635
унитарное 0,013423 0,013423
областьорелединая 5,010635 5,010635
школьник 5,010635 5,010635
инвалидностью 3,912023 3,912023
поставки 3,912023 3,912023
форму 0,013423 0,093961
тема 0,013423 0,040269
нам 2,525729 5,051457
алтай 3,624341 3,624341
рекомендательных 0,013423 0,013423
россиягосдума 5,010635 5,010635
движения 4,317488 4,317488
данная 0,013423 0,013423
областьмолодая 5,010635 5,010635
проставляя 0,013423 0,013423
заполнения 0,013423 0,093961
полезное 0,182322 0,182322
дрг 5,010635 5,010635
службе 0,013423 0,013423
релизов 0,013423 0,013423
ваших 0,013423 0,026846
ко 2,177422 2,177422
перестали 5,010635 5,010635
провожает 5,010635 5,010635
онкобольной 5,010635 5,010635
спас 4,317488 4,317488
правил 0,013423 0,040269
понял 5,010635 5,010635
дроны 3,912023 11,736069
авторизоваться 0,013423 0,013423
авторизуйтесь 0,013423 0,013423
суджи 5,010635 10,021271
расширенный 0,013423 0,013423
надежные 3,218876 286,479948
священник 3,218876 3,218876
новыесначала 0,013423 0,013423
костюмов 5,010635 5,010635
придумал 3,401197 10,203592
начала 2,445686 2,445686
участие 0,006689 0,006689
использовать 0,013423 0,013423
опечатка 0,013423 0,013423
каждый 2,120264 2,120264
онлайн 0,013423 0,013423
выбора 3,912023 3,912023
алтайкурская 5,010635 5,010635
контактов 0,013423 0,013423
уральские 3,401197 3,401197
айтишник 5,010635 5,010635
людиреспублика 5,010635 5,010635
ужас 4,317488 4,317488
апреля 0,013423 0,013423
людичерекский 5,010635 5,010635
детсада 5,010635 10,021271
нами 0,013423 0,093961
владимир 1,373049 1,373049
дохода 4,317488 4,317488
вакансии 0,013423 0,013423
формат 2,445686 2,445686
фашистов 5,010635 5,010635
нажимая 0,013423 0,013423
вами 0,013423 0,013423
воевал 4,317488 4,317488
недопустимое 0,013423 0,013423
всу 2,238047 4,476093
истек 0,013423 0,013423
невозможно 2,525729 2,525729
сотни 4,317488 4,317488
предприятию 0,013423 0,026846
внимание 0,013423 0,013423
принимать 0,013423 0,013423
соцконтракт 5,010635 5,010635
оказалась 3,401197 3,401197
сможете 0,013423 0,013423
курские 5,010635 5,010635
года 0,006689 0,013378
пожертвовала 5,010635 5,010635
правда 2,708050 2,708050
помогли 3,912023 3,912023
людигерманиясталинградвеликий 5,010635 5,010635
ознакомлены 0,013423 0,013423
защитных 5,010635 5,010635
позывным 4,317488 4,317488
оренбурга 5,010635 5,010635
моих 0,013423 0,026846
предприятие 0,013423 0,013423
наука 0,292136 0,292136
