болельщикам 5,010635 10,021271
законным 0,013423 0,013423
личный 3,064725 3,064725
формирования 3,912023 3,912023
размером 3,401197 3,401197
новый 0,013423 0,013423
специальных 3,912023 3,912023
предоставят 4,317488 4,317488
рпл 2,371578 2,371578
карту 5,010635 45,095718
найти 0,013423 0,013423
основанием 0,013423 0,026846
письмо 0,013423 0,013423
спасибо 0,013423 0,013423
стал 2,120264 2,120264
карты 3,624341 76,111160
целом 3,401197 3,401197
специальные 3,218876 3,218876
см 2,931194 2,931194
билетами 5,010635 10,021271
согласие 0,013423 0,026846
ситуаций 4,317488 4,317488
центр 0,190354 0,190354
указав 5,010635 10,021271
одну 2,813411 11,253643
важный 3,912023 3,912023
доступ 0,013423 0,067115
клубной 5,010635 5,010635
помощью 1,919593 3,839186
миа 0,013423 0,093961
заявление 2,445686 2,445686
заявлении 3,624341 3,624341
задать 0,013423 0,013423
теги 0,190354 0,190354
автору 0,013423 0,013423
укажите 5,010635 5,010635
легкость 3,912023 3,912023
связаться 0,013423 0,080538
таких 2,371578 2,371578
картой 4,317488 12,952464
должны 0,013423 0,026846
г 0,013423 0,026846
соответствовать 4,317488 4,317488
д 0,013423 0,026846
реклама 0,190354 0,190354
немного 2,177422 2,177422
фото 0,013423 0,040269
политика 0,013423 0,026846
связь 0,006689 0,013378
ту 3,912023 3,912023
готово 0,013423 0,026846
занимает 2,813411 5,626821
госуслуги 2,813411 19,693875
течение 0,013423 0,013423
электронному 5,010635 5,010635
дополнительные 2,813411 2,813411
возникновения 3,912023 3,912023
матчах 4,317488 4,317488
главные 2,931194 2,931194
информационных 0,013423 0,013423
процессу 3,912023 3,912023
владелец 3,912023 3,912023
размещения 0,013423 0,013423
необходимых 3,912023 7,824046
вариант 2,371578 2,371578
конфиденциальности 0,013423 0,053692
посещения 3,401197 30,610776
связи 0,013423 0,093961
заголовок 0,013423 0,026846
пройти 4,317488 4,317488
нажмите 5,010635 15,031906
шаг 1,875141 1,875141
процесса 0,013423 0,026846
адресу 0,013423 0,026846
проблему 0,013423 0,013423
необходимые 3,401197 10,203592
устойчивости 4,317488 4,317488
цветное 5,010635 5,010635
время 0,013423 0,026846
данных 0,013423 0,107384
несоответствие 5,010635 5,010635
проблемы 2,238047 2,238047
письма 0,013423 0,013423
часов 0,013423 0,040269
соглашаетесь 0,013423 0,013423
ранее 0,013423 0,013423
восстановления 0,013423 0,013423
документах 4,317488 4,317488
главный 0,013423 0,013423
данные 0,013423 0,053692
второго 2,813411 2,813411
критериям 4,317488 4,317488
главных 3,912023 3,912023
также 1,139434 1,139434
разблокировать 0,013423 0,040269
город 0,013423 0,013423
одной 2,120264 4,240527
родственников 5,010635 5,010635
фотографию 0,013423 0,013423
друзей 3,624341 7,248682
обращаем 0,013423 0,013423
легко 1,791759 1,791759
отправлено 0,013423 0,013423
написать 0,013423 0,013423
новостеймолния 0,013423 0,013423
получении 3,624341 3,624341
сектор 4,317488 4,317488
указанные 3,218876 3,218876
мобильное 3,912023 11,736069
территорию 4,317488 4,317488
одноклассники 0,013423 0,026846
сначала 0,013423 0,013423
неверно 5,010635 5,010635
кассе 4,317488 4,317488
получения 2,445686 7,337058
показать 0,013423 0,013423
кнопку 0,013423 0,013423
упрощение 5,010635 10,021271
коммуникаций 0,013423 0,013423
ближайшем 4,317488 4,317488
основные 2,612740 2,612740
отсутствие 2,612740 2,612740
ключевой 3,912023 3,912023
стадионов 5,010635 5,010635
пароль 0,013423 0,080538
пароля 0,013423 0,053692
кодов 5,010635 5,010635
однако 1,966113 1,966113
филиппов 2,525729 10,102915
перейдите 0,013423 0,040269
спорта 2,931194 2,931194
оформить 3,064725 9,194175
вход 0,013423 0,013423
следствием 4,317488 4,317488
системе 3,218876 3,218876
продукты 0,150823 0,150823
система 3,401197 6,802395
читать 0,851752 0,851752
закрыто 0,013423 0,013423
мобильном 3,912023 7,824046
игр 3,064725 3,064725
удалено 0,013423 0,013423
ответы 3,064725 9,194175
сколько 0,006689 0,033445
гаврилова 0,013423 0,013423
материалов 0,013423 0,040269
другому 4,317488 4,317488
могут 1,643339 6,573358
отправлена 0,013423 0,013423
отказ 2,931194 11,724775
чате 0,013423 0,013423
прозрачности 4,317488 4,317488
купить 3,401197 6,802395
товары 3,624341 3,624341
расположенному 0,013423 0,026846
чату 0,013423 0,013423
редакцией 0,013423 0,013423
иметь 3,401197 3,401197
неисправностями 5,010635 5,010635
пользоваться 3,912023 11,736069
учредитель 0,013423 0,013423
приоритет 5,010635 5,010635
рассмотрены 0,013423 0,013423
турникету 5,010635 5,010635
заявки 3,912023 3,912023
загрузки 4,317488 4,317488
мое 0,013423 0,026846
ссылка 0,013423 0,026846
инструкция 2,238047 2,238047
ссылке 0,013423 0,013423
часто 2,371578 2,371578
перетяните 0,013423 0,013423
ссылки 0,013423 0,013423
некоторые 2,525729 2,525729
помочь 0,013423 0,013423
архив 0,190354 0,190354
части 1,966113 1,966113
указанный 3,912023 3,912023
внедрение 4,317488 4,317488
считывателю 5,010635 5,010635
специальная 2,066196 2,066196
ошибках 0,013423 0,013423
константин 3,064725 6,129450
обязательны 0,013423 0,093961
карте 5,010635 5,010635
процесс 2,014903 10,074515
среды 3,912023 3,912023
выше 3,064725 3,064725
спортивной 3,912023 3,912023
помогут 4,317488 4,317488
карта 2,931194 58,623875
игроков 4,317488 4,317488
недостаток 5,010635 5,010635
выпуска 0,013423 0,013423
финансовой 2,813411 2,813411
списка 0,013423 0,013423
формой 0,013423 0,053692
роскомнадзор 0,013423 0,013423
инструментов 4,317488 4,317488
атоев 5,010635 5,010635
скидки 3,912023 3,912023
блокировался 0,013423 0,013423
экскурсии 4,317488 4,317488
выдаче 3,401197 10,203592
идентифицировать 5,010635 5,010635
номер 2,708050 8,124151
членов 2,813411 2,813411
входе 4,317488 4,317488
москва 0,006689 0,020067
воспользоваться 0,013423 0,013423
российской 1,678431 1,678431
входа 0,013423 0,013423
инциденты 5,010635 5,010635
сезонные 5,010635 5,010635
ошибками 5,010635 5,010635
моё 0,013423 0,013423
оформление 3,624341 10,873023
федеральное 0,013423 0,013423
направленная 5,010635 5,010635
федеральной 0,013423 0,013423
лицу 3,624341 7,248682
отдельные 3,912023 3,912023
особенно 2,612740 2,612740
позволяющая 5,010635 5,010635
павел 2,238047 4,476093
международное 0,013423 0,040269
далее 2,238047 2,238047
интернету 5,010635 5,010635
будут 0,013423 0,013423
электронную 3,624341 3,624341
новостей 0,006689 0,006689
команды 3,912023 3,912023
политикой 0,013423 0,040269
комфортных 3,912023 3,912023
лица 2,525729 5,051457
матчи 4,317488 8,634976
обработки 0,013423 0,026846
даю 0,013423 0,026846
перейти 1,203973 9,631782
весомым 5,010635 5,010635
разделе 2,931194 2,931194
стать 2,302585 2,302585
нужно 1,455287 1,455287
системы 2,302585 2,302585
обработку 0,013423 0,026846
оформления 2,931194 8,793581
одним 2,813411 5,626821
работать 2,708050 2,708050
обратной 0,013423 0,067115
подкасты 0,292136 0,292136
отказу 3,218876 3,218876
редакции 0,013423 0,026846
обращений 0,013423 0,013423
актуально 5,010635 5,010635
оглавление 1,791759 1,791759
займет 3,912023 3,912023
приобретать 4,317488 4,317488
кого 2,708050 2,708050
вызывать 3,624341 3,624341
обработка 0,013423 0,013423
это 0,013423 0,107384
нужна 2,813411 8,440232
сезона 2,813411 2,813411
код 3,401197 6,802395
преимущества 3,401197 10,203592
покупаются 5,010635 5,010635
кабинета 3,912023 3,912023
удобство 4,317488 4,317488
этих 2,302585 2,302585
медиабанкфутбольный 5,010635 5,010635
четырех 3,401197 3,401197
кабинете 3,064725 6,129450
описанием 0,013423 0,013423
новую 0,013423 0,013423
медиабанкфутбольные 5,010635 5,010635
автограф 5,010635 5,010635
массовых 0,013423 0,013423
атрибутики 5,010635 5,010635
пройдена 0,013423 0,013423
имеющие 3,912023 3,912023
доступный 3,912023 3,912023
распространенных 5,010635 5,010635
причин 3,912023 3,912023
покупать 2,931194 2,931194
используется 0,013423 0,013423
отказа 2,931194 5,862388
зарегистрироваться 0,013423 0,053692
пожаловаться 0,013423 0,013423
новости 0,006689 0,120402
войти 0,013423 0,053692
электронной 0,013423 0,026846
отслеживать 4,317488 4,317488
первых 3,624341 3,624341
мире 0,274437 0,274437
владельца 3,218876 6,437752
эл 0,013423 0,013423
действия 0,013423 0,013423
безопасной 4,317488 4,317488
радио 0,274437 0,274437
цивилизованной 5,010635 5,010635
стадион 5,010635 10,021271
дзен 0,851752 0,851752
билетов 5,010635 20,042541
загрузкой 5,010635 5,010635
защита 0,013423 0,013423
прикреплена 5,010635 5,010635
регистрация 0,013423 0,040269
владельцу 5,010635 5,010635
доступа 3,401197 17,005987
почему 0,013423 0,013423
использования 0,013423 0,013423
восстановление 0,013423 0,040269
вопросам 0,013423 0,026846
государственное 0,013423 0,013423
лояльности 3,912023 7,824046
футбола 5,010635 5,010635
добавить 2,238047 2,238047
предотвратить 4,317488 4,317488
эксперта 2,813411 8,440232
вконтакте 0,013423 0,026846
билет 4,317488 38,857393
спецпроекты 0,190354 0,190354
просим 0,013423 0,013423
мфц 3,218876 9,656627
навсегда 0,013423 0,013423
заблокирован 0,013423 0,013423
нарушение 0,013423 0,053692
ошибку 0,013423 0,013423
защиты 0,013423 0,013423
привязать 5,010635 5,010635
разбираться 4,317488 4,317488
действие 3,218876 3,218876
правонарушений 5,010635 10,021271
лисицын 3,218876 6,437752
назад 0,013423 0,067115
помогает 2,813411 5,626821
обращения 0,013423 0,026846
преимуществ 5,010635 5,010635
игры 1,791759 1,791759
ошибки 3,401197 3,401197
возможные 3,064725 3,064725
кабинет 3,912023 3,912023
идентификационная 5,010635 5,010635
игру 4,317488 8,634976
минут 1,297063 1,297063
ошибка 0,013423 0,013423
приобрести 5,010635 5,010635
вопрос 0,006689 0,006689
вашему 2,931194 2,931194
зубовский 0,013423 0,026846
акциях 5,010635 5,010635
самых 1,875141 3,750282
подтверждаете 0,013423 0,013423
заполнить 0,013423 0,053692
статус 3,064725 3,064725
осуществляется 0,013423 0,013423
ваш 0,013423 0,093961
матчей 3,912023 39,120230
имя 0,013423 0,067115
общество 0,265703 0,265703
другие 0,013423 0,040269
главное 1,752539 1,752539
мнение 3,218876 9,656627
надзору 0,013423 0,013423
ребенка 2,525729 2,525729
срок 0,013423 0,026846
личность 3,218876 3,218876
издание 0,013423 0,013423
бульвар 0,013423 0,026846
хотите 0,013423 0,013423
заполните 0,013423 0,067115
технологий 0,013423 0,026846
сетевое 0,013423 0,013423
требованиям 5,010635 5,010635
вновь 0,013423 0,013423
включает 3,624341 3,624341
сменить 0,013423 0,026846
материал 0,013423 0,013423
стоит 1,714798 3,429597
участвовать 0,013423 0,040269
сообщить 0,013423 0,013423
скидкам 5,010635 5,010635
успешно 0,013423 0,013423
скриншот 0,013423 0,040269
стадионах 5,010635 5,010635
лента 0,006689 0,013378
присвоить 5,010635 5,010635
посещаемости 5,010635 5,010635
заблокированы 0,013423 0,013423
спорт 0,190354 0,761415
сфере 0,013423 0,013423
платите 5,010635 5,010635
отделении 3,624341 3,624341
ряд 2,931194 2,931194
оформляете 5,010635 10,021271
свидетельство 0,013423 0,013423
приложение 3,218876 9,656627
правила 0,013423 0,026846
приложении 3,624341 10,873023
взаимодействия 0,013423 0,026846
аналогично 4,317488 4,317488
сохранить 0,013423 0,026846
информационное 0,013423 0,040269
можете 3,218876 3,218876
комментирования 0,013423 0,026846
программ 3,912023 3,912023
наши 3,401197 3,401197
пресс 0,013423 0,026846
россии 0,395515 1,977574
применения 0,013423 0,013423
дату 3,218876 3,218876
федеральному 0,013423 0,026846
персональных 0,013423 0,107384
произошла 0,013423 0,013423
высокой 3,218876 3,218876
подойдите 5,010635 5,010635
эксклюзивным 5,010635 10,021271
цели 2,525729 2,525729
адаптации 3,624341 3,624341
дата 0,013423 0,013423
ваше 0,013423 0,107384
сайте 0,013423 0,026846
удобнее 5,010635 5,010635
имеют 2,525729 2,525729
ваши 0,013423 0,013423
спортивных 3,624341 3,624341
любимой 4,317488 4,317488
фио 0,013423 0,013423
восстановить 0,013423 0,013423
пожалуйста 0,013423 0,013423
обеспечивает 3,624341 3,624341
паспорт 2,931194 2,931194
авг 5,010635 5,010635
необходимо 1,791759 3,583519
тех 2,177422 2,177422
личного 3,218876 3,218876
человека 2,177422 2,177422
просто 1,714798 3,429597
командой 4,317488 4,317488
ниже 0,013423 0,040269
версия 0,013423 0,013423
болельщиков 3,912023 11,736069
вопроса 0,013423 0,013423
дому 4,317488 4,317488
россия 0,006689 0,080268
вижу 5,010635 5,010635
конкретному 5,010635 5,010635
поля 0,013423 0,093961
используют 3,218876 3,218876
назначения 3,624341 3,624341
человеку 4,317488 4,317488
обычно 2,813411 2,813411
вопросы 2,238047 8,952186
личном 2,931194 5,862388
болельщики 5,010635 30,063812
государственному 0,013423 0,026846
регистрации 0,013423 0,026846
консультант 3,624341 3,624341
медиабанккарта 5,010635 5,010635
поле 0,013423 0,013423
сайт 0,013423 0,026846
бесплатное 3,912023 3,912023
сроки 2,525729 5,051457
сервисы 0,190354 0,190354
зарегистрировано 0,013423 0,013423
болельщика 3,401197 170,059869
другое 0,013423 0,013423
туризм 0,283247 0,283247
поддерживаетсяполучить 0,013423 0,013423
адрес 0,013423 0,053692
соответствии 0,013423 0,026846
загрузите 0,013423 0,013423
сообщения 0,013423 0,053692
обладатели 5,010635 15,031906
загрузить 0,013423 0,026846
чалабов 5,010635 10,021271
собственные 4,317488 4,317488
сессии 5,010635 5,010635
направлении 0,013423 0,013423
замеченных 0,013423 0,013423
телефон 0,013423 0,026846
отправки 0,013423 0,013423
числе 2,525729 2,525729
проведения 2,525729 5,051457
сервисами 5,010635 5,010635
унитарному 0,013423 0,026846
кубка 3,912023 3,912023
требует 2,813411 2,813411
обновлено 1,003302 1,003302
посещаемостью 5,010635 5,010635
контроль 3,624341 3,624341
поддерживает 2,525729 2,525729
сообщение 0,013423 0,134230
требуется 3,218876 3,218876
сформируется 5,010635 5,010635
контроля 3,401197 3,401197
старые 0,013423 0,013423
выберите 0,013423 0,053692
индустрии 4,317488 4,317488
попробуйте 0,013423 0,013423
подтвердить 4,317488 4,317488
чемпионата 3,624341 3,624341
паспорта 3,401197 6,802395
российского 2,612740 2,612740
поднесите 5,010635 5,010635
медиабанкоформление 5,010635 5,010635
документов 3,624341 10,873023
защитой 0,013423 0,026846
статьи 0,013423 0,013423
потребуется 2,813411 2,813411
подтвердите 0,013423 0,013423
авторизация 0,013423 0,013423
религия 0,283247 0,283247
форма 0,013423 0,013423
логином 0,013423 0,013423
рейтинг 0,006689 0,006689
галочку 0,013423 0,013423
перетащите 0,013423 0,040269
материале 0,013423 0,040269
культура 0,292136 0,292136
документы 3,064725 12,258901
материала 0,013423 0,026846
режиме 2,525729 2,525729
происшествия 0,292136 0,292136
мероприятий 3,624341 3,624341
привилегии 5,010635 15,031906
вашего 0,013423 0,013423
паролем 0,013423 0,013423
способы 0,013423 0,026846
зарегистрируйтесь 0,013423 0,013423
обо 0,013423 0,013423
недвижимость 0,292136 0,292136
необходимостью 5,010635 5,010635
дискуссии 0,013423 0,026846
покупке 3,912023 7,824046
редактор 0,013423 0,013423
позволяет 2,445686 7,337058
любит 3,912023 3,912023
удобный 5,010635 5,010635
фгуп 0,499776 2,498879
унитарное 0,013423 0,013423
многие 2,525729 2,525729
получить 1,752539 10,515233
форму 0,013423 0,093961
тема 0,013423 0,040269
трибунах 5,010635 5,010635
отправленного 0,013423 0,013423
фактор 4,317488 4,317488
способов 3,912023 3,912023
внедрения 5,010635 5,010635
долгосрочной 5,010635 5,010635
зайдите 4,317488 4,317488
передать 5,010635 20,042541
участников 2,371578 2,371578
удобных 5,010635 5,010635
инвестиция 5,010635 5,010635
связанные 0,013423 0,013423
рекомендательных 0,013423 0,013423
госуслугах 3,912023 11,736069
сделать 1,752539 7,010155
данная 0,013423 0,013423
покупаете 4,317488 4,317488
получите 5,010635 10,021271
обратная 0,013423 0,026846
судимость 5,010635 5,010635
риа 0,006689 0,113713
стадионе 5,010635 10,021271
вовлеченности 5,010635 5,010635
технические 3,218876 3,218876
заполнении 5,010635 5,010635
вызван 5,010635 5,010635
распространяется 3,624341 3,624341
стадионы 5,010635 20,042541
проставляя 0,013423 0,013423
связанных 0,013423 0,013423
опишите 0,013423 0,013423
заполнения 0,013423 0,093961
предложения 3,624341 3,624341
полезное 0,182322 0,182322
будущее 3,912023 3,912023
стадиону 5,010635 5,010635
времени 2,238047 2,238047
службе 0,013423 0,013423
медиабанк 1,321756 5,287023
релизов 0,013423 0,013423
ваших 0,013423 0,026846
является 2,066196 2,066196
матч 2,238047 11,190233
спортболельщики 5,010635 5,010635
абонементы 5,010635 5,010635
почты 0,013423 0,026846
эффективнее 5,010635 5,010635
анкету 5,010635 5,010635
владельцам 5,010635 5,010635
безопасность 2,813411 5,626821
берете 5,010635 5,010635
клуба 3,912023 3,912023
футбольных 3,401197 30,610776
клубы 3,912023 3,912023
футбольный 5,010635 5,010635
анкеты 5,010635 5,010635
которым 2,612740 2,612740
агентство 0,013423 0,040269
например 1,714798 5,144395
которых 1,966113 1,966113
правил 0,013423 0,053692
перспективе 3,912023 3,912023
почту 3,912023 3,912023
футбольные 5,010635 10,021271
авторизоваться 0,013423 0,013423
авторизуйтесь 0,013423 0,013423
привести 3,401197 3,401197
создания 2,813411 2,813411
поклонников 3,912023 3,912023
созданию 3,624341 3,624341
идентификация 5,010635 5,010635
агентства 0,013423 0,013423
пропустят 5,010635 5,010635
подробная 5,010635 5,010635
сегодня 0,013423 0,134230
телефона 3,064725 3,064725
случае 1,714798 1,714798
расширенный 0,013423 0,013423
быстрее 2,813411 2,813411
инструмент 3,624341 3,624341
находящиеся 5,010635 5,010635
шагов 5,010635 5,010635
страны 2,014903 2,014903
мероприятиях 5,010635 15,031906
члена 4,317488 4,317488
новыесначала 0,013423 0,013423
идентификации 3,912023 3,912023
нужный 4,317488 4,317488
создание 3,912023 3,912023
несколько 1,752539 3,505078
лиги 2,612740 2,612740
ближе 4,317488 4,317488
обеспечения 2,813411 2,813411
шапка 0,013423 0,013423
место 1,832581 3,665163
акции 3,401197 3,401197
отправить 0,013423 0,147653
продолжить 0,013423 0,013423
решении 0,013423 0,013423
проходить 3,912023 3,912023
воспользуйтесь 0,013423 0,040269
третьему 5,010635 10,021271
болельщик 5,010635 5,010635
считается 2,931194 2,931194
участие 0,006689 0,020067
аккаунт 0,013423 0,053692
экономика 0,292136 0,292136
обсуждение 0,013423 0,013423
использовать 0,013423 0,013423
опечатка 0,013423 0,013423
успеха 4,317488 4,317488
выдается 4,317488 4,317488
безусловно 4,317488 4,317488
каждый 2,120264 4,240527
суперкубка 5,010635 5,010635
блокировки 0,013423 0,013423
которая 1,643339 1,643339
проще 3,624341 3,624341
другого 3,218876 3,218876
онлайн 0,013423 0,053692
контактов 0,013423 0,013423
почта 0,013423 0,080538
билеты 4,317488 21,587441
раздел 3,401197 10,203592
предоставляя 5,010635 5,010635
апреля 0,013423 0,013423
история 1,484275 1,484275
получают 3,401197 3,401197
идеальный 3,401197 3,401197
фамилия 0,013423 0,013423
евгений 2,302585 2,302585
упрощенный 5,010635 5,010635
нами 0,013423 0,093961
яндекс 0,013423 0,026846
конфликтных 5,010635 5,010635
уровень 2,612740 2,612740
удалили 0,013423 0,040269
финансовый 3,624341 3,624341
либо 0,013423 0,013423
вакансии 0,013423 0,013423
аккаунту 0,013423 0,013423
предложениям 5,010635 10,021271
открываемого 0,013423 0,026846
безопасности 2,177422 4,354844
нажимая 0,013423 0,013423
билета 4,317488 8,634976
поиск 0,013423 0,013423
вами 0,013423 0,013423
недопустимое 0,013423 0,013423
категории 2,708050 2,708050
условий 3,064725 3,064725
согласны 0,013423 0,040269
истек 0,013423 0,013423
используя 2,612740 2,612740
предприятию 0,013423 0,026846
рекламы 0,013423 0,013423
хочет 2,120264 2,120264
внимание 0,013423 0,013423
познакомиться 5,010635 5,010635
принимать 0,013423 0,013423
стадиона 5,010635 5,010635
алексей 1,966113 7,864451
аудитории 3,912023 3,912023
премьер 2,931194 2,931194
сможете 0,013423 0,013423
возможность 2,302585 2,302585
способствует 3,218876 3,218876
года 0,006689 0,006689
абонемент 5,010635 5,010635
занимать 4,317488 4,317488
ознакомлены 0,013423 0,013423
информацию 2,708050 2,708050
повышению 5,010635 5,010635
увеличением 4,317488 4,317488
безопасных 5,010635 5,010635
моих 0,013423 0,026846
предприятие 0,013423 0,013423
способ 2,612740 2,612740
наука 0,292136 0,292136
игроками 5,010635 10,021271
упростить 3,624341 3,624341
внедрили 5,010635 5,010635
обсуждения 0,013423 0,013423
блокировкой 0,013423 0,040269
семьи 2,445686 4,891372
