предупредили 3,218876 3,218876
законным 0,013423 0,013423
рф 1,181994 2,363988
новый 0,013423 0,161076
образ 3,624341 3,624341
найти 0,013423 0,013423
основанием 0,013423 0,013423
письмо 0,013423 0,013423
спасибо 0,013423 0,013423
вкусного 3,218876 6,437752
согласие 0,013423 0,026846
центр 0,190354 0,190354
доступ 0,013423 0,026846
декабря 1,098612 13,183347
миа 0,013423 0,026846
задать 0,013423 0,013423
теги 0,190354 0,190354
автору 0,013423 0,013423
связаться 0,013423 0,080538
должны 0,013423 0,013423
г 0,013423 0,026846
д 0,013423 0,026846
реклама 0,190354 0,190354
отказаться 3,218876 3,218876
фото 0,013423 0,026846
политика 0,013423 0,026846
связь 0,006689 0,013378
готово 0,013423 0,026846
европейской 2,238047 11,190233
течение 0,013423 0,013423
рецепта 2,931194 2,931194
информационных 0,013423 0,013423
размещения 0,013423 0,013423
основных 2,445686 2,445686
конфиденциальности 0,013423 0,053692
связи 0,013423 0,080538
овощных 4,317488 4,317488
заголовок 0,013423 0,026846
овощи 2,708050 5,416100
грудкой 5,010635 10,021271
процесса 0,013423 0,013423
адресу 0,013423 0,026846
проблему 0,013423 0,013423
мимоза 3,064725 6,129450
рецепты 1,139434 31,904160
классический 2,014903 18,134127
время 0,013423 0,026846
данных 0,013423 0,107384
письма 0,013423 0,013423
часов 0,013423 0,026846
соглашаетесь 0,013423 0,013423
ранее 0,013423 0,013423
восстановления 0,013423 0,013423
главный 0,013423 0,013423
данные 0,013423 0,013423
разблокировать 0,013423 0,040269
город 0,013423 0,013423
фотографию 0,013423 0,013423
дмитрий 1,643339 3,286679
обращаем 0,013423 0,013423
легко 1,791759 8,958797
оригинальной 4,317488 8,634976
отправлено 0,013423 0,013423
написать 0,013423 0,013423
новостеймолния 0,013423 0,013423
научный 2,445686 4,891372
одноклассники 0,013423 0,026846
сначала 0,013423 0,013423
часа 1,875141 1,875141
крабового 4,317488 8,634976
показать 0,013423 0,013423
кнопку 0,013423 0,013423
коммуникаций 0,013423 0,013423
основные 2,612740 2,612740
пароль 0,013423 0,080538
пароля 0,013423 0,053692
перейдите 0,013423 0,013423
вход 0,013423 0,013423
ирина 2,931194 5,862388
июня 2,066196 4,132393
продукты 0,150823 1,508229
закрыто 0,013423 0,013423
удалено 0,013423 0,013423
сколько 0,006689 0,006689
гаврилова 0,013423 0,013423
материалов 0,013423 0,053692
отправлена 0,013423 0,013423
куриной 4,317488 8,634976
чате 0,013423 0,013423
соус 3,401197 3,401197
советами 5,010635 10,021271
расположенному 0,013423 0,026846
чату 0,013423 0,013423
редакцией 0,013423 0,013423
простых 3,064725 6,129450
учредитель 0,013423 0,013423
рассмотрены 0,013423 0,013423
простые 1,752539 26,288081
символа 3,218876 6,437752
мое 0,013423 0,026846
ссылка 0,013423 0,026846
последние 1,098612 1,098612
шеф 2,302585 9,210340
ссылке 0,013423 0,013423
перетяните 0,013423 0,013423
ссылки 0,013423 0,013423
помочь 0,013423 0,013423
архив 0,190354 0,190354
кисломолочные 4,317488 4,317488
июля 1,791759 3,583519
ошибках 0,013423 0,013423
обязательны 0,013423 0,093961
салат 2,371578 97,234697
названы 3,624341 3,624341
выпуска 0,013423 0,013423
списка 0,013423 0,013423
формой 0,013423 0,053692
роскомнадзор 0,013423 0,013423
новогодние 2,931194 5,862388
блокировался 0,013423 0,013423
закусокрецепты 2,708050 5,416100
крыться 5,010635 5,010635
москва 0,006689 0,020067
воспользоваться 0,013423 0,013423
русской 1,752539 1,752539
меню 3,218876 6,437752
входа 0,013423 0,013423
моё 0,013423 0,013423
федеральное 0,013423 0,013423
закуски 2,525729 2,525729
федеральной 0,013423 0,013423
международное 0,013423 0,040269
браслет 5,010635 10,021271
будут 0,013423 0,013423
новостей 0,006689 0,006689
политикой 0,013423 0,040269
обработки 0,013423 0,026846
даю 0,013423 0,026846
жизни 2,120264 2,120264
обработку 0,013423 0,026846
обратной 0,013423 0,067115
подкасты 0,292136 0,292136
редакции 0,013423 0,026846
угрозе 3,401197 3,401197
обращений 0,013423 0,013423
вкуса 2,445686 2,445686
обработка 0,013423 0,013423
это 0,013423 0,013423
еда 2,177422 26,129063
описанием 0,013423 0,013423
новую 0,013423 0,013423
массовых 0,013423 0,013423
печенью 4,317488 8,634976
пройдена 0,013423 0,013423
используется 0,013423 0,013423
зарегистрироваться 0,013423 0,053692
пожаловаться 0,013423 0,013423
сентября 1,514128 6,056511
новости 0,006689 0,040134
войти 0,013423 0,053692
салатовновогодние 3,912023 3,912023
тиффани 3,064725 6,129450
электронной 0,013423 0,013423
россиянам 3,401197 3,401197
рецептов 2,177422 4,354844
мире 0,274437 0,274437
эл 0,013423 0,013423
действия 0,013423 0,013423
радио 0,274437 0,274437
защита 0,013423 0,013423
регистрация 0,013423 0,040269
почему 0,013423 0,013423
использования 0,013423 0,013423
особый 3,218876 3,218876
восстановление 0,013423 0,040269
салата 3,401197 6,802395
вопросам 0,013423 0,026846
государственное 0,013423 0,013423
салаты 2,708050 10,832201
змея 3,218876 6,437752
подковы 3,912023 7,824046
вконтакте 0,013423 0,026846
посоветовали 5,010635 5,010635
спецпроекты 0,190354 0,190354
просим 0,013423 0,013423
навсегда 0,013423 0,013423
нарушение 0,013423 0,040269
заблокирован 0,013423 0,013423
ошибку 0,013423 0,013423
минутрецепты 2,708050 5,416100
змеи 2,931194 5,862388
защиты 0,013423 0,013423
назад 0,013423 0,067115
обращения 0,013423 0,026846
вкусных 2,931194 8,793581
минут 1,297063 11,673569
ошибка 0,013423 0,013423
трески 4,317488 8,634976
вопрос 0,006689 0,006689
цезарь 5,010635 5,010635
зубовский 0,013423 0,026846
самых 1,875141 5,625423
подтверждаете 0,013423 0,013423
заполнить 0,013423 0,026846
осуществляется 0,013423 0,013423
ваш 0,013423 0,053692
имя 0,013423 0,067115
другие 0,013423 0,026846
общество 0,265703 1,594219
ставить 3,912023 7,824046
надзору 0,013423 0,013423
нового 1,678431 3,356862
блюдо 2,014903 4,029806
срок 0,013423 0,026846
издание 0,013423 0,013423
оливье 3,218876 6,437752
бульвар 0,013423 0,026846
хотите 0,013423 0,013423
заполните 0,013423 0,067115
технологий 0,013423 0,026846
сетевое 0,013423 0,013423
блюда 2,177422 4,354844
неделю 1,373049 1,373049
роскачество 4,317488 4,317488
вновь 0,013423 0,013423
салатах 5,010635 5,010635
сменить 0,013423 0,013423
материал 0,013423 0,013423
участвовать 0,013423 0,026846
сообщить 0,013423 0,013423
пошаговый 2,813411 5,626821
успешно 0,013423 0,013423
скриншот 0,013423 0,040269
новогоднего 2,931194 2,931194
лента 0,006689 0,013378
приготовить 2,014903 4,029806
греческой 3,218876 3,218876
ряскинаастролог 4,317488 8,634976
заблокированы 0,013423 0,013423
спорт 0,190354 0,190354
сфере 0,013423 0,013423
месяц 1,297063 1,297063
свидетельство 0,013423 0,013423
правила 0,013423 0,026846
взаимодействия 0,013423 0,026846
огненной 3,401197 6,802395
сложностирецепты 4,317488 8,634976
сохранить 0,013423 0,013423
информационное 0,013423 0,040269
морковкинэкономист 2,931194 5,862388
комментирования 0,013423 0,026846
зож 2,302585 6,907755
пресс 0,013423 0,026846
кулинария 2,525729 22,731558
применения 0,013423 0,013423
федеральному 0,013423 0,026846
персональных 0,013423 0,107384
произошла 0,013423 0,013423
брокколи 4,317488 4,317488
дата 0,013423 0,013423
ваше 0,013423 0,107384
популярного 5,010635 5,010635
сайте 0,013423 0,013423
ваши 0,013423 0,013423
идеальные 4,317488 4,317488
сугроб 3,064725 6,129450
фио 0,013423 0,013423
восстановить 0,013423 0,013423
пожалуйста 0,013423 0,013423
стол 2,238047 4,476093
минутпростые 3,912023 3,912023
ниже 0,013423 0,040269
версия 0,013423 0,013423
вопроса 0,013423 0,013423
россия 0,006689 0,066890
простой 2,120264 12,721581
поля 0,013423 0,093961
консервами 3,064725 6,129450
января 1,160488 1,160488
государственному 0,013423 0,026846
пошагово 3,064725 6,129450
регистрации 0,013423 0,026846
поле 0,013423 0,013423
сайт 0,013423 0,026846
сервисы 0,190354 0,190354
зарегистрировано 0,013423 0,013423
другое 0,013423 0,013423
туризм 0,283247 1,132990
сотрудник 2,612740 5,225480
поддерживаетсяполучить 0,013423 0,013423
адрес 0,013423 0,040269
соответствии 0,013423 0,026846
лошади 3,401197 10,203592
загрузите 0,013423 0,013423
сообщения 0,013423 0,053692
загрузить 0,013423 0,013423
направлении 0,013423 0,013423
замеченных 0,013423 0,013423
телефон 0,013423 0,013423
отправки 0,013423 0,013423
домашних 2,612740 5,225480
питание 2,708050 5,416100
унитарному 0,013423 0,026846
период 1,160488 1,160488
психолог 3,624341 7,248682
сообщение 0,013423 0,134230
выберите 0,013423 0,040269
старые 0,013423 0,013423
виде 2,177422 4,354844
попробуйте 0,013423 0,013423
крабовый 3,401197 6,802395
финансового 2,066196 4,132393
лебедев 3,624341 3,624341
дешевле 3,912023 3,912023
помидоры 3,064725 3,064725
поляна 4,317488 8,634976
зелени 3,912023 3,912023
салатоврецепты 3,624341 7,248682
греческий 3,218876 6,437752
бизнес 3,064725 6,129450
защитой 0,013423 0,026846
статьи 0,013423 0,013423
новогоднее 3,912023 7,824046
подтвердите 0,013423 0,013423
авторизация 0,013423 0,013423
средней 2,302585 4,605170
религия 0,283247 0,283247
форма 0,013423 0,013423
логином 0,013423 0,013423
похудения 3,912023 3,912023
рейтинг 0,006689 0,006689
галочку 0,013423 0,013423
форме 2,302585 4,605170
перетащите 0,013423 0,040269
материале 0,013423 0,026846
культура 0,292136 0,292136
материала 0,013423 0,026846
происшествия 0,292136 0,292136
вашего 0,013423 0,013423
паролем 0,013423 0,013423
советский 3,624341 3,624341
современный 3,912023 3,912023
способы 0,013423 0,026846
зарегистрируйтесь 0,013423 0,013423
обо 0,013423 0,013423
недвижимость 0,292136 0,292136
часарецепты 2,813411 14,067054
свеклы 3,624341 7,248682
дискуссии 0,013423 0,026846
рецептырецепты 1,875141 9,375705
редактор 0,013423 0,013423
унитарное 0,013423 0,013423
салатов 2,813411 11,253643
форму 0,013423 0,093961
тема 0,013423 0,040269
отправленного 0,013423 0,013423
связанные 0,013423 0,013423
рекомендательных 0,013423 0,013423
сделать 1,752539 1,752539
данная 0,013423 0,013423
новинки 3,912023 3,912023
обратная 0,013423 0,026846
риа 0,006689 0,020067
здоровье 2,445686 7,337058
проставляя 0,013423 0,013423
связанных 0,013423 0,013423
опишите 0,013423 0,013423
заполнения 0,013423 0,093961
здоровый 3,912023 3,912023
россиян 1,919593 1,919593
полезное 0,182322 0,182322
правительстве 2,177422 4,354844
год 0,967584 13,546176
службе 0,013423 0,013423
средне 2,813411 5,626821
релизов 0,013423 0,013423
маркетолог 4,317488 8,634976
ваших 0,013423 0,026846
андрей 2,445686 2,445686
почты 0,013423 0,013423
октября 1,832581 1,832581
мая 1,832581 1,832581
ведущий 2,302585 4,605170
варежка 3,064725 6,129450
агентство 0,013423 0,040269
правил 0,013423 0,040269
авторизоваться 0,013423 0,013423
авторизуйтесь 0,013423 0,013423
блюдрецепты 3,218876 3,218876
потери 2,708050 2,708050
советы 1,752539 3,505078
агентства 0,013423 0,013423
сегодня 0,013423 0,080538
расширенный 0,013423 0,013423
новыесначала 0,013423 0,013423
приготовления 1,791759 21,501114
шапка 0,013423 0,013423
отправить 0,013423 0,147653
продолжить 0,013423 0,013423
справки 1,875141 1,875141
решении 0,013423 0,013423
условиях 2,066196 2,066196
воспользуйтесь 0,013423 0,040269
участие 0,006689 0,006689
аккаунт 0,013423 0,053692
экономика 0,292136 0,292136
обсуждение 0,013423 0,013423
использовать 0,013423 0,013423
опечатка 0,013423 0,013423
блокировки 0,013423 0,013423
которая 1,643339 1,643339
онлайн 0,013423 0,013423
контактов 0,013423 0,013423
почта 0,013423 0,080538
рецепт 1,544899 24,718390
апреля 0,013423 0,013423
полезного 3,912023 7,824046
фамилия 0,013423 0,013423
университета 2,177422 4,354844
повара 2,302585 4,605170
нами 0,013423 0,093961
яндекс 0,013423 0,026846
дракона 4,317488 4,317488
удалили 0,013423 0,040269
финансовый 3,624341 7,248682
либо 0,013423 0,013423
вакансии 0,013423 0,013423
праздники 1,791759 1,791759
аккаунту 0,013423 0,013423
летних 3,218876 3,218876
открываемого 0,013423 0,026846
нажимая 0,013423 0,013423
поиск 0,013423 0,013423
кухнирецепты 2,612740 18,289180
вами 0,013423 0,013423
недопустимое 0,013423 0,013423
году 1,139434 2,278869
согласны 0,013423 0,040269
истек 0,013423 0,013423
предприятию 0,013423 0,026846
рекламы 0,013423 0,013423
внимание 0,013423 0,013423
принимать 0,013423 0,013423
сможете 0,013423 0,013423
года 0,006689 0,020067
ознакомлены 0,013423 0,013423
ингредиенты 1,919593 1,919593
яркие 2,813411 5,626821
моих 0,013423 0,026846
гастрономия 3,401197 3,401197
предприятие 0,013423 0,013423
гранатовый 4,317488 8,634976
наука 0,292136 0,292136
грибная 4,317488 8,634976
обсуждения 0,013423 0,013423
блокировкой 0,013423 0,040269
