ланса 5,010635 5,010635
законным 0,013423 0,013423
новый 0,013423 0,013423
поведение 5,010635 5,010635
рпл 2,371578 2,371578
найти 0,013423 0,013423
основанием 0,013423 0,013423
письмо 0,013423 0,013423
спасибо 0,013423 0,013423
теннис 2,525729 5,051457
апл 2,612740 2,612740
фигурное 2,371578 2,371578
согласие 0,013423 0,026846
центр 0,190354 0,951769
доступ 0,013423 0,026846
миа 0,013423 0,093961
задать 0,013423 0,013423
теги 0,190354 0,190354
заметил 5,010635 5,010635
автору 0,013423 0,013423
связаться 0,013423 0,080538
александр 1,455287 11,642298
первом 2,708050 2,708050
должны 0,013423 0,013423
г 0,013423 0,026846
д 0,013423 0,026846
реклама 0,190354 0,190354
фото 0,013423 0,053692
политика 0,013423 0,013423
связь 0,006689 0,013378
й 2,014903 6,044709
неспортивное 5,010635 5,010635
готово 0,013423 0,026846
течение 0,013423 0,013423
ланс 5,010635 15,031906
авто 2,238047 2,238047
информационных 0,013423 0,013423
размещения 0,013423 0,013423
сочи 2,238047 2,238047
футбол 2,445686 12,228430
конфиденциальности 0,013423 0,053692
связи 0,013423 0,107384
сообщается 4,317488 8,634976
заголовок 0,013423 0,026846
дисциплинарной 5,010635 5,010635
процесса 0,013423 0,013423
адресу 0,013423 0,026846
проблему 0,013423 0,013423
црвена 2,612740 2,612740
время 0,013423 0,013423
данных 0,013423 0,107384
желтой 5,010635 5,010635
письма 0,013423 0,013423
состоялся 3,912023 3,912023
часов 0,013423 0,026846
соглашаетесь 0,013423 0,013423
ранее 0,013423 0,013423
восстановления 0,013423 0,013423
главный 0,013423 0,013423
данные 0,013423 0,013423
разблокировать 0,013423 0,040269
город 0,013423 0,013423
красную 3,218876 3,218876
фотографию 0,013423 0,013423
обращаем 0,013423 0,013423
отправлено 0,013423 0,013423
написать 0,013423 0,013423
новостеймолния 0,013423 0,013423
россиянин 3,401197 6,802395
одноклассники 0,013423 0,026846
сначала 0,013423 0,013423
показать 0,013423 0,013423
спортфранциячемпионат 5,010635 5,010635
кнопку 0,013423 0,013423
коммуникаций 0,013423 0,013423
пароль 0,013423 0,080538
пароля 0,013423 0,053692
перейдите 0,013423 0,013423
вход 0,013423 0,013423
продукты 0,150823 0,150823
читать 0,851752 0,851752
закрыто 0,013423 0,013423
удалено 0,013423 0,013423
сколько 0,006689 0,006689
гаврилова 0,013423 0,013423
материалов 0,013423 0,040269
отправлена 0,013423 0,013423
чате 0,013423 0,013423
получил 2,612740 2,612740
стороны 2,238047 2,238047
лансмонаконантлига 5,010635 5,010635
расположенному 0,013423 0,026846
чату 0,013423 0,013423
редакцией 0,013423 0,013423
судье 5,010635 10,021271
всем 1,455287 1,455287
биатлон 2,525729 2,525729
учредитель 0,013423 0,013423
рассмотрены 0,013423 0,013423
счетом 3,912023 3,912023
мое 0,013423 0,026846
минуте 4,317488 8,634976
ссылка 0,013423 0,026846
ссылке 0,013423 0,013423
перетяните 0,013423 0,013423
ссылки 0,013423 0,013423
помочь 0,013423 0,013423
архив 0,190354 0,190354
единоборства 2,525729 2,525729
ноттингем 2,612740 2,612740
ошибках 0,013423 0,013423
обязательны 0,013423 0,093961
негативные 4,317488 4,317488
выпуска 0,013423 0,013423
списка 0,013423 0,013423
формой 0,013423 0,053692
роскомнадзор 0,013423 0,013423
нанта 5,010635 15,031906
блокировался 0,013423 0,013423
москва 0,006689 0,026756
воспользоваться 0,013423 0,013423
входа 0,013423 0,013423
сохранили 3,064725 18,388351
моё 0,013423 0,013423
федеральное 0,013423 0,013423
федеральной 0,013423 0,013423
международное 0,013423 0,040269
селтик 2,612740 2,612740
офф 5,010635 5,010635
будут 0,013423 0,013423
новостей 0,006689 0,006689
политикой 0,013423 0,040269
витинье 5,010635 5,010635
матче 2,931194 8,793581
обработки 0,013423 0,026846
даю 0,013423 0,026846
перейти 1,203973 1,203973
обработку 0,013423 0,026846
обратной 0,013423 0,067115
редакции 0,013423 0,026846
обращений 0,013423 0,013423
вчера 1,576648 1,576648
обработка 0,013423 0,013423
это 0,013423 0,013423
головина 5,010635 10,021271
описанием 0,013423 0,013423
новую 0,013423 0,013423
лада 2,612740 2,612740
массовых 0,013423 0,013423
агрессивной 5,010635 5,010635
пройдена 0,013423 0,013423
головину 3,218876 19,313255
используется 0,013423 0,013423
штутгарт 2,612740 2,612740
зарегистрироваться 0,013423 0,053692
пожаловаться 0,013423 0,013423
головин 5,010635 50,106353
комиссии 3,624341 3,624341
новости 0,006689 0,073579
войти 0,013423 0,053692
нхл 2,525729 2,525729
электронной 0,013423 0,013423
эл 0,013423 0,013423
действия 0,013423 0,013423
умерит 5,010635 5,010635
арбитр 5,010635 5,010635
дзен 0,851752 0,851752
защита 0,013423 0,013423
регистрация 0,013423 0,040269
почему 0,013423 0,013423
использования 0,013423 0,013423
восстановление 0,013423 0,040269
вопросам 0,013423 0,026846
государственное 0,013423 0,013423
завершен 2,525729 2,525729
дисквалификацию 3,218876 19,313255
вконтакте 0,013423 0,026846
спецпроекты 0,190354 0,190354
просим 0,013423 0,013423
навсегда 0,013423 0,013423
нарушение 0,013423 0,040269
заблокирован 0,013423 0,013423
ошибку 0,013423 0,013423
защиты 0,013423 0,013423
назад 0,013423 0,067115
дисквалификации 5,010635 15,031906
обращения 0,013423 0,026846
футболу 3,401197 13,604790
февраля 0,616186 1,232372
манере 5,010635 5,010635
игру 4,317488 4,317488
ошибка 0,013423 0,013423
полузащитник 5,010635 25,053176
вопрос 0,006689 0,006689
зубовский 0,013423 0,026846
подтверждаете 0,013423 0,013423
заполнить 0,013423 0,026846
осуществляется 0,013423 0,013423
ваш 0,013423 0,053692
против 1,966113 9,830564
имя 0,013423 0,067115
другие 0,013423 0,026846
главное 1,752539 1,752539
субботу 4,317488 4,317488
раунда 3,401197 3,401197
надзору 0,013423 0,013423
срок 0,013423 0,026846
издание 0,013423 0,013423
бульвар 0,013423 0,026846
бундеслига 2,612740 2,612740
хотите 0,013423 0,013423
заполните 0,013423 0,067115
технологий 0,013423 0,026846
футбольной 5,010635 5,010635
сетевое 0,013423 0,013423
избежал 4,317488 12,952464
вновь 0,013423 0,013423
фев 1,399717 1,399717
тура 4,317488 12,952464
сменить 0,013423 0,013423
материал 0,013423 0,013423
участвовать 0,013423 0,026846
лилль 2,612740 2,612740
сообщить 0,013423 0,013423
успешно 0,013423 0,013423
скриншот 0,013423 0,040269
победой 3,912023 3,912023
лента 0,006689 0,013378
ак 2,612740 2,612740
заблокированы 0,013423 0,013423
гостевую 5,010635 5,010635
спорт 0,190354 2,093891
сфере 0,013423 0,013423
франция 3,624341 14,497364
перерыв 2,525729 2,525729
свидетельство 0,013423 0,013423
завершился 3,912023 3,912023
правила 0,013423 0,026846
монегасков 5,010635 5,010635
карточкой 5,010635 5,010635
взаимодействия 0,013423 0,026846
франции 3,218876 16,094379
сохранить 0,013423 0,013423
информационное 0,013423 0,040269
жермен 5,010635 5,010635
комментирования 0,013423 0,026846
состоится 5,010635 5,010635
уефа 5,010635 10,021271
зож 2,302585 2,302585
кхл 2,525729 2,525729
пресс 0,013423 0,053692
применения 0,013423 0,013423
результатам 2,445686 2,445686
семин 5,010635 5,010635
федеральному 0,013423 0,026846
персональных 0,013423 0,107384
произошла 0,013423 0,013423
дата 0,013423 0,013423
ваше 0,013423 0,107384
сайте 0,013423 0,026846
ваши 0,013423 0,013423
чемпионат 3,401197 10,203592
полузащитнике 5,010635 5,010635
фио 0,013423 0,013423
восстановить 0,013423 0,013423
пожалуйста 0,013423 0,013423
ниже 0,013423 0,040269
версия 0,013423 0,013423
вопроса 0,013423 0,013423
россия 0,006689 0,080268
го 2,177422 6,532266
поля 0,013423 0,093961
обратился 4,317488 4,317488
европы 2,238047 2,238047
пари 5,010635 5,010635
государственному 0,013423 0,026846
плей 5,010635 5,010635
регистрации 0,013423 0,026846
срока 3,218876 9,656627
поле 0,013423 0,013423
сайт 0,013423 0,026846
сервисы 0,190354 0,190354
зарегистрировано 0,013423 0,013423
другое 0,013423 0,013423
поддерживаетсяполучить 0,013423 0,013423
адрес 0,013423 0,040269
прямую 4,317488 4,317488
соответствии 0,013423 0,026846
загрузите 0,013423 0,013423
сообщения 0,013423 0,053692
загрузить 0,013423 0,013423
направлении 0,013423 0,013423
замеченных 0,013423 0,013423
телефон 0,013423 0,013423
отправки 0,013423 0,013423
эмоции 3,912023 3,912023
унитарному 0,013423 0,026846
паок 2,612740 2,612740
сен 3,401197 3,401197
сообщение 0,013423 0,134230
выберите 0,013423 0,040269
старые 0,013423 0,013423
сет 2,612740 2,612740
пропустит 5,010635 5,010635
попробуйте 0,013423 0,013423
мото 2,525729 2,525729
евролига 2,612740 2,612740
чемпионата 3,624341 3,624341
витинья 5,010635 15,031906
защитой 0,013423 0,026846
статьи 0,013423 0,013423
фенербахче 2,612740 2,612740
соперника 5,010635 5,010635
подтвердите 0,013423 0,013423
авторизация 0,013423 0,013423
форма 0,013423 0,013423
логином 0,013423 0,013423
сельта 2,612740 2,612740
рейтинг 0,006689 0,006689
галочку 0,013423 0,013423
контакты 2,120264 2,120264
перетащите 0,013423 0,040269
материале 0,013423 0,026846
материала 0,013423 0,026846
карточку 5,010635 5,010635
вашего 0,013423 0,013423
паролем 0,013423 0,013423
способы 0,013423 0,026846
зарегистрируйтесь 0,013423 0,013423
обо 0,013423 0,013423
позднее 3,624341 3,624341
дискуссии 0,013423 0,026846
редактор 0,013423 0,013423
фгуп 0,499776 2,498879
нба 2,612740 2,612740
унитарное 0,013423 0,013423
саркастично 5,010635 5,010635
фол 5,010635 5,010635
монако 5,010635 55,116988
форму 0,013423 0,093961
тема 0,013423 0,040269
хачанов 2,612740 2,612740
хоккей 2,238047 6,714140
отправленного 0,013423 0,013423
удалением 5,010635 10,021271
связанные 0,013423 0,013423
рекомендательных 0,013423 0,013423
данная 0,013423 0,013423
головинвитинья 5,010635 5,010635
служба 2,238047 4,476093
обратная 0,013423 0,026846
риа 0,006689 0,066890
серия 2,525729 2,525729
проставляя 0,013423 0,013423
связанных 0,013423 0,013423
опишите 0,013423 0,013423
заполнения 0,013423 0,093961
полезное 0,182322 0,182322
службе 0,013423 0,013423
домашней 5,010635 5,010635
релизов 0,013423 0,013423
наказан 5,010635 5,010635
ваших 0,013423 0,026846
наказал 4,317488 4,317488
ко 2,177422 2,177422
матч 2,238047 24,618512
почты 0,013423 0,013423
профессиональной 3,401197 3,401197
увеличения 4,317488 12,952464
ла 2,612740 2,612740
агентство 0,013423 0,040269
динамо 2,238047 2,238047
правил 0,013423 0,040269
авторизоваться 0,013423 0,013423
авторизуйтесь 0,013423 0,013423
агентства 0,013423 0,013423
сегодня 0,013423 0,134230
расширенный 0,013423 0,013423
агентстве 2,525729 2,525729
поаплодировал 5,010635 5,010635
рукой 3,624341 3,624341
новыесначала 0,013423 0,013423
лиги 2,612740 26,127400
шапка 0,013423 0,013423
отправить 0,013423 0,147653
продолжить 0,013423 0,013423
нант 5,010635 15,031906
решении 0,013423 0,013423
рассказал 1,347074 1,347074
лига 2,371578 23,715780
воспользуйтесь 0,013423 0,040269
участие 0,006689 0,006689
архивное 1,373049 1,373049
аккаунт 0,013423 0,053692
обсуждение 0,013423 0,013423
использовать 0,013423 0,013423
опечатка 0,013423 0,013423
барс 2,612740 2,612740
блокировки 0,013423 0,013423
стыкового 5,010635 5,010635
которая 1,643339 1,643339
онлайн 0,013423 0,013423
контактов 0,013423 0,013423
почта 0,013423 0,080538
апреля 0,013423 0,013423
фамилия 0,013423 0,013423
звезда 2,612740 2,612740
решению 3,912023 3,912023
нами 0,013423 0,093961
яндекс 0,013423 0,026846
удалили 0,013423 0,040269
либо 0,013423 0,013423
вакансии 0,013423 0,013423
аккаунту 0,013423 0,013423
открываемого 0,013423 0,026846
нажимая 0,013423 0,013423
поиск 0,013423 0,013423
вами 0,013423 0,013423
недопустимое 0,013423 0,013423
согласны 0,013423 0,040269
истек 0,013423 0,013423
катание 2,302585 2,302585
предприятию 0,013423 0,026846
рекламы 0,013423 0,013423
внимание 0,013423 0,013423
встречу 2,931194 2,931194
принимать 0,013423 0,013423
алькарас 2,612740 2,612740
сможете 0,013423 0,013423
года 0,006689 0,006689
ознакомлены 0,013423 0,013423
моих 0,013423 0,026846
предприятие 0,013423 0,013423
форрест 2,612740 2,612740
чемпионов 2,612740 13,063700
обсуждения 0,013423 0,013423
второй 2,445686 2,445686
блокировкой 0,013423 0,040269
