иностранных 2,612740 2,612740
законным 0,013423 0,013423
рф 1,181994 1,181994
новый 0,013423 0,013423
рпл 2,371578 2,371578
найти 0,013423 0,013423
основанием 0,013423 0,013423
газета 3,401197 3,401197
письмо 0,013423 0,013423
спасибо 0,013423 0,013423
теннис 2,525729 5,051457
играх 3,624341 7,248682
получили 2,525729 2,525729
апл 2,612740 2,612740
фигурное 2,371578 2,371578
согласие 0,013423 0,026846
милане 3,912023 3,912023
маловероятно 5,010635 5,010635
центр 0,190354 0,951769
доступ 0,013423 0,026846
миа 0,013423 0,093961
задать 0,013423 0,013423
теги 0,190354 0,190354
автору 0,013423 0,013423
мид 3,064725 12,258901
связаться 0,013423 0,080538
рожков 5,010635 5,010635
сообщил 2,445686 2,445686
должны 0,013423 0,013423
г 0,013423 0,026846
д 0,013423 0,040269
реклама 0,190354 0,190354
фото 0,013423 0,026846
бойкотировать 5,010635 5,010635
политика 0,013423 0,013423
связь 0,006689 0,013378
й 2,014903 2,014903
четверг 3,401197 3,401197
двусторонние 3,624341 3,624341
готово 0,013423 0,026846
течение 0,013423 0,013423
авто 2,238047 2,238047
информационных 0,013423 0,013423
откат 5,010635 5,010635
размещения 0,013423 0,013423
сочи 2,238047 2,238047
футбол 2,445686 12,228430
конфиденциальности 0,013423 0,053692
связи 0,013423 0,080538
заголовок 0,013423 0,026846
видах 3,912023 3,912023
процесса 0,013423 0,013423
адресу 0,013423 0,026846
проблему 0,013423 0,026846
црвена 2,612740 2,612740
время 0,013423 0,013423
данных 0,013423 0,107384
национальной 2,931194 2,931194
письма 0,013423 0,013423
часов 0,013423 0,026846
соглашаетесь 0,013423 0,013423
данным 2,371578 2,371578
восстановления 0,013423 0,013423
ранее 0,013423 0,026846
главный 0,013423 0,013423
данные 0,013423 0,013423
разблокировать 0,013423 0,040269
город 0,013423 0,013423
италия 2,708050 27,080502
фотографию 0,013423 0,013423
обращаем 0,013423 0,013423
протестов 5,010635 10,021271
отправлено 0,013423 0,013423
написать 0,013423 0,013423
новостеймолния 0,013423 0,013423
вице 4,317488 8,634976
одноклассники 0,013423 0,026846
сначала 0,013423 0,013423
украины 1,832581 7,330326
показать 0,013423 0,013423
кнопку 0,013423 0,013423
коммуникаций 0,013423 0,013423
пароль 0,013423 0,080538
пароля 0,013423 0,053692
флаги 3,912023 3,912023
миреиталиякиевроссияантонио 5,010635 5,010635
хотя 2,371578 2,371578
однако 1,966113 1,966113
перейдите 0,013423 0,013423
паралимпийцев 3,064725 21,453076
спорта 2,931194 20,518356
вход 0,013423 0,013423
продукты 0,150823 0,150823
читать 0,851752 0,851752
закрыто 0,013423 0,013423
игр 3,064725 3,064725
удалено 0,013423 0,013423
сколько 0,006689 0,006689
гаврилова 0,013423 0,013423
материалов 0,013423 0,040269
отправлена 0,013423 0,013423
италии 2,525729 20,205829
чате 0,013423 0,013423
киева 2,708050 5,416100
символикой 4,317488 4,317488
таяни 4,317488 25,904929
расположенному 0,013423 0,026846
чату 0,013423 0,013423
редакцией 0,013423 0,013423
сторону 3,064725 3,064725
всем 1,455287 1,455287
польша 3,064725 3,064725
биатлон 2,525729 2,525729
мере 3,401197 3,401197
предложил 3,624341 10,873023
учредитель 0,013423 0,013423
рассмотрены 0,013423 0,013423
мое 0,013423 0,026846
ссылка 0,013423 0,026846
совмина 5,010635 5,010635
ссылке 0,013423 0,013423
говорится 2,371578 2,371578
перетяните 0,013423 0,013423
ссылки 0,013423 0,013423
помочь 0,013423 0,013423
архив 0,190354 0,190354
единоборства 2,525729 2,525729
организаторы 5,010635 5,010635
среду 3,218876 3,218876
богодвид 3,218876 6,437752
ноттингем 2,612740 2,612740
ошибках 0,013423 0,013423
обязательны 0,013423 0,093961
флагом 4,317488 4,317488
комитета 3,218876 3,218876
выпуска 0,013423 0,013423
списка 0,013423 0,013423
формой 0,013423 0,053692
роскомнадзор 0,013423 0,013423
пересмотрит 5,010635 5,010635
отметив 5,010635 5,010635
блокировался 0,013423 0,013423
москва 0,006689 0,020067
воспользоваться 0,013423 0,013423
российской 1,678431 1,678431
входа 0,013423 0,013423
моё 0,013423 0,013423
вариантов 3,624341 3,624341
федеральное 0,013423 0,013423
выразили 5,010635 5,010635
федеральной 0,013423 0,013423
павел 2,238047 2,238047
международное 0,013423 0,040269
эта 2,371578 2,371578
селтик 2,612740 2,612740
будут 0,013423 0,026846
окончательное 4,317488 4,317488
новостей 0,006689 0,006689
выступят 4,317488 4,317488
предложен 5,010635 5,010635
надежду 2,931194 2,931194
политикой 0,013423 0,040269
сопровождающим 3,401197 34,011974
гимном 4,317488 4,317488
обработки 0,013423 0,026846
даю 0,013423 0,026846
перейти 1,203973 3,611918
пройдут 3,624341 3,624341
минфина 5,010635 5,010635
обработку 0,013423 0,026846
обратной 0,013423 0,067115
редакции 0,013423 0,026846
белорусы 4,317488 4,317488
обращений 0,013423 0,013423
разыграно 5,010635 5,010635
вчера 1,576648 3,153296
джорджа 5,010635 20,042541
обработка 0,013423 0,013423
это 0,013423 0,013423
абоди 5,010635 5,010635
спортсменов 3,624341 10,873023
назвала 2,525729 2,525729
описанием 0,013423 0,013423
новую 0,013423 0,013423
лада 2,612740 2,612740
массовых 0,013423 0,013423
пройдена 0,013423 0,013423
нейтральными 5,010635 5,010635
используется 0,013423 0,013423
штутгарт 2,612740 2,612740
зарегистрироваться 0,013423 0,053692
пожаловаться 0,013423 0,013423
новости 0,006689 0,093646
войти 0,013423 0,053692
нхл 2,525729 2,525729
электронной 0,013423 0,013423
паралимпиаду 4,317488 4,317488
мире 0,274437 0,823311
эл 0,013423 0,013423
действия 0,013423 0,013423
таяниджорджа 5,010635 5,010635
дзен 0,851752 0,851752
защита 0,013423 0,013423
вину 3,624341 3,624341
звучит 4,317488 4,317488
регистрация 0,013423 0,040269
почему 0,013423 0,013423
использования 0,013423 0,013423
восстановление 0,013423 0,040269
вопросам 0,013423 0,026846
государственное 0,013423 0,013423
медалей 4,317488 4,317488
завершен 2,525729 2,525729
вконтакте 0,013423 0,026846
спецпроекты 0,190354 0,190354
просим 0,013423 0,013423
навсегда 0,013423 0,013423
нарушение 0,013423 0,040269
заблокирован 0,013423 0,013423
паралимпийских 4,317488 8,634976
ошибку 0,013423 0,013423
защиты 0,013423 0,013423
принимает 3,624341 3,624341
назад 0,013423 0,080538
обращения 0,013423 0,026846
игры 1,791759 10,750557
паралимпиаде 3,401197 10,203592
издания 3,624341 3,624341
паралимпийские 3,624341 18,121705
паралимпийский 5,010635 5,010635
ошибка 0,013423 0,013423
дел 2,612740 2,612740
антонио 3,912023 23,472138
вопрос 0,006689 0,006689
зубовский 0,013423 0,026846
подтверждаете 0,013423 0,013423
проигнорирует 5,010635 5,010635
заполнить 0,013423 0,026846
марта 1,678431 1,678431
осуществляется 0,013423 0,013423
ваш 0,013423 0,053692
имя 0,013423 0,067115
другие 0,013423 0,026846
главное 1,752539 1,752539
надзору 0,013423 0,013423
срок 0,013423 0,026846
издание 0,013423 0,013423
обсуждалась 4,317488 4,317488
бульвар 0,013423 0,026846
бундеслига 2,612740 2,612740
хотите 0,013423 0,013423
заполните 0,013423 0,067115
джорджетти 5,010635 5,010635
технологий 0,013423 0,026846
кортина 3,912023 3,912023
сетевое 0,013423 0,013423
вновь 0,013423 0,013423
фев 1,399717 1,399717
сменить 0,013423 0,013423
угрожает 3,912023 3,912023
материал 0,013423 0,013423
серьезной 4,317488 4,317488
участвовать 0,013423 0,026846
лилль 2,612740 2,612740
сообщить 0,013423 0,013423
успешно 0,013423 0,013423
скриншот 0,013423 0,040269
лента 0,006689 0,013378
ак 2,612740 2,612740
заблокированы 0,013423 0,013423
спорт 0,190354 1,522830
министров 4,317488 4,317488
сфере 0,013423 0,013423
перерыв 2,525729 2,525729
последует 5,010635 5,010635
свидетельство 0,013423 0,013423
правила 0,013423 0,026846
взаимодействия 0,013423 0,026846
глава 2,612740 7,838220
сохранить 0,013423 0,013423
информационное 0,013423 0,040269
зимние 2,813411 2,813411
министерство 2,238047 8,952186
комментирования 0,013423 0,026846
составе 3,218876 3,218876
мелони 5,010635 20,042541
зож 2,302585 2,302585
дать 2,066196 14,463374
кхл 2,525729 2,525729
пресс 0,013423 0,026846
россии 0,395515 2,768603
применения 0,013423 0,013423
визы 3,064725 30,647251
результатам 2,445686 2,445686
инвалиды 3,912023 3,912023
федеральному 0,013423 0,026846
персональных 0,013423 0,107384
произошла 0,013423 0,013423
дата 0,013423 0,013423
ваше 0,013423 0,107384
сайте 0,013423 0,013423
впервые 2,238047 2,238047
ваши 0,013423 0,013423
открытие 3,912023 3,912023
очередь 2,238047 2,238047
фио 0,013423 0,013423
восстановить 0,013423 0,013423
пожалуйста 0,013423 0,013423
украиныпаралимпийские 5,010635 5,010635
мелониминистерство 5,010635 5,010635
шести 3,218876 3,218876
ниже 0,013423 0,040269
версия 0,013423 0,013423
вопроса 0,013423 0,013423
россия 0,006689 0,107024
поля 0,013423 0,093961
шесть 2,708050 2,708050
паралимпийского 5,010635 5,010635
европы 2,238047 2,238047
государственному 0,013423 0,026846
регистрации 0,013423 0,026846
поле 0,013423 0,013423
сайт 0,013423 0,026846
сервисы 0,190354 0,190354
зарегистрировано 0,013423 0,013423
другое 0,013423 0,013423
выступать 3,401197 3,401197
поддерживаетсяполучить 0,013423 0,013423
адрес 0,013423 0,040269
соответствии 0,013423 0,026846
состоявшемся 4,317488 4,317488
загрузите 0,013423 0,013423
сообщения 0,013423 0,053692
белорусов 5,010635 5,010635
давать 4,317488 8,634976
загрузить 0,013423 0,013423
российских 1,966113 5,898339
направлении 0,013423 0,013423
замеченных 0,013423 0,013423
телефон 0,013423 0,013423
отправки 0,013423 0,013423
унитарному 0,013423 0,026846
паок 2,612740 2,612740
заседании 3,624341 7,248682
сообщение 0,013423 0,134230
выберите 0,013423 0,040269
старые 0,013423 0,013423
сет 2,612740 2,612740
комплектов 4,317488 4,317488
попробуйте 0,013423 0,013423
мото 2,525729 2,525729
евролига 2,612740 2,612740
итальянскую 5,010635 5,010635
защитой 0,013423 0,026846
статье 3,401197 3,401197
статьи 0,013423 0,013423
фенербахче 2,612740 2,612740
подтвердите 0,013423 0,013423
авторизация 0,013423 0,013423
форма 0,013423 0,013423
логином 0,013423 0,013423
сельта 2,612740 2,612740
рейтинг 0,006689 0,006689
галочку 0,013423 0,013423
контакты 2,120264 2,120264
перетащите 0,013423 0,040269
материале 0,013423 0,026846
материала 0,013423 0,026846
министром 5,010635 5,010635
медиабанкфлаги 5,010635 5,010635
вашего 0,013423 0,013423
паролем 0,013423 0,013423
ампеццо 3,912023 3,912023
способы 0,013423 0,026846
зарегистрируйтесь 0,013423 0,013423
обо 0,013423 0,013423
дискуссии 0,013423 0,026846
редактор 0,013423 0,013423
фгуп 0,499776 2,498879
нба 2,612740 2,612740
унитарное 0,013423 0,013423
джанкарло 5,010635 5,010635
молодежи 5,010635 25,053176
форму 0,013423 0,093961
тема 0,013423 0,053692
хачанов 2,612740 2,612740
хоккей 2,238047 6,714140
отправленного 0,013423 0,013423
связанные 0,013423 0,013423
рекомендательных 0,013423 0,013423
данная 0,013423 0,013423
обратная 0,013423 0,026846
риа 0,006689 0,086957
милан 3,912023 3,912023
серия 2,525729 2,525729
проставляя 0,013423 0,013423
связанных 0,013423 0,013423
опишите 0,013423 0,013423
заполнения 0,013423 0,093961
россиян 1,919593 3,839186
полезное 0,182322 0,182322
службе 0,013423 0,013423
выдавать 4,317488 4,317488
медиабанк 1,321756 1,321756
максим 2,525729 5,051457
релизов 0,013423 0,013423
предложила 3,064725 18,388351
ваших 0,013423 0,026846
министр 3,401197 6,802395
международный 3,064725 3,064725
комитет 3,064725 3,064725
совета 2,931194 2,931194
ко 2,177422 2,177422
матч 2,238047 8,952186
почты 0,013423 0,013423
андреа 5,010635 5,010635
ла 2,612740 2,612740
агентство 0,013423 0,040269
динамо 2,238047 2,238047
правил 0,013423 0,040269
авторизоваться 0,013423 0,013423
авторизуйтесь 0,013423 0,013423
россияне 2,708050 5,416100
делегации 2,931194 2,931194
агентства 0,013423 0,013423
сегодня 0,013423 0,134230
случае 1,714798 1,714798
президент 2,238047 2,238047
расширенный 0,013423 0,013423
агентстве 2,525729 2,525729
сми 2,177422 13,064532
новыесначала 0,013423 0,013423
шапка 0,013423 0,013423
примерно 2,177422 2,177422
отправить 0,013423 0,147653
продолжить 0,013423 0,013423
решение 1,791759 5,375278
решении 0,013423 0,013423
лига 2,371578 9,486312
рассказал 1,347074 1,347074
воспользуйтесь 0,013423 0,040269
участие 0,006689 0,006689
архивное 1,373049 1,373049
аккаунт 0,013423 0,053692
флагами 4,317488 4,317488
обсуждение 0,013423 0,013423
участии 4,317488 4,317488
использовать 0,013423 0,013423
опечатка 0,013423 0,013423
барс 2,612740 2,612740
блокировки 0,013423 0,013423
онлайн 0,013423 0,013423
контактов 0,013423 0,013423
почта 0,013423 0,080538
апреля 0,013423 0,013423
киев 2,302585 9,210340
дегтярев 3,912023 3,912023
фамилия 0,013423 0,013423
звезда 2,612740 2,612740
пишет 2,177422 4,354844
нами 0,013423 0,093961
яндекс 0,013423 0,026846
удалили 0,013423 0,040269
либо 0,013423 0,026846
вакансии 0,013423 0,013423
аккаунту 0,013423 0,013423
приглашения 4,317488 4,317488
открываемого 0,013423 0,026846
нажимая 0,013423 0,013423
поиск 0,013423 0,013423
вами 0,013423 0,013423
недопустимое 0,013423 0,013423
предстоящей 5,010635 10,021271
согласны 0,013423 0,040269
истек 0,013423 0,013423
возложат 5,010635 5,010635
пересмотрят 4,317488 4,317488
катание 2,302585 2,302585
предприятию 0,013423 0,026846
рекламы 0,013423 0,013423
внимание 0,013423 0,013423
пкр 5,010635 10,021271
принимать 0,013423 0,013423
алькарас 2,612740 2,612740
премьер 2,931194 8,793581
сможете 0,013423 0,013423
года 0,006689 0,020067
крайней 3,912023 3,912023
ознакомлены 0,013423 0,013423
моих 0,013423 0,026846
предприятие 0,013423 0,013423
форрест 2,612740 2,612740
чемпионов 2,612740 2,612740
обсуждения 0,013423 0,013423
блокировкой 0,013423 0,040269
