знакомы 4,317488 4,317488
законным 0,013423 0,013423
детства 3,064725 3,064725
рф 1,181994 1,181994
новый 0,013423 0,013423
яснопонятно 5,010635 5,010635
полководцах 5,010635 5,010635
найти 0,013423 0,013423
основанием 0,013423 0,013423
письмо 0,013423 0,013423
спасибо 0,013423 0,013423
супергерои 5,010635 5,010635
стал 2,120264 2,120264
побеждал 5,010635 5,010635
согласие 0,013423 0,026846
центр 0,190354 0,190354
доступ 0,013423 0,026846
декабря 1,098612 2,197225
миа 0,013423 0,026846
задать 0,013423 0,013423
теги 0,190354 0,190354
автору 0,013423 0,013423
связаться 0,013423 0,080538
александр 1,455287 1,455287
должны 0,013423 0,013423
г 0,013423 0,026846
д 0,013423 0,026846
волхова 5,010635 5,010635
реклама 0,190354 0,190354
фото 0,013423 0,013423
архитектурному 5,010635 5,010635
политика 0,013423 0,026846
лет 1,514128 1,514128
связь 0,006689 0,013378
готово 0,013423 0,026846
течение 0,013423 0,013423
информационных 0,013423 0,013423
силе 3,401197 3,401197
размещения 0,013423 0,013423
обогнавшие 5,010635 30,063812
роскошь 5,010635 5,010635
конфиденциальности 0,013423 0,053692
связи 0,013423 0,080538
заголовок 0,013423 0,026846
делай 4,317488 4,317488
русский 2,931194 5,862388
процесса 0,013423 0,013423
адресу 0,013423 0,026846
проблему 0,013423 0,013423
проект 2,525729 5,051457
крыльях 5,010635 5,010635
время 0,013423 0,080538
данных 0,013423 0,107384
страхи 5,010635 5,010635
времявместе 5,010635 5,010635
письма 0,013423 0,013423
часов 0,013423 0,026846
соглашаетесь 0,013423 0,013423
имена 3,624341 3,624341
ранее 0,013423 0,013423
восстановления 0,013423 0,013423
главный 0,013423 0,013423
мистика 2,813411 2,813411
данные 0,013423 0,013423
голосовании 5,010635 5,010635
разблокировать 0,013423 0,040269
город 0,013423 0,013423
фотографию 0,013423 0,013423
обращаем 0,013423 0,013423
отправлено 0,013423 0,013423
написать 0,013423 0,013423
новостеймолния 0,013423 0,013423
одноклассники 0,013423 0,026846
сначала 0,013423 0,013423
показать 0,013423 0,013423
кнопку 0,013423 0,013423
коммуникаций 0,013423 0,013423
русских 3,064725 6,129450
выставка 2,525729 2,525729
пароль 0,013423 0,080538
пароля 0,013423 0,053692
рассказываем 5,010635 5,010635
перейдите 0,013423 0,013423
расскажем 3,912023 3,912023
вход 0,013423 0,013423
июня 2,066196 2,066196
продукты 0,150823 0,150823
закрыто 0,013423 0,013423
удалено 0,013423 0,013423
ответы 3,064725 3,064725
сколько 0,006689 0,006689
гаврилова 0,013423 0,013423
материалов 0,013423 0,040269
отправлена 0,013423 0,013423
танки 5,010635 5,010635
чате 0,013423 0,013423
экспертами 5,010635 10,021271
ледоколов 5,010635 5,010635
расположенному 0,013423 0,026846
чату 0,013423 0,013423
редакцией 0,013423 0,013423
плавание 5,010635 5,010635
чечни 4,317488 4,317488
учредитель 0,013423 0,013423
рассмотрены 0,013423 0,013423
мое 0,013423 0,026846
бери 5,010635 5,010635
ссылка 0,013423 0,026846
ссылке 0,013423 0,013423
перетяните 0,013423 0,013423
ссылки 0,013423 0,013423
помочь 0,013423 0,013423
архив 0,190354 0,190354
июля 1,791759 3,583519
ошибках 0,013423 0,013423
обязательны 0,013423 0,093961
сомелье 5,010635 5,010635
русского 3,064725 6,129450
выпуска 0,013423 0,013423
списка 0,013423 0,013423
формой 0,013423 0,053692
освобождение 2,931194 2,931194
роскомнадзор 0,013423 0,013423
русское 3,401197 3,401197
блокировался 0,013423 0,013423
берегу 3,912023 3,912023
москва 0,006689 0,013378
воспользоваться 0,013423 0,013423
входа 0,013423 0,013423
моё 0,013423 0,013423
федеральное 0,013423 0,013423
фрилансер 5,010635 5,010635
федеральной 0,013423 0,013423
международное 0,013423 0,040269
будут 0,013423 0,013423
усадьба 4,317488 4,317488
новостей 0,006689 0,006689
ноября 1,714798 1,714798
политикой 0,013423 0,040269
обработки 0,013423 0,026846
века 3,218876 3,218876
даю 0,013423 0,026846
жизни 2,120264 2,120264
обработку 0,013423 0,026846
обратной 0,013423 0,067115
подкасты 0,292136 1,168546
редакции 0,013423 0,026846
обращений 0,013423 0,013423
обработка 0,013423 0,013423
это 0,013423 0,053692
подкасте 5,010635 5,010635
описанием 0,013423 0,013423
новую 0,013423 0,013423
массовых 0,013423 0,013423
пройдена 0,013423 0,013423
используется 0,013423 0,013423
экспедиция 4,317488 4,317488
зарегистрироваться 0,013423 0,053692
пожаловаться 0,013423 0,013423
мархи 5,010635 5,010635
новости 0,006689 0,013378
войти 0,013423 0,053692
электронной 0,013423 0,013423
аракчеева 5,010635 5,010635
мире 0,274437 0,274437
эл 0,013423 0,013423
действия 0,013423 0,013423
куликово 4,317488 4,317488
радио 0,274437 0,274437
точно 2,612740 2,612740
защита 0,013423 0,013423
народном 5,010635 5,010635
регистрация 0,013423 0,040269
почему 0,013423 0,013423
использования 0,013423 0,013423
восстановление 0,013423 0,040269
ритме 5,010635 5,010635
вопросам 0,013423 0,026846
государственное 0,013423 0,013423
сохранившихся 5,010635 5,010635
призером 4,317488 4,317488
вконтакте 0,013423 0,040269
спецпроекты 0,190354 0,190354
просим 0,013423 0,013423
навсегда 0,013423 0,013423
нарушение 0,013423 0,040269
заблокирован 0,013423 0,013423
ошибку 0,013423 0,013423
защиты 0,013423 0,013423
назад 0,013423 0,067115
обращения 0,013423 0,026846
февраля 0,616186 0,616186
флотавместе 5,010635 5,010635
ошибка 0,013423 0,013423
вопрос 0,006689 0,006689
зубовский 0,013423 0,026846
невский 5,010635 5,010635
подтверждаете 0,013423 0,013423
донбассарассказываем 5,010635 5,010635
бьется 5,010635 5,010635
заполнить 0,013423 0,026846
петра 3,912023 3,912023
марта 1,678431 1,678431
осуществляется 0,013423 0,013423
ваш 0,013423 0,053692
имя 0,013423 0,067115
другие 0,013423 0,026846
общество 0,265703 0,265703
главное 1,752539 1,752539
надзору 0,013423 0,013423
срок 0,013423 0,026846
судостроении 5,010635 5,010635
умрем 5,010635 5,010635
издание 0,013423 0,013423
бульвар 0,013423 0,026846
хотите 0,013423 0,013423
заполните 0,013423 0,067115
технологий 0,013423 0,026846
сетевое 0,013423 0,013423
вновь 0,013423 0,013423
сменить 0,013423 0,013423
материал 0,013423 0,013423
участвовать 0,013423 0,026846
сообщить 0,013423 0,013423
успешно 0,013423 0,013423
скриншот 0,013423 0,040269
ключевых 3,064725 3,064725
лента 0,006689 0,013378
угол 4,317488 4,317488
победпроект 5,010635 5,010635
заблокированы 0,013423 0,013423
спорт 0,190354 0,190354
сфере 0,013423 0,013423
свидетельство 0,013423 0,013423
сердце 3,401197 3,401197
правила 0,013423 0,026846
графа 4,317488 4,317488
взаимодействия 0,013423 0,026846
грозного 5,010635 5,010635
шоубизе 5,010635 5,010635
сохранить 0,013423 0,013423
информационное 0,013423 0,040269
комментирования 0,013423 0,026846
посвященная 5,010635 5,010635
пресс 0,013423 0,026846
оружие 2,708050 2,708050
применения 0,013423 0,013423
федеральному 0,013423 0,026846
персональных 0,013423 0,107384
произошла 0,013423 0,013423
дата 0,013423 0,013423
ваше 0,013423 0,107384
сайте 0,013423 0,013423
ваши 0,013423 0,013423
фио 0,013423 0,013423
восстановить 0,013423 0,013423
пожалуйста 0,013423 0,013423
тех 2,177422 2,177422
ниже 0,013423 0,040269
версия 0,013423 0,013423
вопроса 0,013423 0,013423
россия 0,006689 0,046823
поля 0,013423 0,093961
вопросы 2,238047 2,238047
судов 3,401197 3,401197
января 1,160488 1,160488
государственному 0,013423 0,026846
регистрации 0,013423 0,026846
сайт 0,013423 0,026846
поле 0,013423 0,026846
сервисы 0,190354 0,190354
зарегистрировано 0,013423 0,013423
другое 0,013423 0,013423
туризм 0,283247 0,283247
поддерживаетсяполучить 0,013423 0,013423
адрес 0,013423 0,040269
соответствии 0,013423 0,026846
загрузите 0,013423 0,013423
сообщения 0,013423 0,053692
загрузить 0,013423 0,013423
направлении 0,013423 0,013423
замеченных 0,013423 0,013423
телефон 0,013423 0,013423
виды 2,813411 2,813411
отправки 0,013423 0,013423
унитарному 0,013423 0,026846
фронтиррасскажем 5,010635 5,010635
шум 5,010635 10,021271
поражениях 4,317488 4,317488
сообщение 0,013423 0,134230
выберите 0,013423 0,040269
старые 0,013423 0,013423
попробуйте 0,013423 0,013423
делаете 5,010635 5,010635
защитой 0,013423 0,026846
атомных 3,912023 3,912023
статьи 0,013423 0,013423
победил 4,317488 4,317488
подтвердите 0,013423 0,013423
авторизация 0,013423 0,013423
религия 0,283247 0,283247
форма 0,013423 0,013423
логином 0,013423 0,013423
рейтинг 0,006689 0,006689
галочку 0,013423 0,013423
перетащите 0,013423 0,040269
материале 0,013423 0,026846
культура 0,292136 0,292136
материала 0,013423 0,026846
кочей 5,010635 5,010635
происшествия 0,292136 0,292136
вашего 0,013423 0,013423
паролем 0,013423 0,013423
петербургская 5,010635 5,010635
способы 0,013423 0,026846
зарегистрируйтесь 0,013423 0,013423
обо 0,013423 0,013423
странные 4,317488 4,317488
пятый 3,624341 3,624341
музыка 3,624341 3,624341
недвижимость 0,292136 0,292136
дискуссии 0,013423 0,026846
каком 3,624341 3,624341
августа 2,120264 8,481054
редактор 0,013423 0,013423
флота 3,218876 6,437752
унитарное 0,013423 0,013423
форму 0,013423 0,093961
тема 0,013423 0,040269
нам 2,525729 2,525729
отправленного 0,013423 0,013423
связанные 0,013423 0,013423
рекомендательных 0,013423 0,013423
данная 0,013423 0,013423
флотоводцах 5,010635 5,010635
обратная 0,013423 0,026846
риа 0,006689 0,013378
событиях 3,912023 3,912023
проставляя 0,013423 0,013423
связанных 0,013423 0,013423
опишите 0,013423 0,013423
заполнения 0,013423 0,093961
полезное 0,182322 0,182322
тела 3,218876 3,218876
службе 0,013423 0,013423
наследию 5,010635 5,010635
творчестве 3,912023 3,912023
релизов 0,013423 0,013423
ваших 0,013423 0,026846
почты 0,013423 0,013423
русски 4,317488 4,317488
октября 1,832581 10,995489
мая 1,832581 7,330326
двое 3,912023 3,912023
утраченных 5,010635 5,010635
агентство 0,013423 0,040269
правил 0,013423 0,040269
авторизоваться 0,013423 0,013423
авторизуйтесь 0,013423 0,013423
агентства 0,013423 0,013423
сегодня 0,013423 0,067115
расширенный 0,013423 0,013423
роман 3,401197 3,401197
новороссия 5,010635 10,021271
новыесначала 0,013423 0,013423
гении 5,010635 15,031906
шапка 0,013423 0,013423
мечеть 4,317488 4,317488
побед 4,317488 4,317488
отправить 0,013423 0,147653
продолжить 0,013423 0,013423
решении 0,013423 0,013423
амурская 5,010635 5,010635
премии 3,912023 7,824046
истории 2,612740 2,612740
воспользуйтесь 0,013423 0,040269
участие 0,006689 0,006689
аккаунт 0,013423 0,053692
подводных 5,010635 5,010635
экономика 0,292136 0,292136
обсуждение 0,013423 0,013423
использовать 0,013423 0,013423
опечатка 0,013423 0,013423
блокировки 0,013423 0,013423
онлайн 0,013423 0,013423
контактов 0,013423 0,013423
почта 0,013423 0,080538
главная 2,120264 2,120264
апреля 0,013423 0,013423
история 1,484275 2,968550
фамилия 0,013423 0,013423
нами 0,013423 0,093961
яндекс 0,013423 0,040269
удалили 0,013423 0,040269
либо 0,013423 0,013423
бог 4,317488 4,317488
вакансии 0,013423 0,013423
аккаунту 0,013423 0,013423
открываемого 0,013423 0,026846
нажимая 0,013423 0,013423
поиск 0,013423 0,013423
вами 0,013423 0,013423
недопустимое 0,013423 0,013423
согласны 0,013423 0,040269
истек 0,013423 0,013423
невельского 5,010635 5,010635
предприятию 0,013423 0,026846
рекламы 0,013423 0,013423
грузино 5,010635 5,010635
внимание 0,013423 0,013423
принимать 0,013423 0,013423
правде 5,010635 5,010635
сможете 0,013423 0,013423
фронтир 5,010635 5,010635
года 0,006689 0,006689
правда 2,708050 2,708050
поморских 5,010635 5,010635
прославивших 5,010635 5,010635
чьи 3,624341 3,624341
победах 5,010635 5,010635
ознакомлены 0,013423 0,013423
шедеврах 5,010635 5,010635
моих 0,013423 0,026846
предприятие 0,013423 0,013423
наука 0,292136 0,292136
обсуждения 0,013423 0,013423
блокировкой 0,013423 0,040269
