законным 0,013423 0,013423
католическим 5,010635 5,010635
радоница 4,317488 4,317488
масленица 3,064725 3,064725
новый 0,013423 0,026846
сертификацию 5,010635 5,010635
день 1,203973 4,815891
покрасить 2,813411 2,813411
найти 0,013423 0,013423
основанием 0,013423 0,013423
академия 3,218876 6,437752
молятся 4,317488 4,317488
письмо 0,013423 0,013423
спасибо 0,013423 0,013423
масленицу 2,612740 2,612740
ответили 3,624341 3,624341
заявил 1,427116 1,427116
согласие 0,013423 0,026846
центр 0,190354 0,190354
доступ 0,013423 0,026846
декабря 1,098612 2,197225
миа 0,013423 0,026846
йорк 3,064725 6,129450
задать 0,013423 0,013423
теги 0,190354 0,380707
полный 2,612740 2,612740
автору 0,013423 0,013423
народные 3,401197 3,401197
связаться 0,013423 0,080538
александр 1,455287 1,455287
секретарь 3,064725 3,064725
должны 0,013423 0,013423
иисус 3,218876 3,218876
шириковтеолог 3,624341 7,248682
г 0,013423 0,026846
д 0,013423 0,026846
подробный 5,010635 5,010635
реклама 0,190354 0,190354
фото 0,013423 0,013423
рпц 3,624341 21,746046
политика 0,013423 0,026846
лет 1,514128 1,514128
связь 0,006689 0,013378
родительские 3,624341 3,624341
готово 0,013423 0,026846
течение 0,013423 0,013423
китай 2,177422 2,177422
возникновения 3,912023 7,824046
сезон 3,401197 3,401197
главные 2,931194 2,931194
информационных 0,013423 0,013423
размещения 0,013423 0,013423
римского 5,010635 10,021271
конфиденциальности 0,013423 0,053692
связи 0,013423 0,080538
заголовок 0,013423 0,026846
пасхальной 3,401197 3,401197
процесса 0,013423 0,013423
адресу 0,013423 0,026846
екатеринбург 3,401197 3,401197
проблему 0,013423 0,013423
время 0,013423 0,026846
данных 0,013423 0,107384
называть 3,401197 3,401197
социальный 2,708050 5,416100
медиасфере 4,317488 4,317488
письма 0,013423 0,013423
отметят 3,624341 3,624341
часов 0,013423 0,026846
соглашаетесь 0,013423 0,013423
ранее 0,013423 0,013423
восстановления 0,013423 0,013423
главный 0,013423 0,013423
данные 0,013423 0,013423
навигатор 2,931194 5,862388
разблокировать 0,013423 0,040269
украина 1,875141 1,875141
город 0,013423 0,040269
призвал 2,813411 2,813411
поздравлениями 4,317488 4,317488
ищет 3,624341 3,624341
фотографию 0,013423 0,013423
силкин 5,010635 10,021271
обращаем 0,013423 0,013423
отправлено 0,013423 0,013423
написать 0,013423 0,013423
новостеймолния 0,013423 0,013423
схождение 3,624341 3,624341
одноклассники 0,013423 0,026846
сначала 0,013423 0,013423
показать 0,013423 0,013423
кнопку 0,013423 0,013423
международник 3,624341 7,248682
коммуникаций 0,013423 0,013423
пароль 0,013423 0,080538
пароля 0,013423 0,053692
перейдите 0,013423 0,013423
опоры 3,624341 3,624341
вход 0,013423 0,013423
июня 2,066196 6,198589
продукты 0,150823 0,150823
закрыто 0,013423 0,013423
удалено 0,013423 0,013423
сочельник 3,624341 3,624341
боге 4,317488 4,317488
сколько 0,006689 0,006689
гаврилова 0,013423 0,013423
материалов 0,013423 0,053692
прокомментировали 4,317488 4,317488
отправлена 0,013423 0,013423
чате 0,013423 0,013423
святителя 4,317488 4,317488
раскрыли 3,624341 3,624341
расположенному 0,013423 0,026846
чату 0,013423 0,013423
редакцией 0,013423 0,013423
углубляться 4,317488 4,317488
учредитель 0,013423 0,013423
рассмотрены 0,013423 0,013423
мое 0,013423 0,026846
московский 3,064725 12,258901
ссылка 0,013423 0,026846
последние 1,098612 1,098612
ссылке 0,013423 0,013423
перетяните 0,013423 0,013423
ссылки 0,013423 0,013423
помочь 0,013423 0,013423
архив 0,190354 0,190354
тюремных 3,912023 3,912023
американцев 3,401197 3,401197
курбан 4,317488 4,317488
благодатного 3,401197 3,401197
ошибках 0,013423 0,013423
обязательны 0,013423 0,093961
сша 1,118815 1,118815
выпуска 0,013423 0,013423
списка 0,013423 0,013423
формой 0,013423 0,053692
светлая 3,624341 3,624341
делать 2,238047 6,714140
роскомнадзор 0,013423 0,013423
московская 2,525729 5,051457
трудницу 5,010635 5,010635
вознесение 4,317488 4,317488
блокировался 0,013423 0,013423
рпцз 4,317488 8,634976
москве 1,118815 1,118815
москва 0,006689 0,040134
воспользоваться 0,013423 0,013423
входа 0,013423 0,013423
моё 0,013423 0,013423
федеральное 0,013423 0,013423
федеральной 0,013423 0,013423
священный 5,010635 5,010635
христос 3,218876 3,218876
особенно 2,612740 2,612740
международное 0,013423 0,040269
пошаговая 2,238047 2,238047
иеромонах 5,010635 5,010635
будут 0,013423 0,013423
новостей 0,006689 0,006689
ноября 1,714798 3,429597
православная 2,612740 28,740140
политикой 0,013423 0,040269
клирик 4,317488 4,317488
обработки 0,013423 0,026846
даю 0,013423 0,026846
обработку 0,013423 0,026846
гавана 5,010635 5,010635
великого 3,064725 3,064725
обратной 0,013423 0,067115
подкасты 0,292136 0,292136
редакции 0,013423 0,026846
обращений 0,013423 0,013423
франциск 3,912023 11,736069
дат 3,912023 3,912023
обработка 0,013423 0,013423
это 0,013423 0,013423
моменте 4,317488 4,317488
петров 3,624341 3,624341
описанием 0,013423 0,013423
новую 0,013423 0,013423
массовых 0,013423 0,013423
назвали 3,401197 3,401197
красивые 3,218876 6,437752
пройдена 0,013423 0,013423
верующим 4,317488 4,317488
начнется 3,912023 3,912023
используется 0,013423 0,013423
ватикан 3,912023 3,912023
зарегистрироваться 0,013423 0,053692
пожаловаться 0,013423 0,013423
опасном 4,317488 4,317488
тюрина 5,010635 10,021271
новости 0,006689 0,040134
войти 0,013423 0,053692
верующих 3,912023 3,912023
электронной 0,013423 0,013423
недели 2,708050 5,416100
мире 0,274437 0,548874
арафа 5,010635 5,010635
эл 0,013423 0,013423
действия 0,013423 0,013423
радио 0,274437 0,274437
защита 0,013423 0,013423
регистрация 0,013423 0,040269
почему 0,013423 0,040269
использования 0,013423 0,013423
восстановление 0,013423 0,040269
вопросам 0,013423 0,026846
государственное 0,013423 0,013423
вине 2,708050 2,708050
вконтакте 0,013423 0,026846
седмица 3,624341 3,624341
спецпроекты 0,190354 0,190354
просим 0,013423 0,013423
навсегда 0,013423 0,013423
нарушение 0,013423 0,040269
заблокирован 0,013423 0,013423
религиозные 3,218876 9,656627
ошибку 0,013423 0,013423
защиты 0,013423 0,013423
назад 0,013423 0,067115
памяти 3,401197 6,802395
обращения 0,013423 0,026846
пост 3,064725 3,064725
февраля 0,616186 13,556095
патриархат 3,912023 15,648092
ошибка 0,013423 0,013423
синода 4,317488 4,317488
значение 2,302585 4,605170
вопрос 0,006689 0,013378
зубовский 0,013423 0,026846
подтверждаете 0,013423 0,013423
заполнить 0,013423 0,026846
именами 4,317488 4,317488
московского 2,813411 5,626821
осуществляется 0,013423 0,013423
ваш 0,013423 0,053692
общей 3,401197 3,401197
имя 0,013423 0,067115
другие 0,013423 0,026846
общество 0,265703 1,328516
надзору 0,013423 0,013423
срок 0,013423 0,026846
издание 0,013423 0,013423
приметы 3,218876 3,218876
бульвар 0,013423 0,026846
хотите 0,013423 0,013423
заполните 0,013423 0,067115
технологий 0,013423 0,026846
байрам 4,317488 4,317488
сетевое 0,013423 0,013423
традиции 1,966113 19,661129
гундяев 3,624341 7,248682
неделю 1,373049 2,746098
вновь 0,013423 0,013423
яйца 1,966113 3,932226
сменить 0,013423 0,013423
материал 0,013423 0,013423
участвовать 0,013423 0,026846
недвижимостьнавигатор 3,064725 3,064725
сообщить 0,013423 0,013423
монах 4,317488 4,317488
запрещено 3,912023 3,912023
успешно 0,013423 0,013423
скриншот 0,013423 0,040269
чудотворца 4,317488 4,317488
лента 0,006689 0,013378
заблокированы 0,013423 0,013423
спорт 0,190354 0,190354
суть 2,525729 5,051457
сфере 0,013423 0,013423
открытки 3,624341 10,873023
месяц 1,297063 3,891190
церковь 2,708050 37,912703
свидетельство 0,013423 0,013423
валаамском 5,010635 5,010635
праздником 3,624341 3,624341
правила 0,013423 0,053692
поста 3,218876 3,218876
африка 3,624341 3,624341
субботы 3,624341 3,624341
взаимодействия 0,013423 0,026846
масленичную 5,010635 5,010635
сохранить 0,013423 0,013423
информационное 0,013423 0,040269
комментирования 0,013423 0,026846
рамадан 4,317488 4,317488
стартовал 3,912023 3,912023
пресс 0,013423 0,026846
россии 0,395515 0,395515
применения 0,013423 0,013423
монастыре 4,317488 4,317488
смысл 3,624341 3,624341
федеральному 0,013423 0,026846
персональных 0,013423 0,107384
хадж 5,010635 5,010635
произошла 0,013423 0,013423
господня 3,912023 3,912023
ваше 0,013423 0,107384
традиционные 2,371578 2,371578
дата 0,013423 0,026846
сайте 0,013423 0,013423
ваши 0,013423 0,013423
освящают 4,317488 4,317488
проходит 2,931194 2,931194
фио 0,013423 0,013423
восстановить 0,013423 0,013423
кирилл 1,919593 9,597964
патриарх 3,218876 16,094379
пожалуйста 0,013423 0,013423
китайский 2,931194 2,931194
ниже 0,013423 0,040269
версия 0,013423 0,013423
вопроса 0,013423 0,013423
монастырь 5,010635 5,010635
россия 0,006689 0,066890
поля 0,013423 0,093961
нью 3,624341 7,248682
рассказали 2,066196 4,132393
господне 3,401197 20,407184
государственному 0,013423 0,026846
регистрации 0,013423 0,026846
папы 4,317488 8,634976
историкалександр 3,912023 3,912023
поле 0,013423 0,013423
сайт 0,013423 0,026846
святых 3,624341 3,624341
сервисы 0,190354 0,190354
зарегистрировано 0,013423 0,013423
другое 0,013423 0,013423
туризм 0,283247 0,283247
поддерживаетсяполучить 0,013423 0,013423
адрес 0,013423 0,040269
отношения 2,525729 2,525729
росте 5,010635 5,010635
соответствии 0,013423 0,026846
загрузите 0,013423 0,013423
рождественский 3,624341 3,624341
сообщения 0,013423 0,053692
европа 2,371578 2,371578
загрузить 0,013423 0,013423
бергольо 3,912023 11,736069
направлении 0,013423 0,013423
миром 3,912023 3,912023
замеченных 0,013423 0,013423
телефон 0,013423 0,013423
отправки 0,013423 0,013423
первоиерарха 4,317488 4,317488
итоги 3,912023 3,912023
унитарному 0,013423 0,026846
период 1,160488 1,160488
число 2,371578 2,371578
суздаль 5,010635 5,010635
сообщение 0,013423 0,134230
выберите 0,013423 0,040269
старые 0,013423 0,013423
попробуйте 0,013423 0,013423
религии 4,317488 4,317488
халяль 5,010635 5,010635
планируют 3,912023 3,912023
защитой 0,013423 0,026846
картинки 3,912023 7,824046
статьи 0,013423 0,013423
подтвердите 0,013423 0,013423
авторизация 0,013423 0,013423
религия 0,283247 11,329899
форма 0,013423 0,013423
логином 0,013423 0,013423
рейтинг 0,006689 0,006689
галочку 0,013423 0,013423
пасху 2,708050 8,124151
перетащите 0,013423 0,040269
материале 0,013423 0,026846
отмечается 3,064725 3,064725
культура 0,292136 0,292136
материала 0,013423 0,026846
прокат 4,317488 4,317488
валаам 4,317488 4,317488
происшествия 0,292136 0,584273
вашего 0,013423 0,013423
паролем 0,013423 0,013423
марио 3,624341 10,873023
первозванного 5,010635 5,010635
способы 0,013423 0,026846
зарегистрируйтесь 0,013423 0,013423
обо 0,013423 0,013423
пятый 3,624341 3,624341
недвижимость 0,292136 0,292136
дискуссии 0,013423 0,026846
молодежь 3,912023 3,912023
редактор 0,013423 0,013423
сафар 5,010635 5,010635
унитарное 0,013423 0,013423
пятница 4,317488 4,317488
форму 0,013423 0,093961
тема 0,013423 0,040269
отправленного 0,013423 0,013423
цивилизации 3,912023 3,912023
рекомендательных 0,013423 0,013423
связанные 0,013423 0,026846
абитуриентариа 2,931194 2,931194
сделать 1,752539 1,752539
данная 0,013423 0,013423
выходит 4,317488 4,317488
обратная 0,013423 0,026846
риа 0,006689 0,013378
андрея 3,912023 3,912023
проставляя 0,013423 0,013423
связанных 0,013423 0,013423
опишите 0,013423 0,013423
заполнения 0,013423 0,093961
полезное 0,182322 0,182322
год 0,967584 1,935168
службе 0,013423 0,013423
навигаторриа 2,445686 2,445686
релизов 0,013423 0,013423
ваших 0,013423 0,026846
модуля 4,317488 4,317488
почты 0,013423 0,013423
мая 1,832581 5,497744
православие 3,401197 3,401197
наталья 2,708050 5,416100
николая 3,624341 3,624341
агентство 0,013423 0,040269
правил 0,013423 0,040269
прогнозы 3,624341 3,624341
авторизоваться 0,013423 0,013423
авторизуйтесь 0,013423 0,013423
самом 2,813411 2,813411
поздравил 2,708050 2,708050
агентства 0,013423 0,013423
сегодня 0,013423 0,080538
православию 5,010635 5,010635
расширенный 0,013423 0,013423
католическая 3,218876 9,656627
отмечают 2,525729 2,525729
пропавшую 5,010635 5,010635
священник 3,218876 3,218876
новыесначала 0,013423 0,013423
шапка 0,013423 0,013423
праздника 2,371578 4,743156
отправить 0,013423 0,147653
продолжить 0,013423 0,013423
справки 1,875141 1,875141
решении 0,013423 0,013423
рассказал 1,347074 8,082442
римско 4,317488 12,952464
бахтияроварелигиовед 3,624341 3,624341
воспользуйтесь 0,013423 0,040269
участие 0,006689 0,006689
аккаунт 0,013423 0,053692
духовная 4,317488 8,634976
экономика 0,292136 0,292136
обсуждение 0,013423 0,013423
анна 2,931194 2,931194
использовать 0,013423 0,013423
опечатка 0,013423 0,013423
сретение 3,401197 23,808382
календарь 2,177422 6,532266
животных 2,931194 2,931194
блокировки 0,013423 0,013423
онлайн 0,013423 0,013423
контактов 0,013423 0,013423
почта 0,013423 0,080538
апреля 0,013423 0,107384
история 1,484275 13,358473
фамилия 0,013423 0,013423
патриарха 3,624341 7,248682
нами 0,013423 0,093961
яндекс 0,013423 0,026846
русская 2,177422 23,951641
интереса 3,624341 3,624341
удалили 0,013423 0,040269
владимир 1,373049 5,492197
либо 0,013423 0,013423
развитии 3,912023 3,912023
вакансии 0,013423 0,013423
праздники 1,791759 5,375278
аккаунту 0,013423 0,013423
страстная 5,010635 5,010635
открываемого 0,013423 0,026846
хорхе 3,912023 11,736069
нажимая 0,013423 0,013423
поиск 0,013423 0,013423
вами 0,013423 0,013423
священников 3,912023 3,912023
недопустимое 0,013423 0,013423
году 1,139434 5,697171
политолог 3,401197 6,802395
согласны 0,013423 0,040269
истек 0,013423 0,013423
появления 2,612740 2,612740
предприятию 0,013423 0,026846
рекламы 0,013423 0,013423
муфтий 4,317488 4,317488
внимание 0,013423 0,013423
принимать 0,013423 0,013423
алексей 1,966113 3,932226
соц 2,371578 2,371578
огня 2,708050 2,708050
сможете 0,013423 0,013423
красят 3,064725 3,064725
года 0,006689 0,006689
фильм 3,624341 3,624341
сретения 5,010635 5,010635
встрече 3,064725 3,064725
встречи 2,445686 2,445686
ознакомлены 0,013423 0,013423
валаамский 5,010635 5,010635
начинается 3,064725 3,064725
моих 0,013423 0,026846
предприятие 0,013423 0,013423
наука 0,292136 0,292136
стенькорелигиовед 3,624341 7,248682
обсуждения 0,013423 0,013423
блокировкой 0,013423 0,040269
свечи 3,624341 3,624341
