ключевых 3,064725 6,129450
метро 3,912023 7,824046
обработкой 4,317488 8,634976
законным 0,013423 0,013423
лента 0,006689 0,013378
новый 0,013423 0,013423
найти 0,013423 0,013423
основанием 0,013423 0,013423
сферы 3,912023 7,824046
письмо 0,013423 0,013423
спасибо 0,013423 0,013423
заблокированы 0,013423 0,013423
спорт 0,190354 0,190354
дорог 4,317488 8,634976
сфере 0,013423 0,013423
согласие 0,013423 0,026846
свидетельство 0,013423 0,013423
обрушился 3,624341 14,497364
центр 0,190354 0,190354
работ 3,912023 7,824046
работают 3,218876 6,437752
доступ 0,013423 0,026846
правила 0,013423 0,026846
миа 0,013423 0,093961
взаимодействия 0,013423 0,026846
зон 3,912023 7,824046
задать 0,013423 0,013423
теги 0,190354 0,190354
автору 0,013423 0,013423
связаться 0,013423 0,080538
должны 0,013423 0,013423
сохранить 0,013423 0,013423
информационное 0,013423 0,040269
г 0,013423 0,026846
д 0,013423 0,026846
комментирования 0,013423 0,026846
реклама 0,190354 0,190354
фото 0,013423 0,013423
циклон 3,912023 15,648092
политика 0,013423 0,026846
связь 0,006689 0,013378
пресс 0,013423 0,026846
готово 0,013423 0,026846
применения 0,013423 0,013423
течение 0,013423 0,013423
видеоснегопад 5,010635 5,010635
федеральному 0,013423 0,026846
персональных 0,013423 0,107384
произошла 0,013423 0,013423
информационных 0,013423 0,013423
размещения 0,013423 0,013423
дата 0,013423 0,013423
ваше 0,013423 0,107384
конфиденциальности 0,013423 0,053692
сайте 0,013423 0,013423
связи 0,013423 0,080538
ваши 0,013423 0,013423
заголовок 0,013423 0,026846
фио 0,013423 0,013423
восстановить 0,013423 0,013423
пожалуйста 0,013423 0,013423
процесса 0,013423 0,013423
адресу 0,013423 0,026846
проблему 0,013423 0,013423
ниже 0,013423 0,040269
время 0,013423 0,013423
версия 0,013423 0,013423
вопроса 0,013423 0,013423
данных 0,013423 0,107384
москвемосква 5,010635 5,010635
россия 0,006689 0,080268
поля 0,013423 0,093961
письма 0,013423 0,013423
часов 0,013423 0,026846
соглашаетесь 0,013423 0,013423
данный 2,525729 2,525729
ранее 0,013423 0,013423
восстановления 0,013423 0,013423
главный 0,013423 0,013423
данные 0,013423 0,013423
государственному 0,013423 0,026846
погодной 4,317488 8,634976
городские 2,813411 28,134107
регистрации 0,013423 0,026846
разблокировать 0,013423 0,040269
город 0,013423 0,013423
фотографию 0,013423 0,013423
поле 0,013423 0,013423
сайт 0,013423 0,026846
обращаем 0,013423 0,013423
отправлено 0,013423 0,013423
написать 0,013423 0,013423
новостеймолния 0,013423 0,013423
сервисы 0,190354 0,190354
последствия 1,966113 15,728903
зарегистрировано 0,013423 0,013423
прометание 4,317488 8,634976
другое 0,013423 0,013423
туризм 0,283247 0,283247
одноклассники 0,013423 0,026846
сначала 0,013423 0,013423
поддерживаетсяполучить 0,013423 0,013423
адрес 0,013423 0,040269
соответствии 0,013423 0,053692
загрузите 0,013423 0,013423
сообщения 0,013423 0,053692
показать 0,013423 0,013423
кнопку 0,013423 0,013423
коммуникаций 0,013423 0,013423
загрузить 0,013423 0,013423
направлении 0,013423 0,013423
пароль 0,013423 0,080538
замеченных 0,013423 0,013423
телефон 0,013423 0,013423
подходы 4,317488 8,634976
ликвидируют 2,708050 21,664402
отправки 0,013423 0,013423
пароля 0,013423 0,053692
хозяйства 3,401197 6,802395
специалисты 3,064725 6,129450
перейдите 0,013423 0,013423
унитарному 0,013423 0,026846
вход 0,013423 0,013423
продукты 0,150823 0,150823
читать 0,851752 0,851752
закрыто 0,013423 0,013423
удалено 0,013423 0,013423
сколько 0,006689 0,006689
гаврилова 0,013423 0,013423
материалов 0,013423 0,040269
поддерживает 2,525729 2,525729
сообщение 0,013423 0,134230
отправлена 0,013423 0,013423
сплошное 4,317488 8,634976
выберите 0,013423 0,040269
чате 0,013423 0,013423
старые 0,013423 0,013423
попробуйте 0,013423 0,013423
станциям 4,317488 17,269952
расположенному 0,013423 0,026846
чату 0,013423 0,013423
редакцией 0,013423 0,013423
видео 1,832581 9,162907
последующей 4,317488 8,634976
защитой 0,013423 0,026846
статьи 0,013423 0,013423
учредитель 0,013423 0,013423
рассмотрены 0,013423 0,013423
подтвердите 0,013423 0,013423
авторизация 0,013423 0,013423
религия 0,283247 0,283247
форма 0,013423 0,013423
логином 0,013423 0,013423
рейтинг 0,006689 0,006689
галочку 0,013423 0,013423
мое 0,013423 0,026846
ссылка 0,013423 0,026846
перетащите 0,013423 0,040269
материале 0,013423 0,026846
культура 0,292136 0,292136
ссылке 0,013423 0,013423
материала 0,013423 0,026846
режиме 2,525729 5,051457
происшествия 0,292136 0,292136
перетяните 0,013423 0,013423
ссылки 0,013423 0,013423
очередной 3,624341 14,497364
помочь 0,013423 0,013423
архив 0,190354 0,190354
вашего 0,013423 0,013423
снегопада 2,612740 20,901920
части 1,966113 3,932226
паролем 0,013423 0,013423
социальной 2,445686 4,891372
ошибках 0,013423 0,013423
обязательны 0,013423 0,093961
усиленном 3,218876 6,437752
способы 0,013423 0,026846
зарегистрируйтесь 0,013423 0,013423
обо 0,013423 0,013423
недвижимость 0,292136 0,292136
выпуска 0,013423 0,013423
списка 0,013423 0,013423
формой 0,013423 0,053692
роскомнадзор 0,013423 0,013423
дискуссии 0,013423 0,026846
редактор 0,013423 0,013423
фгуп 0,499776 2,498879
блокировался 0,013423 0,013423
службы 2,066196 20,661963
унитарное 0,013423 0,013423
москве 1,118815 3,356445
москва 0,006689 0,040134
воспользоваться 0,013423 0,013423
форму 0,013423 0,093961
проезжей 4,317488 8,634976
тема 0,013423 0,040269
входа 0,013423 0,013423
отправленного 0,013423 0,013423
моё 0,013423 0,013423
мониторинг 3,912023 7,824046
комплекса 3,624341 7,248682
москву 2,612740 10,450960
связанные 0,013423 0,013423
рекомендательных 0,013423 0,013423
федеральное 0,013423 0,013423
данная 0,013423 0,013423
федеральной 0,013423 0,013423
механизированное 4,317488 8,634976
обратная 0,013423 0,026846
риа 0,006689 0,060201
международное 0,013423 0,040269
проставляя 0,013423 0,013423
связанных 0,013423 0,013423
будут 0,013423 0,013423
опишите 0,013423 0,013423
заполнения 0,013423 0,093961
новостей 0,006689 0,006689
полезное 0,182322 0,182322
магистралей 3,912023 7,824046
политикой 0,013423 0,040269
службе 0,013423 0,013423
проводят 4,317488 8,634976
непрерывный 4,317488 8,634976
контролем 3,401197 6,802395
релизов 0,013423 0,013423
ваших 0,013423 0,026846
обработки 0,013423 0,026846
даю 0,013423 0,026846
почты 0,013423 0,013423
обработку 0,013423 0,026846
обратной 0,013423 0,067115
подкасты 0,292136 0,292136
редакции 0,013423 0,026846
платформам 4,317488 8,634976
обращений 0,013423 0,013423
сильного 2,708050 21,664402
агентство 0,013423 0,040269
обработка 0,013423 0,013423
это 0,013423 0,013423
правил 0,013423 0,040269
объектам 3,624341 7,248682
остановкам 3,912023 7,824046
авторизоваться 0,013423 0,013423
авторизуйтесь 0,013423 0,013423
улиц 4,317488 8,634976
агентства 0,013423 0,013423
сегодня 0,013423 0,134230
расширенный 0,013423 0,013423
описанием 0,013423 0,013423
новую 0,013423 0,013423
массовых 0,013423 0,013423
снежный 4,317488 17,269952
цикл 4,317488 8,634976
пройдена 0,013423 0,013423
используется 0,013423 0,013423
новыесначала 0,013423 0,013423
зарегистрироваться 0,013423 0,053692
ситуацией 3,401197 6,802395
пожаловаться 0,013423 0,013423
новости 0,006689 0,066890
войти 0,013423 0,053692
пешеходных 4,317488 8,634976
шапка 0,013423 0,013423
отправить 0,013423 0,147653
продолжить 0,013423 0,013423
электронной 0,013423 0,013423
решении 0,013423 0,013423
мире 0,274437 0,274437
эл 0,013423 0,013423
воспользуйтесь 0,013423 0,040269
действия 0,013423 0,013423
участие 0,006689 0,006689
радио 0,274437 0,274437
аккаунт 0,013423 0,053692
дзен 0,851752 0,851752
экономика 0,292136 0,292136
защита 0,013423 0,013423
обсуждение 0,013423 0,013423
регистрация 0,013423 0,040269
использовать 0,013423 0,013423
опечатка 0,013423 0,013423
снегопад 2,708050 8,124151
почему 0,013423 0,013423
особым 3,912023 7,824046
использования 0,013423 0,013423
блокировки 0,013423 0,013423
восстановление 0,013423 0,040269
онлайн 0,013423 0,013423
вопросам 0,013423 0,026846
контактов 0,013423 0,013423
государственное 0,013423 0,013423
почта 0,013423 0,080538
апреля 0,013423 0,013423
вконтакте 0,013423 0,026846
фамилия 0,013423 0,013423
спецпроекты 0,190354 0,190354
просим 0,013423 0,013423
навсегда 0,013423 0,013423
нарушение 0,013423 0,040269
заблокирован 0,013423 0,013423
ошибку 0,013423 0,013423
нами 0,013423 0,093961
яндекс 0,013423 0,026846
защиты 0,013423 0,013423
удалили 0,013423 0,040269
повторять 3,912023 7,824046
либо 0,013423 0,013423
назад 0,013423 0,067115
обращения 0,013423 0,026846
вакансии 0,013423 0,013423
формат 2,445686 2,445686
аккаунту 0,013423 0,013423
открываемого 0,013423 0,026846
нажимая 0,013423 0,013423
поиск 0,013423 0,013423
вами 0,013423 0,013423
недопустимое 0,013423 0,013423
ошибка 0,013423 0,013423
согласны 0,013423 0,040269
городского 3,401197 6,802395
вопрос 0,006689 0,006689
истек 0,013423 0,013423
зубовский 0,013423 0,026846
подтверждаете 0,013423 0,013423
предприятию 0,013423 0,026846
рекламы 0,013423 0,013423
заполнить 0,013423 0,026846
внимание 0,013423 0,013423
принимать 0,013423 0,013423
железнодорожным 4,317488 8,634976
осуществляется 0,013423 0,013423
ваш 0,013423 0,067115
имя 0,013423 0,067115
другие 0,013423 0,026846
общество 0,265703 0,265703
сможете 0,013423 0,013423
года 0,006689 0,006689
мцк 4,317488 8,634976
надзору 0,013423 0,013423
срок 0,013423 0,026846
издание 0,013423 0,013423
бульвар 0,013423 0,026846
ознакомлены 0,013423 0,013423
хотите 0,013423 0,013423
заполните 0,013423 0,067115
осуществляют 4,317488 8,634976
технологий 0,013423 0,026846
сетевое 0,013423 0,013423
состояния 2,612740 5,225480
вновь 0,013423 0,013423
сменить 0,013423 0,013423
моих 0,013423 0,026846
противогололедной 4,317488 8,634976
предприятие 0,013423 0,013423
материал 0,013423 0,013423
участвовать 0,013423 0,026846
наука 0,292136 0,292136
сообщить 0,013423 0,013423
браузер 2,813411 2,813411
обсуждения 0,013423 0,013423
успешно 0,013423 0,013423
скриншот 0,013423 0,040269
блокировкой 0,013423 0,040269
