апр 4,317488 4,317488
законным 0,013423 0,013423
новый 0,013423 0,013423
найти 0,013423 0,013423
основанием 0,013423 0,013423
ещё 3,218876 6,437752
письмо 0,013423 0,013423
спасибо 0,013423 0,013423
ингредиентов 2,612740 5,225480
воды 2,445686 4,891372
согласие 0,013423 0,026846
залейте 3,624341 7,248682
доступ 0,013423 0,026846
миа 0,013423 0,040269
задать 0,013423 0,013423
автору 0,013423 0,013423
связаться 0,013423 0,080538
вода 2,525729 5,051457
должны 0,013423 0,013423
углеводы 2,445686 2,445686
г 0,013423 0,147653
д 0,013423 0,026846
немного 2,177422 4,354844
воде 2,014903 4,029806
фото 0,013423 0,013423
политика 0,013423 0,013423
связь 0,006689 0,013378
добиться 2,445686 4,891372
готовности 2,612740 5,225480
л 2,525729 5,051457
готово 0,013423 0,026846
течение 0,013423 0,013423
лимонную 3,912023 7,824046
информационных 0,013423 0,013423
суп 3,064725 12,258901
размещения 0,013423 0,013423
охладите 5,010635 20,042541
мин 2,445686 2,445686
конфиденциальности 0,013423 0,053692
связи 0,013423 0,080538
заголовок 0,013423 0,026846
шаг 1,875141 16,876270
процесса 0,013423 0,013423
готовки 1,919593 1,919593
адресу 0,013423 0,026846
проблему 0,013423 0,013423
рецепты 1,139434 2,278869
время 0,013423 0,026846
данных 0,013423 0,107384
письма 0,013423 0,013423
часов 0,013423 0,026846
соглашаетесь 0,013423 0,013423
ранее 0,013423 0,013423
восстановления 0,013423 0,013423
главный 0,013423 0,013423
данные 0,013423 0,013423
белорусский 5,010635 10,021271
разблокировать 0,013423 0,040269
город 0,013423 0,013423
фотографию 0,013423 0,013423
обращаем 0,013423 0,013423
отправлено 0,013423 0,013423
написать 0,013423 0,013423
новостеймолния 0,013423 0,013423
одноклассники 0,013423 0,026846
сначала 0,013423 0,013423
берется 4,317488 4,317488
разное 4,317488 8,634976
очистите 3,401197 6,802395
показать 0,013423 0,013423
кнопку 0,013423 0,013423
коммуникаций 0,013423 0,013423
пароль 0,013423 0,080538
нож 3,912023 7,824046
пароля 0,013423 0,053692
белорусской 3,218876 6,437752
делают 2,931194 5,862388
перейдите 0,013423 0,013423
калорийность 2,120264 2,120264
вход 0,013423 0,013423
закрыто 0,013423 0,013423
удалено 0,013423 0,013423
ккал 2,302585 2,302585
сколько 0,006689 0,006689
кефир 3,401197 10,203592
гаврилова 0,013423 0,013423
материалов 0,013423 0,040269
отправлена 0,013423 0,013423
чате 0,013423 0,013423
куриное 2,931194 5,862388
расположенному 0,013423 0,026846
чату 0,013423 0,013423
редакцией 0,013423 0,013423
смесь 2,445686 4,891372
учредитель 0,013423 0,013423
огурцами 4,317488 4,317488
рассмотрены 0,013423 0,013423
мое 0,013423 0,026846
ссылка 0,013423 0,026846
ссылке 0,013423 0,013423
нужной 3,912023 7,824046
основу 3,401197 3,401197
перетяните 0,013423 0,013423
ссылки 0,013423 0,013423
помочь 0,013423 0,013423
ошибках 0,013423 0,013423
обязательны 0,013423 0,093961
шт 2,238047 8,952186
выпуска 0,013423 0,013423
списка 0,013423 0,013423
формой 0,013423 0,053692
роскомнадзор 0,013423 0,013423
зеленью 2,931194 2,931194
куриные 3,624341 7,248682
блокировался 0,013423 0,013423
москва 0,006689 0,020067
воспользоваться 0,013423 0,013423
отварите 3,912023 15,648092
входа 0,013423 0,013423
моё 0,013423 0,013423
белки 2,371578 2,371578
федеральное 0,013423 0,013423
федеральной 0,013423 0,013423
холодной 3,064725 6,129450
международное 0,013423 0,040269
будут 0,013423 0,013423
новостей 0,006689 0,006689
политикой 0,013423 0,040269
разлейте 4,317488 8,634976
обработки 0,013423 0,026846
даю 0,013423 0,026846
вкусу 2,066196 12,397178
консистенции 3,624341 7,248682
обработку 0,013423 0,026846
огурцы 3,401197 6,802395
обратной 0,013423 0,067115
редакции 0,013423 0,026846
натертую 3,912023 7,824046
порции 2,445686 2,445686
обращений 0,013423 0,013423
вкуса 2,445686 4,891372
обработка 0,013423 0,013423
мелкой 3,624341 7,248682
это 0,013423 0,053692
зеленый 3,064725 6,129450
вкус 2,120264 2,120264
насыщенный 3,624341 3,624341
описанием 0,013423 0,013423
новую 0,013423 0,013423
массовых 0,013423 0,013423
пройдена 0,013423 0,013423
используется 0,013423 0,013423
зарегистрироваться 0,013423 0,053692
пожаловаться 0,013423 0,013423
глубокой 3,912023 7,824046
новости 0,006689 0,033445
войти 0,013423 0,053692
электронной 0,013423 0,013423
эл 0,013423 0,013423
действия 0,013423 0,013423
идеально 2,612740 5,225480
защита 0,013423 0,013423
регистрация 0,013423 0,040269
почему 0,013423 0,013423
использования 0,013423 0,013423
восстановление 0,013423 0,040269
вопросам 0,013423 0,026846
государственное 0,013423 0,013423
создавая 3,624341 3,624341
нарезанный 3,064725 6,129450
вконтакте 0,013423 0,026846
просим 0,013423 0,013423
кефиром 4,317488 8,634976
навсегда 0,013423 0,013423
нарушение 0,013423 0,040269
заблокирован 0,013423 0,013423
свёклу 4,317488 17,269952
соль 2,120264 8,481054
ошибку 0,013423 0,013423
защиты 0,013423 0,013423
лимонная 4,317488 8,634976
равномерно 3,218876 6,437752
назад 0,013423 0,067115
обращения 0,013423 0,026846
луковицей 4,317488 8,634976
лук 2,302585 13,815511
минут 1,297063 2,594126
ошибка 0,013423 0,013423
вопрос 0,006689 0,006689
зубовский 0,013423 0,026846
подтверждаете 0,013423 0,013423
заполнить 0,013423 0,026846
осуществляется 0,013423 0,013423
ваш 0,013423 0,053692
имя 0,013423 0,067115
другие 0,013423 0,026846
необычное 3,912023 7,824046
надзору 0,013423 0,013423
холодник 4,317488 30,222417
блюдо 2,014903 6,044709
срок 0,013423 0,026846
издание 0,013423 0,013423
бульвар 0,013423 0,026846
хотите 0,013423 0,013423
заполните 0,013423 0,067115
технологий 0,013423 0,026846
сетевое 0,013423 0,013423
вновь 0,013423 0,013423
яйца 1,966113 7,864451
сменить 0,013423 0,013423
материал 0,013423 0,013423
участвовать 0,013423 0,026846
сообщить 0,013423 0,013423
распределились 4,317488 8,634976
успешно 0,013423 0,013423
скриншот 0,013423 0,040269
освежающий 3,064725 6,129450
лента 0,006689 0,013378
яйцо 2,612740 5,225480
заблокированы 0,013423 0,013423
сфере 0,013423 0,013423
свидетельство 0,013423 0,013423
правила 0,013423 0,026846
взаимодействия 0,013423 0,026846
вкрутую 3,401197 6,802395
сохранить 0,013423 0,013423
информационное 0,013423 0,040269
комментирования 0,013423 0,026846
освежающего 4,317488 12,952464
пресс 0,013423 0,013423
укроп 2,612740 15,676440
применения 0,013423 0,013423
желаемого 4,317488 8,634976
федеральному 0,013423 0,026846
персональных 0,013423 0,107384
произошла 0,013423 0,013423
ценность 2,302585 2,302585
дата 0,013423 0,013423
ваше 0,013423 0,107384
сайте 0,013423 0,013423
ваши 0,013423 0,013423
фио 0,013423 0,013423
восстановить 0,013423 0,013423
свеклой 3,401197 3,401197
ный 5,010635 10,021271
пожалуйста 0,013423 0,013423
простое 3,912023 7,824046
ниже 0,013423 0,040269
версия 0,013423 0,013423
вопроса 0,013423 0,013423
россия 0,006689 0,053512
поля 0,013423 0,093961
аккуратно 2,813411 5,626821
государственному 0,013423 0,026846
тарелкам 3,912023 7,824046
супу 4,317488 8,634976
регистрации 0,013423 0,026846
кефире 3,064725 27,582526
поле 0,013423 0,013423
сайт 0,013423 0,026846
супа 3,218876 6,437752
зарегистрировано 0,013423 0,013423
другое 0,013423 0,013423
поддерживаетсяполучить 0,013423 0,013423
гармоничным 5,010635 5,010635
адрес 0,013423 0,040269
соответствии 0,013423 0,026846
загрузите 0,013423 0,013423
сообщения 0,013423 0,053692
полученную 3,401197 6,802395
загрузить 0,013423 0,013423
направлении 0,013423 0,013423
замеченных 0,013423 0,013423
телефон 0,013423 0,013423
отправки 0,013423 0,013423
натрите 3,912023 7,824046
необходимости 2,612740 5,225480
сочетание 3,218876 6,437752
унитарному 0,013423 0,026846
добавьте 2,708050 16,248301
сообщение 0,013423 0,134230
её 3,064725 6,129450
выберите 0,013423 0,040269
старые 0,013423 0,013423
попробуйте 0,013423 0,013423
защитой 0,013423 0,026846
статьи 0,013423 0,013423
потребуется 2,813411 5,626821
подтвердите 0,013423 0,013423
авторизация 0,013423 0,013423
форма 0,013423 0,013423
логином 0,013423 0,013423
рейтинг 0,006689 0,006689
галочку 0,013423 0,013423
перетащите 0,013423 0,040269
материале 0,013423 0,026846
смешайте 4,317488 8,634976
материала 0,013423 0,026846
вашего 0,013423 0,013423
паролем 0,013423 0,013423
способы 0,013423 0,026846
дополняется 5,010635 5,010635
зарегистрируйтесь 0,013423 0,013423
обо 0,013423 0,013423
мелко 2,525729 5,051457
дискуссии 0,013423 0,026846
рецептырецепты 1,875141 1,875141
редактор 0,013423 0,013423
фгуп 0,499776 0,499776
унитарное 0,013423 0,013423
дней 1,832581 3,665163
форму 0,013423 0,093961
тема 0,013423 0,040269
отправленного 0,013423 0,013423
компоненты 3,401197 6,802395
нарежьте 3,064725 12,258901
связанные 0,013423 0,013423
рекомендательных 0,013423 0,013423
тщательно 2,445686 4,891372
данная 0,013423 0,013423
обратная 0,013423 0,026846
риа 0,006689 0,033445
зелёный 5,010635 20,042541
свекла 3,218876 6,437752
проставляя 0,013423 0,013423
связанных 0,013423 0,013423
опишите 0,013423 0,013423
заполнения 0,013423 0,093961
кубиками 2,931194 5,862388
кухни 1,832581 3,665163
службе 0,013423 0,013423
релизов 0,013423 0,013423
ваших 0,013423 0,026846
кухня 1,832581 1,832581
почты 0,013423 0,013423
подачей 3,218876 6,437752
аромат 3,401197 3,401197
который 1,160488 3,481463
сахар 2,612740 10,450960
холодильник 3,218876 6,437752
агентство 0,013423 0,040269
легким 3,912023 3,912023
приготовление 1,966113 5,898339
правил 0,013423 0,040269
авторизоваться 0,013423 0,013423
авторизуйтесь 0,013423 0,013423
агентства 0,013423 0,013423
сегодня 0,013423 0,080538
расширенный 0,013423 0,013423
острый 3,401197 6,802395
новыесначала 0,013423 0,013423
промойте 4,317488 8,634976
шапка 0,013423 0,013423
отправить 0,013423 0,147653
продолжить 0,013423 0,013423
решении 0,013423 0,013423
размешайте 5,010635 10,021271
воспользуйтесь 0,013423 0,040269
участие 0,006689 0,006689
аккаунт 0,013423 0,053692
терке 2,931194 5,862388
обсуждение 0,013423 0,013423
использовать 0,013423 0,013423
опечатка 0,013423 0,013423
блокировки 0,013423 0,013423
онлайн 0,013423 0,013423
контактов 0,013423 0,013423
почта 0,013423 0,080538
рецепт 1,544899 4,634698
апреля 0,013423 0,013423
фамилия 0,013423 0,013423
категория 1,875141 1,875141
нами 0,013423 0,093961
яндекс 0,013423 0,026846
удалили 0,013423 0,040269
либо 0,013423 0,013423
жиры 2,371578 2,371578
вакансии 0,013423 0,013423
аккаунту 0,013423 0,013423
летних 3,218876 6,437752
открываемого 0,013423 0,026846
нажимая 0,013423 0,013423
поиск 0,013423 0,013423
достижения 2,813411 5,626821
вами 0,013423 0,013423
недопустимое 0,013423 0,013423
холодника 4,317488 12,952464
согласны 0,013423 0,040269
истек 0,013423 0,013423
кислоту 3,624341 7,248682
используя 2,612740 5,225480
предприятию 0,013423 0,026846
рекламы 0,013423 0,013423
поставьте 3,624341 7,248682
внимание 0,013423 0,013423
принимать 0,013423 0,013423
сможете 0,013423 0,013423
года 0,006689 0,006689
кислота 3,912023 7,824046
подходит 2,525729 5,051457
миске 2,708050 5,416100
пищевая 2,371578 2,371578
ознакомлены 0,013423 0,013423
настоялся 5,010635 10,021271
ингредиенты 1,919593 1,919593
моих 0,013423 0,026846
предприятие 0,013423 0,013423
перемешайте 3,218876 6,437752
обсуждения 0,013423 0,013423
блокировкой 0,013423 0,040269
