законным 0,013423 0,013423
личный 3,064725 3,064725
новый 0,013423 0,013423
найти 0,013423 0,013423
основанием 0,013423 0,013423
перемирие 4,317488 4,317488
письмо 0,013423 0,013423
спасибо 0,013423 0,026846
согласие 0,013423 0,026846
центр 0,190354 0,190354
надорвалась 5,010635 5,010635
удар 3,064725 3,064725
доступ 0,013423 0,026846
миа 0,013423 0,026846
задать 0,013423 0,013423
теги 0,190354 0,190354
автоматически 2,931194 2,931194
автору 0,013423 0,013423
предъявила 5,010635 5,010635
связаться 0,013423 0,080538
должны 0,013423 0,013423
г 0,013423 0,026846
д 0,013423 0,026846
реклама 0,190354 0,190354
фото 0,013423 0,013423
политика 0,013423 0,026846
связь 0,006689 0,013378
санкции 3,218876 3,218876
празднует 5,010635 5,010635
готово 0,013423 0,026846
течение 0,013423 0,013423
китай 2,177422 2,177422
гениальная 4,317488 4,317488
автора 2,931194 2,931194
информационных 0,013423 0,013423
размещения 0,013423 0,013423
конфиденциальности 0,013423 0,053692
связи 0,013423 0,080538
скандальный 5,010635 5,010635
заголовок 0,013423 0,026846
процесса 0,013423 0,013423
адресу 0,013423 0,026846
окончательно 2,813411 2,813411
проблему 0,013423 0,013423
изменит 4,317488 4,317488
время 0,013423 0,026846
быстро 2,177422 2,177422
данных 0,013423 0,107384
проблемы 2,238047 2,238047
письма 0,013423 0,013423
часов 0,013423 0,026846
соглашаетесь 0,013423 0,013423
ранее 0,013423 0,013423
восстановления 0,013423 0,013423
главный 0,013423 0,026846
данные 0,013423 0,013423
резко 3,912023 3,912023
разблокировать 0,013423 0,040269
город 0,013423 0,013423
украина 1,875141 1,875141
аргумент 5,010635 5,010635
ложь 4,317488 4,317488
фотографию 0,013423 0,013423
убивают 5,010635 5,010635
обращаем 0,013423 0,013423
отправлено 0,013423 0,013423
написать 0,013423 0,013423
новостеймолния 0,013423 0,013423
украине 1,427116 1,427116
давай 3,624341 3,624341
одноклассники 0,013423 0,026846
сначала 0,013423 0,013423
украину 2,612740 2,612740
публикации 2,238047 2,238047
украины 1,832581 5,497744
показать 0,013423 0,013423
кнопку 0,013423 0,013423
коммуникаций 0,013423 0,013423
русских 3,064725 6,129450
пароль 0,013423 0,080538
пароля 0,013423 0,053692
перейдите 0,013423 0,013423
вход 0,013423 0,013423
продукты 0,150823 0,150823
закрыто 0,013423 0,013423
удалено 0,013423 0,013423
сколько 0,006689 0,006689
гаврилова 0,013423 0,013423
материалов 0,013423 0,053692
отправлена 0,013423 0,013423
чате 0,013423 0,013423
уничтожает 4,317488 4,317488
пережить 4,317488 4,317488
расположенному 0,013423 0,026846
чату 0,013423 0,013423
редакцией 0,013423 0,013423
полностью 2,014903 2,014903
унижение 4,317488 4,317488
учредитель 0,013423 0,013423
путина 2,612740 2,612740
рассмотрены 0,013423 0,013423
последний 3,401197 3,401197
мое 0,013423 0,026846
московский 3,064725 3,064725
ссылка 0,013423 0,026846
последние 1,098612 1,098612
ссылке 0,013423 0,013423
перетяните 0,013423 0,013423
ссылки 0,013423 0,013423
помочь 0,013423 0,013423
архив 0,190354 0,190354
спину 3,912023 7,824046
ошибках 0,013423 0,013423
обязательны 0,013423 0,093961
сша 1,118815 4,475260
щедро 3,218876 3,218876
выпуска 0,013423 0,013423
вторая 3,218876 3,218876
списка 0,013423 0,013423
формой 0,013423 0,053692
роскомнадзор 0,013423 0,013423
блокировался 0,013423 0,013423
москва 0,006689 0,013378
воспользоваться 0,013423 0,013423
входа 0,013423 0,013423
моё 0,013423 0,013423
торга 5,010635 5,010635
федеральное 0,013423 0,013423
скандал 4,317488 4,317488
результат 3,218876 3,218876
федеральной 0,013423 0,013423
враг 3,912023 3,912023
международное 0,013423 0,040269
эта 2,371578 2,371578
будут 0,013423 0,040269
новостей 0,006689 0,006689
политикой 0,013423 0,040269
обработки 0,013423 0,026846
даю 0,013423 0,026846
армию 4,317488 4,317488
обработку 0,013423 0,026846
замуж 5,010635 5,010635
обратной 0,013423 0,067115
подкасты 0,292136 0,292136
редакции 0,013423 0,026846
обращений 0,013423 0,013423
вчера 1,576648 1,576648
мировому 5,010635 5,010635
кого 2,708050 2,708050
обработка 0,013423 0,013423
это 0,013423 0,013423
энергетическое 4,317488 4,317488
обзоры 2,525729 2,525729
описанием 0,013423 0,013423
новую 0,013423 0,013423
массовых 0,013423 0,013423
цифровые 3,624341 3,624341
пройдена 0,013423 0,013423
используется 0,013423 0,013423
зарегистрироваться 0,013423 0,053692
пожаловаться 0,013423 0,013423
новости 0,006689 0,013378
войти 0,013423 0,053692
миру 3,912023 3,912023
электронной 0,013423 0,013423
шампанским 5,010635 5,010635
спецоперация 3,624341 3,624341
мире 0,274437 0,274437
эл 0,013423 0,013423
действия 0,013423 0,013423
радио 0,274437 0,274437
защита 0,013423 0,013423
регистрация 0,013423 0,040269
почему 0,013423 0,013423
использования 0,013423 0,013423
восстановление 0,013423 0,040269
вернулся 4,317488 4,317488
вопросам 0,013423 0,026846
государственное 0,013423 0,013423
воевать 3,401197 3,401197
вконтакте 0,013423 0,026846
спецпроекты 0,190354 0,190354
мечтают 3,624341 3,624341
просим 0,013423 0,013423
нарушение 0,013423 0,040269
заблокирован 0,013423 0,013423
навсегда 0,013423 0,026846
ошибку 0,013423 0,013423
защиты 0,013423 0,013423
назад 0,013423 0,067115
обращения 0,013423 0,026846
отвратительная 5,010635 5,010635
февраля 0,616186 6,778048
ошибка 0,013423 0,013423
вопрос 0,006689 0,006689
зубовский 0,013423 0,026846
подтверждаете 0,013423 0,013423
заполнить 0,013423 0,026846
осуществляется 0,013423 0,013423
ваш 0,013423 0,053692
имя 0,013423 0,067115
другие 0,013423 0,026846
общество 0,265703 0,265703
надзору 0,013423 0,013423
срок 0,013423 0,026846
издание 0,013423 0,013423
бульвар 0,013423 0,026846
событий 2,177422 2,177422
хотите 0,013423 0,013423
заполните 0,013423 0,067115
технологий 0,013423 0,026846
сетевое 0,013423 0,013423
неделю 1,373049 1,373049
раскрыта 3,912023 3,912023
вновь 0,013423 0,013423
пора 4,317488 4,317488
убитых 4,317488 4,317488
сменить 0,013423 0,013423
стрельников 3,218876 6,437752
америкой 3,064725 3,064725
материал 0,013423 0,013423
принудить 5,010635 5,010635
участвовать 0,013423 0,026846
сообщить 0,013423 0,013423
погубит 5,010635 5,010635
успешно 0,013423 0,013423
скриншот 0,013423 0,040269
зеленского 2,177422 2,177422
переговорам 4,317488 4,317488
лента 0,006689 0,013378
заблокированы 0,013423 0,013423
спорт 0,190354 0,190354
сфере 0,013423 0,013423
переговорах 2,177422 2,177422
месяц 1,297063 1,297063
сломала 5,010635 5,010635
свидетельство 0,013423 0,013423
правила 0,013423 0,026846
взаимодействия 0,013423 0,026846
убивать 5,010635 5,010635
кран 5,010635 5,010635
сохранить 0,013423 0,013423
информационное 0,013423 0,040269
комментирования 0,013423 0,026846
пресс 0,013423 0,026846
россии 0,395515 3,164118
применения 0,013423 0,013423
тридцать 4,317488 4,317488
федеральному 0,013423 0,026846
появился 3,401197 3,401197
персональных 0,013423 0,107384
штанов 5,010635 5,010635
произошла 0,013423 0,013423
дата 0,013423 0,013423
ваше 0,013423 0,107384
сайте 0,013423 0,013423
ваши 0,013423 0,013423
дате 2,525729 5,051457
поворот 3,912023 3,912023
отступать 5,010635 5,010635
фио 0,013423 0,013423
оставить 2,445686 2,445686
восстановить 0,013423 0,013423
кирилл 1,919593 3,839186
пожалуйста 0,013423 0,013423
сво 1,919593 3,839186
кейс 5,010635 5,010635
ниже 0,013423 0,040269
версия 0,013423 0,013423
вопроса 0,013423 0,013423
россия 0,006689 0,073579
россию 2,302585 4,605170
поля 0,013423 0,093961
отказал 5,010635 5,010635
января 1,160488 9,283902
государственному 0,013423 0,026846
регистрации 0,013423 0,026846
дикий 5,010635 5,010635
проведение 3,064725 3,064725
поле 0,013423 0,013423
сайт 0,013423 0,026846
сервисы 0,190354 0,190354
зарегистрировано 0,013423 0,013423
другое 0,013423 0,013423
туризм 0,283247 0,283247
поддерживаетсяполучить 0,013423 0,013423
адрес 0,013423 0,040269
соответствии 0,013423 0,026846
загрузите 0,013423 0,013423
сообщения 0,013423 0,053692
европа 2,371578 2,371578
загрузить 0,013423 0,013423
направлении 0,013423 0,013423
замеченных 0,013423 0,013423
телефон 0,013423 0,013423
итоге 3,624341 3,624341
отправки 0,013423 0,013423
унитарному 0,013423 0,026846
сдаваться 5,010635 5,010635
период 1,160488 1,160488
тихо 5,010635 5,010635
поцелуй 4,317488 4,317488
перекрыли 5,010635 5,010635
сообщение 0,013423 0,134230
выберите 0,013423 0,040269
старые 0,013423 0,013423
попробуйте 0,013423 0,013423
давосе 5,010635 5,010635
надежно 4,317488 4,317488
разгромлена 5,010635 5,010635
материалы 1,643339 1,643339
защитой 0,013423 0,026846
статьи 0,013423 0,013423
подтвердите 0,013423 0,013423
авторизация 0,013423 0,013423
религия 0,283247 0,283247
форма 0,013423 0,013423
логином 0,013423 0,013423
рейтинг 0,006689 0,006689
галочку 0,013423 0,013423
перетащите 0,013423 0,040269
материале 0,013423 0,026846
усилила 5,010635 5,010635
культура 0,292136 0,292136
материала 0,013423 0,026846
происшествия 0,292136 0,292136
вашего 0,013423 0,013423
паролем 0,013423 0,013423
нато 2,612740 2,612740
тысяч 2,238047 2,238047
разводится 5,010635 5,010635
популярности 2,813411 2,813411
позицию 3,624341 3,624341
способы 0,013423 0,026846
зарегистрируйтесь 0,013423 0,013423
обо 0,013423 0,013423
недвижимость 0,292136 0,292136
дискуссии 0,013423 0,026846
редактор 0,013423 0,013423
унитарное 0,013423 0,013423
вражина 5,010635 5,010635
адское 5,010635 5,010635
форму 0,013423 0,093961
тема 0,013423 0,040269
иуды 3,912023 3,912023
отправленного 0,013423 0,013423
связанные 0,013423 0,013423
рекомендательных 0,013423 0,013423
данная 0,013423 0,013423
нащупала 5,010635 5,010635
обратная 0,013423 0,026846
атомные 3,218876 3,218876
риа 0,006689 0,013378
попался 5,010635 5,010635
проставляя 0,013423 0,013423
связанных 0,013423 0,013423
опишите 0,013423 0,013423
заполнения 0,013423 0,093961
полезное 0,182322 0,182322
год 0,967584 0,967584
службе 0,013423 0,013423
глазах 5,010635 5,010635
ломается 5,010635 5,010635
релизов 0,013423 0,013423
ваших 0,013423 0,026846
почты 0,013423 0,013423
трамп 1,609438 1,609438
который 1,160488 1,160488
агентство 0,013423 0,040269
сущности 5,010635 5,010635
правил 0,013423 0,040269
авторизоваться 0,013423 0,013423
авторизуйтесь 0,013423 0,013423
агентства 0,013423 0,013423
сегодня 0,013423 0,067115
расширенный 0,013423 0,013423
самое 2,708050 2,708050
слабое 4,317488 4,317488
америка 3,912023 3,912023
новыесначала 0,013423 0,013423
зовет 5,010635 5,010635
шапка 0,013423 0,013423
место 1,832581 1,832581
отправить 0,013423 0,147653
продолжить 0,013423 0,013423
решении 0,013423 0,013423
придумал 3,401197 3,401197
появилось 2,931194 2,931194
наглости 3,218876 3,218876
воспользуйтесь 0,013423 0,040269
участие 0,006689 0,006689
аккаунт 0,013423 0,053692
экономика 0,292136 0,292136
обсуждение 0,013423 0,013423
использовать 0,013423 0,013423
опечатка 0,013423 0,013423
хребет 5,010635 5,010635
блокировки 0,013423 0,013423
онлайн 0,013423 0,013423
контактов 0,013423 0,013423
почта 0,013423 0,080538
вредит 5,010635 5,010635
апреля 0,013423 0,013423
киев 2,302585 2,302585
коленях 5,010635 5,010635
идеальный 3,401197 3,401197
фамилия 0,013423 0,013423
плохому 4,317488 4,317488
нами 0,013423 0,093961
яндекс 0,013423 0,026846
удалили 0,013423 0,040269
либо 0,013423 0,013423
вакансии 0,013423 0,013423
аккаунту 0,013423 0,013423
открываемого 0,013423 0,026846
нажимая 0,013423 0,013423
поиск 0,013423 0,013423
вами 0,013423 0,013423
недопустимое 0,013423 0,013423
согласны 0,013423 0,040269
истек 0,013423 0,013423
получат 3,218876 3,218876
предприятию 0,013423 0,026846
рекламы 0,013423 0,013423
хочет 2,120264 2,120264
внимание 0,013423 0,013423
доверяет 5,010635 5,010635
принимать 0,013423 0,013423
яростно 3,624341 3,624341
оплатят 3,624341 3,624341
сможете 0,013423 0,013423
года 0,006689 0,006689
слону 5,010635 5,010635
ознакомлены 0,013423 0,013423
моих 0,013423 0,026846
предприятие 0,013423 0,013423
выяснилось 3,624341 3,624341
способ 2,612740 2,612740
наука 0,292136 0,292136
обсуждения 0,013423 0,013423
ожидали 3,218876 3,218876
блокировкой 0,013423 0,040269
