законным 0,013423 0,013423
веками 5,010635 5,010635
найти 0,013423 0,013423
основанием 0,013423 0,013423
умершими 5,010635 5,010635
письмо 0,013423 0,013423
спасибо 0,013423 0,013423
кубических 5,010635 5,010635
бабушка 4,317488 4,317488
межличностного 5,010635 5,010635
кровопийцами 5,010635 5,010635
сантиметрах 5,010635 5,010635
согласие 0,013423 0,026846
отличается 3,064725 6,129450
центр 0,190354 0,190354
тканей 5,010635 10,021271
вампиров 5,010635 5,010635
поставила 4,317488 4,317488
народный 4,317488 4,317488
таким 2,525729 5,051457
людей 2,445686 9,782744
мало 3,218876 3,218876
одно 2,371578 2,371578
связаться 0,013423 0,080538
человек 2,525729 5,051457
предписывается 5,010635 5,010635
реклама 0,190354 0,190354
фото 0,013423 0,026846
лет 1,514128 4,542383
связь 0,006689 0,013378
попадется 5,010635 5,010635
ноги 3,912023 3,912023
покойникам 5,010635 5,010635
водой 2,445686 2,445686
готово 0,013423 0,026846
преждевременна 5,010635 5,010635
информационных 0,013423 0,013423
размещения 0,013423 0,013423
конфиденциальности 0,013423 0,053692
связи 0,013423 0,080538
отчетов 5,010635 5,010635
заголовок 0,013423 0,026846
субъективных 5,010635 10,021271
обустройстве 5,010635 5,010635
болгария 5,010635 20,042541
житель 4,317488 8,634976
процесса 0,013423 0,013423
предков 3,912023 3,912023
адресу 0,013423 0,026846
проблему 0,013423 0,013423
болгарии 5,010635 15,031906
обезглавили 5,010635 5,010635
отмечает 1,966113 1,966113
данных 0,013423 0,107384
жители 2,931194 2,931194
киношного 5,010635 5,010635
письма 0,013423 0,013423
свету 4,317488 4,317488
дела 3,401197 3,401197
недавно 3,624341 7,248682
часов 0,013423 0,026846
соглашаетесь 0,013423 0,013423
наукахорватияпольшаболгарияроссийская 4,317488 4,317488
главный 0,013423 0,013423
данные 0,013423 0,026846
иной 3,401197 3,401197
также 1,139434 1,139434
имени 2,371578 2,371578
создали 3,624341 3,624341
последнее 3,218876 3,218876
нашли 2,445686 19,565487
панике 4,317488 4,317488
верхней 2,931194 5,862388
могиле 3,218876 19,313255
территорий 4,317488 4,317488
фотографию 0,013423 0,013423
дмитрий 1,643339 1,643339
могилу 5,010635 5,010635
отправлено 0,013423 0,013423
покойных 5,010635 10,021271
захоронение 5,010635 10,021271
снова 2,612740 5,225480
рассказывает 2,371578 4,743156
аристократичного 5,010635 5,010635
сначала 0,013423 0,013423
могилы 5,010635 25,053176
изобретали 5,010635 5,010635
окончании 4,317488 4,317488
света 5,010635 10,021271
поминальные 3,912023 3,912023
дневного 5,010635 5,010635
боится 4,317488 4,317488
однако 1,966113 7,864451
перейдите 0,013423 0,013423
нападений 5,010635 5,010635
людьми 5,010635 5,010635
закрыто 0,013423 0,013423
утвердился 5,010635 5,010635
сколько 0,006689 0,006689
материалов 0,013423 0,040269
могут 1,643339 1,643339
отправлена 0,013423 0,013423
скелет 5,010635 15,031906
чате 0,013423 0,013423
отросшие 5,010635 5,010635
повреждение 4,317488 4,317488
чату 0,013423 0,013423
обращено 5,010635 5,010635
редакцией 0,013423 0,013423
дают 3,401197 3,401197
количеством 3,624341 7,248682
громкий 4,317488 4,317488
соблюдает 5,010635 5,010635
рассмотрены 0,013423 0,013423
дракулу 5,010635 5,010635
приносить 5,010635 5,010635
говорит 2,014903 4,029806
некоторым 3,912023 3,912023
способности 4,317488 4,317488
перетяните 0,013423 0,013423
выделялось 5,010635 5,010635
архив 0,190354 0,190354
части 1,966113 3,932226
захоронения 5,010635 10,021271
достраивает 5,010635 5,010635
ошибках 0,013423 0,013423
вывихнуты 5,010635 5,010635
выпуска 0,013423 0,013423
списка 0,013423 0,013423
формой 0,013423 0,053692
дается 3,912023 3,912023
шею 4,317488 4,317488
номер 2,708050 5,416100
уточняют 3,912023 3,912023
атипичный 5,010635 5,010635
череп 5,010635 5,010635
федеральное 0,013423 0,013423
соответствующего 3,401197 3,401197
федеральной 0,013423 0,013423
старой 4,317488 4,317488
команда 3,912023 3,912023
международное 0,013423 0,040269
принадлежал 5,010635 5,010635
мышь 5,010635 5,010635
будут 0,013423 0,013423
опасность 3,401197 3,401197
являться 5,010635 5,010635
бледный 5,010635 5,010635
новостей 0,006689 0,006689
четко 3,624341 3,624341
кончины 5,010635 5,010635
нагрузками 5,010635 5,010635
диалекта 5,010635 5,010635
жизни 2,120264 8,481054
веке 3,401197 3,401197
показал 3,401197 3,401197
скелета 5,010635 5,010635
ходячих 5,010635 5,010635
мертвеца 5,010635 5,010635
скелетом 5,010635 10,021271
обратной 0,013423 0,067115
подкасты 0,292136 0,292136
крестьянской 5,010635 5,010635
крестьяне 5,010635 5,010635
позволили 4,317488 4,317488
слово 3,912023 3,912023
разобраться 4,317488 4,317488
душил 5,010635 5,010635
описанием 0,013423 0,013423
имеет 2,066196 2,066196
переломы 5,010635 5,010635
похороненный 5,010635 5,010635
жизнь 2,525729 2,525729
используется 0,013423 0,013423
могила 5,010635 5,010635
записывали 5,010635 5,010635
черепа 5,010635 10,021271
наукархеологияистория 4,317488 4,317488
мире 0,274437 0,274437
правилам 3,624341 7,248682
эл 0,013423 0,013423
допустить 3,912023 3,912023
дзен 0,851752 0,851752
народной 3,401197 6,802395
почему 0,013423 0,026846
вопросам 0,013423 0,026846
могли 3,624341 7,248682
значит 2,612740 2,612740
вконтакте 0,013423 0,026846
вверх 3,912023 3,912023
навсегда 0,013423 0,013423
нарушение 0,013423 0,040269
персонажи 5,010635 5,010635
упыря 5,010635 5,010635
вынудило 5,010635 5,010635
назад 0,013423 0,067115
датируется 4,317488 4,317488
могло 5,010635 5,010635
повернули 5,010635 5,010635
происхождение 4,317488 4,317488
зубовский 0,013423 0,026846
предками 5,010635 5,010635
мертвец 5,010635 5,010635
заполнить 0,013423 0,026846
жертве 5,010635 5,010635
застарелые 5,010635 5,010635
осуществляется 0,013423 0,013423
общество 0,265703 0,265703
другие 0,013423 0,040269
общем 3,218876 3,218876
ногти 5,010635 5,010635
надзору 0,013423 0,013423
нового 1,678431 3,356862
издание 0,013423 0,013423
бульвар 0,013423 0,026846
хотите 0,013423 0,013423
заполните 0,013423 0,067115
средневековья 5,010635 10,021271
других 1,966113 1,966113
сетевое 0,013423 0,013423
традиции 1,966113 3,932226
европейских 3,624341 3,624341
вновь 0,013423 0,013423
голову 4,317488 4,317488
фев 1,399717 1,399717
сменить 0,013423 0,013423
расследования 3,401197 3,401197
применяются 4,317488 4,317488
участвовать 0,013423 0,026846
сообщить 0,013423 0,013423
образом 2,302585 4,605170
скриншот 0,013423 0,040269
бороды 5,010635 30,063812
разложения 5,010635 10,021271
ранений 4,317488 4,317488
спорт 0,190354 0,190354
пытались 4,317488 4,317488
объем 3,624341 3,624341
графа 4,317488 4,317488
взаимодействия 0,013423 0,026846
регламентированы 5,010635 5,010635
старину 5,010635 5,010635
вечное 5,010635 5,010635
сохранить 0,013423 0,013423
информационное 0,013423 0,040269
раскопок 5,010635 5,010635
выглядел 3,218876 19,313255
федеральному 0,013423 0,026846
женщина 2,813411 2,813411
важно 2,120264 2,120264
среднестатистический 5,010635 5,010635
впервые 2,238047 2,238047
имеют 2,525729 2,525729
женщины 3,064725 3,064725
фио 0,013423 0,013423
пожалуйста 0,013423 0,013423
ран 2,931194 2,931194
тех 2,177422 2,177422
нанесенных 5,010635 5,010635
человека 2,177422 8,709688
госпитальеров 5,010635 5,010635
ниже 0,013423 0,040269
версия 0,013423 0,040269
предусмотрительно 5,010635 5,010635
поля 0,013423 0,093961
волос 4,317488 30,222417
сербских 5,010635 5,010635
государственному 0,013423 0,026846
европе 2,238047 2,238047
считали 5,010635 5,010635
поле 0,013423 0,013423
зарегистрировано 0,013423 0,013423
взятое 5,010635 5,010635
туризм 0,283247 0,283247
сотрудник 2,612740 2,612740
адрес 0,013423 0,040269
отношения 2,525729 5,051457
соответствии 0,013423 0,026846
императрицу 5,010635 5,010635
загрузите 0,013423 0,013423
сообщения 0,013423 0,053692
европа 2,371578 2,371578
обладатель 5,010635 5,010635
загрузить 0,013423 0,013423
направлении 0,013423 0,013423
замеченных 0,013423 0,013423
телефон 0,013423 0,013423
сантиметров 4,317488 4,317488
период 1,160488 1,160488
работы 2,302585 2,302585
сообщение 0,013423 0,134230
фронтальный 5,010635 15,031906
старые 0,013423 0,013423
поясняет 2,371578 2,371578
превратиться 5,010635 5,010635
кроме 1,919593 3,839186
мифологическая 5,010635 5,010635
остальные 3,624341 3,624341
приписывали 5,010635 5,010635
марию 5,010635 5,010635
попробуйте 0,013423 0,013423
спокойно 3,624341 3,624341
подоснова 5,010635 5,010635
пережил 5,010635 5,010635
предметом 4,317488 4,317488
массовой 3,912023 3,912023
положении 5,010635 5,010635
ожившими 5,010635 5,010635
неправильные 5,010635 5,010635
статьи 0,013423 0,013423
подтвердите 0,013423 0,013423
щаркич 5,010635 5,010635
перетащите 0,013423 0,040269
материале 0,013423 0,040269
культура 0,292136 0,292136
материала 0,013423 0,026846
происшествия 0,292136 0,292136
серп 5,010635 5,010635
вашего 0,013423 0,013423
находился 4,317488 4,317488
паролем 0,013423 0,013423
сталкиваются 4,317488 4,317488
культуре 5,010635 5,010635
намеки 5,010635 5,010635
современный 3,912023 3,912023
иные 3,401197 3,401197
врача 2,813411 2,813411
чиновников 5,010635 5,010635
современных 3,624341 7,248682
отношений 3,401197 3,401197
зарегистрируйтесь 0,013423 0,013423
обо 0,013423 0,013423
клыками 5,010635 5,010635
мировой 3,912023 3,912023
шрам 5,010635 5,010635
редактор 0,013423 0,013423
десятью 5,010635 5,010635
фгуп 0,499776 2,498879
отвращение 5,010635 5,010635
положенный 5,010635 5,010635
направить 2,931194 2,931194
этнографической 5,010635 5,010635
зачастую 3,624341 3,624341
колдунов 5,010635 5,010635
отправленного 0,013423 0,013423
кинематографе 5,010635 5,010635
связанные 0,013423 0,013423
пирата 5,010635 5,010635
присоединенных 5,010635 5,010635
остеологический 5,010635 5,010635
обратная 0,013423 0,026846
риа 0,006689 0,080268
связанных 0,013423 0,013423
опишите 0,013423 0,013423
прочих 5,010635 5,010635
воображаемое 5,010635 5,010635
разные 2,445686 2,445686
невысокого 5,010635 5,010635
отчет 4,317488 4,317488
воля 5,010635 5,010635
изоляции 5,010635 5,010635
образе 5,010635 5,010635
почты 0,013423 0,013423
торчал 5,010635 5,010635
ведущий 2,302585 2,302585
истерию 5,010635 5,010635
археология 3,912023 11,736069
оставили 4,317488 4,317488
снятся 5,010635 5,010635
криминалистике 5,010635 5,010635
агентство 0,013423 0,040269
серебро 4,317488 4,317488
родителями 5,010635 5,010635
подобрать 3,401197 3,401197
советы 1,752539 1,752539
агентства 0,013423 0,013423
сегодня 0,013423 0,134230
серого 5,010635 35,074447
перевернуть 3,624341 3,624341
оттуда 3,912023 3,912023
острый 3,401197 3,401197
острым 3,912023 3,912023
руку 4,317488 4,317488
чеснок 2,931194 2,931194
интеллектом 3,912023 3,912023
руки 3,401197 3,401197
шапка 0,013423 0,013423
отправить 0,013423 0,147653
продолжить 0,013423 0,013423
решении 0,013423 0,013423
историк 3,912023 3,912023
добавляет 2,931194 2,931194
историй 4,317488 4,317488
дети 3,064725 3,064725
воспользуйтесь 0,013423 0,040269
селе 4,317488 4,317488
аккаунт 0,013423 0,053692
фоне 3,218876 3,218876
экономика 0,292136 0,292136
центре 3,218876 6,437752
обсуждение 0,013423 0,013423
глаз 3,624341 3,624341
центра 3,064725 3,064725
блокировки 0,013423 0,013423
кровь 3,912023 3,912023
попыталась 5,010635 5,010635
сложился 5,010635 5,010635
останки 5,010635 10,021271
хорватии 4,317488 4,317488
кровопийцы 5,010635 5,010635
почта 0,013423 0,080538
ордену 5,010635 5,010635
история 1,484275 4,452824
фамилия 0,013423 0,013423
совершив 5,010635 5,010635
довольно 3,401197 6,802395
полученных 3,624341 3,624341
яндекс 0,013423 0,026846
российская 2,708050 8,124151
элементов 3,912023 7,824046
удалили 0,013423 0,040269
либо 0,013423 0,026846
хорватия 5,010635 20,042541
положило 5,010635 5,010635
праздники 1,791759 1,791759
вскрытие 5,010635 5,010635
аккаунту 0,013423 0,013423
рачеша 5,010635 5,010635
открываемого 0,013423 0,026846
название 3,401197 3,401197
никакого 3,218876 3,218876
поиск 0,013423 0,013423
возраста 2,931194 2,931194
вероятнее 5,010635 5,010635
молодой 3,624341 3,624341
согласны 0,013423 0,040269
ушел 5,010635 5,010635
рекламы 0,013423 0,013423
наташа 5,010635 5,010635
шрамом 5,010635 10,021271
отрубить 5,010635 5,010635
исторических 3,624341 3,624341
боязни 5,010635 5,010635
устойчивый 4,317488 4,317488
земляк 5,010635 5,010635
родители 3,218876 3,218876
компьютерным 5,010635 5,010635
клыков 5,010635 5,010635
местностях 5,010635 5,010635
принято 3,218876 3,218876
высоким 3,912023 3,912023
обсуждения 0,013423 0,013423
блокировкой 0,013423 0,040269
новый 0,013423 0,013423
штырь 5,010635 5,010635
образ 3,624341 10,873023
академия 3,218876 12,875503
дедушка 5,010635 5,010635
рождались 5,010635 5,010635
специальные 3,218876 3,218876
загадочных 5,010635 5,010635
возвращаясь 5,010635 5,010635
авторы 3,912023 3,912023
реконструировать 5,010635 5,010635
доступ 0,013423 0,026846
помощью 1,919593 1,919593
миа 0,013423 0,093961
правильная 5,010635 5,010635
задать 0,013423 0,013423
теги 0,190354 0,190354
автору 0,013423 0,013423
предположений 5,010635 5,010635
австрийских 5,010635 5,010635
должны 0,013423 0,026846
эрнст 5,010635 5,010635
г 0,013423 0,026846
д 0,013423 0,026846
политика 0,013423 0,026846
й 2,014903 2,014903
м 2,302585 4,605170
тамплиеров 5,010635 5,010635
стихийных 2,931194 2,931194
течение 0,013423 0,013423
какие 2,177422 2,177422
визуализируется 5,010635 5,010635
напротив 5,010635 5,010635
прочно 4,317488 4,317488
оно 2,302585 2,302585
солнечного 4,317488 4,317488
моем 5,010635 5,010635
мир 1,966113 1,966113
каких 2,525729 7,577186
славянской 5,010635 5,010635
исследования 5,010635 15,031906
славянское 5,010635 5,010635
означает 3,624341 3,624341
насыщена 5,010635 5,010635
вампирскую 5,010635 5,010635
обнаружили 4,317488 12,952464
горла 5,010635 5,010635
конец 3,912023 3,912023
время 0,013423 0,026846
единственный 3,401197 3,401197
традиционному 5,010635 5,010635
сознании 5,010635 5,010635
сознание 4,317488 4,317488
восстановления 0,013423 0,013423
ранее 0,013423 0,026846
соответствующий 3,218876 3,218876
несут 4,317488 4,317488
резко 3,912023 3,912023
разблокировать 0,013423 0,040269
город 0,013423 0,013423
прежде 3,218876 3,218876
отличался 5,010635 5,010635
обращаем 0,013423 0,013423
написать 0,013423 0,013423
новостеймолния 0,013423 0,013423
внешность 5,010635 5,010635
научный 2,445686 2,445686
рту 3,624341 3,624341
одноклассники 0,013423 0,026846
железный 5,010635 15,031906
покинул 3,624341 3,624341
выводу 4,317488 4,317488
показать 0,013423 0,013423
кнопку 0,013423 0,013423
вампира 5,010635 10,021271
коммуникаций 0,013423 0,013423
параметров 3,912023 3,912023
отсутствие 2,612740 2,612740
эпидемиях 5,010635 5,010635
пароль 0,013423 0,080538
пароля 0,013423 0,053692
хотя 2,371578 2,371578
настоящую 5,010635 5,010635
сохраняются 4,317488 4,317488
объективных 5,010635 5,010635
церковную 5,010635 5,010635
вход 0,013423 0,013423
засухи 5,010635 5,010635
продукты 0,150823 0,150823
читать 0,851752 0,851752
удалено 0,013423 0,013423
гаврилова 0,013423 0,013423
вампиры 5,010635 40,085082
утверждали 5,010635 5,010635
вампир 3,218876 25,751007
кисилево 5,010635 5,010635
цвета 2,445686 2,445686
расположенному 0,013423 0,026846
всем 1,455287 1,455287
польша 3,064725 12,258901
вызвал 4,317488 4,317488
сильно 2,708050 2,708050
польше 3,912023 11,736069
свидания 5,010635 5,010635
учредитель 0,013423 0,013423
перечисляет 4,317488 4,317488
лишь 2,371578 2,371578
мог 3,401197 6,802395
воссоздании 5,010635 5,010635
мое 0,013423 0,026846
ссылка 0,013423 0,026846
славянские 5,010635 5,010635
ссылке 0,013423 0,013423
любимые 3,912023 3,912023
ссылки 0,013423 0,013423
помочь 0,013423 0,013423
духов 3,912023 3,912023
мертвецах 5,010635 5,010635
туловище 5,010635 5,010635
обязательны 0,013423 0,093961
основе 2,525729 2,525729
кожи 3,401197 3,401197
славянскими 4,317488 4,317488
роскомнадзор 0,013423 0,013423
инструментов 4,317488 4,317488
самоубийц 5,010635 5,010635
среде 4,317488 4,317488
блокировался 0,013423 0,013423
смертью 4,317488 4,317488
аристократ 5,010635 5,010635
чиновник 5,010635 5,010635
москва 0,006689 0,020067
воспользоваться 0,013423 0,013423
девушки 3,912023 7,824046
входа 0,013423 0,013423
услышала 5,010635 5,010635
моё 0,013423 0,013423
смерть 3,401197 10,203592
позже 3,912023 7,824046
румяными 4,317488 4,317488
усредненные 5,010635 5,010635
лицо 2,813411 22,507286
большой 2,445686 2,445686
покидать 5,010635 5,010635
которой 2,238047 2,238047
политикой 0,013423 0,040269
свежую 3,912023 3,912023
лица 2,525729 2,525729
отметим 5,010635 5,010635
обработки 0,013423 0,026846
даю 0,013423 0,026846
стать 2,302585 2,302585
обработку 0,013423 0,026846
неправильной 5,010635 5,010635
опойц 5,010635 5,010635
мертвецами 5,010635 10,021271
редакции 0,013423 0,026846
расследовал 5,010635 5,010635
смерти 2,708050 8,124151
обращений 0,013423 0,013423
андреев 5,010635 5,010635
древней 3,218876 19,313255
результате 2,931194 5,862388
вызывать 3,624341 3,624341
обработка 0,013423 0,013423
это 0,013423 0,107384
которого 2,238047 6,714140
сказания 4,317488 4,317488
большинство 3,064725 3,064725
запретили 4,317488 4,317488
волосы 4,317488 4,317488
цифровых 4,317488 4,317488
некрополь 5,010635 5,010635
предметы 2,612740 2,612740
утверждению 5,010635 5,010635
новую 0,013423 0,013423
массовых 0,013423 0,013423
ракурс 4,317488 12,952464
пройдена 0,013423 0,013423
исследователи 5,010635 5,010635
похоронено 5,010635 5,010635
зарегистрироваться 0,013423 0,053692
пожаловаться 0,013423 0,013423
сентября 1,514128 1,514128
установили 4,317488 8,634976
новости 0,006689 0,086957
войти 0,013423 0,053692
электронной 0,013423 0,013423
серпом 5,010635 5,010635
археологи 5,010635 5,010635
превратится 3,624341 3,624341
славян 5,010635 5,010635
личности 3,401197 3,401197
действия 0,013423 0,013423
радио 0,274437 0,274437
защита 0,013423 0,013423
регистрация 0,013423 0,040269
общение 5,010635 5,010635
кровососа 5,010635 5,010635
минимум 2,612740 2,612740
использования 0,013423 0,013423
соавторов 5,010635 5,010635
забросали 5,010635 5,010635
восстановление 0,013423 0,040269
определенных 3,912023 3,912023
насилием 5,010635 5,010635
тупик 5,010635 5,010635
государственное 0,013423 0,013423
живыми 5,010635 5,010635
характере 5,010635 5,010635
перечислил 5,010635 5,010635
спецпроекты 0,190354 0,190354
просим 0,013423 0,013423
заблокирован 0,013423 0,013423
обращается 3,912023 3,912023
везло 5,010635 5,010635
ушедшие 5,010635 5,010635
изучению 5,010635 5,010635
ошибку 0,013423 0,013423
мягких 4,317488 8,634976
защиты 0,013423 0,026846
полными 5,010635 5,010635
обращения 0,013423 0,026846
первый 2,014903 2,014903
кладбища 5,010635 5,010635
ошибка 0,013423 0,013423
мнению 2,708050 5,416100
кладбище 3,624341 7,248682
вопрос 0,006689 0,006689
подтверждаете 0,013423 0,013423
поскольку 2,612740 5,225480
бедствиях 5,010635 5,010635
пришел 3,401197 3,401197
покойника 5,010635 5,010635
размер 2,813411 2,813411
ваш 0,013423 0,053692
имя 0,013423 0,067115
покойники 5,010635 5,010635
большим 3,218876 6,437752
срок 0,013423 0,040269
технологий 0,013423 0,026846
антрополог 5,010635 5,010635
материал 0,013423 0,013423
восстать 5,010635 10,021271
цветная 4,317488 4,317488
прут 5,010635 10,021271
успешно 0,013423 0,013423
лента 0,006689 0,013378
румынии 5,010635 5,010635
фольклорного 5,010635 5,010635
заблокированы 0,013423 0,013423
сфере 0,013423 0,013423
свидетельство 0,013423 0,013423
могил 5,010635 5,010635
сердце 3,401197 6,802395
правила 0,013423 0,040269
летучую 5,010635 5,010635
умерших 5,010635 15,031906
градациях 5,010635 5,010635
сами 3,401197 3,401197
нетипичном 5,010635 5,010635
комментирования 0,013423 0,026846
борьбы 3,912023 7,824046
намеренно 5,010635 5,010635
христианскому 5,010635 5,010635
умершие 4,317488 4,317488
фромбальда 5,010635 5,010635
наше 4,317488 4,317488
умерший 5,010635 5,010635
пресс 0,013423 0,026846
применения 0,013423 0,013423
души 4,317488 4,317488
век 4,317488 4,317488
персональных 0,013423 0,107384
произошла 0,013423 0,013423
дата 0,013423 0,013423
ваше 0,013423 0,107384
живым 4,317488 4,317488
мужчин 3,624341 7,248682
сайте 0,013423 0,013423
вернуться 3,624341 3,624341
сословий 5,010635 5,010635
ваши 0,013423 0,013423
воткнут 5,010635 10,021271
цвет 2,931194 2,931194
восстановить 0,013423 0,013423
представления 5,010635 5,010635
существует 2,612740 2,612740
просвещенная 5,010635 5,010635
душам 5,010635 5,010635
личного 3,218876 3,218876
вопроса 0,013423 0,013423
славянского 5,010635 5,010635
насилия 5,010635 5,010635
россия 0,006689 0,080268
го 2,177422 2,177422
видимо 5,010635 5,010635
литературе 4,317488 8,634976
воздержались 5,010635 5,010635
покойником 5,010635 5,010635
рассказали 2,066196 2,066196
покойными 5,010635 5,010635
похоронили 4,317488 4,317488
древнего 3,912023 7,824046
плохая 5,010635 5,010635
регистрации 0,013423 0,026846
сайт 0,013423 0,026846
сервисы 0,190354 0,190354
другое 0,013423 0,013423
блуждать 5,010635 5,010635
поддерживаетсяполучить 0,013423 0,013423
вятского 5,010635 5,010635
эксгумации 5,010635 5,010635
покойников 5,010635 5,010635
нехорошим 5,010635 10,021271
санитарией 5,010635 5,010635
взглядах 4,317488 4,317488
двух 2,014903 2,014903
явно 3,064725 3,064725
кино 3,401197 6,802395
отправки 0,013423 0,013423
благоевич 5,010635 5,010635
унитарному 0,013423 0,026846
переносит 5,010635 5,010635
физическими 5,010635 5,010635
обновлено 1,003302 1,003302
контроль 3,624341 3,624341
произошел 4,317488 4,317488
выберите 0,013423 0,040269
череду 5,010635 5,010635
захар 5,010635 5,010635
умер 2,813411 2,813411
строго 3,624341 3,624341
превращаться 5,010635 5,010635
попасть 3,624341 7,248682
смертей 5,010635 5,010635
наук 2,931194 11,724775
защитой 0,013423 0,026846
ходе 2,708050 2,708050
терезию 5,010635 5,010635
авторизация 0,013423 0,013423
религия 0,283247 0,283247
дни 2,612740 2,612740
форма 0,013423 0,013423
логином 0,013423 0,013423
портрета 5,010635 5,010635
рейтинг 0,006689 0,006689
галочку 0,013423 0,013423
показатель 3,624341 3,624341
возрастом 5,010635 10,021271
социальной 2,445686 2,445686
колом 5,010635 5,010635
способы 0,013423 0,053692
недвижимость 0,292136 0,292136
художественный 5,010635 5,010635
ориентировались 5,010635 5,010635
приходят 4,317488 4,317488
дискуссии 0,013423 0,026846
заживающие 5,010635 5,010635
обусловлены 5,010635 5,010635
унитарное 0,013423 0,013423
настоящий 3,218876 19,313255
фромбальд 5,010635 5,010635
литературно 5,010635 5,010635
покаяние 5,010635 5,010635
профиль 4,317488 12,952464
домой 4,317488 4,317488
впивается 5,010635 5,010635
форму 0,013423 0,093961
тема 0,013423 0,040269
погребено 5,010635 5,010635
рекомендательных 0,013423 0,013423
предсмертное 5,010635 5,010635
пронзили 5,010635 5,010635
оттенках 5,010635 30,063812
данная 0,013423 0,013423
относят 5,010635 5,010635
обряды 5,010635 5,010635
обвиняли 4,317488 4,317488
тело 3,912023 3,912023
расчетам 5,010635 5,010635
анализ 3,064725 3,064725
обряду 5,010635 5,010635
проставляя 0,013423 0,013423
низших 5,010635 5,010635
заполнения 0,013423 0,093961
службу 3,401197 3,401197
полезное 0,182322 0,182322
пристанище 5,010635 5,010635
тела 3,218876 9,656627
службе 0,013423 0,013423
релизов 0,013423 0,013423
ваших 0,013423 0,026846
современников 5,010635 10,021271
серьезного 5,010635 5,010635
реальность 3,912023 7,824046
летучих 5,010635 5,010635
которые 1,455287 2,910574
который 1,160488 4,641951
закрепился 5,010635 5,010635
восстановили 5,010635 5,010635
затылочной 5,010635 5,010635
мышей 5,010635 5,010635
характерными 5,010635 5,010635
например 1,714798 3,429597
правил 0,013423 0,040269
наступила 4,317488 4,317488
ребер 5,010635 5,010635
авторизоваться 0,013423 0,013423
авторизуйтесь 0,013423 0,013423
привести 3,401197 3,401197
перепоя 5,010635 5,010635
страх 3,401197 3,401197
мертвых 5,010635 5,010635
случае 1,714798 1,714798
расширенный 0,013423 0,013423
случай 4,317488 8,634976
нехороших 5,010635 5,010635
первоначально 5,010635 5,010635
вниз 4,317488 8,634976
изображениях 5,010635 5,010635
доктор 5,010635 5,010635
случая 4,317488 4,317488
новыесначала 0,013423 0,013423
вынуть 3,912023 3,912023
употреблялось 5,010635 5,010635
герой 5,010635 10,021271
перешел 3,912023 3,912023
приглашают 5,010635 5,010635
условиях 2,066196 2,066196
сне 4,317488 4,317488
участие 0,006689 0,006689
ученых 5,010635 10,021271
архивное 1,373049 1,373049
травмы 2,708050 2,708050
громов 5,010635 20,042541
использовать 0,013423 0,013423
опечатка 0,013423 0,013423
онлайн 0,013423 0,013423
лицом 3,401197 3,401197
контактов 0,013423 0,013423
ученые 3,064725 6,129450
апреля 0,013423 0,013423
колдуны 5,010635 5,010635
межэтнических 5,010635 5,010635
живые 5,010635 5,010635
проклятых 5,010635 5,010635
иэа 5,010635 5,010635
ученый 5,010635 5,010635
умирающие 5,010635 5,010635
нами 0,013423 0,093961
заложные 5,010635 5,010635
международная 4,317488 4,317488
вакансии 0,013423 0,013423
мозга 5,010635 10,021271
мужчины 3,624341 7,248682
нажимая 0,013423 0,013423
вами 0,013423 0,013423
судя 4,317488 4,317488
изуродовало 5,010635 5,010635
погребение 4,317488 4,317488
недопустимое 0,013423 0,013423
годами 3,624341 3,624341
мужчине 5,010635 5,010635
истек 0,013423 0,013423
поливать 5,010635 5,010635
закончив 5,010635 5,010635
фольклорные 5,010635 5,010635
предприятию 0,013423 0,026846
внимание 0,013423 0,013423
принимать 0,013423 0,013423
сможете 0,013423 0,013423
года 0,006689 0,006689
травме 5,010635 5,010635
ознакомлены 0,013423 0,013423
редкое 5,010635 5,010635
челюсти 5,010635 10,021271
практиками 3,912023 3,912023
моих 0,013423 0,026846
очень 1,678431 1,678431
петар 5,010635 5,010635
предприятие 0,013423 0,013423
кривич 5,010635 5,010635
наука 0,292136 1,168546
худощавый 5,010635 5,010635
художественных 5,010635 10,021271
обезображено 5,010635 5,010635
термин 5,010635 5,010635
найденный 5,010635 10,021271
внимания 3,218876 6,437752
