законным 0,013423 0,013423
рф 1,181994 4,727976
новый 0,013423 0,053692
найти 0,013423 0,013423
основанием 0,013423 0,013423
экспорт 3,624341 10,873023
письмо 0,013423 0,013423
спасибо 0,013423 0,013423
грибов 3,624341 3,624341
стал 2,120264 4,240527
согласие 0,013423 0,026846
центр 0,190354 0,190354
рыбных 3,912023 3,912023
доступ 0,013423 0,026846
декабря 1,098612 6,591674
миа 0,013423 0,026846
задать 0,013423 0,013423
теги 0,190354 0,190354
автору 0,013423 0,013423
связаться 0,013423 0,080538
александр 1,455287 2,910574
производство 2,708050 2,708050
должны 0,013423 0,013423
г 0,013423 0,026846
д 0,013423 0,026846
реклама 0,190354 0,190354
неизвестная 5,010635 5,010635
фото 0,013423 0,026846
варить 2,445686 4,891372
политика 0,013423 0,040269
связь 0,006689 0,013378
балынин 5,010635 5,010635
контрафакт 5,010635 5,010635
готово 0,013423 0,026846
течение 0,013423 0,013423
какие 2,177422 2,177422
область 1,714798 1,714798
китай 2,177422 4,354844
информационных 0,013423 0,013423
размещения 0,013423 0,013423
овоща 3,912023 3,912023
конфиденциальности 0,013423 0,053692
связи 0,013423 0,080538
заголовок 0,013423 0,026846
овощи 2,708050 8,124151
прав 3,064725 6,129450
процесса 0,013423 0,013423
адресу 0,013423 0,026846
проблему 0,013423 0,013423
поделился 3,912023 3,912023
мимоза 3,064725 6,129450
шашлыкаобщество 5,010635 5,010635
определены 4,317488 4,317488
рецепты 1,139434 10,254909
слишком 2,708050 2,708050
классический 2,014903 4,029806
время 0,013423 0,026846
секреты 2,813411 8,440232
данных 0,013423 0,107384
идеального 5,010635 5,010635
ноженко 4,317488 4,317488
письма 0,013423 0,013423
часов 0,013423 0,026846
соглашаетесь 0,013423 0,013423
ранее 0,013423 0,013423
восстановления 0,013423 0,013423
готовить 2,445686 2,445686
главный 0,013423 0,013423
морепродуктов 4,317488 4,317488
данные 0,013423 0,013423
закупаются 5,010635 5,010635
минимума 3,624341 3,624341
создали 3,624341 3,624341
траву 4,317488 4,317488
разблокировать 0,013423 0,040269
город 0,013423 0,013423
лукашенко 3,401197 13,604790
фотографию 0,013423 0,013423
молочные 3,912023 3,912023
дмитрий 1,643339 3,286679
обращаем 0,013423 0,013423
отправлено 0,013423 0,013423
написать 0,013423 0,013423
новостеймолния 0,013423 0,013423
научный 2,445686 4,891372
одноклассники 0,013423 0,026846
сначала 0,013423 0,013423
реальная 4,317488 4,317488
розничные 5,010635 5,010635
вирусы 5,010635 5,010635
вред 2,612740 10,450960
редька 3,912023 3,912023
диетическое 5,010635 5,010635
показать 0,013423 0,013423
кнопку 0,013423 0,013423
коммуникаций 0,013423 0,013423
пароль 0,013423 0,080538
пароля 0,013423 0,053692
хозяйства 3,401197 3,401197
блюд 2,238047 2,238047
экономического 3,624341 3,624341
подмосковье 2,371578 4,743156
спирулина 4,317488 4,317488
перейдите 0,013423 0,013423
вход 0,013423 0,013423
банке 3,624341 3,624341
июня 2,066196 8,264785
продукты 0,150823 4,072218
закрыто 0,013423 0,013423
удалено 0,013423 0,013423
рецептами 4,317488 4,317488
товаров 3,912023 3,912023
сколько 0,006689 0,006689
гаврилова 0,013423 0,013423
материалов 0,013423 0,053692
сочной 3,624341 3,624341
отправлена 0,013423 0,013423
корея 5,010635 10,021271
чате 0,013423 0,013423
поддержка 3,912023 3,912023
расположенному 0,013423 0,026846
чату 0,013423 0,013423
редакцией 0,013423 0,013423
новому 2,612740 2,612740
зарядок 5,010635 5,010635
фантомами 5,010635 5,010635
учредитель 0,013423 0,013423
раскрыла 5,010635 5,010635
рассмотрены 0,013423 0,013423
простые 1,752539 5,257616
мое 0,013423 0,026846
ссылка 0,013423 0,026846
последние 1,098612 1,098612
шеф 2,302585 4,605170
ссылке 0,013423 0,013423
часто 2,371578 2,371578
подешевеют 5,010635 5,010635
перетяните 0,013423 0,013423
ссылки 0,013423 0,013423
помочь 0,013423 0,013423
архив 0,190354 0,190354
сократила 5,010635 5,010635
июля 1,791759 7,167038
бренд 3,401197 3,401197
ошибках 0,013423 0,013423
обязательны 0,013423 0,093961
салат 2,371578 9,486312
природный 4,317488 4,317488
благополучия 3,624341 7,248682
выпуска 0,013423 0,013423
списка 0,013423 0,013423
формой 0,013423 0,053692
роскомнадзор 0,013423 0,013423
московская 2,525729 2,525729
блокировался 0,013423 0,013423
москва 0,006689 0,020067
воспользоваться 0,013423 0,013423
меню 3,218876 3,218876
входа 0,013423 0,013423
переработке 5,010635 5,010635
моё 0,013423 0,013423
федеральное 0,013423 0,013423
тонн 3,912023 3,912023
закуски 2,525729 2,525729
федеральной 0,013423 0,013423
алиханов 4,317488 8,634976
лучшие 1,714798 3,429597
екатерина 2,445686 2,445686
большой 2,445686 2,445686
международное 0,013423 0,040269
предприятиями 5,010635 5,010635
шашлык 3,912023 3,912023
будут 0,013423 0,013423
новостей 0,006689 0,006689
ноября 1,714798 3,429597
лучших 1,832581 1,832581
москвы 1,455287 1,455287
новогодний 2,708050 2,708050
политикой 0,013423 0,040269
киноа 3,624341 3,624341
подмосковья 3,218876 3,218876
обработки 0,013423 0,026846
даю 0,013423 0,026846
простуды 4,317488 4,317488
нужно 1,455287 1,455287
обработку 0,013423 0,026846
подешевела 4,317488 4,317488
обратной 0,013423 0,067115
подкасты 0,292136 0,292136
редакции 0,013423 0,026846
прочности 5,010635 5,010635
обращений 0,013423 0,013423
питаться 5,010635 5,010635
тула 5,010635 5,010635
обработка 0,013423 0,013423
минсельхоз 4,317488 4,317488
это 0,013423 0,026846
подоплеку 5,010635 5,010635
еда 2,177422 13,064532
описанием 0,013423 0,013423
новую 0,013423 0,013423
мороженое 3,912023 3,912023
массовых 0,013423 0,013423
пройдена 0,013423 0,013423
граммов 4,317488 4,317488
театра 3,912023 3,912023
используется 0,013423 0,026846
зарегистрироваться 0,013423 0,053692
пожаловаться 0,013423 0,013423
сентября 1,514128 3,028255
новости 0,006689 0,060201
войти 0,013423 0,053692
хорошие 3,912023 3,912023
тиффани 3,064725 3,064725
электронной 0,013423 0,013423
рецептов 2,177422 4,354844
мире 0,274437 0,823311
эл 0,013423 0,013423
электромобилей 5,010635 5,010635
действия 0,013423 0,013423
радио 0,274437 0,274437
водоросли 3,912023 3,912023
защита 0,013423 0,013423
закрыли 5,010635 5,010635
говядину 3,401197 3,401197
регистрация 0,013423 0,040269
почему 0,013423 0,013423
использования 0,013423 0,013423
союзмолоко 5,010635 5,010635
восстановление 0,013423 0,040269
вопросам 0,013423 0,026846
увидел 4,317488 4,317488
государственное 0,013423 0,013423
салаты 2,708050 5,416100
нарушений 3,912023 3,912023
закупки 3,912023 3,912023
государственной 2,813411 5,626821
белоруссия 3,624341 7,248682
вконтакте 0,013423 0,026846
спецпроекты 0,190354 0,190354
вкусные 2,708050 2,708050
просим 0,013423 0,013423
навсегда 0,013423 0,013423
нарушение 0,013423 0,040269
заблокирован 0,013423 0,013423
ошибку 0,013423 0,013423
змеи 2,931194 2,931194
защиты 0,013423 0,040269
назад 0,013423 0,067115
обращения 0,013423 0,026846
импорт 5,010635 10,021271
университетская 5,010635 5,010635
февраля 0,616186 0,616186
лук 2,302585 2,302585
бизнеса 3,401197 3,401197
ошибка 0,013423 0,013423
вопрос 0,006689 0,006689
зубовский 0,013423 0,026846
подтверждаете 0,013423 0,013423
юрист 2,371578 2,371578
заполнить 0,013423 0,026846
магазинов 4,317488 8,634976
марта 1,678431 1,678431
осуществляется 0,013423 0,013423
ваш 0,013423 0,053692
против 1,966113 3,932226
имя 0,013423 0,067115
другие 0,013423 0,026846
общество 0,265703 2,657032
уничтожают 5,010635 5,010635
замороженных 4,317488 4,317488
раскрыто 5,010635 5,010635
надзору 0,013423 0,040269
срок 0,013423 0,026846
интервью 2,813411 2,813411
издание 0,013423 0,013423
оливье 3,218876 3,218876
бульвар 0,013423 0,026846
хотите 0,013423 0,013423
заполните 0,013423 0,067115
росстат 4,317488 8,634976
технологий 0,013423 0,026846
сетевое 0,013423 0,013423
неделю 1,373049 1,373049
вновь 0,013423 0,013423
сменить 0,013423 0,013423
материал 0,013423 0,013423
участвовать 0,013423 0,026846
сообщить 0,013423 0,013423
выбирать 2,708050 2,708050
политическую 5,010635 5,010635
самые 2,238047 2,238047
успешно 0,013423 0,013423
скриншот 0,013423 0,040269
мягкой 3,401197 3,401197
лента 0,006689 0,013378
приготовить 2,014903 4,029806
растения 3,624341 3,624341
заблокированы 0,013423 0,013423
спорт 0,190354 0,190354
твой 5,010635 10,021271
пекарню 5,010635 5,010635
сфере 0,013423 0,040269
месяц 1,297063 1,297063
пиво 4,317488 4,317488
свидетельство 0,013423 0,013423
проверки 3,064725 3,064725
маринада 3,912023 3,912023
сердце 3,401197 3,401197
правила 0,013423 0,040269
консервов 3,912023 3,912023
взаимодействия 0,013423 0,026846
пива 4,317488 4,317488
сохранить 0,013423 0,013423
информационное 0,013423 0,040269
состава 4,317488 4,317488
министерство 2,238047 4,476093
морковкинэкономист 2,931194 5,862388
комментирования 0,013423 0,026846
женщин 2,445686 2,445686
пресс 0,013423 0,026846
сельхозпродукция 5,010635 10,021271
россии 0,395515 2,373089
кулинария 2,525729 7,577186
применения 0,013423 0,013423
возможный 2,371578 2,371578
картофеля 3,218876 3,218876
картофель 2,708050 5,416100
федеральному 0,013423 0,026846
персональных 0,013423 0,107384
шашлыка 3,912023 3,912023
произошла 0,013423 0,013423
сало 3,912023 3,912023
заготовить 3,624341 7,248682
дата 0,013423 0,013423
ваше 0,013423 0,107384
традиционные 2,371578 2,371578
сайте 0,013423 0,013423
ваши 0,013423 0,013423
западе 3,624341 3,624341
сугроб 3,064725 3,064725
магазин 4,317488 4,317488
сажать 4,317488 4,317488
фио 0,013423 0,013423
восстановить 0,013423 0,013423
пожалуйста 0,013423 0,013423
картошка 3,912023 3,912023
разгрузочные 5,010635 5,010635
стол 2,238047 2,238047
лидирует 5,010635 5,010635
человека 2,177422 4,354844
ниже 0,013423 0,040269
версия 0,013423 0,013423
ромир 5,010635 5,010635
вопроса 0,013423 0,013423
россия 0,006689 0,147158
поля 0,013423 0,093961
консервами 3,064725 6,129450
января 1,160488 11,604877
государственному 0,013423 0,026846
пошагово 3,064725 6,129450
рыбы 3,624341 3,624341
регистрации 0,013423 0,026846
игорь 2,708050 2,708050
лидером 4,317488 4,317488
цене 4,317488 4,317488
поле 0,013423 0,013423
сайт 0,013423 0,026846
дома 2,238047 4,476093
правильно 2,066196 2,066196
сервисы 0,190354 0,190354
зарегистрировано 0,013423 0,013423
другое 0,013423 0,013423
туризм 0,283247 0,283247
креветки 3,064725 6,129450
сотрудник 2,612740 5,225480
поддерживаетсяполучить 0,013423 0,013423
роста 3,624341 3,624341
адрес 0,013423 0,040269
соответствии 0,013423 0,026846
локализации 5,010635 5,010635
загрузите 0,013423 0,013423
сообщения 0,013423 0,053692
цены 2,525729 5,051457
загрузить 0,013423 0,013423
российских 1,966113 1,966113
сеть 5,010635 5,010635
театр 3,624341 3,624341
направлении 0,013423 0,013423
замеченных 0,013423 0,013423
телефон 0,013423 0,013423
отправки 0,013423 0,013423
питание 2,708050 8,124151
унитарному 0,013423 0,026846
законна 5,010635 5,010635
период 1,160488 1,160488
знать 4,317488 4,317488
сообщение 0,013423 0,134230
выберите 0,013423 0,040269
старые 0,013423 0,013423
польза 2,813411 16,880464
попробуйте 0,013423 0,013423
финансового 2,066196 4,132393
федеральная 3,064725 12,258901
холестерина 4,317488 4,317488
эксперт 1,678431 1,678431
антиоксидант 4,317488 4,317488
южная 5,010635 10,021271
спонсором 5,010635 5,010635
бизнес 3,064725 6,129450
защитой 0,013423 0,026846
статьи 0,013423 0,013423
рыбка 4,317488 4,317488
подтвердите 0,013423 0,013423
авторизация 0,013423 0,013423
религия 0,283247 0,283247
дни 2,612740 2,612740
форма 0,013423 0,013423
логином 0,013423 0,013423
рейтинг 0,006689 0,006689
галочку 0,013423 0,013423
перетащите 0,013423 0,040269
материале 0,013423 0,026846
культура 0,292136 0,584273
мяту 3,064725 6,129450
материала 0,013423 0,026846
происшествия 0,292136 0,584273
вашего 0,013423 0,013423
шоколад 5,010635 5,010635
паролем 0,013423 0,013423
августе 3,064725 3,064725
способы 0,013423 0,026846
зарегистрируйтесь 0,013423 0,013423
обо 0,013423 0,013423
промышленность 3,912023 3,912023
недвижимость 0,292136 0,292136
дискуссии 0,013423 0,026846
августа 2,120264 4,240527
редактор 0,013423 0,013423
санитарных 5,010635 5,010635
унитарное 0,013423 0,013423
форму 0,013423 0,093961
тема 0,013423 0,040269
покупка 4,317488 8,634976
отправленного 0,013423 0,013423
государственный 2,931194 2,931194
мяса 3,401197 3,401197
связанные 0,013423 0,013423
рекомендательных 0,013423 0,013423
большого 3,624341 3,624341
данная 0,013423 0,013423
служба 2,238047 8,952186
обратная 0,013423 0,026846
овощей 3,218876 3,218876
риа 0,006689 0,020067
юго 5,010635 5,010635
здоровье 2,445686 4,891372
организма 3,624341 7,248682
диета 3,912023 3,912023
снизились 3,912023 3,912023
алкоголь 3,912023 3,912023
проставляя 0,013423 0,013423
связанных 0,013423 0,013423
опишите 0,013423 0,013423
заполнения 0,013423 0,093961
полезное 0,182322 0,182322
правительстве 2,177422 4,354844
год 0,967584 4,837920
службе 0,013423 0,013423
рейтинге 5,010635 5,010635
релизов 0,013423 0,013423
ваших 0,013423 0,026846
боремся 5,010635 5,010635
почты 0,013423 0,013423
продукция 5,010635 20,042541
октября 1,832581 7,330326
пасхального 3,912023 3,912023
сетевых 5,010635 5,010635
ведущий 2,302585 4,605170
посоветовал 4,317488 4,317488
примерное 5,010635 5,010635
сахар 2,612740 2,612740
напитков 2,813411 2,813411
антон 3,624341 7,248682
варежка 3,064725 3,064725
агентство 0,013423 0,040269
правил 0,013423 0,040269
авторизоваться 0,013423 0,013423
авторизуйтесь 0,013423 0,013423
пища 4,317488 4,317488
сельского 4,317488 4,317488
россияне 2,708050 2,708050
советы 1,752539 3,505078
агентства 0,013423 0,013423
сегодня 0,013423 0,080538
расширенный 0,013423 0,013423
дефиците 4,317488 4,317488
отравлении 4,317488 4,317488
новыесначала 0,013423 0,013423
пятерочка 5,010635 10,021271
шапка 0,013423 0,013423
развития 2,813411 2,813411
отправить 0,013423 0,147653
продолжить 0,013423 0,013423
справки 1,875141 1,875141
решении 0,013423 0,013423
произвели 5,010635 5,010635
воспользуйтесь 0,013423 0,040269
потребителей 4,317488 8,634976
участие 0,006689 0,006689
аккаунт 0,013423 0,053692
спасают 4,317488 4,317488
экономика 0,292136 1,460682
обсуждение 0,013423 0,013423
использовать 0,013423 0,013423
опечатка 0,013423 0,013423
спонсоры 5,010635 5,010635
роспотребнадзор 4,317488 8,634976
блокировки 0,013423 0,013423
временно 4,317488 4,317488
онлайн 0,013423 0,013423
десять 2,612740 2,612740
контактов 0,013423 0,013423
ученые 3,064725 3,064725
почта 0,013423 0,080538
рецепт 1,544899 3,089799
апреля 0,013423 0,026846
дорогие 3,401197 3,401197
фамилия 0,013423 0,013423
университета 2,177422 4,354844
повара 2,302585 2,302585
нами 0,013423 0,093961
яндекс 0,013423 0,026846
хлеб 2,931194 2,931194
университет 3,218876 3,218876
удалили 0,013423 0,040269
либо 0,013423 0,013423
вакансии 0,013423 0,013423
аккаунту 0,013423 0,013423
открываемого 0,013423 0,026846
нажимая 0,013423 0,013423
тульский 5,010635 5,010635
крупа 3,624341 3,624341
поиск 0,013423 0,013423
вами 0,013423 0,013423
опилки 5,010635 5,010635
недопустимое 0,013423 0,013423
году 1,139434 1,139434
тысячи 2,931194 2,931194
кулича 3,912023 3,912023
согласны 0,013423 0,040269
истек 0,013423 0,013423
мороженого 3,624341 3,624341
предприятию 0,013423 0,026846
рекламы 0,013423 0,013423
минэкономразвития 4,317488 4,317488
молока 3,218876 3,218876
статистики 4,317488 8,634976
зиму 2,612740 5,225480
официальным 3,064725 3,064725
продажи 3,912023 3,912023
внимание 0,013423 0,013423
принимать 0,013423 0,013423
сможете 0,013423 0,013423
продажа 4,317488 8,634976
года 0,006689 0,006689
разрешенные 4,317488 8,634976
молоко 3,064725 3,064725
ознакомлены 0,013423 0,013423
гаджет 5,010635 5,010635
костей 5,010635 5,010635
моих 0,013423 0,026846
предприятие 0,013423 0,013423
наука 0,292136 1,168546
обсуждения 0,013423 0,013423
сделано 3,912023 3,912023
блокировкой 0,013423 0,040269
