законным 0,013423 0,013423
впечатления 3,624341 3,624341
факты 5,010635 5,010635
банк 2,813411 5,626821
рф 1,181994 2,363988
доставка 5,010635 5,010635
масленица 3,064725 6,129450
новый 0,013423 0,120807
новые 1,643339 1,643339
найти 0,013423 0,013423
основанием 0,013423 0,013423
письмо 0,013423 0,013423
спасибо 0,013423 0,013423
доставку 5,010635 5,010635
согласие 0,013423 0,026846
центр 0,190354 0,190354
рыбных 3,912023 3,912023
доступ 0,013423 0,026846
декабря 1,098612 7,690286
миа 0,013423 0,026846
задать 0,013423 0,013423
теги 0,190354 0,380707
автору 0,013423 0,013423
связаться 0,013423 0,080538
толстеть 5,010635 5,010635
должны 0,013423 0,013423
дубай 5,010635 5,010635
г 0,013423 0,026846
д 0,013423 0,026846
реклама 0,190354 0,190354
фото 0,013423 0,040269
варить 2,445686 4,891372
политика 0,013423 0,026846
лет 1,514128 1,514128
связь 0,006689 0,013378
макароны 3,912023 3,912023
дубае 2,813411 2,813411
готово 0,013423 0,026846
т 2,525729 2,525729
течение 0,013423 0,013423
какие 2,177422 4,354844
область 1,714798 1,714798
обойдется 3,912023 3,912023
китай 2,177422 2,177422
китайского 2,813411 2,813411
назван 5,010635 5,010635
информационных 0,013423 0,013423
размещения 0,013423 0,013423
конфиденциальности 0,013423 0,053692
связи 0,013423 0,080538
каких 2,525729 2,525729
заголовок 0,013423 0,026846
прав 3,064725 3,064725
процесса 0,013423 0,013423
адресу 0,013423 0,026846
проблему 0,013423 0,013423
мимоза 3,064725 6,129450
определены 4,317488 4,317488
рецепты 1,139434 12,533777
классический 2,014903 4,029806
время 0,013423 0,026846
секреты 2,813411 8,440232
данных 0,013423 0,107384
посмотреть 2,177422 4,354844
социальный 2,708050 2,708050
письма 0,013423 0,013423
тайная 5,010635 5,010635
часов 0,013423 0,026846
соглашаетесь 0,013423 0,013423
ранее 0,013423 0,013423
восстановления 0,013423 0,013423
маршруты 3,624341 14,497364
готовить 2,445686 4,891372
главный 0,013423 0,013423
мистика 2,813411 2,813411
данные 0,013423 0,013423
навигатор 2,931194 2,931194
разблокировать 0,013423 0,040269
город 0,013423 0,026846
фотографию 0,013423 0,013423
дмитрий 1,643339 3,286679
обращаем 0,013423 0,013423
легко 1,791759 1,791759
отправлено 0,013423 0,013423
написать 0,013423 0,013423
новостеймолния 0,013423 0,013423
научный 2,445686 4,891372
одноклассники 0,013423 0,026846
сначала 0,013423 0,013423
вред 2,612740 5,225480
мандаринов 5,010635 5,010635
брежнева 5,010635 5,010635
жанейро 5,010635 5,010635
показать 0,013423 0,013423
кнопку 0,013423 0,013423
коммуникаций 0,013423 0,013423
выставка 2,525729 2,525729
редкие 4,317488 4,317488
элиты 5,010635 5,010635
пароль 0,013423 0,080538
пароля 0,013423 0,053692
тинькофф 5,010635 5,010635
роспотребнадзоре 5,010635 5,010635
блюд 2,238047 2,238047
перейдите 0,013423 0,013423
кофейный 5,010635 5,010635
вход 0,013423 0,013423
банке 3,624341 3,624341
продукты 0,150823 0,904937
закрыто 0,013423 0,013423
удалено 0,013423 0,013423
сколько 0,006689 0,006689
гаврилова 0,013423 0,013423
материалов 0,013423 0,053692
сочной 3,624341 3,624341
отправлена 0,013423 0,013423
сумма 3,218876 3,218876
чате 0,013423 0,013423
расположенному 0,013423 0,026846
чату 0,013423 0,013423
редакцией 0,013423 0,013423
интересные 2,931194 2,931194
всей 2,445686 2,445686
новому 2,612740 2,612740
икрой 3,912023 3,912023
учредитель 0,013423 0,013423
рассмотрены 0,013423 0,013423
простые 1,752539 10,515233
мое 0,013423 0,026846
гостиницы 4,317488 4,317488
торговля 3,912023 3,912023
ссылка 0,013423 0,026846
галина 5,010635 5,010635
одного 2,612740 2,612740
пекин 3,912023 3,912023
последние 1,098612 1,098612
шеф 2,302585 4,605170
ссылке 0,013423 0,013423
перетяните 0,013423 0,013423
ссылки 0,013423 0,013423
масленицы 3,064725 3,064725
помочь 0,013423 0,013423
архив 0,190354 0,190354
гастроном 5,010635 5,010635
июля 1,791759 1,791759
ошибках 0,013423 0,013423
обязательны 0,013423 0,093961
добраться 4,317488 4,317488
салат 2,371578 9,486312
благополучия 3,624341 3,624341
древнейших 4,317488 4,317488
выпуска 0,013423 0,013423
списка 0,013423 0,013423
формой 0,013423 0,053692
роскомнадзор 0,013423 0,013423
новогодние 2,931194 2,931194
самая 2,177422 2,177422
запреты 5,010635 5,010635
русское 3,401197 3,401197
блокировался 0,013423 0,013423
закусокрецепты 2,708050 2,708050
нутрициолог 3,624341 7,248682
бренда 4,317488 8,634976
москва 0,006689 0,026756
духовке 2,708050 2,708050
воспользоваться 0,013423 0,013423
русской 1,752539 1,752539
меню 3,218876 3,218876
входа 0,013423 0,013423
врач 2,931194 8,793581
моё 0,013423 0,013423
федеральное 0,013423 0,013423
закуски 2,525729 2,525729
ереван 3,912023 3,912023
федеральной 0,013423 0,013423
лучшие 1,714798 1,714798
международное 0,013423 0,040269
заказывать 5,010635 5,010635
будут 0,013423 0,013423
опасность 3,401197 3,401197
новостей 0,006689 0,006689
ноября 1,714798 6,859194
лучших 1,832581 1,832581
москвы 1,455287 2,910574
новогодний 2,708050 2,708050
политикой 0,013423 0,040269
киноа 3,624341 3,624341
обработки 0,013423 0,026846
даю 0,013423 0,026846
нужно 1,455287 1,455287
обработку 0,013423 0,026846
великого 3,064725 3,064725
обратной 0,013423 0,067115
подкасты 0,292136 0,292136
редакции 0,013423 0,026846
обращений 0,013423 0,013423
скрывают 3,624341 3,624341
вчера 1,576648 3,153296
обработка 0,013423 0,013423
это 0,013423 0,040269
еда 2,177422 54,435549
заповедник 3,912023 3,912023
назвала 2,525729 2,525729
дефицит 3,624341 3,624341
главную 3,624341 3,624341
описанием 0,013423 0,013423
новую 0,013423 0,013423
массовых 0,013423 0,013423
мельникова 3,912023 7,824046
назвали 3,401197 3,401197
пройдена 0,013423 0,013423
используется 0,013423 0,013423
зарегистрироваться 0,013423 0,053692
пожаловаться 0,013423 0,013423
дубицкаянутрициологтатьяна 5,010635 5,010635
новости 0,006689 0,040134
войти 0,013423 0,053692
тиффани 3,064725 3,064725
электронной 0,013423 0,013423
рецептов 2,177422 4,354844
мире 0,274437 0,274437
эл 0,013423 0,013423
действия 0,013423 0,013423
куликово 4,317488 4,317488
радио 0,274437 0,274437
защита 0,013423 0,013423
рациона 4,317488 4,317488
восток 3,218876 6,437752
говядину 3,401197 3,401197
регистрация 0,013423 0,040269
чаще 2,612740 2,612740
музеи 3,401197 3,401197
почему 0,013423 0,013423
использования 0,013423 0,013423
директор 2,708050 5,416100
восстановление 0,013423 0,040269
еды 3,912023 3,912023
вопросам 0,013423 0,026846
музей 3,401197 6,802395
кисловодск 5,010635 5,010635
государственное 0,013423 0,013423
салаты 2,708050 5,416100
государственной 2,813411 5,626821
правильного 4,317488 4,317488
вконтакте 0,013423 0,026846
спецпроекты 0,190354 0,190354
вкусные 2,708050 2,708050
вещества 5,010635 5,010635
просим 0,013423 0,013423
захарова 2,813411 5,626821
навсегда 0,013423 0,013423
нарушение 0,013423 0,040269
заблокирован 0,013423 0,013423
ошибку 0,013423 0,013423
минутрецепты 2,708050 2,708050
змеи 2,931194 2,931194
защиты 0,013423 0,026846
удивит 3,912023 3,912023
назад 0,013423 0,067115
обращения 0,013423 0,026846
пельменей 5,010635 5,010635
ссср 3,218876 3,218876
февраля 0,616186 3,697117
начинок 5,010635 5,010635
найдешь 4,317488 4,317488
минут 1,297063 2,594126
ошибка 0,013423 0,013423
рекомендации 2,931194 2,931194
техники 3,401197 6,802395
отели 4,317488 4,317488
вопрос 0,006689 0,006689
зубовский 0,013423 0,026846
подтверждаете 0,013423 0,013423
заполнить 0,013423 0,026846
марта 1,678431 5,035292
осуществляется 0,013423 0,013423
ваш 0,013423 0,053692
имя 0,013423 0,067115
другие 0,013423 0,026846
общество 0,265703 4,251251
надзору 0,013423 0,026846
нового 1,678431 1,678431
срок 0,013423 0,026846
авиабилеты 5,010635 10,021271
издание 0,013423 0,013423
оливье 3,218876 3,218876
бульвар 0,013423 0,026846
восстановиться 5,010635 5,010635
хотите 0,013423 0,013423
заполните 0,013423 0,067115
росстат 4,317488 8,634976
технологий 0,013423 0,026846
сетевое 0,013423 0,013423
блюда 2,177422 2,177422
бытовой 4,317488 8,634976
традиции 1,966113 3,932226
неделю 1,373049 1,373049
вновь 0,013423 0,013423
неделя 3,401197 3,401197
сменить 0,013423 0,013423
самый 2,177422 2,177422
материал 0,013423 0,013423
стоит 1,714798 1,714798
участвовать 0,013423 0,026846
сообщить 0,013423 0,013423
пошаговые 2,238047 4,476093
выбирать 2,708050 2,708050
самые 2,238047 2,238047
успешно 0,013423 0,013423
скриншот 0,013423 0,040269
мягкой 3,401197 3,401197
лента 0,006689 0,013378
приготовить 2,014903 10,074515
завтрак 3,912023 7,824046
ао 4,317488 4,317488
заблокированы 0,013423 0,013423
спорт 0,190354 0,190354
будущего 3,401197 3,401197
сфере 0,013423 0,026846
месяц 1,297063 1,297063
свидетельство 0,013423 0,013423
правила 0,013423 0,053692
поста 3,218876 3,218876
консервов 3,912023 3,912023
взаимодействия 0,013423 0,026846
рыбой 3,624341 3,624341
ближний 3,912023 7,824046
сохранить 0,013423 0,013423
информационное 0,013423 0,040269
морковкинэкономист 2,931194 5,862388
комментирования 0,013423 0,026846
блинов 2,371578 4,743156
стали 2,612740 2,612740
пресс 0,013423 0,026846
кулинария 2,525729 7,577186
россии 0,395515 0,791030
применения 0,013423 0,013423
дубицкаянутрициолог 5,010635 5,010635
возможный 2,371578 2,371578
анастасия 3,912023 15,648092
ценности 3,912023 3,912023
федеральному 0,013423 0,026846
гришин 5,010635 5,010635
персональных 0,013423 0,107384
первая 3,218876 3,218876
произошла 0,013423 0,013423
важное 2,525729 12,628643
заготовить 3,624341 3,624341
дата 0,013423 0,013423
ваше 0,013423 0,107384
традиционные 2,371578 4,743156
сайте 0,013423 0,013423
ваши 0,013423 0,013423
сугроб 3,064725 3,064725
магазин 4,317488 4,317488
фио 0,013423 0,013423
восстановить 0,013423 0,013423
пожалуйста 0,013423 0,013423
учебнике 5,010635 5,010635
стол 2,238047 2,238047
человека 2,177422 2,177422
праздничная 2,931194 2,931194
ниже 0,013423 0,040269
версия 0,013423 0,013423
вопроса 0,013423 0,013423
которую 2,931194 2,931194
россия 0,006689 0,113713
поля 0,013423 0,093961
консервами 3,064725 6,129450
туристы 3,401197 6,802395
рассказали 2,066196 2,066196
блины 2,238047 4,476093
виктор 3,624341 3,624341
рассказала 2,445686 4,891372
января 1,160488 11,604877
государственному 0,013423 0,026846
пошагово 3,064725 6,129450
популярный 3,912023 3,912023
рацион 4,317488 4,317488
регистрации 0,013423 0,026846
де 5,010635 5,010635
цена 3,912023 3,912023
сайт 0,013423 0,026846
поле 0,013423 0,040269
дома 2,238047 4,476093
полезный 3,064725 6,129450
сервисы 0,190354 0,190354
зарегистрировано 0,013423 0,013423
рубежом 3,912023 3,912023
другое 0,013423 0,013423
туризм 0,283247 4,815207
креветки 3,064725 6,129450
питания 3,218876 3,218876
сотрудник 2,612740 5,225480
поддерживаетсяполучить 0,013423 0,013423
адрес 0,013423 0,040269
соответствии 0,013423 0,026846
загрузите 0,013423 0,013423
называется 3,912023 3,912023
сообщения 0,013423 0,053692
цены 2,525729 2,525729
загрузить 0,013423 0,013423
сафари 5,010635 10,021271
направлении 0,013423 0,013423
замеченных 0,013423 0,013423
телефон 0,013423 0,013423
виды 2,813411 2,813411
отправки 0,013423 0,013423
эмоции 3,912023 3,912023
персидский 5,010635 10,021271
питание 2,708050 5,416100
унитарному 0,013423 0,026846
период 1,160488 1,160488
ярославль 5,010635 5,010635
сообщение 0,013423 0,134230
выберите 0,013423 0,040269
старые 0,013423 0,013423
польза 2,813411 8,440232
попробуйте 0,013423 0,013423
пользе 5,010635 5,010635
финансового 2,066196 4,132393
федеральная 3,064725 9,194175
оаэ 4,317488 8,634976
российского 2,612740 5,225480
бутерброды 2,525729 5,051457
защитой 0,013423 0,026846
статьи 0,013423 0,013423
старше 3,624341 3,624341
рыбка 4,317488 4,317488
подтвердите 0,013423 0,013423
авторизация 0,013423 0,013423
религия 0,283247 0,283247
форма 0,013423 0,013423
логином 0,013423 0,013423
похудения 3,912023 7,824046
рейтинг 0,006689 0,006689
галочку 0,013423 0,013423
тульская 3,624341 3,624341
перетащите 0,013423 0,040269
материале 0,013423 0,026846
бутерброда 4,317488 4,317488
культура 0,292136 2,337091
мяту 3,064725 3,064725
материала 0,013423 0,026846
гастрономе 5,010635 5,010635
происшествия 0,292136 0,292136
вашего 0,013423 0,013423
паролем 0,013423 0,013423
способы 0,013423 0,026846
зарегистрируйтесь 0,013423 0,013423
обо 0,013423 0,013423
недвижимость 0,292136 0,292136
дискуссии 0,013423 0,026846
рецептырецепты 1,875141 1,875141
редактор 0,013423 0,013423
соленой 5,010635 5,010635
море 3,064725 6,129450
унитарное 0,013423 0,013423
форму 0,013423 0,093961
тема 0,013423 0,040269
отправленного 0,013423 0,013423
рекомендательных 0,013423 0,013423
связанные 0,013423 0,026846
данная 0,013423 0,013423
служба 2,238047 6,714140
обратная 0,013423 0,026846
риа 0,006689 0,013378
здоровье 2,445686 12,228430
диета 3,912023 7,824046
сходить 2,931194 2,931194
юнеско 5,010635 5,010635
проставляя 0,013423 0,013423
связанных 0,013423 0,013423
мандарины 3,912023 3,912023
неклюдоваоснователь 5,010635 10,021271
опишите 0,013423 0,013423
заполнения 0,013423 0,093961
полезное 0,182322 0,182322
правительстве 2,177422 4,354844
год 0,967584 8,708256
службе 0,013423 0,013423
навигаторриа 2,445686 2,445686
релизов 0,013423 0,013423
ваших 0,013423 0,026846
кухня 1,832581 1,832581
городов 4,317488 4,317488
почты 0,013423 0,013423
поехать 3,624341 3,624341
октября 1,832581 3,665163
кофе 3,401197 3,401197
ведущий 2,302585 4,605170
убрать 2,525729 2,525729
тайны 2,813411 2,813411
лететь 5,010635 10,021271
празднование 3,218876 3,218876
варежка 3,064725 3,064725
агентство 0,013423 0,040269
рио 5,010635 5,010635
приготовление 1,966113 1,966113
правил 0,013423 0,040269
авторизоваться 0,013423 0,013423
авторизуйтесь 0,013423 0,013423
пища 4,317488 4,317488
россияне 2,708050 2,708050
советы 1,752539 3,505078
агентства 0,013423 0,013423
сегодня 0,013423 0,080538
расширенный 0,013423 0,013423
отравлении 4,317488 4,317488
новыесначала 0,013423 0,013423
шапка 0,013423 0,013423
армении 3,401197 3,401197
принципы 5,010635 5,010635
отправить 0,013423 0,147653
продолжить 0,013423 0,013423
справки 1,875141 1,875141
знали 4,317488 4,317488
решении 0,013423 0,013423
рассказал 1,347074 2,694147
генеральный 3,912023 7,824046
овсяноблин 4,317488 8,634976
необычные 2,238047 4,476093
отдых 3,624341 14,497364
истории 2,612740 2,612740
воспользуйтесь 0,013423 0,040269
потребителей 4,317488 4,317488
участие 0,006689 0,006689
аккаунт 0,013423 0,053692
экономика 0,292136 0,584273
черной 3,624341 3,624341
обсуждение 0,013423 0,013423
использовать 0,013423 0,013423
опечатка 0,013423 0,013423
роспотребнадзор 4,317488 4,317488
блокировки 0,013423 0,013423
онлайн 0,013423 0,013423
контактов 0,013423 0,013423
залив 4,317488 8,634976
ученые 3,064725 3,064725
почта 0,013423 0,080538
полезно 5,010635 5,010635
рецепт 1,544899 3,089799
апреля 0,013423 0,013423
история 1,484275 2,968550
дорогие 3,401197 3,401197
легендарном 5,010635 5,010635
фамилия 0,013423 0,013423
университета 2,177422 4,354844
повара 2,302585 2,302585
елисеевский 5,010635 10,021271
нами 0,013423 0,093961
яндекс 0,013423 0,026846
татьяна 3,064725 3,064725
светлана 2,813411 5,626821
хлеб 2,931194 2,931194
удалили 0,013423 0,040269
владимир 1,373049 1,373049
либо 0,013423 0,013423
напиток 3,912023 3,912023
путеводитель 5,010635 5,010635
лецитин 5,010635 5,010635
вакансии 0,013423 0,013423
праздники 1,791759 1,791759
аккаунту 0,013423 0,013423
армения 4,317488 4,317488
открываемого 0,013423 0,026846
гиляровский 5,010635 5,010635
нажимая 0,013423 0,013423
крупа 3,624341 3,624341
поиск 0,013423 0,013423
кухнирецепты 2,612740 2,612740
вами 0,013423 0,013423
недопустимое 0,013423 0,013423
году 1,139434 1,139434
подсчитана 5,010635 10,021271
согласны 0,013423 0,040269
истек 0,013423 0,013423
застолья 3,912023 3,912023
избегать 4,317488 4,317488
предприятию 0,013423 0,026846
рекламы 0,013423 0,013423
статистики 4,317488 8,634976
зиму 2,612740 2,612740
вернуть 2,813411 2,813411
внимание 0,013423 0,013423
принимать 0,013423 0,013423
соц 2,371578 2,371578
сможете 0,013423 0,013423
достопримечательности 3,912023 3,912023
года 0,006689 0,013378
разрешенные 4,317488 4,317488
ознакомлены 0,013423 0,013423
моих 0,013423 0,026846
гастрономия 3,401197 3,401197
предприятие 0,013423 0,013423
наука 0,292136 0,876409
обсуждения 0,013423 0,013423
блокировкой 0,013423 0,040269
семьи 2,445686 2,445686
