законным 0,013423 0,013423
подпеклась 5,010635 10,021271
простая 5,010635 10,021271
рыбный 5,010635 10,021271
батон 4,317488 43,174881
маслом 2,708050 37,912703
найти 0,013423 0,013423
основанием 0,013423 0,013423
кростини 5,010635 15,031906
быстрой 3,912023 7,824046
письмо 0,013423 0,013423
спасибо 0,013423 0,013423
ингредиентов 2,612740 13,063700
смазанный 5,010635 20,042541
корочка 5,010635 10,021271
согласие 0,013423 0,026846
содержанию 4,317488 8,634976
декабря 1,098612 6,591674
итальянским 5,010635 10,021271
плавленный 5,010635 10,021271
чесноком 3,218876 22,532131
легкость 3,912023 7,824046
одно 2,371578 2,371578
связаться 0,013423 0,080538
наносят 3,912023 7,824046
одна 2,612740 5,225480
немного 2,177422 6,532266
фото 0,013423 0,040269
связь 0,006689 0,013378
смесью 3,912023 7,824046
сушеный 3,912023 15,648092
внешне 5,010635 10,021271
готово 0,013423 0,053692
занимает 2,813411 2,813411
закусках 5,010635 5,010635
информационных 0,013423 0,013423
собрать 3,912023 7,824046
размещения 0,013423 0,013423
пор 2,708050 5,416100
перемешать 2,525729 20,205829
конфиденциальности 0,013423 0,053692
мелкими 3,912023 7,824046
связи 0,013423 0,080538
заголовок 0,013423 0,026846
шампанское 5,010635 5,010635
оставшемся 5,010635 10,021271
шаг 1,875141 148,136145
сложность 2,931194 23,449550
процесса 0,013423 0,013423
адресу 0,013423 0,026846
проблему 0,013423 0,013423
брускеттный 5,010635 5,010635
корочки 3,912023 39,120230
рецепты 1,139434 110,525125
слишком 2,708050 5,416100
быстро 2,177422 2,177422
отмечает 1,966113 3,932226
данных 0,013423 0,107384
письма 0,013423 0,013423
часов 0,013423 0,026846
соглашаетесь 0,013423 0,013423
очистить 2,612740 5,225480
готовить 2,445686 2,445686
главный 0,013423 0,013423
данные 0,013423 0,013423
также 1,139434 6,836606
игристое 5,010635 5,010635
красную 3,218876 6,437752
одной 2,120264 6,360791
фотографию 0,013423 0,013423
легко 1,791759 12,542316
противень 3,912023 7,824046
предварительно 2,931194 5,862388
отправлено 0,013423 0,013423
руколой 5,010635 10,021271
разложить 3,912023 7,824046
снова 2,612740 5,225480
сытное 3,624341 7,248682
сначала 0,013423 0,013423
буженина 5,010635 10,021271
сырную 5,010635 10,021271
петрушку 3,401197 6,802395
брускетты 4,317488 12,952464
обходится 3,912023 3,912023
соломкой 3,912023 7,824046
помидорами 3,912023 15,648092
огурца 4,317488 17,269952
однако 1,966113 1,966113
перейдите 0,013423 0,013423
цитрусовых 5,010635 10,021271
закрыто 0,013423 0,013423
сколько 0,006689 0,006689
буженину 5,010635 10,021271
материалов 0,013423 0,040269
треугольные 5,010635 10,021271
отправлена 0,013423 0,013423
запекать 3,401197 6,802395
подсушиться 5,010635 10,021271
чате 0,013423 0,013423
кожуры 3,064725 6,129450
колоритом 5,010635 10,021271
гости 3,912023 3,912023
чату 0,013423 0,013423
редакцией 0,013423 0,013423
размять 4,317488 8,634976
филе 3,912023 19,560115
бутерброд 5,010635 50,106353
пример 3,218876 3,218876
маслин 5,010635 10,021271
ягодами 3,401197 3,401197
икрой 3,912023 66,504391
огурцами 4,317488 34,539905
часть 1,919593 3,839186
рассмотрены 0,013423 0,013423
минуты 2,931194 11,724775
символа 3,218876 3,218876
разогретую 3,912023 7,824046
брускетту 5,010635 20,042541
укропом 4,317488 17,269952
нарезать 2,445686 134,512727
говорит 2,014903 14,104321
шеф 2,302585 6,907755
выложить 2,708050 83,949556
часто 2,371578 2,371578
надеть 5,010635 10,021271
перетяните 0,013423 0,013423
томатами 4,317488 4,317488
брускетта 4,317488 25,904929
свежего 4,317488 8,634976
ошибках 0,013423 0,013423
тимьяна 5,010635 20,042541
шт 2,238047 165,615446
процесс 2,014903 2,014903
французская 3,912023 7,824046
растительное 3,064725 12,258901
заменить 3,218876 12,875503
качества 2,931194 2,931194
выпуска 0,013423 0,013423
списка 0,013423 0,013423
формой 0,013423 0,053692
хочется 3,401197 6,802395
кружочками 3,624341 21,746046
новогодние 2,931194 41,036713
пастой 4,317488 17,269952
зеленью 2,931194 8,793581
качестве 2,708050 10,832201
бальзамиком 5,010635 10,021271
рекомендую 3,912023 7,824046
разогретой 4,317488 8,634976
помидор 4,317488 34,539905
бужениной 5,010635 20,042541
креветок 3,624341 7,248682
закуску 4,317488 43,174881
растительном 3,624341 7,248682
такая 2,813411 5,626821
оставит 5,010635 10,021271
федеральное 0,013423 0,013423
брускеттного 5,010635 5,010635
закуски 2,525729 17,680101
закуске 5,010635 10,021271
федеральной 0,013423 0,013423
лучшие 1,714798 1,714798
международное 0,013423 0,040269
закуска 3,912023 101,712598
маслинами 5,010635 30,063812
праздничных 3,912023 7,824046
поставить 2,525729 5,051457
будут 0,013423 0,026846
праздничный 4,317488 4,317488
посыпать 2,931194 17,587163
новостей 0,006689 0,006689
лучших 1,832581 1,832581
праздничным 4,317488 8,634976
гриль 5,010635 25,053176
новогодний 2,708050 13,540251
новогодним 5,010635 20,042541
начинки 4,317488 12,952464
сыр 3,624341 126,851933
вкусу 2,066196 41,323926
нужно 1,455287 4,365862
квадратные 5,010635 10,021271
закрепить 4,317488 8,634976
огурцы 3,401197 27,209579
обратной 0,013423 0,067115
порции 2,445686 12,228430
вкуса 2,445686 4,891372
оглавление 1,791759 1,791759
полутвердые 5,010635 5,010635
мелкой 3,624341 14,497364
начинка 5,010635 10,021271
подготовки 2,931194 23,449550
прогретой 4,317488 8,634976
зеленый 3,064725 30,647251
кружочки 5,010635 30,063812
еда 2,177422 30,483907
румяная 5,010635 10,021271
предлагает 3,218876 12,875503
палочками 4,317488 21,587441
полутвердый 4,317488 8,634976
описанием 0,013423 0,013423
петрушки 3,401197 6,802395
красивые 3,218876 3,218876
свекольную 5,010635 20,042541
начинку 4,317488 47,492369
петрушка 3,064725 18,388351
пармезана 4,317488 8,634976
используется 0,013423 0,013423
разрезанные 5,010635 5,010635
средний 3,064725 6,129450
твердый 3,624341 14,497364
канапе 4,317488 25,904929
дальше 3,624341 7,248682
рецептов 2,177422 2,177422
массу 3,401197 6,802395
эл 0,013423 0,013423
точно 2,612740 7,838220
столу 3,064725 6,129450
почему 0,013423 0,013423
хорошего 3,624341 3,624341
еды 3,912023 7,824046
салата 3,401197 3,401197
разнообразит 5,010635 15,031906
вопросам 0,013423 0,026846
салаты 2,708050 5,416100
добавить 2,238047 38,046792
стола 3,064725 6,129450
красный 3,401197 13,604790
змея 3,218876 3,218876
закусок 3,064725 58,229778
столе 3,401197 10,203592
продегустировать 5,010635 10,021271
красным 3,624341 10,873023
вконтакте 0,013423 0,026846
привыкли 5,010635 5,010635
обжаренная 5,010635 5,010635
вкусные 2,708050 10,832201
ромбовидные 5,010635 10,021271
навсегда 0,013423 0,013423
нарушение 0,013423 0,040269
ставшую 5,010635 10,021271
повседневному 5,010635 10,021271
запекании 4,317488 8,634976
натереть 2,813411 39,387750
назад 0,013423 0,067115
сладковатого 5,010635 10,021271
список 2,014903 4,029806
лук 2,302585 32,236191
соком 3,401197 10,203592
зубовский 0,013423 0,026846
картофелем 3,218876 12,875503
заполнить 0,013423 0,026846
похожи 5,010635 10,021271
слабосоленая 5,010635 10,021271
желанию 3,218876 19,313255
осуществляется 0,013423 0,013423
именно 2,066196 2,066196
веревкин 5,010635 40,085082
другие 0,013423 0,026846
главное 1,752539 5,257616
похожа 3,912023 7,824046
сыровяленой 5,010635 30,063812
бекон 4,317488 17,269952
французский 3,912023 7,824046
надзору 0,013423 0,013423
нового 1,678431 1,678431
бальзамический 4,317488 8,634976
издание 0,013423 0,013423
лимон 3,401197 27,209579
дольку 4,317488 17,269952
бульвар 0,013423 0,026846
хотите 0,013423 0,013423
заполните 0,013423 0,067115
мини 3,624341 3,624341
крабовую 5,010635 10,021271
сетевое 0,013423 0,013423
горгонзолой 5,010635 15,031906
состояния 2,612740 10,450960
медиаплатформы 4,317488 4,317488
вновь 0,013423 0,013423
сменить 0,013423 0,013423
спаржа 5,010635 5,010635
сырным 5,010635 10,021271
стоит 1,714798 10,288791
участвовать 0,013423 0,026846
сообщить 0,013423 0,013423
грушей 5,010635 5,010635
пошаговые 2,238047 4,476093
оливковое 3,912023 62,592368
скриншот 0,013423 0,040269
обращайте 5,010635 10,021271
косточку 4,317488 8,634976
создают 3,912023 7,824046
популярные 2,445686 7,337058
приготовить 2,014903 8,059612
другими 3,064725 6,129450
распределить 3,401197 6,802395
пульсации 5,010635 10,021271
варианту 5,010635 10,021271
бар 5,010635 5,010635
промазать 4,317488 8,634976
цедру 4,317488 8,634976
косточки 4,317488 8,634976
образования 3,624341 7,248682
взаимодействия 0,013423 0,026846
вкрутую 3,401197 6,802395
маслинам 5,010635 10,021271
шпроты 5,010635 30,063812
соусом 3,218876 19,313255
авокадо 3,218876 35,407634
отлично 3,401197 6,802395
палочки 5,010635 40,085082
сохранить 0,013423 0,013423
информационное 0,013423 0,040269
оливки 5,010635 10,021271
ложке 5,010635 10,021271
посуду 2,813411 5,626821
украсит 5,010635 5,010635
тарелке 4,317488 8,634976
сочетается 4,317488 8,634976
сливочном 5,010635 10,021271
закусками 5,010635 10,021271
взбитый 5,010635 5,010635
салфеткой 4,317488 8,634976
федеральному 0,013423 0,026846
сливочное 3,401197 34,011974
золотистой 3,912023 23,472138
диагональных 5,010635 10,021271
пармезан 5,010635 20,042541
важно 2,120264 8,481054
пополам 3,624341 7,248682
кислот 4,317488 8,634976
зерновая 5,010635 10,021271
кусочку 5,010635 10,021271
фио 0,013423 0,013423
свеклой 3,401197 20,407184
кусок 4,317488 34,539905
пожалуйста 0,013423 0,013423
рецептыкулинарияедапростые 3,401197 3,401197
фета 5,010635 20,042541
майонезом 3,401197 6,802395
стол 2,238047 22,380466
кусочки 2,931194 17,587163
тех 2,177422 8,709688
ниже 0,013423 0,040269
версия 0,013423 0,013423
разнообразить 4,317488 8,634976
поля 0,013423 0,093961
миндально 5,010635 10,021271
измельчить 3,401197 13,604790
запекаться 5,010635 10,021271
выделить 2,931194 2,931194
популярных 3,218876 9,656627
государственному 0,013423 0,026846
феты 5,010635 10,021271
густой 3,624341 7,248682
ломтики 3,624341 83,359841
оборвать 5,010635 10,021271
сделает 3,218876 3,218876
ножом 3,624341 7,248682
маслины 5,010635 25,053176
шубой 3,912023 3,912023
поле 0,013423 0,013423
маслину 5,010635 10,021271
зарегистрировано 0,013423 0,013423
креветки 3,064725 12,258901
положить 2,612740 15,676440
адрес 0,013423 0,040269
рекомендует 3,624341 3,624341
дольками 3,624341 28,994727
соответствии 0,013423 0,026846
представить 3,624341 7,248682
мелким 5,010635 10,021271
загрузите 0,013423 0,013423
сообщения 0,013423 0,053692
загрузить 0,013423 0,013423
помогают 3,912023 3,912023
направлении 0,013423 0,013423
замеченных 0,013423 0,013423
телефон 0,013423 0,013423
виды 2,813411 2,813411
сочетание 3,218876 12,875503
пока 1,919593 11,517557
нектарина 5,010635 10,021271
сочетания 3,401197 3,401197
знать 4,317488 8,634976
сообщение 0,013423 0,134230
вида 2,931194 2,931194
миксовать 5,010635 5,010635
старые 0,013423 0,013423
достать 3,401197 13,604790
виде 2,177422 2,177422
рукола 5,010635 10,021271
поджаренный 5,010635 10,021271
комментирует 3,064725 3,064725
попробуйте 0,013423 0,013423
подавать 2,708050 16,248301
кухниновогодние 4,317488 4,317488
ингредиент 3,624341 3,624341
сбрызнуть 4,317488 8,634976
майонез 3,401197 27,209579
вкусовые 3,624341 3,624341
эксперт 1,678431 11,749015
греческий 3,218876 6,437752
любому 5,010635 10,021271
покорили 5,010635 10,021271
статьи 0,013423 0,013423
подтвердите 0,013423 0,013423
специями 3,624341 28,994727
вкусовых 3,624341 10,873023
перетащите 0,013423 0,040269
материале 0,013423 0,040269
порционные 3,912023 7,824046
материала 0,013423 0,026846
орехами 3,912023 15,648092
вашего 0,013423 0,013423
альтернативы 4,317488 4,317488
паролем 0,013423 0,013423
лимона 3,064725 27,582526
экспертов 3,064725 3,064725
каперсов 5,010635 10,021271
зарегистрируйтесь 0,013423 0,013423
обо 0,013423 0,013423
кусочек 3,912023 7,824046
зависит 2,371578 2,371578
рецептырецепты 1,875141 1,875141
редактор 0,013423 0,013423
фгуп 0,499776 6,996861
подсушить 4,317488 17,269952
кусочков 3,912023 7,824046
остальными 4,317488 8,634976
базиликом 4,317488 34,539905
обеспокоен 5,010635 10,021271
хлебные 4,317488 17,269952
отправленного 0,013423 0,013423
тапенадом 5,010635 30,063812
связанные 0,013423 0,013423
сделать 1,752539 10,515233
обратная 0,013423 0,026846
риа 0,006689 0,120402
нанести 4,317488 8,634976
связанных 0,013423 0,013423
красной 3,064725 49,035602
опишите 0,013423 0,013423
разные 2,445686 2,445686
кубиками 2,931194 11,724775
обладает 3,218876 6,437752
времени 2,238047 2,238047
кухни 1,832581 25,656140
год 0,967584 27,092353
средне 2,813411 2,813411
итальянская 5,010635 10,021271
гостей 3,401197 3,401197
кухня 1,832581 14,660652
кузнецов 3,912023 31,296184
ореховым 5,010635 10,021271
почты 0,013423 0,013423
поэтому 2,014903 4,029806
сахар 2,612740 10,450960
структурой 5,010635 10,021271
пикантного 5,010635 10,021271
агентство 0,013423 0,040269
колбасы 5,010635 10,021271
оливковым 4,317488 34,539905
огурец 3,912023 54,768322
советы 1,752539 7,010155
агентства 0,013423 0,013423
сегодня 0,013423 0,255037
пропустить 3,912023 7,824046
сразу 1,832581 3,665163
тосты 5,010635 10,021271
вместе 2,302585 4,605170
такое 1,875141 3,750282
чеснок 2,931194 64,486263
излишки 3,624341 7,248682
орегано 3,912023 19,560115
тонко 4,317488 17,269952
зависимости 2,014903 4,029806
цельнозерновой 5,010635 5,010635
соусы 4,317488 4,317488
шапка 0,013423 0,013423
отправить 0,013423 0,228191
продолжить 0,013423 0,013423
решение 1,791759 1,791759
решении 0,013423 0,013423
необычный 3,401197 6,802395
необычные 2,238047 8,952186
благодаря 2,302585 4,605170
воспользуйтесь 0,013423 0,040269
аккаунт 0,013423 0,053692
гренки 5,010635 10,021271
сергея 4,317488 17,269952
состав 2,525729 5,051457
центре 3,218876 9,656627
обсуждение 0,013423 0,013423
столом 4,317488 25,904929
соусу 5,010635 10,021271
гренку 5,010635 10,021271
блокировки 0,013423 0,013423
кукурузный 4,317488 8,634976
дога 5,010635 20,042541
делает 2,612740 10,450960
чайной 5,010635 10,021271
почта 0,013423 0,080538
колбасу 3,624341 10,873023
рецепт 1,544899 10,814296
небольшие 3,401197 13,604790
нагрев 4,317488 8,634976
обжарить 3,624341 57,989455
фамилия 0,013423 0,013423
сливочным 3,912023 23,472138
празднику 3,401197 3,401197
яндекс 0,013423 0,026846
сливочный 4,317488 8,634976
хлеб 2,931194 93,798200
удалили 0,013423 0,040269
вдоль 3,912023 7,824046
либо 0,013423 0,013423
бара 5,010635 5,010635
остыть 2,813411 5,626821
аккаунту 0,013423 0,013423
открываемого 0,013423 0,026846
редко 3,624341 3,624341
колбаса 3,624341 7,248682
семья 3,624341 3,624341
поиск 0,013423 0,013423
листья 3,912023 7,824046
молодой 3,624341 7,248682
бородинский 4,317488 8,634976
согласны 0,013423 0,040269
голод 5,010635 5,010635
пряным 5,010635 10,021271
ингредиентами 3,624341 10,873023
рекламы 0,013423 0,013423
хозяйки 3,624341 7,248682
нарезанной 3,912023 7,824046
шпажками 5,010635 10,021271
родом 4,317488 8,634976
готовятся 3,401197 3,401197
грушу 5,010635 10,021271
томатов 3,912023 7,824046
легкости 5,010635 5,010635
перья 5,010635 10,021271
паштеты 5,010635 5,010635
миске 2,708050 10,832201
тимьян 3,912023 31,296184
подготовить 2,612740 2,612740
ингредиенты 1,919593 34,552671
яркие 2,813411 2,813411
ломтиками 3,218876 45,064262
творожный 4,317488 25,904929
своим 2,612740 7,838220
обсуждения 0,013423 0,013423
творожным 4,317488 8,634976
заранее 2,708050 5,416100
блокировкой 0,013423 0,040269
многих 3,401197 6,802395
готов 2,371578 4,743156
покрыть 3,912023 15,648092
детства 3,064725 6,129450
подачи 3,912023 3,912023
новый 0,013423 0,348999
хрустящей 4,317488 17,269952
новые 1,643339 1,643339
сладким 3,624341 14,497364
доставки 3,912023 7,824046
красителей 3,912023 7,824046
семгой 5,010635 30,063812
гренок 4,317488 8,634976
блендер 3,624341 7,248682
сварить 3,912023 15,648092
полоски 4,317488 8,634976
доступ 0,013423 0,026846
миа 0,013423 0,214768
нектарином 5,010635 30,063812
задать 0,013423 0,013423
автору 0,013423 0,013423
вмешать 4,317488 8,634976
предложить 3,912023 3,912023
готовность 3,218876 6,437752
горчица 4,317488 8,634976
должны 0,013423 0,067115
углеводы 2,445686 12,228430
словам 1,752539 3,505078
приправленная 5,010635 5,010635
г 0,013423 1,463109
д 0,013423 0,026846
сладкие 3,218876 3,218876
политика 0,013423 0,013423
течение 0,013423 0,013423
овощные 5,010635 5,010635
какие 2,177422 2,177422
слайсами 5,010635 20,042541
сыры 4,317488 4,317488
мин 2,445686 39,130975
основных 2,445686 2,445686
тонкие 3,624341 21,746046
вариант 2,371578 9,486312
прижарить 5,010635 20,042541
овощи 2,708050 10,832201
сельди 5,010635 30,063812
любимого 5,010635 5,010635
бояться 5,010635 5,010635
готовки 1,919593 15,356743
классическим 5,010635 5,010635
классический 2,014903 6,044709
время 0,013423 0,255037
квадратиками 5,010635 10,021271
жареными 5,010635 10,021271
ранее 0,013423 0,013423
восстановления 0,013423 0,013423
раскаленной 5,010635 10,021271
чипсы 5,010635 20,042541
бокала 5,010635 10,021271
сергей 1,609438 25,751007
разблокировать 0,013423 0,040269
город 0,013423 0,013423
подать 2,813411 5,626821
появится 3,064725 6,129450
пармезаном 5,010635 10,021271
вкусно 2,813411 5,626821
тарталетки 4,317488 4,317488
обращаем 0,013423 0,013423
написать 0,013423 0,013423
новостеймолния 0,013423 0,013423
тратиться 5,010635 10,021271
одноклассники 0,013423 0,026846
базилик 3,401197 20,407184
нарубить 5,010635 10,021271
соленые 5,010635 10,021271
фаворитами 5,010635 10,021271
полосок 5,010635 10,021271
соленый 5,010635 20,042541
показать 0,013423 0,013423
кнопку 0,013423 0,013423
тапенад 5,010635 10,021271
коммуникаций 0,013423 0,013423
продукта 3,401197 6,802395
питанием 5,010635 10,021271
вкусом 2,931194 14,655969
основные 2,612740 7,838220
срезе 5,010635 10,021271
пароль 0,013423 0,080538
уменьшить 3,912023 7,824046
пароля 0,013423 0,053692
продавливается 5,010635 10,021271
блюд 2,238047 6,714140
калорийность 2,120264 10,601318
вход 0,013423 0,013423
несложный 5,010635 5,010635
намазка 5,010635 10,021271
продукты 0,150823 0,150823
банки 3,064725 6,129450
удалено 0,013423 0,013423
традиционными 5,010635 5,010635
ккал 2,302585 11,512925
гаврилова 0,013423 0,013423
намазки 5,010635 5,010635
банка 3,064725 6,129450
обжаренные 3,912023 3,912023
булочки 5,010635 20,042541
соус 3,401197 6,802395
расположенному 0,013423 0,026846
осетровая 5,010635 10,021271
смесь 2,445686 4,891372
люди 2,238047 4,476093
изысканное 5,010635 10,021271
простых 3,064725 6,129450
интересный 4,317488 8,634976
обеих 4,317488 34,539905
сильно 2,708050 5,416100
предложил 3,624341 7,248682
помощи 2,066196 4,132393
меньше 2,708050 5,416100
мякоть 4,317488 8,634976
учредитель 0,013423 0,013423
такого 2,813411 2,813411
простые 1,752539 56,081240
мое 0,013423 0,026846
ссылка 0,013423 0,026846
неповторимым 5,010635 10,021271
ссылке 0,013423 0,013423
ссылки 0,013423 0,013423
крупной 3,064725 6,129450
помочь 0,013423 0,013423
бренд 3,401197 10,203592
помимо 2,708050 2,708050
любимым 4,317488 8,634976
обязательны 0,013423 0,093961
салат 2,371578 7,114734
основе 2,525729 2,525729
основа 3,218876 6,437752
столовой 4,317488 8,634976
духовку 3,912023 23,472138
роскомнадзор 0,013423 0,013423
глазуньи 5,010635 10,021271
среди 2,813411 8,440232
блокировался 0,013423 0,013423
закусокрецепты 2,708050 2,708050
выдавить 4,317488 17,269952
девушка 3,218876 6,437752
лепестками 4,317488 8,634976
москва 0,006689 0,020067
духовке 2,708050 5,416100
воспользоваться 0,013423 0,013423
тонкими 2,931194 52,761488
русской 1,752539 26,288081
меню 3,218876 12,875503
входа 0,013423 0,013423
духовки 3,912023 7,824046
печеных 5,010635 10,021271
кузнецова 3,912023 7,824046
моё 0,013423 0,013423
белки 2,371578 11,857890
сковороду 3,401197 6,802395
добавлять 2,931194 8,793581
миндаль 5,010635 10,021271
далее 2,238047 8,952186
вяленых 5,010635 10,021271
сковороде 2,708050 51,452954
тимьяном 5,010635 15,031906
бутербродам 5,010635 15,031906
пригорел 4,317488 8,634976
миндаля 5,010635 30,063812
которой 2,238047 4,476093
политикой 0,013423 0,040269
необычного 5,010635 10,021271
томаты 3,912023 7,824046
обработки 0,013423 0,026846
даю 0,013423 0,026846
скучно 5,010635 10,021271
праздничному 5,010635 10,021271
достаточно 2,445686 7,337058
обработку 0,013423 0,026846
шпажку 5,010635 20,042541
занимают 4,317488 17,269952
глутамата 5,010635 10,021271
редакции 0,013423 0,026846
обращений 0,013423 0,013423
нежный 3,401197 6,802395
красная 3,401197 6,802395
сервелата 5,010635 10,021271
декора 3,624341 7,248682
четвертинки 5,010635 5,010635
обработка 0,013423 0,013423
интересное 5,010635 5,010635
колбасой 3,218876 22,532131
это 0,013423 0,093961
разрезать 3,624341 21,746046
станет 2,302585 4,605170
вкус 2,120264 10,601318
лимонный 3,218876 6,437752
доступных 3,912023 7,824046
десерты 4,317488 4,317488
этих 2,302585 2,302585
песто 5,010635 20,042541
новую 0,013423 0,013423
массовых 0,013423 0,013423
салфетку 5,010635 10,021271
йогурт 3,624341 7,248682
пройдена 0,013423 0,013423
черная 3,912023 15,648092
зарегистрироваться 0,013423 0,053692
пожаловаться 0,013423 0,013423
новости 0,006689 0,120402
войти 0,013423 0,053692
электронной 0,013423 0,013423
действия 0,013423 0,013423
беконово 5,010635 10,021271
крем 3,624341 14,497364
лепестки 5,010635 10,021271
защита 0,013423 0,013423
аппетитной 3,624341 7,248682
регистрация 0,013423 0,040269
минимум 2,612740 5,225480
риеты 5,010635 5,010635
использования 0,013423 0,013423
особый 3,218876 3,218876
восстановление 0,013423 0,040269
вино 3,624341 3,624341
смешанные 5,010635 5,010635
государственное 0,013423 0,013423
ими 3,624341 7,248682
подковы 3,912023 3,912023
просим 0,013423 0,013423
хрустящие 3,218876 6,437752
заблокирован 0,013423 0,013423
обычным 5,010635 5,010635
соль 2,120264 25,443162
ошибку 0,013423 0,013423
минутрецепты 2,708050 2,708050
защиты 0,013423 0,013423
изысканную 5,010635 10,021271
обращения 0,013423 0,026846
нарезанным 4,317488 25,904929
простую 3,912023 7,824046
придают 4,317488 4,317488
бекона 5,010635 20,042541
искусственных 5,010635 10,021271
мягкие 3,624341 3,624341
ароматными 5,010635 10,021271
слить 3,624341 7,248682
минут 1,297063 23,347138
ошибка 0,013423 0,013423
вопрос 0,006689 0,006689
мягким 3,401197 6,802395
самых 1,875141 3,750282
мягкий 4,317488 8,634976
подтверждаете 0,013423 0,013423
предпочтений 3,218876 9,656627
ломтиков 5,010635 30,063812
ваш 0,013423 0,053692
имя 0,013423 0,067115
вяленые 4,317488 8,634976
подрумяненные 5,010635 5,010635
необычное 3,912023 7,824046
козьим 5,010635 10,021271
блюдо 2,014903 14,104321
срок 0,013423 0,026846
блюде 3,624341 7,248682
верхушка 5,010635 10,021271
технологий 0,013423 0,026846
равнодушным 5,010635 10,021271
блюда 2,177422 4,354844
яйца 1,966113 11,796677
самый 2,177422 4,354844
материал 0,013423 0,013423
любого 3,064725 3,064725
выбирать 2,708050 5,416100
успешно 0,013423 0,013423
советов 3,218876 3,218876
новогоднего 2,931194 5,862388
лента 0,006689 0,013378
нотки 3,624341 3,624341
пучок 3,912023 7,824046
черный 2,708050 5,416100
добавив 3,624341 7,248682
привычное 4,317488 8,634976
нашинковать 3,912023 15,648092
экспериментировать 3,912023 3,912023
кубики 3,401197 13,604790
веточки 4,317488 17,269952
заблокированы 0,013423 0,013423
сфере 0,013423 0,013423
хумус 5,010635 5,010635
дольки 5,010635 20,042541
добавит 3,624341 7,248682
свидетельство 0,013423 0,013423
правила 0,013423 0,026846
никого 5,010635 10,021271
рыбой 3,624341 7,248682
перцем 3,912023 3,912023
огненной 3,401197 3,401197
сами 3,401197 3,401197
комментирования 0,013423 0,026846
фруктами 3,624341 10,873023
козий 5,010635 20,042541
рецептыпростые 2,813411 2,813411
получилась 3,912023 7,824046
дать 2,066196 8,264785
пресс 0,013423 0,040269
укроп 2,612740 15,676440
кулинария 2,525729 35,360201
применения 0,013423 0,013423
советует 3,401197 20,407184
традиционных 4,317488 8,634976
персональных 0,013423 0,107384
консервантов 5,010635 10,021271
произошла 0,013423 0,013423
ценность 2,302585 11,512925
дата 0,013423 0,013423
ваше 0,013423 0,107384
утолить 5,010635 5,010635
сайте 0,013423 0,013423
ваши 0,013423 0,013423
восстановить 0,013423 0,013423
батат 5,010635 60,127624
сочетанием 5,010635 10,021271
сыром 2,708050 32,496602
раскрывающегося 5,010635 10,021271
хлебобулочное 5,010635 10,021271
даст 4,317488 4,317488
просто 1,714798 3,429597
среднего 3,401197 6,802395
вопроса 0,013423 0,013423
пару 2,525729 10,102915
россия 0,006689 0,140469
простой 2,120264 4,240527
используют 3,218876 3,218876
порадуют 5,010635 5,010635
майонеза 3,624341 7,248682
жидкой 5,010635 10,021271
крабовыми 4,317488 21,587441
вместились 5,010635 10,021271
насечки 4,317488 8,634976
регистрации 0,013423 0,026846
рыбу 3,401197 3,401197
моцарелла 5,010635 5,010635
придумывают 5,010635 10,021271
авторский 5,010635 10,021271
сайт 0,013423 0,026846
фракцией 5,010635 10,021271
станут 3,218876 12,875503
правильно 2,066196 4,132393
десерта 3,401197 3,401197
слегка 2,708050 10,832201
неклассическими 5,010635 10,021271
рыбе 5,010635 10,021271
сервиса 3,218876 6,437752
другое 0,013423 0,013423
мясной 4,317488 4,317488
поддерживаетсяполучить 0,013423 0,013423
перец 2,525729 20,205829
лошади 3,401197 6,802395
чиабатта 5,010635 45,095718
хлеба 2,931194 38,105519
чиабатту 5,010635 40,085082
кулинаров 2,931194 11,724775
декорировать 5,010635 25,053176
отправки 0,013423 0,013423
гостям 5,010635 5,010635
чиабатты 5,010635 10,021271
багет 5,010635 105,223341
почистить 3,912023 7,824046
ветчину 5,010635 5,010635
сухой 3,218876 19,313255
унитарному 0,013423 0,026846
ложкой 3,064725 6,129450
праздник 2,525729 5,051457
обновлено 1,003302 1,003302
постный 3,624341 3,624341
выберите 0,013423 0,040269
масла 3,064725 12,258901
присмотреться 5,010635 10,021271
масле 3,401197 13,604790
плотный 5,010635 10,021271
креветками 4,317488 30,222417
крабовые 5,010635 40,085082
тертый 3,912023 15,648092
сбалансированным 5,010635 10,021271
горячее 5,010635 5,010635
помидоры 3,064725 15,323626
градусов 2,931194 5,862388
горячей 2,708050 5,416100
масло 2,302585 69,077553
бутерброды 2,525729 133,863618
защитой 0,013423 0,026846
хот 5,010635 20,042541
остатки 3,912023 7,824046
авторизация 0,013423 0,013423
веревкина 5,010635 10,021271
форма 0,013423 0,013423
логином 0,013423 0,013423
рейтинг 0,006689 0,006689
галочку 0,013423 0,013423
форме 2,302585 2,302585
селедкой 4,317488 17,269952
бутерброда 4,317488 4,317488
сторон 3,218876 25,751007
черри 5,010635 5,010635
помидора 5,010635 20,042541
режиме 2,525729 5,051457
антипригарную 5,010635 10,021271
семга 5,010635 10,021271
семгу 5,010635 10,021271
толщиной 3,624341 7,248682
овощечисткой 5,010635 10,021271
овощной 2,931194 5,862388
любое 2,931194 5,862388
способы 0,013423 0,026846
оригинальные 2,445686 2,445686
украсить 2,931194 43,967906
отличаться 3,912023 3,912023
традиционно 2,612740 2,612740
мелко 2,525729 40,411658
изделие 5,010635 10,021271
классикой 5,010635 10,021271
дискуссии 0,013423 0,026846
петрушкой 5,010635 10,021271
беконом 5,010635 10,021271
унитарное 0,013423 0,013423
яичницы 5,010635 10,021271
форму 0,013423 0,093961
тема 0,013423 0,040269
воткнуть 4,317488 8,634976
компоненты 3,401197 6,802395
рекомендательных 0,013423 0,013423
бутербродами 5,010635 10,021271
шпротами 3,912023 31,296184
жирных 4,317488 8,634976
черную 4,317488 17,269952
данная 0,013423 0,013423
новинки 3,912023 3,912023
волокнистой 5,010635 10,021271
свекла 3,218876 6,437752
белый 3,401197 13,604790
проставляя 0,013423 0,013423
мандарины 3,912023 7,824046
заполнения 0,013423 0,093961
полезное 0,182322 0,364643
свеклу 3,624341 7,248682
службе 0,013423 0,013423
жидкость 3,624341 7,248682
релизов 0,013423 0,013423
ломтик 5,010635 100,212706
ваших 0,013423 0,026846
максимум 2,931194 5,862388
форшмаком 5,010635 5,010635
четверти 5,010635 10,021271
королевские 4,317488 8,634976
которые 1,455287 2,910574
убрать 2,525729 5,051457
оказываются 5,010635 5,010635
багета 5,010635 15,031906
например 1,714798 5,144395
приготовление 1,966113 27,525580
свежими 3,401197 3,401197
поперчить 3,401197 13,604790
правил 0,013423 0,040269
авторизоваться 0,013423 0,013423
авторизуйтесь 0,013423 0,013423
выбрать 2,612740 2,612740
расширенный 0,013423 0,013423
каперсы 5,010635 20,042541
классика 3,624341 7,248682
беконовые 5,010635 10,021271
поэкспериментировать 5,010635 10,021271
свежая 3,401197 6,802395
новыесначала 0,013423 0,013423
вынуть 3,912023 7,824046
батата 5,010635 20,042541
фетой 5,010635 20,042541
сыровяленая 5,010635 10,021271
несколько 1,752539 1,752539
сверху 3,064725 49,035602
приготовления 1,791759 8,958797
посолить 3,064725 18,388351
икру 5,010635 30,063812
мл 2,612740 26,127400
собой 2,445686 4,891372
место 1,832581 7,330326
примерно 2,177422 4,354844
заправить 4,317488 8,634976
свежие 2,708050 2,708050
икра 5,010635 30,063812
получившуюся 4,317488 8,634976
тростниковый 4,317488 17,269952
натуральные 3,624341 7,248682
участие 0,006689 0,006689
архивное 1,373049 1,373049
кубиком 5,010635 10,021271
действительно 3,624341 7,248682
терке 2,931194 23,449550
тонкой 3,624341 7,248682
черной 3,624341 25,370387
свежий 3,401197 20,407184
опечатка 0,013423 0,013423
использовать 0,013423 0,120807
интересными 4,317488 4,317488
каждый 2,120264 38,164744
онлайн 0,013423 0,013423
намазать 5,010635 30,063812
контактов 0,013423 0,013423
привычные 5,010635 15,031906
листиками 5,010635 10,021271
апреля 0,013423 0,013423
бургеры 5,010635 5,010635
категория 1,875141 15,001129
сок 2,931194 11,724775
идеальным 3,912023 7,824046
нектарин 5,010635 20,042541
интересная 4,317488 8,634976
нами 0,013423 0,093961
русская 2,177422 26,129063
сердцевины 5,010635 10,021271
отдельной 3,401197 6,802395
кедровыми 5,010635 10,021271
жиры 2,371578 11,857890
вакансии 0,013423 0,013423
разогреть 3,218876 6,437752
нажимая 0,013423 0,013423
вами 0,013423 0,013423
праздничном 3,912023 3,912023
недопустимое 0,013423 0,013423
салатами 5,010635 5,010635
жира 3,912023 15,648092
бутербродов 4,317488 17,269952
подчеркнуть 3,912023 15,648092
истек 0,013423 0,013423
застолья 3,912023 3,912023
жире 5,010635 10,021271
праздничное 3,912023 19,560115
невозможно 2,525729 5,051457
застолью 5,010635 10,021271
нагреться 5,010635 10,021271
предприятию 0,013423 0,026846
планируете 4,317488 8,634976
внимание 0,013423 0,040269
принимать 0,013423 0,013423
застолье 4,317488 4,317488
блендере 4,317488 8,634976
сможете 0,013423 0,013423
горчицу 3,912023 7,824046
года 0,006689 0,020067
смешать 3,064725 42,906152
любителя 5,010635 10,021271
изысканности 5,010635 10,021271
овощами 3,624341 7,248682
зубчик 3,912023 31,296184
пищевая 2,371578 11,857890
ознакомлены 0,013423 0,013423
уникальным 4,317488 4,317488
семечками 5,010635 5,010635
шампиньоны 5,010635 5,010635
блюдами 5,010635 5,010635
селедка 3,912023 3,912023
свежей 3,401197 6,802395
моих 0,013423 0,026846
очень 1,678431 6,713723
особое 3,064725 6,129450
предприятие 0,013423 0,013423
забывать 5,010635 5,010635
проверить 2,708050 5,416100
смазать 3,064725 18,388351
яичной 4,317488 8,634976
внимания 3,218876 3,218876
неспроста 5,010635 10,021271
