минералке 5,010635 5,010635
законным 0,013423 0,013423
вкусное 3,624341 3,624341
придавая 5,010635 5,010635
масленица 3,064725 12,258901
густая 5,010635 5,010635
получились 4,317488 8,634976
прогрейте 5,010635 5,010635
день 1,203973 2,407946
маслом 2,708050 8,124151
плода 5,010635 5,010635
найти 0,013423 0,013423
основанием 0,013423 0,013423
письмо 0,013423 0,013423
спасибо 0,013423 0,013423
ингредиентов 2,612740 7,838220
постного 4,317488 4,317488
кружевных 5,010635 10,021271
масленицу 2,612740 10,450960
отстанет 5,010635 5,010635
воды 2,445686 14,674116
текстуру 3,218876 3,218876
масленице 5,010635 10,021271
ситуации 2,445686 2,445686
согласие 0,013423 0,026846
центр 0,190354 0,190354
ст 2,813411 25,320696
приглашенный 3,064725 3,064725
воду 2,302585 11,512925
ароматом 3,401197 6,802395
пузырьки 3,912023 7,824046
комбо 5,010635 5,010635
мало 3,218876 9,656627
одно 2,371578 9,486312
какими 5,010635 20,042541
связаться 0,013423 0,080538
минеральную 4,317488 4,317488
вода 2,525729 12,628643
те 2,813411 2,813411
одна 2,612740 5,225480
гречневую 5,010635 5,010635
реклама 0,190354 0,190354
немного 2,177422 4,354844
воде 2,014903 18,134127
фото 0,013423 0,093961
связь 0,006689 0,013378
использованием 3,064725 3,064725
такие 2,525729 5,051457
водой 2,445686 2,445686
готово 0,013423 0,026846
создатель 5,010635 5,010635
информационных 0,013423 0,013423
пекли 5,010635 5,010635
рецепте 3,401197 3,401197
размещения 0,013423 0,013423
простотой 4,317488 4,317488
мальгавко 3,912023 15,648092
перемешать 2,525729 5,051457
конфиденциальности 0,013423 0,053692
готова 3,401197 3,401197
связи 0,013423 0,080538
заголовок 0,013423 0,026846
смажьте 4,317488 8,634976
шаг 1,875141 13,125988
процесса 0,013423 0,013423
адресу 0,013423 0,026846
проблему 0,013423 0,013423
испеченные 5,010635 10,021271
выпечки 2,708050 5,416100
рецепты 1,139434 17,091514
слишком 2,708050 8,124151
быстро 2,177422 4,354844
отмечает 1,966113 1,966113
секреты 2,813411 2,813411
данных 0,013423 0,107384
письма 0,013423 0,013423
часов 0,013423 0,040269
соглашаетесь 0,013423 0,013423
главный 0,013423 0,026846
каждой 3,064725 6,129450
данные 0,013423 0,013423
также 1,139434 3,418303
выпечка 4,317488 17,269952
выходят 5,010635 10,021271
фотографию 0,013423 0,013423
легко 1,791759 3,583519
отправлено 0,013423 0,013423
рассказывает 2,371578 2,371578
сначала 0,013423 0,013423
выпечкирецепты 3,401197 3,401197
заигрыш 5,010635 5,010635
задаваемые 4,317488 12,952464
выпечку 5,010635 5,010635
разбавить 4,317488 4,317488
медиабанквыпекание 5,010635 5,010635
начать 3,218876 3,218876
морозильной 4,317488 4,317488
часа 1,875141 1,875141
образовывать 5,010635 5,010635
слой 3,218876 6,437752
перейдите 0,013423 0,013423
расскажем 3,912023 3,912023
закрыто 0,013423 0,013423
сколько 0,006689 0,006689
кефир 3,401197 6,802395
материалов 0,013423 0,040269
сметаны 3,401197 3,401197
могут 1,643339 1,643339
изменить 3,912023 3,912023
отправлена 0,013423 0,013423
придает 3,218876 3,218876
холодильнике 2,813411 2,813411
чате 0,013423 0,013423
пышными 5,010635 10,021271
стороны 2,238047 2,238047
хранятся 5,010635 5,010635
воздушными 5,010635 10,021271
медиабанкзаварные 5,010635 5,010635
жидкого 5,010635 10,021271
чату 0,013423 0,013423
редакцией 0,013423 0,013423
одиноковтолстые 5,010635 5,010635
полностью 2,014903 2,014903
фуршет 5,010635 5,010635
любят 5,010635 5,010635
икрой 3,912023 3,912023
богатый 5,010635 5,010635
часть 1,919593 1,919593
минеральной 4,317488 8,634976
жестким 4,317488 4,317488
рассмотрены 0,013423 0,013423
минуты 2,931194 2,931194
прокалите 5,010635 5,010635
сторона 3,912023 7,824046
говорит 2,014903 2,014903
слоем 3,218876 6,437752
шеф 2,302585 2,302585
особенными 5,010635 5,010635
умеренную 5,010635 5,010635
часто 2,371578 7,114734
перетяните 0,013423 0,013423
масленицы 3,064725 3,064725
муку 4,317488 21,587441
архив 0,190354 0,190354
части 1,966113 3,932226
кипяток 3,912023 7,824046
богодвид 3,218876 6,437752
ошибках 0,013423 0,013423
муки 3,912023 58,680345
шт 2,238047 8,952186
избежать 2,708050 2,708050
золотистые 5,010635 5,010635
помогут 4,317488 4,317488
заменить 3,218876 16,094379
растительное 3,064725 12,258901
мука 4,317488 17,269952
выпуска 0,013423 0,013423
опаре 5,010635 5,010635
приведем 5,010635 5,010635
списка 0,013423 0,013423
формой 0,013423 0,053692
прилипают 5,010635 20,042541
хранить 3,218876 12,875503
скрывается 5,010635 5,010635
разогретой 4,317488 12,952464
гасить 5,010635 5,010635
узор 3,624341 3,624341
замените 4,317488 4,317488
соблюдения 4,317488 4,317488
растительном 3,624341 3,624341
опары 5,010635 10,021271
сметаной 3,624341 10,873023
вариантов 3,624341 3,624341
федеральное 0,013423 0,013423
федеральной 0,013423 0,013423
екатерина 2,445686 14,674116
международное 0,013423 0,040269
будут 0,013423 0,026846
старейших 4,317488 4,317488
новостей 0,006689 0,006689
лучших 1,832581 7,330326
воздуха 4,317488 4,317488
чеснокова 4,317488 25,904929
солнце 3,624341 7,248682
начинки 4,317488 17,269952
перейти 1,203973 14,447674
рваться 5,010635 5,010635
прямо 2,931194 2,931194
вкусу 2,066196 2,066196
нужно 1,455287 8,731723
обратной 0,013423 0,067115
подкасты 0,292136 0,292136
любым 3,912023 3,912023
фарширования 5,010635 5,010635
оглавление 1,791759 1,791759
комковатым 5,010635 5,010635
подготовки 2,931194 2,931194
консистенция 4,317488 4,317488
еда 2,177422 2,177422
меняя 5,010635 5,010635
такими 4,317488 4,317488
описанием 0,013423 0,013423
кипятке 3,401197 6,802395
кипятка 4,317488 4,317488
имеет 2,066196 2,066196
переворачивании 5,010635 10,021271
кружевными 5,010635 5,010635
красивые 3,218876 6,437752
красивый 3,624341 3,624341
эффект 3,624341 3,624341
начинку 4,317488 4,317488
используется 0,013423 0,013423
смазывают 5,010635 5,010635
разнообразие 4,317488 4,317488
пострадают 5,010635 5,010635
рецептов 2,177422 10,887110
мире 0,274437 0,274437
правилам 3,624341 3,624341
эл 0,013423 0,013423
идеальны 4,317488 4,317488
огромное 3,624341 3,624341
дзен 0,851752 0,851752
остывшую 4,317488 4,317488
чаще 2,612740 5,225480
почему 0,013423 0,093961
стакана 4,317488 34,539905
недостатка 5,010635 10,021271
замеса 5,010635 5,010635
вопросам 0,013423 0,026846
добавить 2,238047 15,666326
дрожжевом 5,010635 15,031906
столе 3,401197 3,401197
вилку 5,010635 5,010635
вконтакте 0,013423 0,026846
вкусные 2,708050 2,708050
медиабанкдрожжевые 5,010635 5,010635
навсегда 0,013423 0,013423
нарушение 0,013423 0,040269
дрожжевое 5,010635 10,021271
подарить 4,317488 4,317488
пленку 5,010635 10,021271
начнут 3,912023 3,912023
назад 0,013423 0,067115
заменяйте 5,010635 5,010635
одиноков 4,317488 4,317488
отдохнуть 3,912023 7,824046
идеальное 3,912023 7,824046
успеет 4,317488 4,317488
ржаную 5,010635 5,010635
готовят 3,218876 12,875503
зубовский 0,013423 0,026846
кейтеринга 5,010635 5,010635
заполнить 0,013423 0,026846
учитывайте 5,010635 5,010635
традиция 3,912023 3,912023
осуществляется 0,013423 0,013423
именно 2,066196 4,132393
пюре 3,064725 3,064725
общество 0,265703 0,265703
другие 0,013423 0,053692
надзору 0,013423 0,013423
издание 0,013423 0,013423
бульвар 0,013423 0,026846
заполните 0,013423 0,067115
хотите 0,013423 0,026846
тонкости 5,010635 5,010635
столкнуться 5,010635 5,010635
влейте 3,912023 7,824046
сетевое 0,013423 0,013423
традиции 1,966113 1,966113
вновь 0,013423 0,013423
сменить 0,013423 0,013423
стоит 1,714798 3,429597
рецептом 3,624341 3,624341
участвовать 0,013423 0,026846
сообщить 0,013423 0,013423
дном 4,317488 4,317488
скриншот 0,013423 0,040269
постоять 4,317488 8,634976
варианты 2,708050 18,956351
популярные 2,445686 9,782744
урожай 5,010635 5,010635
привкус 4,317488 4,317488
приготовить 2,014903 22,163933
яйцо 2,612740 15,676440
другими 3,064725 3,064725
активирует 5,010635 5,010635
поверхности 3,218876 9,656627
горкой 5,010635 5,010635
спорт 0,190354 0,190354
оставшееся 5,010635 10,021271
открытки 3,624341 3,624341
обернув 5,010635 5,010635
края 3,912023 7,824046
трапезы 3,912023 3,912023
средняя 3,912023 3,912023
поста 3,218876 6,437752
взаимодействия 0,013423 0,026846
растекаться 5,010635 5,010635
ложку 3,624341 10,873023
плохо 3,401197 3,401197
ложки 2,931194 2,931194
замешивают 5,010635 5,010635
отлично 3,401197 6,802395
сохранить 0,013423 0,013423
информационное 0,013423 0,040269
ложка 5,010635 5,010635
вкусными 4,317488 4,317488
камере 4,317488 4,317488
элемент 3,912023 3,912023
федеральному 0,013423 0,026846
поможет 2,525729 7,577186
важно 2,120264 10,601318
взбейте 5,010635 10,021271
румяные 4,317488 4,317488
базовый 5,010635 15,031906
фио 0,013423 0,013423
оставить 2,445686 4,891372
пожалуйста 0,013423 0,013423
продолжайте 4,317488 4,317488
тех 2,177422 2,177422
соблюдать 3,401197 3,401197
перемешивая 5,010635 5,010635
ниже 0,013423 0,040269
версия 0,013423 0,013423
взбить 3,624341 7,248682
блине 5,010635 5,010635
кейтеринговой 5,010635 5,010635
блина 5,010635 10,021271
поля 0,013423 0,093961
рано 3,624341 3,624341
важны 4,317488 4,317488
жарьте 4,317488 12,952464
блины 2,238047 192,472005
бананом 5,010635 5,010635
пергаментом 4,317488 4,317488
пытаются 3,912023 3,912023
популярных 3,218876 3,218876
хранения 3,401197 6,802395
государственному 0,013423 0,026846
густое 5,010635 5,010635
сделает 3,218876 3,218876
влить 3,401197 6,802395
поле 0,013423 0,013423
соды 5,010635 30,063812
заварных 4,317488 4,317488
зарегистрировано 0,013423 0,013423
эластичность 5,010635 5,010635
туризм 0,283247 0,283247
возможная 5,010635 5,010635
скоропортящейся 5,010635 5,010635
соду 5,010635 25,053176
адрес 0,013423 0,040269
тающими 5,010635 5,010635
соответствии 0,013423 0,026846
загрузите 0,013423 0,013423
сообщения 0,013423 0,053692
загрузить 0,013423 0,013423
получатся 4,317488 8,634976
направлении 0,013423 0,013423
первого 2,813411 2,813411
тает 3,912023 3,912023
замеченных 0,013423 0,013423
телефон 0,013423 0,013423
руси 3,912023 3,912023
сода 5,010635 15,031906
пока 1,919593 1,919593
бархатистыми 5,010635 10,021271
разбираемся 5,010635 5,010635
лысогора 5,010635 5,010635
переворачивать 5,010635 5,010635
празднования 4,317488 4,317488
текстурой 4,317488 4,317488
сладости 3,624341 3,624341
нежными 4,317488 4,317488
сообщение 0,013423 0,134230
заварные 5,010635 25,053176
старые 0,013423 0,013423
поясняет 2,371578 2,371578
недостаточно 3,064725 6,129450
попробуйте 0,013423 0,013423
подавать 2,708050 2,708050
материалы 1,643339 1,643339
тесто 5,010635 130,276518
начинкой 5,010635 25,053176
надоест 5,010635 5,010635
эксперт 1,678431 3,356862
тесту 5,010635 20,042541
статьи 0,013423 0,013423
жирного 5,010635 5,010635
соединится 5,010635 5,010635
тесте 4,317488 43,174881
подтвердите 0,013423 0,013423
поверхность 3,624341 7,248682
ограничений 3,401197 3,401197
выручает 4,317488 4,317488
теста 5,010635 45,095718
перетащите 0,013423 0,040269
материале 0,013423 0,040269
культура 0,292136 0,292136
материала 0,013423 0,026846
происшествия 0,292136 0,292136
мягкость 3,624341 3,624341
вашего 0,013423 0,013423
паролем 0,013423 0,013423
молочное 4,317488 4,317488
молочном 5,010635 5,010635
зарегистрируйтесь 0,013423 0,013423
обо 0,013423 0,013423
плотность 5,010635 5,010635
рецептырецепты 1,875141 1,875141
дрожжи 4,317488 4,317488
способом 2,813411 2,813411
редактор 0,013423 0,013423
кусочком 5,010635 5,010635
фгуп 0,499776 0,999552
приготовленное 5,010635 5,010635
получить 1,752539 1,752539
ажурными 5,010635 10,021271
возникают 4,317488 4,317488
щепотка 5,010635 5,010635
комнатной 3,218876 16,094379
отправленного 0,013423 0,013423
дождаться 3,912023 3,912023
связанные 0,013423 0,013423
сделать 1,752539 8,762694
тщательно 2,445686 4,891372
обратная 0,013423 0,026846
риа 0,006689 0,140469
андрея 3,912023 3,912023
связанных 0,013423 0,013423
разный 5,010635 5,010635
опишите 0,013423 0,013423
разным 3,912023 3,912023
кухни 1,832581 12,828070
испариться 5,010635 5,010635
пакет 4,317488 4,317488
максим 2,525729 5,051457
характерный 5,010635 5,010635
кухня 1,832581 3,665163
характерные 5,010635 5,010635
почты 0,013423 0,013423
ореховый 5,010635 5,010635
проверенных 3,912023 3,912023
струйкой 4,317488 4,317488
поэтому 2,014903 8,059612
сахар 2,612740 13,063700
крахмалом 5,010635 10,021271
морозильник 5,010635 5,010635
водяным 5,010635 5,010635
агентство 0,013423 0,040269
блин 5,010635 10,021271
семь 2,931194 14,655969
универсальный 4,317488 4,317488
самом 2,813411 8,440232
советы 1,752539 5,257616
заморозить 4,317488 4,317488
агентства 0,013423 0,013423
сегодня 0,013423 0,093961
вместо 2,813411 5,626821
температуре 2,813411 2,813411
вареньем 5,010635 10,021271
перевернуть 3,624341 3,624341
температура 3,912023 3,912023
руководитель 2,708050 5,416100
температуры 3,218876 12,875503
такое 1,875141 5,625423
зависимости 2,014903 2,014903
уходит 3,912023 3,912023
характерным 4,317488 8,634976
избытке 5,010635 5,010635
дырочками 4,317488 4,317488
влияет 2,525729 2,525729
шапка 0,013423 0,013423
отправить 0,013423 0,147653
продолжить 0,013423 0,013423
решении 0,013423 0,013423
кухнирецептырецепты 3,912023 3,912023
овсяноблин 4,317488 4,317488
добавляет 2,931194 2,931194
блинчики 5,010635 30,063812
яиц 3,218876 25,751007
получилось 3,218876 6,437752
воспользуйтесь 0,013423 0,040269
аккаунт 0,013423 0,053692
экономика 0,292136 0,292136
обсуждение 0,013423 0,013423
любыми 5,010635 5,010635
добавками 5,010635 5,010635
календарь 2,177422 2,177422
наиболее 2,813411 2,813411
блокировки 0,013423 0,013423
которая 1,643339 6,573358
делает 2,612740 7,838220
почта 0,013423 0,080538
главная 2,120264 2,120264
рецепт 1,544899 15,448994
хозяйка 5,010635 5,010635
таблица 3,401197 10,203592
фамилия 0,013423 0,013423
сливочным 3,912023 3,912023
школы 3,064725 3,064725
евгений 2,302585 4,605170
повара 2,302585 2,302585
решения 2,238047 2,238047
яндекс 0,013423 0,026846
удалили 0,013423 0,040269
либо 0,013423 0,013423
мультиформатного 5,010635 5,010635
понадобиться 4,317488 4,317488
аккаунту 0,013423 0,013423
открываемого 0,013423 0,026846
поиск 0,013423 0,013423
согласны 0,013423 0,040269
зимы 2,708050 2,708050
протертый 5,010635 5,010635
наколотым 5,010635 5,010635
ингредиентами 3,624341 3,624341
рекламы 0,013423 0,013423
бывает 3,912023 3,912023
алексей 1,966113 7,864451
настояться 3,218876 3,218876
распределенный 5,010635 5,010635
следует 2,066196 4,132393
верили 5,010635 5,010635
соотношение 3,624341 3,624341
ингредиенты 1,919593 7,678371
дням 3,064725 3,064725
перемешайте 3,218876 6,437752
принято 3,218876 3,218876
своим 2,612740 2,612740
обсуждения 0,013423 0,013423
активно 3,064725 3,064725
скисшем 5,010635 5,010635
заранее 2,708050 2,708050
блокировкой 0,013423 0,040269
условия 2,612740 2,612740
расстойку 5,010635 5,010635
новый 0,013423 0,013423
заворачивания 5,010635 5,010635
сладким 3,624341 3,624341
фрукта 5,010635 5,010635
частично 3,912023 3,912023
потеряло 5,010635 5,010635
убедитесь 3,912023 3,912023
жидкая 5,010635 15,031906
безглютеновые 5,010635 5,010635
медиабанкблины 5,010635 15,031906
отставать 5,010635 5,010635
овсяную 5,010635 5,010635
менее 2,177422 2,177422
дырочки 5,010635 15,031906
доступ 0,013423 0,026846
должно 2,708050 2,708050
миа 0,013423 0,053692
задать 0,013423 0,013423
теги 0,190354 0,190354
автору 0,013423 0,013423
образует 5,010635 5,010635
солью 3,401197 13,604790
должны 0,013423 0,053692
месяцев 2,708050 5,416100
г 0,013423 0,268460
д 0,013423 0,026846
политика 0,013423 0,026846
кипятком 3,401197 6,802395
л 2,525729 47,988844
плотно 3,624341 3,624341
оставят 4,317488 4,317488
х 3,401197 6,802395
течение 0,013423 0,026846
структуру 5,010635 5,010635
ч 2,612740 18,289180
землю 4,317488 4,317488
оно 2,302585 9,210340
пропорций 5,010635 15,031906
кефирным 5,010635 5,010635
смазывайте 5,010635 5,010635
тонкие 3,624341 18,121705
мин 2,445686 4,891372
вариант 2,371578 9,486312
тонким 5,010635 10,021271
кефирные 5,010635 5,010635
тонкий 4,317488 4,317488
готовки 1,919593 1,919593
классический 2,014903 14,104321
время 0,013423 0,093961
классических 4,317488 12,952464
чугунной 5,010635 5,010635
ранее 0,013423 0,013423
восстановления 0,013423 0,013423
придется 2,813411 2,813411
классические 3,064725 6,129450
разблокировать 0,013423 0,040269
город 0,013423 0,013423
прежде 3,218876 3,218876
сохнут 5,010635 5,010635
поздравлениями 4,317488 4,317488
молочные 3,912023 3,912023
следовать 3,912023 3,912023
час 2,813411 2,813411
обращаем 0,013423 0,013423
написать 0,013423 0,013423
новостеймолния 0,013423 0,013423
молочным 3,912023 3,912023
рту 3,624341 7,248682
одноклассники 0,013423 0,026846
творогом 3,624341 3,624341
молочных 4,317488 4,317488
показать 0,013423 0,013423
кнопку 0,013423 0,013423
коммуникаций 0,013423 0,013423
продукта 3,401197 3,401197
отсутствие 2,612740 2,612740
пароль 0,013423 0,080538
пароля 0,013423 0,053692
блюд 2,238047 2,238047
калорийность 2,120264 2,120264
вход 0,013423 0,013423
кукурузную 5,010635 5,010635
продукты 0,150823 0,301646
читать 0,851752 0,851752
удалено 0,013423 0,013423
проводами 3,218876 3,218876
ответы 3,064725 3,064725
ккал 2,302585 2,302585
гаврилова 0,013423 0,013423
подъем 5,010635 5,010635
перегретой 5,010635 5,010635
традиционное 3,401197 10,203592
меру 4,317488 8,634976
расположенному 0,013423 0,026846
всей 2,445686 2,445686
домашнего 3,401197 3,401197
обычаи 3,912023 3,912023
учредитель 0,013423 0,013423
блинчиков 3,624341 10,873023
бывают 3,624341 10,873023
мое 0,013423 0,026846
основы 4,317488 4,317488
ссылка 0,013423 0,026846
разогревайте 5,010635 5,010635
ссылке 0,013423 0,013423
момент 2,708050 2,708050
основу 3,401197 3,401197
ссылки 0,013423 0,013423
помочь 0,013423 0,013423
выпекают 5,010635 5,010635
контейнере 4,317488 4,317488
обязательны 0,013423 0,093961
добавление 5,010635 5,010635
бюджетный 4,317488 8,634976
блиновмасленицаблинырецепты 5,010635 5,010635
щедро 3,218876 3,218876
желательно 3,912023 3,912023
основа 3,218876 3,218876
среды 3,912023 3,912023
роскомнадзор 0,013423 0,013423
гладким 4,317488 4,317488
клейковина 5,010635 5,010635
блокировался 0,013423 0,013423
дрожжах 3,624341 7,248682
несомненно 5,010635 5,010635
секрет 3,912023 3,912023
москва 0,006689 0,020067
воспользоваться 0,013423 0,013423
тонкими 2,931194 14,655969
русской 1,752539 14,020310
входа 0,013423 0,013423
сковороды 5,010635 15,031906
клейковины 5,010635 10,021271
сахара 3,218876 25,751007
моё 0,013423 0,013423
сковороду 3,401197 13,604790
добавлять 2,931194 5,862388
результат 3,218876 12,875503
свернулось 5,010635 5,010635
испечь 4,317488 4,317488
румяными 4,317488 4,317488
сковороде 2,708050 24,372452
изначально 3,401197 3,401197
которое 2,302585 2,302585
сковорода 5,010635 20,042541
политикой 0,013423 0,040269
обработки 0,013423 0,026846
даю 0,013423 0,026846
связана 4,317488 4,317488
воздушной 5,010635 5,010635
урегулировать 3,401197 3,401197
половина 4,317488 4,317488
обычного 4,317488 4,317488
кисломолочной 5,010635 5,010635
достаточно 2,445686 4,891372
обработку 0,013423 0,026846
великого 3,064725 6,129450
редакции 0,013423 0,026846
обращений 0,013423 0,013423
нежные 3,624341 7,248682
накрыв 5,010635 5,010635
выпекать 5,010635 5,010635
обработка 0,013423 0,013423
это 0,013423 0,107384
большинство 3,064725 3,064725
этим 2,238047 4,476093
станет 2,302585 2,302585
вкус 2,120264 8,481054
лимонные 5,010635 5,010635
новую 0,013423 0,013423
массовых 0,013423 0,013423
полотенцем 3,624341 3,624341
пройдена 0,013423 0,013423
уложить 3,624341 3,624341
половину 3,912023 7,824046
сладкой 5,010635 5,010635
зарегистрироваться 0,013423 0,053692
пожаловаться 0,013423 0,013423
медом 3,624341 3,624341
новости 0,006689 0,140469
войти 0,013423 0,053692
тонкая 5,010635 5,010635
электронной 0,013423 0,013423
банан 5,010635 10,021271
превратится 3,624341 3,624341
шоколадные 5,010635 5,010635
идеальными 5,010635 5,010635
действия 0,013423 0,013423
небольшого 4,317488 4,317488
радио 0,274437 0,274437
защита 0,013423 0,013423
регистрация 0,013423 0,040269
белок 3,401197 3,401197
использования 0,013423 0,013423
лить 4,317488 4,317488
восстановление 0,013423 0,040269
блинах 5,010635 10,021271
сильногазированную 5,010635 5,010635
дрожжей 3,912023 7,824046
опытом 4,317488 4,317488
государственное 0,013423 0,013423
завернуть 4,317488 4,317488
эксперта 2,813411 2,813411
правильного 4,317488 4,317488
румяности 4,317488 8,634976
спецпроекты 0,190354 0,190354
просим 0,013423 0,013423
хрустящие 3,218876 3,218876
понадобится 3,218876 9,656627
заблокирован 0,013423 0,013423
соль 2,120264 8,481054
ошибку 0,013423 0,013423
дыма 5,010635 5,010635
защиты 0,013423 0,013423
обращения 0,013423 0,026846
пшеничной 4,317488 4,317488
ночь 2,708050 2,708050
ващенко 5,010635 25,053176
пищевую 5,010635 10,021271
несоленую 5,010635 5,010635
пост 3,064725 3,064725
февраля 0,616186 1,232372
мягкие 3,624341 3,624341
соли 3,401197 13,604790
минут 1,297063 11,673569
ошибка 0,013423 0,013423
практически 2,445686 2,445686
заменяет 5,010635 5,010635
вопрос 0,006689 0,006689
подтверждаете 0,013423 0,013423
происходит 2,813411 2,813411
ваш 0,013423 0,053692
имя 0,013423 0,067115
закрытом 4,317488 4,317488
блюдо 2,014903 10,074515
срок 0,013423 0,026846
нижняя 4,317488 8,634976
реакции 3,064725 3,064725
технологий 0,013423 0,026846
блюда 2,177422 4,354844
компании 2,302585 2,302585
использование 2,612740 2,612740
яйца 1,966113 29,491693
самый 2,177422 4,354844
получаются 3,912023 15,648092
использовании 2,813411 2,813411
материал 0,013423 0,013423
самым 2,302585 2,302585
подсыхать 5,010635 10,021271
задобрить 5,010635 5,010635
самые 2,238047 8,952186
успешно 0,013423 0,013423
послушными 5,010635 5,010635
пузырьками 5,010635 5,010635
лента 0,006689 0,013378
рвутся 5,010635 30,063812
плотными 5,010635 10,021271
заблокированы 0,013423 0,013423
сфере 0,013423 0,013423
свидетельство 0,013423 0,013423
заваривает 5,010635 5,010635
проверки 3,064725 3,064725
правила 0,013423 0,040269
толстым 4,317488 4,317488
сути 3,624341 3,624341
сахаром 3,624341 18,121705
сухими 4,317488 4,317488
поджарилась 5,010635 5,010635
комментирования 0,013423 0,026846
блином 5,010635 5,010635
жирности 4,317488 8,634976
блинов 2,371578 54,546293
толстые 4,317488 17,269952
быстрого 3,401197 13,604790
дать 2,066196 6,198589
пресс 0,013423 0,026846
применения 0,013423 0,013423
заменяются 5,010635 5,010635
персональных 0,013423 0,107384
разрыхлитель 5,010635 5,010635
произошла 0,013423 0,013423
возможных 3,912023 3,912023
разрыхлителя 5,010635 10,021271
ценность 2,302585 2,302585
дата 0,013423 0,013423
ваше 0,013423 0,107384
сайте 0,013423 0,013423
ваши 0,013423 0,013423
идеальные 4,317488 12,952464
кулинарии 3,624341 3,624341
восстановить 0,013423 0,013423
сала 4,317488 4,317488
газированной 3,912023 3,912023
даст 4,317488 8,634976
просто 1,714798 1,714798
конце 2,238047 6,714140
вопроса 0,013423 0,013423
пару 2,525729 2,525729
россия 0,006689 0,060201
простой 2,120264 2,120264
вопросы 2,238047 8,952186
зашипеть 5,010635 5,010635
свои 2,445686 2,445686
января 1,160488 1,160488
заварить 5,010635 5,010635
регистрации 0,013423 0,026846
кефире 3,064725 27,582526
столовая 4,317488 4,317488
сайт 0,013423 0,026846
правильно 2,066196 4,132393
слегка 2,708050 5,416100
жидкое 4,317488 8,634976
великий 2,813411 2,813411
сроки 2,525729 5,051457
сервисы 0,190354 0,190354
газированную 4,317488 4,317488
другое 0,013423 0,013423
трех 2,177422 2,177422
выпеканием 5,010635 5,010635
питания 3,218876 3,218876
поддерживаетсяполучить 0,013423 0,013423
фуршетный 5,010635 5,010635
двух 2,014903 4,029806
подойдет 3,401197 3,401197
скорее 3,064725 3,064725
капель 4,317488 4,317488
постных 5,010635 5,010635
перепутать 5,010635 5,010635
отправки 0,013423 0,013423
прогреть 3,912023 3,912023
разогретая 5,010635 5,010635
сухой 3,218876 3,218876
питание 2,708050 2,708050
унитарному 0,013423 0,026846
добавьте 2,708050 18,956351
праздник 2,525729 2,525729
постные 3,912023 31,296184
причина 4,317488 4,317488
кефира 3,624341 3,624341
постный 3,624341 7,248682
выберите 0,013423 0,040269
жирной 4,317488 4,317488
масла 3,064725 42,906152
мастер 3,401197 3,401197
масленичные 5,010635 5,010635
переложив 5,010635 5,010635
сильногазированной 5,010635 5,010635
кефирное 5,010635 5,010635
масло 2,302585 20,723266
защитой 0,013423 0,026846
картинки 3,912023 3,912023
потребуется 2,813411 5,626821
среднем 2,931194 11,724775
авторизация 0,013423 0,013423
средней 2,302585 2,302585
религия 0,283247 0,283247
свойства 3,912023 3,912023
форма 0,013423 0,013423
логином 0,013423 0,013423
похудения 3,912023 3,912023
разная 5,010635 5,010635
нагревании 5,010635 10,021271
рейтинг 0,006689 0,006689
галочку 0,013423 0,013423
разогрейте 5,010635 5,010635
сторон 3,218876 6,437752
несмотря 2,708050 2,708050
способы 0,013423 0,026846
любой 2,445686 4,891372
традиционно 2,612740 2,612740
мясом 2,931194 2,931194
любом 3,064725 3,064725
недвижимость 0,292136 0,292136
вымесите 5,010635 10,021271
растительного 3,912023 27,384161
дайте 3,912023 3,912023
символизировали 5,010635 5,010635
дискуссии 0,013423 0,026846
эффектно 5,010635 5,010635
строгих 5,010635 5,010635
грибами 3,218876 3,218876
ольга 2,612740 13,063700
дрожжевым 5,010635 5,010635
любит 3,912023 3,912023
унитарное 0,013423 0,013423
шоколадом 4,317488 4,317488
поделилась 3,624341 3,624341
дней 1,832581 3,665163
оставляют 4,317488 4,317488
форму 0,013423 0,093961
тема 0,013423 0,040269
уксусом 4,317488 4,317488
готового 4,317488 4,317488
рекомендательных 0,013423 0,013423
продолжают 3,912023 3,912023
салом 4,317488 4,317488
данная 0,013423 0,013423
ажурный 5,010635 5,010635
съесть 5,010635 5,010635
жидкости 3,912023 15,648092
ажурные 4,317488 12,952464
дрожжевые 5,010635 35,074447
проставляя 0,013423 0,013423
заполнения 0,013423 0,093961
полезное 0,182322 0,182322
ажурных 3,912023 3,912023
службе 0,013423 0,013423
медиабанк 1,321756 7,930535
релизов 0,013423 0,013423
крахмал 4,317488 12,952464
добавлен 5,010635 5,010635
ваших 0,013423 0,026846
сухих 4,317488 8,634976
выглядят 3,912023 3,912023
манкой 4,317488 4,317488
которые 1,455287 5,821149
который 1,160488 3,481463
убрать 2,525729 2,525729
горячая 3,912023 3,912023
лепешка 5,010635 5,010635
сухие 3,912023 3,912023
приготовлении 2,813411 2,813411
например 1,714798 1,714798
приготовление 1,966113 5,898339
богаче 5,010635 5,010635
следующий 2,931194 2,931194
правил 0,013423 0,040269
круглые 5,010635 5,010635
авторизоваться 0,013423 0,013423
авторизуйтесь 0,013423 0,013423
прилипали 5,010635 5,010635
создания 2,813411 2,813411
случае 1,714798 1,714798
расширенный 0,013423 0,013423
кулинарные 4,317488 4,317488
кислинкой 3,624341 10,873023
классика 3,624341 7,248682
жарить 3,624341 7,248682
новыесначала 0,013423 0,013423
комочков 4,317488 8,634976
приготовления 1,791759 10,750557
мл 2,612740 28,740140
набухнуть 5,010635 5,010635
свежие 2,708050 2,708050
пышные 4,317488 12,952464
участие 0,006689 0,006689
архивное 1,373049 8,238295
тонкой 3,624341 3,624341
эластичные 5,010635 5,010635
опечатка 0,013423 0,013423
выбор 2,813411 2,813411
вводят 5,010635 5,010635
использовать 0,013423 0,067115
посыпают 5,010635 5,010635
каждый 2,120264 6,360791
чугунную 5,010635 5,010635
каждым 5,010635 5,010635
получится 2,813411 2,813411
онлайн 0,013423 0,026846
разогрета 5,010635 15,031906
контактов 0,013423 0,013423
количества 3,064725 3,064725
баланс 3,912023 3,912023
апреля 0,013423 0,013423
воздушным 5,010635 5,010635
категория 1,875141 3,750282
начинками 5,010635 5,010635
количество 2,238047 2,238047
нами 0,013423 0,093961
прилипать 5,010635 10,021271
русская 2,177422 8,709688
стопкой 5,010635 5,010635
вакансии 0,013423 0,013423
разогреть 3,218876 3,218876
нажимая 0,013423 0,013423
вами 0,013423 0,013423
праздничном 3,912023 3,912023
недопустимое 0,013423 0,013423
используете 5,010635 5,010635
году 1,139434 1,139434
эластичными 5,010635 10,021271
жарки 4,317488 4,317488
истек 0,013423 0,013423
появления 2,612740 2,612740
невозможно 2,525729 2,525729
поджаренная 5,010635 5,010635
используя 2,612740 2,612740
дает 3,064725 3,064725
предприятию 0,013423 0,026846
связующий 5,010635 5,010635
молока 3,218876 32,188758
смазывать 5,010635 5,010635
кладут 3,624341 3,624341
внимание 0,013423 0,013423
принимать 0,013423 0,013423
сможете 0,013423 0,013423
перетертого 5,010635 5,010635
года 0,006689 0,013378
молоко 3,064725 33,711977
уникальный 3,624341 3,624341
пищевая 2,371578 2,371578
ознакомлены 0,013423 0,013423
молоке 3,064725 45,970877
усилить 5,010635 5,010635
пористой 5,010635 5,010635
легкой 3,401197 6,802395
держат 4,317488 4,317488
огне 2,708050 10,832201
моих 0,013423 0,026846
очень 1,678431 3,356862
предприятие 0,013423 0,013423
наука 0,292136 0,292136
сочетаются 5,010635 5,010635
терпкие 5,010635 5,010635
смазать 3,064725 3,064725
