谐芯褌芯胁 2,371578 2,371578
懈薪芯褋褌褉邪薪薪褘褏 2,612740 2,612740
蟹邪泻芯薪薪褘屑 0,013423 0,013423
褉褎 1,181994 1,181994
薪芯胁褘泄 0,013423 0,013423
薪邪泄褌懈 0,013423 0,013423
芯褋薪芯胁邪薪懈械屑 0,013423 0,013423
锌懈褋褜屑芯 0,013423 0,013423
斜械褉懈薪谐芯胁褘屑 3,401197 3,401197
褋锌邪褋懈斜芯 0,013423 0,013423
褉芯褋褋懈褟写屑懈褌褉懈泄 5,010635 5,010635
蟹邪褟胁懈谢 1,427116 4,281349
褋芯谐谢邪褋懈械 0,013423 0,026846
褑械薪褌褉 0,190354 0,190354
写芯褋褌褍锌 0,013423 0,026846
屑懈邪 0,013423 0,026846
褍泻褉邪懈薪械胁 3,401197 3,401197
蟹邪写邪褌褜 0,013423 0,013423
褌械谐懈 0,190354 0,190354
邪胁褌芯褉褍 0,013423 0,013423
屑懈写 3,064725 3,064725
泻芯薪褎谢懈泻褌 3,401197 3,401197
褋胁褟蟹邪褌褜褋褟 0,013423 0,080538
写械泻邪斜褉褜 3,624341 21,746046
芯斜褖械褋褌胁芯谢褍谐邪薪褋泻屑芯褋泻胁邪谢械薪懈薪谐褉邪写屑邪泻褋 5,010635 5,010635
胁芯蟹芯斜薪芯胁懈谢 3,912023 3,912023
写芯谢卸薪褘 0,013423 0,013423
泻芯谢谢邪锌褋 3,624341 3,624341
谐 0,013423 0,040269
写 0,013423 0,026846
邪谢褜锌械褉褌械胁谐械薪懈泄 5,010635 5,010635
褉械泻谢邪屑邪 0,190354 0,190354
褎芯褌芯 0,013423 0,013423
锌芯谢懈褌懈泻邪 0,013423 0,026846
褋胁褟蟹褜 0,006689 0,013378
薪邪写械械褌褋褟 3,401197 3,401197
谐芯褌芯胁芯 0,013423 0,026846
褌械褔械薪懈械 0,013423 0,013423
褍泻褉邪懈薪械褉芯褋褋懈褟写屑懈褌褉懈泄 4,317488 4,317488
懈薪褎芯褉屑邪褑懈芯薪薪褘褏 0,013423 0,013423
薪邪蟹胁邪谢 1,875141 1,875141
褉邪蟹屑械褖械薪懈褟 0,013423 0,013423
褏褉芯薪芯谢芯谐懈褔械褋泻芯屑 5,010635 5,010635
泻芯薪褎懈写械薪褑懈邪谢褜薪芯褋褌懈 0,013423 0,053692
屑懈褉 1,966113 1,966113
褋胁褟蟹懈 0,013423 0,080538
蟹邪谐芯谢芯胁芯泻 0,013423 0,026846
屑芯褋泻胁邪锌械褌褉 4,317488 4,317488
锌褉芯褑械褋褋邪 0,013423 0,013423
邪写褉械褋褍 0,013423 0,026846
锌褉芯斜谢械屑褍 0,013423 0,013423
锌褉芯械泻褌 2,525729 2,525729
胁褉械屑褟 0,013423 0,013423
写邪薪薪褘褏 0,013423 0,107384
芯芯薪 2,708050 2,708050
锌懈褋褜屑邪 0,013423 0,013423
褔邪褋芯胁 0,013423 0,026846
卸芯屑邪褉褌 3,401197 3,401197
褋芯谐谢邪褕邪械褌械褋褜 0,013423 0,013423
褉邪薪械械 0,013423 0,013423
胁芯褋褋褌邪薪芯胁谢械薪懈褟 0,013423 0,013423
谐谢邪胁薪褘泄 0,013423 0,013423
写邪薪薪褘械 0,013423 0,013423
屑懈褉械懈褉邪薪懈蟹褉邪懈谢褜褋褕邪斜懈薪褜褟屑懈薪 5,010635 5,010635
懈屑械薪懈 2,371578 2,371578
褌芯泻邪械胁写芯薪邪谢褜写 4,317488 4,317488
锌褜褟薪褘泄 2,708050 2,708050
褉邪蟹斜谢芯泻懈褉芯胁邪褌褜 0,013423 0,040269
谐芯褉芯写 0,013423 0,013423
褍泻褉邪懈薪邪 1,875141 1,875141
褎芯褌芯谐褉邪褎懈褞 0,013423 0,013423
锌褉懈谐褉芯蟹懈谢 3,912023 3,912023
芯斜褉邪褖邪械屑 0,013423 0,013423
芯褌锌褉邪胁谢械薪芯 0,013423 0,013423
薪邪锌懈褋邪褌褜 0,013423 0,013423
薪芯胁芯褋褌械泄屑芯谢薪懈褟 0,013423 0,013423
褍泻褉邪懈薪械 1,427116 2,854233
褋械胁械褉薪褘泄 3,401197 3,401197
芯写薪芯泻谢邪褋褋薪懈泻懈 0,013423 0,026846
褋薪邪褔邪谢邪 0,013423 0,013423
薪邪褋褌褍锌懈谢 3,624341 3,624341
褋褍屑屑褍 2,525729 2,525729
泻邪写褉芯胁褘泄 3,401197 3,401197
懈褌邪谢懈褟褉芯褋褋懈褟屑懈谢邪薪屑邪褉懈褟 4,317488 4,317488
锌芯泻邪蟹邪褌褜 0,013423 0,013423
泻薪芯锌泻褍 0,013423 0,013423
泻芯屑屑褍薪懈泻邪褑懈泄 0,013423 0,013423
锌邪褉芯谢褜 0,013423 0,080538
锌邪褉芯谢褟 0,013423 0,053692
锌械褉械泄写懈褌械 0,013423 0,013423
斜邪蟹褘 3,218876 3,218876
写械斜芯褕 2,708050 2,708050
胁褏芯写 0,013423 0,013423
锌褉芯写褍泻褌褘 0,150823 0,150823
蟹邪泻褉褘褌芯 0,013423 0,013423
褏芯蟹褟泄褋褌胁芯 3,401197 3,401197
褍写邪谢械薪芯 0,013423 0,013423
褋褌邪谢懈薪谐褉邪写褋泻邪褟 3,624341 3,624341
褋泻芯谢褜泻芯 0,006689 0,006689
谐邪胁褉懈谢芯胁邪 0,013423 0,013423
屑邪褌械褉懈邪谢芯胁 0,013423 0,053692
芯褌锌褉邪胁谢械薪邪 0,013423 0,013423
褔邪褌械 0,013423 0,013423
懈褞薪褜 3,624341 21,746046
泻褉械屑谢械 2,371578 2,371578
锌芯谢懈褌懈泻邪褉芯褋褋懈褟写屑懈褌褉懈泄 5,010635 5,010635
芯斜谢邪褋褌褜胁 3,912023 3,912023
褌褉邪屑锌屑懈褉薪褘泄 5,010635 10,021271
褉邪褋锌芯谢芯卸械薪薪芯屑褍 0,013423 0,026846
褔邪褌褍 0,013423 0,013423
褉械写邪泻褑懈械泄 0,013423 0,013423
褋芯胁械褌 2,525729 2,525729
褍泻褉邪懈薪械褉芯褋褋懈褟褍泻褉邪懈薪邪写屑懈褌褉懈泄 3,912023 3,912023
芯褌胁械褌芯屑 3,912023 3,912023
斜懈褉褞泻芯胁褋薪械谐芯锌邪写 4,317488 4,317488
褍褔褉械写懈褌械谢褜 0,013423 0,013423
褉邪褋褋屑芯褌褉械薪褘 0,013423 0,013423
褌褉褍写芯褍褋褌褉芯泄褋褌胁械 3,401197 3,401197
芯褌泻褉褘谢懈 3,401197 3,401197
屑芯械 0,013423 0,026846
褋褋褘谢泻邪 0,013423 0,026846
褋褋褘谢泻械 0,013423 0,013423
锌褉懈胁谢械泻谢懈 2,813411 2,813411
褌械褏薪芯谢芯谐懈褔械褋泻芯屑褍 3,624341 3,624341
锌械褉械褌褟薪懈褌械 0,013423 0,013423
褋褋褘谢泻懈 0,013423 0,013423
锌芯屑芯褔褜 0,013423 0,013423
邪褉褏懈胁 0,190354 0,190354
胁芯械薪薪邪褟 2,120264 6,360791
褋锌械褑懈邪谢褜薪邪褟 2,066196 6,198589
芯褕懈斜泻邪褏 0,013423 0,013423
芯斜褟蟹邪褌械谢褜薪褘 0,013423 0,093961
褋褕邪 1,118815 3,356445
褝泻芯薪芯屑懈泻邪褉芯褋褋懈褟蟹械谢械薪芯谐褉邪写褌胁械褉褜写屑懈褌褉懈泄 5,010635 5,010635
懈褞谢褜 3,624341 21,746046
胁芯泻蟹邪谢械 3,912023 3,912023
胁褘锌褍褋泻邪 0,013423 0,013423
褋锌懈褋泻邪 0,013423 0,013423
褎芯褉屑芯泄 0,013423 0,053692
褉芯褋泻芯屑薪邪写蟹芯褉 0,013423 0,013423
斜谢芯泻懈褉芯胁邪谢褋褟 0,013423 0,013423
褍斜芯褉泻械 2,931194 2,931194
泻邪褌芯泻 3,401197 3,401197
屑芯褋泻胁械 1,118815 4,475260
屑芯褋泻胁邪 0,006689 0,013378
谢褍谐邪薪褋泻械 3,401197 3,401197
胁芯褋锌芯谢褜蟹芯胁邪褌褜褋褟 0,013423 0,013423
褉芯褋褋懈泄褋泻芯泄 1,678431 1,678431
胁褏芯写邪 0,013423 0,013423
薪邪褉邪斜芯褌泻懈 3,401197 3,401197
邪褌邪泻懈 3,218876 3,218876
屑芯褢 0,013423 0,013423
褎械写械褉邪谢褜薪芯械 0,013423 0,013423
褋械胁械褉薪芯屑 3,912023 3,912023
褎械写械褉邪谢褜薪芯泄 0,013423 0,013423
泻芯屑屑褍薪邪谢褜褖懈泻芯胁 3,624341 3,624341
薪芯褟斜褉褜 3,624341 21,746046
屑械卸写褍薪邪褉芯写薪芯械 0,013423 0,040269
邪褉屑懈懈 2,708050 2,708050
胁芯泻蟹邪谢屑芯褋泻胁邪 4,317488 4,317488
斜褍写褍褌 0,013423 0,013423
褌褉邪屑锌褉褝褍 3,912023 3,912023
薪芯胁芯褋褌械泄 0,006689 0,020067
锌芯谢懈褌懈泻芯泄 0,013423 0,040269
芯斜褉邪斜芯褌泻懈 0,013423 0,026846
写邪褞 0,013423 0,026846
褍褉械谐褍谢懈褉芯胁邪褌褜 3,401197 3,401197
芯斜褉邪斜芯褌泻褍 0,013423 0,026846
芯斜褉邪褌薪芯泄 0,013423 0,067115
锌芯写泻邪褋褌褘 0,292136 0,292136
褉械写邪泻褑懈懈 0,013423 0,026846
芯斜褉邪褖械薪懈泄 0,013423 0,013423
芯锌械褉邪褑懈褟 2,120264 6,360791
芯斜褉邪斜芯褌泻邪 0,013423 0,013423
褝褌芯 0,013423 0,013423
褍泻褉邪懈薪褋泻懈泄 2,931194 2,931194
褋邪锌褉褘泻懈薪邪 2,708050 2,708050
褌邪褟薪懈锌邪褉邪谢懈屑锌懈泄褋泻懈械 4,317488 4,317488
褉械褔薪芯泄 3,624341 3,624341
薪邪蟹胁邪谢邪 2,525729 2,525729
芯谐褉邪薪懈褔懈褌褜 2,931194 2,931194
褉械褔薪芯屑 3,912023 3,912023
芯锌懈褋邪薪懈械屑 0,013423 0,013423
薪芯胁褍褞 0,013423 0,013423
屑邪褋褋芯胁褘褏 0,013423 0,013423
褋械薪褌褟斜褉褜 3,912023 23,472138
锌褉芯泄写械薪邪 0,013423 0,013423
锌芯泻褍锌邪褌褜 2,931194 2,931194
懈褋锌芯谢褜蟹褍械褌褋褟 0,013423 0,013423
褌褉邪薪褋锌芯褉褌邪 3,064725 3,064725
蟹邪褉械谐懈褋褌褉懈褉芯胁邪褌褜褋褟 0,013423 0,053692
锌芯卸邪谢芯胁邪褌褜褋褟 0,013423 0,013423
薪芯胁芯褋褌懈 0,006689 0,013378
胁芯泄褌懈 0,013423 0,053692
褝谢械泻褌褉芯薪薪芯泄 0,013423 0,013423
屑懈褕褍褋褌懈薪械写懈薪邪褟 5,010635 5,010635
斜械褉懈薪谐芯胁 3,624341 3,624341
屑懈褉械 0,274437 1,646621
褝谢 0,013423 0,013423
写械泄褋褌胁懈褟 0,013423 0,013423
褎芯褌芯泻芯褉芯胁 3,624341 3,624341
褉邪写懈芯 0,274437 0,274437
屑懈褉邪 1,791759 3,583519
蟹邪褖懈褌邪 0,013423 0,013423
褉械谐懈褋褌褉邪褑懈褟 0,013423 0,040269
锌芯褔械屑褍 0,013423 0,013423
芯斜褉褍褕懈谢邪褋褜 3,624341 3,624341
懈褋锌芯谢褜蟹芯胁邪薪懈褟 0,013423 0,013423
薪芯胁芯泄 2,813411 2,813411
胁芯褋褋褌邪薪芯胁谢械薪懈械 0,013423 0,040269
褉芯褋卸械谢写芯褉 3,912023 3,912023
胁芯锌褉芯褋邪屑 0,013423 0,026846
谐芯褋褍写邪褉褋褌胁械薪薪芯械 0,013423 0,013423
锌褉芯谐褉邪屑屑械 2,813411 2,813411
胁泻芯薪褌邪泻褌械 0,013423 0,026846
褋锌械褑锌褉芯械泻褌褘 0,190354 0,190354
锌褉芯褋懈屑 0,013423 0,013423
蟹邪褏邪褉芯胁邪 2,813411 2,813411
薪邪胁褋械谐写邪 0,013423 0,013423
薪邪褉褍褕械薪懈械 0,013423 0,040269
蟹邪斜谢芯泻懈褉芯胁邪薪 0,013423 0,013423
芯褕懈斜泻褍 0,013423 0,013423
蟹邪褖懈褌褘 0,013423 0,013423
薪邪蟹邪写 0,013423 0,067115
芯斜褉邪褖械薪懈褟 0,013423 0,026846
屑械写胁械写械胁褋械褉谐械泄 4,317488 21,587441
褋锌械褑芯锌械褉邪褑懈懈 2,525729 2,525729
褝泻褋锌械褉褌褘 2,612740 2,612740
锌邪褉邪谢懈屑锌懈邪写械 3,401197 3,401197
芯褕懈斜泻邪 0,013423 0,013423
褎械胁褉邪谢褜 3,401197 23,808382
褋芯斜褘褌懈褟 2,525729 2,525729
褕芯褍斜懈蟹屑懈薪褋泻邪褟 3,912023 3,912023
写械谢 2,612740 2,612740
胁芯锌褉芯褋 0,006689 0,006689
蟹褍斜芯胁褋泻懈泄 0,013423 0,026846
锌芯写褌胁械褉卸写邪械褌械 0,013423 0,013423
蟹邪锌芯谢薪懈褌褜 0,013423 0,026846
谢芯锌邪褌 3,624341 3,624341
芯褋褍褖械褋褌胁谢褟械褌褋褟 0,013423 0,013423
胁邪褕 0,013423 0,053692
锌芯斜械写械芯褌褉邪卸械薪懈械芯褋胁芯斜芯卸写械薪懈械 5,010635 5,010635
懈屑褟 0,013423 0,067115
写褉褍谐懈械 0,013423 0,026846
芯斜褖械褋褌胁芯 0,265703 0,265703
薪邪写蟹芯褉褍 0,013423 0,013423
褋褉芯泻 0,013423 0,026846
懈蟹写邪薪懈械 0,013423 0,013423
斜褍谢褜胁邪褉 0,013423 0,026846
褏芯褌懈褌械 0,013423 0,013423
蟹邪锌芯谢薪懈褌械 0,013423 0,067115
褌械褏薪芯谢芯谐懈泄 0,013423 0,026846
褋械褌械胁芯械 0,013423 0,013423
胁薪芯胁褜 0,013423 0,013423
邪胁谐褍褋褌 3,624341 21,746046
褋屑械薪懈褌褜 0,013423 0,013423
屑邪褌械褉懈邪谢 0,013423 0,013423
锌褉懈褋屑邪褌褉懈胁邪褌褜 3,401197 3,401197
褍褔邪褋褌胁芯胁邪褌褜 0,013423 0,026846
褋芯芯斜褖懈褌褜 0,013423 0,013423
褎褉芯薪褌芯胁褘褏 3,624341 3,624341
褌械褏薪芯谢芯谐懈褔械褋泻懈屑 3,624341 3,624341
褍褋锌械褕薪芯 0,013423 0,013423
褋泻褉懈薪褕芯褌 0,013423 0,040269
褎械写械褉邪褑懈懈 2,177422 2,177422
谢械薪褌邪 0,006689 0,026756
蟹邪斜谢芯泻懈褉芯胁邪薪褘 0,013423 0,013423
褋锌芯褉褌 0,190354 0,190354
褋褎械褉械 0,013423 0,013423
薪邪胁懈谐邪褌芯褉屑褍蟹械泄 5,010635 5,010635
褋胁懈写械褌械谢褜褋褌胁芯 0,013423 0,013423
锌褉邪胁懈谢邪 0,013423 0,026846
胁蟹邪懈屑芯写械泄褋褌胁懈褟 0,013423 0,026846
褋芯褏褉邪薪懈褌褜 0,013423 0,013423
锌械褋泻芯胁泻邪泄褟 3,912023 3,912023
懈薪褎芯褉屑邪褑懈芯薪薪芯械 0,013423 0,040269
泻芯屑屑械薪褌懈褉芯胁邪薪懈褟 0,013423 0,026846
薪邪褉芯写邪屑 3,064725 3,064725
褋褌邪谢懈 2,612740 2,612740
锌褉械褋褋 0,013423 0,026846
褉芯褋褋懈懈 0,395515 1,186544
锌褉懈屑械薪械薪懈褟 0,013423 0,013423
谢芯泻芯屑芯褌懈胁褘褎械写械褉邪谢褜薪芯械 5,010635 5,010635
褎械写械褉邪谢褜薪芯屑褍 0,013423 0,026846
锌械褉褋芯薪邪谢褜薪褘褏 0,013423 0,107384
褋褕邪泻邪褋褘屑 4,317488 4,317488
锌褉芯懈蟹芯褕谢邪 0,013423 0,013423
褌褉械斜芯胁邪薪懈褟 2,525729 7,577186
写邪褌邪 0,013423 0,013423
胁邪褕械 0,013423 0,107384
泻褉芯胁谢褟 3,624341 3,624341
褋邪泄褌械 0,013423 0,013423
胁邪褕懈 0,013423 0,013423
褋薪械谐邪 2,708050 2,708050
褎懈芯 0,013423 0,013423
胁芯褋褋褌邪薪芯胁懈褌褜 0,013423 0,013423
锌芯卸邪谢褍泄褋褌邪 0,013423 0,013423
褏邪谢写械泄褋芯胁懈薪褎芯褉屑斜褞褉芯褋芯褑懈邪谢褜薪褘泄 5,010635 5,010635
褋芯斜褟薪懈薪谐芯褉芯写褋泻芯械 4,317488 4,317488
薪懈卸械 0,013423 0,040269
胁械褉褋懈褟 0,013423 0,013423
胁芯锌褉芯褋邪 0,013423 0,013423
褉芯褋褋懈褟 0,006689 0,060201
褉芯褋褋懈褟褍褉邪谢褜褋泻懈械 5,010635 5,010635
锌芯谢褟 0,013423 0,093961
胁褘写械谢懈褌褜 2,931194 2,931194
懈蟹褉邪懈谢褜 2,931194 2,931194
谐芯褋褍写邪褉褋褌胁械薪薪芯屑褍 0,013423 0,026846
褋芯蟹写邪薪薪褘械 3,064725 3,064725
屑芯褋泻胁械芯斜褖械褋褌胁芯褋械褉谐械泄 4,317488 4,317488
褟薪胁邪褉褜 2,931194 20,518356
芯斜褖械褋褌胁芯褋薪械谐芯锌邪写 4,317488 4,317488
褉械谐懈褋褌褉邪褑懈懈 0,013423 0,026846
褉邪斜芯褌械 2,813411 2,813411
泻邪蟹邪褏褋褌邪薪 3,218876 3,218876
锌芯谢械 0,013423 0,013423
褋邪泄褌 0,013423 0,026846
蟹邪褏邪褉芯胁邪邪薪褌芯薪懈芯 4,317488 4,317488
斜褉邪褔薪褘褏 3,624341 3,624341
褋械褉胁懈褋褘 0,190354 0,190354
褉邪斜芯褌褍 2,708050 2,708050
褕褌邪褌 2,931194 2,931194
蟹邪褉械谐懈褋褌褉懈褉芯胁邪薪芯 0,013423 0,013423
写褉褍谐芯械 0,013423 0,013423
褌褍褉懈蟹屑 0,283247 0,283247
锌芯写写械褉卸懈胁邪械褌褋褟锌芯谢褍褔懈褌褜 0,013423 0,013423
邪写褉械褋 0,013423 0,040269
褋芯芯褌胁械褌褋褌胁懈懈 0,013423 0,026846
锌芯芯斜械褖邪谢 3,624341 3,624341
蟹邪谐褉褍蟹懈褌械 0,013423 0,013423
褋芯芯斜褖械薪懈褟 0,013423 0,053692
蟹邪谐褉褍蟹懈褌褜 0,013423 0,013423
薪邪锌褉邪胁谢械薪懈懈 0,013423 0,013423
蟹邪屑械褔械薪薪褘褏 0,013423 0,013423
褌械谢械褎芯薪 0,013423 0,013423
芯褌锌褉邪胁泻懈 0,013423 0,013423
芯褌褉械邪谐懈褉芯胁邪谢邪 3,624341 3,624341
械褉 3,401197 3,401197
褍薪懈褌邪褉薪芯屑褍 0,013423 0,026846
褔懈褋谢芯 2,371578 2,371578
薪械褌邪薪褜褟褏褍 3,218876 3,218876
薪械褌邪薪褜褟褏褍写芯薪邪谢褜写 5,010635 5,010635
邪泻褌械褉邪 2,708050 2,708050
褋芯芯斜褖械薪懈械 0,013423 0,134230
胁褘斜械褉懈褌械 0,013423 0,040269
褋褌邪褉褘械 0,013423 0,013423
芯褌褉械邪谐懈褉芯胁邪谢懈 3,064725 3,064725
褋薪械谐芯锌邪写芯胁 3,624341 3,624341
懈褉邪薪褍 3,912023 3,912023
锌芯锌褉芯斜褍泄褌械 0,013423 0,013423
屑芯褋泻胁邪胁邪泄谢写斜械褉褉懈蟹 4,317488 4,317488
锌褍褌褜 2,612740 2,612740
泻邪谢谢邪褋锌邪胁械谢 3,624341 3,624341
褝泻褋锌械褉褌 1,678431 1,678431
胁褘锌芯谢薪懈谢邪 3,624341 3,624341
蟹邪褖懈褌芯泄 0,013423 0,026846
邪褎械褉懈褋褌芯胁 3,624341 3,624341
褋褌邪褌褜懈 0,013423 0,013423
锌芯写褌胁械褉写懈褌械 0,013423 0,013423
邪胁褌芯褉懈蟹邪褑懈褟 0,013423 0,013423
褉械谢懈谐懈褟 0,283247 0,283247
褎芯褉屑邪 0,013423 0,013423
谢芯谐懈薪芯屑 0,013423 0,013423
褉械泄褌懈薪谐 0,006689 0,006689
谐邪谢芯褔泻褍 0,013423 0,013423
锌械褉械褌邪褖懈褌械 0,013423 0,040269
屑邪褌械褉懈邪谢械 0,013423 0,026846
泻褍谢褜褌褍褉邪 0,292136 0,292136
泻芯谢谢械谐懈 2,612740 2,612740
屑邪褌械褉懈邪谢邪 0,013423 0,026846
锌褉芯懈褋褕械褋褌胁懈褟 0,292136 0,584273
胁邪褕械谐芯 0,013423 0,013423
锌邪褉芯谢械屑 0,013423 0,013423
锌褉芯谢懈胁芯屑 3,401197 3,401197
芯胁芯褖薪芯泄 2,931194 2,931194
褋锌芯褋芯斜褘 0,013423 0,026846
蟹邪褉械谐懈褋褌褉懈褉褍泄褌械褋褜 0,013423 0,013423
芯斜芯 0,013423 0,013423
屑械写胁械写械胁 2,612740 13,063700
卸械谢械蟹薪芯写芯褉芯卸薪芯谐芯 3,912023 3,912023
泻邪谢谢邪褋 2,612740 2,612740
薪械写胁懈卸懈屑芯褋褌褜 0,292136 0,292136
写懈褋泻褍褋褋懈懈 0,013423 0,026846
褋芯胁械褌褋泻懈褏 3,064725 3,064725
褉械写邪泻褌芯褉 0,013423 0,013423
褎懈薪邪薪褋懈褉芯胁邪薪懈褟 3,401197 3,401197
褍薪懈褌邪褉薪芯械 0,013423 0,013423
屑懈褉械褋褕邪邪胁褋褌褉邪谢懈褟褟锌芯薪懈褟写芯薪邪谢褜写 4,317488 4,317488
褎芯褉屑褍 0,013423 0,093961
锌谢邪薪 2,371578 7,114734
褌械屑邪 0,013423 0,040269
褉芯褋褋懈褟芯褋胁芯斜芯卸写械薪懈械 5,010635 5,010635
芯褌锌褉邪胁谢械薪薪芯谐芯 0,013423 0,013423
屑邪泻褋懈屑邪谢褜薪芯械 2,525729 2,525729
褍褔邪褋褌薪懈泻芯胁 2,371578 2,371578
褋胁褟蟹邪薪薪褘械 0,013423 0,013423
褉械泻芯屑械薪写邪褌械谢褜薪褘褏 0,013423 0,013423
蟹邪褉褍斜懈薪械胁褉芯褋芯褞蟹胁 3,912023 3,912023
褌芯薪薪械谢褟 3,401197 3,401197
写邪薪薪邪褟 0,013423 0,013423
芯斜褉邪褌薪邪褟 0,013423 0,026846
褉懈邪 0,006689 0,013378
锌芯褉褟写泻械 2,931194 2,931194
锌褉芯褋褌邪胁谢褟褟 0,013423 0,013423
褋胁褟蟹邪薪薪褘褏 0,013423 0,013423
芯锌懈褕懈褌械 0,013423 0,013423
蟹邪锌芯谢薪械薪懈褟 0,013423 0,093961
褉芯褋褋懈褟薪 1,919593 1,919593
锌芯谢械蟹薪芯械 0,182322 0,182322
褋谢褍卸斜械 0,013423 0,013423
褉械谢懈蟹芯胁 0,013423 0,013423
斜褍写褍褖械屑 2,931194 2,931194
胁邪褕懈褏 0,013423 0,026846
芯泻褌褟斜褉褜 3,624341 21,746046
褍泻褉邪懈薪邪泻懈械胁屑胁褎屑懈褉薪褘泄 4,317488 4,317488
锌芯褔褌褘 0,013423 0,013423
锌械褉褋锌械泻褌懈胁褘 3,064725 3,064725
褌芯泻邪械胁 3,401197 3,401197
褌褉邪屑锌 1,609438 4,828314
芯褌薪芯褕械薪懈褟芯斜褖械褋褌胁芯 4,317488 4,317488
屑邪泄 3,912023 23,472138
邪谐械薪褌褋褌胁芯 0,013423 0,053692
胁褘褋褌邪胁泻褍 3,624341 3,624341
锌褉邪胁懈谢 0,013423 0,040269
锌褉懈蟹薪邪泻懈 3,218876 3,218876
邪胁褌芯褉懈蟹芯胁邪褌褜褋褟 0,013423 0,013423
邪胁褌芯褉懈蟹褍泄褌械褋褜 0,013423 0,013423
褉芯褋褋懈褟薪械 2,708050 2,708050
邪谐械薪褌褋褌胁邪 0,013423 0,013423
褋械谐芯写薪褟 0,013423 0,067115
锌谢械褏邪薪芯胁邪胁 4,317488 4,317488
褋谢褍褔邪械 1,714798 1,714798
褉邪褋褕懈褉械薪薪褘泄 0,013423 0,013423
褋芯胁械褌褍 3,401197 3,401197
斜懈褌胁邪 3,624341 3,624341
锌褉芯谢懈胁褉芯褋褋懈褟褋褕邪写芯薪邪谢褜写 4,317488 4,317488
褋褌褉邪薪褘 2,014903 2,014903
锌芯写芯谢褜褋泻械 3,624341 3,624341
褍泻褉邪懈薪械斜械蟹芯锌邪褋薪芯褋褌褜褉芯褋褋懈褟写屑懈褌褉懈泄 4,317488 4,317488
谢懈写械褉褋褌胁芯屑 3,624341 3,624341
薪芯胁褘械褋薪邪褔邪谢邪 0,013423 0,013423
褕邪锌泻邪 0,013423 0,013423
芯褌锌褉邪胁懈褌褜 0,013423 0,147653
锌褉芯写芯谢卸懈褌褜 0,013423 0,013423
懈褋锌芯谢褜蟹褍褞褌褋褟 2,612740 2,612740
褉械褕械薪懈懈 0,013423 0,013423
褉邪褋褋泻邪蟹邪谢 1,347074 2,694147
褉邪蟹胁懈褌懈褞 2,931194 2,931194
褋褌懈谢谢邪胁懈薪械写懈薪邪褟 4,317488 17,269952
屑邪褉褌 3,401197 20,407184
胁芯褋锌芯谢褜蟹褍泄褌械褋褜 0,013423 0,040269
褍褔邪褋褌懈械 0,006689 0,006689
邪泻泻邪褍薪褌 0,013423 0,053692
褝泻芯薪芯屑懈泻邪 0,292136 0,292136
芯斜褋褍卸写械薪懈械 0,013423 0,013423
懈褋锌芯谢褜蟹芯胁邪褌褜 0,013423 0,013423
芯锌械褔邪褌泻邪 0,013423 0,013423
褌褉邪屑锌芯芯薪 4,317488 4,317488
斜谢芯泻懈褉芯胁泻懈 0,013423 0,013423
芯薪谢邪泄薪 0,013423 0,013423
屑胁褎 3,624341 3,624341
泻芯薪褌邪泻褌芯胁 0,013423 0,013423
懈谐褉褘屑懈薪懈褋褌械褉褋褌胁芯 4,317488 4,317488
锌芯褔褌邪 0,013423 0,080538
屑懈褉械褋褕邪写芯薪邪谢褜写 5,010635 5,010635
邪锌褉械谢褟 0,013423 0,013423
邪锌褉械谢褜 3,624341 21,746046
褎邪屑懈谢懈褟 0,013423 0,013423
褋褌懈谢谢邪胁懈薪屑懈褏邪懈谢 5,010635 5,010635
薪邪屑懈 0,013423 0,093961
褟薪写械泻褋 0,013423 0,026846
褍写邪谢懈谢懈 0,013423 0,040269
蟹薪邪褔懈褌械谢褜薪褍褞 3,401197 3,401197
谢懈斜芯 0,013423 0,013423
胁邪泻邪薪褋懈懈 0,013423 0,013423
邪泻泻邪褍薪褌褍 0,013423 0,013423
芯褌泻褉褘胁邪械屑芯谐芯 0,013423 0,026846
薪邪卸懈屑邪褟 0,013423 0,013423
锌芯懈褋泻 0,013423 0,013423
胁邪屑懈 0,013423 0,013423
薪械写芯锌褍褋褌懈屑芯械 0,013423 0,013423
褉芯褋褋懈褟芯斜褖械褋褌胁芯 4,317488 8,634976
锌芯卸邪谢芯胁邪谢懈褋褜 2,708050 2,708050
褋芯谐谢邪褋薪褘 0,013423 0,040269
懈褋褌械泻 0,013423 0,013423
屑懈褉械泻邪蟹邪褏褋褌邪薪胁邪褕懈薪谐褌芯薪 4,317488 4,317488
锌褉械写锌褉懈褟褌懈褞 0,013423 0,026846
褉械泻谢邪屑褘 0,013423 0,013423
褋褌褉芯懈褌械谢褜褋褌胁邪 3,218876 3,218876
胁薪懈屑邪薪懈械 0,013423 0,013423
锌褉懈薪懈屑邪褌褜 0,013423 0,013423
褋屑芯卸械褌械 0,013423 0,013423
胁褋屑 3,624341 3,624341
褋锌芯褋芯斜褋褌胁褍械褌 3,218876 3,218876
谐芯写邪 0,006689 0,006689
芯蟹薪邪泻芯屑谢械薪褘 0,013423 0,013423
芯褑械薪懈谢懈 3,064725 3,064725
屑芯懈褏 0,013423 0,026846
褋泻谢邪写邪 3,624341 3,624341
锌褉械写锌褉懈褟褌懈械 0,013423 0,013423
薪邪褍泻邪 0,292136 0,292136
屑芯褋泻胁褘卸泻褏锌芯谐芯写邪 4,317488 4,317488
芯斜褋褍卸写械薪懈褟 0,013423 0,013423
斜谢芯泻懈褉芯胁泻芯泄 0,013423 0,040269
