метро 3,912023 7,824046
законным 0,013423 0,013423
день 1,203973 3,611918
лед 3,218876 54,720889
созданы 4,317488 4,317488
воронцово 5,010635 10,021271
найти 0,013423 0,013423
основанием 0,013423 0,013423
отдыха 3,912023 19,560115
письмо 0,013423 0,013423
спасибо 0,013423 0,013423
проката 5,010635 40,085082
павильоны 5,010635 5,010635
трещин 3,912023 3,912023
андропова 5,010635 5,010635
прогулки 4,317488 8,634976
вокруг 3,064725 3,064725
воды 2,445686 2,445686
став 5,010635 5,010635
согласие 0,013423 0,026846
отличается 3,064725 3,064725
гума 5,010635 5,010635
центр 0,190354 0,380707
тёплые 5,010635 5,010635
декабря 1,098612 1,098612
воду 2,302585 2,302585
связаться 0,013423 0,080538
оснащению 5,010635 5,010635
стр 3,912023 7,824046
концентрация 5,010635 5,010635
реклама 0,190354 0,190354
фото 0,013423 0,013423
пункт 3,218876 3,218876
лет 1,514128 6,056511
связь 0,006689 0,013378
культурный 3,912023 3,912023
вероятность 4,317488 4,317488
льдом 3,912023 27,384161
готово 0,013423 0,026846
тц 4,317488 8,634976
серебряный 4,317488 21,587441
адреса 3,218876 25,751007
информационных 0,013423 0,013423
подсветка 5,010635 5,010635
коньки 5,010635 20,042541
размещения 0,013423 0,026846
проблемой 5,010635 5,010635
конфиденциальности 0,013423 0,053692
связи 0,013423 0,080538
заголовок 0,013423 0,026846
ул 5,010635 25,053176
люблино 5,010635 10,021271
своей 2,177422 4,354844
пользуется 5,010635 5,010635
процесса 0,013423 0,026846
преимущественно 3,912023 3,912023
адресу 0,013423 0,026846
проблему 0,013423 0,013423
физических 2,931194 2,931194
проект 2,525729 5,051457
быстро 2,177422 2,177422
данных 0,013423 0,107384
жители 2,931194 2,931194
природно 5,010635 5,010635
письма 0,013423 0,013423
позволяя 4,317488 4,317488
часов 0,013423 0,026846
новичкам 5,010635 5,010635
соглашаетесь 0,013423 0,013423
главный 0,013423 0,013423
данные 0,013423 0,013423
режим 2,931194 8,793581
также 1,139434 1,139434
фотографию 0,013423 0,013423
друзей 3,624341 3,624341
легко 1,791759 1,791759
способствуя 5,010635 5,010635
отправлено 0,013423 0,013423
выпить 5,010635 5,010635
сначала 0,013423 0,013423
территория 4,317488 4,317488
лиц 2,302585 2,302585
развлечений 5,010635 5,010635
ног 4,317488 4,317488
кормилицына 5,010635 10,021271
кремль 4,317488 4,317488
перейдите 0,013423 0,013423
представляет 3,624341 3,624341
спорта 2,931194 5,862388
мышцы 4,317488 4,317488
часы 3,912023 11,736069
закрыто 0,013423 0,013423
выходные 3,624341 10,873023
сколько 0,006689 0,006689
квадратных 5,010635 10,021271
могут 1,643339 1,643339
материалов 0,013423 0,053692
отправлена 0,013423 0,013423
выходным 5,010635 10,021271
чате 0,013423 0,013423
климатических 4,317488 4,317488
спасскую 5,010635 5,010635
открываться 5,010635 10,021271
доступно 5,010635 10,021271
гости 3,912023 3,912023
чату 0,013423 0,013423
редакцией 0,013423 0,013423
приезжают 5,010635 5,010635
любителей 3,912023 3,912023
замерзания 5,010635 5,010635
падения 5,010635 5,010635
расположен 5,010635 5,010635
откроются 4,317488 4,317488
чт 5,010635 5,010635
физической 5,010635 5,010635
рассмотрены 0,013423 0,013423
выход 3,912023 3,912023
поддержания 4,317488 4,317488
горячего 5,010635 5,010635
перетяните 0,013423 0,013423
некоторые 2,525729 2,525729
архив 0,190354 0,190354
ровная 5,010635 5,010635
части 1,966113 1,966113
туристов 4,317488 4,317488
обувь 3,912023 3,912023
богодвид 3,218876 6,437752
ошибках 0,013423 0,013423
специально 3,624341 3,624341
плюсовой 5,010635 5,010635
комфортного 5,010635 10,021271
будьте 5,010635 5,010635
процесс 2,014903 2,014903
кузьминки 5,010635 10,021271
труда 3,064725 3,064725
спортивной 3,912023 3,912023
удобного 5,010635 5,010635
южный 4,317488 8,634976
качества 2,931194 5,862388
выпуска 0,013423 0,013423
списка 0,013423 0,013423
формой 0,013423 0,053692
одновременно 3,401197 3,401197
линейный 5,010635 5,010635
взрослых 3,218876 22,532131
площадью 4,317488 8,634976
мероприятия 3,401197 3,401197
качество 4,317488 8,634976
качеству 5,010635 5,010635
ожидают 5,010635 5,010635
надевают 5,010635 10,021271
стопы 5,010635 5,010635
соблюдения 4,317488 4,317488
взрослый 5,010635 30,063812
современной 5,010635 5,010635
современное 5,010635 5,010635
федеральное 0,013423 0,013423
федеральной 0,013423 0,013423
международное 0,013423 0,040269
времяпровождение 5,010635 5,010635
мышц 5,010635 5,010635
будут 0,013423 0,013423
новостей 0,006689 0,006689
хорошем 3,912023 3,912023
новогодних 3,624341 3,624341
ноября 1,714798 6,859194
лучших 1,832581 9,162907
воздуха 4,317488 4,317488
праздничным 4,317488 4,317488
праздничные 4,317488 8,634976
зона 4,317488 4,317488
перейти 1,203973 26,487402
одним 2,813411 5,626821
обратной 0,013423 0,067115
подкасты 0,292136 0,292136
голени 3,912023 3,912023
крымский 5,010635 5,010635
оглавление 1,791759 1,791759
парами 5,010635 5,010635
подготовки 2,931194 2,931194
крокус 5,010635 5,010635
ситдиков 4,317488 8,634976
предлагает 3,218876 3,218876
удобство 4,317488 4,317488
предлагаем 5,010635 5,010635
крытые 5,010635 25,053176
описанием 0,013423 0,013423
имеет 2,066196 2,066196
завоевал 3,912023 3,912023
посетителям 5,010635 5,010635
удобства 3,912023 3,912023
крытых 5,010635 10,021271
инструкцияизраиль 5,010635 5,010635
начинающих 3,912023 3,912023
используется 0,013423 0,013423
удобной 4,317488 4,317488
будний 5,010635 5,010635
натуральному 5,010635 5,010635
улица 5,010635 10,021271
огромной 4,317488 4,317488
мире 0,274437 0,274437
правилам 3,624341 3,624341
эл 0,013423 0,013423
огромное 3,624341 3,624341
идеально 2,612740 5,225480
мира 1,791759 1,791759
дзен 0,851752 0,851752
местом 5,010635 10,021271
ухода 4,317488 4,317488
почему 0,013423 0,013423
хорошего 3,624341 3,624341
полимерных 5,010635 5,010635
прочностью 5,010635 5,010635
ежегодно 3,218876 3,218876
вопросам 0,013423 0,026846
активного 3,912023 15,648092
значит 2,612740 2,612740
вконтакте 0,013423 0,026846
билет 4,317488 8,634976
желающие 3,912023 3,912023
навсегда 0,013423 0,013423
нарушение 0,013423 0,040269
детский 4,317488 25,904929
назад 0,013423 0,067115
проспект 5,010635 15,031906
желающих 3,912023 3,912023
возможные 3,064725 3,064725
отдохнуть 3,912023 3,912023
состоянии 3,064725 6,129450
зубовский 0,013423 0,026846
уступает 5,010635 5,010635
добавки 3,624341 3,624341
сокольники 5,010635 20,042541
заполнить 0,013423 0,026846
специального 3,912023 3,912023
сокольнический 5,010635 5,010635
осуществляется 0,013423 0,013423
именно 2,066196 2,066196
другие 0,013423 0,040269
открываются 3,912023 11,736069
общество 0,265703 1,062813
аллеях 5,010635 5,010635
надзору 0,013423 0,013423
активные 5,010635 5,010635
издание 0,013423 0,013423
бульвар 0,013423 0,053692
хотите 0,013423 0,013423
заполните 0,013423 0,067115
воскресенье 2,931194 8,793581
сходитькуда 5,010635 5,010635
активным 5,010635 5,010635
сетевое 0,013423 0,013423
охлаждения 3,401197 10,203592
вновь 0,013423 0,013423
сменить 0,013423 0,013423
участвовать 0,013423 0,026846
сообщить 0,013423 0,013423
образом 2,302585 2,302585
локаций 5,010635 10,021271
скриншот 0,013423 0,040269
получали 4,317488 4,317488
позволяют 4,317488 4,317488
предлагая 5,010635 5,010635
атмосфере 5,010635 5,010635
создают 3,912023 7,824046
культуры 3,218876 6,437752
лефортово 5,010635 5,010635
поверхности 3,218876 3,218876
ледовые 5,010635 5,010635
спорт 0,190354 0,190354
ледовый 5,010635 5,010635
перерыв 2,525729 5,051457
растяжений 5,010635 5,010635
взаимодействия 0,013423 0,026846
универмаг 5,010635 5,010635
зон 3,912023 3,912023
сохранить 0,013423 0,013423
информационное 0,013423 0,040269
атмосферу 3,912023 3,912023
остаются 3,624341 3,624341
атмосферы 4,317488 4,317488
рамиль 3,912023 7,824046
высокое 4,317488 4,317488
федеральному 0,013423 0,026846
спортивный 5,010635 5,010635
важно 2,120264 4,240527
будням 5,010635 5,010635
открытие 3,912023 11,736069
фио 0,013423 0,013423
чуда 4,317488 4,317488
гардероб 5,010635 5,010635
пожалуйста 0,013423 0,013423
обеспечивает 3,624341 7,248682
соблюдать 3,401197 3,401197
шести 3,218876 3,218876
ниже 0,013423 0,040269
версия 0,013423 0,013423
регулярный 5,010635 5,010635
ощутить 5,010635 5,010635
любительского 5,010635 5,010635
поля 0,013423 0,093961
опьянения 5,010635 5,010635
ходынское 5,010635 10,021271
туристы 3,401197 3,401197
назначения 3,624341 3,624341
перекуса 5,010635 5,010635
выделить 2,931194 2,931194
популярных 3,218876 3,218876
государственному 0,013423 0,026846
скольжения 5,010635 5,010635
подкрепиться 5,010635 5,010635
крупнейших 4,317488 4,317488
боковых 5,010635 5,010635
цена 3,912023 3,912023
сеансы 5,010635 5,010635
поле 0,013423 0,040269
биржу 3,912023 3,912023
работу 2,708050 2,708050
зарегистрировано 0,013423 0,013423
туризм 0,283247 0,283247
особенность 3,401197 3,401197
адрес 0,013423 0,187922
соответствии 0,013423 0,026846
чистка 5,010635 5,010635
загрузите 0,013423 0,013423
сообщения 0,013423 0,053692
цены 2,525729 35,360201
загрузить 0,013423 0,013423
направлении 0,013423 0,013423
тает 3,912023 3,912023
замеченных 0,013423 0,013423
телефон 0,013423 0,013423
особенности 2,708050 2,708050
необходим 5,010635 5,010635
сочетание 3,218876 3,218876
бедняков 3,912023 7,824046
красивейших 5,010635 5,010635
неожиданно 5,010635 5,010635
требует 2,813411 5,626821
зотина 5,010635 10,021271
работы 2,302585 16,118096
сообщение 0,013423 0,134230
старые 0,013423 0,013423
палестина 2,931194 2,931194
кроме 1,919593 1,919593
мария 2,931194 5,862388
попробуйте 0,013423 0,013423
высокого 5,010635 5,010635
привлекает 4,317488 8,634976
перекусить 5,010635 5,010635
статьи 0,013423 0,013423
погодных 5,010635 5,010635
детская 5,010635 5,010635
подтвердите 0,013423 0,013423
просторную 5,010635 5,010635
поверхность 3,624341 7,248682
последствиякак 5,010635 5,010635
перетащите 0,013423 0,040269
материале 0,013423 0,040269
культура 0,292136 0,292136
материала 0,013423 0,026846
прокат 4,317488 8,634976
фигурного 5,010635 10,021271
происшествия 0,292136 0,292136
пространство 4,317488 4,317488
вашего 0,013423 0,013423
профессионального 3,912023 7,824046
паролем 0,013423 0,013423
современным 3,912023 3,912023
соответственно 3,401197 3,401197
современных 3,624341 7,248682
повышенной 3,624341 3,624341
зарегистрируйтесь 0,013423 0,013423
обо 0,013423 0,013423
пространства 5,010635 5,010635
зависит 2,371578 2,371578
октябрьская 5,010635 5,010635
редактор 0,013423 0,013423
фгуп 0,499776 2,498879
расположением 5,010635 5,010635
сложной 3,624341 3,624341
зимой 2,813411 5,626821
отправленного 0,013423 0,013423
связанные 0,013423 0,013423
стоят 3,401197 3,401197
вторника 5,010635 15,031906
разных 2,177422 2,177422
работает 3,064725 15,323626
обратная 0,013423 0,026846
риа 0,006689 0,214048
спортом 4,317488 4,317488
пятницу 4,317488 12,952464
закрытые 3,218876 16,094379
связанных 0,013423 0,013423
ледовую 5,010635 5,010635
красной 3,064725 12,258901
опишите 0,013423 0,013423
пятницы 4,317488 4,317488
обладает 3,218876 3,218876
год 0,967584 6,773088
максим 2,525729 5,051457
гостей 3,401197 3,401197
площадок 5,010635 10,021271
почты 0,013423 0,013423
учитывая 4,317488 4,317488
запрещается 5,010635 5,010635
началом 3,401197 3,401197
крупный 5,010635 10,021271
оборудованным 5,010635 5,010635
ощущения 5,010635 5,010635
агентство 0,013423 0,040269
юности 5,010635 5,010635
медиабанкдевушки 4,317488 4,317488
типы 4,317488 12,952464
декорации 5,010635 5,010635
экспресс 5,010635 5,010635
агентства 0,013423 0,013423
сегодня 0,013423 0,174499
температуре 2,813411 2,813411
блаженного 5,010635 5,010635
лёд 4,317488 25,904929
сияющую 5,010635 5,010635
создать 3,064725 3,064725
семи 4,317488 4,317488
температуры 3,218876 3,218876
эрмитаж 4,317488 17,269952
неуверенно 5,010635 5,010635
типа 3,624341 3,624341
дубки 5,010635 10,021271
зависимости 2,014903 2,014903
сеанса 5,010635 5,010635
шапка 0,013423 0,013423
алкогольного 5,010635 5,010635
праздника 2,371578 4,743156
отправить 0,013423 0,147653
продолжить 0,013423 0,013423
фуд 5,010635 5,010635
решении 0,013423 0,013423
формата 5,010635 5,010635
благодаря 2,302585 9,210340
дети 3,064725 6,129450
воспользуйтесь 0,013423 0,040269
считается 2,931194 2,931194
поверхностью 4,317488 8,634976
аккаунт 0,013423 0,053692
экономика 0,292136 0,292136
топ 2,708050 21,664402
образуется 3,624341 3,624341
обсуждение 0,013423 0,013423
встают 4,317488 4,317488
наиболее 2,813411 2,813411
парков 5,010635 5,010635
блокировки 0,013423 0,013423
тихонова 5,010635 10,021271
делает 2,612740 2,612740
почта 0,013423 0,080538
главная 2,120264 2,120264
искусственное 5,010635 5,010635
история 1,484275 1,484275
фамилия 0,013423 0,013423
медиабанкпункт 5,010635 5,010635
воронцовский 5,010635 5,010635
площадь 5,010635 15,031906
яндекс 0,013423 0,026846
начинал 5,010635 5,010635
удалили 0,013423 0,040269
либо 0,013423 0,013423
обратить 3,912023 3,912023
праздники 1,791759 3,583519
аккаунту 0,013423 0,013423
открываемого 0,013423 0,026846
поиск 0,013423 0,013423
условий 3,064725 6,129450
авиапарк 5,010635 5,010635
кунцево 5,010635 5,010635
парке 4,317488 112,254691
парка 4,317488 8,634976
тысячи 2,931194 5,862388
исторический 3,912023 3,912023
согласны 0,013423 0,040269
зимы 2,708050 2,708050
площадки 3,624341 10,873023
катание 2,302585 2,302585
рекламы 0,013423 0,013423
площадку 3,218876 3,218876
алексей 1,966113 19,661129
усталости 5,010635 5,010635
кафе 3,912023 7,824046
болей 5,010635 5,010635
гум 5,010635 20,042541
площади 4,317488 12,952464
подходит 2,525729 2,525729
жителей 3,912023 7,824046
расписание 2,612740 10,450960
стоимость 2,612740 13,063700
подготовить 2,612740 2,612740
встречи 2,445686 2,445686
катания 5,010635 60,127624
гладкую 5,010635 5,010635
оборудование 3,401197 3,401197
риск 3,624341 3,624341
лужники 5,010635 5,010635
зима 3,218876 6,437752
дням 3,064725 3,064725
яркие 2,813411 2,813411
способна 4,317488 4,317488
ориентированы 5,010635 5,010635
мер 3,624341 3,624341
оборудованию 5,010635 5,010635
семейные 4,317488 4,317488
своим 2,612740 2,612740
обсуждения 0,013423 0,013423
активно 3,064725 3,064725
заранее 2,708050 2,708050
блокировкой 0,013423 0,040269
семьи 2,445686 2,445686
условия 2,612740 5,225480
пелагия 5,010635 10,021271
специальных 3,912023 3,912023
новый 0,013423 0,053692
медиабанкначал 5,010635 5,010635
ещё 3,218876 3,218876
убедитесь 3,912023 3,912023
используемых 3,912023 3,912023
покрытием 5,010635 5,010635
бесплатные 3,401197 3,401197
видами 4,317488 8,634976
доступ 0,013423 0,026846
бесплатный 5,010635 5,010635
центральной 5,010635 10,021271
открытые 3,912023 46,944276
миа 0,013423 0,093961
задать 0,013423 0,013423
теги 0,190354 0,190354
полный 2,612740 2,612740
открытый 5,010635 30,063812
автору 0,013423 0,013423
должны 0,013423 0,013423
г 0,013423 0,026846
открытых 4,317488 8,634976
д 0,013423 0,067115
фигуры 4,317488 4,317488
политика 0,013423 0,026846
й 2,014903 4,029806
культурного 5,010635 5,010635
четверг 3,401197 3,401197
содержащего 5,010635 5,010635
м 2,302585 2,302585
льду 4,317488 34,539905
поделена 5,010635 5,010635
посетителей 5,010635 20,042541
подобранная 5,010635 5,010635
течение 0,013423 0,013423
ш 5,010635 5,010635
утомлению 5,010635 5,010635
удивительный 4,317488 4,317488
оно 2,302585 2,302585
уникальное 3,624341 3,624341
основных 2,445686 2,445686
льда 3,624341 47,116432
должна 2,525729 2,525729
гладкой 4,317488 4,317488
популярностью 4,317488 4,317488
лужайками 5,010635 5,010635
прокатом 5,010635 5,010635
метров 3,624341 10,873023
селиванова 4,317488 4,317488
снизит 4,317488 4,317488
время 0,013423 0,080538
предоставили 4,317488 4,317488
предосторожности 3,912023 3,912023
куденко 3,912023 7,824046
ранее 0,013423 0,013423
восстановления 0,013423 0,013423
изготовленное 5,010635 5,010635
уютное 5,010635 5,010635
василия 4,317488 4,317488
разблокировать 0,013423 0,040269
город 0,013423 0,026846
символом 4,317488 4,317488
москвакаткиобществокуда 5,010635 5,010635
рук 3,401197 3,401197
час 2,813411 2,813411
обращаем 0,013423 0,013423
задачу 3,624341 3,624341
написать 0,013423 0,013423
новостеймолния 0,013423 0,013423
последствия 1,966113 1,966113
подходящего 5,010635 5,010635
одноклассники 0,013423 0,026846
вднх 4,317488 34,539905
комфортно 5,010635 5,010635
гирлянд 5,010635 5,010635
показать 0,013423 0,013423
кнопку 0,013423 0,013423
руб 3,912023 43,032253
коммуникаций 0,013423 0,013423
коломенском 5,010635 5,010635
пароль 0,013423 0,080538
пароля 0,013423 0,053692
мест 3,912023 11,736069
филиппов 2,525729 10,102915
порядок 2,445686 2,445686
девочка 4,317488 4,317488
вход 0,013423 0,040269
продукты 0,150823 0,150823
читать 0,851752 0,851752
удалено 0,013423 0,013423
чая 3,912023 3,912023
гаврилова 0,013423 0,013423
расположены 4,317488 8,634976
городской 4,317488 4,317488
сеансов 5,010635 5,010635
сказка 4,317488 4,317488
приятным 3,912023 3,912023
предъявлении 4,317488 4,317488
расположенному 0,013423 0,026846
сковывать 5,010635 5,010635
обязательно 2,931194 2,931194
люди 2,238047 4,476093
всей 2,445686 2,445686
простых 3,064725 3,064725
предназначены 3,912023 3,912023
раздевалки 5,010635 5,010635
сильно 2,708050 2,708050
небольшую 3,401197 3,401197
качественному 5,010635 5,010635
учредитель 0,013423 0,013423
мое 0,013423 0,026846
московский 3,064725 3,064725
ссылка 0,013423 0,026846
одного 2,612740 2,612740
ссылке 0,013423 0,013423
посетители 4,317488 4,317488
наслаждаться 5,010635 5,010635
ссылки 0,013423 0,013423
помочь 0,013423 0,013423
водоемах 4,317488 4,317488
помимо 2,708050 5,416100
обязательны 0,013423 0,093961
любимых 3,912023 3,912023
дискомфорту 5,010635 5,010635
медиабанклюди 5,010635 10,021271
указанных 4,317488 4,317488
коньках 3,912023 27,384161
зимнего 3,624341 3,624341
роскомнадзор 0,013423 0,013423
гладким 4,317488 4,317488
повышая 4,317488 4,317488
пользуются 3,912023 3,912023
тыс 3,624341 3,624341
среди 2,813411 8,440232
блокировался 0,013423 0,013423
людям 3,401197 3,401197
незабываемое 5,010635 5,010635
комфортный 5,010635 5,010635
девушка 3,218876 6,437752
каток 3,401197 159,856277
масштабным 5,010635 5,010635
москве 1,118815 14,544595
москва 0,006689 0,053512
воспользоваться 0,013423 0,013423
русской 1,752539 1,752539
девушки 3,912023 3,912023
задачей 3,401197 3,401197
входа 0,013423 0,013423
быстрому 5,010635 5,010635
моё 0,013423 0,013423
медиабанкоткрытие 5,010635 5,010635
уличных 4,317488 4,317488
конфликта 2,525729 2,525729
особенно 2,612740 5,225480
подходящую 3,912023 3,912023
павел 2,238047 4,476093
большой 2,445686 2,445686
пошаговая 2,238047 2,238047
большое 2,931194 2,931194
утром 3,218876 6,437752
усадьба 4,317488 8,634976
москвы 1,455287 26,195170
фонтана 5,010635 5,010635
политикой 0,013423 0,040269
травмирования 5,010635 5,010635
обработки 0,013423 0,026846
даю 0,013423 0,026846
отличным 3,912023 3,912023
лужниках 5,010635 20,042541
майшев 4,317488 17,269952
каретный 5,010635 5,010635
начинают 4,317488 8,634976
стать 2,302585 4,605170
обработку 0,013423 0,026846
отличные 5,010635 5,010635
работать 2,708050 5,416100
редакции 0,013423 0,026846
живописными 5,010635 5,010635
обращений 0,013423 0,013423
установленным 5,010635 5,010635
красная 3,401197 6,802395
провести 3,401197 3,401197
комфортности 5,010635 5,010635
обработка 0,013423 0,013423
это 0,013423 0,026846
поддерживать 4,317488 4,317488
настоящего 3,912023 7,824046
большинство 3,064725 3,064725
массовые 4,317488 4,317488
встать 3,624341 3,624341
преимущества 3,401197 3,401197
спортсменов 3,624341 3,624341
покрытие 5,010635 15,031906
рядом 3,912023 3,912023
новую 0,013423 0,013423
массовых 0,013423 0,013423
выбирайте 3,912023 3,912023
детей 2,302585 11,512925
катком 5,010635 5,010635
пройдена 0,013423 0,013423
особому 5,010635 5,010635
остальное 4,317488 8,634976
зарегистрироваться 0,013423 0,053692
пожаловаться 0,013423 0,013423
уделяйте 5,010635 5,010635
новости 0,006689 0,220737
войти 0,013423 0,053692
катков 3,401197 30,610776
катке 5,010635 55,116988
покрытию 5,010635 5,010635
электронной 0,013423 0,013423
катка 5,010635 35,074447
медиабанккаток 5,010635 10,021271
катки 3,912023 86,064506
действия 0,013423 0,013423
радио 0,274437 0,274437
таганская 5,010635 5,010635
крылатская 5,010635 5,010635
нина 4,317488 8,634976
защита 0,013423 0,013423
ходынский 5,010635 10,021271
елку 4,317488 4,317488
регистрация 0,013423 0,040269
уход 3,912023 3,912023
использования 0,013423 0,026846
музее 4,317488 4,317488
восстановление 0,013423 0,040269
деревьями 4,317488 4,317488
определенных 3,912023 3,912023
государственное 0,013423 0,013423
горожан 5,010635 5,010635
объект 3,912023 3,912023
выбором 3,064725 3,064725
измайловском 5,010635 25,053176
спецпроекты 0,190354 0,190354
просим 0,013423 0,013423
вал 5,010635 10,021271
начал 4,317488 4,317488
заблокирован 0,013423 0,013423
катается 5,010635 10,021271
ошибку 0,013423 0,013423
защиты 0,013423 0,013423
медиабанкдевочка 5,010635 5,010635
обращения 0,013423 0,026846
разного 4,317488 4,317488
настроение 4,317488 4,317488
услугами 4,317488 4,317488
ошибка 0,013423 0,013423
искусственным 3,912023 31,296184
вопрос 0,006689 0,006689
искусственный 4,317488 25,904929
самых 1,875141 1,875141
подтверждаете 0,013423 0,013423
коньками 5,010635 5,010635
уютные 5,010635 5,010635
поскольку 2,612740 2,612740
путем 3,401197 3,401197
отдыхать 4,317488 4,317488
технику 3,912023 3,912023
ваш 0,013423 0,053692
имя 0,013423 0,067115
субботу 4,317488 4,317488
срок 0,013423 0,026846
настроения 5,010635 5,010635
технологий 0,013423 0,026846
предпочтение 4,317488 4,317488
самый 2,177422 2,177422
поехатьновый 5,010635 5,010635
материал 0,013423 0,013423
серьезной 4,317488 4,317488
рекомендаций 3,912023 3,912023
самым 2,302585 2,302585
медиабанкпосетители 4,317488 4,317488
успешно 0,013423 0,013423
новогоднего 2,931194 2,931194
зимних 4,317488 4,317488
теплой 3,218876 3,218876
лента 0,006689 0,013378
мышечных 5,010635 5,010635
расположение 5,010635 5,010635
входной 5,010635 5,010635
приятно 5,010635 5,010635
нагрузке 5,010635 5,010635
заблокированы 0,013423 0,013423
сфере 0,013423 0,013423
ряд 2,931194 8,793581
столичных 3,912023 3,912023
внимательны 5,010635 5,010635
свидетельство 0,013423 0,013423
павильон 5,010635 10,021271
катаются 5,010635 20,042541
правила 0,013423 0,080538
тренировок 5,010635 5,010635
сияние 3,624341 14,497364
дорожки 5,010635 5,010635
платные 5,010635 5,010635
комментирования 0,013423 0,026846
сэкономить 3,912023 3,912023
любимыми 5,010635 5,010635
гладкая 5,010635 5,010635
пресс 0,013423 0,026846
покататься 3,401197 10,203592
применения 0,013423 0,013423
традиционных 4,317488 4,317488
сцепление 5,010635 5,010635
выходной 5,010635 20,042541
персональных 0,013423 0,107384
произошла 0,013423 0,013423
будни 5,010635 15,031906
вс 3,218876 6,437752
рублей 2,525729 30,308744
дата 0,013423 0,013423
ваше 0,013423 0,120807
повреждениям 5,010635 5,010635
останкинская 5,010635 5,010635
сайте 0,013423 0,026846
ваши 0,013423 0,013423
устойчивостью 5,010635 5,010635
заповеднике 4,317488 4,317488
детям 2,813411 5,626821
восстановить 0,013423 0,013423
существует 2,612740 2,612740
натурального 4,317488 4,317488
зелеными 5,010635 5,010635
проводить 4,317488 4,317488
пресне 5,010635 5,010635
пункты 3,401197 3,401197
конце 2,238047 2,238047
вопроса 0,013423 0,013423
химические 5,010635 5,010635
окруженный 4,317488 4,317488
россия 0,006689 0,080268
башню 4,317488 4,317488
свои 2,445686 2,445686
парк 3,912023 19,560115
активной 5,010635 5,010635
отдыхом 5,010635 5,010635
пресня 5,010635 5,010635
регистрации 0,013423 0,026846
входного 5,010635 5,010635
горького 5,010635 20,042541
сайт 0,013423 0,147653
сервисы 0,190354 0,190354
кристина 5,010635 10,021271
помнить 3,912023 3,912023
другое 0,013423 0,013423
дорожек 5,010635 5,010635
поддерживаетсяполучить 0,013423 0,013423
причины 2,525729 2,525729
категорически 3,912023 3,912023
сюда 3,624341 3,624341
ледо 5,010635 5,010635
коньков 5,010635 35,074447
разминку 5,010635 5,010635
пункте 3,401197 6,802395
популярность 4,317488 4,317488
имеется 3,912023 7,824046
отправки 0,013423 0,013423
унитарному 0,013423 0,026846
ровную 5,010635 5,010635
окружающим 5,010635 5,010635
темебанкротство 4,317488 4,317488
обновлено 1,003302 1,003302
окружающие 5,010635 5,010635
выберите 0,013423 0,040269
вид 2,708050 2,708050
особую 3,218876 3,218876
окружающих 5,010635 5,010635
имитирующих 5,010635 5,010635
документа 3,218876 3,218876
площадках 5,010635 5,010635
аллее 5,010635 5,010635
отдавать 4,317488 4,317488
защитой 0,013423 0,026846
размера 2,708050 2,708050
удовольствие 5,010635 5,010635
рекомендуется 3,218876 6,437752
авторизация 0,013423 0,013423
религия 0,283247 0,283247
свойства 3,912023 3,912023
дни 2,612740 5,225480
форма 0,013423 0,013423
логином 0,013423 0,013423
настоящей 3,912023 3,912023
рейтинг 0,006689 0,006689
галочку 0,013423 0,013423
дом 2,302585 4,605170
составляет 2,445686 2,445686
технологиям 5,010635 5,010635
бесплатно 2,931194 11,724775
несмотря 2,708050 2,708050
зимнее 3,912023 3,912023
останкино 5,010635 20,042541
способы 0,013423 0,026846
традиционно 2,612740 5,225480
недвижимость 0,292136 0,292136
ил 4,317488 4,317488
естественным 5,010635 10,021271
некачественно 5,010635 5,010635
приходят 4,317488 4,317488
дискуссии 0,013423 0,026846
перерывом 5,010635 5,010635
компанией 4,317488 4,317488
позволяет 2,445686 4,891372
красоте 4,317488 4,317488
унитарное 0,013423 0,013423
посредством 4,317488 4,317488
форму 0,013423 0,093961
тема 0,013423 0,040269
километра 3,912023 3,912023
рекомендательных 0,013423 0,013423
саду 3,912023 15,648092
иллюминация 5,010635 5,010635
данная 0,013423 0,013423
служба 2,238047 2,238047
каткам 5,010635 5,010635
техническим 4,317488 4,317488
следуйте 5,010635 5,010635
тело 3,912023 3,912023
заниматься 4,317488 8,634976
сидит 5,010635 10,021271
технический 5,010635 10,021271
сходить 2,931194 8,793581
своими 2,931194 2,931194
проставляя 0,013423 0,013423
разогнаться 5,010635 5,010635
таганском 5,010635 20,042541
понедельника 5,010635 10,021271
заполнения 0,013423 0,093961
полезное 0,182322 0,182322
охотный 5,010635 5,010635
кв 5,010635 5,010635
ежедневно 5,010635 15,031906
службе 0,013423 0,013423
медиабанк 1,321756 14,539314
иллюминации 5,010635 5,010635
полюс 5,010635 10,021271
движений 5,010635 5,010635
релизов 0,013423 0,013423
механическим 5,010635 5,010635
ваших 0,013423 0,026846
км 5,010635 10,021271
является 2,066196 4,132393
круглый 3,912023 7,824046
поехать 3,624341 10,873023
искусственному 5,010635 5,010635
которые 1,455287 5,821149
функционирует 5,010635 20,042541
соблюдаются 5,010635 5,010635
понедельник 4,317488 12,952464
правил 0,013423 0,040269
вне 3,401197 3,401197
авторизоваться 0,013423 0,013423
авторизуйтесь 0,013423 0,013423
привести 3,401197 3,401197
синтетическое 5,010635 5,010635
горожане 5,010635 5,010635
созданию 3,624341 3,624341
гончаровском 5,010635 5,010635
расширенный 0,013423 0,013423
медиабанкгорожане 5,010635 5,010635
сити 5,010635 5,010635
новыесначала 0,013423 0,013423
несколько 1,752539 1,752539
неровностей 5,010635 5,010635
инфраструктуре 3,912023 3,912023
собой 2,445686 2,445686
свет 3,064725 3,064725
синтетический 5,010635 25,053176
создается 5,010635 5,010635
строение 5,010635 15,031906
дух 3,912023 3,912023
натуральный 3,912023 19,560115
арену 4,317488 4,317488
выборе 3,401197 3,401197
раствора 4,317488 4,317488
участие 0,006689 0,006689
селивановакаток 5,010635 5,010635
травмы 2,708050 2,708050
прекрасным 4,317488 4,317488
живописной 5,010635 5,010635
комплекс 3,064725 3,064725
использовать 0,013423 0,013423
опечатка 0,013423 0,013423
выбор 2,813411 5,626821
собор 4,317488 4,317488
каждый 2,120264 8,481054
онлайн 0,013423 0,013423
контактов 0,013423 0,013423
энтузиастов 5,010635 5,010635
столице 3,912023 11,736069
отличное 5,010635 5,010635
веселья 5,010635 5,010635
апреля 0,013423 0,013423
зонах 4,317488 4,317488
столица 5,010635 5,010635
открывшемся 3,912023 7,824046
независимо 3,624341 3,624341
идеальным 3,912023 3,912023
количество 2,238047 4,476093
нами 0,013423 0,093961
места 2,612740 2,612740
любители 5,010635 10,021271
снижается 4,317488 4,317488
столицы 3,624341 7,248682
уточнять 5,010635 5,010635
вакансии 0,013423 0,013423
разогреть 3,218876 3,218876
корт 5,010635 5,010635
вековыми 5,010635 5,010635
безопасности 2,177422 10,887110
нажимая 0,013423 0,013423
билета 4,317488 4,317488
праздничной 4,317488 4,317488
вами 0,013423 0,013423
недопустимое 0,013423 0,013423
году 1,139434 2,278869
школьникам 4,317488 4,317488
нарядный 5,010635 5,010635
открыт 4,317488 8,634976
истек 0,013423 0,013423
одежды 3,064725 3,064725
праздничное 3,912023 3,912023
предприятию 0,013423 0,026846
внимание 0,013423 0,040269
принимать 0,013423 0,013423
уровня 3,218876 6,437752
значительно 3,218876 3,218876
семьей 3,912023 3,912023
сможете 0,013423 0,013423
эксплуатации 3,624341 3,624341
возможность 2,302585 2,302585
года 0,006689 0,006689
пн 5,010635 5,010635
катках 5,010635 20,042541
огромным 4,317488 4,317488
выбору 3,624341 3,624341
пт 5,010635 10,021271
уникальный 3,624341 7,248682
ознакомлены 0,013423 0,013423
информацию 2,708050 2,708050
безопасным 5,010635 5,010635
протяженностью 5,010635 5,010635
моих 0,013423 0,026846
особое 3,064725 3,064725
предприятие 0,013423 0,013423
руставели 5,010635 5,010635
видом 5,010635 5,010635
занятий 4,317488 4,317488
наука 0,292136 0,292136
безопасного 3,912023 3,912023
упростить 3,624341 3,624341
вечера 3,624341 3,624341
внимания 3,218876 3,218876
мкад 4,317488 8,634976
