романья 5,010635 5,010635
законным 0,013423 0,013423
впечатления 3,624341 10,873023
новый 0,013423 0,255037
севера 3,064725 3,064725
найти 0,013423 0,013423
основанием 0,013423 0,013423
письмо 0,013423 0,013423
спасибо 0,013423 0,013423
согласие 0,013423 0,026846
центр 0,190354 0,190354
стиле 5,010635 5,010635
доступ 0,013423 0,026846
декабря 1,098612 12,084735
миа 0,013423 0,026846
задать 0,013423 0,013423
теги 0,190354 0,190354
автору 0,013423 0,013423
согревающих 5,010635 5,010635
связаться 0,013423 0,080538
должны 0,013423 0,013423
г 0,013423 0,026846
д 0,013423 0,026846
реклама 0,190354 0,190354
фото 0,013423 0,013423
политика 0,013423 0,026846
лет 1,514128 1,514128
связь 0,006689 0,013378
готово 0,013423 0,026846
европейской 2,238047 2,238047
течение 0,013423 0,013423
область 1,714798 1,714798
рецепта 2,931194 2,931194
информационных 0,013423 0,013423
размещения 0,013423 0,013423
конфиденциальности 0,013423 0,053692
связи 0,013423 0,080538
заголовок 0,013423 0,026846
процесса 0,013423 0,013423
адресу 0,013423 0,026846
проблему 0,013423 0,013423
рецепты 1,139434 52,413977
классический 2,014903 2,014903
время 0,013423 0,026846
данных 0,013423 0,107384
посмотреть 2,177422 2,177422
письма 0,013423 0,013423
часов 0,013423 0,026846
соглашаетесь 0,013423 0,013423
ранее 0,013423 0,013423
восстановления 0,013423 0,026846
главный 0,013423 0,013423
игрушек 5,010635 5,010635
данные 0,013423 0,013423
разблокировать 0,013423 0,040269
город 0,013423 0,013423
мода 3,912023 3,912023
италия 2,708050 2,708050
фотографию 0,013423 0,013423
обращаем 0,013423 0,013423
легко 1,791759 5,375278
отправлено 0,013423 0,013423
написать 0,013423 0,013423
новостеймолния 0,013423 0,013423
одноклассники 0,013423 0,026846
сначала 0,013423 0,013423
показать 0,013423 0,026846
кнопку 0,013423 0,013423
мороз 4,317488 4,317488
коммуникаций 0,013423 0,013423
пароль 0,013423 0,080538
пароля 0,013423 0,053692
блюд 2,238047 8,952186
перейдите 0,013423 0,013423
легкие 5,010635 5,010635
оформить 3,064725 6,129450
вход 0,013423 0,013423
продукты 0,150823 0,904937
закрыто 0,013423 0,013423
удалено 0,013423 0,013423
сколько 0,006689 0,006689
гаврилова 0,013423 0,013423
материалов 0,013423 0,053692
отправлена 0,013423 0,013423
чате 0,013423 0,013423
незабываемого 5,010635 5,010635
расположенному 0,013423 0,026846
чату 0,013423 0,013423
редакцией 0,013423 0,013423
простых 3,064725 6,129450
полностью 2,014903 2,014903
чехия 3,624341 3,624341
католическое 5,010635 5,010635
учредитель 0,013423 0,013423
рассмотрены 0,013423 0,013423
простые 1,752539 22,783004
рождество 3,624341 10,873023
символа 3,218876 6,437752
странах 3,064725 3,064725
мое 0,013423 0,026846
ссылка 0,013423 0,026846
ссылке 0,013423 0,013423
перетяните 0,013423 0,013423
ссылки 0,013423 0,013423
помочь 0,013423 0,013423
архив 0,190354 0,190354
подарки 3,401197 6,802395
найдете 5,010635 5,010635
ошибках 0,013423 0,013423
обязательны 0,013423 0,093961
салат 2,371578 14,229468
русского 3,064725 3,064725
выпуска 0,013423 0,013423
списка 0,013423 0,013423
формой 0,013423 0,053692
роскомнадзор 0,013423 0,013423
новогодние 2,931194 58,623875
блокировался 0,013423 0,013423
закусокрецепты 2,708050 2,708050
москва 0,006689 0,026756
воспользоваться 0,013423 0,013423
русской 1,752539 1,752539
входа 0,013423 0,013423
моё 0,013423 0,013423
федеральное 0,013423 0,013423
закуски 2,525729 2,525729
федеральной 0,013423 0,013423
лучшие 1,714798 6,859194
международное 0,013423 0,040269
тоскана 5,010635 5,010635
праздничных 3,912023 3,912023
глинтвейн 3,912023 3,912023
будут 0,013423 0,013423
новостей 0,006689 0,006689
новогодних 3,624341 3,624341
новогодний 2,708050 10,832201
политикой 0,013423 0,040269
обработки 0,013423 0,026846
даю 0,013423 0,026846
обработку 0,013423 0,026846
едят 4,317488 8,634976
обратной 0,013423 0,067115
подкасты 0,292136 0,292136
редакции 0,013423 0,026846
обращений 0,013423 0,013423
обработка 0,013423 0,013423
это 0,013423 0,013423
еда 2,177422 32,661329
десерты 4,317488 4,317488
описанием 0,013423 0,013423
новую 0,013423 0,013423
массовых 0,013423 0,013423
пройдена 0,013423 0,013423
готовьте 3,912023 3,912023
используется 0,013423 0,013423
зарегистрироваться 0,013423 0,053692
пожаловаться 0,013423 0,013423
новости 0,006689 0,020067
войти 0,013423 0,053692
тиффани 3,064725 6,129450
электронной 0,013423 0,013423
рецептов 2,177422 4,354844
мире 0,274437 0,548874
эл 0,013423 0,013423
действия 0,013423 0,013423
радио 0,274437 0,274437
мира 1,791759 1,791759
защита 0,013423 0,013423
регистрация 0,013423 0,040269
разбогатеть 5,010635 5,010635
почему 0,013423 0,013423
использования 0,013423 0,013423
восстановление 0,013423 0,040269
вопросам 0,013423 0,026846
государственное 0,013423 0,013423
салаты 2,708050 8,124151
елка 3,912023 7,824046
змея 3,218876 6,437752
христово 2,708050 5,416100
вконтакте 0,013423 0,026846
спецпроекты 0,190354 0,190354
вкусные 2,708050 2,708050
просим 0,013423 0,013423
навсегда 0,013423 0,013423
нарушение 0,013423 0,040269
заблокирован 0,013423 0,013423
ошибку 0,013423 0,013423
минутрецепты 2,708050 5,416100
змеи 2,931194 11,724775
защиты 0,013423 0,013423
неаполь 5,010635 5,010635
назад 0,013423 0,067115
обращения 0,013423 0,026846
вкусных 2,931194 5,862388
ссср 3,218876 9,656627
дед 4,317488 4,317488
пять 2,302585 2,302585
минут 1,297063 2,594126
ошибка 0,013423 0,013423
вопрос 0,006689 0,006689
желаний 5,010635 5,010635
зубовский 0,013423 0,026846
подтверждаете 0,013423 0,013423
заполнить 0,013423 0,026846
осуществляется 0,013423 0,013423
ваш 0,013423 0,053692
имя 0,013423 0,067115
другие 0,013423 0,026846
общество 0,265703 0,797109
подборку 5,010635 5,010635
надзору 0,013423 0,013423
нового 1,678431 3,356862
блюдо 2,014903 4,029806
срок 0,013423 0,026846
издание 0,013423 0,013423
оливье 3,218876 6,437752
бульвар 0,013423 0,026846
хотите 0,013423 0,013423
заполните 0,013423 0,067115
технологий 0,013423 0,026846
сетевое 0,013423 0,013423
блюда 2,177422 4,354844
неделю 1,373049 1,373049
вновь 0,013423 0,013423
сменить 0,013423 0,013423
материал 0,013423 0,013423
участвовать 0,013423 0,026846
сообщить 0,013423 0,013423
пошаговые 2,238047 4,476093
счастье 4,317488 4,317488
успешно 0,013423 0,013423
скриншот 0,013423 0,040269
вциом 4,317488 4,317488
лента 0,006689 0,013378
приготовить 2,014903 22,163933
заблокированы 0,013423 0,013423
спорт 0,190354 0,190354
сфере 0,013423 0,013423
грузия 3,912023 3,912023
месяц 1,297063 1,297063
свидетельство 0,013423 0,013423
правила 0,013423 0,026846
взаимодействия 0,013423 0,026846
сохранить 0,013423 0,013423
информационное 0,013423 0,040269
комментирования 0,013423 0,026846
праздников 4,317488 4,317488
пресс 0,013423 0,026846
кулинария 2,525729 17,680101
применения 0,013423 0,013423
федеральному 0,013423 0,026846
персональных 0,013423 0,107384
произошла 0,013423 0,013423
дата 0,013423 0,013423
ваше 0,013423 0,107384
сайте 0,013423 0,013423
ваши 0,013423 0,013423
сугроб 3,064725 6,129450
фио 0,013423 0,013423
восстановить 0,013423 0,013423
пожалуйста 0,013423 0,013423
стол 2,238047 8,952186
ниже 0,013423 0,040269
версия 0,013423 0,013423
вопроса 0,013423 0,013423
горячие 3,912023 3,912023
россия 0,006689 0,060201
поля 0,013423 0,093961
туристы 3,401197 6,802395
ретро 5,010635 5,010635
января 1,160488 5,802438
государственному 0,013423 0,026846
регистрации 0,013423 0,026846
европе 2,238047 2,238047
поле 0,013423 0,013423
сайт 0,013423 0,026846
сервисы 0,190354 0,190354
мурманская 3,912023 3,912023
зарегистрировано 0,013423 0,013423
другое 0,013423 0,013423
туризм 0,283247 5,664950
поддерживаетсяполучить 0,013423 0,013423
адрес 0,013423 0,040269
соответствии 0,013423 0,026846
рождественские 5,010635 5,010635
тигра 5,010635 10,021271
загрузите 0,013423 0,013423
сообщения 0,013423 0,053692
европа 2,371578 4,743156
загрузить 0,013423 0,013423
направлении 0,013423 0,013423
кулинаров 2,931194 2,931194
замеченных 0,013423 0,013423
телефон 0,013423 0,013423
отправки 0,013423 0,013423
унитарному 0,013423 0,026846
период 1,160488 1,160488
сообщение 0,013423 0,134230
выберите 0,013423 0,040269
старые 0,013423 0,013423
попробуйте 0,013423 0,013423
салатовновый 5,010635 5,010635
бутерброды 2,525729 5,051457
защитой 0,013423 0,026846
статьи 0,013423 0,013423
подтвердите 0,013423 0,013423
авторизация 0,013423 0,013423
религия 0,283247 0,283247
форма 0,013423 0,013423
логином 0,013423 0,013423
рейтинг 0,006689 0,006689
галочку 0,013423 0,013423
форме 2,302585 4,605170
перетащите 0,013423 0,040269
материале 0,013423 0,026846
культура 0,292136 0,584273
материала 0,013423 0,026846
происшествия 0,292136 0,292136
вашего 0,013423 0,013423
паролем 0,013423 0,013423
скрыть 5,010635 5,010635
советский 3,624341 3,624341
современный 3,912023 3,912023
способы 0,013423 0,026846
оригинальные 2,445686 4,891372
зарегистрируйтесь 0,013423 0,013423
обо 0,013423 0,013423
недвижимость 0,292136 0,292136
дискуссии 0,013423 0,026846
рецептырецепты 1,875141 3,750282
эмилия 5,010635 5,010635
редактор 0,013423 0,013423
унитарное 0,013423 0,013423
игрушки 3,912023 3,912023
форму 0,013423 0,093961
удовольствием 5,010635 5,010635
тема 0,013423 0,040269
отправленного 0,013423 0,013423
связанные 0,013423 0,013423
рекомендательных 0,013423 0,013423
данная 0,013423 0,013423
разных 2,177422 2,177422
новая 3,064725 3,064725
обратная 0,013423 0,026846
риа 0,006689 0,006689
диета 3,912023 3,912023
организма 3,624341 3,624341
арктика 3,912023 3,912023
милан 3,912023 3,912023
проставляя 0,013423 0,013423
связанных 0,013423 0,013423
опишите 0,013423 0,013423
заполнения 0,013423 0,093961
полезное 0,182322 0,182322
год 0,967584 21,286849
службе 0,013423 0,013423
релизов 0,013423 0,013423
ваших 0,013423 0,026846
кухня 1,832581 1,832581
почты 0,013423 0,013423
арктическая 5,010635 5,010635
напитков 2,813411 2,813411
рим 4,317488 4,317488
варежка 3,064725 6,129450
агентство 0,013423 0,040269
небанальные 5,010635 5,010635
правил 0,013423 0,040269
авторизоваться 0,013423 0,013423
авторизуйтесь 0,013423 0,013423
советы 1,752539 3,505078
агентства 0,013423 0,013423
сегодня 0,013423 0,067115
расширенный 0,013423 0,013423
модная 5,010635 5,010635
новыесначала 0,013423 0,013423
шапка 0,013423 0,013423
праздника 2,371578 2,371578
отправить 0,013423 0,147653
продолжить 0,013423 0,013423
справки 1,875141 1,875141
решении 0,013423 0,013423
венеция 5,010635 5,010635
необычные 2,238047 8,952186
воспользуйтесь 0,013423 0,040269
участие 0,006689 0,006689
аккаунт 0,013423 0,053692
экономика 0,292136 0,292136
старая 5,010635 5,010635
обсуждение 0,013423 0,013423
использовать 0,013423 0,013423
опечатка 0,013423 0,013423
блокировки 0,013423 0,013423
онлайн 0,013423 0,013423
контактов 0,013423 0,013423
почта 0,013423 0,080538
апреля 0,013423 0,013423
история 1,484275 1,484275
фамилия 0,013423 0,013423
празднику 3,401197 3,401197
нами 0,013423 0,093961
яндекс 0,013423 0,026846
удалили 0,013423 0,040269
либо 0,013423 0,013423
вакансии 0,013423 0,013423
праздники 1,791759 3,583519
аккаунту 0,013423 0,013423
открываемого 0,013423 0,026846
нажимая 0,013423 0,013423
поиск 0,013423 0,013423
кухнирецепты 2,612740 5,225480
вами 0,013423 0,013423
недопустимое 0,013423 0,013423
согласны 0,013423 0,040269
истек 0,013423 0,013423
мурманск 5,010635 5,010635
предприятию 0,013423 0,026846
рекламы 0,013423 0,013423
внимание 0,013423 0,013423
принимать 0,013423 0,013423
сможете 0,013423 0,013423
западная 4,317488 4,317488
года 0,006689 0,020067
детокс 5,010635 5,010635
ознакомлены 0,013423 0,013423
моих 0,013423 0,026846
гастрономия 3,401197 10,203592
предприятие 0,013423 0,013423
наука 0,292136 0,292136
откройте 5,010635 5,010635
обсуждения 0,013423 0,013423
блокировкой 0,013423 0,040269
