законным 0,013423 0,013423
медицинской 3,401197 3,401197
банк 2,813411 2,813411
индексируются 5,010635 5,010635
день 1,203973 1,203973
медалями 5,010635 5,010635
созданы 4,317488 4,317488
найти 0,013423 0,013423
основанием 0,013423 0,013423
коэффициента 3,912023 3,912023
пени 4,317488 8,634976
некоторых 2,525729 2,525729
воинскую 4,317488 4,317488
вынесения 3,912023 3,912023
заявление 2,445686 4,891372
заявлении 3,624341 3,624341
военнослужащего 5,010635 20,042541
статьях 5,010635 5,010635
выделять 4,317488 4,317488
долги 3,624341 7,248682
картой 4,317488 4,317488
возмещается 5,010635 5,010635
реклама 0,190354 0,190354
долга 3,624341 7,248682
заявления 2,708050 5,416100
готово 0,013423 0,026846
наградой 5,010635 5,010635
область 1,714798 1,714798
кредитного 4,317488 4,317488
партнера 5,010635 5,010635
кредитору 5,010635 5,010635
заголовок 0,013423 0,026846
пройти 4,317488 4,317488
льгота 4,317488 8,634976
процесса 0,013423 0,013423
проблему 0,013423 0,013423
проект 2,525729 2,525729
подъемного 5,010635 5,010635
несовершеннолетние 3,912023 3,912023
национальной 2,931194 5,862388
соглашаетесь 0,013423 0,013423
льготы 2,931194 131,903719
инвалидам 4,317488 17,269952
территории 2,813411 2,813411
умерли 5,010635 5,010635
вступил 3,912023 3,912023
оздоровительные 5,010635 5,010635
озучастники 5,010635 5,010635
надбавки 5,010635 5,010635
прием 4,317488 4,317488
вступит 5,010635 10,021271
отправлено 0,013423 0,013423
украине 1,427116 1,427116
вдовы 5,010635 5,010635
степени 4,317488 8,634976
гражданам 3,912023 7,824046
гарантиях 3,912023 7,824046
боевых 3,624341 28,994727
перейдите 0,013423 0,013423
спорта 2,931194 2,931194
системе 3,218876 3,218876
базу 3,624341 3,624341
начата 5,010635 5,010635
закрыто 0,013423 0,013423
сколько 0,006689 0,006689
материалов 0,013423 0,040269
могут 1,643339 18,076734
отправлена 0,013423 0,013423
определен 5,010635 5,010635
чате 0,013423 0,013423
приостановить 5,010635 5,010635
кремле 2,371578 2,371578
постепенно 2,931194 2,931194
здоровья 2,612740 2,612740
чату 0,013423 0,013423
редакцией 0,013423 0,013423
тамбове 5,010635 10,021271
увечий 5,010635 10,021271
новому 2,612740 2,612740
очно 5,010635 5,010635
сотрудникам 5,010635 5,010635
резервистам 5,010635 5,010635
заявку 3,912023 3,912023
знаками 5,010635 5,010635
обороны 2,177422 10,887110
единого 4,317488 4,317488
некоторым 3,912023 3,912023
легковых 5,010635 5,010635
некоторые 2,525729 5,051457
архив 0,190354 0,190354
июля 1,791759 1,791759
оздоровительных 5,010635 5,010635
ошибках 0,013423 0,013423
труда 3,064725 3,064725
старости 3,912023 3,912023
медицинское 5,010635 15,031906
отказать 3,624341 3,624341
одновременно 3,401197 3,401197
кредиту 4,317488 4,317488
кредиты 2,813411 2,813411
кредита 3,401197 3,401197
вследствие 3,912023 3,912023
созаемщикам 5,010635 5,010635
официального 3,912023 3,912023
проценты 5,010635 5,010635
федеральное 0,013423 0,013423
федеральной 0,013423 0,013423
федеральном 4,317488 8,634976
международное 0,013423 0,040269
новостей 0,006689 0,006689
ноября 1,714798 6,859194
сроком 3,624341 3,624341
приказом 3,912023 3,912023
вакантных 5,010635 5,010635
заемщик 4,317488 4,317488
армия 2,708050 2,708050
перейти 1,203973 28,895347
темеправительство 5,010635 5,010635
реабилитации 3,912023 19,560115
зоне 2,931194 17,587163
колледжи 4,317488 4,317488
обратной 0,013423 0,067115
подкасты 0,292136 0,292136
средств 2,813411 2,813411
выносится 5,010635 5,010635
вводится 5,010635 5,010635
находится 2,931194 2,931194
удостоверения 4,317488 8,634976
продлевается 5,010635 5,010635
едв 4,317488 4,317488
взяты 4,317488 4,317488
реабилитация 4,317488 4,317488
федерального 3,218876 16,094379
имеет 2,066196 12,397178
детское 3,912023 3,912023
реабилитацию 5,010635 10,021271
аналогичном 5,010635 5,010635
юридической 3,401197 10,203592
званий 5,010635 5,010635
удобное 4,317488 4,317488
ведения 3,912023 7,824046
окончания 3,624341 3,624341
отмены 3,912023 3,912023
каждого 2,931194 8,793581
мире 0,274437 0,274437
годом 3,624341 3,624341
власти 2,525729 2,525729
продолжается 4,317488 4,317488
санаторного 5,010635 5,010635
вопросам 0,013423 0,026846
обслуживание 4,317488 12,952464
кредитному 5,010635 10,021271
расчетного 5,010635 5,010635
вконтакте 0,013423 0,026846
области 1,919593 3,839186
навсегда 0,013423 0,013423
заявлением 3,624341 3,624341
выделяют 5,010635 5,010635
включительно 4,317488 4,317488
детские 3,912023 11,736069
приказами 5,010635 5,010635
воинского 5,010635 5,010635
продолжать 4,317488 4,317488
спецоперации 2,525729 15,154372
преимущественное 5,010635 5,010635
состояние 3,401197 3,401197
ремонт 3,624341 3,624341
детских 3,912023 3,912023
святого 3,064725 12,258901
бюджет 4,317488 4,317488
юрист 2,371578 2,371578
заполнить 0,013423 0,026846
статус 3,064725 6,129450
родственники 5,010635 10,021271
другие 0,013423 0,080538
общество 0,265703 1,062813
обучающиеся 5,010635 10,021271
надзору 0,013423 0,013423
январягерой 5,010635 5,010635
другим 3,624341 3,624341
проводилась 4,317488 4,317488
издание 0,013423 0,013423
освобождаются 5,010635 10,021271
наградам 5,010635 5,010635
заполните 0,013423 0,067115
других 1,966113 5,898339
сетевое 0,013423 0,013423
образом 2,302585 2,302585
социального 3,218876 9,656627
добавляются 5,010635 5,010635
федерации 2,177422 21,774220
совфед 5,010635 5,010635
культуры 3,218876 3,218876
добровольческих 5,010635 5,010635
определении 5,010635 5,010635
вести 4,317488 8,634976
отделение 3,912023 3,912023
спорт 0,190354 0,190354
отделении 3,624341 3,624341
кредит 3,064725 3,064725
ипотекой 4,317488 8,634976
автомобили 4,317488 4,317488
субъектов 3,624341 3,624341
признанные 4,317488 4,317488
подает 4,317488 4,317488
сохранить 0,013423 0,013423
техникумы 4,317488 4,317488
чину 5,010635 5,010635
федеральному 0,013423 0,040269
нахождения 3,912023 3,912023
полное 3,401197 3,401197
объема 3,624341 3,624341
направлениям 3,912023 3,912023
имеют 2,525729 27,783015
пребывания 5,010635 5,010635
диагностика 4,317488 4,317488
пожалуйста 0,013423 0,013423
паспорт 2,931194 2,931194
месячного 5,010635 5,010635
ниже 0,013423 0,040269
медицинская 5,010635 20,042541
поля 0,013423 0,093961
направляются 4,317488 4,317488
расходов 3,624341 10,873023
призванным 5,010635 20,042541
призванные 5,010635 5,010635
государственному 0,013423 0,040269
единовременные 5,010635 10,021271
следовательно 3,912023 3,912023
предоставляют 3,912023 3,912023
законом 3,401197 3,401197
неустойку 5,010635 5,010635
поле 0,013423 0,013423
дома 2,238047 2,238047
супругам 5,010635 5,010635
антонина 5,010635 20,042541
туризм 0,283247 0,283247
тарифа 5,010635 5,010635
руководство 3,401197 6,802395
районам 5,010635 10,021271
соответствии 0,013423 0,107384
медиабанкиспользование 5,010635 5,010635
загрузите 0,013423 0,013423
санаторно 5,010635 25,053176
районах 4,317488 4,317488
загрузить 0,013423 0,013423
услуг 2,813411 8,440232
направлении 0,013423 0,026846
замеченных 0,013423 0,013423
особенности 2,708050 2,708050
списании 5,010635 5,010635
фонда 3,912023 11,736069
коммунальных 2,813411 5,626821
продлили 4,317488 4,317488
период 1,160488 10,444389
годным 5,010635 5,010635
самого 3,401197 3,401197
коммунальным 4,317488 4,317488
вида 2,931194 2,931194
регионов 3,218876 9,656627
кроме 1,919593 15,356743
попробуйте 0,013423 0,013423
послабления 5,010635 10,021271
продолжаются 5,010635 5,010635
страховой 4,317488 12,952464
описанные 5,010635 5,010635
перечисление 5,010635 5,010635
документов 3,624341 14,497364
бизнес 3,064725 3,064725
предмет 3,624341 3,624341
статьи 0,013423 0,013423
подтвердите 0,013423 0,013423
посмертно 5,010635 5,010635
обналичить 4,317488 4,317488
почетных 5,010635 5,010635
культура 0,292136 0,292136
происшествия 0,292136 0,292136
ростовская 4,317488 4,317488
набор 3,624341 3,624341
соответственно 3,401197 3,401197
врача 2,813411 2,813411
обо 0,013423 0,013423
предусматриваться 5,010635 5,010635
редактор 0,013423 0,013423
комиссариата 5,010635 10,021271
затрагивает 5,010635 5,010635
фгуп 0,499776 2,498879
юбилейных 5,010635 5,010635
близкие 4,317488 4,317488
принимающих 5,010635 10,021271
отправленного 0,013423 0,013423
профобразование 5,010635 5,010635
имущество 3,912023 3,912023
прочие 5,010635 5,010635
организациям 5,010635 10,021271
контрактники 5,010635 15,031906
обратная 0,013423 0,026846
различные 2,931194 5,862388
контрактника 5,010635 20,042541
организациях 4,317488 12,952464
спортом 4,317488 4,317488
водительского 4,317488 4,317488
комиссариаты 5,010635 5,010635
право 2,525729 50,514573
опишите 0,013423 0,013423
покупку 4,317488 4,317488
рассмотрения 4,317488 4,317488
медиабанкденежные 5,010635 5,010635
распространить 5,010635 5,010635
максим 2,525729 15,154372
почты 0,013423 0,013423
учитываться 4,317488 4,317488
медиабанкброшюры 5,010635 5,010635
наравне 5,010635 5,010635
налогообложения 4,317488 4,317488
супруг 5,010635 10,021271
уведомление 3,218876 3,218876
передовой 3,912023 3,912023
департаментом 5,010635 5,010635
добровольцами 5,010635 5,010635
регионах 2,931194 5,862388
портале 3,401197 6,802395
стране 2,813411 2,813411
сегодня 0,013423 0,134230
вместо 2,813411 2,813411
потере 4,317488 8,634976
долгов 3,912023 3,912023
кресла 4,317488 4,317488
десяти 4,317488 4,317488
отправить 0,013423 0,147653
продолжить 0,013423 0,013423
распространились 5,010635 5,010635
изготовление 5,010635 5,010635
решение 1,791759 1,791759
решении 0,013423 0,026846
проходить 3,912023 7,824046
дети 3,064725 18,388351
экономика 0,292136 0,292136
обсуждение 0,013423 0,013423
васильева 3,912023 15,648092
ордена 3,912023 11,736069
блокировки 0,013423 0,013423
почта 0,013423 0,080538
организации 2,525729 2,525729
гвардии 4,317488 8,634976
организаций 3,064725 3,064725
фамилия 0,013423 0,013423
школы 3,064725 3,064725
начиная 3,624341 7,248682
решения 2,238047 4,476093
полученных 3,624341 14,497364
яндекс 0,013423 0,026846
объявления 4,317488 4,317488
удалили 0,013423 0,040269
обратить 3,912023 3,912023
аккаунту 0,013423 0,013423
летних 3,218876 3,218876
возникшим 5,010635 5,010635
открываемого 0,013423 0,026846
достижения 2,813411 2,813411
материнского 4,317488 4,317488
возраста 2,931194 5,862388
условий 3,064725 3,064725
мобилизованного 5,010635 15,031906
льготыроссиявооруженные 5,010635 5,010635
установление 4,317488 8,634976
рекламы 0,013423 0,013423
участник 3,624341 3,624341
установлении 3,912023 7,824046
добровольческом 5,010635 5,010635
объявлении 5,010635 10,021271
газификацию 5,010635 5,010635
втором 3,218876 3,218876
методов 5,010635 5,010635
ежегодный 4,317488 4,317488
обязательств 3,218876 6,437752
оборудовании 5,010635 5,010635
оборудование 3,401197 6,802395
каникулы 5,010635 15,031906
оборудования 5,010635 5,010635
обсуждения 0,013423 0,013423
классному 5,010635 5,010635
установления 3,401197 6,802395
блокировкой 0,013423 0,040269
семьи 2,445686 29,348231
специальностям 4,317488 4,317488
контрактников 5,010635 15,031906
георгия 5,010635 20,042541
шаркова 5,010635 20,042541
специальный 2,931194 2,931194
поощрения 5,010635 10,021271
выплачивается 4,317488 21,587441
договору 3,912023 11,736069
получили 2,525729 2,525729
квт 5,010635 5,010635
ставке 3,912023 3,912023
начисляются 4,317488 4,317488
менее 2,177422 8,709688
доступ 0,013423 0,026846
автору 0,013423 0,013423
денежного 4,317488 25,904929
помощь 3,064725 15,323626
первом 2,708050 2,708050
пенсионного 3,912023 7,824046
населения 3,064725 6,129450
месяцев 2,708050 2,708050
словам 1,752539 10,515233
г 0,013423 0,107384
д 0,013423 0,026846
е 3,912023 7,824046
силы 2,014903 10,074515
рассчитывается 3,912023 7,824046
п 3,218876 3,218876
силу 3,064725 15,323626
медиабанкотделение 5,010635 5,010635
течение 0,013423 0,107384
какие 2,177422 26,129063
ч 2,612740 2,612740
оно 2,302585 2,302585
награждении 5,010635 20,042541
приведшие 5,010635 5,010635
применяется 3,218876 9,656627
пребывающие 5,010635 5,010635
награждения 4,317488 4,317488
поощрение 5,010635 30,063812
поощрении 5,010635 5,010635
денежные 3,912023 11,736069
васильевой 4,317488 4,317488
денежным 5,010635 5,010635
восстановления 0,013423 0,013423
договора 3,218876 3,218876
соответствующие 3,624341 3,624341
жилищные 4,317488 4,317488
региональных 4,317488 4,317488
разблокировать 0,013423 0,040269
город 0,013423 0,013423
осуществляются 5,010635 10,021271
следующего 3,401197 3,401197
новостеймолния 0,013423 0,013423
получившие 5,010635 5,010635
одноклассники 0,013423 0,026846
сумму 2,525729 7,577186
получившим 5,010635 10,021271
полиции 4,317488 4,317488
охране 4,317488 8,634976
суммы 3,912023 11,736069
западесамое 5,010635 5,010635
кнопку 0,013423 0,013423
оформляют 5,010635 10,021271
коммуникаций 0,013423 0,013423
банковские 4,317488 12,952464
пароль 0,013423 0,080538
пароля 0,013423 0,053692
мест 3,912023 7,824046
банковский 5,010635 5,010635
хозяйстве 4,317488 8,634976
выплачивает 4,317488 4,317488
вход 0,013423 0,013423
засчитываются 5,010635 5,010635
удалено 0,013423 0,013423
превышают 3,912023 3,912023
медиабанкмужчины 5,010635 5,010635
меры 2,612740 5,225480
прокомментировали 4,317488 4,317488
сумма 3,218876 9,656627
охраны 4,317488 4,317488
родителям 4,317488 4,317488
прекращены 5,010635 5,010635
графику 5,010635 5,010635
всей 2,445686 4,891372
бюджетных 5,010635 5,010635
органом 4,317488 4,317488
предназначены 3,912023 3,912023
мера 3,401197 3,401197
помощи 2,066196 4,132393
пользоваться 3,912023 3,912023
объясняет 3,218876 12,875503
приняла 4,317488 8,634976
семьям 4,317488 17,269952
ссылка 0,013423 0,026846
ссылке 0,013423 0,013423
медиабанкнабор 5,010635 5,010635
ссылки 0,013423 0,013423
помочь 0,013423 0,013423
установленной 3,912023 3,912023
властей 5,010635 5,010635
митина 5,010635 5,010635
бюджетные 3,624341 3,624341
разведение 5,010635 5,010635
денежному 5,010635 5,010635
финансовой 2,813411 2,813411
довольствия 4,317488 4,317488
тыс 3,624341 21,746046
московская 2,525729 2,525729
кредитор 5,010635 5,010635
предпринимательской 5,010635 15,031906
денежную 5,010635 10,021271
нотариальных 5,010635 5,010635
безвестно 5,010635 5,010635
совпадать 5,010635 5,010635
пропавшего 5,010635 5,010635
москве 1,118815 2,237630
москва 0,006689 0,020067
воспользоваться 0,013423 0,013423
отдельных 3,912023 7,824046
входа 0,013423 0,013423
примыкающих 5,010635 15,031906
довольствие 5,010635 15,031906
проходящим 5,010635 25,053176
отдельным 5,010635 5,010635
довольствии 5,010635 10,021271
деньги 2,445686 2,445686
москвы 1,455287 4,365862
политикой 0,013423 0,040269
свокостромской 5,010635 5,010635
путевки 5,010635 5,010635
установлены 3,624341 3,624341
перечня 4,317488 8,634976
вступительных 5,010635 5,010635
обучение 3,624341 10,873023
родственные 5,010635 5,010635
обращений 0,013423 0,013423
мобилизованы 5,010635 5,010635
погибшего 5,010635 10,021271
автомобилей 3,401197 3,401197
увечийв 5,010635 5,010635
страховые 3,624341 21,746046
задолженностью 5,010635 5,010635
присвоении 5,010635 5,010635
ветеран 3,912023 3,912023
рубля 3,401197 13,604790
подразделения 3,401197 6,802395
приоритетном 5,010635 5,010635
транспорта 3,064725 6,129450
зарегистрироваться 0,013423 0,053692
пожаловаться 0,013423 0,013423
вступительные 5,010635 5,010635
сентября 1,514128 3,028255
установлена 4,317488 8,634976
новости 0,006689 0,234115
войти 0,013423 0,053692
очной 3,912023 3,912023
сельском 4,317488 8,634976
действия 0,013423 0,053692
месячный 5,010635 5,010635
защита 0,013423 0,026846
регистрация 0,013423 0,040269
соответствующими 5,010635 5,010635
справкой 5,010635 5,010635
восстановление 0,013423 0,040269
особые 3,218876 3,218876
государственное 0,013423 0,013423
новицкой 5,010635 5,010635
обучения 3,624341 3,624341
государственной 2,813411 8,440232
земельные 5,010635 5,010635
погибли 3,624341 7,248682
позволит 3,218876 3,218876
окладов 5,010635 10,021271
спецпроекты 0,190354 0,190354
кредитных 3,912023 7,824046
просим 0,013423 0,013423
излечении 5,010635 5,010635
заблокирован 0,013423 0,013423
званием 5,010635 10,021271
путевок 4,317488 4,317488
защиты 0,013423 0,040269
контрактникам 4,317488 8,634976
обращения 0,013423 0,040269
действий 3,624341 32,619068
инвалидами 4,317488 8,634976
февраля 0,616186 1,232372
вступления 4,317488 4,317488
многофункционального 5,010635 10,021271
самых 1,875141 1,875141
подтверждаете 0,013423 0,013423
денежное 5,010635 20,042541
деятельности 2,931194 8,793581
установка 3,912023 3,912023
размер 2,813411 33,760929
земельных 5,010635 5,010635
пяти 3,218876 12,875503
ваш 0,013423 0,053692
кредитным 4,317488 8,634976
денежном 5,010635 10,021271
губернатор 4,317488 4,317488
кредитные 3,912023 11,736069
денежной 3,912023 7,824046
законами 5,010635 5,010635
установку 4,317488 4,317488
внесенному 5,010635 5,010635
срок 0,013423 0,120807
гаражи 5,010635 5,010635
считаться 4,317488 4,317488
технологий 0,013423 0,026846
материал 0,013423 0,013423
погашается 5,010635 5,010635
медиабанкновое 5,010635 5,010635
мобилизован 5,010635 5,010635
микропроцессорным 5,010635 5,010635
входят 3,624341 3,624341
тайной 5,010635 5,010635
жкх 2,708050 13,540251
волонтеров 5,010635 5,010635
уточняет 2,708050 2,708050
месяц 1,297063 1,297063
законопроекту 5,010635 5,010635
министерства 3,624341 3,624341
правила 0,013423 0,026846
подтверждаются 5,010635 5,010635
тяжелом 5,010635 10,021271
стационарных 5,010635 5,010635
тяжелое 5,010635 25,053176
жительства 3,401197 3,401197
правило 3,064725 6,129450
постановления 5,010635 5,010635
комментирования 0,013423 0,026846
очереди 3,912023 15,648092
инвалиды 3,912023 3,912023
государственная 3,624341 3,624341
увечья 4,317488 21,587441
образовательных 3,912023 7,824046
рублей 2,525729 30,308744
вс 3,218876 9,656627
лагерях 5,010635 5,010635
ваше 0,013423 0,107384
сайте 0,013423 0,013423
ваши 0,013423 0,013423
возмещение 5,010635 5,010635
процентов 2,931194 14,655969
представлению 5,010635 5,010635
восстановить 0,013423 0,013423
техническими 5,010635 10,021271
гд 3,912023 3,912023
судом 4,317488 8,634976
орденом 5,010635 5,010635
вопроса 0,013423 0,013423
внесенные 5,010635 5,010635
заемщика 3,912023 3,912023
го 2,177422 4,354844
рассказали 2,066196 2,066196
судебный 4,317488 4,317488
государства 2,931194 5,862388
командиров 4,317488 4,317488
заемщику 5,010635 5,010635
предусмотренного 5,010635 5,010635
предпринимательства 4,317488 4,317488
чтениях 5,010635 5,010635
образовательные 3,912023 7,824046
регистрации 0,013423 0,026846
рабочих 3,624341 10,873023
сайт 0,013423 0,026846
др 4,317488 4,317488
задач 3,218876 12,875503
другое 0,013423 0,013423
трех 2,177422 4,354844
рабочие 3,912023 3,912023
поддерживаетсяполучить 0,013423 0,013423
оплату 3,912023 7,824046
специальной 4,317488 60,444834
смогут 3,401197 13,604790
указ 5,010635 5,010635
руководителей 5,010635 5,010635
контроле 5,010635 5,010635
увечье 5,010635 10,021271
семей 3,401197 27,209579
необходимости 2,612740 2,612740
числе 2,525729 7,577186
проведения 2,525729 7,577186
унитарному 0,013423 0,026846
число 2,371578 4,743156
обновлено 1,003302 1,003302
принимают 3,401197 3,401197
её 3,064725 3,064725
доцента 3,912023 3,912023
списывать 5,010635 5,010635
доброволец 4,317488 4,317488
признаны 5,010635 10,021271
документа 3,218876 3,218876
мобилизации 4,317488 38,857393
заявительное 5,010635 5,010635
выплачиваются 5,010635 5,010635
размера 2,708050 2,708050
размере 3,912023 39,120230
договорам 5,010635 5,010635
возбуждено 4,317488 4,317488
форма 0,013423 0,013423
логином 0,013423 0,013423
работодателя 5,010635 5,010635
среднее 4,317488 4,317488
форме 2,302585 4,605170
составляет 2,445686 14,674116
документы 3,064725 27,582526
взыскание 4,317488 4,317488
муниципальных 5,010635 15,031906
взыскании 5,010635 5,010635
социальной 2,445686 14,674116
тысяч 2,238047 2,238047
напоминает 3,401197 3,401197
медиабанкудостоверения 5,010635 5,010635
сухоруков 4,317488 25,904929
пенсионному 5,010635 5,010635
шкала 5,010635 5,010635
дискуссии 0,013423 0,026846
ип 4,317488 4,317488
позволяет 2,445686 4,891372
члены 3,624341 14,497364
сотрудников 2,708050 5,416100
составляло 5,010635 5,010635
повышение 3,912023 3,912023
календарный 4,317488 4,317488
форму 0,013423 0,093961
обеспеченного 5,010635 5,010635
сады 5,010635 5,010635
социальная 3,912023 11,736069
рфсвообществосоциальные 5,010635 5,010635
исключением 3,401197 3,401197
страхового 5,010635 5,010635
данная 0,013423 0,013423
первоочередное 5,010635 15,031906
ряде 4,317488 8,634976
каникул 5,010635 5,010635
медиабанк 1,321756 15,861070
региональном 5,010635 10,021271
электрика 5,010635 5,010635
кредитам 3,912023 3,912023
октября 1,832581 3,665163
михальчевский 4,317488 8,634976
перевестись 5,010635 5,010635
следующих 2,612740 5,225480
граждан 2,931194 8,793581
награда 5,010635 5,010635
следующим 3,218876 3,218876
вне 3,401197 6,802395
наступила 4,317488 8,634976
месяца 2,708050 8,124151
следующие 2,238047 2,238047
авторизуйтесь 0,013423 0,013423
досрочной 5,010635 5,010635
телефона 3,064725 6,129450
президент 2,238047 4,476093
расширенный 0,013423 0,013423
досрочном 5,010635 5,010635
роман 3,401197 6,802395
профессиональное 5,010635 10,021271
члена 4,317488 4,317488
обеспечению 5,010635 5,010635
государство 3,064725 3,064725
справки 1,875141 1,875141
отбора 3,912023 7,824046
заключившим 5,010635 5,010635
месту 3,624341 3,624341
участие 0,006689 0,033445
направляется 4,317488 4,317488
участии 4,317488 8,634976
опечатка 0,013423 0,013423
принятия 4,317488 8,634976
каждый 2,120264 2,120264
строения 5,010635 5,010635
онлайн 0,013423 0,013423
доходы 3,912023 7,824046
утв 5,010635 5,010635
осуществляться 5,010635 5,010635
университете 4,317488 8,634976
раздел 3,401197 6,802395
полагались 5,010635 5,010635
курортное 5,010635 25,053176
обеспечение 3,624341 14,497364
выплачивают 4,317488 4,317488
финансовым 4,317488 4,317488
категорию 4,317488 4,317488
обладателей 5,010635 5,010635
университета 2,177422 6,532266
московской 3,401197 6,802395
уровне 2,931194 2,931194
нами 0,013423 0,093961
гибели 3,624341 14,497364
ндфл 4,317488 4,317488
места 2,612740 10,450960
отдельной 3,401197 6,802395
уровень 2,612740 2,612740
владимир 1,373049 2,746098
награды 5,010635 5,010635
страхованию 5,010635 5,010635
вакансии 0,013423 0,013423
денежная 5,010635 35,074447
федеральным 3,624341 3,624341
месте 2,302585 2,302585
задолженности 4,317488 4,317488
страхования 4,317488 4,317488
нажимая 0,013423 0,013423
вами 0,013423 0,013423
недопустимое 0,013423 0,013423
инвалидности 3,624341 36,243409
лагеря 2,612740 2,612740
участки 5,010635 5,010635
получат 3,218876 6,437752
предприятию 0,013423 0,026846
вернуть 2,813411 2,813411
внимание 0,013423 0,013423
сведений 3,401197 3,401197
города 3,064725 3,064725
принимать 0,013423 0,026846
инвалидность 4,317488 17,269952
пределах 3,218876 3,218876
городе 3,624341 7,248682
уровню 4,317488 4,317488
возможность 2,302585 9,210340
скота 4,317488 4,317488
технических 3,401197 3,401197
метрополис 5,010635 10,021271
границы 3,912023 3,912023
чьи 3,624341 7,248682
выслуги 5,010635 5,010635
уровнях 5,010635 5,010635
ознакомлены 0,013423 0,013423
монеты 5,010635 10,021271
завершения 2,931194 2,931194
особом 5,010635 5,010635
отпуск 5,010635 10,021271
изменениям 5,010635 5,010635
особой 3,912023 3,912023
моих 0,013423 0,026846
предприятие 0,013423 0,013423
занятий 4,317488 4,317488
учреждении 3,912023 3,912023
касается 2,612740 5,225480
видов 3,401197 6,802395
разовых 5,010635 5,010635
участия 3,064725 18,388351
обязательства 3,401197 3,401197
подразделением 5,010635 5,010635
рф 1,181994 31,913835
матушкин 5,010635 5,010635
письмо 0,013423 0,013423
преференций 5,010635 5,010635
содержания 3,401197 13,604790
спасибо 0,013423 0,013423
указан 3,401197 3,401197
преференции 5,010635 25,053176
стаж 4,317488 8,634976
подразумевает 4,317488 4,317488
героям 5,010635 10,021271
согласие 0,013423 0,026846
центр 0,190354 0,190354
содержавшими 5,010635 5,010635
газового 5,010635 5,010635
налогового 5,010635 5,010635
содержанию 4,317488 4,317488
ст 2,813411 19,693875
декабря 1,098612 5,493061
таким 2,525729 2,525729
одно 2,371578 2,371578
якутии 3,912023 3,912023
изделиями 5,010635 5,010635
связаться 0,013423 0,080538
производство 2,708050 2,708050
дополнительно 3,624341 3,624341
частности 3,064725 6,129450
те 2,813411 2,813411
капитала 3,624341 3,624341
фото 0,013423 0,013423
лет 1,514128 13,627150
предусмотрено 3,624341 3,624341
связь 0,006689 0,013378
принятом 4,317488 4,317488
психологическую 5,010635 5,010635
такие 2,525729 5,051457
внесения 4,317488 4,317488
относятся 2,813411 2,813411
европейской 2,238047 2,238047
тц 4,317488 8,634976
представлены 3,624341 3,624341
участков 5,010635 5,010635
предложено 4,317488 4,317488
запас 5,010635 5,010635
информационных 0,013423 0,013423
размещения 0,013423 0,013423
необходимых 3,912023 7,824046
социальных 3,218876 6,437752
конфиденциальности 0,013423 0,053692
связи 0,013423 0,093961
ум 5,010635 10,021271
адресу 0,013423 0,026846
социальные 3,401197 13,604790
выплатному 5,010635 5,010635
отмечает 1,966113 1,966113
данных 0,013423 0,120807
социальный 2,708050 5,416100
письма 0,013423 0,013423
часов 0,013423 0,026846
фз 3,064725 21,453076
главный 0,013423 0,013423
данные 0,013423 0,013423
также 1,139434 14,812646
уплачивать 5,010635 10,021271
член 3,624341 3,624341
удостоверяющего 3,912023 3,912023
обязующий 5,010635 5,010635
травм 5,010635 5,010635
одной 2,120264 2,120264
поступающих 5,010635 10,021271
фотографию 0,013423 0,013423
подтверждения 3,624341 3,624341
рассказывает 2,371578 4,743156
сначала 0,013423 0,026846
лиц 2,302585 2,302585
исчислении 5,010635 5,010635
изменении 3,912023 3,912023
подписания 3,912023 7,824046
сверх 5,010635 5,010635
являющиеся 5,010635 5,010635
должности 3,912023 3,912023
законопроект 4,317488 4,317488
воюет 5,010635 5,010635
ступенеходами 5,010635 5,010635
квартиры 3,218876 3,218876
поддержка 3,912023 7,824046
медико 4,317488 8,634976
ежемесячной 4,317488 8,634976
предоставляются 5,010635 10,021271
списать 5,010635 5,010635
ежемесячное 4,317488 4,317488
поддержки 2,931194 11,724775
льготами 5,010635 5,010635
рассмотрены 0,013423 0,013423
должность 3,401197 3,401197
учится 4,317488 4,317488
говорит 2,014903 8,059612
перетяните 0,013423 0,013423
формировании 3,912023 3,912023
собраны 5,010635 5,010635
военная 2,120264 4,240527
богодвид 3,218876 19,313255
изменения 2,813411 5,626821
компенсации 3,624341 14,497364
заемщикам 5,010635 5,010635
выпуска 0,013423 0,013423
списка 0,013423 0,013423
формой 0,013423 0,053692
дается 3,912023 3,912023
налог 4,317488 4,317488
российском 4,317488 8,634976
членов 2,813411 8,440232
компенсацию 3,912023 7,824046
замене 4,317488 4,317488
российской 1,678431 16,784308
компенсация 4,317488 12,952464
банкротства 4,317488 4,317488
поступить 4,317488 4,317488
налогам 5,010635 5,010635
договоров 4,317488 4,317488
дошкольных 5,010635 5,010635
ведомств 4,317488 4,317488
фиксированная 4,317488 4,317488
будут 0,013423 0,067115
субсидии 3,912023 3,912023
получать 2,813411 11,253643
признаётся 5,010635 5,010635
ежемесячную 4,317488 8,634976
устанавливается 3,401197 3,401197
портал 3,401197 6,802395
нужно 1,455287 2,910574
оформления 2,931194 17,587163
приемной 5,010635 10,021271
штраф 3,912023 3,912023
перечнем 3,912023 3,912023
оглавление 1,791759 1,791759
закон 2,813411 5,626821
ограничено 4,317488 4,317488
граждане 2,813411 5,626821
упрощена 5,010635 5,010635
бойцам 4,317488 8,634976
реабилитационном 5,010635 5,010635
четырех 3,401197 6,802395
описанием 0,013423 0,013423
супруги 5,010635 5,010635
коляски 5,010635 5,010635
используется 0,013423 0,013423
обязательному 5,010635 5,010635
группы 2,445686 26,902545
обеспеченных 4,317488 4,317488
комиссии 3,624341 7,248682
ветеранами 5,010635 5,010635
вузах 5,010635 5,010635
расторгаются 5,010635 5,010635
эл 0,013423 0,013423
жилые 5,010635 5,010635
дзен 0,851752 0,851752
супруга 5,010635 10,021271
причем 2,708050 2,708050
почему 0,013423 0,013423
приграничье 4,317488 4,317488
выхода 3,912023 7,824046
регулируются 3,912023 3,912023
ежегодно 3,218876 6,437752
кодекса 3,912023 3,912023
платном 5,010635 5,010635
погибших 3,912023 3,912023
жилья 3,912023 7,824046
нарушение 0,013423 0,040269
двигателя 5,010635 5,010635
назад 0,013423 0,067115
список 2,014903 2,014903
дополнение 3,624341 3,624341
знаком 3,912023 3,912023
трефилов 4,317488 8,634976
предусмотрены 3,624341 10,873023
зубовский 0,013423 0,026846
разъяснило 5,010635 5,010635
министра 3,401197 3,401197
осуществляется 0,013423 0,067115
распространяются 5,010635 10,021271
бульвар 0,013423 0,026846
хотите 0,013423 0,013423
вновь 0,013423 0,013423
сменить 0,013423 0,013423
силах 5,010635 5,010635
участвовать 0,013423 0,026846
сообщить 0,013423 0,026846
кормильца 3,912023 7,824046
гертье 5,010635 10,021271
скриншот 0,013423 0,040269
назначении 4,317488 17,269952
ранение 4,317488 43,174881
назначение 4,317488 8,634976
ранений 4,317488 4,317488
ранении 5,010635 10,021271
установить 3,218876 3,218876
росгвардии 5,010635 10,021271
военном 3,624341 3,624341
военной 3,401197 64,622750
взаимодействия 0,013423 0,026846
двойную 4,317488 4,317488
центрах 5,010635 5,010635
зубных 5,010635 5,010635
информационное 0,013423 0,040269
являются 3,218876 3,218876
стали 2,612740 2,612740
займов 4,317488 4,317488
требования 2,525729 5,051457
молодые 5,010635 5,010635
необходима 4,317488 4,317488
фио 0,013423 0,013423
варьироваться 4,317488 4,317488
образование 3,401197 3,401197
увлечения 5,010635 5,010635
президента 2,525729 17,680101
услугам 4,317488 4,317488
необходимо 1,791759 5,375278
версия 0,013423 0,013423
назначению 5,010635 5,010635
назначения 3,624341 7,248682
обычно 2,813411 2,813411
перераспределения 4,317488 4,317488
требование 4,317488 8,634976
варвара 5,010635 10,021271
военнослужащих 3,912023 39,120230
органы 3,624341 3,624341
поступают 5,010635 5,010635
выполнение 3,912023 3,912023
работу 2,708050 5,416100
зарегистрировано 0,013423 0,013423
адрес 0,013423 0,040269
отношения 2,525729 2,525729
работа 2,612740 7,838220
тактика 5,010635 5,010635
изумление 5,010635 5,010635
выплатах 5,010635 5,010635
сообщения 0,013423 0,053692
интеллектуальная 4,317488 4,317488
начисляемые 5,010635 5,010635
частичной 5,010635 10,021271
телефон 0,013423 0,013423
флагманского 5,010635 10,021271
платежей 4,317488 4,317488
военную 3,624341 61,613796
начисляемых 5,010635 5,010635
военнослужащие 4,317488 25,904929
работы 2,302585 2,302585
военнослужащий 4,317488 4,317488
рабочего 3,912023 3,912023
военнослужащим 5,010635 35,074447
сообщение 0,013423 0,134230
старые 0,013423 0,013423
приостанавливаются 5,010635 5,010635
морозом 5,010635 5,010635
финансового 2,066196 6,198589
случаях 2,813411 5,626821
участника 5,010635 20,042541
освобождающие 5,010635 10,021271
стажа 4,317488 8,634976
старше 3,624341 3,624341
заемщиком 5,010635 5,010635
указана 5,010635 5,010635
брать 2,931194 2,931194
перетащите 0,013423 0,040269
материале 0,013423 0,040269
включая 2,525729 7,577186
материала 0,013423 0,026846
военнослужащем 5,010635 5,010635
вашего 0,013423 0,013423
паролем 0,013423 0,013423
ранению 5,010635 5,010635
процедура 3,624341 7,248682
ранения 4,317488 12,952464
медорганизациях 5,010635 5,010635
современных 3,624341 3,624341
повышенной 3,624341 3,624341
зарегистрируйтесь 0,013423 0,013423
клиентов 3,401197 3,401197
отношении 3,064725 6,129450
оксаны 3,912023 3,912023
зависит 2,371578 11,857890
государственных 3,624341 10,873023
поступившим 5,010635 5,010635
получить 1,752539 15,772849
вооруженные 2,371578 9,486312
направить 2,931194 2,931194
правоотношениям 5,010635 5,010635
государственные 3,912023 3,912023
территориальным 5,010635 5,010635
поступать 4,317488 4,317488
предъявить 5,010635 5,010635
государственным 5,010635 5,010635
вооруженных 2,813411 5,626821
связанные 0,013423 0,013423
оксана 3,064725 12,258901
сделать 1,752539 1,752539
фактически 3,912023 3,912023
связанный 5,010635 5,010635
генералом 5,010635 5,010635
военного 3,401197 10,203592
риа 0,006689 0,227426
участники 2,931194 43,967906
сантехника 5,010635 5,010635
уплате 5,010635 5,010635
порядке 2,931194 5,862388
распространяется 3,624341 3,624341
связанных 0,013423 0,013423
правительства 3,064725 12,258901
медиабанкприем 5,010635 5,010635
уплаты 4,317488 25,904929
правительстве 2,177422 6,532266
времени 2,238047 2,238047
год 0,967584 2,902752
уплату 4,317488 4,317488
контракт 3,912023 11,736069
лечение 3,912023 23,472138
неуплате 4,317488 8,634976
выплату 3,912023 11,736069
мая 1,832581 1,832581
возложенных 3,912023 3,912023
началом 3,401197 3,401197
регулируется 3,912023 3,912023
агентство 0,013423 0,040269
выплате 4,317488 8,634976
семь 2,931194 2,931194
выплата 3,912023 66,504391
брошюры 5,010635 5,010635
грант 5,010635 15,031906
президентом 3,912023 3,912023
советы 1,752539 5,257616
агентства 0,013423 0,013423
госдуму 4,317488 4,317488
мвд 3,401197 3,401197
выплаты 3,064725 156,300982
налоговый 4,317488 4,317488
ежемесячная 5,010635 40,085082
налоговые 3,912023 15,648092
четвертой 5,010635 5,010635
заключил 3,912023 3,912023
лечения 3,912023 11,736069
зависимости 2,014903 2,014903
прохождения 5,010635 15,031906
оклад 5,010635 10,021271
шапка 0,013423 0,013423
центры 3,624341 7,248682
рассказал 1,347074 1,347074
военные 3,624341 18,121705
бойцов 3,624341 3,624341
изменится 3,218876 3,218876
воспользуйтесь 0,013423 0,040269
орденами 5,010635 5,010635
фонд 3,064725 6,129450
участниками 5,010635 5,010635
протезы 5,010635 10,021271
аккаунт 0,013423 0,053692
центре 3,218876 16,094379
центра 3,064725 9,194175
рамках 2,931194 2,931194
указать 3,218876 3,218876
которая 1,643339 3,286679
госдума 3,064725 6,129450
знака 4,317488 4,317488
главная 2,120264 2,120264
членам 5,010635 15,031906
заключенного 5,010635 5,010635
зачисления 5,010635 5,010635
российская 2,708050 2,708050
либо 0,013423 0,040269
согласно 2,371578 9,486312
поиск 0,013423 0,013423
подписал 3,624341 3,624341
согласны 0,013423 0,040269
городского 3,401197 3,401197
мед 3,401197 6,802395
новицкая 5,010635 15,031906
волгоградская 4,317488 4,317488
порядка 3,218876 3,218876
браке 4,317488 4,317488
изданного 5,010635 5,010635
алексей 1,966113 19,661129
должностным 5,010635 5,010635
родители 3,218876 12,875503
начинается 3,064725 3,064725
прохождении 4,317488 4,317488
признан 3,912023 3,912023
сбербанка 4,317488 8,634976
доцент 2,813411 2,813411
своим 2,612740 2,612740
учитывают 4,317488 4,317488
дальнейшем 3,624341 3,624341
находившиеся 5,010635 5,010635
местные 3,624341 7,248682
дальнейшей 5,010635 5,010635
назначается 4,317488 21,587441
новый 0,013423 0,013423
подачи 3,912023 15,648092
заболеваний 3,912023 3,912023
карты 3,624341 10,873023
рогатого 5,010635 5,010635
заболевания 3,912023 3,912023
бесплатные 3,401197 3,401197
миа 0,013423 0,093961
задать 0,013423 0,013423
теги 0,190354 0,190354
автоматически 2,931194 2,931194
полный 2,612740 2,612740
транспортное 3,912023 3,912023
соответствует 3,624341 3,624341
исполнение 3,624341 3,624341
должны 0,013423 0,040269
министерством 3,912023 11,736069
дополнительных 3,912023 7,824046
участвующим 5,010635 5,010635
кому 2,371578 9,486312
политика 0,013423 0,026846
определяется 3,912023 3,912023
ветеранам 4,317488 8,634976
средство 3,624341 3,624341
дополнительные 2,813411 2,813411
ветеранах 5,010635 10,021271
войсках 5,010635 5,010635
обращаться 2,708050 5,416100
мир 1,966113 5,898339
госпитального 5,010635 5,010635
основным 3,624341 3,624341
средству 5,010635 5,010635
просрочку 5,010635 5,010635
регионы 2,931194 2,931194
время 0,013423 0,134230
стандартному 5,010635 5,010635
ленинградская 3,401197 3,401197
средства 2,445686 12,228430
новым 3,218876 3,218876
госграницы 5,010635 10,021271
ранее 0,013423 0,053692
протезов 5,010635 5,010635
довольствием 5,010635 5,010635
получение 2,931194 17,587163
появится 3,064725 3,064725
обращаем 0,013423 0,013423
вправе 3,218876 3,218876
написать 0,013423 0,026846
получении 3,624341 3,624341
указанные 3,218876 3,218876
млн 3,401197 57,820355
получения 2,445686 14,674116
степеней 5,010635 10,021271
отсутствия 3,401197 3,401197
показать 0,013423 0,013423
руб 3,912023 82,152483
статусе 3,912023 7,824046
освобождается 5,010635 5,010635
сохраняются 4,317488 4,317488
порядок 2,445686 9,782744
счет 2,445686 12,228430
госуслуг 3,218876 9,656627
оформить 3,064725 21,453076
банке 3,624341 3,624341
продукты 0,150823 0,150823
статусу 5,010635 5,010635
читать 0,851752 0,851752
минобороны 2,525729 2,525729
гаврилова 0,013423 0,013423
иждивении 4,317488 4,317488
погашении 5,010635 5,010635
расположенному 0,013423 0,026846
счета 3,401197 3,401197
участвующих 4,317488 8,634976
полагается 5,010635 5,010635
домашнего 3,401197 3,401197
постановлением 3,912023 7,824046
статуса 5,010635 10,021271
учредитель 0,013423 0,013423
мое 0,013423 0,026846
одного 2,612740 2,612740
мои 5,010635 10,021271
указанным 3,912023 3,912023
помимо 2,708050 2,708050
константин 3,064725 6,129450
обязательны 0,013423 0,093961
оклада 5,010635 30,063812
клиента 5,010635 5,010635
основе 2,525729 2,525729
вузы 4,317488 4,317488
роскомнадзор 0,013423 0,013423
испытаний 4,317488 4,317488
ежемесячно 4,317488 8,634976
среди 2,813411 2,813411
блокировался 0,013423 0,013423
ижс 5,010635 5,010635
предоставлять 5,010635 5,010635
мобилизованных 4,317488 8,634976
предоставление 3,624341 7,248682
моё 0,013423 0,013423
предоставлении 3,401197 10,203592
мобилизованным 5,010635 5,010635
смерть 3,401197 3,401197
мобилизованный 5,010635 5,010635
мобилизованные 5,010635 20,042541
лицо 2,813411 2,813411
дал 3,401197 3,401197
должен 2,177422 2,177422
лица 2,525729 7,577186
людмилы 5,010635 5,010635
котором 2,931194 2,931194
открывать 5,010635 5,010635
обработки 0,013423 0,026846
даю 0,013423 0,026846
охватывает 5,010635 5,010635
увеличенный 5,010635 5,010635
майшев 4,317488 17,269952
операции 3,064725 45,970877
добровольцам 5,010635 5,010635
участникам 2,931194 90,867006
обработку 0,013423 0,026846
двойном 4,317488 4,317488
редакции 0,013423 0,026846
возможно 2,708050 5,416100
смерти 2,708050 2,708050
крупного 5,010635 5,010635
возможны 3,912023 3,912023
раньше 3,064725 3,064725
действуют 3,624341 3,624341
указа 5,010635 10,021271
категориям 3,912023 7,824046
обработка 0,013423 0,013423
это 0,013423 0,080538
льготных 4,317488 4,317488
залога 5,010635 5,010635
этих 2,302585 2,302585
момента 3,064725 9,194175
новую 0,013423 0,013423
освобожден 5,010635 5,010635
массовых 0,013423 0,013423
выполнению 4,317488 4,317488
детей 2,302585 4,605170
длительностью 5,010635 5,010635
пройдена 0,013423 0,013423
выполнении 3,401197 10,203592
льготный 5,010635 25,053176
общеобразовательных 5,010635 5,010635
производится 5,010635 5,010635
пособий 5,010635 5,010635
крыму 4,317488 4,317488
электронной 0,013423 0,013423
ручным 3,912023 3,912023
уволенным 5,010635 5,010635
датами 5,010635 5,010635
пособие 3,912023 39,120230
чтении 5,010635 5,010635
уволенные 5,010635 5,010635
радио 0,274437 0,274437
госнаградами 5,010635 15,031906
кредиторов 4,317488 4,317488
отличия 5,010635 15,031906
основного 3,218876 6,437752
использования 0,013423 0,013423
начислить 5,010635 5,010635
новой 2,813411 2,813411
фзвнесены 5,010635 5,010635
инфляции 3,624341 3,624341
новое 2,525729 2,525729
жилищно 4,317488 4,317488
объект 3,912023 3,912023
эксперта 2,813411 16,880464
мфц 3,218876 3,218876
контрактниками 5,010635 5,010635
головицкий 5,010635 10,021271
ошибку 0,013423 0,013423
гарантии 4,317488 8,634976
путин 1,514128 1,514128
добровольцев 4,317488 17,269952
внесли 4,317488 4,317488
добровольцем 5,010635 10,021271
людмила 3,912023 11,736069
ошибка 0,013423 0,013423
рекомендации 2,931194 2,931194
вопрос 0,006689 0,006689
лицам 3,401197 17,005987
дополнительное 5,010635 15,031906
единовременное 5,010635 45,095718
пропавших 5,010635 5,010635
обязанностям 5,010635 5,010635
выплатывоеннослужащиевоенные 5,010635 5,010635
марта 1,678431 1,678431
имя 0,013423 0,067115
медиабанкштурмовые 5,010635 5,010635
ребенка 2,525729 2,525729
личность 3,218876 3,218876
проиндексировано 5,010635 5,010635
осуществления 3,624341 3,624341
увольнения 3,912023 3,912023
униформа 5,010635 10,021271
единовременной 4,317488 12,952464
компании 2,302585 2,302585
испытания 5,010635 5,010635
использование 2,612740 2,612740
включает 3,624341 3,624341
увольнении 5,010635 20,042541
контрактник 5,010635 5,010635
пособия 3,624341 14,497364
одному 3,912023 3,912023
успешно 0,013423 0,013423
лента 0,006689 0,013378
закона 3,064725 21,453076
законе 3,912023 3,912023
транспортному 4,317488 8,634976
заблокированы 0,013423 0,013423
рекомендовал 5,010635 5,010635
ряд 2,931194 5,862388
сфере 0,013423 0,040269
свидетельство 0,013423 0,026846
учета 3,401197 3,401197
отсутствующим 4,317488 4,317488
умершим 5,010635 5,010635
одобрил 5,010635 5,010635
даты 2,813411 2,813411
женщин 2,445686 2,445686
пресс 0,013423 0,026846
привлечено 5,010635 5,010635
россии 0,395515 5,932722
применения 0,013423 0,013423
действовать 3,624341 3,624341
лошадиных 5,010635 5,010635
упрощенное 5,010635 5,010635
результатам 2,445686 2,445686
дату 3,218876 3,218876
экспертизы 4,317488 4,317488
добровольца 5,010635 10,021271
персональных 0,013423 0,107384
юрия 5,010635 5,010635
произошла 0,013423 0,013423
пенсии 3,401197 17,005987
стационарного 5,010635 10,021271
пенсий 4,317488 4,317488
проходимости 5,010635 5,010635
мужчин 3,624341 3,624341
дата 0,013423 0,026846
вернуться 3,624341 3,624341
пенсионные 4,317488 8,634976
детям 2,813411 11,253643
единовременного 5,010635 5,010635
сво 1,919593 161,245799
ежемесячные 4,317488 4,317488
профессор 3,912023 3,912023
откроют 5,010635 5,010635
россия 0,006689 0,107024
добровольцы 5,010635 10,021271
свой 2,525729 2,525729
содействующем 5,010635 5,010635
свои 2,445686 2,445686
препаратами 5,010635 5,010635
медицинскими 5,010635 5,010635
закону 3,912023 7,824046
учетом 3,218876 3,218876
января 1,160488 5,802438
военкомате 5,010635 5,010635
тяжелому 5,010635 5,010635
поручил 3,912023 3,912023
пошлины 4,317488 4,317488
третьем 3,912023 3,912023
усыновленных 5,010635 5,010635
срока 3,218876 3,218876
освобождены 5,010635 5,010635
бесплатное 3,912023 15,648092
сроке 5,010635 5,010635
положена 4,317488 21,587441
правительством 4,317488 8,634976
сроки 2,525729 7,577186
сервисы 0,190354 0,190354
бесплатной 4,317488 4,317488
рождения 3,064725 3,064725
противном 4,317488 4,317488
пункте 3,401197 6,802395
мощностью 4,317488 4,317488
инвалидов 3,401197 13,604790
платежи 4,317488 4,317488
получаемых 5,010635 5,010635
отправки 0,013423 0,013423
воинским 5,010635 5,010635
гранта 5,010635 5,010635
достигшие 5,010635 5,010635
положены 3,401197 44,215566
вызвала 4,317488 4,317488
призыве 5,010635 5,010635
ипотека 3,624341 3,624341
призыва 5,010635 5,010635
ветерана 4,317488 12,952464
разделом 3,912023 3,912023
пенсию 3,624341 10,873023
пенсия 4,317488 8,634976
мэра 3,401197 6,802395
ипотеки 3,912023 3,912023
положено 4,317488 4,317488
выберите 0,013423 0,040269
управлением 4,317488 8,634976
воинских 4,317488 4,317488
перечисляется 5,010635 5,010635
паспорта 3,401197 3,401197
управляющего 5,010635 5,010635
просроченным 5,010635 5,010635
исполнительное 5,010635 5,010635
защитой 0,013423 0,026846
ходе 2,708050 8,124151
ветераны 4,317488 17,269952
авторизация 0,013423 0,013423
религия 0,283247 0,283247
рейтинг 0,006689 0,006689
галочку 0,013423 0,013423
бесплатно 2,931194 2,931194
дня 1,678431 3,356862
способы 0,013423 0,026846
любой 2,445686 2,445686
нотариального 5,010635 5,010635
недвижимость 0,292136 0,292136
теменовая 5,010635 5,010635
окончательного 5,010635 5,010635
опубликования 5,010635 5,010635
службы 2,066196 30,992945
унитарное 0,013423 0,013423
инвалидностью 3,912023 7,824046
периоды 4,317488 12,952464
транспортного 4,317488 4,317488
дней 1,832581 16,493233
сил 2,525729 5,051457
тема 0,013423 0,040269
участников 2,371578 45,059981
рекомендательных 0,013423 0,013423
тяжести 4,317488 4,317488
клиники 4,317488 4,317488
приказ 3,912023 3,912023
воспитывающими 5,010635 5,010635
проставляя 0,013423 0,013423
заполнения 0,013423 0,093961
службу 3,401197 64,622750
полезное 0,182322 0,182322
подтверждающие 3,401197 10,203592
службе 0,013423 0,026846
релизов 0,013423 0,013423
обратиться 2,612740 7,838220
заявителя 4,317488 4,317488
медиабанкработа 3,401197 6,802395
ваших 0,013423 0,026846
частей 3,401197 3,401197
востребованным 5,010635 5,010635
гранты 5,010635 5,010635
квоты 5,010635 10,021271
единовременная 5,010635 40,085082
героя 4,317488 4,317488
награждены 5,010635 5,010635
которые 1,455287 5,821149
который 1,160488 3,481463
идет 2,445686 2,445686
которым 2,612740 2,612740
например 1,714798 12,003589
правил 0,013423 0,040269
которых 1,966113 1,966113
авторизоваться 0,013423 0,013423
составит 3,218876 9,656627
налогу 4,317488 4,317488
поступлении 4,317488 4,317488
вырастут 4,317488 4,317488
поздравил 2,708050 2,708050
периода 3,401197 17,005987
просроченной 5,010635 5,010635
акт 5,010635 5,010635
случае 1,714798 15,433186
налога 4,317488 17,269952
купюры 5,010635 10,021271
воинской 4,317488 4,317488
дифференцированная 5,010635 5,010635
увеличена 5,010635 5,010635
новыесначала 0,013423 0,013423
дополнительная 4,317488 4,317488
поступления 3,912023 3,912023
предоставить 2,708050 5,416100
должностью 5,010635 5,010635
некредитным 5,010635 5,010635
предоставляется 3,624341 3,624341
начали 2,931194 2,931194
льгот 5,010635 10,021271
условиях 2,066196 4,132393
предоставляет 4,317488 8,634976
контракта 4,317488 17,269952
начала 2,445686 14,674116
травмы 2,708050 2,708050
опекуны 5,010635 5,010635
использовать 0,013423 0,026846
самостоятельно 2,708050 2,708050
подлежат 3,624341 3,624341
досрочно 4,317488 4,317488
отсрочки 5,010635 5,010635
контактов 0,013423 0,013423
трудовые 5,010635 15,031906
апреля 0,013423 0,026846
получают 3,401197 6,802395
ветеранов 4,317488 17,269952
количество 2,238047 2,238047
медицинскую 5,010635 5,010635
приравнены 5,010635 5,010635
столицы 3,624341 3,624341
мужчины 3,624341 3,624341
году 1,139434 5,697171
запаса 4,317488 4,317488
истек 0,013423 0,026846
средствами 3,401197 6,802395
сможете 0,013423 0,013423
года 0,006689 0,113713
информации 2,612740 5,225480
помогли 3,912023 3,912023
суда 2,708050 2,708050
выбору 3,624341 3,624341
подтверждающей 5,010635 5,010635
формированиях 5,010635 5,010635
контракту 5,010635 60,127624
указом 5,010635 30,063812
участках 5,010635 10,021271
контракты 5,010635 5,010635
легкое 4,317488 12,952464
совершеннолетия 5,010635 5,010635
выплат 3,912023 39,120230
наука 0,292136 0,292136
льготного 5,010635 25,053176
подбор 5,010635 5,010635
лекарственными 5,010635 5,010635
