законным 0,013423 0,013423
финал 5,010635 5,010635
новый 0,013423 0,013423
рпл 2,371578 2,371578
найти 0,013423 0,013423
основанием 0,013423 0,013423
подаче 3,401197 3,401197
письмо 0,013423 0,013423
спасибо 0,013423 0,013423
подачу 3,218876 3,218876
теннис 2,525729 12,628643
апл 2,612740 2,612740
фигурное 2,371578 2,371578
согласие 0,013423 0,026846
центр 0,190354 0,951769
доступ 0,013423 0,026846
миа 0,013423 0,093961
задать 0,013423 0,013423
теги 0,190354 0,190354
автору 0,013423 0,013423
победительницы 3,064725 18,388351
связаться 0,013423 0,080538
должны 0,013423 0,013423
г 0,013423 0,026846
д 0,013423 0,026846
реклама 0,190354 0,190354
фото 0,013423 0,053692
политика 0,013423 0,013423
связь 0,006689 0,013378
й 2,014903 2,014903
дубае 2,813411 28,134107
готово 0,013423 0,026846
течение 0,013423 0,013423
авто 2,238047 2,238047
информационных 0,013423 0,013423
размещения 0,013423 0,013423
сочи 2,238047 2,238047
футбол 2,445686 12,228430
конфиденциальности 0,013423 0,053692
связи 0,013423 0,080538
заголовок 0,013423 0,026846
процесса 0,013423 0,013423
адресу 0,013423 0,026846
проблему 0,013423 0,013423
социальные 3,401197 6,802395
црвена 2,612740 2,612740
четвертьфинале 4,317488 4,317488
матчбол 5,010635 5,010635
время 0,013423 0,013423
данных 0,013423 0,107384
письма 0,013423 0,013423
часов 0,013423 0,026846
соглашаетесь 0,013423 0,013423
ранее 0,013423 0,013423
восстановления 0,013423 0,013423
главный 0,013423 0,013423
данные 0,013423 0,013423
номером 5,010635 5,010635
разблокировать 0,013423 0,040269
город 0,013423 0,013423
фотографию 0,013423 0,013423
обращаем 0,013423 0,013423
джессика 4,317488 12,952464
отправлено 0,013423 0,013423
написать 0,013423 0,013423
новостеймолния 0,013423 0,013423
млн 3,401197 3,401197
одноклассники 0,013423 0,026846
сначала 0,013423 0,013423
встреч 5,010635 5,010635
часа 1,875141 1,875141
показать 0,013423 0,013423
кнопку 0,013423 0,013423
уступила 5,010635 20,042541
коммуникаций 0,013423 0,013423
пароль 0,013423 0,080538
пароля 0,013423 0,053692
анисимоваджессика 5,010635 5,010635
перейдите 0,013423 0,013423
соперницы 5,010635 5,010635
вход 0,013423 0,013423
продукты 0,150823 0,150823
читать 0,851752 0,851752
закрыто 0,013423 0,013423
удалено 0,013423 0,013423
джессикой 5,010635 5,010635
сколько 0,006689 0,006689
гаврилова 0,013423 0,013423
материалов 0,013423 0,040269
отправлена 0,013423 0,013423
чате 0,013423 0,013423
расположенному 0,013423 0,026846
чату 0,013423 0,013423
редакцией 0,013423 0,013423
всем 1,455287 1,455287
биатлон 2,525729 2,525729
учредитель 0,013423 0,013423
рассмотрены 0,013423 0,013423
пегулаженская 5,010635 5,010635
счетом 3,912023 7,824046
выход 3,912023 3,912023
россиянка 5,010635 5,010635
мое 0,013423 0,026846
ссылка 0,013423 0,026846
ссылке 0,013423 0,013423
долларов 2,931194 2,931194
перетяните 0,013423 0,013423
ссылки 0,013423 0,013423
помочь 0,013423 0,013423
архив 0,190354 0,190354
единоборства 2,525729 2,525729
ноттингем 2,612740 2,612740
ошибках 0,013423 0,013423
обязательны 0,013423 0,093961
выпуска 0,013423 0,013423
списка 0,013423 0,013423
формой 0,013423 0,053692
роскомнадзор 0,013423 0,013423
андреева 2,813411 47,827982
блокировался 0,013423 0,013423
номер 2,708050 2,708050
москва 0,006689 0,026756
воспользоваться 0,013423 0,013423
входа 0,013423 0,013423
посева 5,010635 5,010635
моё 0,013423 0,013423
вела 5,010635 5,010635
федеральное 0,013423 0,013423
федеральной 0,013423 0,013423
международное 0,013423 0,040269
селтик 2,612740 2,612740
будут 0,013423 0,013423
провели 3,912023 3,912023
новостей 0,006689 0,006689
политикой 0,013423 0,040269
матче 2,931194 5,862388
обработки 0,013423 0,026846
даю 0,013423 0,026846
перейти 1,203973 1,203973
обработку 0,013423 0,026846
обратной 0,013423 0,067115
редакции 0,013423 0,026846
обращений 0,013423 0,013423
обработка 0,013423 0,013423
это 0,013423 0,013423
которого 2,238047 2,238047
дохе 5,010635 5,010635
описанием 0,013423 0,013423
новую 0,013423 0,013423
лада 2,612740 2,612740
массовых 0,013423 0,013423
пройдена 0,013423 0,013423
используется 0,013423 0,013423
штутгарт 2,612740 2,612740
зарегистрироваться 0,013423 0,053692
пожаловаться 0,013423 0,013423
новости 0,006689 0,073579
войти 0,013423 0,053692
нхл 2,525729 2,525729
электронной 0,013423 0,013423
эл 0,013423 0,013423
действия 0,013423 0,013423
дзен 0,851752 0,851752
защита 0,013423 0,013423
регистрация 0,013423 0,040269
почему 0,013423 0,013423
использования 0,013423 0,013423
восстановление 0,013423 0,040269
вопросам 0,013423 0,026846
государственное 0,013423 0,013423
завершен 2,525729 5,051457
вконтакте 0,013423 0,026846
спецпроекты 0,190354 0,190354
затем 1,791759 1,791759
просим 0,013423 0,013423
навсегда 0,013423 0,013423
нарушение 0,013423 0,040269
заблокирован 0,013423 0,013423
ошибку 0,013423 0,013423
защиты 0,013423 0,013423
назад 0,013423 0,067115
обращения 0,013423 0,026846
февраля 0,616186 0,616186
минут 1,297063 1,297063
ошибка 0,013423 0,013423
подавала 5,010635 5,010635
вопрос 0,006689 0,006689
зубовский 0,013423 0,026846
подтверждаете 0,013423 0,013423
заполнить 0,013423 0,026846
осуществляется 0,013423 0,013423
ваш 0,013423 0,053692
имя 0,013423 0,067115
другие 0,013423 0,026846
тай 5,010635 5,010635
главное 1,752539 1,752539
титул 2,931194 17,587163
надзору 0,013423 0,013423
срок 0,013423 0,026846
издание 0,013423 0,013423
поспорит 5,010635 5,010635
бульвар 0,013423 0,026846
бундеслига 2,612740 2,612740
хотите 0,013423 0,013423
заполните 0,013423 0,067115
технологий 0,013423 0,026846
сетевое 0,013423 0,013423
вновь 0,013423 0,013423
фев 1,399717 1,399717
сменить 0,013423 0,013423
материал 0,013423 0,013423
участвовать 0,013423 0,026846
лилль 2,612740 2,612740
сообщить 0,013423 0,013423
успешно 0,013423 0,013423
скриншот 0,013423 0,040269
лента 0,006689 0,013378
ак 2,612740 2,612740
заблокированы 0,013423 0,013423
спорт 0,190354 2,093891
сфере 0,013423 0,013423
американке 5,010635 10,021271
завершилась 4,317488 4,317488
перерыв 2,525729 2,525729
свидетельство 0,013423 0,013423
правила 0,013423 0,026846
пегулой 5,010635 5,010635
взаимодействия 0,013423 0,026846
теннисная 4,317488 21,587441
сохранить 0,013423 0,013423
информационное 0,013423 0,040269
комментирования 0,013423 0,026846
зож 2,302585 2,302585
кхл 2,525729 2,525729
пресс 0,013423 0,026846
россии 0,395515 0,791030
применения 0,013423 0,013423
результатам 2,445686 2,445686
федеральному 0,013423 0,026846
персональных 0,013423 0,107384
первая 3,218876 6,437752
произошла 0,013423 0,013423
теннисистки 5,010635 5,010635
дата 0,013423 0,013423
ваше 0,013423 0,107384
сайте 0,013423 0,013423
рублев 5,010635 5,010635
ваши 0,013423 0,013423
фио 0,013423 0,013423
восстановить 0,013423 0,013423
пожалуйста 0,013423 0,013423
ниже 0,013423 0,040269
версия 0,013423 0,013423
вопроса 0,013423 0,013423
россия 0,006689 0,080268
андреевой 4,317488 4,317488
поля 0,013423 0,093961
европы 2,238047 2,238047
государственному 0,013423 0,026846
регистрации 0,013423 0,026846
третьем 3,912023 3,912023
поле 0,013423 0,013423
сайт 0,013423 0,026846
андреевааманда 5,010635 5,010635
турнира 2,813411 30,947518
сервисы 0,190354 0,190354
зарегистрировано 0,013423 0,013423
другое 0,013423 0,013423
мирра 5,010635 35,074447
поддерживаетсяполучить 0,013423 0,013423
адрес 0,013423 0,040269
соответствии 0,013423 0,026846
загрузите 0,013423 0,013423
сообщения 0,013423 0,053692
загрузить 0,013423 0,013423
направлении 0,013423 0,013423
замеченных 0,013423 0,013423
телефон 0,013423 0,013423
отправки 0,013423 0,013423
унитарному 0,013423 0,026846
паок 2,612740 2,612740
сети 2,813411 5,626821
обновлено 1,003302 1,003302
сете 5,010635 5,010635
ассоциация 3,912023 19,560115
сообщение 0,013423 0,134230
турнирная 5,010635 5,010635
ракетка 5,010635 10,021271
выберите 0,013423 0,040269
старые 0,013423 0,013423
сет 2,612740 2,612740
пегула 5,010635 15,031906
попробуйте 0,013423 0,013423
мото 2,525729 2,525729
евролига 2,612740 2,612740
теннисспортмирра 5,010635 5,010635
пользу 3,064725 3,064725
вышел 5,010635 5,010635
защитой 0,013423 0,026846
статьи 0,013423 0,013423
фенербахче 2,612740 2,612740
подтвердите 0,013423 0,013423
авторизация 0,013423 0,013423
форма 0,013423 0,013423
логином 0,013423 0,013423
сельта 2,612740 2,612740
рейтинг 0,006689 0,006689
галочку 0,013423 0,013423
призовой 5,010635 10,021271
контакты 2,120264 2,120264
перетащите 0,013423 0,040269
материале 0,013423 0,026846
мирры 5,010635 10,021271
материала 0,013423 0,026846
вашего 0,013423 0,013423
паролем 0,013423 0,013423
пятым 5,010635 5,010635
способы 0,013423 0,026846
зарегистрируйтесь 0,013423 0,013423
обо 0,013423 0,013423
дискуссии 0,013423 0,026846
соотечественницей 5,010635 5,010635
редактор 0,013423 0,013423
фгуп 0,499776 2,498879
нба 2,612740 2,612740
унитарное 0,013423 0,013423
форму 0,013423 0,093961
тема 0,013423 0,040269
хачанов 2,612740 2,612740
хоккей 2,238047 6,714140
отправленного 0,013423 0,013423
связанные 0,013423 0,013423
рекомендательных 0,013423 0,013423
корте 4,317488 4,317488
данная 0,013423 0,013423
обратная 0,013423 0,026846
риа 0,006689 0,066890
серия 2,525729 2,525729
проставляя 0,013423 0,013423
связанных 0,013423 0,013423
опишите 0,013423 0,013423
заполнения 0,013423 0,093961
полезное 0,182322 0,182322
службе 0,013423 0,013423
защитить 2,813411 16,880464
релизов 0,013423 0,013423
ваших 0,013423 0,026846
ко 2,177422 2,177422
матч 2,238047 11,190233
почты 0,013423 0,013423
анисимовой 5,010635 20,042541
брейке 5,010635 5,010635
ла 2,612740 2,612740
агентство 0,013423 0,040269
динамо 2,238047 2,238047
правил 0,013423 0,040269
авторизоваться 0,013423 0,013423
авторизуйтесь 0,013423 0,013423
отыграла 5,010635 5,010635
женская 5,010635 20,042541
агентства 0,013423 0,013423
сегодня 0,013423 0,134230
расширенный 0,013423 0,013423
агентстве 2,525729 2,525729
полуфинал 4,317488 4,317488
новыесначала 0,013423 0,013423
шапка 0,013423 0,013423
начало 3,624341 3,624341
отправить 0,013423 0,147653
продолжить 0,013423 0,013423
проигрывала 5,010635 5,010635
решении 0,013423 0,013423
лига 2,371578 9,486312
действующей 4,317488 4,317488
теннисного 5,010635 10,021271
воспользуйтесь 0,013423 0,040269
участие 0,006689 0,006689
фонд 3,064725 3,064725
архивное 1,373049 1,373049
анисимова 4,317488 21,587441
аккаунт 0,013423 0,053692
смогла 2,931194 17,587163
обсуждение 0,013423 0,013423
использовать 0,013423 0,013423
опечатка 0,013423 0,013423
барс 2,612740 2,612740
календарь 2,177422 2,177422
блокировки 0,013423 0,013423
андреевоймирра 5,010635 5,010635
онлайн 0,013423 0,013423
контактов 0,013423 0,013423
почта 0,013423 0,080538
четвертьфинальном 5,010635 10,021271
апреля 0,013423 0,013423
история 1,484275 1,484275
таблица 3,401197 3,401197
фамилия 0,013423 0,013423
звезда 2,612740 2,612740
нами 0,013423 0,093961
яндекс 0,013423 0,026846
аманде 5,010635 10,021271
удалили 0,013423 0,040269
либо 0,013423 0,013423
вакансии 0,013423 0,013423
аккаунту 0,013423 0,013423
аманда 4,317488 17,269952
отдала 5,010635 5,010635
превышает 3,912023 3,912023
открываемого 0,013423 0,026846
посеяна 5,010635 5,010635
нажимая 0,013423 0,013423
поиск 0,013423 0,013423
вами 0,013423 0,013423
недопустимое 0,013423 0,013423
категории 2,708050 5,416100
согласны 0,013423 0,040269
истек 0,013423 0,013423
катание 2,302585 2,302585
предприятию 0,013423 0,026846
рекламы 0,013423 0,013423
внимание 0,013423 0,013423
принимать 0,013423 0,013423
алькарас 2,612740 2,612740
сможете 0,013423 0,013423
года 0,006689 0,006689
встреча 3,624341 3,624341
ознакомлены 0,013423 0,013423
моих 0,013423 0,026846
предприятие 0,013423 0,013423
победительницей 5,010635 5,010635
форрест 2,612740 2,612740
чемпионов 2,612740 2,612740
обсуждения 0,013423 0,013423
второй 2,445686 2,445686
блокировкой 0,013423 0,040269
