законным 0,013423 0,013423
новый 0,013423 0,040269
единая 2,813411 11,253643
новые 1,643339 1,643339
найти 0,013423 0,013423
основанием 0,013423 0,013423
письмо 0,013423 0,026846
спасибо 0,013423 0,013423
пенсионерам 3,624341 3,624341
заявил 1,427116 1,427116
согласие 0,013423 0,026846
центр 0,190354 0,190354
работают 3,218876 3,218876
доступ 0,013423 0,026846
декабря 1,098612 12,084735
открытые 3,912023 3,912023
миа 0,013423 0,026846
задать 0,013423 0,013423
теги 0,190354 0,380707
автору 0,013423 0,013423
связаться 0,013423 0,080538
александр 1,455287 1,455287
долги 3,624341 3,624341
должны 0,013423 0,013423
коллапс 3,624341 3,624341
г 0,013423 0,026846
д 0,013423 0,026846
реклама 0,190354 0,190354
майские 3,218876 3,218876
фото 0,013423 0,013423
кому 2,371578 2,371578
политика 0,013423 0,026846
связь 0,006689 0,013378
родительские 3,624341 3,624341
готово 0,013423 0,026846
течение 0,013423 0,013423
макс 4,317488 4,317488
область 1,714798 1,714798
тараканов 5,010635 5,010635
адреса 3,218876 3,218876
информационных 0,013423 0,013423
назвал 1,875141 1,875141
размещения 0,013423 0,013423
слухи 4,317488 4,317488
бури 4,317488 4,317488
конфиденциальности 0,013423 0,053692
мир 1,966113 1,966113
связи 0,013423 0,080538
заголовок 0,013423 0,026846
процесса 0,013423 0,013423
адресу 0,013423 0,026846
проблему 0,013423 0,013423
физических 2,931194 5,862388
рецепты 1,139434 1,139434
время 0,013423 0,026846
данных 0,013423 0,107384
социальный 2,708050 2,708050
ноженкоюрист 4,317488 4,317488
мегаполис 3,912023 7,824046
письма 0,013423 0,013423
часов 0,013423 0,026846
соглашаетесь 0,013423 0,013423
ранее 0,013423 0,013423
восстановления 0,013423 0,013423
главный 0,013423 0,013423
данные 0,013423 0,013423
кризисе 4,317488 4,317488
сергей 1,609438 8,047190
навигатор 2,931194 2,931194
разблокировать 0,013423 0,040269
город 0,013423 0,013423
фотографию 0,013423 0,013423
дмитрий 1,643339 8,216697
обращаем 0,013423 0,013423
отправлено 0,013423 0,013423
новостеймолния 0,013423 0,013423
украине 1,427116 4,281349
написать 0,013423 0,026846
последствия 1,966113 1,966113
научный 2,445686 2,445686
одноклассники 0,013423 0,026846
сначала 0,013423 0,013423
наступил 3,624341 3,624341
кадровый 3,401197 3,401197
васильеваюрист 3,912023 7,824046
лиц 2,302585 4,605170
показать 0,013423 0,013423
кнопку 0,013423 0,013423
международник 3,624341 7,248682
коммуникаций 0,013423 0,013423
выставка 2,525729 2,525729
прокомментировал 2,708050 2,708050
пароль 0,013423 0,080538
пароля 0,013423 0,053692
победе 3,624341 3,624341
перейдите 0,013423 0,013423
порядок 2,445686 4,891372
снегосплавные 3,912023 3,912023
вход 0,013423 0,013423
продукты 0,150823 0,150823
банки 3,064725 3,064725
закрыто 0,013423 0,013423
хозяйство 3,401197 3,401197
выходные 3,624341 7,248682
производственный 5,010635 10,021271
удалено 0,013423 0,013423
сочельник 3,624341 3,624341
магнитные 5,010635 5,010635
сталинградская 3,624341 3,624341
сколько 0,006689 0,013378
гаврилова 0,013423 0,013423
материалов 0,013423 0,053692
отправлена 0,013423 0,013423
найму 5,010635 5,010635
чате 0,013423 0,013423
участниках 3,624341 3,624341
городское 3,912023 3,912023
трудоустройство 5,010635 5,010635
потерял 3,401197 3,401197
расположенному 0,013423 0,026846
чату 0,013423 0,013423
редакцией 0,013423 0,013423
новому 2,612740 2,612740
совинформбюро 4,317488 4,317488
халдей 4,317488 4,317488
поиску 5,010635 5,010635
учредитель 0,013423 0,013423
рассмотрены 0,013423 0,013423
трудоустройстве 3,401197 3,401197
открыли 3,401197 3,401197
мое 0,013423 0,026846
ссылка 0,013423 0,026846
последние 1,098612 1,098612
инструкция 2,238047 4,476093
ссылке 0,013423 0,013423
привлекли 2,813411 2,813411
перетяните 0,013423 0,013423
ссылки 0,013423 0,013423
архив 0,190354 0,190354
помочь 0,013423 0,026846
военная 2,120264 6,360791
специальная 2,066196 6,198589
ошибках 0,013423 0,013423
обязательны 0,013423 0,093961
усиленном 3,218876 3,218876
труда 3,064725 6,129450
бирюков 3,624341 7,248682
выпуска 0,013423 0,013423
списка 0,013423 0,013423
формой 0,013423 0,053692
освобождение 2,931194 5,862388
делать 2,238047 2,238047
роскомнадзор 0,013423 0,013423
блокировался 0,013423 0,013423
уборке 2,931194 2,931194
москве 1,118815 6,712890
луганске 3,401197 3,401197
москва 0,006689 0,066890
воспользоваться 0,013423 0,013423
задачей 3,401197 3,401197
входа 0,013423 0,013423
замена 4,317488 4,317488
моё 0,013423 0,013423
федеральное 0,013423 0,013423
важнейшей 3,624341 3,624341
закуски 2,525729 2,525729
федеральной 0,013423 0,013423
коммунальщиков 3,624341 3,624341
лучшие 1,714798 1,714798
деду 5,010635 5,010635
екатерина 2,445686 2,445686
международное 0,013423 0,040269
пошаговая 2,238047 8,952186
агаевагенеральный 5,010635 5,010635
будут 0,013423 0,013423
банкротство 3,912023 7,824046
новостей 0,006689 0,006689
ноября 1,714798 5,144395
москвы 1,455287 4,365862
политикой 0,013423 0,040269
обработки 0,013423 0,026846
даю 0,013423 0,026846
жизни 2,120264 4,240527
обработку 0,013423 0,026846
обратной 0,013423 0,067115
подкасты 0,292136 0,292136
редакции 0,013423 0,026846
обращений 0,013423 0,013423
проявляется 4,317488 4,317488
дат 3,912023 3,912023
удостоверения 4,317488 4,317488
операция 2,120264 6,360791
обработка 0,013423 0,013423
это 0,013423 0,013423
встать 3,624341 7,248682
родам 5,010635 5,010635
назвала 2,525729 2,525729
предметы 2,612740 2,612740
описанием 0,013423 0,013423
новую 0,013423 0,013423
массовых 0,013423 0,013423
пройдена 0,013423 0,013423
покупать 2,931194 2,931194
используется 0,013423 0,013423
зарегистрироваться 0,013423 0,053692
пожаловаться 0,013423 0,013423
новости 0,006689 0,046823
войти 0,013423 0,053692
хорошие 3,912023 3,912023
электронной 0,013423 0,013423
пособие 3,912023 7,824046
возраст 2,813411 2,813411
мире 0,274437 0,274437
катки 3,912023 3,912023
эл 0,013423 0,013423
действия 0,013423 0,013423
фотокоров 3,624341 3,624341
радио 0,274437 0,274437
защита 0,013423 0,013423
регистрация 0,013423 0,040269
почему 0,013423 0,013423
использования 0,013423 0,013423
директор 2,708050 2,708050
восстановление 0,013423 0,040269
тренды 4,317488 4,317488
вопросам 0,013423 0,026846
музей 3,401197 3,401197
государственное 0,013423 0,013423
вконтакте 0,013423 0,026846
спецпроекты 0,190354 0,190354
просим 0,013423 0,013423
навсегда 0,013423 0,013423
нарушение 0,013423 0,040269
заблокирован 0,013423 0,013423
ошибку 0,013423 0,013423
защиты 0,013423 0,013423
путин 1,514128 1,514128
назад 0,013423 0,067115
обращения 0,013423 0,026846
спецоперации 2,525729 2,525729
методы 4,317488 4,317488
ошибка 0,013423 0,013423
февраль 3,401197 3,401197
вопрос 0,006689 0,006689
зубовский 0,013423 0,026846
подтверждаете 0,013423 0,013423
заполнить 0,013423 0,026846
лопат 3,624341 3,624341
размер 2,813411 2,813411
осуществляется 0,013423 0,013423
ваш 0,013423 0,053692
имя 0,013423 0,067115
другие 0,013423 0,026846
общество 0,265703 3,985547
надзору 0,013423 0,013423
срок 0,013423 0,026846
издание 0,013423 0,013423
бульвар 0,013423 0,026846
хотите 0,013423 0,013423
заполните 0,013423 0,067115
технологий 0,013423 0,026846
сетевое 0,013423 0,013423
традиции 1,966113 3,932226
неделю 1,373049 1,373049
вновь 0,013423 0,013423
сменить 0,013423 0,013423
материал 0,013423 0,013423
участвовать 0,013423 0,026846
недвижимостьнавигатор 3,064725 3,064725
сообщить 0,013423 0,013423
фронтовых 3,624341 3,624341
успешно 0,013423 0,013423
скриншот 0,013423 0,040269
новогоднего 2,931194 2,931194
лента 0,006689 0,013378
жкх 2,708050 2,708050
заблокированы 0,013423 0,013423
спорт 0,190354 0,190354
стиллавин 3,401197 13,604790
сфере 0,013423 0,013423
кредит 3,064725 3,064725
месяц 1,297063 1,297063
свидетельство 0,013423 0,013423
погода 3,401197 3,401197
правила 0,013423 0,040269
субботы 3,624341 3,624341
взаимодействия 0,013423 0,026846
огненной 3,401197 3,401197
сохранить 0,013423 0,013423
информационное 0,013423 0,040269
морковкинэкономист 2,931194 2,931194
комментирования 0,013423 0,026846
народам 3,064725 3,064725
стали 2,612740 2,612740
пресс 0,013423 0,026846
россии 0,395515 2,373089
применения 0,013423 0,013423
судебных 3,064725 3,064725
федеральному 0,013423 0,026846
персональных 0,013423 0,107384
произошла 0,013423 0,013423
пенсии 3,401197 3,401197
дата 0,013423 0,013423
ваше 0,013423 0,107384
сайте 0,013423 0,013423
ваши 0,013423 0,013423
снега 2,708050 2,708050
фио 0,013423 0,013423
восстановить 0,013423 0,013423
пожалуйста 0,013423 0,013423
сво 1,919593 1,919593
паспорт 2,931194 2,931194
кадровом 4,317488 4,317488
пункты 3,401197 3,401197
ниже 0,013423 0,040269
версия 0,013423 0,013423
морозу 5,010635 5,010635
вопроса 0,013423 0,013423
россия 0,006689 0,120402
поля 0,013423 0,093961
января 1,160488 2,320975
государственному 0,013423 0,026846
регистрации 0,013423 0,026846
отражение 4,317488 4,317488
работе 2,813411 2,813411
историкалександр 3,912023 3,912023
поле 0,013423 0,013423
сайт 0,013423 0,026846
брачных 3,624341 3,624341
сервисы 0,190354 0,190354
биржу 3,912023 7,824046
зарегистрировано 0,013423 0,013423
сервиса 3,218876 3,218876
другое 0,013423 0,013423
туризм 0,283247 0,283247
сотрудник 2,612740 2,612740
рабочие 3,912023 3,912023
поддерживаетсяполучить 0,013423 0,013423
адрес 0,013423 0,040269
отношения 2,525729 2,525729
соответствии 0,013423 0,026846
причины 2,525729 2,525729
работа 2,612740 2,612740
загрузите 0,013423 0,013423
рождественский 3,624341 3,624341
рфекатерина 4,317488 4,317488
сообщения 0,013423 0,053692
техникувчера 5,010635 5,010635
загрузить 0,013423 0,013423
собянин 3,624341 3,624341
направлении 0,013423 0,013423
замеченных 0,013423 0,013423
телефон 0,013423 0,013423
отправки 0,013423 0,013423
унитарному 0,013423 0,026846
беременности 4,317488 4,317488
период 1,160488 1,160488
число 2,371578 2,371578
работы 2,302585 2,302585
сообщение 0,013423 0,134230
выберите 0,013423 0,040269
старые 0,013423 0,013423
снегопадов 3,624341 3,624341
попробуйте 0,013423 0,013423
финансового 2,066196 6,198589
федеральная 3,064725 3,064725
путь 2,612740 2,612740
эксперт 1,678431 1,678431
защитой 0,013423 0,026846
аферистов 3,624341 3,624341
статьи 0,013423 0,013423
подтвердите 0,013423 0,013423
авторизация 0,013423 0,013423
религия 0,283247 0,283247
дни 2,612740 2,612740
форма 0,013423 0,013423
логином 0,013423 0,013423
рейтинг 0,006689 0,006689
галочку 0,013423 0,013423
тульская 3,624341 3,624341
перетащите 0,013423 0,040269
материале 0,013423 0,026846
отмечается 3,064725 3,064725
культура 0,292136 0,584273
материала 0,013423 0,026846
режиме 2,525729 2,525729
происшествия 0,292136 0,292136
вашего 0,013423 0,013423
образец 5,010635 5,010635
паролем 0,013423 0,013423
пройдет 3,218876 3,218876
способы 0,013423 0,026846
зарегистрируйтесь 0,013423 0,013423
обо 0,013423 0,013423
медведев 2,612740 20,901920
украсить 2,931194 2,931194
недвижимость 0,292136 0,292136
дискуссии 0,013423 0,026846
советских 3,064725 3,064725
редактор 0,013423 0,013423
сотрудников 2,708050 2,708050
унитарное 0,013423 0,013423
получить 1,752539 1,752539
бездомных 3,912023 3,912023
форму 0,013423 0,093961
тема 0,013423 0,040269
отправленного 0,013423 0,013423
максимальное 2,525729 2,525729
участников 2,371578 2,371578
рекомендательных 0,013423 0,013423
связанные 0,013423 0,026846
абитуриентариа 2,931194 2,931194
оксана 3,064725 6,129450
данная 0,013423 0,013423
служба 2,238047 2,238047
обратная 0,013423 0,026846
огэ 3,912023 3,912023
риа 0,006689 0,013378
здоровье 2,445686 2,445686
водительского 4,317488 4,317488
приставов 3,624341 3,624341
закрытые 3,218876 3,218876
проставляя 0,013423 0,013423
связанных 0,013423 0,013423
красной 3,064725 3,064725
опишите 0,013423 0,013423
заполнения 0,013423 0,093961
полезное 0,182322 0,182322
правительстве 2,177422 6,532266
квартире 3,064725 3,064725
год 0,967584 2,902752
службе 0,013423 0,013423
навигаторриа 2,445686 2,445686
релизов 0,013423 0,013423
ваших 0,013423 0,026846
почты 0,013423 0,013423
безработица 4,317488 4,317488
ведущий 2,302585 2,302585
безработице 5,010635 5,010635
избавиться 3,624341 3,624341
агентство 0,013423 0,040269
выставку 3,624341 3,624341
правил 0,013423 0,040269
фссп 3,624341 3,624341
признаки 3,218876 3,218876
авторизоваться 0,013423 0,013423
авторизуйтесь 0,013423 0,013423
комнату 4,317488 4,317488
россияне 2,708050 2,708050
идеи 3,401197 3,401197
баллы 2,931194 2,931194
агентства 0,013423 0,013423
сегодня 0,013423 0,120807
расширенный 0,013423 0,013423
петр 2,445686 4,891372
выплаты 3,064725 3,064725
битва 3,624341 3,624341
новыесначала 0,013423 0,013423
проверенные 5,010635 5,010635
шапка 0,013423 0,013423
отправить 0,013423 0,161076
продолжить 0,013423 0,013423
справки 1,875141 1,875141
решении 0,013423 0,013423
рассказал 1,347074 1,347074
бахтияроварелигиовед 3,624341 3,624341
переходный 4,317488 4,317488
изменится 3,218876 3,218876
воспользуйтесь 0,013423 0,040269
участие 0,006689 0,006689
аккаунт 0,013423 0,053692
экономика 0,292136 0,292136
топ 2,708050 2,708050
обсуждение 0,013423 0,013423
анна 2,931194 2,931194
использовать 0,013423 0,013423
опечатка 0,013423 0,013423
снегопад 2,708050 10,832201
календарь 2,177422 6,532266
животных 2,931194 2,931194
блокировки 0,013423 0,013423
онлайн 0,013423 0,013423
контактов 0,013423 0,013423
почта 0,013423 0,080538
апреля 0,013423 0,013423
фамилия 0,013423 0,013423
евгений 2,302585 2,302585
университета 2,177422 6,532266
заботу 3,401197 3,401197
нами 0,013423 0,093961
яндекс 0,013423 0,026846
удалили 0,013423 0,040269
владимир 1,373049 1,373049
либо 0,013423 0,013423
влияние 3,401197 3,401197
вакансии 0,013423 0,013423
праздники 1,791759 1,791759
аккаунту 0,013423 0,013423
открываемого 0,013423 0,026846
нажимая 0,013423 0,013423
поиск 0,013423 0,013423
вами 0,013423 0,013423
недопустимое 0,013423 0,013423
году 1,139434 11,394343
политолог 3,401197 6,802395
согласны 0,013423 0,040269
альперт 4,317488 4,317488
истек 0,013423 0,013423
предприятию 0,013423 0,026846
рекламы 0,013423 0,013423
внимание 0,013423 0,013423
принимать 0,013423 0,013423
ленинград 3,624341 3,624341
соц 2,371578 2,371578
сможете 0,013423 0,013423
года 0,006689 0,013378
расписание 2,612740 2,612740
стоимость 2,612740 5,225480
ознакомлены 0,013423 0,013423
луганск 4,317488 4,317488
начинается 3,064725 3,064725
моих 0,013423 0,026846
предприятие 0,013423 0,013423
наука 0,292136 0,584273
доцент 2,813411 5,626821
стенькорелигиовед 3,624341 7,248682
обсуждения 0,013423 0,013423
вайлдберриз 5,010635 5,010635
блокировкой 0,013423 0,040269
