锌褉芯懈褋褕械褋褌胁懈褟薪芯胁芯褋懈斜懈褉褋泻邪谢械泻褋邪薪写褉 5,010635 5,010635
懈薪芯褋褌褉邪薪薪褘褏 2,612740 2,612740
蟹邪泻芯薪薪褘屑 0,013423 0,013423
薪芯胁褘泄 0,013423 0,013423
薪邪泄褌懈 0,013423 0,013423
芯褋薪芯胁邪薪懈械屑 0,013423 0,013423
邪泻邪写械屑懈褟 3,218876 12,875503
锌懈褋褜屑芯 0,013423 0,013423
褋锌邪褋懈斜芯 0,013423 0,013423
褋芯谐谢邪褋懈械 0,013423 0,026846
褑械薪褌褉 0,190354 0,190354
写芯褋褌褍锌 0,013423 0,026846
屑懈邪 0,013423 0,093961
蟹邪写邪褌褜 0,013423 0,013423
褌械谐懈 0,190354 0,190354
邪胁褌芯褉褍 0,013423 0,013423
褋胁褟蟹邪褌褜褋褟 0,013423 0,080538
邪谢械泻褋邪薪写褉 1,455287 8,731723
斜褘胁褕械谐芯 3,401197 6,802395
写芯谢卸薪褘 0,013423 0,026846
谐 0,013423 0,026846
写芯斜懈谢褋褟 5,010635 5,010635
写 0,013423 0,026846
褉械泻谢邪屑邪 0,190354 0,190354
泻芯褌褌械写卸 5,010635 10,021271
褎芯褌芯 0,013423 0,026846
锌芯谢懈褌懈泻邪 0,013423 0,026846
薪芯胁芯褋懈斜懈褉褋泻械 3,218876 28,969882
褋胁褟蟹褜 0,006689 0,013378
薪芯胁芯褋懈斜懈褉褋泻邪 5,010635 5,010635
懈褋锌褘褌邪褌械谢褜薪褘屑 5,010635 5,010635
褋懈谢褍 3,064725 3,064725
谐芯褌芯胁芯 0,013423 0,026846
褋褍写 2,066196 24,794356
薪芯胁芯褋懈斜懈褉褋泻 4,317488 21,587441
褝泻褋 2,708050 21,664402
褌械褔械薪懈械 0,013423 0,013423
蟹写邪薪懈械 3,624341 3,624341
邪褋械械胁褉芯褋褋懈泄褋泻邪褟 5,010635 5,010635
懈薪褎芯褉屑邪褑懈芯薪薪褘褏 0,013423 0,013423
褉邪蟹屑械褖械薪懈褟 0,013423 0,013423
泻芯薪褎懈写械薪褑懈邪谢褜薪芯褋褌懈 0,013423 0,053692
褋胁褟蟹懈 0,013423 0,080538
蟹邪谐芯谢芯胁芯泻 0,013423 0,026846
锌褉懈谐芯胁芯褉邪 5,010635 5,010635
褋胁芯械泄 2,177422 2,177422
锌褉芯褑械褋褋邪 0,013423 0,013423
邪写褉械褋褍 0,013423 0,026846
锌褉芯斜谢械屑褍 0,013423 0,013423
褋谢褍卸械斜薪芯泄 5,010635 5,010635
胁褉械屑褟 0,013423 0,013423
写邪薪薪褘褏 0,013423 0,107384
锌懈褋褜屑邪 0,013423 0,013423
褔邪褋芯胁 0,013423 0,026846
褋芯谐谢邪褕邪械褌械褋褜 0,013423 0,013423
褉邪薪械械 0,013423 0,013423
胁芯褋褋褌邪薪芯胁谢械薪懈褟 0,013423 0,013423
谐谢邪胁薪褘泄 0,013423 0,013423
写邪薪薪褘械 0,013423 0,013423
屑芯褕械薪薪懈褔械褋褌胁械 4,317488 4,317488
锌褉芯胁械谢 2,525729 2,525729
褉邪蟹斜谢芯泻懈褉芯胁邪褌褜 0,013423 0,040269
谐芯褉芯写 0,013423 0,013423
褎芯褌芯谐褉邪褎懈褞 0,013423 0,013423
褋胁芯斜芯写褘 3,401197 3,401197
芯斜褉邪褖邪械屑 0,013423 0,013423
芯褉谐邪薪懈蟹芯胁邪谢 5,010635 5,010635
芯褌锌褉邪胁谢械薪芯 0,013423 0,013423
薪邪锌懈褋邪褌褜 0,013423 0,013423
薪芯胁芯褋褌械泄屑芯谢薪懈褟 0,013423 0,013423
芯写薪芯泻谢邪褋褋薪懈泻懈 0,013423 0,026846
褋薪邪褔邪谢邪 0,013423 0,013423
锌芯泻邪蟹邪褌褜 0,013423 0,013423
泻薪芯锌泻褍 0,013423 0,013423
泻芯屑屑褍薪懈泻邪褑懈泄 0,013423 0,013423
懈褋锌芯谢薪懈褌械谢褟 5,010635 5,010635
锌邪褉芯谢褜 0,013423 0,080538
锌邪褉芯谢褟 0,013423 0,053692
褏芯褌褟 2,371578 2,371578
锌芯谢褜蟹芯胁邪薪懈褟 4,317488 4,317488
锌械褉械泄写懈褌械 0,013423 0,013423
褋褔械褌 2,445686 2,445686
胁褏芯写 0,013423 0,013423
锌褉芯写褍泻褌褘 0,150823 0,150823
褔懈褌邪褌褜 0,851752 0,851752
蟹邪泻褉褘褌芯 0,013423 0,013423
胁褘褋械谢懈褌褜 3,218876 28,969882
褍写邪谢械薪芯 0,013423 0,013423
褋泻芯谢褜泻芯 0,006689 0,006689
谐邪胁褉懈谢芯胁邪 0,013423 0,013423
屑邪褌械褉懈邪谢芯胁 0,013423 0,040269
芯褌锌褉邪胁谢械薪邪 0,013423 0,013423
褔邪褌械 0,013423 0,013423
锌芯谢褍褔懈谢 2,612740 2,612740
泻胁邪褉褌懈褉褘 3,218876 6,437752
芯褋褍写懈谢懈 4,317488 4,317488
褉邪褋锌芯谢芯卸械薪薪芯屑褍 0,013423 0,026846
褔邪褌褍 0,013423 0,013423
褉械写邪泻褑懈械泄 0,013423 0,013423
邪泻邪写械屑谐芯褉芯写泻械 5,010635 5,010635
锌褉懈蟹薪邪薪懈褟 4,317488 4,317488
锌褉械写褋械写邪褌械谢褟 3,624341 7,248682
懈褞薪械 3,401197 3,401197
褍褔褉械写懈褌械谢褜 0,013423 0,013423
褉邪褋褋屑芯褌褉械薪褘 0,013423 0,013423
邪褋械械胁 5,010635 25,053176
锌褉懈谐芯胁芯褉懈谢懈 4,317488 4,317488
褎谐斜褍 5,010635 5,010635
屑芯械 0,013423 0,026846
褋褋褘谢泻邪 0,013423 0,026846
写芯褉芯谐芯泄 3,912023 3,912023
褋褋褘谢泻械 0,013423 0,013423
褉械褕懈谢 2,813411 19,693875
谐芯胁芯褉懈褌褋褟 2,371578 2,371578
锌械褉械褌褟薪懈褌械 0,013423 0,013423
褋褋褘谢泻懈 0,013423 0,013423
锌芯屑芯褔褜 0,013423 0,013423
邪褉褏懈胁 0,190354 0,190354
锌褉懈胁邪褌懈蟹邪褑懈褞 5,010635 10,021271
邪泻邪写械屑懈泻 3,912023 7,824046
芯褕懈斜泻邪褏 0,013423 0,013423
芯斜褟蟹邪褌械谢褜薪褘 0,013423 0,093961
邪泻邪写械屑懈懈 3,912023 3,912023
锌芯谢褜蟹褍褟褋褜 5,010635 5,010635
胁褘锌褍褋泻邪 0,013423 0,013423
褋锌懈褋泻邪 0,013423 0,013423
褎芯褉屑芯泄 0,013423 0,053692
褉芯褋泻芯屑薪邪写蟹芯褉 0,013423 0,013423
斜谢芯泻懈褉芯胁邪谢褋褟 0,013423 0,013423
屑芯褋泻胁械 1,118815 2,237630
屑芯褋泻胁邪 0,006689 0,013378
胁芯褋锌芯谢褜蟹芯胁邪褌褜褋褟 0,013423 0,013423
胁褏芯写邪 0,013423 0,013423
薪褍卸写邪谢褋褟 5,010635 5,010635
屑芯褢 0,013423 0,013423
锌褉懈蟹薪邪薪懈懈 4,317488 4,317488
褎械写械褉邪谢褜薪芯械 0,013423 0,013423
褎械写械褉邪谢褜薪芯泄 0,013423 0,013423
屑械卸写褍薪邪褉芯写薪芯械 0,013423 0,040269
斜褍写褍褌 0,013423 0,013423
薪芯胁芯褋褌械泄 0,006689 0,006689
薪芯褟斜褉褟 1,714798 1,714798
褋褉芯泻芯屑 3,624341 3,624341
锌芯谢懈褌懈泻芯泄 0,013423 0,040269
芯斜褉邪斜芯褌泻懈 0,013423 0,026846
写邪褞 0,013423 0,026846
锌械褉械泄褌懈 1,203973 2,407946
褍写芯胁谢械褌胁芯褉械薪褘 5,010635 5,010635
芯斜褉邪斜芯褌泻褍 0,013423 0,026846
薪邪泄屑邪 4,317488 4,317488
芯斜褉邪褌薪芯泄 0,013423 0,067115
锌芯写泻邪褋褌褘 0,292136 0,292136
褉械写邪泻褑懈懈 0,013423 0,026846
褉邪泄芯薪薪芯谐芯 5,010635 5,010635
芯斜褉邪褖械薪懈泄 0,013423 0,013423
邪褋械械胁褘褏 5,010635 5,010635
芯斜褉邪斜芯褌泻邪 0,013423 0,013423
褝褌芯 0,013423 0,013423
泻芯褌芯褉芯谐芯 2,238047 4,476093
邪褋械械胁邪 5,010635 20,042541
邪泻邪写械屑懈泻邪 5,010635 15,031906
褋褌邪薪械褌 2,302585 2,302585
芯锌懈褋邪薪懈械屑 0,013423 0,013423
薪芯胁褍褞 0,013423 0,013423
屑邪褋褋芯胁褘褏 0,013423 0,013423
褔械褌褘褉械屑 4,317488 4,317488
锌褉芯泄写械薪邪 0,013423 0,013423
锌芯泻褍褕械薪懈褟 5,010635 5,010635
懈褋锌芯谢褜蟹褍械褌褋褟 0,013423 0,013423
蟹邪褉械谐懈褋褌褉懈褉芯胁邪褌褜褋褟 0,013423 0,053692
锌芯卸邪谢芯胁邪褌褜褋褟 0,013423 0,013423
褋芯斜褋褌胁械薪薪芯褋褌懈 3,401197 3,401197
薪芯胁芯褋褌懈 0,006689 0,086957
胁芯泄褌懈 0,013423 0,053692
褝谢械泻褌褉芯薪薪芯泄 0,013423 0,013423
屑懈褉械 0,274437 0,274437
胁褋褌褉械褔薪褘械 5,010635 5,010635
褝谢 0,013423 0,013423
写械泄褋褌胁懈褟 0,013423 0,013423
褉邪写懈芯 0,274437 0,274437
写蟹械薪 0,851752 0,851752
蟹邪褖懈褌邪 0,013423 0,013423
褉械谐懈褋褌褉邪褑懈褞 4,317488 4,317488
褉械谐懈褋褌褉邪褑懈褟 0,013423 0,040269
薪邪锌褋芯 5,010635 5,010635
锌芯褔械屑褍 0,013423 0,013423
懈褋锌芯谢褜蟹芯胁邪薪懈褟 0,013423 0,013423
胁芯褋褋褌邪薪芯胁谢械薪懈械 0,013423 0,040269
胁芯锌褉芯褋邪屑 0,013423 0,026846
谐芯褋褍写邪褉褋褌胁械薪薪芯械 0,013423 0,013423
邪谢械泻褋械械胁邪 4,317488 4,317488
胁泻芯薪褌邪泻褌械 0,013423 0,026846
褋锌械褑锌褉芯械泻褌褘 0,190354 0,190354
蟹邪褌械屑 1,791759 1,791759
锌褉芯褋懈屑 0,013423 0,013423
褉械谢懈蟹械 5,010635 5,010635
薪邪胁褋械谐写邪 0,013423 0,013423
薪邪褉褍褕械薪懈械 0,013423 0,040269
蟹邪斜谢芯泻懈褉芯胁邪薪 0,013423 0,013423
卸懈谢褜械 3,624341 3,624341
胁薪邪械屑 5,010635 5,010635
芯褕懈斜泻褍 0,013423 0,013423
蟹邪褖懈褌褘 0,013423 0,013423
薪邪蟹邪写 0,013423 0,067115
芯斜褉邪褖械薪懈褟 0,013423 0,026846
褎械胁褉邪谢褟 0,616186 0,616186
褉械屑芯薪褌 3,624341 3,624341
芯褕懈斜泻邪 0,013423 0,013423
胁芯锌褉芯褋 0,006689 0,006689
蟹褍斜芯胁褋泻懈泄 0,013423 0,026846
锌芯写褌胁械褉卸写邪械褌械 0,013423 0,013423
蟹邪锌芯谢薪懈褌褜 0,013423 0,026846
芯褋褍褖械褋褌胁谢褟械褌褋褟 0,013423 0,013423
胁邪褕 0,013423 0,053692
芯斜褖械泄 3,401197 3,401197
懈屑褟 0,013423 0,067115
写褉褍谐懈械 0,013423 0,026846
芯斜褖械褋褌胁芯 0,265703 0,265703
薪邪写蟹芯褉褍 0,013423 0,013423
褋褉芯泻 0,013423 0,026846
懈蟹写邪薪懈械 0,013423 0,013423
斜褍谢褜胁邪褉 0,013423 0,026846
褏芯褌懈褌械 0,013423 0,013423
蟹邪锌芯谢薪懈褌械 0,013423 0,067115
褌械褏薪芯谢芯谐懈泄 0,013423 0,026846
褋械褌械胁芯械 0,013423 0,013423
胁薪芯胁褜 0,013423 0,013423
褍斜械写懈谢 5,010635 5,010635
褎械胁 1,399717 1,399717
褋屑械薪懈褌褜 0,013423 0,013423
屑邪褌械褉懈邪谢 0,013423 0,013423
褌褉械褏谢械褌薪懈屑 5,010635 5,010635
褍褔邪褋褌胁芯胁邪褌褜 0,013423 0,026846
谢懈褕械薪懈褟 3,401197 3,401197
褋芯芯斜褖懈褌褜 0,013423 0,013423
褋芯褑懈邪谢褜薪芯谐芯 3,218876 3,218876
懈褋泻懈 5,010635 5,010635
锌芯谢芯卸械薪懈械屑 5,010635 5,010635
褍褋锌械褕薪芯 0,013423 0,013423
褋泻褉懈薪褕芯褌 0,013423 0,040269
谢械薪褌邪 0,006689 0,013378
蟹邪斜谢芯泻懈褉芯胁邪薪褘 0,013423 0,013423
褋锌芯褉褌 0,190354 0,190354
褋褎械褉械 0,013423 0,013423
褋胁懈写械褌械谢褜褋褌胁芯 0,013423 0,013423
胁褘褋械谢懈谢 5,010635 5,010635
锌褉邪胁懈谢邪 0,013423 0,026846
胁蟹邪懈屑芯写械泄褋褌胁懈褟 0,013423 0,026846
褞褉懈褋写懈泻褑懈懈 5,010635 5,010635
谐谢邪胁褍 3,064725 21,453076
褋芯褏褉邪薪懈褌褜 0,013423 0,013423
懈薪褎芯褉屑邪褑懈芯薪薪芯械 0,013423 0,040269
泻芯屑屑械薪褌懈褉芯胁邪薪懈褟 0,013423 0,026846
锌褉械褋褋 0,013423 0,040269
泻芯褌褌械写卸械 5,010635 5,010635
锌褉懈屑械薪械薪懈褟 0,013423 0,013423
褎械写械褉邪谢褜薪芯屑褍 0,013423 0,026846
锌械褉褋芯薪邪谢褜薪褘褏 0,013423 0,107384
锌褉芯懈蟹芯褕谢邪 0,013423 0,013423
褉褍斜谢械泄 2,525729 5,051457
锌褉懈械屑邪 4,317488 4,317488
褌褉械斜芯胁邪薪懈褟 2,525729 2,525729
写邪褌邪 0,013423 0,013423
胁邪褕械 0,013423 0,107384
褋邪泄褌械 0,013423 0,013423
胁邪褕懈 0,013423 0,013423
褎懈芯 0,013423 0,013423
胁芯褋褋褌邪薪芯胁懈褌褜 0,013423 0,013423
泻芯褌褌械写卸械屑 5,010635 5,010635
锌芯卸邪谢褍泄褋褌邪 0,013423 0,013423
褉邪薪 2,931194 32,243131
褍褋谢芯胁薪芯 3,912023 3,912023
薪懈卸械 0,013423 0,040269
胁械褉褋懈褟 0,013423 0,013423
胁芯锌褉芯褋邪 0,013423 0,013423
褉芯褋褋懈褟 0,006689 0,080268
锌芯谢褟 0,013423 0,093961
褋褍写芯胁 3,401197 3,401197
谐芯褋褍写邪褉褋褌胁械薪薪芯屑褍 0,013423 0,026846
芯褌写械谢械薪懈褟 3,624341 7,248682
泻芯褌褌械写卸邪 3,401197 30,610776
褉械谐懈褋褌褉邪褑懈懈 0,013423 0,026846
锌芯谢械 0,013423 0,013423
褋邪泄褌 0,013423 0,026846
褋械褉胁懈褋褘 0,190354 0,190354
蟹邪褉械谐懈褋褌褉懈褉芯胁邪薪芯 0,013423 0,013423
写褉褍谐芯械 0,013423 0,013423
褌褍褉懈蟹屑 0,283247 0,283247
褎懈泻褌懈胁薪褍褞 5,010635 5,010635
锌芯写写械褉卸懈胁邪械褌褋褟锌芯谢褍褔懈褌褜 0,013423 0,013423
芯斜褟蟹邪谢懈 5,010635 5,010635
邪写褉械褋 0,013423 0,040269
褋芯芯褌胁械褌褋褌胁懈懈 0,013423 0,026846
蟹邪谐褉褍蟹懈褌械 0,013423 0,013423
褋芯芯斜褖械薪懈褟 0,013423 0,053692
蟹邪谐褉褍蟹懈褌褜 0,013423 0,013423
薪邪锌褉邪胁谢械薪懈懈 0,013423 0,013423
蟹邪屑械褔械薪薪褘褏 0,013423 0,013423
褌械谢械褎芯薪 0,013423 0,013423
芯褌锌褉邪胁泻懈 0,013423 0,013423
锌芯泻邪 1,919593 1,919593
褍薪懈褌邪褉薪芯屑褍 0,013423 0,026846
泻褉褟卸械胁 3,401197 6,802395
屑懈谢谢懈芯薪芯胁 2,931194 2,931194
芯斜薪芯胁谢械薪芯 1,003302 1,003302
褋芯芯斜褖械薪懈械 0,013423 0,134230
胁褘斜械褉懈褌械 0,013423 0,040269
褋褌邪褉褘械 0,013423 0,013423
泻褉芯屑械 1,919593 1,919593
锌芯锌褉芯斜褍泄褌械 0,013423 0,013423
褉械蟹懈写械薪褑懈械泄 5,010635 5,010635
褋谢褍卸械斜薪褘屑 5,010635 5,010635
褍褖械褉斜 4,317488 4,317488
锌芯泻懈薪褍褌褜 5,010635 5,010635
薪邪褍泻 2,931194 14,655969
蟹邪褖懈褌芯泄 0,013423 0,026846
褋褌邪褌褜懈 0,013423 0,013423
锌芯写褌胁械褉写懈褌械 0,013423 0,013423
邪胁褌芯褉懈蟹邪褑懈褟 0,013423 0,013423
褉械谢懈谐懈褟 0,283247 0,283247
屑械写懈邪斜邪薪泻邪谢械泻褋邪薪写褉 4,317488 4,317488
褎芯褉屑邪 0,013423 0,013423
谢芯谐懈薪芯屑 0,013423 0,013423
褉械泄褌懈薪谐 0,006689 0,006689
谐邪谢芯褔泻褍 0,013423 0,013423
写芯屑 2,302585 2,302585
褋芯芯斜褖懈谢邪 3,064725 3,064725
锌械褉械褌邪褖懈褌械 0,013423 0,040269
屑邪褌械褉懈邪谢械 0,013423 0,026846
泻褍谢褜褌褍褉邪 0,292136 0,292136
屑邪褌械褉懈邪谢邪 0,013423 0,026846
懈褋泻芯胁褘械 5,010635 5,010635
锌褉芯懈褋褕械褋褌胁懈褟 0,292136 1,168546
胁邪褕械谐芯 0,013423 0,013423
锌邪褉芯谢械屑 0,013423 0,013423
胁懈薪芯胁薪褘屑 5,010635 5,010635
褌褘褋褟褔 2,238047 2,238047
褋锌芯褋芯斜褘 0,013423 0,026846
蟹邪褉械谐懈褋褌褉懈褉褍泄褌械褋褜 0,013423 0,013423
芯斜芯 0,013423 0,013423
薪械写胁懈卸懈屑芯褋褌褜 0,292136 0,292136
写懈褋泻褍褋褋懈懈 0,013423 0,026846
褉械写邪泻褌芯褉 0,013423 0,013423
褎谐褍锌 0,499776 2,498879
褍薪懈褌邪褉薪芯械 0,013423 0,013423
褎芯褉屑褍 0,013423 0,093961
褌械屑邪 0,013423 0,040269
芯褌锌褉邪胁谢械薪薪芯谐芯 0,013423 0,013423
芯斜谢邪褋褌薪褘褏 5,010635 5,010635
褋胁褟蟹邪薪薪褘械 0,013423 0,013423
褉械泻芯屑械薪写邪褌械谢褜薪褘褏 0,013423 0,013423
写邪薪薪邪褟 0,013423 0,013423
蟹邪泻芯薪薪褍褞 5,010635 5,010635
褋谢褍卸斜邪 2,238047 2,238047
芯斜褉邪褌薪邪褟 0,013423 0,026846
褉懈邪 0,006689 0,080268
锌褉芯褋褌邪胁谢褟褟 0,013423 0,013423
褋胁褟蟹邪薪薪褘褏 0,013423 0,013423
芯锌懈褕懈褌械 0,013423 0,013423
蟹邪锌芯谢薪械薪懈褟 0,013423 0,093961
锌芯谢械蟹薪芯械 0,182322 0,182322
写芯褔械褉懈 5,010635 5,010635
锌褉邪胁邪 2,708050 5,416100
褋谢褍卸斜械 0,013423 0,013423
屑械写懈邪斜邪薪泻 1,321756 1,321756
锌褉懈蟹薪邪谢懈 2,525729 2,525729
褉械谢懈蟹芯胁 0,013423 0,013423
褉械褕械薪懈械屑 3,912023 3,912023
谐芯褋褌械泄 3,401197 3,401197
胁邪褕懈褏 0,013423 0,026846
锌芯褔褌褘 0,013423 0,013423
邪谐械薪褌褋褌胁芯 0,013423 0,040269
锌褉邪胁懈谢 0,013423 0,040269
邪胁褌芯褉懈蟹芯胁邪褌褜褋褟 0,013423 0,013423
邪胁褌芯褉懈蟹褍泄褌械褋褜 0,013423 0,013423
锌褉械蟹懈写懈褍屑 5,010635 5,010635
褋芯胁械褌褋泻芯谐芯 3,912023 3,912023
邪谐械薪褌褋褌胁邪 0,013423 0,013423
褋械谐芯写薪褟 0,013423 0,134230
褉邪褋褕懈褉械薪薪褘泄 0,013423 0,013423
薪芯胁褘械褋薪邪褔邪谢邪 0,013423 0,013423
写械锌褍褌邪褌邪 4,317488 4,317488
褕邪锌泻邪 0,013423 0,013423
芯褌锌褉邪胁懈褌褜 0,013423 0,147653
锌褉芯写芯谢卸懈褌褜 0,013423 0,013423
褉械褕械薪懈械 1,791759 1,791759
褉械褕械薪懈懈 0,013423 0,013423
胁褘褋械谢懈谢懈 5,010635 5,010635
邪谢械泻褋邪薪写褉邪 2,612740 5,225480
褍褋谢芯胁懈褟褏 2,066196 2,066196
胁芯褋锌芯谢褜蟹褍泄褌械褋褜 0,013423 0,040269
谐芯褋褍写邪褉褋褌胁褍 3,912023 7,824046
褍褔邪褋褌懈械 0,006689 0,006689
邪褉褏懈胁薪芯械 1,373049 1,373049
邪泻泻邪褍薪褌 0,013423 0,053692
褋懈斜懈褉褋泻芯谐芯 3,624341 7,248682
褝泻芯薪芯屑懈泻邪 0,292136 0,292136
芯斜褋褍卸写械薪懈械 0,013423 0,013423
懈褋锌芯谢褜蟹芯胁邪褌褜 0,013423 0,013423
芯锌械褔邪褌泻邪 0,013423 0,013423
斜谢芯泻懈褉芯胁泻懈 0,013423 0,013423
芯薪谢邪泄薪 0,013423 0,013423
泻芯薪褌邪泻褌芯胁 0,013423 0,013423
锌芯褔褌邪 0,013423 0,080538
邪锌褉械谢褟 0,013423 0,013423
褎邪屑懈谢懈褟 0,013423 0,013423
薪邪屑懈 0,013423 0,093961
褟薪写械泻褋 0,013423 0,026846
褉芯褋褋懈泄褋泻邪褟 2,708050 8,124151
褍写邪谢懈谢懈 0,013423 0,040269
谢懈斜芯 0,013423 0,013423
胁邪泻邪薪褋懈懈 0,013423 0,013423
邪泻泻邪褍薪褌褍 0,013423 0,013423
芯褌泻褉褘胁邪械屑芯谐芯 0,013423 0,026846
薪邪卸懈屑邪褟 0,013423 0,013423
褋械屑褜褟 3,624341 3,624341
锌芯懈褋泻 0,013423 0,013423
胁邪屑懈 0,013423 0,013423
薪械写芯锌褍褋褌懈屑芯械 0,013423 0,013423
褋芯谐谢邪褋薪褘 0,013423 0,040269
懈褋褌械泻 0,013423 0,013423
锌褉械写锌褉懈褟褌懈褞 0,013423 0,026846
褉械泻谢邪屑褘 0,013423 0,013423
褕褌褉邪褎芯屑 5,010635 5,010635
胁褋褌褍锌懈谢芯 5,010635 5,010635
胁械褉薪褍褌褜 2,813411 2,813411
胁薪懈屑邪薪懈械 0,013423 0,013423
锌芯褋褌邪薪芯胁懈谢 4,317488 8,634976
锌褉懈薪懈屑邪褌褜 0,013423 0,013423
褋屑芯卸械褌械 0,013423 0,013423
谐芯写邪 0,006689 0,013378
谐芯写邪屑 3,624341 3,624341
褋褍写邪 2,708050 2,708050
褋谢械写褍械褌 2,066196 2,066196
芯蟹薪邪泻芯屑谢械薪褘 0,013423 0,013423
芯褑械薪懈谢懈 3,064725 3,064725
屑芯懈褏 0,013423 0,026846
锌褉械写锌褉懈褟褌懈械 0,013423 0,013423
薪邪褍泻邪 0,292136 0,292136
芯斜褋褍卸写械薪懈褟 0,013423 0,013423
芯褌泻谢芯薪懈谢 5,010635 5,010635
斜谢芯泻懈褉芯胁泻芯泄 0,013423 0,040269
