законным 0,013423 0,013423
новый 0,013423 0,013423
найти 0,013423 0,013423
основанием 0,013423 0,013423
письмо 0,013423 0,013423
спасибо 0,013423 0,013423
текстуре 5,010635 5,010635
согласие 0,013423 0,026846
доступ 0,013423 0,026846
белками 5,010635 5,010635
воду 2,302585 4,605170
кастрюле 3,064725 6,129450
миа 0,013423 0,040269
задать 0,013423 0,013423
автору 0,013423 0,013423
легкость 3,912023 3,912023
связаться 0,013423 0,080538
ароматов 5,010635 10,021271
солью 3,401197 6,802395
вода 2,525729 7,577186
должны 0,013423 0,013423
газированная 5,010635 15,031906
углеводы 2,445686 2,445686
г 0,013423 0,120807
насыщает 5,010635 10,021271
д 0,013423 0,026846
воде 2,014903 20,149030
фото 0,013423 0,013423
политика 0,013423 0,013423
связь 0,006689 0,013378
готовности 2,612740 5,225480
л 2,525729 5,051457
водой 2,445686 4,891372
готово 0,013423 0,026846
занимает 2,813411 2,813411
кастрюлю 2,445686 4,891372
течение 0,013423 0,013423
кастрюля 5,010635 10,021271
ч 2,612740 2,612740
информационных 0,013423 0,013423
богатству 5,010635 5,010635
суп 3,064725 12,258901
уникальное 3,624341 3,624341
размещения 0,013423 0,013423
перемешать 2,525729 5,051457
конфиденциальности 0,013423 0,053692
связи 0,013423 0,080538
заголовок 0,013423 0,026846
своей 2,177422 2,177422
шаг 1,875141 22,501693
процесса 0,013423 0,013423
готовки 1,919593 1,919593
адресу 0,013423 0,026846
проблему 0,013423 0,013423
необходимые 3,401197 6,802395
рецепты 1,139434 2,278869
небольшой 2,931194 5,862388
время 0,013423 0,026846
данных 0,013423 0,107384
охладить 3,624341 7,248682
письма 0,013423 0,013423
часов 0,013423 0,026846
соглашаетесь 0,013423 0,013423
очистить 2,612740 10,450960
ранее 0,013423 0,013423
восстановления 0,013423 0,013423
главный 0,013423 0,013423
данные 0,013423 0,013423
разблокировать 0,013423 0,040269
город 0,013423 0,013423
фотографию 0,013423 0,013423
час 2,813411 2,813411
обращаем 0,013423 0,013423
отправлено 0,013423 0,013423
написать 0,013423 0,013423
новостеймолния 0,013423 0,013423
одноклассники 0,013423 0,026846
сначала 0,013423 0,013423
нежного 3,624341 3,624341
показать 0,013423 0,013423
кнопку 0,013423 0,013423
вкусов 3,912023 7,824046
коммуникаций 0,013423 0,013423
огурца 4,317488 8,634976
пароль 0,013423 0,080538
нож 3,912023 7,824046
пароля 0,013423 0,053692
перейдите 0,013423 0,013423
калорийность 2,120264 2,120264
вход 0,013423 0,013423
разделочная 5,010635 10,021271
закрыто 0,013423 0,013423
удалено 0,013423 0,013423
ккал 2,302585 2,302585
сколько 0,006689 0,006689
кефир 3,401197 13,604790
гаврилова 0,013423 0,013423
материалов 0,013423 0,040269
отправлена 0,013423 0,013423
придает 3,218876 3,218876
холодильнике 2,813411 5,626821
чате 0,013423 0,013423
интеллектомокрошка 4,317488 4,317488
куриное 2,931194 5,862388
расположенному 0,013423 0,026846
чату 0,013423 0,013423
редакцией 0,013423 0,013423
штук 4,317488 8,634976
сметана 3,218876 6,437752
учредитель 0,013423 0,013423
часть 1,919593 3,839186
рассмотрены 0,013423 0,013423
мое 0,013423 0,026846
нарезать 2,445686 24,456859
ссылка 0,013423 0,026846
необходимыми 5,010635 5,010635
ссылке 0,013423 0,013423
перетяните 0,013423 0,013423
ссылки 0,013423 0,013423
крупной 3,064725 12,258901
помочь 0,013423 0,013423
ошибках 0,013423 0,013423
обязательны 0,013423 0,093961
выпуска 0,013423 0,013423
списка 0,013423 0,013423
формой 0,013423 0,053692
роскомнадзор 0,013423 0,013423
одновременно 3,401197 3,401197
блокировался 0,013423 0,013423
создает 3,912023 3,912023
москва 0,006689 0,020067
воспользоваться 0,013423 0,013423
русской 1,752539 3,505078
входа 0,013423 0,013423
моё 0,013423 0,013423
белки 2,371578 2,371578
федеральное 0,013423 0,013423
федеральной 0,013423 0,013423
холодной 3,064725 6,129450
большой 2,445686 4,891372
международное 0,013423 0,040269
будут 0,013423 0,013423
посыпать 2,931194 5,862388
салями 5,010635 25,053176
новостей 0,006689 0,006689
которое 2,302585 4,605170
политикой 0,013423 0,040269
обработки 0,013423 0,026846
даю 0,013423 0,026846
вкусу 2,066196 10,330982
обработку 0,013423 0,026846
огурцы 3,401197 6,802395
обратной 0,013423 0,067115
порций 5,010635 5,010635
редакции 0,013423 0,026846
порции 2,445686 2,445686
обращений 0,013423 0,013423
доска 4,317488 8,634976
обработка 0,013423 0,013423
это 0,013423 0,053692
зеленый 3,064725 12,258901
лука 3,218876 6,437752
порадует 5,010635 5,010635
описанием 0,013423 0,013423
новую 0,013423 0,013423
массовых 0,013423 0,013423
пройдена 0,013423 0,013423
используется 0,013423 0,013423
покрошить 4,317488 8,634976
зарегистрироваться 0,013423 0,053692
пожаловаться 0,013423 0,013423
отварить 3,218876 12,875503
новости 0,006689 0,040134
войти 0,013423 0,053692
электронной 0,013423 0,013423
эл 0,013423 0,013423
действия 0,013423 0,013423
идеально 2,612740 5,225480
защита 0,013423 0,013423
регистрация 0,013423 0,040269
почему 0,013423 0,013423
использования 0,013423 0,013423
восстановление 0,013423 0,040269
вопросам 0,013423 0,026846
государственное 0,013423 0,013423
добавить 2,238047 8,952186
вкусный 3,064725 3,064725
вконтакте 0,013423 0,026846
затем 1,791759 3,583519
просим 0,013423 0,013423
навсегда 0,013423 0,013423
нарушение 0,013423 0,040269
заблокирован 0,013423 0,013423
классическое 4,317488 8,634976
соль 2,120264 4,240527
ошибку 0,013423 0,013423
защиты 0,013423 0,013423
нарезанных 4,317488 4,317488
натереть 2,813411 11,253643
назад 0,013423 0,067115
обращения 0,013423 0,026846
остудить 3,218876 6,437752
лук 2,302585 9,210340
ошибка 0,013423 0,013423
искусственным 3,912023 7,824046
вопрос 0,006689 0,006689
зубовский 0,013423 0,026846
подтверждаете 0,013423 0,013423
заполнить 0,013423 0,026846
штуки 4,317488 17,269952
жирами 5,010635 5,010635
сгенерировано 2,708050 5,416100
осуществляется 0,013423 0,013423
ваш 0,013423 0,053692
имя 0,013423 0,067115
другие 0,013423 0,026846
надзору 0,013423 0,013423
блюдо 2,014903 6,044709
срок 0,013423 0,026846
промыть 2,708050 5,416100
издание 0,013423 0,013423
бульвар 0,013423 0,026846
хотите 0,013423 0,013423
заполните 0,013423 0,067115
технологий 0,013423 0,026846
сетевое 0,013423 0,013423
потолочь 5,010635 10,021271
вновь 0,013423 0,013423
яйца 1,966113 5,898339
сменить 0,013423 0,013423
материал 0,013423 0,013423
участвовать 0,013423 0,026846
сообщить 0,013423 0,013423
успешно 0,013423 0,013423
скриншот 0,013423 0,040269
налить 3,624341 7,248682
лента 0,006689 0,013378
яйцо 2,612740 5,225480
пучок 3,912023 7,824046
кубики 3,401197 6,802395
заблокированы 0,013423 0,013423
сфере 0,013423 0,013423
свидетельство 0,013423 0,013423
правила 0,013423 0,026846
взаимодействия 0,013423 0,026846
подготовленные 4,317488 8,634976
вкрутую 3,401197 6,802395
сохранить 0,013423 0,013423
информационное 0,013423 0,040269
комментирования 0,013423 0,026846
посуду 2,813411 5,626821
пресс 0,013423 0,013423
укроп 2,612740 10,450960
применения 0,013423 0,013423
картофель 2,708050 10,832201
федеральному 0,013423 0,026846
персональных 0,013423 0,107384
произошла 0,013423 0,013423
ценность 2,302585 2,302585
дата 0,013423 0,013423
ваше 0,013423 0,107384
сайте 0,013423 0,013423
ваши 0,013423 0,013423
фио 0,013423 0,013423
восстановить 0,013423 0,013423
пожалуйста 0,013423 0,013423
газированной 3,912023 31,296184
простое 3,912023 3,912023
окрошки 3,624341 21,746046
окрошке 3,912023 3,912023
ниже 0,013423 0,040269
версия 0,013423 0,013423
вопроса 0,013423 0,013423
окрошка 3,401197 13,604790
россия 0,006689 0,053512
поля 0,013423 0,093961
подсоленной 4,317488 8,634976
углеводами 5,010635 5,010635
воздушность 5,010635 5,010635
государственному 0,013423 0,026846
окрошку 3,624341 14,497364
регистрации 0,013423 0,026846
кефире 3,064725 24,517801
поле 0,013423 0,013423
сайт 0,013423 0,026846
полезный 3,064725 3,064725
газированную 4,317488 8,634976
зарегистрировано 0,013423 0,013423
пучка 4,317488 8,634976
другое 0,013423 0,013423
поддерживаетсяполучить 0,013423 0,013423
адрес 0,013423 0,040269
соответствии 0,013423 0,026846
холодную 3,064725 6,129450
загрузите 0,013423 0,013423
сообщения 0,013423 0,053692
загрузить 0,013423 0,013423
новостию 5,010635 5,010635
уксус 3,624341 14,497364
направлении 0,013423 0,013423
замеченных 0,013423 0,013423
телефон 0,013423 0,013423
отправки 0,013423 0,013423
сочетание 3,218876 3,218876
унитарному 0,013423 0,026846
сообщение 0,013423 0,134230
кефира 3,624341 3,624341
выберите 0,013423 0,040269
старые 0,013423 0,013423
особую 3,218876 3,218876
попробуйте 0,013423 0,013423
жарких 3,912023 7,824046
защитой 0,013423 0,026846
статьи 0,013423 0,013423
подтвердите 0,013423 0,013423
авторизация 0,013423 0,013423
форма 0,013423 0,013423
логином 0,013423 0,013423
рейтинг 0,006689 0,006689
галочку 0,013423 0,013423
перетащите 0,013423 0,040269
материале 0,013423 0,026846
материала 0,013423 0,026846
вашего 0,013423 0,013423
паролем 0,013423 0,013423
способы 0,013423 0,026846
зарегистрируйтесь 0,013423 0,013423
обо 0,013423 0,013423
организм 4,317488 4,317488
мелко 2,525729 20,205829
дискуссии 0,013423 0,026846
рецептырецепты 1,875141 1,875141
редактор 0,013423 0,013423
фгуп 0,499776 0,499776
унитарное 0,013423 0,013423
дней 1,832581 3,665163
форму 0,013423 0,093961
тема 0,013423 0,040269
отправленного 0,013423 0,013423
связанные 0,013423 0,013423
рекомендательных 0,013423 0,013423
готовую 3,624341 7,248682
тщательно 2,445686 4,891372
данная 0,013423 0,013423
обратная 0,013423 0,026846
овощей 3,218876 3,218876
риа 0,006689 0,046823
проставляя 0,013423 0,013423
связанных 0,013423 0,013423
опишите 0,013423 0,013423
заполнения 0,013423 0,093961
кубиками 2,931194 5,862388
кухни 1,832581 3,665163
службе 0,013423 0,013423
релизов 0,013423 0,013423
ваших 0,013423 0,026846
кухня 1,832581 1,832581
почты 0,013423 0,013423
подачей 3,218876 6,437752
снабжая 5,010635 5,010635
агентство 0,013423 0,040269
приготовление 1,966113 3,932226
правил 0,013423 0,040269
мар 2,931194 2,931194
авторизоваться 0,013423 0,013423
авторизуйтесь 0,013423 0,013423
огурец 3,912023 7,824046
смешивание 5,010635 5,010635
агентства 0,013423 0,013423
сегодня 0,013423 0,080538
расширенный 0,013423 0,013423
новыесначала 0,013423 0,013423
интеллектом 3,912023 3,912023
посолить 3,064725 6,129450
мл 2,612740 5,225480
шапка 0,013423 0,013423
отправить 0,013423 0,147653
продолжить 0,013423 0,013423
решении 0,013423 0,013423
благодаря 2,302585 2,302585
воспользуйтесь 0,013423 0,040269
участие 0,006689 0,006689
аккаунт 0,013423 0,053692
терке 2,931194 11,724775
обсуждение 0,013423 0,013423
использовать 0,013423 0,013423
опечатка 0,013423 0,013423
терка 5,010635 10,021271
блокировки 0,013423 0,013423
онлайн 0,013423 0,013423
контактов 0,013423 0,013423
почта 0,013423 0,080538
небольшие 3,401197 6,802395
рецепт 1,544899 4,634698
апреля 0,013423 0,013423
фамилия 0,013423 0,013423
категория 1,875141 1,875141
усиления 5,010635 10,021271
нами 0,013423 0,093961
яндекс 0,013423 0,026846
русская 2,177422 4,354844
удалили 0,013423 0,040269
либо 0,013423 0,013423
холодный 3,401197 6,802395
жиры 2,371578 2,371578
вакансии 0,013423 0,013423
аккаунту 0,013423 0,013423
освежает 4,317488 8,634976
летних 3,218876 6,437752
открываемого 0,013423 0,026846
нажимая 0,013423 0,013423
поиск 0,013423 0,013423
вами 0,013423 0,013423
недопустимое 0,013423 0,013423
согласны 0,013423 0,040269
истек 0,013423 0,013423
предприятию 0,013423 0,026846
рекламы 0,013423 0,013423
внимание 0,013423 0,013423
принимать 0,013423 0,013423
сможете 0,013423 0,013423
года 0,006689 0,006689
смешать 3,064725 6,129450
подходит 2,525729 5,051457
миске 2,708050 5,416100
пищевая 2,371578 2,371578
подготовить 2,612740 5,225480
ознакомлены 0,013423 0,013423
легкой 3,401197 3,401197
ингредиенты 1,919593 9,597964
своих 2,612740 2,612740
моих 0,013423 0,026846
предприятие 0,013423 0,013423
редис 3,912023 15,648092
обсуждения 0,013423 0,013423
блокировкой 0,013423 0,040269
