самоограничением 5,010635 5,010635
законным 0,013423 0,013423
обязательства 3,401197 6,802395
выдачей 5,010635 5,010635
рф 1,181994 1,181994
личный 3,064725 3,064725
банк 2,813411 11,253643
меняются 5,010635 5,010635
день 1,203973 3,611918
основанием 0,013423 0,013423
найти 0,013423 0,026846
письмо 0,013423 0,013423
спасибо 0,013423 0,013423
повлиять 4,317488 4,317488
игумнова 5,010635 10,021271
кредитованием 5,010635 5,010635
ситуации 2,445686 4,891372
согласие 0,013423 0,026846
ситуаций 4,317488 4,317488
центр 0,190354 0,380707
согласия 3,401197 3,401197
долго 3,064725 3,064725
заявление 2,445686 17,119802
юридических 3,401197 3,401197
людей 2,445686 4,891372
обратно 3,912023 3,912023
долге 4,317488 4,317488
связаться 0,013423 0,080538
таких 2,371578 4,743156
нбки 5,010635 5,010635
законодательная 3,912023 3,912023
человек 2,525729 2,525729
частности 3,064725 3,064725
минимальны 5,010635 5,010635
лично 3,401197 6,802395
реклама 0,190354 0,190354
фото 0,013423 0,013423
связь 0,006689 0,013378
появилась 3,912023 3,912023
апреляфас 5,010635 5,010635
такие 2,525729 2,525729
заявления 2,708050 8,124151
внесения 4,317488 4,317488
готово 0,013423 0,026846
относятся 2,813411 2,813411
передаваться 5,010635 5,010635
область 1,714798 1,714798
подписью 5,010635 5,010635
кредитного 4,317488 8,634976
начинает 3,218876 3,218876
информационных 0,013423 0,013423
размещения 0,013423 0,013423
конфиденциальности 0,013423 0,053692
процессе 3,401197 6,802395
связи 0,013423 0,080538
заголовок 0,013423 0,026846
своей 2,177422 2,177422
шаг 1,875141 1,875141
фиксируется 5,010635 5,010635
однозначно 5,010635 5,010635
прав 3,064725 3,064725
дело 1,919593 1,919593
процесса 0,013423 0,013423
кредиторы 5,010635 5,010635
адресу 0,013423 0,026846
проблему 0,013423 0,013423
физических 2,931194 5,862388
алена 4,317488 4,317488
быстро 2,177422 2,177422
отмечает 1,966113 3,932226
данных 0,013423 0,120807
жители 2,931194 2,931194
учетная 3,912023 3,912023
письма 0,013423 0,013423
позволяя 4,317488 4,317488
часов 0,013423 0,026846
соглашаетесь 0,013423 0,013423
фз 3,064725 12,258901
данным 2,371578 2,371578
данный 2,525729 2,525729
главный 0,013423 0,013423
данные 0,013423 0,053692
кредитора 5,010635 5,010635
также 1,139434 4,557737
одобрить 5,010635 5,010635
вступил 3,912023 3,912023
одном 2,931194 11,724775
подписывают 5,010635 5,010635
фотографию 0,013423 0,013423
долговой 5,010635 5,010635
легко 1,791759 3,583519
продержать 5,010635 5,010635
отправлено 0,013423 0,013423
рассказывает 2,371578 2,371578
сначала 0,013423 0,013423
правовой 5,010635 10,021271
начать 3,218876 3,218876
миллиона 3,624341 3,624341
лиц 2,302585 4,605170
подписания 3,912023 3,912023
задумке 5,010635 5,010635
центробанка 4,317488 4,317488
однако 1,966113 9,830564
перейдите 0,013423 0,013423
загипнотизированным 5,010635 5,010635
субъект 5,010635 5,010635
закрыто 0,013423 0,013423
сколько 0,006689 0,006689
материалов 0,013423 0,040269
изменить 3,912023 3,912023
могут 1,643339 14,790055
отправлена 0,013423 0,013423
чате 0,013423 0,013423
действенный 5,010635 5,010635
пыхтина 5,010635 10,021271
обрабатывают 4,317488 8,634976
стороны 2,238047 2,238047
яковлева 5,010635 10,021271
чату 0,013423 0,013423
редакцией 0,013423 0,013423
посетить 3,624341 3,624341
подан 5,010635 5,010635
дисциплины 4,317488 4,317488
подал 3,064725 3,064725
контролировать 4,317488 8,634976
рассмотрены 0,013423 0,013423
кредитинфо 5,010635 5,010635
заявку 3,912023 7,824046
предупреждает 5,010635 5,010635
каждому 3,218876 3,218876
говорит 2,014903 6,044709
госуслугнеобходимо 5,010635 5,010635
давая 5,010635 5,010635
усиленной 5,010635 5,010635
перетяните 0,013423 0,013423
некоторые 2,525729 2,525729
архив 0,190354 0,190354
части 1,966113 3,932226
дарья 3,912023 7,824046
ошибках 0,013423 0,013423
текущего 4,317488 4,317488
доступна 3,912023 7,824046
специально 3,624341 3,624341
личные 3,064725 3,064725
минусы 4,317488 30,222417
отказать 3,624341 18,121705
выпуска 0,013423 0,013423
тратам 5,010635 5,010635
списка 0,013423 0,013423
формой 0,013423 0,053692
говорить 3,912023 3,912023
примут 5,010635 5,010635
создает 3,912023 3,912023
кредиты 2,813411 126,603482
кредита 3,401197 20,407184
номер 2,708050 2,708050
чужие 4,317488 4,317488
трудно 4,317488 4,317488
госключ 5,010635 15,031906
такая 2,813411 2,813411
оформление 3,624341 3,624341
федеральное 0,013423 0,013423
оформлении 3,624341 14,497364
федеральной 0,013423 0,013423
снимается 5,010635 5,010635
федеральном 4,317488 4,317488
автокредиты 5,010635 5,010635
международное 0,013423 0,040269
поставить 2,525729 2,525729
будут 0,013423 0,013423
закреплено 5,010635 5,010635
новостей 0,006689 0,006689
получать 2,813411 2,813411
нормы 3,218876 3,218876
устанавливается 3,401197 3,401197
банкротству 4,317488 4,317488
заемщик 4,317488 12,952464
мошеннических 5,010635 5,010635
подсказкам 5,010635 5,010635
кэшмотор 5,010635 5,010635
перейти 1,203973 13,243701
банком 5,010635 5,010635
зоне 2,931194 2,931194
алёна 3,624341 3,624341
возникла 5,010635 5,010635
портал 3,401197 6,802395
нужно 1,455287 1,455287
системы 2,302585 2,302585
никуда 3,624341 3,624341
оформления 2,931194 11,724775
обратной 0,013423 0,067115
григорий 3,624341 14,497364
подкасты 0,292136 0,292136
оглавление 1,791759 1,791759
обойти 5,010635 5,010635
закон 2,813411 11,253643
обеспеченные 5,010635 5,010635
описанием 0,013423 0,013423
унэп 5,010635 15,031906
семейной 4,317488 4,317488
взять 2,931194 17,587163
последствияв 5,010635 5,010635
причин 3,912023 3,912023
предусмотрен 4,317488 4,317488
используется 0,013423 0,013423
выбрал 4,317488 4,317488
россельхозбанку 5,010635 5,010635
средний 3,064725 3,064725
участившихся 5,010635 5,010635
следуя 5,010635 5,010635
улице 3,218876 6,437752
преступники 5,010635 5,010635
квалифицированную 5,010635 5,010635
далеко 4,317488 8,634976
мире 0,274437 0,274437
владельца 3,218876 3,218876
случаев 3,218876 3,218876
эл 0,013423 0,013423
точно 2,612740 2,612740
дзен 0,851752 0,851752
привязанный 5,010635 5,010635
риски 3,401197 6,802395
почему 0,013423 0,013423
хорошим 4,317488 4,317488
директор 2,708050 8,124151
вопросам 0,013423 0,040269
всезаймыонлайн 5,010635 5,010635
затронут 5,010635 5,010635
заработал 5,010635 5,010635
могли 3,624341 3,624341
значит 2,612740 2,612740
вконтакте 0,013423 0,026846
окне 5,010635 5,010635
микрофинансовые 5,010635 15,031906
самоконтроля 5,010635 5,010635
области 1,919593 1,919593
примеру 3,624341 3,624341
учесть 5,010635 5,010635
навсегда 0,013423 0,013423
нарушение 0,013423 0,040269
оберегать 5,010635 5,010635
назад 0,013423 0,067115
помогает 2,813411 2,813411
кабинет 3,912023 3,912023
типов 3,912023 3,912023
жертвы 4,317488 4,317488
зубовский 0,013423 0,026846
никто 2,813411 2,813411
юрист 2,371578 4,743156
россияобществокредиты 5,010635 5,010635
цифрового 5,010635 5,010635
заполнить 0,013423 0,040269
клиент 5,010635 5,010635
осуществляется 0,013423 0,013423
против 1,966113 1,966113
общей 3,401197 3,401197
именно 2,066196 2,066196
другие 0,013423 0,026846
общество 0,265703 1,062813
быков 5,010635 5,010635
надзору 0,013423 0,013423
азартные 5,010635 5,010635
издание 0,013423 0,013423
импульсивным 5,010635 5,010635
бульвар 0,013423 0,026846
блогера 3,624341 3,624341
проверку 3,912023 7,824046
хотите 0,013423 0,013423
заполните 0,013423 0,067115
сетевое 0,013423 0,013423
охлаждения 3,401197 6,802395
поддержкой 5,010635 5,010635
вновь 0,013423 0,013423
сменить 0,013423 0,013423
стоит 1,714798 1,714798
участвовать 0,013423 0,026846
сообщить 0,013423 0,013423
кредиторами 4,317488 4,317488
импульсивных 5,010635 10,021271
скриншот 0,013423 0,040269
популярные 2,445686 2,445686
паспортные 4,317488 8,634976
введен 4,317488 4,317488
календарного 4,317488 4,317488
установить 3,218876 16,094379
спорт 0,190354 0,190354
отделении 3,624341 3,624341
кредит 3,064725 18,388351
ипотекой 4,317488 4,317488
снятие 4,317488 21,587441
снятии 5,010635 10,021271
трудности 5,010635 5,010635
действующие 5,010635 5,010635
взаимодействия 0,013423 0,026846
отметить 4,317488 4,317488
сохранить 0,013423 0,013423
информационное 0,013423 0,040269
основной 3,401197 3,401197
методами 4,317488 4,317488
обязанность 4,317488 4,317488
остаются 3,624341 3,624341
займом 5,010635 5,010635
займ 5,010635 25,053176
беззалоговыми 5,010635 5,010635
федеральному 0,013423 0,026846
снятия 3,624341 7,248682
займов 4,317488 21,587441
дистанционное 5,010635 5,010635
поправки 4,317488 4,317488
поможет 2,525729 2,525729
цели 2,525729 5,051457
важно 2,120264 2,120264
отсутствует 4,317488 8,634976
рассрочку 5,010635 5,010635
фио 0,013423 0,013423
предлагают 3,218876 3,218876
пожалуйста 0,013423 0,013423
паспорт 2,931194 2,931194
необходимо 1,791759 3,583519
тех 2,177422 6,532266
человека 2,177422 6,532266
ниже 0,013423 0,040269
версия 0,013423 0,013423
спустя 2,813411 2,813411
поля 0,013423 0,093961
усложняет 5,010635 5,010635
считает 2,813411 5,626821
человеку 4,317488 12,952464
государственному 0,013423 0,026846
законом 3,401197 3,401197
неоправданных 5,010635 5,010635
росдорбанк 5,010635 5,010635
поле 0,013423 0,013423
зарегистрировано 0,013423 0,013423
туризм 0,283247 0,283247
финансово 5,010635 5,010635
адрес 0,013423 0,040269
соответствии 0,013423 0,026846
сертификат 4,317488 8,634976
работа 2,612740 2,612740
загрузите 0,013423 0,013423
втихаря 5,010635 5,010635
запрет 4,317488 77,714786
долг 3,064725 3,064725
сообщения 0,013423 0,053692
загрузить 0,013423 0,013423
услуг 2,813411 8,440232
направлении 0,013423 0,013423
кандидат 3,624341 3,624341
замеченных 0,013423 0,013423
телефон 0,013423 0,013423
займе 5,010635 5,010635
займа 4,317488 12,952464
запретить 5,010635 5,010635
виду 3,624341 3,624341
бедняков 3,912023 7,824046
период 1,160488 2,320975
самого 3,401197 3,401197
склонны 5,010635 5,010635
зафиксирована 5,010635 5,010635
сообщение 0,013423 0,134230
микрозаймы 5,010635 5,010635
старые 0,013423 0,013423
мария 2,931194 5,862388
попробуйте 0,013423 0,013423
внести 3,912023 3,912023
экрана 3,912023 3,912023
накопления 3,912023 3,912023
боднар 5,010635 5,010635
случаях 2,813411 2,813411
оба 3,218876 3,218876
снять 2,708050 10,832201
эксперт 1,678431 5,035292
тип 3,624341 3,624341
статьи 0,013423 0,013423
подтвердите 0,013423 0,013423
брать 2,931194 5,862388
иных 3,624341 3,624341
перетащите 0,013423 0,040269
замыкает 5,010635 5,010635
материале 0,013423 0,040269
культура 0,292136 0,292136
включая 2,525729 2,525729
кредитная 4,317488 4,317488
материала 0,013423 0,026846
происшествия 0,292136 0,292136
банках 4,317488 4,317488
вашего 0,013423 0,013423
паролем 0,013423 0,013423
зарегистрируйтесь 0,013423 0,013423
обо 0,013423 0,013423
клиентов 3,401197 3,401197
ограничение 3,624341 10,873023
позднее 3,624341 7,248682
бюро 3,624341 18,121705
часовой 5,010635 5,010635
способом 2,813411 2,813411
государственных 3,624341 3,624341
редактор 0,013423 0,013423
потребитель 4,317488 4,317488
фгуп 0,499776 2,498879
получить 1,752539 1,752539
многие 2,525729 2,525729
исключительно 2,708050 2,708050
способны 3,624341 3,624341
отправленного 0,013423 0,013423
связанные 0,013423 0,013423
теоретически 3,624341 3,624341
работает 3,064725 9,194175
новая 3,064725 3,064725
обратная 0,013423 0,026846
риа 0,006689 0,133780
сертификата 4,317488 4,317488
андрея 3,912023 3,912023
право 2,525729 2,525729
связанных 0,013423 0,013423
опишите 0,013423 0,013423
рассмотрения 4,317488 12,952464
гражданину 4,317488 4,317488
отчет 4,317488 4,317488
времени 2,238047 2,238047
права 2,708050 2,708050
защитить 2,813411 2,813411
механизма 5,010635 5,010635
опомниться 5,010635 5,010635
бки 5,010635 25,053176
андрей 2,445686 2,445686
почты 0,013423 0,013423
оперативного 5,010635 5,010635
учитываться 4,317488 4,317488
приветствовать 5,010635 5,010635
поэтому 2,014903 4,029806
прочее 5,010635 5,010635
вносить 3,624341 3,624341
регулируется 3,912023 3,912023
уведомление 3,218876 3,218876
антон 3,624341 3,624341
агентство 0,013423 0,040269
медиабанкобслуживание 5,010635 5,010635
корпоративным 5,010635 5,010635
усиленную 5,010635 5,010635
мар 2,931194 2,931194
займами 5,010635 5,010635
универсальный 4,317488 4,317488
портале 3,401197 10,203592
роско 5,010635 5,010635
агентства 0,013423 0,013423
самозапрету 5,010635 5,010635
сегодня 0,013423 0,134230
шаблон 5,010635 5,010635
инструмент 3,624341 7,248682
сразу 1,832581 1,832581
создать 3,064725 3,064725
вместе 2,302585 2,302585
долгов 3,912023 7,824046
такое 1,875141 7,500564
кредитами 4,317488 4,317488
средствам 5,010635 5,010635
мошенники 3,624341 3,624341
ограничивается 4,317488 4,317488
таком 3,218876 9,656627
самозапреты 5,010635 5,010635
влияет 2,525729 10,102915
шапка 0,013423 0,013423
решений 3,624341 7,248682
отправить 0,013423 0,161076
продолжить 0,013423 0,013423
запрос 3,624341 3,624341
решение 1,791759 1,791759
решении 0,013423 0,013423
евгения 3,624341 3,624341
покупок 3,912023 7,824046
генеральный 3,912023 7,824046
забудет 5,010635 5,010635
историй 4,317488 8,634976
возникнут 4,317488 4,317488
благодаря 2,302585 2,302585
истории 2,612740 13,063700
воспользуйтесь 0,013423 0,040269
самозапрете 5,010635 50,106353
аккаунт 0,013423 0,053692
экономика 0,292136 0,292136
состав 2,525729 2,525729
самозапрета 4,317488 60,444834
обсуждение 0,013423 0,013423
организацию 3,218876 3,218876
блокировки 0,013423 0,013423
госдуме 4,317488 8,634976
рамках 2,931194 2,931194
которая 1,643339 4,930018
гражданин 3,218876 16,094379
почта 0,013423 0,080538
организации 2,525729 10,102915
историю 2,371578 18,972624
история 1,484275 1,484275
дегтярев 3,912023 3,912023
внесены 5,010635 5,010635
фамилия 0,013423 0,013423
решения 2,238047 2,238047
доработку 5,010635 5,010635
довольно 3,401197 3,401197
яндекс 0,013423 0,026846
удалили 0,013423 0,040269
федотова 5,010635 10,021271
либо 0,013423 0,026846
остыть 2,813411 2,813411
потребкредит 5,010635 5,010635
создаст 4,317488 4,317488
аккаунту 0,013423 0,013423
открываемого 0,013423 0,026846
поиск 0,013423 0,013423
допустим 5,010635 5,010635
запланирован 5,010635 5,010635
поспешных 5,010635 5,010635
согласны 0,013423 0,040269
протестировали 5,010635 5,010635
законодательном 5,010635 5,010635
установление 4,317488 4,317488
избегать 4,317488 4,317488
рекламы 0,013423 0,013423
объявление 4,317488 4,317488
инициатива 4,317488 4,317488
подано 5,010635 5,010635
следует 2,066196 4,132393
втором 3,218876 3,218876
подходит 2,525729 2,525729
стоимость 2,612740 2,612740
форматы 4,317488 4,317488
риск 3,624341 3,624341
партнер 4,317488 4,317488
компьютере 3,912023 3,912023
присутствия 3,624341 3,624341
способ 2,612740 5,225480
несчастного 5,010635 5,010635
принято 3,218876 3,218876
обсуждения 0,013423 0,013423
сделано 3,912023 3,912023
второй 2,445686 2,445686
блокировкой 0,013423 0,040269
жертв 3,912023 3,912023
ссуду 5,010635 5,010635
играет 5,010635 5,010635
дальнейшем 3,624341 3,624341
подтвержденная 4,317488 4,317488
новый 0,013423 0,026846
корректно 5,010635 5,010635
новые 1,643339 3,286679
ямы 5,010635 5,010635
ввод 5,010635 5,010635
частичный 5,010635 10,021271
советник 4,317488 4,317488
подачу 3,218876 3,218876
выйти 3,401197 3,401197
ответили 3,624341 3,624341
менее 2,177422 2,177422
доступ 0,013423 0,053692
вернут 4,317488 4,317488
помощью 1,919593 1,919593
миа 0,013423 0,093961
задать 0,013423 0,013423
теги 0,190354 0,190354
полный 2,612740 5,225480
автоматически 2,931194 2,931194
автору 0,013423 0,013423
оградить 5,010635 10,021271
александр 1,455287 2,910574
первом 2,708050 2,708050
населения 3,064725 3,064725
должны 0,013423 0,013423
месяцев 2,708050 2,708050
словам 1,752539 5,257616
г 0,013423 0,026846
д 0,013423 0,026846
политика 0,013423 0,026846
параметры 4,317488 4,317488
определённых 5,010635 5,010635
рассчитывается 3,912023 3,912023
санкт 2,525729 2,525729
силу 3,064725 9,194175
кредитное 5,010635 5,010635
госуслуги 2,813411 36,574339
ф 5,010635 5,010635
левой 5,010635 5,010635
течение 0,013423 0,013423
скачать 5,010635 5,010635
кредитной 4,317488 21,587441
силе 3,401197 3,401197
штрафы 4,317488 4,317488
реализована 5,010635 5,010635
потенциальный 4,317488 4,317488
конкретный 5,010635 5,010635
должна 2,525729 5,051457
плюсам 5,010635 5,010635
методике 5,010635 5,010635
абсолютно 3,624341 3,624341
дегтярева 5,010635 5,010635
тройку 3,912023 3,912023
время 0,013423 0,053692
ставит 5,010635 5,010635
возвращать 5,010635 5,010635
практики 3,401197 3,401197
практике 4,317488 8,634976
средства 2,445686 4,891372
петербурга 3,624341 3,624341
мошенничества 5,010635 20,042541
ранее 0,013423 0,013423
восстановления 0,013423 0,013423
разрыв 4,317488 4,317488
соответствующий 3,218876 3,218876
новых 2,931194 2,931194
оказывает 3,624341 3,624341
разблокировать 0,013423 0,040269
город 0,013423 0,013423
получение 2,931194 2,931194
подать 2,813411 8,440232
призван 5,010635 5,010635
реестр 5,010635 5,010635
подпись 5,010635 15,031906
обращаем 0,013423 0,013423
вправе 3,218876 3,218876
удобно 3,401197 3,401197
следующего 3,401197 3,401197
написать 0,013423 0,013423
новостеймолния 0,013423 0,013423
попадают 4,317488 4,317488
вице 4,317488 4,317488
млн 3,401197 3,401197
одноклассники 0,013423 0,026846
подписи 4,317488 8,634976
первую 2,238047 2,238047
месяцами 5,010635 5,010635
получения 2,445686 4,891372
показать 0,013423 0,013423
коммуникации 5,010635 5,010635
экстренной 5,010635 5,010635
кнопку 0,013423 0,026846
коммуникаций 0,013423 0,013423
продуктов 3,624341 3,624341
отсутствие 2,612740 2,612740
пароль 0,013423 0,080538
пароля 0,013423 0,053692
хотя 2,371578 2,371578
подозревающих 5,010635 5,010635
порядок 2,445686 4,891372
госуслуг 3,218876 3,218876
оформить 3,064725 73,553403
вход 0,013423 0,013423
ирина 2,931194 5,862388
банке 3,624341 25,370387
продукты 0,150823 0,150823
банки 3,064725 6,129450
читать 0,851752 0,851752
удалено 0,013423 0,013423
ответы 3,064725 9,194175
равно 3,401197 3,401197
возможна 3,912023 3,912023
гаврилова 0,013423 0,013423
меры 2,612740 2,612740
подгружаются 5,010635 5,010635
банка 3,064725 6,129450
кредитную 5,010635 45,095718
лайм 4,317488 4,317488
невозможен 4,317488 4,317488
расположенному 0,013423 0,026846
инфографика 2,177422 2,177422
всем 1,455287 1,455287
грамотное 5,010635 5,010635
учредитель 0,013423 0,013423
самозапрет 5,010635 245,521129
такого 2,813411 2,813411
лишь 2,371578 7,114734
добровольный 5,010635 5,010635
объясняет 3,218876 16,094379
контролируют 5,010635 5,010635
мое 0,013423 0,026846
медиабанкобъявление 5,010635 5,010635
ссылка 0,013423 0,026846
невозможность 5,010635 5,010635
выпустить 5,010635 5,010635
ссылке 0,013423 0,013423
кажется 3,624341 3,624341
момент 2,708050 8,124151
обезопасить 4,317488 4,317488
ссылки 0,013423 0,013423
помочь 0,013423 0,013423
помимо 2,708050 2,708050
осознать 3,912023 3,912023
обязательны 0,013423 0,093961
сможет 3,401197 17,005987
установленной 3,912023 3,912023
исчезнут 5,010635 5,010635
минимизировать 5,010635 5,010635
залогом 5,010635 5,010635
финансовой 2,813411 2,813411
медиабанксамозапрет 5,010635 10,021271
роскомнадзор 0,013423 0,013423
подобных 4,317488 4,317488
мошенниками 5,010635 5,010635
московская 2,525729 2,525729
блокировался 0,013423 0,013423
выдаче 3,401197 6,802395
вступает 4,317488 4,317488
москве 1,118815 2,237630
становится 2,708050 2,708050
москва 0,006689 0,020067
воспользоваться 0,013423 0,013423
входа 0,013423 0,013423
посетив 5,010635 10,021271
выдачу 4,317488 25,904929
кредитов 4,317488 17,269952
моё 0,013423 0,013423
предоставлении 3,401197 3,401197
предупреждение 4,317488 4,317488
позже 3,912023 3,912023
минусам 5,010635 5,010635
особенно 2,612740 2,612740
павел 2,238047 4,476093
эта 2,371578 7,114734
эффективности 5,010635 5,010635
далее 2,238047 2,238047
зато 3,912023 3,912023
должен 2,177422 2,177422
деньги 2,445686 2,445686
электронную 3,624341 7,248682
документ 3,218876 3,218876
отметит 5,010635 5,010635
москвы 1,455287 1,455287
исключить 5,010635 5,010635
политикой 0,013423 0,040269
обработки 0,013423 0,040269
даю 0,013423 0,026846
достаточно 2,445686 4,891372
стать 2,302585 2,302585
обработку 0,013423 0,026846
редакции 0,013423 0,026846
возможно 2,708050 2,708050
обращений 0,013423 0,013423
связано 3,401197 3,401197
возможны 3,912023 3,912023
займы 5,010635 20,042541
неквалифицированной 5,010635 5,010635
обработка 0,013423 0,013423
ипотекив 5,010635 5,010635
операцию 3,912023 3,912023
это 0,013423 0,147653
страховые 3,624341 3,624341
станет 2,302585 2,302585
удостоверяющий 4,317488 4,317488
предоставляемых 5,010635 5,010635
две 2,177422 2,177422
кабинете 3,064725 3,064725
ограничить 2,931194 5,862388
вполне 3,624341 3,624341
новую 0,013423 0,013423
массовых 0,013423 0,013423
назвали 3,401197 3,401197
стабильность 5,010635 5,010635
законодательство 3,401197 3,401197
пройдена 0,013423 0,013423
историях 5,010635 10,021271
договорного 5,010635 5,010635
отказа 2,931194 2,931194
инструментом 4,317488 4,317488
зарегистрироваться 0,013423 0,053692
соловьёв 5,010635 5,010635
пожаловаться 0,013423 0,013423
сентября 1,514128 3,028255
установили 4,317488 8,634976
новости 0,006689 0,140469
войти 0,013423 0,053692
электронной 0,013423 0,053692
оформленные 5,010635 5,010635
спасет 3,912023 3,912023
сельской 4,317488 4,317488
продуктомриелторы 5,010635 5,010635
возраст 2,813411 2,813411
действия 0,013423 0,040269
инструменту 5,010635 5,010635
радио 0,274437 0,274437
защита 0,013423 0,026846
политик 3,912023 3,912023
регистрация 0,013423 0,040269
определенным 5,010635 5,010635
кредиторов 4,317488 4,317488
минимум 2,612740 2,612740
использования 0,013423 0,026846
восстановление 0,013423 0,040269
мошенников 5,010635 20,042541
определенных 3,912023 3,912023
государственное 0,013423 0,013423
мфк 5,010635 10,021271
государственной 2,813411 2,813411
эксперта 2,813411 11,253643
мфо 5,010635 30,063812
позволит 3,218876 3,218876
защиту 3,912023 7,824046
спецпроекты 0,190354 0,190354
кредитных 3,912023 15,648092
просим 0,013423 0,013423
мфц 3,218876 38,626510
заблокирован 0,013423 0,013423
ошибку 0,013423 0,013423
защиты 0,013423 0,026846
многофункциональный 5,010635 5,010635
действие 3,218876 3,218876
ведома 5,010635 5,010635
инженерии 5,010635 5,010635
обращения 0,013423 0,040269
предлагается 3,912023 3,912023
простую 3,912023 3,912023
игры 1,791759 1,791759
первый 2,014903 2,014903
эксперты 2,612740 5,225480
ошибки 3,401197 3,401197
февраля 0,616186 0,616186
бизнеса 3,401197 3,401197
ошибка 0,013423 0,013423
инн 5,010635 10,021271
вопрос 0,006689 0,006689
отметка 4,317488 4,317488
подтверждаете 0,013423 0,013423
деятельность 3,401197 3,401197
поскольку 2,612740 2,612740
пришел 3,401197 3,401197
дополнительной 3,401197 3,401197
установка 3,912023 7,824046
преследует 4,317488 4,317488
скоринг 5,010635 5,010635
кредитный 5,010635 10,021271
марта 1,678431 10,070585
ваш 0,013423 0,053692
затруднит 5,010635 5,010635
имя 0,013423 0,147653
кредитные 3,912023 3,912023
выберет 5,010635 5,010635
отделениях 4,317488 8,634976
старший 3,912023 3,912023
мнение 3,218876 9,656627
соответствующее 5,010635 5,010635
установку 4,317488 8,634976
самозапретом 5,010635 5,010635
срок 0,013423 0,040269
предоставив 5,010635 5,010635
личность 3,218876 3,218876
отображается 3,912023 3,912023
запрета 4,317488 38,857393
технологий 0,013423 0,026846
слабо 5,010635 5,010635
запрете 3,912023 3,912023
компании 2,302585 6,907755
использование 2,612740 2,612740
проведут 5,010635 5,010635
материал 0,013423 0,013423
происходящее 4,317488 4,317488
успешно 0,013423 0,013423
закредитованности 5,010635 5,010635
лента 0,006689 0,013378
закона 3,064725 3,064725
законе 3,912023 3,912023
заблокированы 0,013423 0,013423
суть 2,525729 10,102915
сфере 0,013423 0,026846
сгоряча 5,010635 5,010635
буквально 3,064725 3,064725
потребительском 4,317488 4,317488
свидетельство 0,013423 0,013423
альянс 5,010635 5,010635
запись 3,624341 7,248682
министерства 3,624341 3,624341
приложение 3,218876 6,437752
правила 0,013423 0,053692
установил 4,317488 4,317488
проверять 4,317488 4,317488
сути 3,624341 3,624341
правовым 5,010635 5,010635
само 4,317488 4,317488
жительства 3,401197 3,401197
возможности 2,302585 2,302585
комментирования 0,013423 0,026846
отнести 4,317488 4,317488
пресс 0,013423 0,026846
россии 0,395515 0,395515
нужен 3,064725 9,194175
применения 0,013423 0,013423
действовать 3,624341 7,248682
известны 4,317488 4,317488
персональных 0,013423 0,107384
произошла 0,013423 0,013423
плюсы 3,912023 27,384161
финансовую 5,010635 10,021271
известно 2,931194 2,931194
ваше 0,013423 0,107384
дата 0,013423 0,026846
сайте 0,013423 0,013423
снижение 3,912023 3,912023
ваши 0,013423 0,013423
поэтапный 5,010635 5,010635
очередь 2,238047 2,238047
восстановить 0,013423 0,013423
своё 3,912023 3,912023
личного 3,218876 3,218876
просто 1,714798 1,714798
селиверстова 3,218876 6,437752
гк 4,317488 8,634976
вопроса 0,013423 0,013423
россия 0,006689 0,107024
заемщика 3,912023 7,824046
личной 4,317488 4,317488
вопросе 3,912023 3,912023
сысоев 3,624341 14,497364
рассказали 2,066196 2,066196
вопросы 2,238047 8,952186
свои 2,445686 2,445686
личном 2,931194 2,931194
становилось 5,010635 5,010635
объяснили 4,317488 4,317488
свое 2,445686 9,782744
софья 5,010635 10,021271
образовательные 3,912023 7,824046
регистрации 0,013423 0,026846
петрова 4,317488 8,634976
причине 3,912023 3,912023
услуга 4,317488 4,317488
необходимость 3,401197 3,401197
сайт 0,013423 0,026846
слегка 2,708050 2,708050
полезный 3,064725 3,064725
сроки 2,525729 7,577186
сервисы 0,190354 0,190354
специалисту 5,010635 5,010635
другое 0,013423 0,013423
трех 2,177422 2,177422
поддерживаетсяполучить 0,013423 0,013423
причины 2,525729 2,525729
сервисе 5,010635 5,010635
другом 3,624341 10,873023
влияют 3,912023 3,912023
пао 3,912023 3,912023
аккредитованные 5,010635 5,010635
ипотеку 4,317488 4,317488
отправки 0,013423 0,026846
размещена 5,010635 5,010635
выдадут 5,010635 5,010635
одноименное 5,010635 5,010635
унитарному 0,013423 0,026846
ипотека 3,624341 3,624341
темебанкротство 4,317488 4,317488
обновлено 1,003302 1,003302
контроля 3,401197 3,401197
её 3,064725 3,064725
ипотеки 3,912023 15,648092
выберите 0,013423 0,040269
кондратюк 3,912023 7,824046
злоумышленники 5,010635 5,010635
строго 3,624341 3,624341
способа 5,010635 5,010635
наук 2,931194 2,931194
защитой 0,013423 0,026846
потребуется 2,813411 11,253643
необдуманных 5,010635 5,010635
авторизация 0,013423 0,013423
религия 0,283247 0,283247
неделями 5,010635 5,010635
форма 0,013423 0,013423
логином 0,013423 0,013423
рейтинг 0,006689 0,020067
галочку 0,013423 0,013423
нажать 5,010635 5,010635
дом 2,302585 2,302585
способу 5,010635 5,010635
пути 2,813411 2,813411
составляет 2,445686 2,445686
социальной 2,445686 2,445686
напоминает 3,401197 3,401197
дня 1,678431 5,035292
поддержать 5,010635 5,010635
очевидной 5,010635 5,010635
способы 0,013423 0,026846
любой 2,445686 12,228430
любом 3,064725 3,064725
недвижимость 0,292136 0,292136
временной 4,317488 4,317488
кликов 5,010635 5,010635
дискуссии 0,013423 0,026846
позволяет 2,445686 2,445686
унитарное 0,013423 0,013423
откажет 5,010635 5,010635
транспортного 4,317488 4,317488
календарный 4,317488 4,317488
форму 0,013423 0,093961
тема 0,013423 0,040269
сервис 3,624341 7,248682
рекомендательных 0,013423 0,013423
около 2,177422 2,177422
госуслугах 3,912023 15,648092
данная 0,013423 0,013423
проставляя 0,013423 0,013423
заполнения 0,013423 0,093961
россиян 1,919593 9,597964
полезное 0,182322 0,182322
службе 0,013423 0,013423
медиабанк 1,321756 6,608779
актуальным 5,010635 5,010635
инфографикачто 5,010635 5,010635
релизов 0,013423 0,013423
включаются 5,010635 5,010635
обратиться 2,612740 5,225480
медиабанкработа 3,401197 3,401197
заявителя 4,317488 4,317488
ваших 0,013423 0,026846
предложили 3,624341 7,248682
которые 1,455287 5,821149
добровольно 4,317488 4,317488
продуктам 5,010635 5,010635
который 1,160488 2,320975
убрать 2,525729 2,525729
граждан 2,931194 5,862388
наталья 2,708050 5,416100
которым 2,612740 5,225480
например 1,714798 1,714798
обязано 5,010635 5,010635
артем 3,401197 3,401197
следующий 2,931194 2,931194
правил 0,013423 0,040269
которых 1,966113 1,966113
частные 3,912023 3,912023
полезен 3,912023 3,912023
авторизуйтесь 0,013423 0,013423
авторизоваться 0,013423 0,026846
создания 2,813411 2,813411
промежуток 5,010635 5,010635
налоги 3,912023 3,912023
однозначной 5,010635 5,010635
выбрать 2,612740 5,225480
телефона 3,064725 3,064725
случае 1,714798 12,003589
президент 2,238047 2,238047
расширенный 0,013423 0,013423
кредитования 5,010635 5,010635
случаи 3,624341 3,624341
потребительских 4,317488 4,317488
направит 5,010635 5,010635
правильный 4,317488 4,317488
новыесначала 0,013423 0,013423
несколько 1,752539 1,752539
использованы 5,010635 5,010635
обеспечения 2,813411 2,813411
примерно 2,177422 2,177422
развития 2,813411 2,813411
кредитование 5,010635 10,021271
никакой 4,317488 4,317488
выдала 5,010635 5,010635
лежать 5,010635 5,010635
запроса 3,912023 19,560115
участие 0,006689 0,006689
опечатка 0,013423 0,013423
использовать 0,013423 0,040269
выбор 2,813411 2,813411
влияния 5,010635 5,010635
самостоятельно 2,708050 2,708050
безусловно 4,317488 4,317488
каждый 2,120264 2,120264
кредитовании 5,010635 5,010635
онлайн 0,013423 0,013423
получится 2,813411 2,813411
контактов 0,013423 0,013423
проблем 3,912023 3,912023
финансовых 4,317488 12,952464
управляющий 5,010635 5,010635
раздел 3,401197 3,401197
апреля 0,013423 0,013423
финансовым 4,317488 4,317488
основатель 3,912023 3,912023
открывшемся 3,912023 3,912023
независимо 3,624341 3,624341
уровне 2,931194 2,931194
финансовые 3,912023 3,912023
подписать 4,317488 4,317488
нами 0,013423 0,093961
места 2,612740 2,612740
нем 2,612740 2,612740
механизм 3,912023 3,912023
опасается 5,010635 5,010635
кредитах 5,010635 10,021271
вакансии 0,013423 0,013423
федеральным 3,624341 3,624341
проверяют 5,010635 5,010635
безопасности 2,177422 2,177422
месте 2,302585 2,302585
антифродовых 5,010635 5,010635
произойдет 4,317488 4,317488
нажимая 0,013423 0,013423
вами 0,013423 0,013423
недопустимое 0,013423 0,013423
году 1,139434 1,139434
мошенникам 5,010635 10,021271
частая 5,010635 5,010635
получал 5,010635 5,010635
низкомаржинальным 5,010635 5,010635
истек 0,013423 0,013423
устанавливаешь 5,010635 5,010635
невозможно 2,525729 5,051457
совершенствование 5,010635 5,010635
банками 5,010635 5,010635
понимать 3,401197 3,401197
получат 3,218876 3,218876
используя 2,612740 2,612740
предприятию 0,013423 0,026846
хочет 2,120264 2,120264
ссудой 5,010635 5,010635
внимание 0,013423 0,013423
сведений 3,401197 3,401197
принимать 0,013423 0,013423
умом 5,010635 5,010635
предотвращения 3,912023 3,912023
сможете 0,013423 0,013423
возможность 2,302585 11,512925
года 0,006689 0,053512
информации 2,612740 5,225480
взгляд 3,624341 3,624341
сведения 3,218876 6,437752
информация 2,612740 5,225480
ознакомлены 0,013423 0,013423
информацию 2,708050 2,708050
моих 0,013423 0,026846
юриста 3,624341 3,624341
всё 3,912023 7,824046
заемные 5,010635 5,010635
принятии 4,317488 4,317488
предприятие 0,013423 0,013423
прямые 5,010635 5,010635
наука 0,292136 0,292136
наличие 3,912023 3,912023
касается 2,612740 5,225480
заемным 5,010635 5,010635
проверить 2,708050 2,708050
определенное 5,010635 5,010635
