иностранных 2,612740 2,612740
законным 0,013423 0,013423
рф 1,181994 1,181994
новый 0,013423 0,013423
унизили 5,010635 5,010635
найти 0,013423 0,013423
основанием 0,013423 0,013423
ожидает 4,317488 4,317488
письмо 0,013423 0,013423
спасибо 0,013423 0,013423
евробюрократии 5,010635 5,010635
заявил 1,427116 1,427116
согласие 0,013423 0,026846
центр 0,190354 0,190354
доступ 0,013423 0,026846
захаровакайя 5,010635 5,010635
миа 0,013423 0,093961
задать 0,013423 0,013423
теги 0,190354 0,190354
автору 0,013423 0,013423
мид 3,064725 6,129450
связаться 0,013423 0,080538
должны 0,013423 0,013423
компаниям 5,010635 5,010635
словам 1,752539 1,752539
г 0,013423 0,026846
д 0,013423 0,026846
реклама 0,190354 0,190354
фото 0,013423 0,026846
пункт 3,218876 3,218876
политика 0,013423 0,026846
связь 0,006689 0,013378
уточняется 5,010635 5,010635
готово 0,013423 0,026846
белоруссии 3,912023 3,912023
европейской 2,238047 6,714140
течение 0,013423 0,013423
государствам 5,010635 5,010635
информационных 0,013423 0,013423
размещения 0,013423 0,013423
конфиденциальности 0,013423 0,053692
мир 1,966113 1,966113
связи 0,013423 0,080538
заголовок 0,013423 0,026846
должна 2,525729 2,525729
процесса 0,013423 0,013423
адресу 0,013423 0,026846
проблему 0,013423 0,013423
время 0,013423 0,013423
данных 0,013423 0,107384
письма 0,013423 0,013423
часов 0,013423 0,026846
соглашаетесь 0,013423 0,013423
евродипломатии 5,010635 10,021271
ранее 0,013423 0,013423
восстановления 0,013423 0,013423
главный 0,013423 0,013423
данные 0,013423 0,013423
также 1,139434 2,278869
разблокировать 0,013423 0,040269
город 0,013423 0,013423
украина 1,875141 7,500564
ищет 3,624341 3,624341
фотографию 0,013423 0,013423
обращаем 0,013423 0,013423
отправлено 0,013423 0,013423
написать 0,013423 0,013423
новостеймолния 0,013423 0,013423
украине 1,427116 8,562698
одноклассники 0,013423 0,026846
сначала 0,013423 0,013423
сторожевая 5,010635 5,010635
публикации 2,238047 2,238047
украины 1,832581 1,832581
показать 0,013423 0,013423
кнопку 0,013423 0,013423
коммуникаций 0,013423 0,013423
прокомментировал 2,708050 2,708050
пароль 0,013423 0,080538
пароля 0,013423 0,053692
перейдите 0,013423 0,013423
вход 0,013423 0,013423
продукты 0,150823 0,150823
читать 0,851752 0,851752
закрыто 0,013423 0,013423
удалено 0,013423 0,013423
сколько 0,006689 0,006689
гаврилова 0,013423 0,013423
материалов 0,013423 0,040269
отправлена 0,013423 0,013423
отказ 2,931194 2,931194
чате 0,013423 0,013423
расположенному 0,013423 0,026846
чату 0,013423 0,013423
редакцией 0,013423 0,013423
выпада 5,010635 5,010635
странам 3,401197 20,407184
учредитель 0,013423 0,013423
рассмотрены 0,013423 0,013423
мое 0,013423 0,026846
ссылка 0,013423 0,026846
ссылке 0,013423 0,013423
говорится 2,371578 7,114734
перетяните 0,013423 0,013423
ссылки 0,013423 0,013423
помочь 0,013423 0,013423
архив 0,190354 0,190354
ошибках 0,013423 0,013423
обязательны 0,013423 0,093961
репараций 4,317488 4,317488
включают 3,912023 3,912023
выпуска 0,013423 0,013423
формой 0,013423 0,053692
списка 0,013423 0,026846
роскомнадзор 0,013423 0,013423
среди 2,813411 5,626821
блокировался 0,013423 0,013423
кайя 3,912023 11,736069
членов 2,813411 5,626821
москва 0,006689 0,020067
воспользоваться 0,013423 0,013423
входа 0,013423 0,013423
моё 0,013423 0,013423
содержится 3,401197 3,401197
федеральное 0,013423 0,013423
федеральной 0,013423 0,013423
конфликта 2,525729 2,525729
международное 0,013423 0,040269
обсуждаться 5,010635 5,010635
будут 0,013423 0,013423
новостей 0,006689 0,006689
документ 3,218876 12,875503
политикой 0,013423 0,040269
списке 4,317488 4,317488
обработки 0,013423 0,026846
даю 0,013423 0,026846
обработку 0,013423 0,026846
обратной 0,013423 0,067115
подкасты 0,292136 0,292136
редакции 0,013423 0,026846
обращений 0,013423 0,013423
вчера 1,576648 4,729944
обработка 0,013423 0,013423
это 0,013423 0,026846
отметила 4,317488 4,317488
войск 4,317488 4,317488
этим 2,238047 2,238047
подготовке 3,912023 3,912023
мирероссияукраинабелоруссиямария 5,010635 5,010635
описанием 0,013423 0,013423
новую 0,013423 0,013423
массовых 0,013423 0,013423
пройдена 0,013423 0,013423
используется 0,013423 0,013423
зарегистрироваться 0,013423 0,053692
пожаловаться 0,013423 0,013423
новости 0,006689 0,073579
войти 0,013423 0,053692
электронной 0,013423 0,013423
мире 0,274437 1,097747
эл 0,013423 0,013423
допустить 3,912023 3,912023
неделе 5,010635 5,010635
действия 0,013423 0,013423
радио 0,274437 0,274437
дзен 0,851752 0,851752
защита 0,013423 0,013423
регистрация 0,013423 0,040269
почему 0,013423 0,013423
использования 0,013423 0,013423
восстановление 0,013423 0,040269
вопросам 0,013423 0,026846
государственное 0,013423 0,013423
белоруссия 3,624341 14,497364
вконтакте 0,013423 0,026846
спецпроекты 0,190354 0,190354
просим 0,013423 0,013423
захарова 2,813411 11,253643
навсегда 0,013423 0,013423
нарушение 0,013423 0,040269
заблокирован 0,013423 0,013423
ошибку 0,013423 0,013423
защиты 0,013423 0,013423
сокращение 4,317488 4,317488
объединения 4,317488 4,317488
назад 0,013423 0,067115
обращения 0,013423 0,026846
список 2,014903 12,089418
февраля 0,616186 0,616186
ошибка 0,013423 0,013423
вступления 4,317488 4,317488
дел 2,612740 2,612740
вопрос 0,006689 0,006689
зубовский 0,013423 0,026846
подтверждаете 0,013423 0,013423
заполнить 0,013423 0,026846
осуществляется 0,013423 0,013423
ваш 0,013423 0,053692
имя 0,013423 0,067115
другие 0,013423 0,026846
общество 0,265703 0,265703
ответ 2,931194 2,931194
дипломатии 3,912023 11,736069
надзору 0,013423 0,013423
срок 0,013423 0,026846
издание 0,013423 0,013423
бульвар 0,013423 0,026846
общества 3,218876 3,218876
хотите 0,013423 0,013423
заполните 0,013423 0,067115
технологий 0,013423 0,026846
сетевое 0,013423 0,013423
запрете 3,912023 3,912023
вновь 0,013423 0,013423
фев 1,399717 1,399717
сменить 0,013423 0,013423
материал 0,013423 0,013423
участвовать 0,013423 0,026846
сообщить 0,013423 0,013423
европейским 4,317488 4,317488
успешно 0,013423 0,013423
скриншот 0,013423 0,040269
лента 0,006689 0,013378
главы 2,931194 2,931194
урегулирования 3,064725 3,064725
грузии 4,317488 4,317488
заблокированы 0,013423 0,013423
спорт 0,190354 0,190354
прошлой 5,010635 5,010635
министров 4,317488 4,317488
сфере 0,013423 0,013423
свидетельство 0,013423 0,013423
правила 0,013423 0,026846
взаимодействия 0,013423 0,026846
брюсселе 3,912023 3,912023
требованиями 2,931194 26,380744
учета 3,401197 3,401197
глава 2,612740 7,838220
сохранить 0,013423 0,013423
молдавии 5,010635 5,010635
информационное 0,013423 0,040269
комментирования 0,013423 0,026846
распространила 5,010635 10,021271
калласевросоюзстрана 5,010635 5,010635
возместить 5,010635 5,010635
пресс 0,013423 0,026846
россии 0,395515 3,955148
применения 0,013423 0,013423
федеральному 0,013423 0,026846
персональных 0,013423 0,107384
произошла 0,013423 0,013423
требования 2,525729 2,525729
дата 0,013423 0,013423
ваше 0,013423 0,107384
сайте 0,013423 0,013423
ваши 0,013423 0,013423
фио 0,013423 0,013423
восстановить 0,013423 0,013423
лавров 3,912023 3,912023
пожалуйста 0,013423 0,013423
прекращения 3,624341 3,624341
ниже 0,013423 0,040269
версия 0,013423 0,013423
демократизации 5,010635 5,010635
вопроса 0,013423 0,013423
россия 0,006689 0,127091
поля 0,013423 0,093961
вопросе 3,912023 3,912023
подтверждает 3,624341 3,624341
государственному 0,013423 0,026846
требовании 5,010635 5,010635
назвать 3,912023 3,912023
регистрации 0,013423 0,026846
сделает 3,218876 3,218876
необходимость 3,401197 3,401197
поле 0,013423 0,013423
сайт 0,013423 0,026846
сроки 2,525729 2,525729
сервисы 0,190354 0,190354
зарегистрировано 0,013423 0,013423
другое 0,013423 0,013423
туризм 0,283247 0,283247
представитель 3,401197 3,401197
поддерживаетсяполучить 0,013423 0,013423
адрес 0,013423 0,053692
соответствии 0,013423 0,026846
загрузите 0,013423 0,013423
сообщения 0,013423 0,053692
загрузить 0,013423 0,013423
интересов 3,912023 3,912023
российских 1,966113 1,966113
направлении 0,013423 0,013423
замеченных 0,013423 0,013423
телефон 0,013423 0,013423
отправки 0,013423 0,013423
пока 1,919593 1,919593
ес 2,445686 34,239603
унитарному 0,013423 0,026846
обновлено 1,003302 1,003302
сообщение 0,013423 0,134230
выберите 0,013423 0,040269
старые 0,013423 0,013423
кроме 1,919593 1,919593
мария 2,931194 11,724775
попробуйте 0,013423 0,013423
войны 2,708050 2,708050
численности 4,317488 4,317488
российского 2,612740 5,225480
ущерб 4,317488 4,317488
защитой 0,013423 0,026846
соседних 5,010635 5,010635
статьи 0,013423 0,013423
подтвердите 0,013423 0,013423
авторизация 0,013423 0,013423
религия 0,283247 0,283247
форма 0,013423 0,013423
логином 0,013423 0,013423
рейтинг 0,006689 0,006689
галочку 0,013423 0,013423
перетащите 0,013423 0,040269
материале 0,013423 0,040269
культура 0,292136 0,292136
материала 0,013423 0,026846
происшествия 0,292136 0,292136
вашего 0,013423 0,013423
максималистский 5,010635 5,010635
паролем 0,013423 0,013423
нацеленность 5,010635 5,010635
документе 5,010635 10,021271
евросоюз 2,931194 8,793581
способы 0,013423 0,026846
зарегистрируйтесь 0,013423 0,013423
обо 0,013423 0,013423
любой 2,445686 2,445686
каллас 2,612740 44,416580
недвижимость 0,292136 0,292136
утверждается 3,912023 3,912023
дискуссии 0,013423 0,026846
редактор 0,013423 0,013423
фгуп 0,499776 2,498879
унитарное 0,013423 0,013423
форму 0,013423 0,093961
тема 0,013423 0,040269
отправленного 0,013423 0,013423
предложение 3,401197 3,401197
связанные 0,013423 0,013423
рекомендательных 0,013423 0,013423
сделать 1,752539 1,752539
данная 0,013423 0,013423
обратная 0,013423 0,026846
военного 3,401197 3,401197
риа 0,006689 0,066890
проставляя 0,013423 0,013423
связанных 0,013423 0,013423
опишите 0,013423 0,013423
заполнения 0,013423 0,093961
полезное 0,182322 0,182322
службе 0,013423 0,013423
релизов 0,013423 0,013423
собака 5,010635 5,010635
ваших 0,013423 0,026846
почты 0,013423 0,013423
которые 1,455287 1,455287
вывод 4,317488 4,317488
агентство 0,013423 0,040269
правил 0,013423 0,040269
авторизоваться 0,013423 0,013423
авторизуйтесь 0,013423 0,013423
агентства 0,013423 0,013423
сегодня 0,013423 0,134230
страна 3,064725 15,323626
расширенный 0,013423 0,013423
выплаты 3,064725 3,064725
рассказывать 5,010635 5,010635
новыесначала 0,013423 0,013423
стран 2,238047 2,238047
шапка 0,013423 0,013423
армении 3,401197 3,401197
отправить 0,013423 0,147653
продолжить 0,013423 0,013423
решении 0,013423 0,013423
воспользуйтесь 0,013423 0,040269
участие 0,006689 0,006689
архивное 1,373049 1,373049
аккаунт 0,013423 0,053692
экономика 0,292136 0,292136
обсуждение 0,013423 0,013423
столом 4,317488 4,317488
использовать 0,013423 0,013423
опечатка 0,013423 0,013423
государств 3,624341 7,248682
блокировки 0,013423 0,013423
ценой 3,912023 3,912023
онлайн 0,013423 0,013423
контактов 0,013423 0,013423
почта 0,013423 0,080538
апреля 0,013423 0,013423
фамилия 0,013423 0,013423
пишет 2,177422 4,354844
нами 0,013423 0,093961
яндекс 0,013423 0,026846
удалили 0,013423 0,040269
либо 0,013423 0,013423
переговоров 2,302585 2,302585
вакансии 0,013423 0,013423
аккаунту 0,013423 0,013423
открываемого 0,013423 0,026846
нажимая 0,013423 0,013423
уступок 3,912023 3,912023
поиск 0,013423 0,013423
вами 0,013423 0,013423
недопустимое 0,013423 0,013423
списком 5,010635 5,010635
кая 4,317488 17,269952
согласны 0,013423 0,040269
официальный 3,624341 3,624341
истек 0,013423 0,013423
предприятию 0,013423 0,026846
рекламы 0,013423 0,013423
хочет 2,120264 2,120264
внимание 0,013423 0,013423
принимать 0,013423 0,013423
сможете 0,013423 0,013423
года 0,006689 0,006689
евросоюза 3,401197 3,401197
взгляд 3,624341 3,624341
встрече 3,064725 3,064725
ознакомлены 0,013423 0,013423
заявила 3,624341 3,624341
разослала 5,010635 5,010635
моих 0,013423 0,026846
очень 1,678431 1,678431
установлен 4,317488 4,317488
предприятие 0,013423 0,013423
присутствия 3,624341 3,624341
наука 0,292136 0,292136
разослали 3,401197 20,407184
обсуждения 0,013423 0,013423
блокировкой 0,013423 0,040269
участия 3,064725 3,064725
