законным 0,013423 0,013423
лента 0,006689 0,013378
скандинавской 3,401197 3,401197
новый 0,013423 0,013423
греческой 3,218876 3,218876
найти 0,013423 0,013423
основанием 0,013423 0,013423
японской 3,064725 3,064725
письмо 0,013423 0,013423
спасибо 0,013423 0,013423
заблокированы 0,013423 0,013423
сфере 0,013423 0,013423
согласие 0,013423 0,026846
свидетельство 0,013423 0,013423
любая 3,912023 23,472138
доступ 0,013423 0,026846
правила 0,013423 0,026846
гарниров 3,401197 3,401197
миа 0,013423 0,026846
взаимодействия 0,013423 0,026846
задать 0,013423 0,013423
автору 0,013423 0,013423
связаться 0,013423 0,080538
должны 0,013423 0,013423
сохранить 0,013423 0,013423
информационное 0,013423 0,040269
г 0,013423 0,026846
д 0,013423 0,026846
грузинской 3,064725 3,064725
комментирования 0,013423 0,026846
тестовый 3,401197 3,401197
британской 3,218876 3,218876
фото 0,013423 0,026846
политика 0,013423 0,013423
связь 0,006689 0,013378
соусов 3,218876 3,218876
пресс 0,013423 0,013423
сложности 2,813411 2,813411
россии 0,395515 0,395515
готово 0,013423 0,026846
применения 0,013423 0,013423
европейской 2,238047 2,238047
течение 0,013423 0,013423
федеральному 0,013423 0,026846
персональных 0,013423 0,107384
произошла 0,013423 0,013423
информационных 0,013423 0,013423
узбекской 3,401197 3,401197
размещения 0,013423 0,013423
основных 2,445686 2,445686
дата 0,013423 0,013423
ваше 0,013423 0,107384
конфиденциальности 0,013423 0,053692
сайте 0,013423 0,013423
связи 0,013423 0,080538
ваши 0,013423 0,013423
заголовок 0,013423 0,026846
сладостей 3,218876 3,218876
пирогов 3,401197 3,401197
фио 0,013423 0,013423
восстановить 0,013423 0,013423
сложность 2,931194 5,862388
пожалуйста 0,013423 0,013423
процесса 0,013423 0,013423
готовки 1,919593 3,839186
адресу 0,013423 0,026846
вторых 3,401197 3,401197
проблему 0,013423 0,013423
фильтры 4,317488 4,317488
выпечки 2,708050 2,708050
рецепты 1,139434 71,784360
ниже 0,013423 0,040269
версия 0,013423 0,013423
время 0,013423 0,040269
вопроса 0,013423 0,013423
данных 0,013423 0,107384
россия 0,006689 0,046823
поля 0,013423 0,093961
письма 0,013423 0,013423
часов 0,013423 0,026846
соглашаетесь 0,013423 0,013423
ранее 0,013423 0,013423
восстановления 0,013423 0,013423
главный 0,013423 0,013423
данные 0,013423 0,013423
государственному 0,013423 0,026846
горячих 3,064725 3,064725
регистрации 0,013423 0,026846
разблокировать 0,013423 0,040269
город 0,013423 0,013423
сложные 3,401197 3,401197
фотографию 0,013423 0,013423
восточной 3,064725 3,064725
поле 0,013423 0,013423
сайт 0,013423 0,026846
обращаем 0,013423 0,013423
отправлено 0,013423 0,013423
написать 0,013423 0,013423
новостеймолния 0,013423 0,013423
зарегистрировано 0,013423 0,013423
другое 0,013423 0,013423
французской 3,064725 3,064725
одноклассники 0,013423 0,026846
сначала 0,013423 0,013423
поддерживаетсяполучить 0,013423 0,013423
адрес 0,013423 0,040269
соответствии 0,013423 0,026846
африканской 3,401197 3,401197
индийской 3,401197 3,401197
хлеба 2,931194 2,931194
загрузите 0,013423 0,013423
часа 1,875141 3,750282
швейцарской 3,401197 3,401197
украинской 2,445686 2,445686
сообщения 0,013423 0,053692
паназиатской 3,401197 3,401197
показать 0,013423 0,013423
кнопку 0,013423 0,013423
коммуникаций 0,013423 0,013423
загрузить 0,013423 0,013423
направлении 0,013423 0,013423
пароль 0,013423 0,080538
замеченных 0,013423 0,013423
телефон 0,013423 0,013423
отправки 0,013423 0,013423
пароля 0,013423 0,053692
белорусской 3,218876 3,218876
блюд 2,238047 4,476093
перейдите 0,013423 0,013423
перекус 3,218876 3,218876
унитарному 0,013423 0,026846
вход 0,013423 0,013423
закрыто 0,013423 0,013423
удалено 0,013423 0,013423
сколько 0,006689 0,006689
гаврилова 0,013423 0,013423
материалов 0,013423 0,053692
сообщение 0,013423 0,134230
отправлена 0,013423 0,013423
тортов 3,218876 3,218876
выберите 0,013423 0,040269
чате 0,013423 0,013423
старые 0,013423 0,013423
попробуйте 0,013423 0,013423
расположенному 0,013423 0,026846
чату 0,013423 0,013423
редакцией 0,013423 0,013423
тайской 3,401197 3,401197
инфографика 2,177422 2,177422
видео 1,832581 1,832581
мексиканской 3,218876 3,218876
защитой 0,013423 0,026846
статьи 0,013423 0,013423
учредитель 0,013423 0,013423
испанской 3,401197 3,401197
рассмотрены 0,013423 0,013423
простые 1,752539 1,752539
средиземноморской 3,401197 3,401197
подтвердите 0,013423 0,013423
авторизация 0,013423 0,013423
средней 2,302585 2,302585
форма 0,013423 0,013423
логином 0,013423 0,013423
рейтинг 0,006689 0,006689
галочку 0,013423 0,013423
мое 0,013423 0,026846
ссылка 0,013423 0,026846
перетащите 0,013423 0,040269
материале 0,013423 0,026846
арабской 3,218876 3,218876
ссылке 0,013423 0,013423
материала 0,013423 0,026846
португальской 3,401197 3,401197
перетяните 0,013423 0,013423
ссылки 0,013423 0,013423
помочь 0,013423 0,013423
вашего 0,013423 0,013423
паролем 0,013423 0,013423
ошибках 0,013423 0,013423
дня 1,678431 1,678431
обязательны 0,013423 0,093961
любое 2,931194 5,862388
способы 0,013423 0,026846
зарегистрируйтесь 0,013423 0,013423
обо 0,013423 0,013423
корейской 3,401197 3,401197
темы 2,612740 2,612740
выпуска 0,013423 0,013423
немецкой 3,064725 3,064725
списка 0,013423 0,013423
формой 0,013423 0,053692
роскомнадзор 0,013423 0,013423
дискуссии 0,013423 0,026846
редактор 0,013423 0,013423
китайкской 3,401197 3,401197
блокировался 0,013423 0,013423
унитарное 0,013423 0,013423
салатов 2,813411 2,813411
москве 1,118815 1,118815
москва 0,006689 0,013378
воспользоваться 0,013423 0,013423
русской 1,752539 1,752539
форму 0,013423 0,093961
тема 0,013423 0,040269
входа 0,013423 0,013423
отправленного 0,013423 0,013423
моё 0,013423 0,013423
чешской 3,401197 3,401197
связанные 0,013423 0,013423
рекомендательных 0,013423 0,013423
федеральное 0,013423 0,013423
супов 2,813411 2,813411
данная 0,013423 0,013423
федеральной 0,013423 0,013423
разных 2,177422 2,177422
обратная 0,013423 0,026846
риа 0,006689 0,013378
международное 0,013423 0,040269
проставляя 0,013423 0,013423
связанных 0,013423 0,013423
будут 0,013423 0,013423
опишите 0,013423 0,013423
заполнения 0,013423 0,093961
новостей 0,006689 0,006689
кухни 1,832581 65,972933
политикой 0,013423 0,040269
службе 0,013423 0,013423
релизов 0,013423 0,013423
ваших 0,013423 0,026846
обработки 0,013423 0,026846
кухня 1,832581 3,665163
даю 0,013423 0,026846
почты 0,013423 0,013423
обработку 0,013423 0,026846
обратной 0,013423 0,067115
польской 3,401197 3,401197
редакции 0,013423 0,026846
обращений 0,013423 0,013423
напитков 2,813411 2,813411
агентство 0,013423 0,040269
обработка 0,013423 0,013423
это 0,013423 0,013423
правил 0,013423 0,040269
авторизоваться 0,013423 0,013423
авторизуйтесь 0,013423 0,013423
еврейской 3,401197 3,401197
найдено 4,317488 4,317488
агентства 0,013423 0,013423
сегодня 0,013423 0,067115
расширенный 0,013423 0,013423
описанием 0,013423 0,013423
новую 0,013423 0,013423
массовых 0,013423 0,013423
пройдена 0,013423 0,013423
американской 2,525729 2,525729
печенья 3,401197 3,401197
используется 0,013423 0,013423
новыесначала 0,013423 0,013423
зарегистрироваться 0,013423 0,053692
пожаловаться 0,013423 0,013423
приготовления 1,791759 1,791759
стран 2,238047 2,238047
новости 0,006689 0,013378
войти 0,013423 0,053692
шапка 0,013423 0,013423
быстрые 3,064725 3,064725
отправить 0,013423 0,147653
продолжить 0,013423 0,013423
электронной 0,013423 0,013423
решении 0,013423 0,013423
мире 0,274437 0,274437
эл 0,013423 0,013423
воспользуйтесь 0,013423 0,040269
действия 0,013423 0,013423
участие 0,006689 0,006689
радио 0,274437 0,274437
аккаунт 0,013423 0,053692
защита 0,013423 0,013423
обсуждение 0,013423 0,013423
десертов 3,401197 3,401197
регистрация 0,013423 0,040269
использовать 0,013423 0,013423
опечатка 0,013423 0,013423
почему 0,013423 0,013423
итальянской 3,401197 3,401197
использования 0,013423 0,013423
блокировки 0,013423 0,013423
восстановление 0,013423 0,040269
онлайн 0,013423 0,013423
вопросам 0,013423 0,026846
контактов 0,013423 0,013423
государственное 0,013423 0,013423
почта 0,013423 0,080538
фильтрыскрытьсбросить 4,317488 4,317488
рецепт 1,544899 1,544899
запросу 3,218876 3,218876
закусок 3,064725 9,194175
апреля 0,013423 0,013423
вконтакте 0,013423 0,026846
фамилия 0,013423 0,013423
категория 1,875141 3,750282
просим 0,013423 0,013423
навсегда 0,013423 0,013423
нарушение 0,013423 0,040269
заблокирован 0,013423 0,013423
ошибку 0,013423 0,013423
нами 0,013423 0,093961
яндекс 0,013423 0,026846
защиты 0,013423 0,013423
удалили 0,013423 0,040269
либо 0,013423 0,013423
кавказкой 3,401197 3,401197
турецкой 3,401197 3,401197
назад 0,013423 0,067115
обращения 0,013423 0,026846
вакансии 0,013423 0,013423
холодных 3,218876 3,218876
аккаунту 0,013423 0,013423
открываемого 0,013423 0,026846
нажимая 0,013423 0,013423
поиск 0,013423 0,013423
вами 0,013423 0,013423
недопустимое 0,013423 0,013423
минут 1,297063 3,891190
австрийской 3,401197 3,401197
ошибка 0,013423 0,013423
события 2,525729 2,525729
согласны 0,013423 0,040269
вопрос 0,006689 0,006689
вашему 2,931194 2,931194
истек 0,013423 0,013423
зубовский 0,013423 0,026846
азиатской 3,401197 3,401197
подтверждаете 0,013423 0,013423
предприятию 0,013423 0,026846
рекламы 0,013423 0,013423
армянской 3,218876 3,218876
заполнить 0,013423 0,026846
внимание 0,013423 0,013423
принимать 0,013423 0,013423
вьетнамской 3,401197 3,401197
осуществляется 0,013423 0,013423
ваш 0,013423 0,053692
имя 0,013423 0,067115
другие 0,013423 0,026846
сможете 0,013423 0,013423
года 0,006689 0,006689
варенья 3,401197 3,401197
надзору 0,013423 0,013423
срок 0,013423 0,026846
издание 0,013423 0,013423
бульвар 0,013423 0,026846
ознакомлены 0,013423 0,013423
хотите 0,013423 0,013423
заполните 0,013423 0,067115
технологий 0,013423 0,026846
сетевое 0,013423 0,013423
вновь 0,013423 0,013423
сменить 0,013423 0,013423
моих 0,013423 0,026846
предприятие 0,013423 0,013423
материал 0,013423 0,013423
участвовать 0,013423 0,026846
сообщить 0,013423 0,013423
сожалению 3,912023 3,912023
обсуждения 0,013423 0,013423
успешно 0,013423 0,013423
скриншот 0,013423 0,040269
блокировкой 0,013423 0,040269
