законным 0,013423 0,013423
медицинской 3,401197 3,401197
новый 0,013423 0,013423
найти 0,013423 0,013423
основанием 0,013423 0,013423
письмо 0,013423 0,013423
спасибо 0,013423 0,013423
получили 2,525729 2,525729
согласие 0,013423 0,026846
центр 0,190354 0,190354
сотрудники 3,218876 3,218876
работают 3,218876 3,218876
доступ 0,013423 0,026846
помощью 1,919593 1,919593
миа 0,013423 0,093961
задать 0,013423 0,013423
теги 0,190354 0,190354
автору 0,013423 0,013423
транспортное 3,912023 3,912023
связаться 0,013423 0,080538
сообщил 2,445686 2,445686
должны 0,013423 0,013423
г 0,013423 0,026846
д 0,013423 0,026846
реклама 0,190354 0,190354
фото 0,013423 0,040269
политика 0,013423 0,026846
связь 0,006689 0,013378
м 2,302585 27,631021
готово 0,013423 0,026846
течение 0,013423 0,013423
информационных 0,013423 0,013423
размещения 0,013423 0,013423
конфиденциальности 0,013423 0,053692
связи 0,013423 0,080538
заголовок 0,013423 0,026846
процесса 0,013423 0,013423
адресу 0,013423 0,026846
проблему 0,013423 0,013423
время 0,013423 0,026846
данных 0,013423 0,107384
письма 0,013423 0,013423
часов 0,013423 0,026846
аварий 5,010635 15,031906
соглашаетесь 0,013423 0,013423
средства 2,445686 2,445686
восстановления 0,013423 0,013423
ранее 0,013423 0,026846
сильный 3,912023 3,912023
главный 0,013423 0,013423
данные 0,013423 0,013423
разблокировать 0,013423 0,040269
город 0,013423 0,013423
фотографию 0,013423 0,013423
обращаем 0,013423 0,013423
отправлено 0,013423 0,013423
написать 0,013423 0,013423
новостеймолния 0,013423 0,013423
последствия 1,966113 1,966113
одноклассники 0,013423 0,026846
сначала 0,013423 0,013423
показать 0,013423 0,013423
кнопку 0,013423 0,013423
коммуникаций 0,013423 0,013423
пароль 0,013423 0,080538
ликвидируют 2,708050 2,708050
пароля 0,013423 0,053692
перейдите 0,013423 0,013423
подмосковье 2,371578 14,229468
вход 0,013423 0,013423
подмосковная 5,010635 10,021271
продукты 0,150823 0,150823
читать 0,851752 0,851752
закрыто 0,013423 0,013423
удалено 0,013423 0,013423
сколько 0,006689 0,006689
гаврилова 0,013423 0,013423
материалов 0,013423 0,040269
отправлена 0,013423 0,013423
полиция 3,912023 7,824046
чате 0,013423 0,013423
расположенному 0,013423 0,026846
чату 0,013423 0,013423
редакцией 0,013423 0,013423
сторону 3,064725 9,194175
учредитель 0,013423 0,013423
главке 5,010635 5,010635
рассмотрены 0,013423 0,013423
мое 0,013423 0,026846
ссылка 0,013423 0,026846
повреждения 5,010635 5,010635
ссылке 0,013423 0,013423
говорится 2,371578 2,371578
перетяните 0,013423 0,013423
ссылки 0,013423 0,013423
помочь 0,013423 0,013423
архив 0,190354 0,190354
участием 3,401197 13,604790
ошибках 0,013423 0,013423
обязательны 0,013423 0,093961
осадков 3,912023 3,912023
выпуска 0,013423 0,013423
обращался 4,317488 4,317488
списка 0,013423 0,013423
формой 0,013423 0,053692
роскомнадзор 0,013423 0,013423
блокировался 0,013423 0,013423
москве 1,118815 2,237630
москва 0,006689 0,046823
воспользоваться 0,013423 0,013423
входа 0,013423 0,013423
подмосковном 3,912023 3,912023
моё 0,013423 0,013423
федеральное 0,013423 0,013423
федеральной 0,013423 0,013423
международное 0,013423 0,040269
предварительной 3,401197 3,401197
будут 0,013423 0,013423
новостей 0,006689 0,006689
канале 3,624341 3,624341
москвы 1,455287 4,365862
нормы 3,218876 3,218876
политикой 0,013423 0,040269
обработки 0,013423 0,026846
даю 0,013423 0,026846
обработку 0,013423 0,026846
обратной 0,013423 0,067115
подкасты 0,292136 0,292136
редакции 0,013423 0,026846
средств 2,813411 8,440232
обращений 0,013423 0,013423
сильного 2,708050 2,708050
результате 2,931194 2,931194
обработка 0,013423 0,013423
это 0,013423 0,013423
автомобилей 3,401197 13,604790
ограничено 4,317488 12,952464
две 2,177422 2,177422
описанием 0,013423 0,013423
новую 0,013423 0,013423
массовых 0,013423 0,013423
пройдена 0,013423 0,013423
используется 0,013423 0,013423
зарегистрироваться 0,013423 0,053692
пожаловаться 0,013423 0,013423
новости 0,006689 0,080268
войти 0,013423 0,053692
электронной 0,013423 0,013423
мире 0,274437 0,274437
эл 0,013423 0,013423
действия 0,013423 0,013423
радио 0,274437 0,274437
дзен 0,851752 0,851752
защита 0,013423 0,013423
регистрация 0,013423 0,040269
порекомендовали 5,010635 5,010635
почему 0,013423 0,013423
использования 0,013423 0,013423
восстановление 0,013423 0,040269
вопросам 0,013423 0,026846
государственное 0,013423 0,013423
вконтакте 0,013423 0,026846
спецпроекты 0,190354 0,190354
просим 0,013423 0,013423
навсегда 0,013423 0,013423
нарушение 0,013423 0,040269
заблокирован 0,013423 0,013423
ошибку 0,013423 0,013423
защиты 0,013423 0,013423
назад 0,013423 0,067115
обращения 0,013423 0,026846
пять 2,302585 6,907755
ошибка 0,013423 0,013423
вопрос 0,006689 0,006689
зубовский 0,013423 0,026846
подтверждаете 0,013423 0,013423
никто 2,813411 2,813411
заполнить 0,013423 0,026846
осуществляется 0,013423 0,013423
ваш 0,013423 0,053692
имя 0,013423 0,067115
другие 0,013423 0,026846
общество 0,265703 0,265703
надзору 0,013423 0,013423
срок 0,013423 0,026846
издание 0,013423 0,013423
бульвар 0,013423 0,026846
хотите 0,013423 0,013423
заполните 0,013423 0,067115
технологий 0,013423 0,026846
сетевое 0,013423 0,013423
вновь 0,013423 0,013423
фев 1,399717 1,399717
сменить 0,013423 0,013423
самый 2,177422 2,177422
материал 0,013423 0,013423
участвовать 0,013423 0,026846
сообщить 0,013423 0,013423
выбирать 2,708050 2,708050
успешно 0,013423 0,013423
скриншот 0,013423 0,040269
погоды 5,010635 5,010635
лента 0,006689 0,013378
объезда 5,010635 5,010635
заблокированы 0,013423 0,013423
спорт 0,190354 0,190354
сфере 0,013423 0,013423
свидетельство 0,013423 0,013423
правила 0,013423 0,026846
взаимодействия 0,013423 0,026846
госавтоинспекции 5,010635 5,010635
сохранить 0,013423 0,013423
информационное 0,013423 0,040269
комментирования 0,013423 0,026846
пресс 0,013423 0,026846
применения 0,013423 0,013423
федеральному 0,013423 0,026846
персональных 0,013423 0,107384
произошла 0,013423 0,013423
автодороги 5,010635 5,010635
дата 0,013423 0,013423
ваше 0,013423 0,107384
сайте 0,013423 0,013423
ваши 0,013423 0,013423
фио 0,013423 0,013423
восстановить 0,013423 0,013423
пожалуйста 0,013423 0,013423
специалист 2,931194 2,931194
ниже 0,013423 0,040269
версия 0,013423 0,013423
вопроса 0,013423 0,013423
россия 0,006689 0,080268
поля 0,013423 0,093961
транспортных 5,010635 15,031906
государственному 0,013423 0,026846
регистрации 0,013423 0,026846
произошло 2,708050 29,788552
поле 0,013423 0,013423
сайт 0,013423 0,026846
сервисы 0,190354 0,190354
зарегистрировано 0,013423 0,013423
утра 4,317488 4,317488
другое 0,013423 0,013423
туризм 0,283247 0,283247
поддерживаетсяполучить 0,013423 0,013423
адрес 0,013423 0,040269
соответствии 0,013423 0,026846
водителям 4,317488 4,317488
загрузите 0,013423 0,013423
сообщения 0,013423 0,053692
загрузить 0,013423 0,013423
направлении 0,013423 0,013423
замеченных 0,013423 0,013423
телефон 0,013423 0,013423
отправки 0,013423 0,013423
унитарному 0,013423 0,026846
выпадет 4,317488 4,317488
сообщение 0,013423 0,134230
выберите 0,013423 0,040269
старые 0,013423 0,013423
происшествие 5,010635 5,010635
попробуйте 0,013423 0,013423
данном 3,624341 3,624341
защитой 0,013423 0,026846
статьи 0,013423 0,013423
тишковец 5,010635 25,053176
подтвердите 0,013423 0,013423
авторизация 0,013423 0,013423
религия 0,283247 0,283247
форма 0,013423 0,013423
логином 0,013423 0,013423
фобос 5,010635 5,010635
рейтинг 0,006689 0,006689
галочку 0,013423 0,013423
дон 3,218876 38,626510
пути 2,813411 2,813411
перетащите 0,013423 0,040269
материале 0,013423 0,026846
отмечается 3,064725 3,064725
трассы 5,010635 5,010635
культура 0,292136 0,292136
материала 0,013423 0,026846
настоящее 4,317488 4,317488
происшествия 0,292136 1,460682
сообщили 3,218876 6,437752
вашего 0,013423 0,013423
снегопада 2,612740 2,612740
паролем 0,013423 0,013423
способы 0,013423 0,026846
зарегистрируйтесь 0,013423 0,013423
обо 0,013423 0,013423
трассе 3,401197 37,413171
недвижимость 0,292136 0,292136
дискуссии 0,013423 0,026846
редактор 0,013423 0,013423
фгуп 0,499776 2,498879
унитарное 0,013423 0,013423
форму 0,013423 0,093961
тема 0,013423 0,040269
отправленного 0,013423 0,013423
километре 5,010635 5,010635
связанные 0,013423 0,013423
рекомендательных 0,013423 0,013423
данная 0,013423 0,013423
обратная 0,013423 0,026846
риа 0,006689 0,073579
массовое 3,218876 25,751007
проставляя 0,013423 0,013423
связанных 0,013423 0,013423
опишите 0,013423 0,013423
заполнения 0,013423 0,093961
механические 5,010635 5,010635
пятницы 4,317488 4,317488
полезное 0,182322 0,182322
движение 3,912023 11,736069
службе 0,013423 0,013423
релизов 0,013423 0,013423
ваших 0,013423 0,026846
почты 0,013423 0,013423
ведущий 2,302585 2,302585
агентство 0,013423 0,040269
правил 0,013423 0,040269
авторизоваться 0,013423 0,013423
авторизуйтесь 0,013423 0,013423
дтп 3,064725 27,582526
агентства 0,013423 0,013423
сегодня 0,013423 0,147653
расширенный 0,013423 0,013423
мвд 3,401197 3,401197
ожидается 3,401197 3,401197
новыесначала 0,013423 0,013423
шапка 0,013423 0,013423
примерно 2,177422 2,177422
отправить 0,013423 0,147653
продолжить 0,013423 0,013423
решении 0,013423 0,013423
транспортные 4,317488 4,317488
дорожно 5,010635 5,010635
воспользуйтесь 0,013423 0,040269
участие 0,006689 0,006689
аккаунт 0,013423 0,053692
экономика 0,292136 0,292136
обсуждение 0,013423 0,013423
использовать 0,013423 0,013423
опечатка 0,013423 0,013423
ведомства 4,317488 4,317488
центра 3,064725 3,064725
снегопад 2,708050 2,708050
блокировки 0,013423 0,013423
онлайн 0,013423 0,013423
контактов 0,013423 0,013423
почта 0,013423 0,080538
апреля 0,013423 0,013423
фамилия 0,013423 0,013423
евгений 2,302585 9,210340
нами 0,013423 0,093961
яндекс 0,013423 0,026846
удалили 0,013423 0,040269
либо 0,013423 0,013423
вакансии 0,013423 0,013423
аккаунту 0,013423 0,013423
открываемого 0,013423 0,026846
месте 2,302585 2,302585
нажимая 0,013423 0,013423
поиск 0,013423 0,013423
вами 0,013423 0,013423
происшествиямоскваевгений 5,010635 5,010635
недопустимое 0,013423 0,013423
согласны 0,013423 0,040269
зимы 2,708050 2,708050
истек 0,013423 0,013423
предприятию 0,013423 0,026846
рекламы 0,013423 0,013423
участке 3,912023 3,912023
трети 3,912023 3,912023
внимание 0,013423 0,013423
принимать 0,013423 0,013423
сможете 0,013423 0,013423
года 0,006689 0,006689
информации 2,612740 2,612740
месячной 3,912023 3,912023
ознакомлены 0,013423 0,013423
моих 0,013423 0,026846
предприятие 0,013423 0,013423
наука 0,292136 0,292136
пострадавших 3,624341 10,873023
обсуждения 0,013423 0,013423
блокировкой 0,013423 0,040269
