готов 2,371578 2,371578
законным 0,013423 0,013423
декабре 3,218876 6,437752
угасу 5,010635 5,010635
новый 0,013423 0,013423
день 1,203973 1,203973
рпл 2,371578 2,371578
найти 0,013423 0,013423
основанием 0,013423 0,013423
письмо 0,013423 0,013423
пакьяо 3,064725 55,165053
спасибо 0,013423 0,013423
теннис 2,525729 5,051457
боксером 5,010635 5,010635
заявил 1,427116 2,854233
апл 2,612740 2,612740
фигурное 2,371578 2,371578
согласие 0,013423 0,026846
центр 0,190354 0,951769
доступ 0,013423 0,026846
миа 0,013423 0,093961
задать 0,013423 0,013423
теги 0,190354 0,190354
автору 0,013423 0,013423
связаться 0,013423 0,080538
сообщил 2,445686 2,445686
должны 0,013423 0,013423
г 0,013423 0,026846
д 0,013423 0,026846
реклама 0,190354 0,190354
фото 0,013423 0,026846
политика 0,013423 0,013423
связь 0,006689 0,013378
й 2,014903 2,014903
готово 0,013423 0,026846
экс 2,708050 8,124151
течение 0,013423 0,013423
авто 2,238047 2,238047
информационных 0,013423 0,013423
знакомые 4,317488 4,317488
назвал 1,875141 1,875141
размещения 0,013423 0,013423
сочи 2,238047 2,238047
футбол 2,445686 12,228430
потенциальный 4,317488 4,317488
конфиденциальности 0,013423 0,053692
связи 0,013423 0,080538
заголовок 0,013423 0,026846
процесса 0,013423 0,013423
адресу 0,013423 0,026846
проблему 0,013423 0,013423
црвена 2,612740 2,612740
единственным 3,624341 3,624341
бывший 3,218876 6,437752
время 0,013423 0,013423
данных 0,013423 0,107384
майк 5,010635 5,010635
поединке 4,317488 4,317488
верю 5,010635 5,010635
письма 0,013423 0,013423
ринг 5,010635 10,021271
часов 0,013423 0,026846
боев 5,010635 5,010635
соглашаетесь 0,013423 0,013423
ранее 0,013423 0,013423
восстановления 0,013423 0,013423
главный 0,013423 0,013423
данные 0,013423 0,013423
также 1,139434 1,139434
провел 2,525729 2,525729
разблокировать 0,013423 0,040269
город 0,013423 0,013423
фотографию 0,013423 0,013423
обращаем 0,013423 0,013423
восемь 3,401197 3,401197
отправлено 0,013423 0,013423
написать 0,013423 0,013423
новостеймолния 0,013423 0,013423
руслан 5,010635 30,063812
россиянин 3,401197 6,802395
одноклассники 0,013423 0,026846
сначала 0,013423 0,013423
зал 4,317488 4,317488
анонса 5,010635 5,010635
показать 0,013423 0,013423
кнопку 0,013423 0,013423
коммуникаций 0,013423 0,013423
прокомментировал 2,708050 16,248301
счету 4,317488 4,317488
пароль 0,013423 0,080538
пароля 0,013423 0,053692
филиппов 2,525729 5,051457
перейдите 0,013423 0,013423
вход 0,013423 0,013423
победу 3,218876 3,218876
продукты 0,150823 0,150823
преждевременно 5,010635 5,010635
читать 0,851752 0,851752
закрыто 0,013423 0,013423
удалено 0,013423 0,013423
сколько 0,006689 0,006689
гаврилова 0,013423 0,013423
материалов 0,013423 0,040269
победы 2,931194 2,931194
отправлена 0,013423 0,013423
чате 0,013423 0,013423
встречался 5,010635 5,010635
расположенному 0,013423 0,026846
чату 0,013423 0,013423
редакцией 0,013423 0,013423
всем 1,455287 1,455287
биатлон 2,525729 2,525729
учредитель 0,013423 0,013423
рассмотрены 0,013423 0,013423
последний 3,401197 3,401197
мое 0,013423 0,026846
ссылка 0,013423 0,026846
ссылке 0,013423 0,013423
момент 2,708050 2,708050
биться 5,010635 5,010635
перетяните 0,013423 0,013423
ссылки 0,013423 0,013423
помочь 0,013423 0,013423
архив 0,190354 0,190354
единоборства 2,525729 10,102915
июля 1,791759 1,791759
среду 3,218876 3,218876
ноттингем 2,612740 2,612740
ошибках 0,013423 0,013423
обязательны 0,013423 0,093961
сша 1,118815 1,118815
разыгрывают 5,010635 5,010635
спортивной 3,912023 3,912023
выпуска 0,013423 0,013423
списка 0,013423 0,013423
формой 0,013423 0,053692
говорить 3,912023 11,736069
роскомнадзор 0,013423 0,013423
сравнил 5,010635 5,010635
блокировался 0,013423 0,013423
москва 0,006689 0,026756
воспользоваться 0,013423 0,013423
входа 0,013423 0,013423
тимоти 5,010635 5,010635
моё 0,013423 0,013423
потерпел 5,010635 5,010635
федеральное 0,013423 0,013423
федеральной 0,013423 0,013423
проиграл 4,317488 8,634976
барриоса 5,010635 5,010635
международное 0,013423 0,040269
эта 2,371578 2,371578
селтик 2,612740 2,612740
будут 0,013423 0,013423
крис 5,010635 5,010635
новостей 0,006689 0,006689
политикой 0,013423 0,040269
боях 5,010635 5,010635
брэдли 5,010635 5,010635
чемпиона 4,317488 8,634976
обработки 0,013423 0,026846
даю 0,013423 0,026846
перейти 1,203973 3,611918
единоборстваспортбоксмэнни 5,010635 5,010635
обработку 0,013423 0,026846
обратной 0,013423 0,067115
редакции 0,013423 0,026846
обращений 0,013423 0,013423
вчера 1,576648 1,576648
объявил 5,010635 5,010635
обработка 0,013423 0,013423
это 0,013423 0,053692
алджиери 5,010635 5,010635
станет 2,302585 2,302585
случится 3,912023 3,912023
категориях 5,010635 15,031906
такими 4,317488 4,317488
описанием 0,013423 0,013423
новую 0,013423 0,013423
лада 2,612740 2,612740
массовых 0,013423 0,013423
бокса 5,010635 20,042541
пройдена 0,013423 0,013423
используется 0,013423 0,013423
штутгарт 2,612740 2,612740
противостояние 5,010635 5,010635
зарегистрироваться 0,013423 0,053692
пожаловаться 0,013423 0,013423
подтвердил 5,010635 5,010635
новости 0,006689 0,086957
войти 0,013423 0,053692
нхл 2,525729 2,525729
электронной 0,013423 0,013423
сентябре 3,624341 3,624341
правилам 3,624341 3,624341
эл 0,013423 0,013423
единогласным 5,010635 5,010635
боксе 5,010635 5,010635
действия 0,013423 0,013423
мира 1,791759 8,958797
дзен 0,851752 0,851752
защита 0,013423 0,013423
регистрация 0,013423 0,040269
почему 0,013423 0,013423
использования 0,013423 0,013423
восстановление 0,013423 0,040269
вопросам 0,013423 0,026846
белом 4,317488 4,317488
государственное 0,013423 0,013423
карьере 5,010635 20,042541
поединком 5,010635 5,010635
завершен 2,525729 2,525729
вконтакте 0,013423 0,026846
спецпроекты 0,190354 0,190354
просим 0,013423 0,013423
навсегда 0,013423 0,013423
нарушение 0,013423 0,040269
заблокирован 0,013423 0,013423
ошибку 0,013423 0,013423
первым 3,401197 3,401197
защиты 0,013423 0,013423
карьеры 5,010635 5,010635
назад 0,013423 0,067115
обращения 0,013423 0,026846
барриосом 5,010635 5,010635
молине 5,010635 5,010635
карьеру 3,912023 3,912023
славы 4,317488 4,317488
пять 2,302585 2,302585
ошибка 0,013423 0,013423
вопрос 0,006689 0,006689
продлился 4,317488 4,317488
зубовский 0,013423 0,026846
подтверждаете 0,013423 0,013423
заполнить 0,013423 0,026846
осуществляется 0,013423 0,013423
ваш 0,013423 0,053692
против 1,966113 9,830564
имя 0,013423 0,067115
другие 0,013423 0,026846
похоже 2,931194 23,449550
главное 1,752539 1,752539
общем 3,218876 3,218876
похожа 3,912023 3,912023
титул 2,931194 2,931194
большим 3,218876 9,656627
надзору 0,013423 0,013423
срок 0,013423 0,026846
издание 0,013423 0,013423
бульвар 0,013423 0,026846
бундеслига 2,612740 2,612740
поединок 4,317488 4,317488
хотите 0,013423 0,013423
заполните 0,013423 0,067115
технологий 0,013423 0,026846
сетевое 0,013423 0,013423
вновь 0,013423 0,013423
фев 1,399717 1,399717
сменить 0,013423 0,013423
материал 0,013423 0,013423
участвовать 0,013423 0,026846
лилль 2,612740 2,612740
самым 2,302585 6,907755
сообщить 0,013423 0,013423
успешно 0,013423 0,013423
скриншот 0,013423 0,040269
федерации 2,177422 2,177422
вегасе 5,010635 15,031906
лента 0,006689 0,013378
ак 2,612740 2,612740
заблокированы 0,013423 0,013423
спорт 0,190354 2,093891
сфере 0,013423 0,013423
перерыв 2,525729 2,525729
нокаутом 5,010635 10,021271
свидетельство 0,013423 0,013423
маттиссе 5,010635 5,010635
завершился 3,912023 3,912023
правила 0,013423 0,026846
стало 2,813411 2,813411
взаимодействия 0,013423 0,026846
федерацией 5,010635 5,010635
знаете 3,624341 3,624341
сохранить 0,013423 0,013423
информационное 0,013423 0,040269
комментирования 0,013423 0,026846
стала 2,813411 2,813411
зож 2,302585 2,302585
кхл 2,525729 2,525729
пресс 0,013423 0,026846
россии 0,395515 0,791030
применения 0,013423 0,013423
возможный 2,371578 16,601046
результатам 2,445686 2,445686
федеральному 0,013423 0,026846
персональных 0,013423 0,107384
произошла 0,013423 0,013423
драться 4,317488 4,317488
дата 0,013423 0,013423
ваше 0,013423 0,107384
сайте 0,013423 0,013423
одержал 5,010635 10,021271
ваши 0,013423 0,013423
фио 0,013423 0,013423
восстановить 0,013423 0,013423
пожалуйста 0,013423 0,013423
ниже 0,013423 0,040269
версия 0,013423 0,013423
вопроса 0,013423 0,013423
россия 0,006689 0,080268
йорденису 5,010635 5,010635
поля 0,013423 0,093961
свой 2,525729 2,525729
претендента 5,010635 5,010635
говорили 4,317488 4,317488
европы 2,238047 2,238047
включен 5,010635 5,010635
версии 3,218876 6,437752
государственному 0,013423 0,026846
доме 3,624341 3,624341
регистрации 0,013423 0,026846
поле 0,013423 0,013423
сайт 0,013423 0,040269
третьей 3,624341 3,624341
сервисы 0,190354 0,190354
зарегистрировано 0,013423 0,013423
другое 0,013423 0,013423
поддерживаетсяполучить 0,013423 0,013423
адрес 0,013423 0,040269
выставочный 5,010635 5,010635
соответствии 0,013423 0,026846
загрузите 0,013423 0,013423
известными 5,010635 5,010635
сообщения 0,013423 0,053692
тяжело 3,624341 3,624341
загрузить 0,013423 0,013423
становившимся 5,010635 5,010635
направлении 0,013423 0,013423
замеченных 0,013423 0,013423
телефон 0,013423 0,013423
отправки 0,013423 0,013423
пока 1,919593 1,919593
унитарному 0,013423 0,026846
выйду 5,010635 5,010635
паок 2,612740 2,612740
обновлено 1,003302 1,003302
сообщение 0,013423 0,134230
выберите 0,013423 0,040269
старые 0,013423 0,013423
сет 2,612740 2,612740
попробуйте 0,013423 0,013423
мото 2,525729 2,525729
евролига 2,612740 2,612740
чемпионата 3,624341 3,624341
весовых 5,010635 15,031906
данное 3,401197 3,401197
чудом 3,912023 11,736069
поражений 4,317488 8,634976
мэнни 5,010635 30,063812
защитой 0,013423 0,026846
статьи 0,013423 0,013423
фенербахче 2,612740 2,612740
подтвердите 0,013423 0,013423
авторизация 0,013423 0,013423
форма 0,013423 0,013423
логином 0,013423 0,013423
сельта 2,612740 2,612740
рейтинг 0,006689 0,006689
галочку 0,013423 0,013423
контакты 2,120264 2,120264
перетащите 0,013423 0,040269
материале 0,013423 0,026846
материала 0,013423 0,026846
вашего 0,013423 0,013423
паролем 0,013423 0,013423
марио 3,624341 3,624341
всемирной 5,010635 10,021271
августе 3,064725 3,064725
способы 0,013423 0,026846
зарегистрируйтесь 0,013423 0,013423
любой 2,445686 2,445686
обо 0,013423 0,026846
лукас 5,010635 5,010635
медиабанкруслан 5,010635 5,010635
боксерской 5,010635 10,021271
дискуссии 0,013423 0,026846
редактор 0,013423 0,013423
вспомнил 5,010635 5,010635
фгуп 0,499776 2,498879
нба 2,612740 2,612740
унитарное 0,013423 0,013423
макгрегора 5,010635 5,010635
форму 0,013423 0,093961
тема 0,013423 0,040269
хачанов 2,612740 2,612740
хоккей 2,238047 6,714140
отправленного 0,013423 0,013423
сервис 3,624341 3,624341
связанные 0,013423 0,013423
рекомендательных 0,013423 0,013423
данная 0,013423 0,013423
обратная 0,013423 0,026846
риа 0,006689 0,080268
серия 2,525729 2,525729
выходил 4,317488 4,317488
проставляя 0,013423 0,013423
связанных 0,013423 0,013423
опишите 0,013423 0,013423
заполнения 0,013423 0,093961
полезное 0,182322 0,182322
службе 0,013423 0,013423
ничья 5,010635 5,010635
медиабанк 1,321756 1,321756
релизов 0,013423 0,013423
решением 3,912023 3,912023
ваших 0,013423 0,026846
международный 3,064725 3,064725
стриминговый 5,010635 5,010635
ко 2,177422 2,177422
является 2,066196 2,066196
матч 2,238047 8,952186
почты 0,013423 0,013423
профессиональном 5,010635 5,010635
восьми 4,317488 12,952464
думаю 3,912023 3,912023
бойцовского 5,010635 5,010635
кубинцу 5,010635 5,010635
ла 2,612740 2,612740
агентство 0,013423 0,040269
динамо 2,238047 2,238047
правил 0,013423 0,040269
четырехлетнего 5,010635 5,010635
цитирует 5,010635 5,010635
авторизоваться 0,013423 0,013423
авторизуйтесь 0,013423 0,013423
думал 5,010635 5,010635
американца 4,317488 4,317488
агентства 0,013423 0,013423
сегодня 0,013423 0,134230
пакьяоруслан 5,010635 5,010635
расширенный 0,013423 0,013423
агентстве 2,525729 2,525729
дальние 5,010635 5,010635
новыесначала 0,013423 0,013423
шапка 0,013423 0,013423
проведет 4,317488 4,317488
побед 4,317488 4,317488
отправить 0,013423 0,147653
продолжить 0,013423 0,013423
судей 4,317488 4,317488
чемпионом 4,317488 4,317488
решении 0,013423 0,013423
лига 2,371578 9,486312
хабиба 5,010635 5,010635
раундов 4,317488 4,317488
воспользуйтесь 0,013423 0,040269
летний 3,218876 3,218876
участие 0,006689 0,006689
архивное 1,373049 1,373049
аккаунт 0,013423 0,053692
абсолютного 5,010635 5,010635
махачев 5,010635 10,021271
повторюсь 5,010635 5,010635
обсуждение 0,013423 0,013423
джону 5,010635 5,010635
использовать 0,013423 0,013423
опечатка 0,013423 0,013423
барс 2,612740 2,612740
багаутинова 5,010635 5,010635
блокировки 0,013423 0,013423
лас 5,010635 15,031906
онлайн 0,013423 0,013423
али 5,010635 5,010635
розыгрыш 3,064725 27,582526
контактов 0,013423 0,013423
почта 0,013423 0,080538
организации 2,525729 5,051457
звонили 5,010635 5,010635
апреля 0,013423 0,026846
фамилия 0,013423 0,013423
звезда 2,612740 2,612740
нами 0,013423 0,093961
яндекс 0,013423 0,026846
удалили 0,013423 0,040269
либо 0,013423 0,013423
вакансии 0,013423 0,013423
аккаунту 0,013423 0,013423
проводников 3,064725 49,035602
бой 2,931194 46,899100
открываемого 0,013423 0,026846
чудеса 5,010635 5,010635
альварадо 5,010635 5,010635
нажимая 0,013423 0,013423
поиск 0,013423 0,013423
перерыва 4,317488 4,317488
вами 0,013423 0,013423
чемпион 4,317488 8,634976
недопустимое 0,013423 0,013423
завершении 4,317488 4,317488
согласны 0,013423 0,040269
открыт 4,317488 4,317488
официальный 3,624341 3,624341
истек 0,013423 0,013423
бокс 4,317488 12,952464
катание 2,302585 2,302585
боксерами 5,010635 5,010635
предприятию 0,013423 0,026846
рекламы 0,013423 0,013423
хочет 2,120264 2,120264
внимание 0,013423 0,013423
принимать 0,013423 0,013423
алькарас 2,612740 2,612740
алексей 1,966113 3,932226
сможете 0,013423 0,013423
года 0,006689 0,046823
официальных 3,624341 3,624341
информация 2,612740 2,612740
санкционирован 5,010635 5,010635
ознакомлены 0,013423 0,013423
проводил 5,010635 5,010635
проводникова 5,010635 5,010635
моих 0,013423 0,026846
филиппинца 5,010635 10,021271
предприятие 0,013423 0,013423
вничью 5,010635 5,010635
проводникову 5,010635 5,010635
форрест 2,612740 2,612740
чемпионов 2,612740 2,612740
обсуждения 0,013423 0,013423
блокировкой 0,013423 0,040269
