законным 0,013423 0,013423
севера 3,064725 3,064725
найти 0,013423 0,013423
основанием 0,013423 0,013423
отдыха 3,912023 7,824046
письмо 0,013423 0,013423
спасибо 0,013423 0,013423
департамента 3,624341 3,624341
поездки 3,912023 7,824046
ситуации 2,445686 2,445686
раскуплены 5,010635 10,021271
согласие 0,013423 0,026846
заходили 5,010635 5,010635
центр 0,190354 0,190354
путешествие 4,317488 12,952464
одну 2,813411 2,813411
обратно 3,912023 3,912023
связаться 0,013423 0,080538
таких 2,371578 2,371578
культурных 5,010635 5,010635
посетят 5,010635 5,010635
реклама 0,190354 0,190354
воде 2,014903 14,104321
фото 0,013423 0,013423
лет 1,514128 4,542383
связь 0,006689 0,013378
готово 0,013423 0,026846
скромными 5,010635 5,010635
дербент 5,010635 5,010635
информационных 0,013423 0,013423
допместом 5,010635 5,010635
камчатку 5,010635 5,010635
размещения 0,013423 0,013423
мальгавко 3,912023 7,824046
конфиденциальности 0,013423 0,053692
связи 0,013423 0,080538
заголовок 0,013423 0,026846
курилы 5,010635 5,010635
медиабанкприбытие 5,010635 5,010635
процесса 0,013423 0,013423
адресу 0,013423 0,026846
проблему 0,013423 0,013423
торгового 5,010635 5,010635
весной 3,401197 3,401197
онежского 5,010635 5,010635
отмечает 1,966113 3,932226
данных 0,013423 0,107384
письма 0,013423 0,013423
медитативные 5,010635 5,010635
летом 3,218876 6,437752
архангельск 5,010635 5,010635
путешествия 3,912023 15,648092
часов 0,013423 0,026846
соглашаетесь 0,013423 0,013423
маршруты 3,624341 7,248682
главный 0,013423 0,013423
предоплата 5,010635 5,010635
данные 0,013423 0,013423
посещение 5,010635 5,010635
имени 2,371578 4,743156
развивается 4,317488 4,317488
также 1,139434 5,697171
туда 3,218876 6,437752
маршруту 4,317488 8,634976
растущей 5,010635 5,010635
последнее 3,218876 3,218876
скоростными 5,010635 5,010635
грозный 5,010635 5,010635
верхней 2,931194 2,931194
фотографию 0,013423 0,013423
отправлено 0,013423 0,013423
соната 5,010635 10,021271
рассказывает 2,371578 2,371578
корабля 5,010635 5,010635
сначала 0,013423 0,013423
малоиспользуемому 5,010635 5,010635
медиабанкгруппы 5,010635 5,010635
недельное 5,010635 5,010635
летия 5,010635 10,021271
перейдите 0,013423 0,013423
стабилизации 4,317488 4,317488
дальнему 5,010635 5,010635
закрыто 0,013423 0,013423
выходные 3,624341 14,497364
размещение 3,624341 10,873023
сколько 0,006689 0,013378
соловецкий 5,010635 5,010635
материалов 0,013423 0,040269
победы 2,931194 5,862388
могут 1,643339 1,643339
отправлена 0,013423 0,013423
туризму 5,010635 5,010635
чате 0,013423 0,013423
предоплачено 5,010635 5,010635
чату 0,013423 0,013423
редакцией 0,013423 0,013423
судоходные 5,010635 5,010635
сторону 3,064725 3,064725
посетить 3,624341 10,873023
пример 3,218876 3,218876
золотому 5,010635 5,010635
коршунова 5,010635 15,031906
развлекательная 5,010635 5,010635
часть 1,919593 3,839186
рассмотрены 0,013423 0,013423
самолете 5,010635 5,010635
вовсе 3,624341 3,624341
последние 1,098612 1,098612
часто 2,371578 2,371578
двухнедельные 5,010635 5,010635
лето 3,912023 11,736069
перетяните 0,013423 0,013423
архив 0,190354 0,190354
лета 3,912023 3,912023
туристов 4,317488 12,952464
ошибках 0,013423 0,013423
русского 3,064725 3,064725
петербургом 5,010635 5,010635
выпуска 0,013423 0,013423
списка 0,013423 0,013423
формой 0,013423 0,053692
канала 5,010635 10,021271
каспийское 5,010635 5,010635
теплохода 5,010635 40,085082
теплоходе 5,010635 20,042541
кругового 5,010635 5,010635
южных 5,010635 5,010635
экскурсий 5,010635 5,010635
кольцо 3,912023 3,912023
экскурсии 4,317488 8,634976
культурой 4,317488 4,317488
кольцу 5,010635 5,010635
уточняют 3,912023 3,912023
теплоходы 5,010635 20,042541
федеральное 0,013423 0,013423
дороже 4,317488 4,317488
федеральной 0,013423 0,013423
лучшие 1,714798 12,003589
мандроги 5,010635 5,010635
старой 4,317488 4,317488
международное 0,013423 0,040269
будут 0,013423 0,026846
томь 5,010635 5,010635
новостей 0,006689 0,006689
параллельно 3,912023 3,912023
наоборот 3,401197 3,401197
палубе 5,010635 5,010635
кольца 4,317488 4,317488
осматривают 3,912023 3,912023
перейти 1,203973 12,039728
медиабанккруизные 5,010635 5,010635
кижах 5,010635 5,010635
труднодоступных 5,010635 5,010635
интерес 3,218876 6,437752
обратной 0,013423 0,067115
теплоходов 5,010635 5,010635
подкасты 0,292136 0,292136
экспедиции 4,317488 4,317488
трехразовое 5,010635 5,010635
заявок 3,401197 3,401197
сезона 2,813411 5,626821
рост 3,218876 3,218876
предлагает 3,218876 3,218876
шестидневного 5,010635 5,010635
описанием 0,013423 0,013423
имеет 2,066196 2,066196
оздоровление 5,010635 5,010635
детское 3,912023 3,912023
махачкалы 5,010635 5,010635
используется 0,013423 0,013423
группы 2,445686 2,445686
махачкалу 5,010635 5,010635
продаются 5,010635 5,010635
екатеринбурге 3,624341 3,624341
круизов 5,010635 20,042541
мире 0,274437 0,274437
оснащают 5,010635 5,010635
эл 0,013423 0,013423
донинтурфлоте 5,010635 15,031906
центров 4,317488 4,317488
пристани 4,317488 8,634976
дзен 0,851752 0,851752
причем 2,708050 2,708050
дорого 5,010635 5,010635
чаще 2,612740 2,612740
почему 0,013423 0,013423
старта 5,010635 5,010635
директор 2,708050 2,708050
вопросам 0,013423 0,026846
стопроцентная 5,010635 5,010635
енисею 5,010635 10,021271
поезде 5,010635 5,010635
вконтакте 0,013423 0,026846
области 1,919593 7,678371
примеру 3,624341 3,624341
навсегда 0,013423 0,013423
нарушение 0,013423 0,040269
назад 0,013423 0,067115
список 2,014903 2,014903
двоих 3,624341 7,248682
предусмотрены 3,624341 3,624341
идти 3,218876 3,218876
зубовский 0,013423 0,026846
заполнить 0,013423 0,026846
статус 3,064725 3,064725
увеличивается 3,912023 3,912023
донского 4,317488 4,317488
главной 4,317488 4,317488
осуществляется 0,013423 0,013423
другие 0,013423 0,026846
общество 0,265703 0,265703
надзору 0,013423 0,013423
отеля 5,010635 10,021271
походы 5,010635 10,021271
отель 5,010635 10,021271
издание 0,013423 0,013423
половинки 3,912023 3,912023
бульвар 0,013423 0,026846
перми 4,317488 4,317488
добираться 5,010635 5,010635
хотите 0,013423 0,013423
заполните 0,013423 0,067115
сетевое 0,013423 0,013423
сочетают 4,317488 4,317488
вновь 0,013423 0,013423
тура 4,317488 8,634976
фев 1,399717 1,399717
сменить 0,013423 0,013423
пермь 4,317488 4,317488
стоит 1,714798 1,714798
участвовать 0,013423 0,026846
точки 3,218876 3,218876
сообщить 0,013423 0,013423
дагестана 4,317488 4,317488
скриншот 0,013423 0,040269
локации 5,010635 5,010635
варианты 2,708050 2,708050
популярные 2,445686 9,782744
другими 3,064725 3,064725
белому 5,010635 10,021271
путешествиям 5,010635 5,010635
выполняющая 5,010635 5,010635
варяг 5,010635 5,010635
спорт 0,190354 0,190354
медиабанктуристические 5,010635 5,010635
четыре 2,612740 2,612740
средняя 3,912023 3,912023
мустай 5,010635 5,010635
взаимодействия 0,013423 0,026846
направлениях 4,317488 4,317488
сохранить 0,013423 0,013423
информационное 0,013423 0,040269
деревне 5,010635 5,010635
илья 3,218876 12,875503
туриста 5,010635 5,010635
экотропы 5,010635 5,010635
дону 5,010635 20,042541
федеральному 0,013423 0,026846
ладоге 5,010635 5,010635
важное 2,525729 7,577186
направления 3,401197 6,802395
впервые 2,238047 2,238047
нацпарк 4,317488 4,317488
имеют 2,525729 2,525729
фио 0,013423 0,013423
россиимосквасанкт 5,010635 5,010635
тюбингах 4,317488 4,317488
предлагают 3,218876 3,218876
пожалуйста 0,013423 0,013423
дойти 5,010635 5,010635
турпакет 5,010635 5,010635
тех 2,177422 2,177422
человека 2,177422 2,177422
ниже 0,013423 0,040269
версия 0,013423 0,013423
поля 0,013423 0,093961
туристы 3,401197 13,604790
популярных 3,218876 3,218876
государственному 0,013423 0,026846
ладожского 5,010635 5,010635
турфирмы 5,010635 5,010635
поле 0,013423 0,013423
путешествующие 5,010635 5,010635
зарегистрировано 0,013423 0,013423
многодневные 4,317488 8,634976
туризм 0,283247 2,832475
адрес 0,013423 0,040269
цену 3,912023 3,912023
соответствии 0,013423 0,026846
загрузите 0,013423 0,013423
сообщения 0,013423 0,053692
цены 2,525729 25,257286
загрузить 0,013423 0,013423
направлении 0,013423 0,013423
замеченных 0,013423 0,013423
телефон 0,013423 0,013423
направлений 5,010635 5,010635
уединения 5,010635 5,010635
селивановатеплоход 5,010635 5,010635
короткие 4,317488 8,634976
стабилен 5,010635 5,010635
путорана 5,010635 5,010635
маршрут 4,317488 8,634976
сообщение 0,013423 0,134230
старые 0,013423 0,013423
шлюпочной 5,010635 5,010635
кроме 1,919593 3,839186
мария 2,931194 17,587163
попробуйте 0,013423 0,013423
локациях 5,010635 5,010635
ростов 4,317488 8,634976
спрос 3,912023 7,824046
недельного 5,010635 5,010635
статьи 0,013423 0,013423
длительным 5,010635 5,010635
подтвердите 0,013423 0,013423
перетащите 0,013423 0,040269
материале 0,013423 0,040269
культура 0,292136 0,292136
обь 5,010635 5,010635
материала 0,013423 0,026846
происшествия 0,292136 0,292136
вашего 0,013423 0,013423
паролем 0,013423 0,013423
водоходе 5,010635 15,031906
развивают 3,912023 3,912023
социально 5,010635 5,010635
лыжах 3,912023 3,912023
зарегистрируйтесь 0,013423 0,013423
обо 0,013423 0,013423
клиентов 3,401197 3,401197
заливу 5,010635 5,010635
зависит 2,371578 2,371578
редактор 0,013423 0,013423
волги 5,010635 5,010635
фгуп 0,499776 1,499327
внутри 3,912023 3,912023
многие 2,525729 2,525729
отложенный 5,010635 5,010635
отправленного 0,013423 0,013423
анимационные 5,010635 5,010635
фактор 4,317488 12,952464
экономической 3,064725 3,064725
стоят 3,401197 3,401197
связанные 0,013423 0,026846
созвездие 5,010635 5,010635
казань 3,218876 32,188758
обратная 0,013423 0,026846
риа 0,006689 0,187292
участники 2,931194 2,931194
связанных 0,013423 0,013423
опишите 0,013423 0,013423
казани 5,010635 5,010635
карелию 5,010635 5,010635
продали 5,010635 5,010635
меняется 4,317488 8,634976
гостей 3,401197 6,802395
почты 0,013423 0,013423
мая 1,832581 3,665163
съездить 4,317488 4,317488
форматов 4,317488 4,317488
маркетинга 3,624341 3,624341
агентство 0,013423 0,040269
продаж 4,317488 4,317488
поклонников 3,912023 3,912023
агентства 0,013423 0,013423
столиц 4,317488 4,317488
сегодня 0,013423 0,107384
акция 4,317488 4,317488
отмечают 2,525729 5,051457
плюс 3,912023 3,912023
стартуют 5,010635 5,010635
руководитель 2,708050 2,708050
страны 2,014903 2,014903
омске 5,010635 10,021271
омска 5,010635 5,010635
туристические 5,010635 15,031906
влияет 2,525729 2,525729
шапка 0,013423 0,013423
акции 3,401197 3,401197
отправить 0,013423 0,147653
продолжить 0,013423 0,013423
акций 3,624341 3,624341
продлится 3,912023 3,912023
решении 0,013423 0,013423
шлюзе 5,010635 10,021271
дети 3,064725 3,064725
воспользуйтесь 0,013423 0,040269
аккаунт 0,013423 0,053692
выходныетуристыотдых 5,010635 5,010635
стоимости 3,624341 3,624341
экономика 0,292136 0,292136
обсуждение 0,013423 0,013423
блокировки 0,013423 0,013423
рамках 2,931194 2,931194
десять 2,612740 5,225480
почта 0,013423 0,080538
каюты 5,010635 15,031906
фамилия 0,013423 0,013423
дубна 5,010635 5,010635
раннем 5,010635 5,010635
решения 2,238047 2,238047
прибытие 5,010635 5,010635
яндекс 0,013423 0,026846
светлана 2,813411 19,693875
татьяна 3,064725 6,129450
удалили 0,013423 0,040269
либо 0,013423 0,040269
обратить 3,912023 3,912023
аккаунту 0,013423 0,013423
открываемого 0,013423 0,026846
поиск 0,013423 0,013423
возраста 2,931194 2,931194
тысячи 2,931194 2,931194
согласны 0,013423 0,040269
городского 3,401197 6,802395
перечисляют 5,010635 5,010635
рекламы 0,013423 0,013423
алексей 1,966113 7,864451
местах 4,317488 4,317488
следует 2,066196 2,066196
остановками 5,010635 5,010635
стоимость 2,612740 7,838220
коротков 5,010635 10,021271
начинается 3,064725 3,064725
зима 3,218876 3,218876
принципу 5,010635 5,010635
пятизвездочном 5,010635 5,010635
обсуждения 0,013423 0,013423
активно 3,064725 6,129450
семейный 4,317488 4,317488
блокировкой 0,013423 0,040269
условия 2,612740 2,612740
люкс 5,010635 5,010635
новый 0,013423 0,013423
новые 1,643339 3,286679
реки 5,010635 5,010635
люксовые 5,010635 5,010635
тур 5,010635 5,010635
круизные 5,010635 15,031906
омоложение 5,010635 5,010635
путешественники 5,010635 5,010635
река 3,912023 3,912023
активная 3,912023 3,912023
ресторанным 5,010635 5,010635
программам 3,912023 3,912023
клиенты 3,912023 3,912023
видами 4,317488 4,317488
петербург 2,813411 19,693875
доступ 0,013423 0,026846
рейс 4,317488 4,317488
миа 0,013423 0,067115
задать 0,013423 0,013423
теги 0,190354 0,190354
автору 0,013423 0,013423
александр 1,455287 2,910574
должны 0,013423 0,013423
круговых 5,010635 5,010635
тобольска 5,010635 5,010635
г 0,013423 0,026846
д 0,013423 0,026846
политика 0,013423 0,026846
силы 2,014903 2,014903
качественный 5,010635 5,010635
санкт 2,525729 22,731558
поезд 5,010635 5,010635
пояснили 5,010635 5,010635
течение 0,013423 0,013423
медиабанкрека 5,010635 5,010635
обойдется 3,912023 7,824046
сезон 3,401197 3,401197
шлиссельбурге 5,010635 5,010635
четырехзвездочного 5,010635 5,010635
вариант 2,371578 2,371578
расположена 5,010635 5,010635
посещением 5,010635 10,021271
теплоход 5,010635 5,010635
вологду 5,010635 5,010635
популярностью 4,317488 4,317488
ростова 5,010635 10,021271
иртыш 5,010635 15,031906
селиванова 4,317488 21,587441
время 0,013423 0,040269
архипелаг 5,010635 5,010635
практики 3,401197 3,401197
новгород 3,218876 3,218876
валааме 5,010635 5,010635
петербурга 3,624341 7,248682
куденко 3,912023 7,824046
ранее 0,013423 0,013423
восстановления 0,013423 0,013423
новых 2,931194 2,931194
выкуплено 5,010635 5,010635
сергей 1,609438 3,218876
востоку 4,317488 4,317488
причальной 5,010635 5,010635
разблокировать 0,013423 0,040269
город 0,013423 0,026846
появится 3,064725 3,064725
пивоваров 5,010635 10,021271
комфорт 5,010635 5,010635
обращаем 0,013423 0,013423
скидок 5,010635 5,010635
следующего 3,401197 6,802395
удобно 3,401197 3,401197
восемь 3,401197 3,401197
уменьшается 4,317488 4,317488
написать 0,013423 0,013423
новостеймолния 0,013423 0,013423
одноклассники 0,013423 0,026846
сумму 2,525729 2,525729
увидеть 3,624341 3,624341
показать 0,013423 0,013423
кнопку 0,013423 0,013423
коммуникаций 0,013423 0,013423
ориентированный 5,010635 5,010635
пароль 0,013423 0,080538
пароля 0,013423 0,053692
мест 3,912023 3,912023
хотя 2,371578 2,371578
редкий 5,010635 5,010635
счет 2,445686 7,337058
принципиально 5,010635 5,010635
вход 0,013423 0,013423
продукты 0,150823 0,150823
читать 0,851752 0,851752
удалено 0,013423 0,013423
гаврилова 0,013423 0,013423
балтии 5,010635 5,010635
двадцати 5,010635 5,010635
поехатькуда 5,010635 5,010635
запросов 5,010635 5,010635
маршрутов 5,010635 20,042541
выборга 5,010635 5,010635
расположенному 0,013423 0,026846
интересные 2,931194 2,931194
снизить 3,624341 3,624341
учредитель 0,013423 0,013423
константиновск 5,010635 5,010635
острова 3,218876 6,437752
центрального 4,317488 8,634976
мое 0,013423 0,026846
лавояж 5,010635 5,010635
ссылка 0,013423 0,026846
одного 2,612740 5,225480
ссылке 0,013423 0,013423
пароходство 5,010635 5,010635
ссылки 0,013423 0,013423
помочь 0,013423 0,013423
компенсируется 5,010635 5,010635
константин 3,064725 6,129450
обязательны 0,013423 0,093961
середине 3,624341 3,624341
экскурсионная 5,010635 5,010635
бюджетные 3,624341 7,248682
выше 3,064725 3,064725
коньках 3,912023 3,912023
роскомнадзор 0,013423 0,013423
пользуются 3,912023 7,824046
скидки 3,912023 3,912023
блокировался 0,013423 0,013423
берегу 3,912023 3,912023
становится 2,708050 2,708050
москва 0,006689 0,040134
воспользоваться 0,013423 0,013423
меню 3,218876 6,437752
входа 0,013423 0,013423
татарстану 5,010635 5,010635
выгодных 5,010635 5,010635
моё 0,013423 0,013423
москву 2,612740 2,612740
дополнительную 3,401197 3,401197
рынок 3,624341 3,624341
городам 5,010635 10,021271
войдет 5,010635 5,010635
москвы 1,455287 7,276436
политикой 0,013423 0,040269
недалеко 4,317488 4,317488
обработки 0,013423 0,026846
даю 0,013423 0,026846
ростовской 4,317488 8,634976
ключ 5,010635 5,010635
обработку 0,013423 0,026846
редакции 0,013423 0,026846
обращений 0,013423 0,013423
связано 3,401197 3,401197
повторив 5,010635 5,010635
заходом 5,010635 5,010635
инфофлоте 5,010635 30,063812
гончарова 5,010635 5,010635
обработка 0,013423 0,013423
это 0,013423 0,067115
пансионатов 4,317488 4,317488
речное 5,010635 5,010635
речной 3,624341 7,248682
остановки 5,010635 5,010635
две 2,177422 4,354844
водоход 5,010635 5,010635
новую 0,013423 0,013423
массовых 0,013423 0,013423
остановка 3,912023 3,912023
пройдена 0,013423 0,013423
суворов 5,010635 10,021271
причала 5,010635 10,021271
зарегистрироваться 0,013423 0,053692
пожаловаться 0,013423 0,013423
взвешенно 5,010635 5,010635
новости 0,006689 0,193981
войти 0,013423 0,053692
водного 5,010635 5,010635
лодками 5,010635 5,010635
электронной 0,013423 0,013423
спросом 4,317488 8,634976
греки 5,010635 5,010635
действия 0,013423 0,013423
радио 0,274437 0,274437
рестораны 5,010635 5,010635
защита 0,013423 0,013423
регистрация 0,013423 0,040269
музеи 3,401197 3,401197
рассказывают 3,912023 3,912023
использования 0,013423 0,013423
восстановление 0,013423 0,040269
каютах 5,010635 5,010635
государственное 0,013423 0,013423
лояльности 3,912023 3,912023
говорят 3,401197 6,802395
спецпроекты 0,190354 0,190354
программа 4,317488 4,317488
просим 0,013423 0,013423
вертолетными 5,010635 5,010635
астрахань 5,010635 20,042541
заблокирован 0,013423 0,013423
византию 5,010635 5,010635
тимин 3,912023 15,648092
путевок 4,317488 4,317488
ошибку 0,013423 0,013423
астрахани 5,010635 10,021271
защиты 0,013423 0,013423
глубина 5,010635 5,010635
обращения 0,013423 0,026846
сибирским 5,010635 5,010635
программу 3,218876 3,218876
февраля 0,616186 0,616186
программы 2,525729 5,051457
казачества 5,010635 5,010635
пять 2,302585 2,302585
ошибка 0,013423 0,013423
практически 2,445686 2,445686
карим 5,010635 5,010635
значение 2,302585 2,302585
вопрос 0,006689 0,006689
соловкам 5,010635 5,010635
самых 1,875141 1,875141
подтверждаете 0,013423 0,013423
старшего 4,317488 4,317488
компания 3,218876 3,218876
косвенно 5,010635 5,010635
акциям 5,010635 5,010635
финскому 5,010635 5,010635
пяти 3,218876 3,218876
марта 1,678431 1,678431
ваш 0,013423 0,053692
озер 4,317488 4,317488
имя 0,013423 0,067115
прошлого 3,064725 3,064725
срок 0,013423 0,026846
остановок 5,010635 5,010635
чукотку 5,010635 5,010635
спецпредложений 5,010635 10,021271
технологий 0,013423 0,026846
компании 2,302585 6,907755
материал 0,013423 0,013423
изучают 5,010635 5,010635
завидово 5,010635 5,010635
самые 2,238047 6,714140
успешно 0,013423 0,013423
входят 3,624341 3,624341
лента 0,006689 0,013378
круизе 5,010635 5,010635
выбирали 5,010635 5,010635
заблокированы 0,013423 0,013423
сфере 0,013423 0,013423
уточняет 2,708050 2,708050
свидетельство 0,013423 0,013423
навигации 3,912023 3,912023
правила 0,013423 0,026846
станицу 5,010635 10,021271
возможности 2,302585 2,302585
комментирования 0,013423 0,026846
сэкономить 3,912023 3,912023
борту 4,317488 30,222417
пресс 0,013423 0,026846
россии 0,395515 3,955148
применения 0,013423 0,013423
персональных 0,013423 0,107384
произошла 0,013423 0,013423
рублей 2,525729 17,680101
дата 0,013423 0,013423
ваше 0,013423 0,107384
сайте 0,013423 0,013423
ваши 0,013423 0,013423
процентов 2,931194 5,862388
восстановить 0,013423 0,013423
заповедника 4,317488 4,317488
туризмтуризм 5,010635 5,010635
конце 2,238047 4,476093
высадки 5,010635 5,010635
ждут 3,624341 3,624341
реках 5,010635 10,021271
вопроса 0,013423 0,013423
пару 2,525729 2,525729
россия 0,006689 0,066890
волгограда 5,010635 10,021271
рекам 5,010635 10,021271
конца 2,445686 2,445686
рассказали 2,066196 2,066196
круизы 3,218876 57,939765
тридцати 5,010635 5,010635
нижнего 4,317488 4,317488
подтверждает 3,624341 3,624341
древнего 3,912023 3,912023
стоянки 5,010635 5,010635
мультимодальности 5,010635 5,010635
регистрации 0,013423 0,026846
приводят 4,317488 4,317488
сайт 0,013423 0,026846
великий 2,813411 2,813411
сервисы 0,190354 0,190354
новгорода 4,317488 4,317488
трехпалубные 5,010635 5,010635
другое 0,013423 0,013423
добавляют 3,064725 3,064725
поддерживаетсяполучить 0,013423 0,013423
судна 5,010635 5,010635
смогут 3,401197 3,401197
двух 2,014903 2,014903
интересно 4,317488 4,317488
пао 3,912023 3,912023
отправки 0,013423 0,013423
питание 2,708050 5,416100
унитарному 0,013423 0,026846
старочеркасскую 5,010635 10,021271
раннего 4,317488 4,317488
обновлено 1,003302 1,003302
принимают 3,401197 3,401197
выберите 0,013423 0,040269
маршрутам 5,010635 5,010635
плато 5,010635 5,010635
плату 3,624341 3,624341
дешевле 3,912023 3,912023
баевана 5,010635 15,031906
бухте 4,317488 8,634976
защитой 0,013423 0,026846
авторизация 0,013423 0,013423
средней 2,302585 2,302585
мост 4,317488 8,634976
религия 0,283247 0,283247
форма 0,013423 0,013423
логином 0,013423 0,013423
рейтинг 0,006689 0,006689
галочку 0,013423 0,013423
круизной 5,010635 5,010635
пути 2,813411 2,813411
валаам 4,317488 12,952464
морю 4,317488 8,634976
бесплатно 2,931194 2,931194
пройдет 3,218876 3,218876
тысяч 2,238047 17,904373
дня 1,678431 5,035292
популярности 2,813411 2,813411
балконом 5,010635 5,010635
способы 0,013423 0,026846
традиционно 2,612740 2,612740
ведущего 5,010635 5,010635
недвижимость 0,292136 0,292136
дискуссии 0,013423 0,026846
кататься 4,317488 4,317488
море 3,064725 3,064725
поморское 5,010635 5,010635
службы 2,066196 2,066196
унитарное 0,013423 0,013423
бронирования 5,010635 5,010635
дней 1,832581 9,162907
форму 0,013423 0,093961
тема 0,013423 0,040269
сервис 3,624341 3,624341
рекомендательных 0,013423 0,013423
комбинируя 5,010635 5,010635
данная 0,013423 0,013423
новинки 3,912023 11,736069
приличного 5,010635 5,010635
проставляя 0,013423 0,013423
важноетуризмкижиказанькрасноярсккруизыкуда 5,010635 5,010635
заполнения 0,013423 0,093961
полезное 0,182322 0,182322
службе 0,013423 0,013423
медиабанк 1,321756 6,608779
лунная 5,010635 10,021271
релизов 0,013423 0,013423
сохранивший 5,010635 5,010635
ваших 0,013423 0,026846
поехать 3,624341 21,746046
которые 1,455287 1,455287
поволжью 5,010635 5,010635
инфраструктуры 4,317488 4,317488
класса 4,317488 8,634976
операторы 3,912023 3,912023
например 1,714798 10,288791
правил 0,013423 0,040269
петербургастраханьинфофлот 5,010635 5,010635
открывает 3,912023 3,912023
авторизоваться 0,013423 0,013423
авторизуйтесь 0,013423 0,013423
никоновской 5,010635 10,021271
расширенный 0,013423 0,013423
бронировании 5,010635 5,010635
пересесть 5,010635 5,010635
осенью 3,624341 3,624341
новыесначала 0,013423 0,013423
классно 4,317488 4,317488
кижи 3,064725 33,711977
горицах 5,010635 5,010635
примерно 2,177422 6,532266
появилось 2,931194 2,931194
задействованы 4,317488 4,317488
москвой 3,912023 3,912023
отдых 3,624341 25,370387
участие 0,006689 0,006689
московское 5,010635 5,010635
маршрута 4,317488 4,317488
использовать 0,013423 0,013423
опечатка 0,013423 0,013423
онлайн 0,013423 0,013423
отправиться 5,010635 5,010635
контактов 0,013423 0,013423
ориентира 4,317488 4,317488
природу 4,317488 4,317488
побывать 5,010635 5,010635
апреля 0,013423 0,013423
золотого 4,317488 4,317488
категория 1,875141 1,875141
ярославской 5,010635 10,021271
уровне 2,931194 5,862388
нами 0,013423 0,093961
экскурсиями 5,010635 5,010635
столицы 3,624341 10,873023
красноярск 3,218876 32,188758
постоянных 5,010635 5,010635
вакансии 0,013423 0,013423
формат 2,445686 2,445686
баева 5,010635 15,031906
треть 3,624341 7,248682
нажимая 0,013423 0,013423
вами 0,013423 0,013423
недопустимое 0,013423 0,013423
категории 2,708050 2,708050
году 1,139434 1,139434
наукоград 5,010635 5,010635
модернизации 5,010635 5,010635
речных 5,010635 20,042541
плавучий 5,010635 10,021271
инфофлот 5,010635 10,021271
истек 0,013423 0,013423
участку 5,010635 5,010635
предприятию 0,013423 0,026846
хочет 2,120264 2,120264
трети 3,912023 3,912023
продолжительности 5,010635 5,010635
внимание 0,013423 0,026846
принимать 0,013423 0,013423
углича 5,010635 10,021271
объясняют 5,010635 15,031906
аудитории 3,912023 3,912023
уровня 3,218876 3,218876
городе 3,624341 7,248682
угличе 5,010635 15,031906
сможете 0,013423 0,013423
возможность 2,302585 2,302585
достопримечательности 3,912023 3,912023
года 0,006689 0,013378
правда 2,708050 2,708050
суда 2,708050 8,124151
растет 5,010635 5,010635
ознакомлены 0,013423 0,013423
уникальным 4,317488 4,317488
завершения 2,931194 2,931194
моих 0,013423 0,026846
предприятие 0,013423 0,013423
запустит 5,010635 5,010635
речные 3,218876 28,969882
наука 0,292136 0,292136
