урале 3,218876 3,218876
сахалинского 5,010635 5,010635
законным 0,013423 0,013423
мотоцикле 5,010635 10,021271
день 1,203973 1,203973
хутор 5,010635 5,010635
основанием 0,013423 0,013423
найти 0,013423 0,026846
размеров 4,317488 4,317488
вокруг 3,064725 6,129450
пейзажи 4,317488 4,317488
всполохи 5,010635 5,010635
путешествие 4,317488 8,634976
арт 3,624341 7,248682
гнездится 5,010635 5,010635
мечтая 5,010635 5,010635
мало 3,218876 3,218876
кульчаны 5,010635 5,010635
реклама 0,190354 0,190354
оковах 5,010635 5,010635
дубае 2,813411 2,813411
готово 0,013423 0,026846
занимает 2,813411 2,813411
область 1,714798 15,433186
окрашиваются 5,010635 5,010635
зубров 5,010635 5,010635
назвал 1,875141 9,375705
природа 5,010635 10,021271
числом 5,010635 5,010635
термальным 5,010635 5,010635
заголовок 0,013423 0,026846
процесса 0,013423 0,013423
проблему 0,013423 0,013423
алена 4,317488 4,317488
секреты 2,813411 2,813411
начнет 3,401197 3,401197
посмотреть 2,177422 4,354844
путешествия 3,912023 3,912023
раздольной 5,010635 5,010635
соглашаетесь 0,013423 0,013423
маршруты 3,624341 10,873023
каждой 3,064725 3,064725
природой 4,317488 4,317488
деревенскую 5,010635 5,010635
серебреников 5,010635 10,021271
имени 2,371578 2,371578
друзей 3,624341 3,624341
дмитрий 1,643339 11,503376
дмитрии 5,010635 10,021271
парата 5,010635 5,010635
отправлено 0,013423 0,013423
проникающие 5,010635 5,010635
россиянин 3,401197 3,401197
территория 4,317488 4,317488
гонит 5,010635 5,010635
аул 5,010635 5,010635
неумолимо 5,010635 5,010635
конюхов 5,010635 5,010635
ног 4,317488 8,634976
перейдите 0,013423 0,013423
кольского 5,010635 5,010635
волшебными 5,010635 5,010635
июня 2,066196 4,132393
закрыто 0,013423 0,013423
следующей 3,218876 3,218876
сколько 0,006689 0,006689
загоняет 5,010635 5,010635
материалов 0,013423 0,040269
отправлена 0,013423 0,013423
крошечный 5,010635 5,010635
чате 0,013423 0,013423
тишина 5,010635 5,010635
чату 0,013423 0,013423
редакцией 0,013423 0,026846
ломоносова 5,010635 5,010635
нерпа 5,010635 5,010635
стекающей 5,010635 5,010635
пещер 5,010635 5,010635
красноярска 5,010635 5,010635
июне 3,401197 3,401197
едва 3,912023 7,824046
покой 5,010635 5,010635
зори 5,010635 5,010635
золотистым 5,010635 5,010635
лето 3,912023 11,736069
архив 0,190354 0,190354
баренцево 5,010635 5,010635
июля 1,791759 1,791759
лета 3,912023 3,912023
ошибках 0,013423 0,013423
золотистый 3,912023 3,912023
русского 3,064725 3,064725
массивом 5,010635 5,010635
лесу 5,010635 5,010635
андреева 2,813411 5,626821
плывущие 5,010635 5,010635
леса 5,010635 5,010635
погружаться 5,010635 5,010635
ноябре 3,218876 3,218876
федеральное 0,013423 0,013423
видимость 5,010635 5,010635
федеральной 0,013423 0,013423
международное 0,013423 0,040269
автопутешествия 5,010635 5,010635
морозным 5,010635 5,010635
новостей 0,006689 0,006689
морозные 5,010635 5,010635
солнца 3,912023 3,912023
солнце 3,624341 3,624341
отметили 3,912023 3,912023
устроить 4,317488 4,317488
обратной 0,013423 0,067115
подкасты 0,292136 0,292136
разницы 5,010635 5,010635
экспедиции 4,317488 8,634976
кудымов 5,010635 10,021271
челябинская 4,317488 4,317488
еда 2,177422 4,354844
стопам 5,010635 5,010635
туман 4,317488 12,952464
кукринов 5,010635 10,021271
картины 3,624341 3,624341
сильнейший 5,010635 5,010635
губе 5,010635 5,010635
суше 4,317488 4,317488
бедному 5,010635 5,010635
подсветили 5,010635 5,010635
отойдет 5,010635 5,010635
окрестности 5,010635 15,031906
сюжетом 5,010635 5,010635
теще 4,317488 4,317488
мире 0,274437 1,097747
нижегородская 5,010635 5,010635
морем 5,010635 5,010635
тока 5,010635 5,010635
екатеринбурга 5,010635 5,010635
мира 1,791759 1,791759
еду 4,317488 4,317488
походе 5,010635 5,010635
накатывают 5,010635 5,010635
вопросам 0,013423 0,026846
относительно 4,317488 8,634976
вконтакте 0,013423 0,026846
области 1,919593 15,356743
утих 5,010635 5,010635
навсегда 0,013423 0,026846
купается 5,010635 10,021271
удивляешься 5,010635 5,010635
отдохнуть 3,912023 7,824046
состояние 3,401197 3,401197
фильме 5,010635 5,010635
нововочепший 5,010635 5,010635
вулкан 4,317488 4,317488
сайлюгемский 5,010635 5,010635
ласкают 5,010635 5,010635
идеальное 3,912023 3,912023
виталий 3,624341 7,248682
виталии 5,010635 10,021271
соляного 5,010635 5,010635
цепочку 5,010635 5,010635
продлился 4,317488 4,317488
заставляют 4,317488 4,317488
зубарев 5,010635 10,021271
заполнить 0,013423 0,026846
светом 5,010635 10,021271
другие 0,013423 0,026846
общество 0,265703 0,265703
надзору 0,013423 0,013423
проводилась 4,317488 4,317488
интервью 2,813411 5,626821
издание 0,013423 0,013423
общества 3,218876 3,218876
заполните 0,013423 0,067115
мини 3,624341 3,624341
сетевое 0,013423 0,013423
источников 3,401197 3,401197
турухтан 5,010635 5,010635
байкальский 5,010635 5,010635
популярные 2,445686 4,891372
сквозь 5,010635 5,010635
спорт 0,190354 0,190354
присел 5,010635 5,010635
столбы 5,010635 10,021271
путешественник 5,010635 10,021271
небесные 5,010635 5,010635
полярной 5,010635 5,010635
линии 3,064725 3,064725
края 3,912023 7,824046
напалкин 5,010635 10,021271
корточках 5,010635 5,010635
магаданская 4,317488 4,317488
осени 2,931194 5,862388
погоде 5,010635 5,010635
сохранить 0,013423 0,026846
край 2,708050 5,416100
известные 4,317488 4,317488
крае 3,218876 3,218876
полет 4,317488 4,317488
остывший 3,912023 3,912023
волны 4,317488 12,952464
станислав 3,624341 7,248682
рязанской 5,010635 5,010635
угинде 5,010635 5,010635
федеральному 0,013423 0,026846
многолетний 5,010635 5,010635
полной 3,624341 3,624341
тюбингах 4,317488 4,317488
пожалуйста 0,013423 0,013423
волна 4,317488 4,317488
крыло 5,010635 5,010635
ниже 0,013423 0,040269
снизу 3,912023 3,912023
елового 5,010635 5,010635
полю 5,010635 5,010635
поля 0,013423 0,093961
ласпинской 5,010635 5,010635
туристы 3,401197 3,401197
беги 5,010635 5,010635
блины 2,238047 2,238047
государственному 0,013423 0,026846
ходулочник 5,010635 5,010635
густой 3,624341 7,248682
выясняют 5,010635 5,010635
фотограф 5,010635 60,127624
дикие 4,317488 4,317488
цене 4,317488 4,317488
поле 0,013423 0,013423
словно 5,010635 5,010635
залива 5,010635 10,021271
остапенко 5,010635 10,021271
курорты 4,317488 4,317488
паренияначать 5,010635 5,010635
туризм 0,283247 10,196909
цену 3,912023 3,912023
соответствии 0,013423 0,026846
загрузите 0,013423 0,013423
районах 4,317488 4,317488
цены 2,525729 2,525729
ямал 5,010635 5,010635
загрузить 0,013423 0,013423
казанова 5,010635 5,010635
направлении 0,013423 0,013423
прореху 5,010635 5,010635
замеченных 0,013423 0,013423
иначе 2,931194 2,931194
мелких 3,912023 7,824046
дачном 5,010635 5,010635
миллионов 2,931194 2,931194
мощнейшая 5,010635 5,010635
полцены 4,317488 8,634976
виде 2,177422 2,177422
лебедей 5,010635 5,010635
мария 2,931194 5,862388
линза 5,010635 5,010635
комментирует 3,064725 6,129450
попробуйте 0,013423 0,013423
пеликанье 5,010635 5,010635
температур 4,317488 4,317488
термальной 5,010635 5,010635
москвиче 5,010635 5,010635
блогер 4,317488 8,634976
весеннего 3,912023 7,824046
вспоминает 5,010635 15,031906
переливающиеся 5,010635 5,010635
манарага 5,010635 5,010635
статьи 0,013423 0,013423
подтвердите 0,013423 0,013423
олег 3,912023 7,824046
культура 0,292136 0,292136
изумрудная 5,010635 5,010635
происшествия 0,292136 0,292136
марий 5,010635 5,010635
обо 0,013423 0,013423
статика 5,010635 5,010635
наталия 5,010635 10,021271
бойко 5,010635 5,010635
монументальность 5,010635 5,010635
карасев 5,010635 10,021271
редактор 0,013423 0,013423
пингвинов 5,010635 5,010635
фотоохоты 5,010635 5,010635
царство 5,010635 5,010635
волге 5,010635 5,010635
многие 2,525729 2,525729
зимовки 5,010635 10,021271
приехали 3,401197 3,401197
нагреваться 5,010635 5,010635
зимой 2,813411 5,626821
неизвестные 5,010635 5,010635
ведра 5,010635 5,010635
отправленного 0,013423 0,013423
нежность 4,317488 8,634976
настолько 4,317488 4,317488
птицам 5,010635 5,010635
смотрит 3,912023 3,912023
вспышки 4,317488 4,317488
новая 3,064725 6,129450
обратная 0,013423 0,026846
усть 5,010635 10,021271
нежности 5,010635 5,010635
скрылась 5,010635 5,010635
закрытые 3,218876 3,218876
вспышка 5,010635 5,010635
копирует 5,010635 5,010635
опишите 0,013423 0,013423
магия 4,317488 4,317488
карелия 3,912023 3,912023
тепла 5,010635 5,010635
максим 2,525729 5,051457
творчестве 3,912023 3,912023
цицина 5,010635 5,010635
андреи 5,010635 10,021271
андрей 2,445686 14,674116
почты 0,013423 0,013423
несколькими 3,624341 3,624341
оттенки 3,912023 3,912023
глины 5,010635 5,010635
почту 3,912023 3,912023
пашеничев 5,010635 5,010635
сегодня 0,013423 0,067115
той 4,317488 4,317488
глубоко 4,317488 4,317488
оттуда 3,912023 3,912023
склон 5,010635 5,010635
расстояния 5,010635 5,010635
малые 5,010635 5,010635
страны 2,014903 2,014903
температуры 3,218876 3,218876
крачек 5,010635 5,010635
малым 5,010635 5,010635
отправить 0,013423 0,147653
продолжить 0,013423 0,026846
финалист 4,317488 4,317488
решении 0,013423 0,013423
полярного 5,010635 5,010635
кудрявый 5,010635 5,010635
сопка 5,010635 5,010635
необычный 3,401197 6,802395
добавляет 2,931194 5,862388
необычные 2,238047 13,428279
поверхностью 4,317488 8,634976
экономика 0,292136 0,292136
образуется 3,624341 3,624341
обсуждение 0,013423 0,013423
попал 3,624341 3,624341
животных 2,931194 5,862388
блокировки 0,013423 0,013423
почта 0,013423 0,080538
куркутский 5,010635 5,010635
фамилия 0,013423 0,013423
яндекс 0,013423 0,026846
ложбины 5,010635 5,010635
светлана 2,813411 11,253643
островок 4,317488 4,317488
хлеб 2,931194 2,931194
удалили 0,013423 0,040269
вдоль 3,912023 7,824046
приваленко 5,010635 10,021271
аккаунту 0,013423 0,013423
бои 3,912023 3,912023
открываемого 0,013423 0,026846
тумана 5,010635 5,010635
снежное 5,010635 5,010635
кая 4,317488 4,317488
птиц 5,010635 5,010635
рекламы 0,013423 0,013423
неспокойно 5,010635 5,010635
преодолев 5,010635 5,010635
окружают 5,010635 5,010635
крачка 5,010635 5,010635
рыбалка 5,010635 5,010635
соприкасается 5,010635 5,010635
выводит 5,010635 5,010635
вологодская 5,010635 5,010635
баня 5,010635 5,010635
захотела 5,010635 5,010635
летящей 5,010635 5,010635
яркие 2,813411 2,813411
баскунчак 5,010635 5,010635
привезенный 5,010635 5,010635
второе 5,010635 5,010635
ярким 3,624341 3,624341
обсуждения 0,013423 0,013423
использовались 3,912023 3,912023
погружается 5,010635 5,010635
штормит 5,010635 5,010635
воробей 5,010635 10,021271
заполярье 5,010635 5,010635
блокировкой 0,013423 0,040269
останцы 5,010635 5,010635
оле 5,010635 5,010635
загадочные 4,317488 4,317488
реке 5,010635 5,010635
наибольшим 5,010635 5,010635
северного 5,010635 5,010635
река 3,912023 7,824046
орел 4,317488 4,317488
снимать 5,010635 5,010635
получили 2,525729 2,525729
макроконвертера 5,010635 5,010635
доступ 0,013423 0,026846
льет 5,010635 5,010635
рейс 4,317488 4,317488
помощью 1,919593 3,839186
кругосветке 5,010635 5,010635
автору 0,013423 0,013423
кожевников 3,218876 6,437752
орловская 4,317488 4,317488
г 0,013423 0,026846
ледяной 4,317488 4,317488
д 0,013423 0,026846
льды 5,010635 10,021271
успевает 5,010635 5,010635
силы 2,014903 2,014903
н 4,317488 4,317488
плотно 3,624341 3,624341
важные 3,218876 3,218876
сувениры 5,010635 5,010635
хвойными 5,010635 5,010635
течение 0,013423 0,026846
встало 5,010635 5,010635
далекой 5,010635 5,010635
силе 3,401197 3,401197
удивительный 4,317488 4,317488
ё 5,010635 5,010635
льда 3,624341 3,624341
быстрыми 5,010635 5,010635
кормящимся 5,010635 5,010635
притиск 5,010635 10,021271
забыть 4,317488 4,317488
байкал 3,064725 6,129450
восстановления 0,013423 0,013423
улахан 5,010635 5,010635
сергей 1,609438 3,218876
сергеи 5,010635 5,010635
разблокировать 0,013423 0,040269
город 0,013423 0,040269
прежде 3,218876 3,218876
вкусно 2,813411 2,813411
рассвете 5,010635 15,031906
получивший 5,010635 5,010635
водоем 5,010635 5,010635
новостеймолния 0,013423 0,013423
одноклассники 0,013423 0,026846
поеду 5,010635 5,010635
описывает 5,010635 5,010635
зарубежный 5,010635 5,010635
кнопку 0,013423 0,013423
коммуникаций 0,013423 0,013423
парящего 5,010635 5,010635
редкие 4,317488 4,317488
пароль 0,013423 0,080538
пароля 0,013423 0,053692
кин 5,010635 5,010635
вход 0,013423 0,026846
ждал 4,317488 4,317488
удалено 0,013423 0,013423
занесена 5,010635 5,010635
артерии 5,010635 5,010635
далеким 5,010635 5,010635
сказка 4,317488 4,317488
ледяную 4,317488 4,317488
интересные 2,931194 2,931194
ионы 5,010635 5,010635
окрас 5,010635 5,010635
голубым 4,317488 4,317488
нить 5,010635 5,010635
меньше 2,708050 2,708050
нарисовав 5,010635 5,010635
объясняет 3,218876 16,094379
ссылка 0,013423 0,026846
прионежский 5,010635 5,010635
ссылке 0,013423 0,013423
наступает 3,912023 3,912023
ссылки 0,013423 0,013423
помочь 0,013423 0,013423
интересных 3,401197 3,401197
районе 3,401197 17,005987
района 3,912023 3,912023
названы 3,624341 10,873023
вторая 3,218876 3,218876
косихинском 5,010635 5,010635
земную 5,010635 5,010635
остаться 3,218876 3,218876
удача 4,317488 4,317488
москве 1,118815 2,237630
москва 0,006689 0,013378
воспользоваться 0,013423 0,013423
входа 0,013423 0,013423
началась 3,912023 3,912023
мурманской 4,317488 8,634976
опыт 4,317488 4,317488
воробьи 5,010635 5,010635
толщу 5,010635 5,010635
речушек 5,010635 5,010635
заказник 5,010635 5,010635
восторгу 5,010635 5,010635
крыльев 5,010635 5,010635
политикой 0,013423 0,040269
недалеко 4,317488 4,317488
медянцев 5,010635 10,021271
подводном 5,010635 5,010635
отметил 2,931194 2,931194
подмосковья 3,218876 3,218876
обращений 0,013423 0,013423
горном 5,010635 5,010635
йошкар 5,010635 5,010635
кемеровской 5,010635 5,010635
встать 3,624341 3,624341
затмить 5,010635 5,010635
назвала 2,525729 7,577186
берегам 5,010635 5,010635
рядом 3,912023 3,912023
цветами 5,010635 5,010635
рябчики 5,010635 5,010635
михаил 2,612740 5,225480
поддаются 5,010635 5,010635
зарегистрироваться 0,013423 0,053692
пожаловаться 0,013423 0,013423
сентября 1,514128 3,028255
новости 0,006689 0,033445
войти 0,013423 0,053692
мурманске 5,010635 5,010635
сентябре 3,624341 7,248682
воздействия 3,624341 3,624341
действия 0,013423 0,013423
защита 0,013423 0,013423
регистрация 0,013423 0,040269
букве 5,010635 5,010635
красивая 4,317488 4,317488
восстановление 0,013423 0,040269
деревьями 4,317488 4,317488
территорией 5,010635 5,010635
увидел 4,317488 4,317488
государственное 0,013423 0,013423
путешественница 5,010635 5,010635
поездках 5,010635 5,010635
космонавтами 5,010635 5,010635
спецпроекты 0,190354 0,190354
просим 0,013423 0,013423
заблокирован 0,013423 0,013423
первым 3,401197 3,401197
защиты 0,013423 0,013423
рейде 5,010635 5,010635
обращения 0,013423 0,026846
поймать 5,010635 5,010635
первый 2,014903 4,029806
февраля 0,616186 4,929489
путевку 5,010635 5,010635
программы 2,525729 2,525729
байкала 4,317488 4,317488
минут 1,297063 1,297063
птица 4,317488 12,952464
верхнетуломском 5,010635 5,010635
подтверждаете 0,013423 0,013423
происходит 2,813411 2,813411
получился 3,624341 3,624341
удивительное 5,010635 5,010635
ваш 0,013423 0,053692
озер 4,317488 4,317488
срок 0,013423 0,026846
красок 4,317488 4,317488
птицу 5,010635 5,010635
технологий 0,013423 0,026846
напоминают 5,010635 10,021271
птицы 3,912023 11,736069
сделанный 5,010635 5,010635
стелиться 5,010635 5,010635
материал 0,013423 0,013423
валдайский 5,010635 5,010635
узоры 4,317488 4,317488
самые 2,238047 24,618512
устье 5,010635 5,010635
морозная 5,010635 5,010635
приманка 5,010635 5,010635
бачкова 5,010635 10,021271
аэропорт 5,010635 5,010635
растения 3,624341 7,248682
черно 5,010635 5,010635
быте 5,010635 5,010635
уточняет 2,708050 5,416100
распадаться 5,010635 5,010635
правила 0,013423 0,026846
сияние 3,624341 14,497364
подумал 5,010635 5,010635
комментирования 0,013423 0,026846
небо 3,912023 11,736069
сергеев 5,010635 10,021271
сияния 5,010635 5,010635
достопримечательностейпосмотреть 5,010635 5,010635
прилетал 5,010635 5,010635
ва 4,317488 4,317488
раскрашивает 5,010635 5,010635
небе 5,010635 5,010635
бюджетно 5,010635 5,010635
знаменитого 4,317488 4,317488
шашлыки 3,624341 3,624341
снег 3,401197 6,802395
махматкулов 5,010635 10,021271
неба 4,317488 4,317488
вертолета 5,010635 5,010635
разгорающихся 5,010635 5,010635
фотоработу 5,010635 5,010635
ваше 0,013423 0,107384
традиционные 2,371578 2,371578
сайте 0,013423 0,013423
ваши 0,013423 0,013423
любимой 4,317488 4,317488
восстановить 0,013423 0,013423
номинации 5,010635 20,042541
баскунчака 5,010635 5,010635
замки 5,010635 5,010635
хариусов 5,010635 5,010635
лиственницы 5,010635 5,010635
кормится 5,010635 5,010635
чох 5,010635 5,010635
скульптуры 5,010635 5,010635
оставшись 5,010635 5,010635
краснодарский 3,912023 3,912023
любимом 5,010635 5,010635
вопроса 0,013423 0,013423
оболочка 5,010635 5,010635
го 2,177422 2,177422
стоянка 5,010635 5,010635
рассказали 2,066196 2,066196
круизы 3,218876 3,218876
континенте 5,010635 5,010635
речкам 5,010635 5,010635
палитра 5,010635 5,010635
регистрации 0,013423 0,026846
рыбу 3,401197 6,802395
весенней 5,010635 5,010635
вулканов 5,010635 5,010635
сайт 0,013423 0,026846
цветение 5,010635 5,010635
пробуют 5,010635 5,010635
делится 3,624341 3,624341
другое 0,013423 0,013423
трех 2,177422 2,177422
многочисленные 3,912023 3,912023
поддерживаетсяполучить 0,013423 0,013423
какую 3,401197 3,401197
азия 4,317488 4,317488
унитарному 0,013423 0,026846
вытянувшись 5,010635 5,010635
оконном 5,010635 5,010635
белощеких 5,010635 5,010635
вид 2,708050 2,708050
особую 3,218876 3,218876
пещеры 5,010635 5,010635
строго 3,624341 3,624341
горным 5,010635 5,010635
небесная 5,010635 5,010635
башкортостан 5,010635 5,010635
потрясающий 5,010635 5,010635
перышки 5,010635 5,010635
потрясающие 5,010635 5,010635
форма 0,013423 0,013423
логином 0,013423 0,013423
оранжевого 4,317488 4,317488
пути 2,813411 2,813411
реализации 3,064725 3,064725
направлены 4,317488 4,317488
озаренные 5,010635 5,010635
одинокий 5,010635 5,010635
несмотря 2,708050 2,708050
горящий 5,010635 5,010635
напоминает 3,401197 3,401197
августе 3,064725 6,129450
пещере 5,010635 5,010635
шарга 5,010635 5,010635
степи 5,010635 5,010635
пещера 5,010635 5,010635
дискуссии 0,013423 0,026846
настоящие 5,010635 5,010635
книгу 5,010635 5,010635
море 3,064725 9,194175
успевают 4,317488 4,317488
арктику 5,010635 10,021271
форму 0,013423 0,093961
заснеженные 5,010635 5,010635
алтай 3,624341 7,248682
саду 3,912023 7,824046
арктики 4,317488 4,317488
курорт 5,010635 15,031906
ловить 5,010635 5,010635
алтае 4,317488 8,634976
арктике 5,010635 10,021271
данная 0,013423 0,013423
заселена 5,010635 5,010635
талисманам 5,010635 5,010635
голландец 5,010635 5,010635
ракурсе 5,010635 5,010635
событиях 3,912023 3,912023
россиян 1,919593 5,758779
грозу 5,010635 5,010635
аллаки 5,010635 10,021271
награду 4,317488 4,317488
выглядят 3,912023 7,824046
ко 2,177422 2,177422
григорьева 5,010635 10,021271
огромного 5,010635 5,010635
октября 1,832581 5,497744
тучей 5,010635 5,010635
клубы 3,912023 3,912023
участок 4,317488 4,317488
турцию 4,317488 4,317488
снимка 5,010635 25,053176
заливах 5,010635 5,010635
сообщайте 4,317488 4,317488
снимке 5,010635 5,010635
эмоциями 5,010635 5,010635
авторизуйтесь 0,013423 0,013423
пиксели 5,010635 5,010635
растаять 5,010635 5,010635
ромашкой 5,010635 5,010635
моне 5,010635 5,010635
расширенный 0,013423 0,013423
роман 3,401197 6,802395
пушицы 5,010635 5,010635
радость 4,317488 4,317488
звери 5,010635 5,010635
путешествовать 5,010635 5,010635
одиночество 5,010635 5,010635
фонари 5,010635 5,010635
классно 4,317488 4,317488
сверху 3,064725 3,064725
кижи 3,064725 3,064725
собой 2,445686 2,445686
место 1,832581 3,665163
трудностях 5,010635 5,010635
сидел 5,010635 5,010635
дроздов 5,010635 10,021271
участие 0,006689 0,006689
прекрасный 3,912023 3,912023
опечатка 0,013423 0,013423
каждый 2,120264 4,240527
смогли 3,624341 7,248682
онлайн 0,013423 0,013423
посчастливилось 5,010635 5,010635
ледяные 5,010635 5,010635
водные 5,010635 5,010635
природы 4,317488 12,952464
тундры 5,010635 5,010635
стаивать 5,010635 5,010635
подчеркивает 3,064725 3,064725
интересная 4,317488 4,317488
нами 0,013423 0,107384
места 2,612740 5,225480
владимир 1,373049 2,746098
красноярск 3,218876 3,218876
вакансии 0,013423 0,013423
месте 2,302585 2,302585
закатную 5,010635 5,010635
нажимая 0,013423 0,013423
якутия 4,317488 8,634976
вами 0,013423 0,013423
недопустимое 0,013423 0,013423
лучи 5,010635 10,021271
появления 2,612740 2,612740
сделанного 5,010635 5,010635
купрацевич 5,010635 20,042541
предприятию 0,013423 0,026846
участке 3,912023 3,912023
внимание 0,013423 0,013423
города 3,064725 12,258901
принимать 0,013423 0,026846
возможность 2,302585 2,302585
велосипеде 5,010635 5,010635
снимок 4,317488 30,222417
взгляд 3,624341 3,624341
безопасные 5,010635 5,010635
ознакомлены 0,013423 0,013423
огни 5,010635 5,010635
видишь 5,010635 5,010635
открыл 4,317488 4,317488
моих 0,013423 0,026846
очень 1,678431 13,427446
предприятие 0,013423 0,013423
речные 3,218876 3,218876
белавин 5,010635 10,021271
определенной 5,010635 5,010635
занятие 5,010635 5,010635
красиво 4,317488 4,317488
стаю 5,010635 5,010635
севере 4,317488 4,317488
якутское 5,010635 5,010635
севера 3,064725 3,064725
лед 3,218876 3,218876
зарастающем 5,010635 5,010635
письмо 0,013423 0,013423
спасибо 0,013423 0,013423
прогулки 4,317488 4,317488
воды 2,445686 4,891372
сычиком 5,010635 5,010635
согласие 0,013423 0,026846
центр 0,190354 0,190354
одну 2,813411 2,813411
декабря 1,098612 5,493061
север 5,010635 10,021271
стекле 5,010635 5,010635
обратно 3,912023 3,912023
якутии 3,912023 3,912023
связаться 0,013423 0,080538
таких 2,371578 4,743156
человек 2,525729 2,525729
вода 2,525729 5,051457
одна 2,612740 5,225480
пеликан 5,010635 5,010635
немного 2,177422 2,177422
воде 2,014903 4,029806
фото 0,013423 0,671151
лес 5,010635 5,010635
явление 3,912023 7,824046
связь 0,006689 0,013378
восхождения 5,010635 5,010635
насколько 3,624341 3,624341
водой 2,445686 2,445686
льдом 3,912023 3,912023
находка 5,010635 5,010635
начинает 3,218876 3,218876
информационных 0,013423 0,013423
размещения 0,013423 0,013423
конфиденциальности 0,013423 0,053692
связи 0,013423 0,093961
весь 2,813411 5,626821
успеть 5,010635 5,010635
камчатка 4,317488 12,952464
своем 4,317488 4,317488
адресу 0,013423 0,026846
социальные 3,401197 3,401197
рецепты 1,139434 2,278869
отмечает 1,966113 5,898339
данных 0,013423 0,107384
жители 2,931194 2,931194
письма 0,013423 0,013423
летом 3,218876 3,218876
часов 0,013423 0,026846
прекратила 5,010635 5,010635
бурангулово 5,010635 5,010635
новиков 5,010635 20,042541
республика 2,612740 7,838220
главный 0,013423 0,013423
данные 0,013423 0,013423
республики 3,401197 3,401197
красную 3,218876 3,218876
очередная 5,010635 5,010635
фотография 3,912023 11,736069
фотографию 0,013423 0,040269
классные 5,010635 5,010635
подкараулить 5,010635 5,010635
туризма 5,010635 15,031906
корабль 5,010635 5,010635
моржам 5,010635 5,010635
рассказывает 2,371578 21,344202
сначала 0,013423 0,013423
оркестра 5,010635 5,010635
водоеме 5,010635 5,010635
удержаться 5,010635 5,010635
свете 4,317488 4,317488
водоемы 5,010635 5,010635
пробираешься 5,010635 5,010635
однако 1,966113 1,966113
кана 5,010635 5,010635
арки 4,317488 4,317488
радугу 5,010635 5,010635
стороны 2,238047 4,476093
вены 4,317488 4,317488
нарчук 5,010635 10,021271
часть 1,919593 1,919593
рассмотрены 0,013423 0,013423
длине 5,010635 5,010635
цепляются 5,010635 5,010635
учится 4,317488 4,317488
говорит 2,014903 24,178836
перетяните 0,013423 0,013423
части 1,966113 1,966113
поесть 4,317488 4,317488
кндр 5,010635 5,010635
дарья 3,912023 7,824046
суевериях 5,010635 5,010635
хобби 5,010635 5,010635
фотографии 3,624341 10,873023
стремительный 4,317488 4,317488
жираф 5,010635 5,010635
выпуска 0,013423 0,013423
списка 0,013423 0,013423
формой 0,013423 0,053692
хочется 3,401197 3,401197
определяются 5,010635 5,010635
святилище 5,010635 5,010635
скалы 5,010635 5,010635
грустная 5,010635 5,010635
узор 3,624341 3,624341
ромашки 5,010635 5,010635
лютые 5,010635 5,010635
краснодарском 3,401197 3,401197
лучшие 1,714798 3,429597
екатерина 2,445686 4,891372
парат 5,010635 5,010635
лучшим 4,317488 8,634976
будут 0,013423 0,013423
облетая 5,010635 5,010635
суровой 5,010635 5,010635
чувствует 5,010635 5,010635
авачинский 5,010635 5,010635
запечатлены 5,010635 5,010635
издалека 5,010635 5,010635
салалу 5,010635 5,010635
жизни 2,120264 2,120264
облака 5,010635 5,010635
нужно 1,455287 1,455287
встретил 4,317488 4,317488
озера 5,010635 25,053176
озере 5,010635 5,010635
охотящимся 5,010635 5,010635
озеро 3,912023 3,912023
ботаническом 5,010635 5,010635
лучей 5,010635 5,010635
рост 3,218876 6,437752
молодая 4,317488 4,317488
петров 3,624341 7,248682
описанием 0,013423 0,013423
звездчатка 5,010635 5,010635
красивые 3,218876 6,437752
рекордсмен 5,010635 5,010635
жизнь 2,525729 2,525729
используется 0,013423 0,013423
сфотографировать 5,010635 10,021271
сати 5,010635 5,010635
калейдоскоп 5,010635 10,021271
запечатлеть 4,317488 8,634976
белощекая 5,010635 5,010635
фотохудожник 5,010635 10,021271
блогеры 3,912023 3,912023
эл 0,013423 0,026846
пристани 4,317488 4,317488
точно 2,612740 2,612740
почему 0,013423 0,013423
енисее 5,010635 5,010635
художника 3,912023 3,912023
впечатляет 5,010635 5,010635
создавая 3,624341 3,624341
юг 4,317488 8,634976
любую 3,624341 3,624341
нарушение 0,013423 0,040269
созданная 5,010635 5,010635
кадре 5,010635 10,021271
назад 0,013423 0,067115
кадр 5,010635 15,031906
парящее 5,010635 5,010635
главном 3,912023 3,912023
отели 4,317488 4,317488
акватории 5,010635 5,010635
высоты 3,624341 3,624341
зубовский 0,013423 0,026846
кадры 3,912023 11,736069
походкой 5,010635 5,010635
мощь 3,912023 3,912023
осуществляется 0,013423 0,013423
бульвар 0,013423 0,026846
хотите 0,013423 0,013423
мощи 5,010635 5,010635
традиции 1,966113 1,966113
вновь 0,013423 0,013423
сменить 0,013423 0,013423
участвовать 0,013423 0,026846
феи 5,010635 5,010635
сообщить 0,013423 0,013423
дагестана 4,317488 8,634976
скриншот 0,013423 0,040269
фламинго 5,010635 5,010635
полякова 5,010635 10,021271
поднялся 5,010635 5,010635
воплощение 5,010635 5,010635
склона 5,010635 5,010635
живущий 5,010635 5,010635
скал 5,010635 5,010635
друг 3,401197 3,401197
взаимодействия 0,013423 0,026846
двойную 4,317488 4,317488
сделала 3,624341 3,624341
вадим 4,317488 8,634976
осенний 5,010635 5,010635
знаете 3,624341 3,624341
напитки 4,317488 4,317488
информационное 0,013423 0,040269
стала 2,813411 2,813411
осенним 5,010635 5,010635
сходящихся 5,010635 5,010635
дождевой 5,010635 5,010635
воздух 5,010635 5,010635
илья 3,218876 6,437752
российские 2,238047 2,238047
мороза 5,010635 5,010635
отвоевывает 5,010635 5,010635
нацпарк 4,317488 4,317488
осторожная 5,010635 5,010635
траулер 5,010635 5,010635
фио 0,013423 0,013423
кирилл 1,919593 3,839186
ран 2,931194 2,931194
засидки 5,010635 5,010635
необходимо 1,791759 1,791759
окрошке 3,912023 3,912023
дерево 3,912023 3,912023
человека 2,177422 4,354844
караван 5,010635 5,010635
октябрьский 4,317488 4,317488
пятизвездочных 5,010635 5,010635
версия 0,013423 0,013423
байкальского 5,010635 5,010635
мутновский 5,010635 5,010635
териберка 5,010635 5,010635
волнение 5,010635 5,010635
обычно 2,813411 5,626821
морозы 5,010635 5,010635
гид 3,912023 3,912023
оманские 5,010635 5,010635
игорь 2,708050 5,416100
веселее 5,010635 5,010635
кайры 5,010635 5,010635
непогода 5,010635 5,010635
работу 2,708050 8,124151
мурманская 3,912023 3,912023
зарегистрировано 0,013423 0,013423
наблюдать 4,317488 8,634976
адрес 0,013423 0,040269
отношения 2,525729 2,525729
ледяная 5,010635 5,010635
гастрофестивалям 5,010635 5,010635
небольшая 3,912023 3,912023
сообщения 0,013423 0,053692
килемарском 5,010635 5,010635
российских 1,966113 1,966113
телефон 0,013423 0,013423
освещает 5,010635 5,010635
отелей 5,010635 5,010635
отправился 4,317488 4,317488
салала 5,010635 5,010635
автор 3,218876 54,720889
сообщение 0,013423 0,134230
севастополя 5,010635 5,010635
рго 4,317488 202,921941
старые 0,013423 0,013423
поясняет 2,371578 11,857890
почувствовали 5,010635 5,010635
снято 5,010635 10,021271
поднялись 5,010635 5,010635
ариадны 5,010635 5,010635
совы 5,010635 5,010635
материалы 1,643339 1,643339
снять 2,708050 2,708050
псекупс 5,010635 5,010635
полутора 5,010635 5,010635
морозов 5,010635 10,021271
утренняя 4,317488 4,317488
перетащите 0,013423 0,040269
материале 0,013423 0,026846
материала 0,013423 0,026846
пространство 4,317488 4,317488
подземных 5,010635 5,010635
вашего 0,013423 0,013423
паролем 0,013423 0,013423
путешествиях 5,010635 5,010635
федор 4,317488 4,317488
схватить 5,010635 5,010635
выборгском 5,010635 5,010635
лыжах 3,912023 3,912023
зарегистрируйтесь 0,013423 0,013423
пушистые 5,010635 5,010635
удалось 2,931194 11,724775
рыболовный 5,010635 5,010635
стадо 5,010635 5,010635
иркутская 5,010635 10,021271
флота 3,218876 3,218876
ранним 4,317488 4,317488
голубев 4,317488 8,634976
сокровища 4,317488 4,317488
поселке 4,317488 4,317488
конденсация 5,010635 5,010635
зачастую 3,624341 3,624341
связанные 0,013423 0,013423
пингвины 3,912023 3,912023
гор 4,317488 4,317488
дарят 5,010635 5,010635
казань 3,218876 3,218876
риа 0,006689 0,013378
куликов 5,010635 5,010635
поселка 5,010635 5,010635
длинную 5,010635 5,010635
времена 4,317488 4,317488
связанных 0,013423 0,013423
год 0,967584 1,935168
открылся 3,624341 3,624341
замерзает 5,010635 5,010635
ведущий 2,302585 2,302585
мая 1,832581 9,162907
поэтому 2,014903 2,014903
мае 3,401197 3,401197
близ 5,010635 5,010635
съездить 4,317488 4,317488
антон 3,624341 7,248682
агентство 0,013423 0,040269
мутновская 5,010635 5,010635
стильно 5,010635 5,010635
пляж 5,010635 5,010635
крестовой 5,010635 5,010635
съемку 5,010635 5,010635
агентства 0,013423 0,013423
ночное 5,010635 5,010635
быстрее 2,813411 5,626821
мальдивы 5,010635 5,010635
самое 2,708050 2,708050
такое 1,875141 1,875141
съемки 4,317488 4,317488
предела 5,010635 5,010635
вкуснее 3,624341 3,624341
домовый 5,010635 10,021271
динамика 5,010635 5,010635
съемка 4,317488 8,634976
шапка 0,013423 0,013423
довелось 5,010635 5,010635
осветитель 5,010635 5,010635
рассказал 1,347074 1,347074
александра 2,612740 2,612740
евгения 3,624341 7,248682
благодаря 2,302585 2,302585
истории 2,612740 2,612740
воспользуйтесь 0,013423 0,040269
селе 4,317488 4,317488
аккаунт 0,013423 0,053692
сбивающий 5,010635 5,010635
фоне 3,218876 6,437752
которая 1,643339 1,643339
залив 4,317488 8,634976
мелководных 5,010635 5,010635
евгении 5,010635 10,021271
непосредственно 3,218876 3,218876
евгений 2,302585 4,605170
либо 0,013423 0,013423
телешов 5,010635 10,021271
выгодно 5,010635 5,010635
поиск 0,013423 0,013423
чистай 5,010635 5,010635
согласны 0,013423 0,040269
предлагайте 5,010635 5,010635
красное 3,912023 3,912023
исторические 4,317488 4,317488
осмотреться 5,010635 5,010635
ленинградской 4,317488 8,634976
зиму 2,612740 2,612740
улетать 5,010635 5,010635
низкий 5,010635 5,010635
добывать 5,010635 5,010635
красивое 5,010635 5,010635
египте 5,010635 5,010635
египта 5,010635 5,010635
динамичным 5,010635 5,010635
постоянно 2,371578 2,371578
ежов 5,010635 10,021271
могучие 5,010635 5,010635
желтого 4,317488 4,317488
сделана 5,010635 10,021271
зима 3,218876 9,656627
рекорде 5,010635 5,010635
короткое 5,010635 5,010635
признан 3,912023 3,912023
чохские 5,010635 5,010635
впечатления 3,624341 3,624341
местные 3,624341 7,248682
детстве 5,010635 5,010635
новый 0,013423 0,013423
новые 1,643339 1,643339
брейкин 5,010635 5,010635
активная 3,912023 3,912023
хребта 5,010635 5,010635
финский 5,010635 5,010635
миа 0,013423 0,026846
задать 0,013423 0,013423
теги 0,190354 0,190354
танцующих 5,010635 5,010635
остался 3,912023 3,912023
александр 1,455287 10,187011
должны 0,013423 0,013423
кормят 5,010635 5,010635
майские 3,218876 3,218876
политика 0,013423 0,026846
высотки 5,010635 5,010635
коми 5,010635 5,010635
надвигаться 5,010635 5,010635
ильяс 5,010635 5,010635
земля 3,912023 7,824046
пернатый 5,010635 10,021271
уникальное 3,624341 3,624341
ветер 3,912023 11,736069
пашеничева 5,010635 5,010635
мир 1,966113 5,898339
сокращается 5,010635 5,010635
метров 3,624341 3,624341
регионы 2,931194 2,931194
камни 5,010635 5,010635
небольшой 2,931194 2,931194
время 0,013423 0,053692
эль 5,010635 5,010635
ленинградская 3,401197 3,401197
стараюсь 3,401197 3,401197
ранее 0,013423 0,013423
победитель 5,010635 10,021271
былую 5,010635 5,010635
шедевры 4,317488 4,317488
новых 2,931194 2,931194
приполярном 5,010635 5,010635
обращаем 0,013423 0,013423
полярные 5,010635 5,010635
уменьшается 4,317488 4,317488
написать 0,013423 0,013423
алдергот 5,010635 10,021271
появляется 5,010635 5,010635
дешево 5,010635 5,010635
поселок 5,010635 5,010635
увидеть 3,624341 7,248682
барышево 5,010635 5,010635
показать 0,013423 0,013423
северных 3,218876 3,218876
светлом 5,010635 5,010635
восстанавливают 4,317488 4,317488
частичка 5,010635 5,010635
двадцать 5,010635 5,010635
секундой 5,010635 5,010635
продукты 0,150823 0,150823
высотой 5,010635 5,010635
даган 5,010635 5,010635
решка 5,010635 5,010635
гаврилова 0,013423 0,013423
древние 4,317488 4,317488
купить 3,401197 3,401197
еловым 5,010635 5,010635
расположенному 0,013423 0,026846
ермолина 5,010635 10,021271
люди 2,238047 2,238047
справился 4,317488 4,317488
небольшую 3,401197 3,401197
птицами 5,010635 5,010635
аламейна 5,010635 5,010635
учредитель 0,013423 0,013423
нескольких 3,064725 3,064725
оскар 3,912023 3,912023
острова 3,218876 9,656627
мое 0,013423 0,026846
стюардесс 5,010635 5,010635
решил 2,813411 2,813411
алтайского 5,010635 5,010635
кажется 3,624341 3,624341
бреи 5,010635 5,010635
момент 2,708050 2,708050
водоемах 4,317488 4,317488
смотрятся 5,010635 10,021271
заставляет 5,010635 5,010635
обязательны 0,013423 0,093961
выше 3,064725 6,129450
коньках 3,912023 3,912023
роскомнадзор 0,013423 0,013423
наледи 5,010635 5,010635
блокировался 0,013423 0,013423
берегу 3,912023 11,736069
мечты 5,010635 5,010635
левинский 5,010635 10,021271
возле 5,010635 5,010635
кулик 5,010635 5,010635
моё 0,013423 0,013423
озерное 5,010635 5,010635
хабаровский 5,010635 5,010635
павел 2,238047 8,952186
большой 2,445686 2,445686
эта 2,371578 2,371578
утром 3,218876 6,437752
газукина 5,010635 10,021271
северное 3,912023 11,736069
обработки 0,013423 0,026846
даю 0,013423 0,026846
дикой 4,317488 4,317488
обработку 0,013423 0,026846
редакции 0,013423 0,026846
сауна 5,010635 5,010635
сильного 2,708050 2,708050
вчера 1,576648 3,153296
обработка 0,013423 0,013423
это 0,013423 0,120807
квест 5,010635 5,010635
вулканы 5,010635 5,010635
этим 2,238047 4,476093
дружко 5,010635 5,010635
птенец 5,010635 5,010635
запечатлевает 5,010635 5,010635
вулкана 5,010635 10,021271
заповедник 3,912023 7,824046
две 2,177422 2,177422
новую 0,013423 0,013423
материализовался 5,010635 5,010635
зари 5,010635 5,010635
массовых 0,013423 0,013423
высунулся 5,010635 5,010635
пройдена 0,013423 0,013423
патриотизме 4,317488 4,317488
белов 5,010635 10,021271
электронной 0,013423 0,013423
использовалась 4,317488 4,317488
радио 0,274437 0,274437
водоросли 3,912023 3,912023
остров 3,912023 3,912023
терема 5,010635 5,010635
цветут 5,010635 5,010635
использования 0,013423 0,013423
захватывает 4,317488 4,317488
дмитренко 5,010635 10,021271
шикарный 5,010635 5,010635
муж 5,010635 5,010635
новое 2,525729 2,525729
образовываются 5,010635 5,010635
земли 3,912023 3,912023
тундр 5,010635 5,010635
затем 1,791759 1,791759
остывает 5,010635 5,010635
тимин 3,912023 3,912023
ошибку 0,013423 0,013423
удивит 3,912023 7,824046
облаках 5,010635 5,010635
осень 5,010635 5,010635
ошибка 0,013423 0,013423
жабский 5,010635 10,021271
вопрос 0,006689 0,006689
увиденная 5,010635 5,010635
игра 4,317488 4,317488
дербин 5,010635 10,021271
путников 5,010635 5,010635
марта 1,678431 6,713723
имя 0,013423 0,067115
семенов 5,010635 10,021271
аист 5,010635 15,031906
ловит 5,010635 5,010635
конкурсе 3,912023 3,912023
итальянец 5,010635 5,010635
большие 4,317488 4,317488
световые 5,010635 10,021271
блюда 2,177422 2,177422
сказочный 5,010635 5,010635
ласточку 5,010635 5,010635
рассвет 5,010635 5,010635
необычном 5,010635 5,010635
вершине 4,317488 4,317488
конкурса 3,624341 3,624341
происходящее 4,317488 4,317488
успешно 0,013423 0,013423
теплой 3,218876 3,218876
марийские 5,010635 5,010635
лента 0,006689 0,013378
черный 2,708050 2,708050
зимний 3,218876 3,218876
охоту 5,010635 5,010635
утренней 5,010635 5,010635
заблокированы 0,013423 0,013423
моему 5,010635 5,010635
район 3,624341 18,121705
будущего 3,401197 6,802395
сфере 0,013423 0,013423
мгновение 5,010635 5,010635
льдинка 5,010635 5,010635
свидетельство 0,013423 0,013423
заснеженному 5,010635 5,010635
африке 4,317488 4,317488
сердце 3,401197 3,401197
стихии 4,317488 8,634976
юрий 3,912023 7,824046
воробьиным 5,010635 5,010635
пресс 0,013423 0,026846
россии 0,395515 5,537207
применения 0,013423 0,013423
сделан 5,010635 10,021271
сделал 2,708050 5,416100
болото 4,317488 8,634976
обитатели 4,317488 4,317488
персональных 0,013423 0,107384
повелитель 5,010635 5,010635
произошла 0,013423 0,026846
мика 4,317488 8,634976
горы 5,010635 5,010635
дата 0,013423 0,013423
гору 3,912023 3,912023
заповеднике 4,317488 4,317488
солнечный 4,317488 12,952464
конце 2,238047 4,476093
напомнили 5,010635 5,010635
которую 2,931194 2,931194
дыхание 5,010635 5,010635
горячие 3,912023 3,912023
россия 0,006689 0,046823
окруженный 4,317488 4,317488
россию 2,302585 2,302585
тест 2,931194 2,931194
солнечные 5,010635 10,021271
слоеный 5,010635 5,010635
порой 4,317488 4,317488
скрытная 5,010635 5,010635
свои 2,445686 2,445686
древнего 3,912023 3,912023
квадрокоптера 5,010635 5,010635
января 1,160488 10,444389
живописный 4,317488 4,317488
дарит 3,912023 3,912023
пара 5,010635 5,010635
маленькая 4,317488 4,317488
большая 3,624341 7,248682
геометрия 5,010635 5,010635
шторме 5,010635 5,010635
сервисы 0,190354 0,190354
пучка 4,317488 4,317488
сфокусированных 5,010635 5,010635
взмахами 5,010635 5,010635
называется 3,912023 3,912023
лапцова 5,010635 10,021271
отправки 0,013423 0,013423
гунибский 5,010635 5,010635
географического 5,010635 5,010635
праздник 2,525729 2,525729
поражениях 4,317488 4,317488
воздействием 5,010635 5,010635
хаммам 5,010635 5,010635
полевые 5,010635 5,010635
выпадет 4,317488 4,317488
окружающий 5,010635 5,010635
выберите 0,013423 0,040269
новокузнецкого 5,010635 5,010635
полях 4,317488 4,317488
козлов 4,317488 8,634976
приобретают 3,912023 3,912023
щипкова 5,010635 10,021271
мастер 3,401197 10,203592
попасть 3,624341 3,624341
двигаться 4,317488 4,317488
кандалакшских 5,010635 5,010635
темин 5,010635 5,010635
предоставлено 3,624341 163,095342
бухте 4,317488 4,317488
защитой 0,013423 0,026846
тень 5,010635 5,010635
авторизация 0,013423 0,013423
подбежать 5,010635 5,010635
религия 0,283247 0,283247
монерон 5,010635 5,010635
рейтинг 0,006689 0,006689
галочку 0,013423 0,013423
зимнем 3,624341 3,624341
затопляя 5,010635 5,010635
поражался 5,010635 5,010635
дирижер 5,010635 5,010635
объездить 5,010635 5,010635
ленский 5,010635 5,010635
велась 5,010635 5,010635
способы 0,013423 0,026846
мгновения 5,010635 5,010635
недвижимость 0,292136 0,292136
рыбачит 5,010635 5,010635
красота 4,317488 8,634976
кататься 4,317488 4,317488
красоте 4,317488 8,634976
унитарное 0,013423 0,013423
рябчик 5,010635 5,010635
белоснежной 5,010635 5,010635
грохотом 5,010635 5,010635
тема 0,013423 0,040269
нам 2,525729 5,051457
рекомендательных 0,013423 0,013423
около 2,177422 2,177422
белые 4,317488 4,317488
обитающих 5,010635 5,010635
берег 4,317488 4,317488
таинственно 5,010635 5,010635
проставляя 0,013423 0,013423
приморского 5,010635 5,010635
найдите 5,010635 5,010635
заполнения 0,013423 0,093961
полезное 0,182322 0,182322
тела 3,218876 3,218876
службе 0,013423 0,013423
рекордах 5,010635 5,010635
комплексной 5,010635 5,010635
юга 3,624341 3,624341
релизов 0,013423 0,013423
ваших 0,013423 0,026846
зимовать 5,010635 5,010635
которые 1,455287 4,365862
прекрасно 3,218876 3,218876
который 1,160488 4,641951
наталья 2,708050 10,832201
идет 2,445686 2,445686
артем 3,401197 6,802395
правил 0,013423 0,040269
необычная 5,010635 5,010635
которых 1,966113 1,966113
горного 5,010635 5,010635
авторизоваться 0,013423 0,013423
идеи 3,401197 3,401197
елена 2,931194 11,724775
поколение 5,010635 5,010635
дроне 5,010635 5,010635
оленеводов 5,010635 5,010635
осенью 3,624341 7,248682
новыесначала 0,013423 0,013423
красоту 4,317488 4,317488
свет 3,064725 6,129450
дух 3,912023 3,912023
начале 2,445686 2,445686
архипелаге 5,010635 5,010635
душ 4,317488 4,317488
отдых 3,624341 3,624341
архипелага 5,010635 5,010635
прошел 3,218876 3,218876
ветра 5,010635 5,010635
снегопад 2,708050 2,708050
использовать 0,013423 0,026846
самостоятельно 2,708050 2,708050
але 5,010635 5,010635
новгородской 5,010635 5,010635
сетку 5,010635 5,010635
контактов 0,013423 0,013423
маленький 5,010635 5,010635
травой 5,010635 5,010635
суровые 5,010635 5,010635
апреля 0,013423 0,053692
природная 4,317488 4,317488
югыд 5,010635 5,010635
лесом 5,010635 5,010635
астраханской 5,010635 5,010635
нем 2,612740 2,612740
стараясь 5,010635 5,010635
кору 5,010635 5,010635
телеведущий 5,010635 5,010635
карусель 5,010635 5,010635
истек 0,013423 0,013423
невозможно 2,525729 2,525729
сон 5,010635 5,010635
дупле 5,010635 5,010635
шторм 4,317488 4,317488
сможете 0,013423 0,013423
достопримечательности 3,912023 3,912023
года 0,006689 0,013378
сюжет 5,010635 5,010635
уникальные 4,317488 4,317488
уходящие 5,010635 5,010635
авроры 5,010635 10,021271
пробиться 5,010635 5,010635
французского 5,010635 5,010635
подтаивает 5,010635 5,010635
наука 0,292136 0,292136
бабаюртовский 5,010635 5,010635
террасы 5,010635 10,021271
утренний 5,010635 5,010635
