законным 0,013423 0,013423
новый 0,013423 0,013423
рпл 2,371578 2,371578
найти 0,013423 0,013423
основанием 0,013423 0,013423
письмо 0,013423 0,013423
спасибо 0,013423 0,013423
стал 2,120264 2,120264
теннис 2,525729 5,051457
играх 3,624341 14,497364
выиграл 4,317488 4,317488
заявил 1,427116 4,281349
апл 2,612740 2,612740
фигурное 2,371578 2,371578
согласие 0,013423 0,026846
центр 0,190354 0,951769
доступ 0,013423 0,026846
долго 3,064725 3,064725
миа 0,013423 0,093961
задать 0,013423 0,013423
теги 0,190354 0,190354
автору 0,013423 0,013423
победившего 5,010635 10,021271
связаться 0,013423 0,080538
должны 0,013423 0,013423
г 0,013423 0,026846
д 0,013423 0,026846
реклама 0,190354 0,190354
немного 2,177422 2,177422
фото 0,013423 0,026846
политика 0,013423 0,013423
связь 0,006689 0,013378
й 2,014903 2,014903
четверг 3,401197 3,401197
альпинизм 4,317488 21,587441
готово 0,013423 0,026846
коля 5,010635 5,010635
серебряный 4,317488 8,634976
течение 0,013423 0,013423
авто 2,238047 2,238047
информационных 0,013423 0,013423
размещения 0,013423 0,013423
вторым 3,624341 3,624341
сочи 2,238047 2,238047
футбол 2,445686 12,228430
конфиденциальности 0,013423 0,053692
связи 0,013423 0,080538
заголовок 0,013423 0,026846
процесса 0,013423 0,013423
адресу 0,013423 0,026846
проблему 0,013423 0,013423
црвена 2,612740 2,612740
единственным 3,624341 3,624341
время 0,013423 0,013423
данных 0,013423 0,107384
награждения 4,317488 8,634976
письма 0,013423 0,013423
праздновать 4,317488 4,317488
часов 0,013423 0,026846
соглашаетесь 0,013423 0,013423
ранее 0,013423 0,013423
восстановления 0,013423 0,013423
главный 0,013423 0,013423
данные 0,013423 0,013423
разблокировать 0,013423 0,040269
город 0,013423 0,013423
фотографию 0,013423 0,013423
обращаем 0,013423 0,013423
отправлено 0,013423 0,013423
написать 0,013423 0,013423
новостеймолния 0,013423 0,013423
россиянин 3,401197 6,802395
одноклассники 0,013423 0,026846
сначала 0,013423 0,013423
первую 2,238047 2,238047
показать 0,013423 0,013423
кнопку 0,013423 0,013423
коммуникаций 0,013423 0,013423
олимпийские 2,931194 14,655969
пароль 0,013423 0,080538
пароля 0,013423 0,053692
перейдите 0,013423 0,013423
филиппов 2,525729 45,463116
вход 0,013423 0,013423
ориоля 5,010635 15,031906
соревнованиях 3,624341 3,624341
продукты 0,150823 0,150823
читать 0,851752 0,851752
закрыто 0,013423 0,013423
удалено 0,013423 0,013423
ориоль 4,317488 4,317488
следующей 3,218876 6,437752
сколько 0,006689 0,006689
гаврилова 0,013423 0,013423
материалов 0,013423 0,040269
отправлена 0,013423 0,013423
италии 2,525729 7,577186
чате 0,013423 0,013423
расположенному 0,013423 0,026846
чату 0,013423 0,013423
редакцией 0,013423 0,013423
представлен 3,624341 3,624341
дисциплине 4,317488 4,317488
всем 1,455287 1,455287
биатлон 2,525729 2,525729
учредитель 0,013423 0,013423
рассмотрены 0,013423 0,013423
мое 0,013423 0,026846
ссылка 0,013423 0,026846
ссылке 0,013423 0,013423
бежать 3,912023 3,912023
перетяните 0,013423 0,013423
ссылки 0,013423 0,013423
помочь 0,013423 0,013423
архив 0,190354 0,190354
единоборства 2,525729 2,525729
ноттингем 2,612740 2,612740
ошибках 0,013423 0,013423
обязательны 0,013423 0,093961
спринте 4,317488 4,317488
представителем 5,010635 5,010635
выпуска 0,013423 0,013423
списка 0,013423 0,013423
формой 0,013423 0,053692
роскомнадзор 0,013423 0,013423
продлятся 4,317488 4,317488
блокировался 0,013423 0,013423
москва 0,006689 0,026756
воспользоваться 0,013423 0,013423
входа 0,013423 0,013423
моё 0,013423 0,013423
федеральное 0,013423 0,013423
федеральной 0,013423 0,013423
международное 0,013423 0,040269
селтик 2,612740 2,612740
будут 0,013423 0,013423
обгонит 5,010635 10,021271
новостей 0,006689 0,006689
политикой 0,013423 0,040269
обработки 0,013423 0,026846
даю 0,013423 0,026846
перейти 1,203973 1,203973
нормально 4,317488 4,317488
золото 3,624341 10,873023
нужно 1,455287 1,455287
обработку 0,013423 0,026846
обратной 0,013423 0,067115
редакции 0,013423 0,026846
обращений 0,013423 0,013423
обработка 0,013423 0,013423
это 0,013423 0,013423
спортникита 5,010635 5,010635
описанием 0,013423 0,013423
новую 0,013423 0,013423
лада 2,612740 2,612740
массовых 0,013423 0,013423
подкараулю 5,010635 10,021271
сладенькое 5,010635 5,010635
пройдена 0,013423 0,013423
используется 0,013423 0,013423
штутгарт 2,612740 2,612740
мужик 5,010635 10,021271
зарегистрироваться 0,013423 0,053692
пожаловаться 0,013423 0,013423
новости 0,006689 0,073579
войти 0,013423 0,053692
кайфовать 5,010635 5,010635
нхл 2,525729 2,525729
электронной 0,013423 0,013423
призер 5,010635 10,021271
эл 0,013423 0,013423
действия 0,013423 0,013423
дзен 0,851752 0,851752
защита 0,013423 0,013423
теплый 5,010635 5,010635
регистрация 0,013423 0,040269
почему 0,013423 0,013423
использования 0,013423 0,013423
пойду 5,010635 5,010635
восстановление 0,013423 0,040269
вопросам 0,013423 0,026846
государственное 0,013423 0,013423
завершен 2,525729 2,525729
испанца 5,010635 10,021271
программе 2,813411 2,813411
вконтакте 0,013423 0,026846
спецпроекты 0,190354 0,190354
просим 0,013423 0,013423
навсегда 0,013423 0,013423
нарушение 0,013423 0,040269
заблокирован 0,013423 0,013423
ошибку 0,013423 0,013423
защиты 0,013423 0,013423
назад 0,013423 0,067115
буду 5,010635 10,021271
обращения 0,013423 0,026846
игры 1,791759 19,709354
февраля 0,616186 0,616186
ошибка 0,013423 0,013423
вопрос 0,006689 0,006689
зубовский 0,013423 0,026846
подтверждаете 0,013423 0,013423
заполнить 0,013423 0,026846
отдыхать 4,317488 4,317488
массажик 5,010635 5,010635
осуществляется 0,013423 0,013423
ваш 0,013423 0,053692
имя 0,013423 0,067115
другие 0,013423 0,026846
главное 1,752539 1,752539
надзору 0,013423 0,013423
срок 0,013423 0,026846
интервью 2,813411 2,813411
издание 0,013423 0,013423
тирамису 5,010635 5,010635
бульвар 0,013423 0,026846
бундеслига 2,612740 2,612740
хотите 0,013423 0,013423
заполните 0,013423 0,067115
технологий 0,013423 0,026846
сетевое 0,013423 0,013423
вновь 0,013423 0,013423
фев 1,399717 1,399717
сменить 0,013423 0,013423
материал 0,013423 0,013423
участвовать 0,013423 0,026846
лилль 2,612740 2,612740
сообщить 0,013423 0,013423
успешно 0,013423 0,013423
скриншот 0,013423 0,040269
добавил 2,931194 2,931194
лента 0,006689 0,013378
ак 2,612740 2,612740
заблокированы 0,013423 0,013423
спорт 0,190354 2,093891
сфере 0,013423 0,013423
перерыв 2,525729 2,525729
свидетельство 0,013423 0,013423
правила 0,013423 0,026846
взаимодействия 0,013423 0,026846
сохранить 0,013423 0,013423
вообще 2,931194 2,931194
информационное 0,013423 0,040269
зимние 2,813411 8,440232
комментирования 0,013423 0,026846
зож 2,302585 2,302585
сказал 2,612740 2,612740
кхл 2,525729 2,525729
пресс 0,013423 0,026846
россии 0,395515 0,395515
применения 0,013423 0,013423
результатам 2,445686 2,445686
кардону 5,010635 5,010635
сделал 2,708050 2,708050
федеральному 0,013423 0,026846
персональных 0,013423 0,107384
произошла 0,013423 0,013423
вес 4,317488 4,317488
дата 0,013423 0,013423
ваше 0,013423 0,107384
сайте 0,013423 0,013423
впервые 2,238047 2,238047
рад 5,010635 10,021271
ваши 0,013423 0,013423
фио 0,013423 0,013423
восстановить 0,013423 0,013423
пожалуйста 0,013423 0,013423
просто 1,714798 1,714798
своему 3,912023 3,912023
ниже 0,013423 0,040269
версия 0,013423 0,013423
вопроса 0,013423 0,013423
пару 2,525729 2,525729
россия 0,006689 0,080268
церемонии 5,010635 10,021271
поля 0,013423 0,093961
европы 2,238047 2,238047
свое 2,445686 19,565487
государственному 0,013423 0,026846
регистрации 0,013423 0,026846
поле 0,013423 0,013423
сайт 0,013423 0,026846
сервисы 0,190354 0,190354
зарегистрировано 0,013423 0,013423
другое 0,013423 0,013423
поддерживаетсяполучить 0,013423 0,013423
адрес 0,013423 0,040269
соответствии 0,013423 0,026846
пообещал 3,624341 3,624341
загрузите 0,013423 0,013423
сообщения 0,013423 0,053692
загрузить 0,013423 0,013423
филипповзимние 5,010635 5,010635
направлении 0,013423 0,013423
замеченных 0,013423 0,013423
телефон 0,013423 0,013423
отправки 0,013423 0,013423
ел 5,010635 5,010635
унитарному 0,013423 0,026846
паок 2,612740 2,612740
обновлено 1,003302 1,003302
сообщение 0,013423 0,134230
принимают 3,401197 3,401197
завоюет 5,010635 5,010635
выберите 0,013423 0,040269
старые 0,013423 0,013423
сет 2,612740 2,612740
попробуйте 0,013423 0,013423
мото 2,525729 2,525729
евролига 2,612740 2,612740
планах 2,813411 16,880464
защитой 0,013423 0,026846
статьи 0,013423 0,013423
фенербахче 2,612740 2,612740
подтвердите 0,013423 0,013423
авторизация 0,013423 0,013423
форма 0,013423 0,013423
логином 0,013423 0,013423
сельта 2,612740 2,612740
рейтинг 0,006689 0,006689
галочку 0,013423 0,013423
медаль 2,813411 2,813411
контакты 2,120264 2,120264
перетащите 0,013423 0,040269
материале 0,013423 0,026846
материала 0,013423 0,026846
никита 3,912023 23,472138
вашего 0,013423 0,013423
паролем 0,013423 0,013423
альпинист 3,064725 18,388351
захотят 4,317488 4,317488
способы 0,013423 0,026846
зарегистрируйтесь 0,013423 0,013423
обо 0,013423 0,013423
дискуссии 0,013423 0,026846
редактор 0,013423 0,013423
фгуп 0,499776 2,498879
нба 2,612740 2,612740
унитарное 0,013423 0,013423
дней 1,832581 1,832581
форму 0,013423 0,093961
тема 0,013423 0,040269
хачанов 2,612740 2,612740
хоккей 2,238047 6,714140
отправленного 0,013423 0,013423
сильнее 3,912023 3,912023
связанные 0,013423 0,013423
рекомендательных 0,013423 0,013423
данная 0,013423 0,013423
обратная 0,013423 0,026846
риа 0,006689 0,066890
серебре 5,010635 5,010635
серия 2,525729 2,525729
ски 3,064725 36,776702
проставляя 0,013423 0,013423
связанных 0,013423 0,013423
опишите 0,013423 0,013423
заполнения 0,013423 0,093961
россиян 1,919593 3,839186
полезное 0,182322 0,182322
поем 5,010635 5,010635
службе 0,013423 0,013423
релизов 0,013423 0,013423
ваших 0,013423 0,026846
ко 2,177422 2,177422
является 2,066196 2,066196
матч 2,238047 8,952186
почты 0,013423 0,013423
следующих 2,612740 5,225480
ла 2,612740 2,612740
агентство 0,013423 0,040269
например 1,714798 1,714798
динамо 2,238047 2,238047
серебру 5,010635 5,010635
правил 0,013423 0,040269
следующие 2,238047 13,428279
авторизоваться 0,013423 0,013423
авторизуйтесь 0,013423 0,013423
агентства 0,013423 0,013423
сегодня 0,013423 0,147653
расширенный 0,013423 0,013423
агентстве 2,525729 2,525729
новыесначала 0,013423 0,013423
исполнять 5,010635 5,010635
шапка 0,013423 0,013423
отправить 0,013423 0,147653
продолжить 0,013423 0,013423
решении 0,013423 0,013423
лига 2,371578 9,486312
рассказал 1,347074 8,082442
душ 4,317488 4,317488
воспользуйтесь 0,013423 0,040269
олимпиаде 2,612740 5,225480
участие 0,006689 0,013378
архивное 1,373049 1,373049
аккаунт 0,013423 0,053692
обсуждение 0,013423 0,013423
использовать 0,013423 0,013423
опечатка 0,013423 0,013423
барс 2,612740 2,612740
блокировки 0,013423 0,013423
онлайн 0,013423 0,013423
контактов 0,013423 0,013423
почта 0,013423 0,080538
апреля 0,013423 0,013423
олимпиады 3,218876 16,094379
фамилия 0,013423 0,013423
звезда 2,612740 2,612740
альпинизме 4,317488 8,634976
нами 0,013423 0,093961
яндекс 0,013423 0,026846
удалили 0,013423 0,040269
либо 0,013423 0,013423
вакансии 0,013423 0,013423
аккаунту 0,013423 0,013423
открываемого 0,013423 0,026846
нажимая 0,013423 0,013423
поиск 0,013423 0,013423
вами 0,013423 0,013423
недопустимое 0,013423 0,013423
согласны 0,013423 0,040269
обещал 4,317488 4,317488
истек 0,013423 0,013423
катание 2,302585 2,302585
предприятию 0,013423 0,026846
рекламы 0,013423 0,013423
внимание 0,013423 0,013423
принимать 0,013423 0,013423
алькарас 2,612740 2,612740
сможете 0,013423 0,013423
года 0,006689 0,033445
мышцам 5,010635 5,010635
держал 5,010635 5,010635
ознакомлены 0,013423 0,013423
моих 0,013423 0,026846
очень 1,678431 5,035292
предприятие 0,013423 0,013423
форрест 2,612740 2,612740
чемпионов 2,612740 2,612740
своим 2,612740 2,612740
обсуждения 0,013423 0,013423
блокировкой 0,013423 0,040269
возьму 3,218876 25,751007
