законным 0,013423 0,013423
добавил 2,931194 2,931194
лента 0,006689 0,013378
новый 0,013423 0,013423
лед 3,218876 6,437752
найти 0,013423 0,013423
основанием 0,013423 0,013423
письмо 0,013423 0,013423
спасибо 0,013423 0,013423
заблокированы 0,013423 0,013423
спорт 0,190354 0,190354
чистое 5,010635 5,010635
сфере 0,013423 0,013423
согласие 0,013423 0,026846
свидетельство 0,013423 0,013423
центр 0,190354 0,190354
доступ 0,013423 0,026846
правила 0,013423 0,026846
миа 0,013423 0,093961
взаимодействия 0,013423 0,026846
задать 0,013423 0,013423
теги 0,190354 0,190354
автору 0,013423 0,013423
попробуем 5,010635 5,010635
связаться 0,013423 0,080538
должны 0,013423 0,013423
сохранить 0,013423 0,013423
информационное 0,013423 0,040269
г 0,013423 0,026846
д 0,013423 0,026846
комментирования 0,013423 0,026846
реклама 0,190354 0,190354
фото 0,013423 0,013423
политика 0,013423 0,026846
лет 1,514128 1,514128
связь 0,006689 0,013378
льду 4,317488 4,317488
сказал 2,612740 2,612740
дронов 3,218876 12,875503
пресс 0,013423 0,026846
готово 0,013423 0,026846
применения 0,013423 0,013423
течение 0,013423 0,013423
федеральному 0,013423 0,026846
персональных 0,013423 0,107384
произошла 0,013423 0,013423
информационных 0,013423 0,013423
оно 2,302585 2,302585
размещения 0,013423 0,013423
дата 0,013423 0,013423
ваше 0,013423 0,107384
конфиденциальности 0,013423 0,053692
сайте 0,013423 0,013423
связи 0,013423 0,080538
ваши 0,013423 0,013423
заголовок 0,013423 0,026846
фио 0,013423 0,013423
восстановить 0,013423 0,013423
пожалуйста 0,013423 0,013423
процесса 0,013423 0,013423
ролик 5,010635 10,021271
адресу 0,013423 0,026846
проблему 0,013423 0,013423
ниже 0,013423 0,040269
время 0,013423 0,013423
версия 0,013423 0,013423
вопроса 0,013423 0,013423
данных 0,013423 0,107384
россия 0,006689 0,107024
поля 0,013423 0,093961
письма 0,013423 0,013423
часов 0,013423 0,026846
соглашаетесь 0,013423 0,013423
байкал 3,064725 36,776702
ранее 0,013423 0,013423
восстановления 0,013423 0,013423
главный 0,013423 0,013423
данные 0,013423 0,013423
государственному 0,013423 0,026846
провел 2,525729 2,525729
регистрации 0,013423 0,026846
разблокировать 0,013423 0,040269
город 0,013423 0,013423
вкусно 2,813411 2,813411
фотографию 0,013423 0,013423
поле 0,013423 0,013423
сайт 0,013423 0,026846
обращаем 0,013423 0,013423
отправлено 0,013423 0,013423
написать 0,013423 0,013423
новостеймолния 0,013423 0,013423
сервисы 0,190354 0,190354
зарегистрировано 0,013423 0,013423
языком 5,010635 5,010635
другое 0,013423 0,013423
туризм 0,283247 0,283247
одноклассники 0,013423 0,026846
сначала 0,013423 0,013423
поддерживаетсяполучить 0,013423 0,013423
адрес 0,013423 0,040269
соответствии 0,013423 0,026846
подписи 4,317488 4,317488
загрузите 0,013423 0,013423
представит 4,317488 4,317488
сообщения 0,013423 0,053692
показать 0,013423 0,013423
кнопку 0,013423 0,013423
коммуникаций 0,013423 0,013423
загрузить 0,013423 0,013423
направлении 0,013423 0,013423
пароль 0,013423 0,080538
замеченных 0,013423 0,013423
телефон 0,013423 0,013423
отправки 0,013423 0,013423
пароля 0,013423 0,053692
перейдите 0,013423 0,013423
унитарному 0,013423 0,026846
вход 0,013423 0,013423
продукты 0,150823 0,150823
читать 0,851752 0,851752
закрыто 0,013423 0,013423
удалено 0,013423 0,013423
обновлено 1,003302 1,003302
сколько 0,006689 0,006689
гаврилова 0,013423 0,013423
материалов 0,013423 0,040269
сообщение 0,013423 0,134230
отправлена 0,013423 0,013423
выберите 0,013423 0,040269
чате 0,013423 0,013423
старые 0,013423 0,013423
попробуйте 0,013423 0,013423
предназначено 5,010635 5,010635
расположенному 0,013423 0,026846
чату 0,013423 0,013423
родные 3,912023 3,912023
редакцией 0,013423 0,013423
видео 1,832581 1,832581
замерзший 3,401197 23,808382
защитой 0,013423 0,026846
статьи 0,013423 0,013423
учредитель 0,013423 0,013423
старше 3,624341 3,624341
рассмотрены 0,013423 0,013423
подтвердите 0,013423 0,013423
авторизация 0,013423 0,013423
религия 0,283247 0,283247
форма 0,013423 0,013423
логином 0,013423 0,013423
рейтинг 0,006689 0,006689
галочку 0,013423 0,013423
мое 0,013423 0,026846
ссылка 0,013423 0,026846
перетащите 0,013423 0,040269
материале 0,013423 0,026846
культура 0,292136 0,292136
ссылке 0,013423 0,013423
материала 0,013423 0,026846
происшествия 0,292136 0,292136
перетяните 0,013423 0,013423
ссылки 0,013423 0,013423
помочь 0,013423 0,013423
архив 0,190354 0,190354
вашего 0,013423 0,013423
паролем 0,013423 0,013423
ошибках 0,013423 0,013423
обязательны 0,013423 0,093961
способы 0,013423 0,026846
зарегистрируйтесь 0,013423 0,013423
обо 0,013423 0,013423
опубликовал 5,010635 10,021271
недвижимость 0,292136 0,292136
выпуска 0,013423 0,013423
певец 5,010635 10,021271
списка 0,013423 0,013423
формой 0,013423 0,053692
роскомнадзор 0,013423 0,013423
дискуссии 0,013423 0,026846
редактор 0,013423 0,013423
фгуп 0,499776 2,498879
блокировался 0,013423 0,013423
унитарное 0,013423 0,013423
попробовал 5,010635 5,010635
москва 0,006689 0,020067
воспользоваться 0,013423 0,013423
форму 0,013423 0,093961
тема 0,013423 0,040269
входа 0,013423 0,013423
отправленного 0,013423 0,013423
моё 0,013423 0,013423
связанные 0,013423 0,013423
рекомендательных 0,013423 0,013423
федеральное 0,013423 0,013423
данная 0,013423 0,013423
федеральной 0,013423 0,013423
обратная 0,013423 0,026846
риа 0,006689 0,066890
международное 0,013423 0,040269
проставляя 0,013423 0,013423
связанных 0,013423 0,013423
будут 0,013423 0,013423
опишите 0,013423 0,013423
заполнения 0,013423 0,093961
новостей 0,006689 0,006689
полезное 0,182322 0,182322
канале 3,624341 7,248682
политикой 0,013423 0,040269
службе 0,013423 0,013423
котором 2,931194 5,862388
релизов 0,013423 0,013423
ваших 0,013423 0,026846
обработки 0,013423 0,026846
даю 0,013423 0,026846
почты 0,013423 0,013423
обработку 0,013423 0,026846
обратной 0,013423 0,067115
подкасты 0,292136 0,292136
редакции 0,013423 0,026846
обращений 0,013423 0,013423
агентство 0,013423 0,040269
озеро 3,912023 3,912023
обработка 0,013423 0,013423
правил 0,013423 0,040269
это 0,013423 0,026846
авторизоваться 0,013423 0,013423
авторизуйтесь 0,013423 0,013423
вкус 2,120264 4,240527
агентства 0,013423 0,013423
две 2,177422 2,177422
сегодня 0,013423 0,134230
расширенный 0,013423 0,013423
описанием 0,013423 0,013423
новую 0,013423 0,013423
массовых 0,013423 0,013423
самое 2,708050 2,708050
пройдена 0,013423 0,013423
используется 0,013423 0,013423
новыесначала 0,013423 0,013423
облизал 3,401197 20,407184
зарегистрироваться 0,013423 0,053692
пожаловаться 0,013423 0,013423
заключил 3,912023 3,912023
несколько 1,752539 1,752539
лижет 5,010635 10,021271
новости 0,006689 0,073579
войти 0,013423 0,053692
шапка 0,013423 0,013423
отправить 0,013423 0,147653
продолжить 0,013423 0,013423
электронной 0,013423 0,013423
решении 0,013423 0,013423
мире 0,274437 0,548874
эл 0,013423 0,013423
воспользуйтесь 0,013423 0,040269
действия 0,013423 0,013423
участие 0,006689 0,006689
радио 0,274437 0,274437
аккаунт 0,013423 0,053692
дзен 0,851752 0,851752
экономика 0,292136 0,292136
защита 0,013423 0,013423
обсуждение 0,013423 0,013423
регистрация 0,013423 0,040269
использовать 0,013423 0,013423
опечатка 0,013423 0,013423
почему 0,013423 0,013423
использования 0,013423 0,013423
блокировки 0,013423 0,013423
восстановление 0,013423 0,040269
онлайн 0,013423 0,013423
вопросам 0,013423 0,026846
контактов 0,013423 0,013423
государственное 0,013423 0,013423
почта 0,013423 0,080538
колени 5,010635 5,010635
апреля 0,013423 0,013423
вконтакте 0,013423 0,026846
фамилия 0,013423 0,013423
спецпроекты 0,190354 0,190354
затем 1,791759 1,791759
просим 0,013423 0,013423
навсегда 0,013423 0,013423
нарушение 0,013423 0,040269
заблокирован 0,013423 0,013423
ошибку 0,013423 0,013423
нами 0,013423 0,093961
яндекс 0,013423 0,026846
защиты 0,013423 0,013423
удалили 0,013423 0,040269
либо 0,013423 0,013423
назад 0,013423 0,067115
обращения 0,013423 0,026846
вакансии 0,013423 0,013423
аккаунту 0,013423 0,013423
открываемого 0,013423 0,026846
нажимая 0,013423 0,013423
февраля 0,616186 0,616186
поиск 0,013423 0,013423
вами 0,013423 0,013423
недопустимое 0,013423 0,013423
программы 2,525729 2,525729
байкала 4,317488 8,634976
ошибка 0,013423 0,013423
артист 5,010635 5,010635
согласны 0,013423 0,040269
вопрос 0,006689 0,006689
истек 0,013423 0,013423
байкале 5,010635 10,021271
зубовский 0,013423 0,026846
подтверждаете 0,013423 0,013423
предприятию 0,013423 0,026846
рекламы 0,013423 0,013423
заполнить 0,013423 0,026846
внимание 0,013423 0,013423
принимать 0,013423 0,013423
аудитории 3,912023 3,912023
осуществляется 0,013423 0,013423
ваш 0,013423 0,053692
имя 0,013423 0,067115
другие 0,013423 0,026846
общество 0,265703 1,328516
сможете 0,013423 0,013423
марте 3,912023 3,912023
года 0,006689 0,006689
надзору 0,013423 0,013423
срок 0,013423 0,026846
издание 0,013423 0,013423
бульвар 0,013423 0,026846
ознакомлены 0,013423 0,013423
хотите 0,013423 0,013423
заполните 0,013423 0,067115
технологий 0,013423 0,026846
сетевое 0,013423 0,013423
ярослав 3,624341 14,497364
вновь 0,013423 0,013423
фев 1,399717 1,399717
сменить 0,013423 0,013423
моих 0,013423 0,026846
предприятие 0,013423 0,013423
материал 0,013423 0,013423
участвовать 0,013423 0,026846
наука 0,292136 0,292136
сообщить 0,013423 0,013423
обсуждения 0,013423 0,013423
опустившись 5,010635 5,010635
успешно 0,013423 0,013423
скриншот 0,013423 0,040269
блокировкой 0,013423 0,040269
