париж 5,010635 5,010635
особенностях 5,010635 5,010635
леонид 5,010635 5,010635
законным 0,013423 0,013423
рф 1,181994 1,181994
впечатления 3,624341 3,624341
масленица 3,064725 3,064725
новый 0,013423 0,053692
загадочные 4,317488 4,317488
найти 0,013423 0,013423
основанием 0,013423 0,013423
черкесская 5,010635 5,010635
письмо 0,013423 0,013423
спасибо 0,013423 0,013423
грибов 3,624341 3,624341
прощание 5,010635 10,021271
родион 5,010635 5,010635
приморский 5,010635 5,010635
стиль 3,912023 3,912023
пейзажи 4,317488 4,317488
лапа 5,010635 5,010635
согласие 0,013423 0,026846
центр 0,190354 0,190354
третьяковская 5,010635 5,010635
петербург 2,813411 2,813411
доступ 0,013423 0,026846
декабря 1,098612 7,690286
миа 0,013423 0,026846
густав 5,010635 5,010635
батайск 5,010635 5,010635
задать 0,013423 0,013423
теги 0,190354 0,380707
автору 0,013423 0,013423
связаться 0,013423 0,080538
александр 1,455287 4,365862
декабрь 3,624341 3,624341
венесуэле 4,317488 8,634976
должны 0,013423 0,013423
талызина 5,010635 5,010635
орловская 4,317488 4,317488
г 0,013423 0,026846
д 0,013423 0,026846
третьяковке 5,010635 5,010635
реклама 0,190354 0,190354
фото 0,013423 0,550344
политика 0,013423 0,026846
связь 0,006689 0,013378
знаменитости 5,010635 10,021271
золотая 5,010635 5,010635
сталина 4,317488 4,317488
венесуэла 3,912023 3,912023
п 3,218876 3,218876
санкт 2,525729 2,525729
стихийных 2,931194 2,931194
готово 0,013423 0,026846
удивительные 5,010635 5,010635
течение 0,013423 0,013423
умерла 3,912023 3,912023
область 1,714798 17,147984
китай 2,177422 2,177422
дэвид 5,010635 5,010635
звезд 3,912023 3,912023
информационных 0,013423 0,013423
карл 3,912023 3,912023
удары 3,064725 6,129450
земля 3,912023 3,912023
уникальное 3,624341 3,624341
каким 3,624341 3,624341
размещения 0,013423 0,013423
федоровна 5,010635 5,010635
делам 3,064725 3,064725
конфиденциальности 0,013423 0,053692
мир 1,966113 1,966113
ленинграда 3,912023 3,912023
связи 0,013423 0,080538
заголовок 0,013423 0,026846
каракас 4,317488 4,317488
камчатка 4,317488 8,634976
русский 2,931194 2,931194
процесса 0,013423 0,013423
адресу 0,013423 0,026846
проблему 0,013423 0,013423
готичная 5,010635 5,010635
время 0,013423 0,026846
данных 0,013423 0,107384
посмотреть 2,177422 6,532266
справляется 2,931194 2,931194
письма 0,013423 0,013423
часов 0,013423 0,026846
соглашаетесь 0,013423 0,013423
юнг 5,010635 5,010635
байкал 3,064725 3,064725
республика 2,612740 15,676440
ранее 0,013423 0,013423
восстановления 0,013423 0,013423
главный 0,013423 0,013423
данные 0,013423 0,013423
сахалинская 4,317488 4,317488
имени 2,371578 2,371578
разблокировать 0,013423 0,040269
город 0,013423 0,013423
гага 5,010635 10,021271
мода 3,912023 3,912023
паука 5,010635 5,010635
фотографию 0,013423 0,013423
платья 5,010635 5,010635
обращаем 0,013423 0,013423
вера 4,317488 21,587441
тройка 5,010635 10,021271
отправлено 0,013423 0,013423
написать 0,013423 0,013423
новостеймолния 0,013423 0,013423
последствия 1,966113 1,966113
галерея 5,010635 5,010635
поездов 5,010635 10,021271
одноклассники 0,013423 0,026846
сначала 0,013423 0,013423
незабываемые 5,010635 5,010635
василий 3,912023 3,912023
показать 0,013423 0,013423
кнопку 0,013423 0,013423
мороз 4,317488 4,317488
коммуникаций 0,013423 0,013423
выставка 2,525729 7,577186
рабинович 5,010635 5,010635
шиловский 5,010635 5,010635
олимпийские 2,931194 2,931194
пароль 0,013423 0,080538
ликвидируют 2,708050 2,708050
пароля 0,013423 0,053692
победе 3,624341 3,624341
последствий 2,525729 2,525729
выставки 3,624341 3,624341
подмосковье 2,371578 4,743156
перейдите 0,013423 0,013423
щедрин 5,010635 5,010635
освещение 5,010635 5,010635
спорта 2,931194 2,931194
вход 0,013423 0,013423
ирина 2,931194 2,931194
продукты 0,150823 0,150823
франца 5,010635 5,010635
последствиями 2,931194 2,931194
закрыто 0,013423 0,013423
игр 3,064725 3,064725
удалено 0,013423 0,013423
сколько 0,006689 0,006689
гаврилова 0,013423 0,013423
материалов 0,013423 0,053692
арки 4,317488 4,317488
отправлена 0,013423 0,013423
чате 0,013423 0,013423
майли 5,010635 10,021271
расположенному 0,013423 0,026846
чату 0,013423 0,013423
редакцией 0,013423 0,013423
столетия 5,010635 5,010635
жан 5,010635 5,010635
олимпийских 4,317488 4,317488
национального 3,912023 3,912023
учредитель 0,013423 0,013423
рассмотрены 0,013423 0,013423
актер 3,401197 3,401197
рождество 3,624341 7,248682
острова 3,218876 3,218876
рождества 3,912023 3,912023
обороны 2,177422 2,177422
мое 0,013423 0,026846
ссылка 0,013423 0,026846
последние 1,098612 1,098612
ссылке 0,013423 0,013423
перетяните 0,013423 0,013423
ссылки 0,013423 0,013423
масленицы 3,064725 3,064725
помочь 0,013423 0,013423
архив 0,190354 0,190354
авангард 5,010635 10,021271
мадам 5,010635 5,010635
борис 4,317488 4,317488
ошибках 0,013423 0,013423
обязательны 0,013423 0,093961
сша 1,118815 3,356445
курильские 5,010635 5,010635
фотографии 3,624341 3,624341
выпуска 0,013423 0,013423
списка 0,013423 0,013423
формой 0,013423 0,053692
освобождение 2,931194 5,862388
роскомнадзор 0,013423 0,013423
рубинштейн 5,010635 5,010635
глобусе 5,010635 5,010635
русское 3,401197 13,604790
московская 2,525729 5,051457
блокировался 0,013423 0,013423
актриса 3,624341 7,248682
москве 1,118815 6,712890
добровольская 5,010635 5,010635
москва 0,006689 0,100335
воспользоваться 0,013423 0,013423
входа 0,013423 0,013423
моё 0,013423 0,013423
сайрус 5,010635 10,021271
федеральное 0,013423 0,013423
мощного 2,813411 2,813411
джерманотта 5,010635 5,010635
федеральной 0,013423 0,013423
саха 5,010635 5,010635
новгородская 4,317488 4,317488
лучшие 1,714798 3,429597
международное 0,013423 0,040269
лос 3,401197 3,401197
будут 0,013423 0,013423
надежды 4,317488 4,317488
новостей 0,006689 0,006689
православная 2,612740 5,225480
северное 3,912023 3,912023
политикой 0,013423 0,040269
мадрид 4,317488 4,317488
обработки 0,013423 0,026846
даю 0,013423 0,026846
бардо 5,010635 10,021271
дикой 4,317488 4,317488
обработку 0,013423 0,026846
обратной 0,013423 0,067115
подкасты 0,292136 0,292136
редакции 0,013423 0,026846
обращений 0,013423 0,013423
голые 5,010635 5,010635
франциск 3,912023 3,912023
собак 5,010635 5,010635
озеро 3,912023 3,912023
обработка 0,013423 0,013423
это 0,013423 0,013423
челябинская 4,317488 4,317488
коротич 5,010635 5,010635
грэмми 5,010635 5,010635
описанием 0,013423 0,013423
новую 0,013423 0,013423
картины 3,624341 3,624341
краско 5,010635 5,010635
массовых 0,013423 0,013423
мельникова 3,912023 3,912023
ракурс 4,317488 4,317488
красивые 3,218876 6,437752
пройдена 0,013423 0,013423
лопес 5,010635 5,010635
жизнь 2,525729 2,525729
используется 0,013423 0,013423
зарегистрироваться 0,013423 0,053692
истра 5,010635 5,010635
пожаловаться 0,013423 0,013423
новости 0,006689 0,073579
войти 0,013423 0,053692
электронной 0,013423 0,013423
анджелес 3,401197 3,401197
киркоров 5,010635 5,010635
огненная 4,317488 4,317488
мире 0,274437 0,548874
эл 0,013423 0,013423
действия 0,013423 0,013423
радио 0,274437 0,274437
дженнифер 5,010635 5,010635
нина 4,317488 4,317488
защита 0,013423 0,013423
николаев 4,317488 4,317488
регистрация 0,013423 0,040269
музеи 3,401197 3,401197
почему 0,013423 0,013423
использования 0,013423 0,013423
христова 3,912023 3,912023
захватывает 4,317488 4,317488
восстановление 0,013423 0,040269
свиридов 5,010635 5,010635
вопросам 0,013423 0,026846
государственное 0,013423 0,013423
оззи 5,010635 5,010635
алентовой 5,010635 5,010635
христово 2,708050 5,416100
вконтакте 0,013423 0,026846
спецпроекты 0,190354 0,190354
просим 0,013423 0,013423
навсегда 0,013423 0,013423
нарушение 0,013423 0,040269
заблокирован 0,013423 0,013423
кеосаян 5,010635 5,010635
ошибку 0,013423 0,013423
защиты 0,013423 0,013423
назад 0,013423 0,067115
обращения 0,013423 0,026846
первый 2,014903 2,014903
игры 1,791759 1,791759
февраля 0,616186 6,161861
спасителя 3,401197 6,802395
дерзкая 5,010635 5,010635
шоубиз 3,624341 3,624341
виталий 3,624341 3,624341
ошибка 0,013423 0,013423
мхт 5,010635 5,010635
вопрос 0,006689 0,006689
зубовский 0,013423 0,026846
подтверждаете 0,013423 0,013423
кадры 3,912023 7,824046
заполнить 0,013423 0,026846
пермский 4,317488 4,317488
осуществляется 0,013423 0,013423
ваш 0,013423 0,053692
имя 0,013423 0,067115
другие 0,013423 0,026846
общество 0,265703 1,859922
надзору 0,013423 0,013423
нового 1,678431 3,356862
срок 0,013423 0,026846
издание 0,013423 0,013423
храм 3,912023 3,912023
кордова 5,010635 5,010635
бурятия 4,317488 4,317488
бульвар 0,013423 0,026846
брижит 5,010635 10,021271
хотите 0,013423 0,013423
заполните 0,013423 0,067115
отечественная 5,010635 5,010635
технологий 0,013423 0,026846
сетевое 0,013423 0,013423
катерина 5,010635 5,010635
показали 3,401197 3,401197
джастин 4,317488 4,317488
неделю 1,373049 1,373049
вновь 0,013423 0,013423
сменить 0,013423 0,013423
материал 0,013423 0,013423
участвовать 0,013423 0,026846
недвижимостьнавигатор 3,064725 3,064725
сообщить 0,013423 0,013423
самые 2,238047 6,714140
успешно 0,013423 0,013423
скриншот 0,013423 0,040269
культуры 3,218876 6,437752
лента 0,006689 0,013378
мчс 3,218876 3,218876
заблокированы 0,013423 0,013423
спорт 0,190354 0,380707
район 3,624341 7,248682
сфере 0,013423 0,013423
месяц 1,297063 1,297063
церковь 2,708050 5,416100
свидетельство 0,013423 0,013423
шоу 3,912023 3,912023
бибер 4,317488 4,317488
погода 3,401197 3,401197
правила 0,013423 0,026846
цветов 3,912023 3,912023
сияние 3,624341 3,624341
взаимодействия 0,013423 0,026846
стихии 4,317488 4,317488
попов 5,010635 5,010635
робертс 5,010635 5,010635
сохранить 0,013423 0,013423
информационное 0,013423 0,040269
министерство 2,238047 2,238047
зимние 2,813411 2,813411
вышинский 5,010635 5,010635
край 2,708050 5,416100
осборн 5,010635 5,010635
богослужение 3,912023 3,912023
комментирования 0,013423 0,026846
выборгский 5,010635 5,010635
джорджио 4,317488 4,317488
юрий 3,912023 15,648092
гражданской 2,708050 2,708050
народам 3,064725 3,064725
линч 5,010635 5,010635
пресс 0,013423 0,026846
географическое 5,010635 20,042541
россии 0,395515 3,164118
применения 0,013423 0,013423
анастасия 3,912023 3,912023
испании 4,317488 8,634976
федеральному 0,013423 0,026846
легенда 4,317488 4,317488
персональных 0,013423 0,107384
произошла 0,013423 0,013423
важное 2,525729 20,205829
кошки 5,010635 10,021271
церемония 4,317488 4,317488
дата 0,013423 0,013423
ваше 0,013423 0,107384
сайте 0,013423 0,013423
ваши 0,013423 0,013423
фио 0,013423 0,013423
восстановить 0,013423 0,013423
кирилл 1,919593 1,919593
кандинский 5,010635 5,010635
пожалуйста 0,013423 0,013423
усков 5,010635 5,010635
фестиваль 3,218876 3,218876
всеволод 5,010635 5,010635
испания 4,317488 4,317488
китайский 2,931194 2,931194
октябрьский 4,317488 4,317488
ниже 0,013423 0,040269
версия 0,013423 0,013423
вопроса 0,013423 0,013423
россия 0,006689 0,086957
поля 0,013423 0,093961
родченко 5,010635 5,010635
открытия 5,010635 5,010635
иосифа 5,010635 5,010635
блины 2,238047 2,238047
подносова 5,010635 5,010635
господне 3,401197 3,401197
января 1,160488 15,086340
государственному 0,013423 0,026846
январь 2,931194 2,931194
регистрации 0,013423 0,026846
мадуро 3,912023 3,912023
манежной 3,624341 3,624341
ситуациям 3,064725 3,064725
кчр 5,010635 5,010635
игорь 2,708050 2,708050
меняли 4,317488 4,317488
поле 0,013423 0,013423
сайт 0,013423 0,026846
сервисы 0,190354 0,190354
мурманская 3,912023 7,824046
зарегистрировано 0,013423 0,013423
другое 0,013423 0,013423
туризм 0,283247 5,098455
поддерживаетсяполучить 0,013423 0,013423
адрес 0,013423 0,040269
голубкина 5,010635 5,010635
соответствии 0,013423 0,026846
загрузите 0,013423 0,013423
двух 2,014903 2,014903
сообщения 0,013423 0,053692
загрузить 0,013423 0,013423
бергольо 3,912023 3,912023
тенякова 5,010635 5,010635
леди 5,010635 10,021271
кино 3,401197 3,401197
направлении 0,013423 0,013423
кошек 5,010635 5,010635
замеченных 0,013423 0,013423
телефон 0,013423 0,013423
отправки 0,013423 0,013423
еремин 5,010635 5,010635
унитарному 0,013423 0,026846
утраты 4,317488 4,317488
период 1,160488 1,160488
спорная 5,010635 5,010635
зураб 5,010635 5,010635
столкновение 5,010635 10,021271
лошадь 4,317488 4,317488
сообщение 0,013423 0,134230
вида 2,931194 2,931194
рго 4,317488 4,317488
тайную 3,912023 3,912023
выберите 0,013423 0,040269
старые 0,013423 0,013423
севастополь 5,010635 5,010635
попробуйте 0,013423 0,013423
мастер 3,401197 3,401197
путь 2,612740 2,612740
метель 3,912023 3,912023
защитой 0,013423 0,026846
статьи 0,013423 0,013423
война 3,912023 3,912023
подтвердите 0,013423 0,013423
авторизация 0,013423 0,013423
религия 0,283247 0,566495
форма 0,013423 0,013423
логином 0,013423 0,013423
психотипов 5,010635 5,010635
рейтинг 0,006689 0,006689
галочку 0,013423 0,013423
олег 3,912023 3,912023
перетащите 0,013423 0,040269
материале 0,013423 0,026846
культура 0,292136 4,382046
материала 0,013423 0,026846
гуляева 5,010635 5,010635
крым 4,317488 4,317488
происшествия 0,292136 0,292136
валерий 3,401197 3,401197
вашего 0,013423 0,013423
ростовская 4,317488 4,317488
снегопада 2,612740 5,225480
паролем 0,013423 0,013423
марио 3,624341 3,624341
скоростных 4,317488 4,317488
способы 0,013423 0,026846
зарегистрируйтесь 0,013423 0,013423
обо 0,013423 0,013423
недвижимость 0,292136 0,292136
ликвидации 2,813411 2,813411
дискуссии 0,013423 0,026846
красота 4,317488 8,634976
храме 3,912023 3,912023
редактор 0,013423 0,013423
церетели 5,010635 5,010635
сайфред 5,010635 5,010635
унитарное 0,013423 0,013423
христа 3,401197 6,802395
бедствий 3,064725 3,064725
форму 0,013423 0,093961
тема 0,013423 0,040269
отправленного 0,013423 0,013423
тигран 5,010635 5,010635
алтай 3,624341 3,624341
рекомендательных 0,013423 0,013423
связанные 0,013423 0,026846
абитуриентариа 2,931194 2,931194
ладожское 5,010635 5,010635
сделать 1,752539 1,752539
данная 0,013423 0,013423
обратная 0,013423 0,026846
риа 0,006689 0,026756
образы 4,317488 8,634976
сходить 2,931194 2,931194
прорыв 3,912023 3,912023
проставляя 0,013423 0,013423
связанных 0,013423 0,013423
бедрос 5,010635 5,010635
опишите 0,013423 0,013423
армани 4,317488 4,317488
заполнения 0,013423 0,093961
полезное 0,182322 0,182322
пен 5,010635 5,010635
собаки 5,010635 5,010635
встретили 3,912023 3,912023
год 0,967584 3,870336
службе 0,013423 0,013423
маскарады 4,317488 4,317488
навигаторриа 2,445686 2,445686
релизов 0,013423 0,013423
чрезвычайным 3,064725 3,064725
ваших 0,013423 0,026846
почты 0,013423 0,013423
поехать 3,624341 3,624341
николас 4,317488 4,317488
золотовицкий 5,010635 5,010635
николаевич 4,317488 4,317488
золотовицким 5,010635 5,010635
классы 5,010635 5,010635
николай 4,317488 8,634976
машков 5,010635 5,010635
наталья 2,708050 2,708050
митта 5,010635 5,010635
празднование 3,218876 12,875503
рождественское 5,010635 5,010635
николая 3,624341 3,624341
агентство 0,013423 0,040269
мирошниченко 5,010635 5,010635
ингушетия 5,010635 5,010635
правил 0,013423 0,040269
которых 1,966113 1,966113
ле 5,010635 5,010635
крещения 3,912023 3,912023
авторизоваться 0,013423 0,013423
авторизуйтесь 0,013423 0,013423
валентина 3,624341 3,624341
агентства 0,013423 0,013423
сегодня 0,013423 0,080538
расширенный 0,013423 0,013423
роман 3,401197 3,401197
зуев 5,010635 5,010635
блокады 3,912023 3,912023
новыесначала 0,013423 0,013423
игорем 5,010635 5,010635
иван 3,624341 7,248682
крещение 4,317488 4,317488
многоликая 5,010635 5,010635
шапка 0,013423 0,013423
отправить 0,013423 0,147653
продолжить 0,013423 0,013423
справки 1,875141 1,875141
джулия 5,010635 5,010635
решении 0,013423 0,013423
дух 3,912023 3,912023
александра 2,612740 2,612740
евгения 3,624341 3,624341
казимир 5,010635 5,010635
необычные 2,238047 4,476093
воспользуйтесь 0,013423 0,040269
участие 0,006689 0,006689
мари 5,010635 5,010635
аккаунт 0,013423 0,053692
экономика 0,292136 0,292136
микроскопом 5,010635 5,010635
обсуждение 0,013423 0,013423
стефани 5,010635 5,010635
использовать 0,013423 0,013423
опечатка 0,013423 0,013423
алентова 4,317488 21,587441
золотом 5,010635 5,010635
снегопад 2,708050 5,416100
блокировки 0,013423 0,013423
онлайн 0,013423 0,013423
контактов 0,013423 0,013423
почта 0,013423 0,080538
григорович 5,010635 5,010635
историю 2,371578 2,371578
апреля 0,013423 0,013423
великая 5,010635 5,010635
фамилия 0,013423 0,013423
природы 4,317488 8,634976
евгений 2,302585 2,302585
разбили 4,317488 4,317488
владимирская 5,010635 5,010635
чехова 5,010635 5,010635
нами 0,013423 0,093961
яндекс 0,013423 0,026846
светлана 2,813411 2,813411
русская 2,177422 8,709688
удалили 0,013423 0,040269
владимир 1,373049 2,746098
либо 0,013423 0,013423
вакансии 0,013423 0,013423
праздники 1,791759 1,791759
аккаунту 0,013423 0,013423
аманда 4,317488 4,317488
открываемого 0,013423 0,026846
хорхе 3,912023 3,912023
нажимая 0,013423 0,013423
верой 4,317488 4,317488
якутия 4,317488 4,317488
поиск 0,013423 0,013423
вами 0,013423 0,013423
стриженов 5,010635 5,010635
недопустимое 0,013423 0,013423
юхананов 5,010635 5,010635
симонов 5,010635 5,010635
кошарики 5,010635 5,010635
согласны 0,013423 0,040269
истек 0,013423 0,013423
лариса 4,317488 4,317488
бьет 2,931194 2,931194
предприятию 0,013423 0,026846
рекламы 0,013423 0,013423
внимание 0,013423 0,013423
принимать 0,013423 0,013423
хороводы 5,010635 5,010635
ленинград 3,624341 3,624341
соц 2,371578 2,371578
сможете 0,013423 0,013423
карачаево 5,010635 5,010635
года 0,006689 0,033445
рекорды 2,813411 2,813411
ознакомлены 0,013423 0,013423
зима 3,218876 3,218876
яркие 2,813411 2,813411
гришковец 5,010635 5,010635
моих 0,013423 0,026846
предприятие 0,013423 0,013423
малевич 5,010635 5,010635
наука 0,292136 0,292136
обсуждения 0,013423 0,013423
бриллианты 4,317488 4,317488
блокировкой 0,013423 0,040269
