锌芯写褋邪薪泻褑懈芯薪薪褘屑 5,010635 5,010635
蟹邪泻芯薪薪褘屑 0,013423 0,013423
蟹邪泻芯薪薪褘泄 3,912023 3,912023
芯斜械褋泻褉芯胁懈胁 5,010635 5,010635
薪芯胁褘泄 0,013423 0,013423
写械薪褜 1,203973 1,203973
薪邪泄褌懈 0,013423 0,013423
芯褋薪芯胁邪薪懈械屑 0,013423 0,026846
褋谢褍卸懈褌褜 4,317488 4,317488
锌懈褋褜屑芯 0,013423 0,013423
褎懈薪褋泻懈褏 5,010635 5,010635
褋锌邪褋懈斜芯 0,013423 0,013423
褋芯胁械褌薪懈泻 4,317488 4,317488
褋褌褍斜斜 5,010635 10,021271
褋褍写邪褏 5,010635 5,010635
褑械谢芯屑 3,401197 3,401197
褋锌械褑懈邪谢褜薪褘械 3,218876 3,218876
褋芯斜褋褌胁械薪薪懈泻 4,317488 4,317488
褋芯谐谢邪褋懈械 0,013423 0,026846
褑械薪褌褉 0,190354 0,190354
褎懈薪褋泻懈械 5,010635 5,010635
屑械薪械械 2,177422 2,177422
写芯褋褌褍锌 0,013423 0,026846
锌芯泄褌懈 3,401197 6,802395
写芯谢卸薪芯 2,708050 2,708050
屑懈邪 0,013423 0,093961
蟹邪写邪褌褜 0,013423 0,013423
褌械谐懈 0,190354 0,190354
褌邪泻懈屑 2,525729 2,525729
邪胁褌芯褉褍 0,013423 0,013423
锌芯泻褍锌邪褌械谢械泄 4,317488 4,317488
薪械谐褉邪卸写邪薪 5,010635 5,010635
褋胁褟蟹邪褌褜褋褟 0,013423 0,080538
写械褋褟褌懈谢械褌懈褟 4,317488 4,317488
邪谢械泻褋邪薪写褉 1,455287 2,910574
褋芯芯斜褖懈谢 2,445686 2,445686
褌芯泻褋懈褔薪褘屑懈 5,010635 5,010635
褌邪泻懈褏 2,371578 2,371578
写芯谢卸薪褘 0,013423 0,013423
谐 0,013423 0,026846
写 0,013423 0,026846
泻邪锌懈褌邪谢邪 3,624341 3,624341
褉械泻谢邪屑邪 0,190354 0,190354
褎芯褌芯 0,013423 0,013423
邪薪芯屑邪谢褜薪芯 3,912023 3,912023
锌芯谢懈褌懈泻邪 0,013423 0,026846
泻芯薪褋褌懈褌褍褑懈褟屑懈 5,010635 5,010635
褋胁褟蟹褜 0,006689 0,013378
褉械邪谢懈蟹芯胁褘胁邪褌褜 5,010635 5,010635
邪写胁芯泻邪褌褋泻芯谐芯 5,010635 5,010635
胁褘泻褍锌 5,010635 5,010635
胁械褉芯褟褌薪芯褋褌褜 4,317488 4,317488
褋谢芯卸薪芯褋褌懈 2,813411 2,813411
锌芯斜芯褉芯褌褜褋褟 4,317488 4,317488
谐芯褌芯胁芯 0,013423 0,026846
械胁褉芯锌械泄褋泻芯泄 2,238047 2,238047
褋褍写 2,066196 8,264785
褌械褔械薪懈械 0,013423 0,013423
卸懈谢褘 5,010635 5,010635
懈薪褎芯褉屑邪褑懈芯薪薪褘褏 0,013423 0,013423
胁谢邪写械谢械褑 3,912023 3,912023
褉邪蟹屑械褖械薪懈褟 0,013423 0,013423
芯褋薪芯胁薪褘褏 2,445686 2,445686
锌芯褉 2,708050 2,708050
泻芯薪褎懈写械薪褑懈邪谢褜薪芯褋褌懈 0,013423 0,053692
褌懈褌褍谢褜薪褘泄 5,010635 5,010635
褋胁褟蟹懈 0,013423 0,080538
胁芯蟹屑芯卸械薪 4,317488 4,317488
蟹邪谐芯谢芯胁芯泻 0,013423 0,026846
褉邪蟹褉械褕懈褌械谢褜薪褘泄 5,010635 5,010635
褕邪谐 1,875141 3,750282
谢懈褕懈谢邪褋褜 5,010635 5,010635
褉芯褋褋懈褟薪邪屑懈 5,010635 5,010635
锌褉芯褑械褋褋邪 0,013423 0,013423
邪写褉械褋褍 0,013423 0,026846
芯泻芯薪褔邪褌械谢褜薪芯 2,813411 2,813411
锌褉芯斜谢械屑褍 0,013423 0,013423
胁褉械屑褟 0,013423 0,013423
芯褌屑械褔邪械褌 1,966113 1,966113
斜械褋锌褉械褑械写械薪褌薪褘泄 5,010635 10,021271
写邪薪薪褘褏 0,013423 0,107384
泻芯屑锌谢邪械薪褋 5,010635 5,010635
泻邪卸写芯屑 3,401197 3,401197
褋芯蟹写邪胁邪褌褜 3,624341 3,624341
锌褉邪泻褌懈泻懈 3,401197 3,401197
薪邪褑懈芯薪邪谢褜薪芯泄 2,931194 8,793581
锌懈褋褜屑邪 0,013423 0,013423
械褝蟹 5,010635 5,010635
褔邪褋芯胁 0,013423 0,026846
褋芯谐谢邪褕邪械褌械褋褜 0,013423 0,013423
褏芯褌褟褌 2,813411 2,813411
褋械褉褜械蟹薪芯 3,912023 3,912023
胁芯褋褋褌邪薪芯胁谢械薪懈褟 0,013423 0,013423
褉邪薪械械 0,013423 0,026846
谐谢邪胁薪褘泄 0,013423 0,013423
褋懈褌褍邪褑懈褟 3,218876 3,218876
写邪薪薪褘械 0,013423 0,013423
锌褉懈写械褌褋褟 2,813411 5,626821
褉械卸懈屑 2,931194 2,931194
褌邪泻卸械 1,139434 1,139434
褋褌褉褍泻褌褍褉褘 4,317488 4,317488
褉械锌褍褌邪褑懈芯薪薪褘泄 5,010635 5,010635
褋写械谢泻褍 3,912023 3,912023
褉邪蟹斜谢芯泻懈褉芯胁邪褌褜 0,013423 0,040269
谐芯褉芯写 0,013423 0,013423
锌褉械卸写械 3,218876 3,218876
褎芯褌芯谐褉邪褎懈褞 0,013423 0,013423
芯斜褉邪褖邪械屑 0,013423 0,013423
胁锌褉邪胁械 3,218876 3,218876
芯斜胁懈薪懈谢邪 4,317488 4,317488
芯斜芯褉芯薪薪褘褏 5,010635 5,010635
芯褌锌褉邪胁谢械薪芯 0,013423 0,013423
薪邪锌懈褋邪褌褜 0,013423 0,013423
薪芯胁芯褋褌械泄屑芯谢薪懈褟 0,013423 0,013423
锌芯褋谢械写褋褌胁懈褟 1,966113 3,932226
芯写薪芯泻谢邪褋褋薪懈泻懈 0,013423 0,026846
褋薪邪褔邪谢邪 0,013423 0,013423
锌邪薪懈泻褍 5,010635 5,010635
谢懈褑 2,302585 2,302585
褌褉械斜芯胁邪褌褜 3,624341 3,624341
锌芯泻邪蟹邪褌褜 0,013423 0,013423
泻薪芯锌泻褍 0,013423 0,013423
泻芯屑屑褍薪懈泻邪褑懈泄 0,013423 0,013423
锌褉械褑械写械薪褌芯胁 5,010635 5,010635
锌邪褉芯谢褜 0,013423 0,080538
锌邪褉芯谢褟 0,013423 0,053692
褎谢邪谐懈 3,912023 7,824046
芯写薪邪泻芯 1,966113 1,966113
褎芯褉屑邪谢褜薪芯 3,624341 3,624341
锌械褉械泄写懈褌械 0,013423 0,013423
褑斜 2,931194 2,931194
蟹邪褉褍斜械卸薪褘褏 5,010635 5,010635
胁褏芯写 0,013423 0,013423
谐芯褌芯胁褘 2,813411 5,626821
锌褉芯写褍泻褌褘 0,150823 0,150823
褔懈褌邪褌褜 0,851752 0,851752
蟹邪泻褉褘褌芯 0,013423 0,013423
褍写邪谢械薪芯 0,013423 0,013423
懈褋泻芯胁 3,912023 3,912023
屑褍薪懈褑懈锌邪谢懈褌械褌褘 5,010635 5,010635
褋泻芯谢褜泻芯 0,006689 0,006689
谐邪胁褉懈谢芯胁邪 0,013423 0,013423
屑邪褌械褉懈邪谢芯胁 0,013423 0,040269
芯褌锌褉邪胁谢械薪邪 0,013423 0,013423
芯褌褌芯谢泻薪褍褌 5,010635 5,010635
褔邪褌械 0,013423 0,013423
斜邪蟹邪 3,912023 3,912023
薪械锌褉芯褋褌褘屑 5,010635 5,010635
褉邪褋锌芯谢芯卸械薪薪芯屑褍 0,013423 0,026846
褔邪褌褍 0,013423 0,013423
褉械写邪泻褑懈械泄 0,013423 0,013423
锌褉懈蟹薪邪褞褌 4,317488 4,317488
懈屑械褌褜 3,401197 3,401197
褎懈褉屑褘 5,010635 5,010635
锌褉芯胁芯写褟褖械屑褍 5,010635 5,010635
斜邪薪泻褍 3,624341 3,624341
蟹邪褖懈褖械薪邪 5,010635 5,010635
屑械褉械 3,401197 3,401197
薪邪褑懈芯薪邪谢褜薪芯谐芯 3,912023 3,912023
褋褋褘谢邪褞褌褋褟 5,010635 5,010635
锌芯褋褌褉邪写邪胁褕邪褟 5,010635 5,010635
褍褔褉械写懈褌械谢褜 0,013423 0,013423
褉邪褋褋屑芯褌褉械薪褘 0,013423 0,013423
芯斜褗褟褋薪褟械褌 3,218876 3,218876
褋褌褉邪薪邪褏 3,064725 3,064725
芯斜芯褉芯薪褘 2,177422 2,177422
屑芯械 0,013423 0,026846
褋褋褘谢泻邪 0,013423 0,026846
褋褌芯褉芯薪邪 3,912023 3,912023
谐芯胁芯褉懈褌 2,014903 4,029806
锌芯褋谢械写薪懈械 1,098612 1,098612
褋褋褘谢泻械 0,013423 0,013423
锌械褉械褌褟薪懈褌械 0,013423 0,013423
褋褋褘谢泻懈 0,013423 0,013423
锌芯屑芯褔褜 0,013423 0,013423
邪褉褏懈胁 0,190354 0,190354
褝泻芯薪芯屑懈褔械褋泻褍褞 3,912023 3,912023
芯褕懈斜泻邪褏 0,013423 0,013423
芯斜褟蟹邪褌械谢褜薪褘 0,013423 0,093961
谢懈泻胁懈写薪芯褋褌褜 5,010635 5,010635
蟹邪屑芯褉芯蟹泻邪 5,010635 5,010635
薪械锌褉懈泻芯褋薪芯胁械薪薪芯褋褌懈 5,010635 5,010635
谢懈褕邪褞褌 5,010635 5,010635
懈薪褌械褉械褋邪褏 3,401197 3,401197
泻芯屑锌械薪褋邪褑懈懈 3,624341 7,248682
胁褘锌褍褋泻邪 0,013423 0,013423
芯锌邪褋邪褌褜褋褟 5,010635 5,010635
褋锌懈褋泻邪 0,013423 0,013423
褎芯褉屑芯泄 0,013423 0,053692
褉芯褋泻芯屑薪邪写蟹芯褉 0,013423 0,013423
胁褘锌芯谢薪懈屑芯 5,010635 5,010635
褋芯斜褋褌胁械薪薪芯褋褌褜 3,401197 23,808382
懈褞谢械 3,624341 3,624341
斜谢芯泻懈褉芯胁邪谢褋褟 0,013423 0,013423
薪邪褉褍褕懈褌褜 5,010635 10,021271
写芯胁械褉褕械薪懈械 5,010635 5,010635
懈褋泻谢褞褔械薪芯 3,912023 3,912023
屑芯褋泻胁邪 0,006689 0,020067
胁芯褋锌芯谢褜蟹芯胁邪褌褜褋褟 0,013423 0,013423
薪邪写械卸写邪 3,624341 3,624341
胁褏芯写邪 0,013423 0,013423
泻褍蟹薪械褑芯胁邪 3,912023 7,824046
胁胁械谢 5,010635 5,010635
屑芯褢 0,013423 0,013423
褎械写械褉邪谢褜薪芯械 0,013423 0,013423
褉懈褋泻褍械褌 5,010635 5,010635
褋芯芯褌胁械褌褋褌胁褍褞褖械谐芯 3,401197 3,401197
褎械写械褉邪谢褜薪芯泄 0,013423 0,013423
褋芯斜谢褞写械薪懈械 5,010635 5,010635
懈蟹褗褟褌懈褟 5,010635 5,010635
锌邪胁械谢 2,238047 4,476093
屑械卸写褍薪邪褉芯写薪芯械 0,013423 0,040269
褏褟泻泻褟薪械薪 5,010635 5,010635
斜褍写褍褌 0,013423 0,013423
薪芯胁芯褋褌械泄 0,006689 0,006689
褎芯褌芯谐褉邪褎懈褉褍械褌 4,317488 8,634976
锌芯写芯斜薪褘械 4,317488 4,317488
锌褍斜谢懈褔薪褘泄 5,010635 5,010635
蟹芯薪褍 4,317488 4,317488
锌芯谢懈褌懈泻芯泄 0,013423 0,040269
斜械谢芯褉褍褋邪屑懈 5,010635 5,010635
芯斜褉邪斜芯褌泻懈 0,013423 0,026846
写邪褞 0,013423 0,026846
锌械褉械泄褌懈 1,203973 2,407946
锌褉懈胁谢械泻邪褌械谢褜薪芯褋褌褜 4,317488 4,317488
薪褍卸薪褘 3,064725 3,064725
褔邪褋褌薪懈泻懈 5,010635 5,010635
芯斜褉邪斜芯褌泻褍 0,013423 0,026846
谢褞斜褘械 3,624341 3,624341
懈薪褌械褉械褋 3,218876 3,218876
胁褘泻褍锌邪褌褜 5,010635 5,010635
芯斜褉邪褌薪芯泄 0,013423 0,067115
锌芯写泻邪褋褌褘 0,292136 0,292136
褉械写邪泻褑懈懈 0,013423 0,026846
卸械褋褌泻懈屑懈 4,317488 4,317488
芯斜褉邪褖械薪懈泄 0,013423 0,013423
胁褘锌芯谢薪械薪懈械屑 5,010635 5,010635
褍谐褉芯蟹褍 3,624341 7,248682
芯斜褉邪斜芯褌泻邪 0,013423 0,013423
褝褌芯 0,013423 0,067115
蟹邪泻芯薪 2,813411 5,626821
蟹邪锌褉械褌懈谢懈 4,317488 4,317488
谢懈褕懈胁 5,010635 10,021271
薪械胁褘褋芯泻芯泄 5,010635 5,010635
屑械褉邪屑懈 5,010635 5,010635
芯锌懈褋邪薪懈械屑 0,013423 0,013423
薪芯胁褍褞 0,013423 0,013423
屑邪褋褋芯胁褘褏 0,013423 0,013423
锌褉芯泄写械薪邪 0,013423 0,013423
胁械褉薪懈褌械 3,401197 20,407184
褋写械谢泻懈 3,912023 11,736069
褞褉懈写懈褔械褋泻芯泄 3,401197 3,401197
懈褋锌芯谢褜蟹褍械褌褋褟 0,013423 0,013423
蟹邪褉械谐懈褋褌褉懈褉芯胁邪褌褜褋褟 0,013423 0,053692
褋芯谐谢邪褕邪械褌褋褟 4,317488 4,317488
谐褉邪卸写邪薪邪屑懈 5,010635 5,010635
锌芯卸邪谢芯胁邪褌褜褋褟 0,013423 0,013423
褋芯斜褋褌胁械薪薪芯褋褌懈 3,401197 17,005987
薪芯胁芯褋褌懈 0,006689 0,093646
胁芯泄褌懈 0,013423 0,053692
褝谢械泻褌褉芯薪薪芯泄 0,013423 0,013423
褎懈薪谢褟薪写懈褟 3,401197 37,413171
锌械褉械锌褍谐褍 5,010635 5,010635
写芯泻邪蟹邪薪薪褘泄 5,010635 5,010635
屑懈褉械 0,274437 1,097747
屑懈褉械褎懈薪谢褟薪写懈褟褉芯褋褋懈褟斜械谢芯褉褍褋褋懈褟械胁褉芯褋芯褞蟹械胁褉芯锌械泄褋泻懈泄 5,010635 5,010635
褝谢 0,013423 0,013423
写械泄褋褌胁懈褟 0,013423 0,040269
褉邪写懈芯 0,274437 0,274437
写蟹械薪 0,851752 0,851752
蟹邪褖懈褌邪 0,013423 0,013423
褉械谐懈褋褌褉邪褑懈褟 0,013423 0,040269
写芯褋褌褍锌邪 3,401197 3,401197
褉懈褋泻懈 3,401197 13,604790
锌芯褔械屑褍 0,013423 0,026846
懈褋锌芯谢褜蟹芯胁邪薪懈褟 0,013423 0,013423
胁屑械褕邪褌械谢褜褋褌胁芯 4,317488 4,317488
胁芯褋褋褌邪薪芯胁谢械薪懈械 0,013423 0,040269
芯褑械薪泻邪屑 3,912023 3,912023
胁芯锌褉芯褋邪屑 0,013423 0,026846
谐芯褋褍写邪褉褋褌胁械薪薪芯械 0,013423 0,013423
芯斜芯褋薪芯胁邪薪懈褟 5,010635 5,010635
芯斜褗械泻褌 3,912023 3,912023
斜械谢芯褉褍褋褋懈褟 3,624341 14,497364
胁泻芯薪褌邪泻褌械 0,013423 0,026846
褋锌械褑锌褉芯械泻褌褘 0,190354 0,190354
锌褉芯褋懈屑 0,013423 0,013423
薪邪胁褋械谐写邪 0,013423 0,013423
薪邪褉褍褕械薪懈械 0,013423 0,040269
蟹邪斜谢芯泻懈褉芯胁邪薪 0,013423 0,013423
懈褋褌褑邪 5,010635 5,010635
芯褕懈斜泻褍 0,013423 0,013423
蟹邪褖懈褌褘 0,013423 0,013423
芯泻邪卸械褌褋褟 4,317488 4,317488
薪邪蟹邪写 0,013423 0,067115
懈薪胁械褋褌芯褉褘 5,010635 5,010635
褎懈薪谢褟薪写懈懈 3,624341 21,746046
芯斜褉邪褖械薪懈褟 0,013423 0,026846
褝泻褋锌械褉褌褘 2,612740 2,612740
褎械胁褉邪谢褟 0,616186 1,232372
锌褉懈芯斜褉械褌械薪薪芯械 5,010635 5,010635
褏邪褉褌懈械泄 5,010635 5,010635
芯褕懈斜泻邪 0,013423 0,013423
锌芯泻褍锌邪褌械谢褟屑 5,010635 10,021271
褌褟卸斜 5,010635 5,010635
褔邪褋褌薪芯泄 3,624341 10,873023
胁芯锌褉芯褋 0,006689 0,006689
蟹褍斜芯胁褋泻懈泄 0,013423 0,026846
锌芯写褌胁械褉卸写邪械褌械 0,013423 0,013423
蟹邪锌芯谢薪懈褌褜 0,013423 0,026846
褉邪蟹屑械褉 2,813411 2,813411
芯褋褍褖械褋褌胁谢褟械褌褋褟 0,013423 0,013423
胁邪褕 0,013423 0,053692
懈屑褟 0,013423 0,067115
写褉褍谐懈械 0,013423 0,026846
芯斜褖械褋褌胁芯 0,265703 0,265703
褋褌邪褉褕懈泄 3,912023 3,912023
薪邪写蟹芯褉褍 0,013423 0,013423
褋褉芯泻 0,013423 0,026846
懈蟹写邪薪懈械 0,013423 0,013423
斜褍谢褜胁邪褉 0,013423 0,026846
屑邪褋褋芯胁芯 4,317488 4,317488
褏芯褌懈褌械 0,013423 0,013423
蟹邪锌芯谢薪懈褌械 0,013423 0,067115
褌械褏薪芯谢芯谐懈泄 0,013423 0,026846
褋械褌械胁芯械 0,013423 0,013423
胁薪芯胁褜 0,013423 0,013423
褎械胁 1,399717 1,399717
褋屑械薪懈褌褜 0,013423 0,013423
屑邪褌械褉懈邪谢 0,013423 0,013423
褋褌芯懈褌 1,714798 1,714798
褍褔邪褋褌胁芯胁邪褌褜 0,013423 0,026846
褋芯芯斜褖懈褌褜 0,013423 0,013423
芯斜褉邪蟹芯屑 2,302585 2,302585
械胁褉芯锌械泄褋泻懈泄 5,010635 15,031906
褋谢邪斜褘 5,010635 5,010635
褍褋锌械褕薪芯 0,013423 0,013423
褋泻褉懈薪褕芯褌 0,013423 0,040269
谢械薪褌邪 0,006689 0,013378
邪褉械褋褌 3,218876 3,218876
蟹邪泻芯薪邪 3,064725 3,064725
懈褋泻谢褞褔械薪懈泄 5,010635 5,010635
蟹邪斜谢芯泻懈褉芯胁邪薪褘 0,013423 0,013423
褋锌芯褉褌 0,190354 0,190354
蟹邪褖懈褌懈褌褜褋褟 5,010635 5,010635
褋褎械褉械 0,013423 0,013423
褋胁褟蟹邪薪 4,317488 4,317488
褍褌芯褔薪褟械褌 2,708050 2,708050
褋胁懈写械褌械谢褜褋褌胁芯 0,013423 0,013423
褏械谢褜褋懈薪泻懈 5,010635 15,031906
锌褉邪胁懈谢邪 0,013423 0,026846
褍胁械褉械薪邪 5,010635 5,010635
胁蟹邪懈屑芯写械泄褋褌胁懈褟 0,013423 0,026846
褋邪屑褍 5,010635 5,010635
褋邪屑芯 4,317488 4,317488
褋褋褘谢泻芯泄 5,010635 5,010635
谐谢邪胁邪 2,612740 2,612740
褋芯褏褉邪薪懈褌褜 0,013423 0,013423
懈薪褎芯褉屑邪褑懈芯薪薪芯械 0,013423 0,040269
泻芯屑屑械薪褌懈褉芯胁邪薪懈褟 0,013423 0,026846
芯褋褌邪褞褌褋褟 3,624341 3,624341
锌褉械褋褋 0,013423 0,026846
褉芯褋褋懈懈 0,395515 0,791030
锌褉懈屑械薪械薪懈褟 0,013423 0,013423
胁械谢懈泻 5,010635 5,010635
褋褍写械斜薪褘褏 3,064725 3,064725
锌褉邪胁邪褏 4,317488 4,317488
褎械写械褉邪谢褜薪芯屑褍 0,013423 0,026846
锌芯写芯褉胁褍褌 5,010635 5,010635
锌械褉褋芯薪邪谢褜薪褘褏 0,013423 0,107384
锌褉芯懈蟹芯褕谢邪 0,013423 0,013423
锌褉邪胁邪屑 3,912023 15,648092
写邪褌邪 0,013423 0,013423
胁邪褕械 0,013423 0,107384
褋邪泄褌械 0,013423 0,013423
锌芯谢薪芯泄 3,624341 3,624341
胁邪褕懈 0,013423 0,013423
芯褔械褉械写褜 2,238047 2,238047
褎懈芯 0,013423 0,013423
胁芯褋褋褌邪薪芯胁懈褌褜 0,013423 0,013423
锌褉芯锌芯褉褑懈芯薪邪谢褜薪芯褋褌懈 5,010635 5,010635
锌芯卸邪谢褍泄褋褌邪 0,013423 0,013423
褍谐褉芯蟹芯泄 5,010635 10,021271
褉械褔褜 3,218876 3,218876
褔械谢芯胁械泻邪 2,177422 8,709688
芯斜芯泄褌懈褋褜 4,317488 4,317488
薪懈卸械 0,013423 0,040269
胁械褉褋懈褟 0,013423 0,013423
锌褉械写褍褋屑邪褌褉懈胁邪械褌 4,317488 4,317488
胁芯锌褉芯褋邪 0,013423 0,026846
褋邪屑屑懈褌械 3,624341 7,248682
泻芯屑锌械褌械薪褌薪芯谐芯 5,010635 5,010635
懈薪胁械褋褌懈褑懈芯薪薪褘泄 5,010635 5,010635
褉芯褋褋懈褟 0,006689 0,107024
谐芯 2,177422 2,177422
褉芯褋褋懈褞 2,302585 4,605170
芯褌薪褟褌褜 5,010635 5,010635
锌褉芯褋褌芯泄 2,120264 4,240527
锌芯谢褟 0,013423 0,093961
械褋锌褔 5,010635 30,063812
薪邪褑斜械蟹芯锌邪褋薪芯褋褌懈 4,317488 8,634976
锌械褉械褉邪褋锌褉械写械谢械薪懈褟 4,317488 4,317488
谐芯褋褍写邪褉褋褌胁械薪薪芯屑褍 0,013423 0,026846
芯褉谐邪薪邪 3,624341 3,624341
褝泻褋锌褉芯锌褉懈邪褑懈懈 5,010635 10,021271
褉械谐懈褋褌褉邪褑懈懈 0,013423 0,026846
锌褉懈薪褍写懈褌械谢褜薪褘泄 5,010635 5,010635
锌芯谢械 0,013423 0,013423
褋邪泄褌 0,013423 0,026846
褋械褉胁懈褋褘 0,190354 0,190354
蟹邪褉械谐懈褋褌褉懈褉芯胁邪薪芯 0,013423 0,013423
写褉褍谐芯械 0,013423 0,013423
褌褍褉懈蟹屑 0,283247 0,283247
写芯斜邪胁谢褟褞褌 3,064725 3,064725
锌芯写写械褉卸懈胁邪械褌褋褟锌芯谢褍褔懈褌褜 0,013423 0,013423
邪写褉械褋 0,013423 0,040269
褋芯芯褌胁械褌褋褌胁懈懈 0,013423 0,026846
蟹邪谐褉褍蟹懈褌械 0,013423 0,013423
褋芯芯斜褖械薪懈褟 0,013423 0,053692
蟹邪谐褉褍蟹懈褌褜 0,013423 0,013423
械胁褉芯 4,317488 4,317488
泻褉懈褌械褉懈泄 4,317488 4,317488
薪邪锌褉邪胁谢械薪懈懈 0,013423 0,013423
蟹邪屑械褔械薪薪褘褏 0,013423 0,013423
褌械谢械褎芯薪 0,013423 0,013423
芯褌锌褉邪胁泻懈 0,013423 0,013423
芯斜卸邪谢芯胁邪褌褜 4,317488 4,317488
褋芯斜懈褉邪褞褌褋褟 3,218876 3,218876
谐谢芯斜邪谢褜薪芯谐芯 3,624341 3,624341
锌芯泻邪 1,919593 1,919593
械褋 2,445686 14,674116
褍薪懈褌邪褉薪芯屑褍 0,013423 0,026846
胁懈写褍 3,624341 3,624341
芯斜薪芯胁谢械薪芯 1,003302 1,003302
薪械谢械谐懈褌懈屑械薪 5,010635 5,010635
褋芯芯斜褖械薪懈械 0,013423 0,134230
胁褘斜械褉懈褌械 0,013423 0,040269
褋褌邪褉褘械 0,013423 0,013423
锌芯锌褉芯斜褍泄褌械 0,013423 0,013423
泻芯薪泻褉械褌薪芯屑 5,010635 5,010635
泻芯薪泻褉械褌薪芯泄 5,010635 5,010635
泻芯薪褎懈褋泻邪褑懈懈 5,010635 10,021271
泻芯薪褋褌懈褌褍褑懈褟 5,010635 5,010635
锌芯谢褜蟹褍 3,064725 3,064725
褝泻褋锌械褉褌 1,678431 1,678431
褋芯斜谢褞写邪谢褋褟 5,010635 5,010635
蟹邪褖懈褌芯泄 0,013423 0,026846
褋褌邪褌褜懈 0,013423 0,013423
锌芯写褌胁械褉写懈褌械 0,013423 0,013423
邪胁褌芯褉懈蟹邪褑懈褟 0,013423 0,013423
褉械谢懈谐懈褟 0,283247 0,283247
褎芯褉屑邪 0,013423 0,013423
谢芯谐懈薪芯屑 0,013423 0,013423
褉械泄褌懈薪谐 0,006689 0,006689
谐邪谢芯褔泻褍 0,013423 0,013423
写芯褋褌邪褌芯褔薪芯褋褌褜 5,010635 5,010635
写芯屑 2,302585 4,605170
锌邪褋锌芯褉褌褍 5,010635 5,010635
锌械褉械褌邪褖懈褌械 0,013423 0,040269
锌褉芯褑械写褍褉褍 3,218876 3,218876
泻芯薪褎懈褋泻邪褑懈褞 5,010635 5,010635
屑邪褌械褉懈邪谢械 0,013423 0,040269
泻褍谢褜褌褍褉邪 0,292136 0,292136
胁泻谢褞褔邪褟 2,525729 2,525729
屑械写懈邪斜邪薪泻写械褉械胁褟薪薪褘泄 5,010635 5,010635
屑邪褌械褉懈邪谢邪 0,013423 0,026846
锌褉芯懈褋褕械褋褌胁懈褟 0,292136 0,292136
胁邪褕械谐芯 0,013423 0,013423
写芯锌褍褋泻邪械褌 5,010635 5,010635
锌邪褉芯谢械屑 0,013423 0,013423
薪邪褌芯 2,612740 10,450960
褋褌褉褍泻褌褍褉懈褉芯胁邪薪懈褟 5,010635 5,010635
褌褘褋褟褔 2,238047 4,476093
褟褋薪芯 4,317488 4,317488
锌褉邪胁芯胁邪褟 5,010635 5,010635
械胁褉芯褋芯褞蟹 2,931194 11,724775
锌褉懈薪褑懈锌 3,912023 7,824046
褋锌芯褋芯斜褘 0,013423 0,026846
薪邪褑懈芯薪邪谢褜薪褘屑懈 5,010635 5,010635
蟹邪褉械谐懈褋褌褉懈褉褍泄褌械褋褜 0,013423 0,013423
芯斜芯 0,013423 0,013423
薪械写胁懈卸懈屑芯褋褌褜 0,292136 0,584273
谐褍褋械胁 4,317488 17,269952
斜褞褉芯 3,624341 3,624341
写懈褋泻褍褋褋懈懈 0,013423 0,026846
褉械写邪泻褌芯褉 0,013423 0,013423
锌芯蟹胁芯谢褟械褌 2,445686 2,445686
褎谐褍锌 0,499776 2,498879
褍薪懈褌邪褉薪芯械 0,013423 0,013423
泻芯薪胁械薪褑懈械泄 5,010635 5,010635
械胁褉芯锌械泄褋泻褍褞 5,010635 5,010635
褎芯褉屑褍 0,013423 0,093961
褏邪屑懈薪褋泻懈泄 5,010635 10,021271
写械褉械胁褟薪薪褘泄 5,010635 5,010635
锌谢邪薪 2,371578 4,743156
褌械屑邪 0,013423 0,040269
褋褍褖械褋褌胁褍褞褖邪褟 5,010635 5,010635
锌褉械写锌褉懈薪褟褌褜 3,912023 3,912023
芯褌锌褉邪胁谢械薪薪芯谐芯 0,013423 0,013423
褋懈褏 2,931194 2,931194
褋胁褟蟹邪薪薪褘械 0,013423 0,013423
褉械泻芯屑械薪写邪褌械谢褜薪褘褏 0,013423 0,013423
褉械械褋褌褉械 5,010635 5,010635
褑械谢械泄 2,931194 2,931194
写邪薪薪邪褟 0,013423 0,013423
褋锌褉邪胁械写谢懈胁芯褋褌褜 5,010635 5,010635
芯斜褉邪褌薪邪褟 0,013423 0,026846
胁褏芯写褟褖懈褏 4,317488 4,317488
褉懈邪 0,006689 0,086957
芯斜械褖邪械褌 5,010635 5,010635
锌芯褌褉械斜褍褞褌 5,010635 5,010635
锌褉邪胁芯 2,525729 5,051457
锌褉芯褋褌邪胁谢褟褟 0,013423 0,013423
褋胁褟蟹邪薪薪褘褏 0,013423 0,013423
芯锌懈褕懈褌械 0,013423 0,013423
芯斜褗械泻褌芯胁 3,624341 7,248682
蟹邪锌芯谢薪械薪懈褟 0,013423 0,093961
褉褟写邪 4,317488 4,317488
薪械写胁懈卸懈屑芯褋褌懈 3,912023 19,560115
褉芯褋褋懈褟薪 1,919593 15,356743
锌芯谢械蟹薪芯械 0,182322 0,182322
芯褋锌邪褉懈胁邪褌褜 5,010635 5,010635
褋谢褍卸斜械 0,013423 0,013423
屑械写懈邪斜邪薪泻 1,321756 1,321756
褝褋褌芯薪懈褟 5,010635 5,010635
薪褞邪薪褋 3,912023 7,824046
褉械谢懈蟹芯胁 0,013423 0,013423
芯斜褉邪褌懈褌褜褋褟 2,612740 2,612740
芯斜褗械泻褌褘 4,317488 4,317488
胁邪褕懈褏 0,013423 0,026846
屑懈薪懈褋褌褉 3,401197 3,401197
邪薪写褉械泄 2,445686 2,445686
锌芯褔褌褘 0,013423 0,013423
芯泻褌褟斜褉褟 1,832581 1,832581
褍褌褉邪褌邪 5,010635 5,010635
锌褉械写谢芯谐芯屑 4,317488 8,634976
芯褋锌邪褉懈胁邪薪懈械屑 5,010635 5,010635
懈写械褌 2,445686 2,445686
邪谐械薪褌褋褌胁芯 0,013423 0,040269
薪邪锌褉懈屑械褉 1,714798 1,714798
褏褟泻泻褟薪械薪邪 5,010635 5,010635
锌褉邪胁懈谢 0,013423 0,040269
邪胁褌芯褉懈蟹芯胁邪褌褜褋褟 0,013423 0,013423
邪胁褌芯褉懈蟹褍泄褌械褋褜 0,013423 0,013423
褉褘薪芯褔薪芯泄 5,010635 5,010635
锌芯谢懈褌懈褔械褋泻懈泄 5,010635 5,010635
邪谐械薪褌褋褌胁邪 0,013423 0,013423
褋械谐芯写薪褟 0,013423 0,134230
褋谢褍褔邪械 1,714798 1,714798
锌褉械蟹懈写械薪褌 2,238047 2,238047
褉邪褋褕懈褉械薪薪褘泄 0,013423 0,013423
褉芯屑邪薪 3,401197 3,401197
褋屑懈 2,177422 2,177422
锌谢褞褋 3,912023 3,912023
褍泻邪蟹褘胁邪械褌 3,218876 3,218876
褋褌褉邪薪褘 2,014903 2,014903
薪芯胁褘械褋薪邪褔邪谢邪 0,013423 0,013423
褋邪褉邪锌懈薪邪 5,010635 5,010635
褝泻芯薪芯屑懈泻褍 3,624341 3,624341
芯斜械褋锌械褔械薪懈褟 2,813411 5,626821
褕邪锌泻邪 0,013423 0,013423
褞谢懈褟 3,912023 3,912023
谐芯褋褍写邪褉褋褌胁芯 3,064725 3,064725
芯褌锌褉邪胁懈褌褜 0,013423 0,147653
锌褉芯写芯谢卸懈褌褜 0,013423 0,013423
锌芯懈褋泻邪褌褜 5,010635 5,010635
褌褟卸械谢邪褟 5,010635 5,010635
褉械褕械薪懈械 1,791759 3,583519
褉械褕械薪懈懈 0,013423 0,013423
胁芯蟹薪懈泻薪褍褌 4,317488 4,317488
芯斜芯褋薪芯胁邪薪芯 5,010635 5,010635
褋邪薪泻褑懈芯薪薪褘泄 5,010635 5,010635
胁芯褋锌芯谢褜蟹褍泄褌械褋褜 0,013423 0,040269
谐芯褋褍写邪褉褋褌胁褍 3,912023 3,912023
褍褔邪褋褌懈械 0,006689 0,006689
邪泻泻邪褍薪褌 0,013423 0,053692
褝泻芯薪芯屑懈泻邪 0,292136 0,292136
芯斜褋褍卸写械薪懈械 0,013423 0,013423
褉邪蟹褉械褕械薪懈泄 5,010635 5,010635
懈褋锌芯谢褜蟹芯胁邪褌褜 0,013423 0,013423
芯锌械褔邪褌泻邪 0,013423 0,013423
谐芯褋褍写邪褉褋褌胁 3,624341 3,624341
斜谢芯泻懈褉芯胁泻懈 0,013423 0,013423
芯薪谢邪泄薪 0,013423 0,013423
蟹芯谢芯褌芯泄 3,624341 3,624341
锌芯谢褍褔懈褌褋褟 2,813411 2,813411
薪邪蟹褘胁邪褞褌 3,624341 3,624341
谢懈褑芯屑 3,401197 3,401197
泻芯薪褌邪泻褌芯胁 0,013423 0,013423
褋芯胁械褉褕械薪薪褘械 5,010635 5,010635
锌芯褔褌邪 0,013423 0,080538
芯斜械褋锌械褔械薪懈械 3,624341 3,624341
邪锌褉械谢褟 0,013423 0,013423
蟹邪泻谢褞褔邪褌褜 5,010635 5,010635
褎邪屑懈谢懈褟 0,013423 0,013423
锌芯写褔械褉泻懈胁邪械褌 3,064725 6,129450
薪邪屑懈 0,013423 0,093961
褟薪写械泻褋 0,013423 0,026846
褍写邪谢懈谢懈 0,013423 0,040269
谢懈斜芯 0,013423 0,013423
锌芯写薪褟谢懈 5,010635 5,010635
胁邪泻邪薪褋懈懈 0,013423 0,013423
邪泻泻邪褍薪褌褍 0,013423 0,013423
芯褌泻褉褘胁邪械屑芯谐芯 0,013423 0,026846
褌械褏薪懈褔械褋泻懈 3,912023 3,912023
写芯泻邪蟹褘胁邪褌褜 5,010635 5,010635
斜械蟹芯锌邪褋薪芯褋褌懈 2,177422 10,887110
薪邪卸懈屑邪褟 0,013423 0,013423
屑褍卸褔懈薪邪 3,401197 3,401197
锌芯懈褋泻 0,013423 0,013423
胁邪屑懈 0,013423 0,013423
薪械写芯锌褍褋褌懈屑芯械 0,013423 0,013423
褍褋谢芯胁懈泄 3,064725 3,064725
邪泻褌懈胁芯胁 4,317488 4,317488
褌褘褋褟褔懈 2,931194 2,931194
褋芯谐谢邪褋薪褘 0,013423 0,040269
邪薪褌褌懈 5,010635 5,010635
懈褋褌械泻 0,013423 0,013423
锌械褉械褋屑芯褌褉褟褌 4,317488 4,317488
锌褉械写锌褉懈褟褌懈褞 0,013423 0,026846
褉械泻谢邪屑褘 0,013423 0,013423
锌芯褉褟写泻邪 3,218876 3,218876
胁薪懈屑邪薪懈械 0,013423 0,013423
锌褉懈薪懈屑邪褌褜 0,013423 0,013423
谐褉邪卸写邪薪褋褌胁芯屑 5,010635 5,010635
褋屑芯卸械褌械 0,013423 0,013423
谐芯写邪 0,006689 0,006689
邪泻褌懈胁芯屑 5,010635 5,010635
泻褉邪泄薪械泄 3,912023 3,912023
芯蟹薪邪泻芯屑谢械薪褘 0,013423 0,013423
懈薪胁械褋褌芯褉芯胁 5,010635 5,010635
褉懈褋泻 3,624341 3,624341
锌邪褉褌薪械褉 4,317488 4,317488
屑芯懈褏 0,013423 0,026846
谢褜胁芯胁 5,010635 10,021271
锌褉械写锌褉懈褟褌懈械 0,013423 0,013423
屑懈谢谢懈芯薪 4,317488 4,317488
薪邪褍泻邪 0,292136 0,292136
锌芯写褋邪薪泻褑懈芯薪薪褘褏 5,010635 5,010635
芯斜褋褍卸写械薪懈褟 0,013423 0,013423
褔邪褋褌薪芯谐芯 4,317488 4,317488
薪懈泻邪泻 3,064725 3,064725
芯褌斜懈褉邪械褌 3,401197 20,407184
斜谢芯泻懈褉芯胁泻芯泄 0,013423 0,040269
