законным 0,013423 0,013423
банду 2,708050 2,708050
новый 0,013423 0,013423
найти 0,013423 0,013423
основанием 0,013423 0,013423
письмо 0,013423 0,013423
спасибо 0,013423 0,013423
возвращается 3,624341 3,624341
согласие 0,013423 0,026846
центр 0,190354 0,190354
удар 3,064725 3,064725
доступ 0,013423 0,026846
декабря 1,098612 9,887511
миа 0,013423 0,026846
задать 0,013423 0,013423
теги 0,190354 0,190354
автору 0,013423 0,013423
политику 3,912023 3,912023
связаться 0,013423 0,080538
должны 0,013423 0,013423
пусть 3,912023 3,912023
г 0,013423 0,026846
д 0,013423 0,026846
реклама 0,190354 0,190354
фото 0,013423 0,013423
политика 0,013423 0,026846
связь 0,006689 0,013378
дружба 4,317488 4,317488
макрон 3,912023 3,912023
вашингтоне 3,218876 3,218876
готово 0,013423 0,026846
течение 0,013423 0,013423
китай 2,177422 2,177422
автора 2,931194 2,931194
информационных 0,013423 0,013423
денег 2,708050 2,708050
размещения 0,013423 0,013423
конфиденциальности 0,013423 0,053692
связи 0,013423 0,080538
заголовок 0,013423 0,026846
обмануть 5,010635 5,010635
большую 3,064725 3,064725
дело 1,919593 1,919593
процесса 0,013423 0,013423
адресу 0,013423 0,026846
окончательно 2,813411 2,813411
проблему 0,013423 0,013423
деле 2,612740 2,612740
время 0,013423 0,026846
данных 0,013423 0,107384
письма 0,013423 0,013423
часов 0,013423 0,026846
соглашаетесь 0,013423 0,013423
ранее 0,013423 0,013423
восстановления 0,013423 0,013423
главный 0,013423 0,013423
народом 5,010635 5,010635
данные 0,013423 0,013423
эпштейна 3,064725 3,064725
разблокировать 0,013423 0,040269
город 0,013423 0,013423
фотографию 0,013423 0,013423
дмитрий 1,643339 3,286679
обращаем 0,013423 0,013423
отправлено 0,013423 0,013423
написать 0,013423 0,013423
новостеймолния 0,013423 0,013423
одноклассники 0,013423 0,026846
сначала 0,013423 0,013423
украину 2,612740 2,612740
публикации 2,238047 2,238047
украины 1,832581 1,832581
нашла 4,317488 4,317488
показать 0,013423 0,013423
простому 5,010635 5,010635
кнопку 0,013423 0,013423
коммуникаций 0,013423 0,013423
пароль 0,013423 0,080538
пароля 0,013423 0,053692
боится 4,317488 4,317488
сербией 5,010635 5,010635
перейдите 0,013423 0,013423
счет 2,445686 2,445686
вход 0,013423 0,013423
продукты 0,150823 0,150823
закрыто 0,013423 0,013423
удалено 0,013423 0,013423
сколько 0,006689 0,006689
гаврилова 0,013423 0,013423
материалов 0,013423 0,053692
отправлена 0,013423 0,013423
чате 0,013423 0,013423
потерял 3,401197 3,401197
расположенному 0,013423 0,026846
чату 0,013423 0,013423
редакцией 0,013423 0,013423
японии 3,912023 3,912023
нескольким 4,317488 4,317488
предложил 3,624341 3,624341
учредитель 0,013423 0,013423
рассмотрены 0,013423 0,013423
выход 3,912023 3,912023
бавырин 3,218876 6,437752
мое 0,013423 0,026846
ссылка 0,013423 0,026846
последние 1,098612 1,098612
дорогой 3,912023 3,912023
решил 2,813411 2,813411
ссылке 0,013423 0,013423
поумнее 2,708050 2,708050
перетяните 0,013423 0,013423
ссылки 0,013423 0,013423
помочь 0,013423 0,013423
архив 0,190354 0,190354
британии 4,317488 4,317488
ошибках 0,013423 0,013423
обязательны 0,013423 0,093961
сша 1,118815 2,237630
выпуска 0,013423 0,013423
списка 0,013423 0,013423
формой 0,013423 0,053692
роскомнадзор 0,013423 0,013423
самая 2,177422 2,177422
голландцы 5,010635 5,010635
придумала 4,317488 4,317488
блокировался 0,013423 0,013423
номер 2,708050 2,708050
москва 0,006689 0,013378
воспользоваться 0,013423 0,013423
входа 0,013423 0,013423
моё 0,013423 0,013423
федеральное 0,013423 0,013423
федеральной 0,013423 0,013423
проиграл 4,317488 4,317488
враг 3,912023 3,912023
международное 0,013423 0,040269
деньги 2,445686 2,445686
будут 0,013423 0,013423
новостей 0,006689 0,006689
ноября 1,714798 3,429597
политикой 0,013423 0,040269
обработки 0,013423 0,026846
даю 0,013423 0,026846
смертельную 5,010635 5,010635
обработку 0,013423 0,026846
обратной 0,013423 0,067115
подкасты 0,292136 0,292136
редакции 0,013423 0,026846
обращений 0,013423 0,013423
обработка 0,013423 0,013423
это 0,013423 0,013423
отпущения 4,317488 4,317488
народу 4,317488 4,317488
обзоры 2,525729 2,525729
вашингтон 2,445686 2,445686
описанием 0,013423 0,013423
новую 0,013423 0,013423
массовых 0,013423 0,013423
пройдена 0,013423 0,013423
используется 0,013423 0,013423
зарегистрироваться 0,013423 0,053692
пожаловаться 0,013423 0,013423
новости 0,006689 0,013378
войти 0,013423 0,053692
электронной 0,013423 0,013423
козла 5,010635 5,010635
дальше 3,624341 3,624341
мире 0,274437 0,274437
эл 0,013423 0,013423
действия 0,013423 0,013423
раскололи 2,612740 2,612740
радио 0,274437 0,274437
защита 0,013423 0,013423
регистрация 0,013423 0,040269
новом 3,218876 3,218876
почему 0,013423 0,013423
особым 3,912023 3,912023
использования 0,013423 0,013423
восстановление 0,013423 0,040269
вопросам 0,013423 0,026846
государственное 0,013423 0,013423
вконтакте 0,013423 0,026846
спецпроекты 0,190354 0,190354
просим 0,013423 0,013423
власть 3,912023 3,912023
навсегда 0,013423 0,013423
нарушение 0,013423 0,040269
заблокирован 0,013423 0,013423
ошибку 0,013423 0,013423
защиты 0,013423 0,013423
назад 0,013423 0,067115
обращения 0,013423 0,026846
февраля 0,616186 2,464745
главного 3,401197 3,401197
трампа 2,238047 8,952186
ошибка 0,013423 0,013423
германии 3,064725 3,064725
нашел 5,010635 5,010635
вопрос 0,006689 0,006689
зубовский 0,013423 0,026846
подтверждаете 0,013423 0,013423
заполнить 0,013423 0,026846
осуществляется 0,013423 0,013423
ваш 0,013423 0,053692
имя 0,013423 0,067115
другие 0,013423 0,026846
общество 0,265703 0,265703
надзору 0,013423 0,013423
нового 1,678431 1,678431
срок 0,013423 0,026846
издание 0,013423 0,013423
бульвар 0,013423 0,026846
событий 2,177422 2,177422
хотите 0,013423 0,013423
заполните 0,013423 0,067115
технологий 0,013423 0,026846
сетевое 0,013423 0,013423
неделю 1,373049 1,373049
вновь 0,013423 0,013423
сменить 0,013423 0,013423
материал 0,013423 0,013423
участвовать 0,013423 0,026846
сообщить 0,013423 0,013423
образом 2,302585 2,302585
жертвой 4,317488 4,317488
успешно 0,013423 0,013423
скриншот 0,013423 0,040269
зеленского 2,177422 2,177422
мягкое 3,912023 3,912023
лента 0,006689 0,013378
заблокированы 0,013423 0,013423
спорт 0,190354 0,190354
сфере 0,013423 0,013423
переговорах 2,177422 2,177422
думает 5,010635 5,010635
месяц 1,297063 1,297063
свидетельство 0,013423 0,013423
правила 0,013423 0,026846
взаимодействия 0,013423 0,026846
сохранить 0,013423 0,013423
информационное 0,013423 0,040269
комментирования 0,013423 0,026846
стала 2,813411 2,813411
остановите 5,010635 5,010635
народам 3,064725 3,064725
взятку 5,010635 5,010635
спасена 5,010635 5,010635
пресс 0,013423 0,026846
болезненный 4,317488 4,317488
россии 0,395515 1,582059
применения 0,013423 0,013423
предательства 5,010635 5,010635
федеральному 0,013423 0,026846
персональных 0,013423 0,107384
произошла 0,013423 0,013423
женщина 2,813411 2,813411
дата 0,013423 0,013423
ваше 0,013423 0,107384
сайте 0,013423 0,013423
ваши 0,013423 0,013423
дате 2,525729 5,051457
фио 0,013423 0,013423
чуда 4,317488 4,317488
восстановить 0,013423 0,013423
смертельный 5,010635 5,010635
пожалуйста 0,013423 0,013423
ниже 0,013423 0,040269
версия 0,013423 0,013423
вопроса 0,013423 0,013423
россия 0,006689 0,046823
поля 0,013423 0,093961
января 1,160488 4,641951
государственному 0,013423 0,026846
канцлер 3,624341 3,624341
регистрации 0,013423 0,026846
мудрая 5,010635 5,010635
поле 0,013423 0,013423
сайт 0,013423 0,026846
нанес 4,317488 4,317488
сервисы 0,190354 0,190354
зарегистрировано 0,013423 0,013423
дотянуть 5,010635 5,010635
другое 0,013423 0,013423
туризм 0,283247 0,283247
поддерживаетсяполучить 0,013423 0,013423
адрес 0,013423 0,040269
соответствии 0,013423 0,026846
зеленский 2,066196 6,198589
зря 4,317488 4,317488
загрузите 0,013423 0,013423
сообщения 0,013423 0,053692
европа 2,371578 2,371578
загрузить 0,013423 0,013423
направлении 0,013423 0,013423
замеченных 0,013423 0,013423
телефон 0,013423 0,013423
отправки 0,013423 0,013423
унитарному 0,013423 0,026846
период 1,160488 1,160488
поцелуй 4,317488 4,317488
сообщение 0,013423 0,134230
выберите 0,013423 0,040269
старые 0,013423 0,013423
попробуйте 0,013423 0,013423
материалы 1,643339 1,643339
защитой 0,013423 0,026846
статьи 0,013423 0,013423
подтвердите 0,013423 0,013423
авторизация 0,013423 0,013423
религия 0,283247 0,283247
форма 0,013423 0,013423
логином 0,013423 0,013423
рейтинг 0,006689 0,006689
галочку 0,013423 0,013423
россией 2,931194 2,931194
перетащите 0,013423 0,040269
материале 0,013423 0,026846
альтернативу 5,010635 5,010635
культура 0,292136 0,292136
материала 0,013423 0,026846
происшествия 0,292136 0,292136
вашего 0,013423 0,013423
получше 4,317488 4,317488
паролем 0,013423 0,013423
нато 2,612740 2,612740
добей 5,010635 5,010635
популярности 2,813411 2,813411
способы 0,013423 0,026846
зарегистрируйтесь 0,013423 0,013423
обо 0,013423 0,013423
недвижимость 0,292136 0,292136
дискуссии 0,013423 0,026846
молодежь 3,912023 3,912023
великолепной 5,010635 5,010635
редактор 0,013423 0,013423
унитарное 0,013423 0,013423
семерке 5,010635 5,010635
форму 0,013423 0,093961
тема 0,013423 0,040269
иуды 3,912023 3,912023
отправленного 0,013423 0,013423
дошел 5,010635 5,010635
связанные 0,013423 0,013423
рекомендательных 0,013423 0,013423
проиграла 4,317488 4,317488
сделать 1,752539 1,752539
данная 0,013423 0,013423
обратная 0,013423 0,026846
риа 0,006689 0,013378
проставляя 0,013423 0,013423
связанных 0,013423 0,013423
опишите 0,013423 0,013423
переговоры 2,177422 2,177422
заполнения 0,013423 0,093961
полезное 0,182322 0,182322
год 0,967584 0,967584
службе 0,013423 0,013423
релизов 0,013423 0,013423
будущем 2,931194 2,931194
ваших 0,013423 0,026846
почты 0,013423 0,013423
трамп 1,609438 3,218876
урсула 5,010635 5,010635
агентство 0,013423 0,040269
правил 0,013423 0,040269
проговорился 5,010635 5,010635
авторизоваться 0,013423 0,013423
авторизуйтесь 0,013423 0,013423
страх 3,401197 3,401197
немецкая 5,010635 5,010635
агентства 0,013423 0,013423
сегодня 0,013423 0,067115
расширенный 0,013423 0,013423
сразу 1,832581 1,832581
президентов 5,010635 5,010635
америка 3,912023 3,912023
мерца 5,010635 5,010635
жить 4,317488 4,317488
новыесначала 0,013423 0,013423
шапка 0,013423 0,013423
место 1,832581 1,832581
отправить 0,013423 0,147653
продолжить 0,013423 0,013423
решении 0,013423 0,013423
битву 5,010635 10,021271
воспользуйтесь 0,013423 0,040269
участие 0,006689 0,006689
аккаунт 0,013423 0,053692
экономика 0,292136 0,292136
обсуждение 0,013423 0,013423
использовать 0,013423 0,013423
опечатка 0,013423 0,013423
выбор 2,813411 2,813411
блокировки 0,013423 0,013423
ценой 3,912023 3,912023
онлайн 0,013423 0,013423
контактов 0,013423 0,013423
почта 0,013423 0,080538
гнева 5,010635 5,010635
апреля 0,013423 0,013423
киев 2,302585 2,302585
фамилия 0,013423 0,013423
нами 0,013423 0,093961
яндекс 0,013423 0,026846
удалили 0,013423 0,040269
либо 0,013423 0,013423
отдадут 4,317488 4,317488
вакансии 0,013423 0,013423
доигрался 3,912023 3,912023
аккаунту 0,013423 0,013423
открываемого 0,013423 0,026846
нажимая 0,013423 0,013423
поиск 0,013423 0,013423
вами 0,013423 0,013423
недопустимое 0,013423 0,013423
году 1,139434 1,139434
исторический 3,912023 3,912023
согласны 0,013423 0,040269
истек 0,013423 0,013423
лагеря 2,612740 2,612740
предприятию 0,013423 0,026846
рекламы 0,013423 0,013423
хочет 2,120264 2,120264
внимание 0,013423 0,013423
принимать 0,013423 0,013423
поддержали 4,317488 4,317488
сможете 0,013423 0,013423
года 0,006689 0,006689
прикрылся 5,010635 5,010635
ознакомлены 0,013423 0,013423
доделать 5,010635 5,010635
моих 0,013423 0,026846
предприятие 0,013423 0,013423
способ 2,612740 2,612740
наука 0,292136 0,292136
обсуждения 0,013423 0,013423
предстоит 3,401197 3,401197
блокировкой 0,013423 0,040269
