законным 0,013423 0,013423
найти 0,013423 0,013423
основанием 0,013423 0,013423
письмо 0,013423 0,013423
спасибо 0,013423 0,013423
стал 2,120264 2,120264
санкцию 5,010635 10,021271
разнообразными 5,010635 5,010635
заявил 1,427116 2,854233
мужчинам 5,010635 5,010635
согласие 0,013423 0,026846
центр 0,190354 0,190354
декабря 1,098612 1,098612
связаться 0,013423 0,080538
самих 4,317488 4,317488
те 2,813411 2,813411
реклама 0,190354 0,190354
вашингтона 3,218876 3,218876
фото 0,013423 0,013423
связь 0,006689 0,013378
готово 0,013423 0,026846
информационных 0,013423 0,013423
назвал 1,875141 1,875141
размещения 0,013423 0,013423
конфиденциальности 0,013423 0,053692
связи 0,013423 0,080538
запад 2,302585 2,302585
заголовок 0,013423 0,026846
процесса 0,013423 0,013423
женщинам 3,912023 7,824046
адресу 0,013423 0,026846
проблему 0,013423 0,013423
данных 0,013423 0,107384
называть 3,401197 3,401197
трансгендерные 5,010635 5,010635
письма 0,013423 0,013423
книжки 5,010635 5,010635
дела 3,401197 3,401197
крови 3,912023 3,912023
часов 0,013423 0,026846
соглашаетесь 0,013423 0,013423
трансгендерным 5,010635 5,010635
филадельфия 5,010635 5,010635
главный 0,013423 0,013423
данные 0,013423 0,013423
трансгендерных 5,010635 5,010635
иной 3,401197 3,401197
создали 3,624341 3,624341
понятен 5,010635 5,010635
эпштейна 3,064725 3,064725
отрастит 5,010635 5,010635
фотографию 0,013423 0,013423
отправлено 0,013423 0,013423
лактацию 5,010635 5,010635
сначала 0,013423 0,013423
степень 4,317488 4,317488
летальное 5,010635 5,010635
родить 5,010635 5,010635
пытали 5,010635 5,010635
филадельфии 5,010635 5,010635
уничтожение 3,912023 7,824046
перейдите 0,013423 0,013423
фаллопиевых 5,010635 5,010635
радуги 5,010635 5,010635
гинеколог 5,010635 5,010635
еврокомиссия 5,010635 20,042541
закрыто 0,013423 0,013423
сколько 0,006689 0,006689
материалов 0,013423 0,040269
могут 1,643339 3,286679
отправлена 0,013423 0,013423
психикой 5,010635 5,010635
отказывается 3,912023 3,912023
медики 4,317488 4,317488
уничтожения 4,317488 4,317488
чате 0,013423 0,013423
постепенно 2,931194 2,931194
метафора 5,010635 5,010635
чату 0,013423 0,013423
редакцией 0,013423 0,013423
рассмотрены 0,013423 0,013423
убоялись 5,010635 5,010635
вовсе 3,624341 3,624341
перетяните 0,013423 0,013423
архив 0,190354 0,190354
экстремистским 5,010635 5,010635
труб 5,010635 5,010635
движу 5,010635 5,010635
ошибках 0,013423 0,013423
многодесятилетним 5,010635 5,010635
повесточки 5,010635 5,010635
заменить 3,218876 3,218876
выпуска 0,013423 0,013423
списка 0,013423 0,013423
формой 0,013423 0,053692
записанное 5,010635 5,010635
повторить 3,401197 3,401197
поврежденной 5,010635 5,010635
европарламент 5,010635 30,063812
женщинами 4,317488 4,317488
федеральное 0,013423 0,013423
дороже 4,317488 4,317488
иллюстрацией 5,010635 5,010635
федеральной 0,013423 0,013423
международное 0,013423 0,040269
постарше 4,317488 4,317488
будут 0,013423 0,040269
новостей 0,006689 0,006689
ноября 1,714798 1,714798
кавычек 5,010635 5,010635
разум 5,010635 5,010635
наоборот 3,401197 6,802395
красивых 4,317488 4,317488
нужно 1,455287 1,455287
украинских 3,401197 3,401197
обратной 0,013423 0,067115
подкасты 0,292136 0,292136
красного 3,401197 3,401197
печально 5,010635 5,010635
свобод 3,912023 3,912023
афера 5,010635 5,010635
отправляли 5,010635 5,010635
западное 4,317488 4,317488
вашингтон 2,445686 7,337058
описанием 0,013423 0,013423
используется 0,013423 0,013423
глубокое 5,010635 5,010635
неравноправие 5,010635 5,010635
европейские 5,010635 5,010635
лент 4,317488 4,317488
володин 5,010635 25,053176
вырастанию 5,010635 5,010635
мире 0,274437 1,372184
эл 0,013423 0,013423
отмену 4,317488 4,317488
точно 2,612740 2,612740
дзен 0,851752 0,851752
ухода 4,317488 4,317488
почему 0,013423 0,013423
подумать 4,317488 4,317488
власти 2,525729 2,525729
вопросам 0,013423 0,026846
уходу 5,010635 5,010635
отделены 5,010635 5,010635
вмешательства 4,317488 4,317488
вконтакте 0,013423 0,026846
трансгендеров 5,010635 5,010635
навсегда 0,013423 0,013423
нарушение 0,013423 0,040269
улицы 4,317488 4,317488
душка 5,010635 5,010635
принимает 3,624341 3,624341
назад 0,013423 0,067115
медийка 5,010635 5,010635
карьеру 3,912023 3,912023
состояние 3,401197 3,401197
счастью 4,317488 4,317488
зло 5,010635 5,010635
аналитика 2,177422 4,354844
помахиванием 5,010635 5,010635
нашем 3,912023 3,912023
зубовский 0,013423 0,026846
никто 2,813411 5,626821
заполнить 0,013423 0,026846
невинным 5,010635 5,010635
осуществляется 0,013423 0,013423
малейшему 5,010635 5,010635
другие 0,013423 0,026846
общество 0,265703 0,265703
стратегию 5,010635 5,010635
ориентации 4,317488 4,317488
социуму 5,010635 5,010635
веществами 4,317488 4,317488
надзору 0,013423 0,013423
псевдофеминистками 5,010635 5,010635
мазоха 5,010635 5,010635
издание 0,013423 0,013423
бульвар 0,013423 0,026846
хотите 0,013423 0,013423
заполните 0,013423 0,067115
сетевое 0,013423 0,013423
поспособствует 5,010635 5,010635
европейских 3,624341 3,624341
вновь 0,013423 0,013423
сменить 0,013423 0,013423
дебаты 5,010635 5,010635
участвовать 0,013423 0,026846
сообщить 0,013423 0,013423
социального 3,218876 3,218876
запрещено 3,912023 3,912023
скриншот 0,013423 0,040269
расчетливо 5,010635 5,010635
запрещенными 5,010635 5,010635
спорт 0,190354 0,190354
образованию 5,010635 5,010635
взаимодействия 0,013423 0,026846
ассигнований 5,010635 5,010635
сохранить 0,013423 0,013423
сделали 3,064725 3,064725
информационное 0,013423 0,040269
смысле 4,317488 4,317488
пожелает 5,010635 5,010635
мальчиков 5,010635 5,010635
вошел 2,813411 2,813411
лишат 5,010635 5,010635
федеральному 0,013423 0,026846
плоти 5,010635 5,010635
поможет 2,525729 2,525729
мужской 5,010635 15,031906
полной 3,624341 3,624341
женщины 3,064725 3,064725
беда 4,317488 4,317488
фио 0,013423 0,013423
собирались 5,010635 5,010635
образование 3,401197 3,401197
пожалуйста 0,013423 0,013423
очередную 4,317488 4,317488
клубах 4,317488 4,317488
человека 2,177422 2,177422
дышит 5,010635 5,010635
ниже 0,013423 0,040269
версия 0,013423 0,013423
поля 0,013423 0,093961
гинеколога 5,010635 5,010635
подозрению 3,624341 3,624341
обычно 2,813411 2,813411
придурков 5,010635 5,010635
безумия 5,010635 5,010635
европы 2,238047 2,238047
гинекологу 5,010635 5,010635
государственному 0,013423 0,026846
густой 3,624341 3,624341
массовую 5,010635 5,010635
назвать 3,912023 3,912023
вячеслав 5,010635 20,042541
элгэбэтэшного 5,010635 5,010635
европе 2,238047 2,238047
долю 4,317488 4,317488
поле 0,013423 0,013423
пола 5,010635 5,010635
стажем 5,010635 5,010635
гендерной 5,010635 5,010635
зарегистрировано 0,013423 0,013423
гендерное 5,010635 5,010635
туризм 0,283247 0,283247
адрес 0,013423 0,040269
соответствии 0,013423 0,026846
загрузите 0,013423 0,013423
принесла 5,010635 5,010635
ведьм 5,010635 5,010635
сообщения 0,013423 0,053692
европа 2,371578 9,486312
загрузить 0,013423 0,013423
норм 5,010635 5,010635
никакому 5,010635 5,010635
направлении 0,013423 0,013423
замеченных 0,013423 0,013423
телефон 0,013423 0,013423
эмоций 5,010635 5,010635
казны 5,010635 5,010635
методички 5,010635 5,010635
пока 1,919593 3,839186
беременности 4,317488 4,317488
матки 5,010635 10,021271
операционного 5,010635 5,010635
сообщение 0,013423 0,134230
вида 2,931194 5,862388
старые 0,013423 0,013423
дисфорией 5,010635 5,010635
попробуйте 0,013423 0,013423
заступился 5,010635 5,010635
материалы 1,643339 1,643339
скрыта 4,317488 4,317488
статьи 0,013423 0,013423
подтвердите 0,013423 0,013423
перетащите 0,013423 0,040269
материале 0,013423 0,026846
культура 0,292136 0,292136
материала 0,013423 0,026846
происшествия 0,292136 0,292136
вашего 0,013423 0,013423
паролем 0,013423 0,013423
набор 3,624341 7,248682
означающее 5,010635 5,010635
врача 2,813411 2,813411
зарегистрируйтесь 0,013423 0,013423
обо 0,013423 0,013423
положения 4,317488 4,317488
определяет 3,912023 3,912023
широко 3,401197 3,401197
редактор 0,013423 0,013423
чувств 5,010635 5,010635
пропуском 5,010635 5,010635
фгуп 0,499776 1,499327
получить 1,752539 1,752539
настала 5,010635 5,010635
исключительно 2,708050 2,708050
жесткой 4,317488 4,317488
переходов 5,010635 5,010635
отправленного 0,013423 0,013423
связанные 0,013423 0,013423
сделать 1,752539 1,752539
удостоенная 5,010635 5,010635
обратная 0,013423 0,026846
риа 0,006689 0,060201
чтением 5,010635 5,010635
адвокат 3,401197 3,401197
ноль 5,010635 5,010635
связанных 0,013423 0,013423
опишите 0,013423 0,013423
тепло 5,010635 5,010635
почты 0,013423 0,013423
трамп 1,609438 1,609438
стремительно 5,010635 5,010635
сочувствующего 5,010635 5,010635
агентство 0,013423 0,040269
форпосты 5,010635 5,010635
гетеро 5,010635 5,010635
притонами 5,010635 5,010635
самой 3,912023 3,912023
грудные 5,010635 5,010635
отменили 3,218876 19,313255
агентства 0,013423 0,013423
сегодня 0,013423 0,134230
глубоко 4,317488 4,317488
зачать 5,010635 5,010635
такое 1,875141 1,875141
лечению 5,010635 5,010635
руки 3,401197 3,401197
шапка 0,013423 0,013423
отправить 0,013423 0,147653
продолжить 0,013423 0,013423
решение 1,791759 1,791759
решении 0,013423 0,013423
естественно 5,010635 5,010635
воспользуйтесь 0,013423 0,040269
аккаунт 0,013423 0,053692
экономика 0,292136 0,292136
обсуждение 0,013423 0,013423
блокировки 0,013423 0,013423
несчастные 5,010635 5,010635
неких 4,317488 4,317488
делает 2,612740 2,612740
почта 0,013423 0,080538
главная 2,120264 2,120264
разрастается 5,010635 5,010635
отменять 5,010635 5,010635
фамилия 0,013423 0,013423
яичников 5,010635 5,010635
пишет 2,177422 2,177422
яндекс 0,013423 0,026846
жернова 5,010635 5,010635
удалили 0,013423 0,040269
либо 0,013423 0,013423
трансгендерными 5,010635 5,010635
согласно 2,371578 2,371578
аккаунту 0,013423 0,013423
открываемого 0,013423 0,026846
диаметрально 5,010635 5,010635
железы 5,010635 5,010635
поиск 0,013423 0,013423
возраста 2,931194 2,931194
евросоюзе 3,064725 18,388351
согласны 0,013423 0,040269
культурном 5,010635 5,010635
родов 5,010635 5,010635
медленно 3,624341 7,248682
рекламы 0,013423 0,013423
тысячу 4,317488 4,317488
детского 5,010635 5,010635
маркеры 5,010635 5,010635
родильных 5,010635 5,010635
словосочетание 5,010635 15,031906
фильм 3,624341 3,624341
факта 5,010635 5,010635
костер 5,010635 5,010635
обсуждения 0,013423 0,013423
блокировкой 0,013423 0,040269
твари 5,010635 5,010635
констатация 5,010635 5,010635
новый 0,013423 0,026846
свести 5,010635 5,010635
добро 5,010635 5,010635
доступ 0,013423 0,026846
помощью 1,919593 3,839186
миа 0,013423 0,067115
решили 3,218876 3,218876
фемин 5,010635 5,010635
задать 0,013423 0,013423
теги 0,190354 0,190354
автору 0,013423 0,013423
расстройство 4,317488 4,317488
объявленную 5,010635 5,010635
исполнении 4,317488 4,317488
должны 0,013423 0,013423
г 0,013423 0,026846
композиция 5,010635 5,010635
д 0,013423 0,026846
политика 0,013423 0,026846
добиться 2,445686 2,445686
начиналось 5,010635 5,010635
течение 0,013423 0,013423
исполнению 5,010635 5,010635
володиндензел 5,010635 5,010635
оно 2,302585 4,605170
гениталий 5,010635 5,010635
мир 1,966113 3,932226
каких 2,525729 2,525729
элгэбэтэшники 5,010635 5,010635
ладан 5,010635 5,010635
стройных 5,010635 5,010635
русский 2,931194 2,931194
время 0,013423 0,026846
единственный 3,401197 6,802395
практики 3,401197 3,401197
отменить 4,317488 4,317488
ранее 0,013423 0,013423
восстановления 0,013423 0,013423
разблокировать 0,013423 0,040269
город 0,013423 0,013423
честно 3,624341 3,624341
субвенций 5,010635 5,010635
обращаем 0,013423 0,013423
написать 0,013423 0,013423
новостеймолния 0,013423 0,013423
одноклассники 0,013423 0,026846
первую 2,238047 2,238047
публикации 2,238047 2,238047
увидеть 3,624341 3,624341
отсутствия 3,401197 3,401197
показать 0,013423 0,013423
кнопку 0,013423 0,013423
коммуникаций 0,013423 0,013423
учили 5,010635 5,010635
понимание 5,010635 5,010635
пароль 0,013423 0,080538
дензел 5,010635 15,031906
пароля 0,013423 0,053692
яйцеклетка 5,010635 5,010635
вход 0,013423 0,013423
сексуальной 4,317488 4,317488
продукты 0,150823 0,150823
читать 0,851752 0,851752
удалено 0,013423 0,013423
гаврилова 0,013423 0,013423
машину 5,010635 5,010635
цвета 2,445686 2,445686
расположенному 0,013423 0,026846
торговали 5,010635 5,010635
путешествует 5,010635 5,010635
учредитель 0,013423 0,013423
оскар 3,912023 3,912023
мог 3,401197 3,401197
мое 0,013423 0,026846
ссылка 0,013423 0,026846
ссылке 0,013423 0,013423
ссылки 0,013423 0,013423
помочь 0,013423 0,013423
британские 5,010635 5,010635
палачей 4,317488 4,317488
оскара 5,010635 5,010635
вашингтоневрокомиссияевросоюзевропарламентаналитика 5,010635 5,010635
обязательны 0,013423 0,093961
гипербола 5,010635 5,010635
роскомнадзор 0,013423 0,013423
русское 3,401197 3,401197
блокировался 0,013423 0,013423
каток 3,401197 3,401197
выносить 5,010635 5,010635
москва 0,006689 0,013378
воспользоваться 0,013423 0,013423
противоположной 5,010635 5,010635
отдельных 3,912023 3,912023
входа 0,013423 0,013423
моё 0,013423 0,013423
эта 2,371578 4,743156
хромосомный 5,010635 5,010635
нормального 5,010635 5,010635
дал 3,401197 6,802395
деньги 2,445686 2,445686
лице 5,010635 5,010635
попадут 5,010635 5,010635
которое 2,302585 2,302585
которой 2,238047 2,238047
коде 5,010635 5,010635
политикой 0,013423 0,040269
инквизиторов 5,010635 5,010635
профессии 4,317488 4,317488
обработки 0,013423 0,026846
радужными 5,010635 5,010635
даю 0,013423 0,026846
малышей 5,010635 5,010635
обработку 0,013423 0,026846
сказано 5,010635 5,010635
критерием 5,010635 5,010635
редакции 0,013423 0,026846
выпускают 5,010635 5,010635
тотально 5,010635 5,010635
обращений 0,013423 0,013423
лишил 4,317488 4,317488
обработка 0,013423 0,013423
которого 2,238047 4,476093
это 0,013423 0,134230
растительностью 5,010635 5,010635
злобные 5,010635 5,010635
этих 2,302585 4,605170
вполне 3,624341 3,624341
новую 0,013423 0,013423
массовых 0,013423 0,013423
осталась 3,912023 3,912023
пройдена 0,013423 0,013423
зарегистрироваться 0,013423 0,053692
пожаловаться 0,013423 0,013423
считано 5,010635 5,010635
новости 0,006689 0,066890
войти 0,013423 0,053692
электронной 0,013423 0,013423
превратится 3,624341 3,624341
мифологию 5,010635 5,010635
действия 0,013423 0,013423
радио 0,274437 0,274437
глубины 5,010635 5,010635
защита 0,013423 0,013423
политик 3,912023 3,912023
порочность 5,010635 5,010635
регистрация 0,013423 0,040269
использования 0,013423 0,013423
дебатов 5,010635 5,010635
восстановление 0,013423 0,040269
государственное 0,013423 0,013423
судьбы 4,317488 4,317488
молодых 4,317488 4,317488
государственной 2,813411 2,813411
спецпроекты 0,190354 0,190354
затем 1,791759 1,791759
просим 0,013423 0,013423
заблокирован 0,013423 0,013423
поменяет 5,010635 5,010635
ошибку 0,013423 0,013423
защиты 0,013423 0,026846
медиа 5,010635 5,010635
дензела 5,010635 5,010635
обращения 0,013423 0,026846
февраля 0,616186 0,616186
назовите 5,010635 5,010635
главного 3,401197 3,401197
ошибка 0,013423 0,013423
практически 2,445686 4,891372
вопрос 0,006689 0,006689
подтверждаете 0,013423 0,013423
высшее 5,010635 5,010635
происходит 2,813411 2,813411
деградации 5,010635 5,010635
сгенерировано 2,708050 8,124151
ваш 0,013423 0,053692
обязательные 3,912023 3,912023
имя 0,013423 0,067115
отделениях 4,317488 4,317488
ребенка 2,525729 2,525729
срок 0,013423 0,026846
технологий 0,013423 0,026846
караева 3,218876 12,875503
психическое 5,010635 5,010635
материал 0,013423 0,013423
вынесут 5,010635 5,010635
бородатых 5,010635 5,010635
вызовет 3,912023 3,912023
любого 3,064725 3,064725
точнее 3,912023 7,824046
успешно 0,013423 0,013423
лента 0,006689 0,013378
гомофоба 5,010635 5,010635
чернокожий 5,010635 5,010635
кастрированные 5,010635 5,010635
роль 3,624341 3,624341
заблокированы 0,013423 0,013423
будущего 3,401197 3,401197
сфере 0,013423 0,013423
ах 3,912023 15,648092
евроздравоохранение 5,010635 5,010635
публично 5,010635 5,010635
борьбе 4,317488 4,317488
свидетельство 0,013423 0,013423
правила 0,013423 0,026846
цветов 3,912023 3,912023
охоты 5,010635 5,010635
возможности 2,302585 4,605170
женский 3,912023 3,912023
принял 3,401197 3,401197
сами 3,401197 3,401197
комментирования 0,013423 0,026846
борьбы 3,912023 3,912023
женщин 2,445686 39,130975
пресс 0,013423 0,026846
притоны 5,010635 5,010635
россии 0,395515 0,395515
оружие 2,708050 2,708050
применения 0,013423 0,013423
очереди 3,912023 3,912023
подручная 5,010635 5,010635
персональных 0,013423 0,107384
произошла 0,013423 0,013423
парень 3,912023 3,912023
дата 0,013423 0,013423
ваше 0,013423 0,107384
прекрасен 5,010635 5,010635
мужчин 3,624341 7,248682
сайте 0,013423 0,013423
спикер 5,010635 5,010635
ваши 0,013423 0,013423
западе 3,624341 3,624341
очередь 2,238047 4,476093
восстановить 0,013423 0,013423
сдавали 5,010635 5,010635
просто 1,714798 3,429597
равноправие 5,010635 5,010635
вопроса 0,013423 0,013423
пару 2,525729 2,525729
россия 0,006689 0,093646
неравенством 5,010635 5,010635
порок 5,010635 5,010635
флажками 5,010635 5,010635
нижнего 4,317488 4,317488
свой 2,525729 2,525729
лгбт 5,010635 15,031906
митушницами 5,010635 5,010635
добились 5,010635 5,010635
инклюзивности 5,010635 5,010635
января 1,160488 1,160488
потерявшими 5,010635 5,010635
регистрации 0,013423 0,026846
ииизображение 2,931194 2,931194
перевоспитавшийся 5,010635 5,010635
выборный 5,010635 10,021271
организоваться 5,010635 5,010635
сайт 0,013423 0,026846
сервисы 0,190354 0,190354
другое 0,013423 0,013423
многочисленные 3,912023 3,912023
творилось 5,010635 5,010635
поддерживаетсяполучить 0,013423 0,013423
несущих 5,010635 5,010635
осмотр 5,010635 5,010635
оплаты 4,317488 4,317488
хэнксу 5,010635 5,010635
эндокринный 5,010635 5,010635
неподобающем 5,010635 5,010635
отправки 0,013423 0,013423
числе 2,525729 2,525729
ес 2,445686 2,445686
унитарному 0,013423 0,026846
голливуд 5,010635 5,010635
обновлено 1,003302 1,003302
выберите 0,013423 0,040269
отреагировали 3,064725 3,064725
ненадобностью 5,010635 5,010635
девочками 5,010635 5,010635
попасть 3,624341 7,248682
четырехлетка 5,010635 5,010635
данное 3,401197 3,401197
навязывающих 5,010635 5,010635
защитой 0,013423 0,026846
авторизация 0,013423 0,013423
религия 0,283247 0,283247
форма 0,013423 0,013423
логином 0,013423 0,013423
гражданских 5,010635 5,010635
рейтинг 0,006689 0,006689
галочку 0,013423 0,013423
коллеги 2,612740 2,612740
настоящее 4,317488 4,317488
бесплатно 2,931194 2,931194
обмен 3,218876 3,218876
тоталитаризма 5,010635 5,010635
евросоюз 2,931194 8,793581
признано 4,317488 4,317488
способы 0,013423 0,026846
осматривать 5,010635 10,021271
недвижимость 0,292136 0,292136
ии 2,813411 5,626821
дискуссии 0,013423 0,026846
унитарное 0,013423 0,013423
никому 3,401197 3,401197
форму 0,013423 0,093961
тема 0,013423 0,040269
настоящих 5,010635 5,010635
участников 2,371578 2,371578
рекомендательных 0,013423 0,013423
данная 0,013423 0,013423
изображение 2,813411 5,626821
белые 4,317488 4,317488
проставляя 0,013423 0,013423
теле 4,317488 4,317488
резолюцию 5,010635 5,010635
заполнения 0,013423 0,093961
сада 5,010635 5,010635
полезное 0,182322 0,182322
нашему 4,317488 4,317488
движение 3,912023 3,912023
службе 0,013423 0,013423
релизов 0,013423 0,013423
ваших 0,013423 0,026846
реальность 3,912023 3,912023
который 1,160488 1,160488
клубы 3,912023 3,912023
которым 2,612740 2,612740
смалодушничали 5,010635 5,010635
правил 0,013423 0,040269
услышит 5,010635 5,010635
авторизоваться 0,013423 0,013423
авторизуйтесь 0,013423 0,013423
именуют 5,010635 5,010635
уничтожать 3,912023 3,912023
страх 3,401197 3,401197
елена 2,931194 11,724775
тайна 3,912023 3,912023
расширенный 0,013423 0,013423
ненависть 4,317488 4,317488
новыесначала 0,013423 0,013423
спрингстина 5,010635 5,010635
несколько 1,752539 1,752539
стран 2,238047 2,238047
сообщества 5,010635 10,021271
участие 0,006689 0,006689
прекрасный 3,912023 3,912023
транслирует 5,010635 5,010635
использовать 0,013423 0,013423
опечатка 0,013423 0,013423
онлайн 0,013423 0,013423
контактов 0,013423 0,013423
выгонят 5,010635 5,010635
апреля 0,013423 0,013423
думы 5,010635 5,010635
этажа 5,010635 5,010635
уровне 2,931194 2,931194
заботу 3,401197 3,401197
нами 0,013423 0,093961
притонах 5,010635 5,010635
орган 3,912023 7,824046
вакансии 0,013423 0,013423
мужчины 3,624341 7,248682
нажимая 0,013423 0,013423
вами 0,013423 0,013423
недопустимое 0,013423 0,013423
бескорыстно 5,010635 5,010635
истек 0,013423 0,013423
невозможно 2,525729 5,051457
признает 3,912023 3,912023
способствовать 5,010635 5,010635
предприятию 0,013423 0,026846
любовью 4,317488 4,317488
хочет 2,120264 4,240527
внимание 0,013423 0,026846
принимать 0,013423 0,013423
оказалась 3,401197 3,401197
уровня 3,218876 3,218876
сможете 0,013423 0,013423
года 0,006689 0,006689
миреевропароссиявячеслав 5,010635 5,010635
правда 2,708050 2,708050
ознакомлены 0,013423 0,013423
имущественного 5,010635 5,010635
документальных 5,010635 5,010635
моих 0,013423 0,026846
очень 1,678431 1,678431
предприятие 0,013423 0,013423
выяснилось 3,624341 3,624341
наука 0,292136 0,292136
сообщество 5,010635 5,010635
определенном 4,317488 4,317488
