законным 0,013423 0,013423
новый 0,013423 0,013423
рпл 2,371578 2,371578
найти 0,013423 0,013423
основанием 0,013423 0,013423
письмо 0,013423 0,013423
спасибо 0,013423 0,013423
теннис 2,525729 5,051457
играх 3,624341 7,248682
заявил 1,427116 12,844047
апл 2,612740 2,612740
фигурное 2,371578 2,371578
согласие 0,013423 0,026846
центр 0,190354 0,951769
доступ 0,013423 0,026846
миа 0,013423 0,093961
задать 0,013423 0,013423
теги 0,190354 0,190354
автору 0,013423 0,013423
связаться 0,013423 0,080538
александр 1,455287 17,463447
первом 2,708050 2,708050
кожевников 3,218876 48,283137
должны 0,013423 0,013423
г 0,013423 0,026846
д 0,013423 0,026846
реклама 0,190354 0,190354
фото 0,013423 0,026846
политика 0,013423 0,013423
связь 0,006689 0,013378
й 2,014903 2,014903
звезды 3,624341 3,624341
готово 0,013423 0,026846
течение 0,013423 0,013423
авто 2,238047 2,238047
информационных 0,013423 0,013423
кэпиталз 5,010635 25,053176
размещения 0,013423 0,013423
сочи 2,238047 2,238047
футбол 2,445686 12,228430
конфиденциальности 0,013423 0,053692
связи 0,013423 0,080538
заголовок 0,013423 0,026846
процесса 0,013423 0,013423
адресу 0,013423 0,026846
проблему 0,013423 0,013423
црвена 2,612740 2,612740
время 0,013423 0,013423
данных 0,013423 0,107384
письма 0,013423 0,013423
часов 0,013423 0,026846
соглашаетесь 0,013423 0,013423
восстановления 0,013423 0,013423
ранее 0,013423 0,026846
главный 0,013423 0,013423
данные 0,013423 0,013423
разблокировать 0,013423 0,040269
город 0,013423 0,013423
кожевниковалександр 5,010635 5,010635
фотографию 0,013423 0,013423
обращаем 0,013423 0,013423
отправлено 0,013423 0,013423
написать 0,013423 0,013423
новостеймолния 0,013423 0,013423
одноклассники 0,013423 0,026846
сначала 0,013423 0,013423
сенсаций 3,624341 3,624341
показать 0,013423 0,013423
кнопку 0,013423 0,013423
коммуникаций 0,013423 0,013423
отсутствие 2,612740 5,225480
олимпийские 2,931194 11,724775
пароль 0,013423 0,080538
пароля 0,013423 0,053692
перейдите 0,013423 0,013423
олимпийский 3,912023 7,824046
вход 0,013423 0,013423
вероника 5,010635 5,010635
продукты 0,150823 0,150823
читать 0,851752 0,851752
закрыто 0,013423 0,013423
удалено 0,013423 0,013423
хоккейного 3,912023 3,912023
сколько 0,006689 0,006689
гаврилова 0,013423 0,013423
материалов 0,013423 0,040269
отправлена 0,013423 0,013423
допустили 5,010635 5,010635
италии 2,525729 5,051457
чате 0,013423 0,013423
расположенному 0,013423 0,026846
чату 0,013423 0,013423
редакцией 0,013423 0,013423
всем 1,455287 1,455287
биатлон 2,525729 2,525729
натрускин 5,010635 10,021271
учредитель 0,013423 0,013423
рассмотрены 0,013423 0,013423
мое 0,013423 0,026846
ссылка 0,013423 0,026846
ссылке 0,013423 0,013423
перетяните 0,013423 0,013423
ссылки 0,013423 0,013423
помочь 0,013423 0,013423
архив 0,190354 0,190354
единоборства 2,525729 2,525729
ноттингем 2,612740 2,612740
ошибках 0,013423 0,013423
обязательны 0,013423 0,093961
сша 1,118815 1,118815
выпуска 0,013423 0,013423
списка 0,013423 0,013423
формой 0,013423 0,053692
роскомнадзор 0,013423 0,013423
блокировался 0,013423 0,013423
финнов 5,010635 5,010635
москва 0,006689 0,026756
воспользоваться 0,013423 0,013423
входа 0,013423 0,013423
моё 0,013423 0,013423
федеральное 0,013423 0,013423
федеральной 0,013423 0,013423
международное 0,013423 0,040269
селтик 2,612740 2,612740
будут 0,013423 0,013423
новостей 0,006689 0,006689
политикой 0,013423 0,040269
команду 3,912023 3,912023
матче 2,931194 2,931194
обработки 0,013423 0,026846
даю 0,013423 0,026846
перейти 1,203973 3,611918
пройдут 3,624341 3,624341
обработку 0,013423 0,026846
обратной 0,013423 0,067115
редакции 0,013423 0,026846
обращений 0,013423 0,013423
двукратный 5,010635 10,021271
наших 3,064725 3,064725
обработка 0,013423 0,013423
это 0,013423 0,013423
вашингтон 2,445686 9,782744
описанием 0,013423 0,013423
новую 0,013423 0,013423
лада 2,612740 2,612740
массовых 0,013423 0,013423
пройдена 0,013423 0,013423
используется 0,013423 0,013423
штутгарт 2,612740 2,612740
зарегистрироваться 0,013423 0,053692
пожаловаться 0,013423 0,013423
новости 0,006689 0,100335
войти 0,013423 0,053692
нхл 2,525729 2,525729
электронной 0,013423 0,013423
сыграют 5,010635 5,010635
эл 0,013423 0,013423
действия 0,013423 0,013423
дзен 0,851752 0,851752
защита 0,013423 0,013423
регистрация 0,013423 0,040269
почему 0,013423 0,013423
использования 0,013423 0,013423
восстановление 0,013423 0,040269
вопросам 0,013423 0,026846
государственное 0,013423 0,013423
завершен 2,525729 2,525729
вконтакте 0,013423 0,026846
спецпроекты 0,190354 0,190354
просим 0,013423 0,013423
навсегда 0,013423 0,013423
нарушение 0,013423 0,040269
заблокирован 0,013423 0,013423
ошибку 0,013423 0,013423
защиты 0,013423 0,013423
назад 0,013423 0,067115
обращения 0,013423 0,026846
игры 1,791759 19,709354
февраля 0,616186 1,232372
ошибка 0,013423 0,013423
вопрос 0,006689 0,006689
зубовский 0,013423 0,026846
подтверждаете 0,013423 0,013423
заполнить 0,013423 0,026846
осуществляется 0,013423 0,013423
ваш 0,013423 0,053692
против 1,966113 1,966113
имя 0,013423 0,067115
другие 0,013423 0,026846
главное 1,752539 1,752539
некому 5,010635 5,010635
надзору 0,013423 0,013423
срок 0,013423 0,026846
издание 0,013423 0,013423
бульвар 0,013423 0,026846
бундеслига 2,612740 2,612740
хотите 0,013423 0,013423
заполните 0,013423 0,067115
технологий 0,013423 0,026846
сетевое 0,013423 0,013423
жеребцова 5,010635 5,010635
полуфинальные 3,912023 3,912023
вновь 0,013423 0,013423
фев 1,399717 1,399717
сменить 0,013423 0,013423
америкой 3,064725 3,064725
материал 0,013423 0,013423
участвовать 0,013423 0,026846
лилль 2,612740 2,612740
спортзимние 5,010635 5,010635
сообщить 0,013423 0,013423
словакии 4,317488 4,317488
успешно 0,013423 0,013423
скриншот 0,013423 0,040269
канадцы 5,010635 5,010635
лента 0,006689 0,013378
ак 2,612740 2,612740
заблокированы 0,013423 0,013423
спорт 0,190354 2,093891
сфере 0,013423 0,013423
перерыв 2,525729 2,525729
свидетельство 0,013423 0,013423
правила 0,013423 0,026846
взаимодействия 0,013423 0,026846
нападающий 5,010635 5,010635
сохранить 0,013423 0,013423
вообще 2,931194 2,931194
информационное 0,013423 0,040269
зимние 2,813411 8,440232
комментирования 0,013423 0,026846
зож 2,302585 2,302585
сказал 2,612740 2,612740
пресс 0,013423 0,026846
кхл 2,525729 5,051457
россии 0,395515 1,186544
применения 0,013423 0,013423
результатам 2,445686 2,445686
федеральному 0,013423 0,026846
персональных 0,013423 0,107384
произошла 0,013423 0,013423
дата 0,013423 0,013423
ваше 0,013423 0,107384
сайте 0,013423 0,013423
ваши 0,013423 0,013423
фио 0,013423 0,013423
восстановить 0,013423 0,013423
пожалуйста 0,013423 0,013423
хоккеистов 3,401197 23,808382
итогам 3,064725 3,064725
ниже 0,013423 0,040269
версия 0,013423 0,013423
вопроса 0,013423 0,013423
россия 0,006689 0,080268
поля 0,013423 0,093961
смотреть 2,708050 27,080502
европы 2,238047 2,238047
государственному 0,013423 0,026846
регистрации 0,013423 0,026846
поле 0,013423 0,013423
сайт 0,013423 0,026846
турнира 2,813411 5,626821
сервисы 0,190354 0,190354
зарегистрировано 0,013423 0,013423
другое 0,013423 0,013423
сборными 5,010635 5,010635
поддерживаетсяполучить 0,013423 0,013423
адрес 0,013423 0,040269
соответствии 0,013423 0,026846
загрузите 0,013423 0,013423
смотрю 5,010635 5,010635
сообщения 0,013423 0,053692
результатами 4,317488 4,317488
загрузить 0,013423 0,013423
российских 1,966113 13,762790
направлении 0,013423 0,013423
замеченных 0,013423 0,013423
телефон 0,013423 0,013423
отправки 0,013423 0,013423
эмоции 3,912023 3,912023
унитарному 0,013423 0,026846
паок 2,612740 2,612740
сразятся 3,401197 3,401197
сообщение 0,013423 0,134230
выберите 0,013423 0,040269
старые 0,013423 0,013423
сет 2,612740 2,612740
олимпийского 3,912023 3,912023
попробуйте 0,013423 0,013423
мото 2,525729 2,525729
евролига 2,612740 2,612740
овечкинвашингтон 4,317488 4,317488
отдавать 4,317488 4,317488
защитой 0,013423 0,026846
статьи 0,013423 0,013423
фенербахче 2,612740 2,612740
подтвердите 0,013423 0,013423
авторизация 0,013423 0,013423
медиабанкалександр 4,317488 4,317488
форма 0,013423 0,013423
логином 0,013423 0,013423
сельта 2,612740 2,612740
рейтинг 0,006689 0,006689
галочку 0,013423 0,013423
контакты 2,120264 2,120264
перетащите 0,013423 0,040269
материале 0,013423 0,026846
следит 3,912023 3,912023
материала 0,013423 0,026846
вашего 0,013423 0,013423
паролем 0,013423 0,013423
способы 0,013423 0,026846
зарегистрируйтесь 0,013423 0,013423
обо 0,013423 0,013423
дискуссии 0,013423 0,026846
редактор 0,013423 0,013423
фгуп 0,499776 2,498879
нба 2,612740 2,612740
унитарное 0,013423 0,013423
определится 5,010635 5,010635
форму 0,013423 0,093961
тема 0,013423 0,040269
хачанов 2,612740 2,612740
хоккей 2,238047 11,190233
отправленного 0,013423 0,013423
связанные 0,013423 0,013423
рекомендательных 0,013423 0,013423
данная 0,013423 0,013423
обратная 0,013423 0,026846
риа 0,006689 0,093646
серия 2,525729 2,525729
проставляя 0,013423 0,013423
связанных 0,013423 0,013423
опишите 0,013423 0,013423
заполнения 0,013423 0,093961
овечкин 4,317488 17,269952
полезное 0,182322 0,182322
службе 0,013423 0,013423
медиабанк 1,321756 1,321756
релизов 0,013423 0,013423
ваших 0,013423 0,026846
ко 2,177422 2,177422
матч 2,238047 8,952186
почты 0,013423 0,013423
ла 2,612740 2,612740
агентство 0,013423 0,040269
динамо 2,238047 2,238047
правил 0,013423 0,040269
авторизоваться 0,013423 0,013423
авторизуйтесь 0,013423 0,013423
агентства 0,013423 0,013423
сегодня 0,013423 0,134230
расширенный 0,013423 0,013423
агентстве 2,525729 2,525729
новыесначала 0,013423 0,013423
шапка 0,013423 0,013423
отправить 0,013423 0,147653
продолжить 0,013423 0,013423
финалист 4,317488 4,317488
продлится 3,912023 3,912023
решении 0,013423 0,013423
лига 2,371578 9,486312
сборной 3,912023 7,824046
воспользуйтесь 0,013423 0,040269
олимпиаде 2,612740 2,612740
участие 0,006689 0,006689
архивное 1,373049 1,373049
аккаунт 0,013423 0,053692
совершенно 3,624341 7,248682
олимпиада 3,912023 3,912023
обсуждение 0,013423 0,013423
использовать 0,013423 0,013423
опечатка 0,013423 0,013423
барс 2,612740 2,612740
блокировки 0,013423 0,013423
онлайн 0,013423 0,013423
контактов 0,013423 0,013423
почта 0,013423 0,080538
олимпиаду 5,010635 10,021271
апреля 0,013423 0,013423
олимпиады 3,218876 3,218876
фамилия 0,013423 0,013423
звезда 2,612740 2,612740
нами 0,013423 0,093961
яндекс 0,013423 0,026846
удалили 0,013423 0,040269
либо 0,013423 0,013423
неинтересно 3,401197 34,011974
вакансии 0,013423 0,013423
аккаунту 0,013423 0,013423
открываемого 0,013423 0,026846
нажимая 0,013423 0,013423
поиск 0,013423 0,013423
вами 0,013423 0,013423
чемпион 4,317488 8,634976
недопустимое 0,013423 0,013423
согласны 0,013423 0,040269
истек 0,013423 0,013423
катание 2,302585 2,302585
предприятию 0,013423 0,026846
рекламы 0,013423 0,013423
внимание 0,013423 0,013423
принимать 0,013423 0,013423
алькарас 2,612740 2,612740
сможете 0,013423 0,013423
года 0,006689 0,006689
встречи 2,445686 2,445686
ознакомлены 0,013423 0,013423
моих 0,013423 0,026846
предприятие 0,013423 0,013423
форрест 2,612740 2,612740
чемпионов 2,612740 2,612740
обсуждения 0,013423 0,013423
блокировкой 0,013423 0,040269
