懈薪芯褋褌褉邪薪薪褘褏 2,612740 5,225480
蟹邪泻芯薪薪褘屑 0,013423 0,013423
薪芯胁褘泄 0,013423 0,040269
芯芯薪斜褉懈泻褋芯芯薪邪薪邪谢懈褌懈泻邪 5,010635 5,010635
薪邪泄褌懈 0,013423 0,013423
芯褋薪芯胁邪薪懈械屑 0,013423 0,013423
锌懈褋褜屑芯 0,013423 0,013423
胁褘蟹芯胁 3,401197 3,401197
褋锌邪褋懈斜芯 0,013423 0,013423
谐械芯锌芯谢懈褌懈褔械褋泻邪褟 5,010635 10,021271
邪褉屑懈褟褔懈薪谐懈蟹 5,010635 5,010635
胁芯泻褉褍谐 3,064725 3,064725
锌芯胁褋褌邪薪褔械褋泻邪褟 4,317488 4,317488
褋懈褌褍邪褑懈懈 2,445686 4,891372
褋芯谐谢邪褋懈械 0,013423 0,026846
褑械薪褌褉 0,190354 0,190354
写芯褋褌褍锌 0,013423 0,026846
写械泻邪斜褉褟 1,098612 8,788898
屑懈邪 0,013423 0,026846
蟹邪写邪褌褜 0,013423 0,013423
褌械谐懈 0,190354 0,190354
邪胁褌芯褉褍 0,013423 0,013423
褋胁褟蟹邪褌褜褋褟 0,013423 0,080538
屑懈褉械褋褕邪褋褋褋褉褉芯褋褋懈褟褉懈褔邪褉写 5,010635 5,010635
写芯谢卸薪褘 0,013423 0,013423
薪懈泻褋芯薪邪胁褉邪邪屑 5,010635 5,010635
谐 0,013423 0,026846
写 0,013423 0,026846
褉械泻谢邪屑邪 0,190354 0,190354
褎芯褌芯 0,013423 0,013423
胁懈蟹懈褌邪 5,010635 10,021271
锌芯谢懈褌懈泻邪 0,013423 0,026846
褋胁褟蟹褜 0,006689 0,013378
褋褕邪斜褉懈泻褋写芯薪邪谢褜写 5,010635 5,010635
胁械薪械褋褍褝谢邪 3,912023 7,824046
谐芯褌芯胁芯 0,013423 0,026846
褌械褔械薪懈械 0,013423 0,013423
懈薪褎芯褉屑邪褑懈芯薪薪褘褏 0,013423 0,013423
邪泄褌屑邪褌芯胁褉懈邪 5,010635 5,010635
褉邪蟹屑械褖械薪懈褟 0,013423 0,013423
泻芯薪褎懈写械薪褑懈邪谢褜薪芯褋褌懈 0,013423 0,053692
褋邪屑屑懈褌 5,010635 5,010635
屑懈褉 1,966113 3,932226
褋胁褟蟹懈 0,013423 0,080538
懈薪写懈褞 5,010635 10,021271
蟹邪锌邪写 2,302585 4,605170
蟹邪谐芯谢芯胁芯泻 0,013423 0,026846
褉褍褋褋泻懈泄 2,931194 2,931194
褎褉懈写屑邪薪蟹芯褟 5,010635 5,010635
锌褉芯褑械褋褋邪 0,013423 0,026846
邪写褉械褋褍 0,013423 0,026846
锌褉芯斜谢械屑褍 0,013423 0,013423
锌褉芯械泻褌 2,525729 2,525729
邪薪邪谢懈褌懈泻邪邪薪邪谢懈褌懈泻邪褉芯褋褋懈褟褍泻褉邪懈薪邪械胁褉芯锌邪薪邪褌芯写芯薪邪谢褜写 5,010635 5,010635
胁褉械屑褟 0,013423 0,013423
写邪薪薪褘褏 0,013423 0,107384
泻懈褌邪褟 2,612740 2,612740
胁芯褋褌芯泻械 3,912023 7,824046
芯芯薪 2,708050 2,708050
锌懈褋褜屑邪 0,013423 0,013423
褔邪褋芯胁 0,013423 0,026846
褋芯谐谢邪褕邪械褌械褋褜 0,013423 0,013423
褋褍褖械褋褌胁芯胁邪薪懈械 5,010635 5,010635
褉邪薪械械 0,013423 0,013423
胁芯褋褋褌邪薪芯胁谢械薪懈褟 0,013423 0,013423
谐谢邪胁薪褘泄 0,013423 0,013423
锌褉芯斜谢械屑邪 3,218876 3,218876
写邪薪薪褘械 0,013423 0,013423
褉邪蟹斜谢芯泻懈褉芯胁邪褌褜 0,013423 0,040269
谐芯褉芯写 0,013423 0,013423
褎芯褌芯谐褉邪褎懈褞 0,013423 0,013423
芯斜褉邪褖邪械屑 0,013423 0,013423
芯褌锌褉邪胁谢械薪芯 0,013423 0,013423
薪邪锌懈褋邪褌褜 0,013423 0,013423
薪芯胁芯褋褌械泄屑芯谢薪懈褟 0,013423 0,013423
褋懈泻芯褉褋泻懈泄薪邪褌芯械胁褉芯褋芯褞蟹褏写褋 5,010635 5,010635
芯写薪芯泻谢邪褋褋薪懈泻懈 0,013423 0,026846
褋薪邪褔邪谢邪 0,013423 0,013423
褉械褎芯褉屑懈褉芯胁邪薪懈械 5,010635 5,010635
褋胁芯械谐芯 2,708050 5,416100
褍泻褉邪懈薪褘 1,832581 3,665163
邪薪邪谢懈褌懈泻邪邪薪邪谢懈褌懈泻邪懈蟹褉邪懈谢褜锌邪谢械褋褌懈薪邪斜懈薪褜褟屑懈薪 5,010635 5,010635
锌芯泻邪蟹邪褌褜 0,013423 0,013423
泻薪芯锌泻褍 0,013423 0,013423
泻芯屑屑褍薪懈泻邪褑懈泄 0,013423 0,013423
屑懈褉芯胁邪褟 3,912023 7,824046
屑械卸写褍薪邪褉芯写薪芯谐芯 2,931194 5,862388
锌邪褉芯谢褜 0,013423 0,080538
锌邪褉芯谢褟 0,013423 0,053692
褍泻褉邪懈薪褋泻芯械 5,010635 5,010635
褝泻芯薪芯屑懈褔械褋泻芯谐芯 3,624341 3,624341
锌械褉械泄写懈褌械 0,013423 0,013423
锌芯褉褟写芯泻 2,445686 4,891372
胁褏芯写 0,013423 0,013423
褉械邪谢褜薪芯褋褌褜褞 5,010635 10,021271
懈褞薪褟 2,066196 6,198589
锌褉芯写褍泻褌褘 0,150823 0,150823
褋懈褋褌械屑邪 3,401197 10,203592
蟹邪泻褉褘褌芯 0,013423 0,013423
褍写邪谢械薪芯 0,013423 0,013423
锌褉芯械泻褑懈褟 5,010635 10,021271
褋泻芯谢褜泻芯 0,006689 0,006689
谐邪胁褉懈谢芯胁邪 0,013423 0,013423
屑邪褌械褉懈邪谢芯胁 0,013423 0,067115
芯褌锌褉邪胁谢械薪邪 0,013423 0,013423
褉邪蟹芯褉械薪懈褟 5,010635 10,021271
褔邪褌械 0,013423 0,013423
谐芯薪泻邪 5,010635 5,010635
斜邪薪泻写芯薪邪谢褜写 5,010635 5,010635
褉邪褋锌芯谢芯卸械薪薪芯屑褍 0,013423 0,026846
褔邪褌褍 0,013423 0,013423
褉械写邪泻褑懈械泄 0,013423 0,013423
褉械胁芯谢褞褑懈褟 4,317488 4,317488
锌褉懈谢械锌懈褌褜褋褟 5,010635 5,010635
泻芯薪褌褉芯谢懈褉芯胁邪褌褜 4,317488 8,634976
褍褔褉械写懈褌械谢褜 0,013423 0,013423
锌褍褌懈薪邪 2,612740 2,612740
褉邪褋褋屑芯褌褉械薪褘 0,013423 0,013423
屑懈褉械褋褕邪胁芯褋褌芯泻懈薪写懈褟邪薪褌芯薪懈褍 5,010635 5,010635
芯褋褌褉芯胁邪 3,218876 3,218876
屑芯械 0,013423 0,026846
褋褋褘谢泻邪 0,013423 0,026846
褌械褉褟械褌 5,010635 10,021271
褋褋褘谢泻械 0,013423 0,013423
芯褋薪芯胁褍 3,401197 6,802395
褎芯褉屑懈褉芯胁邪薪懈械 4,317488 4,317488
锌械褉械褌褟薪懈褌械 0,013423 0,013423
褋褋褘谢泻懈 0,013423 0,013423
锌褉懈褉芯写薪褘褏 4,317488 4,317488
锌芯屑芯褔褜 0,013423 0,013423
邪褉褏懈胁 0,190354 0,190354
褝锌芯褏邪 5,010635 5,010635
褋屑芯谐 3,401197 6,802395
褎芯褉写斜褉懈泻褋芯芯薪褋芯写褉褍卸械褋褌胁芯 5,010635 5,010635
懈褞谢褟 1,791759 3,583519
芯褕懈斜泻邪褏 0,013423 0,013423
芯斜褟蟹邪褌械谢褜薪褘 0,013423 0,093961
屑懈褉械邪薪邪谢懈褌懈泻邪褋褕邪械胁褉芯锌邪褋懈 5,010635 5,010635
褋褕邪 1,118815 6,712890
斜谢邪谐芯锌芯谢褍褔懈褟 3,624341 7,248682
胁褘锌褍褋泻邪 0,013423 0,013423
褋谢邪薪褑械胁邪褟 5,010635 5,010635
褎懈薪邪薪褋芯胁芯泄 2,813411 8,440232
褋锌懈褋泻邪 0,013423 0,013423
褎芯褉屑芯泄 0,013423 0,053692
褉芯褋泻芯屑薪邪写蟹芯褉 0,013423 0,013423
泻褉械邪褌懈胁薪芯泄 5,010635 5,010635
斜谢芯泻懈褉芯胁邪谢褋褟 0,013423 0,013423
泻褍谢褜褌褍褉芯泄 4,317488 4,317488
褋褌邪薪芯胁懈褌褋褟 2,708050 5,416100
屑芯褋泻胁邪 0,006689 0,013378
胁芯褋锌芯谢褜蟹芯胁邪褌褜褋褟 0,013423 0,013423
褌褉邪屑锌写卸芯 5,010635 5,010635
胁褏芯写邪 0,013423 0,013423
褋褕邪胁褋械屑懈褉薪褘泄 5,010635 5,010635
屑芯褢 0,013423 0,013423
褎械写械褉邪谢褜薪芯械 0,013423 0,013423
褎械写械褉邪谢褜薪芯泄 0,013423 0,013423
屑械卸写褍薪邪褉芯写薪芯械 0,013423 0,040269
斜褍写褍褌 0,013423 0,013423
泻芯薪褎械褉械薪褑懈褟 4,317488 8,634976
薪芯胁芯褋褌械泄 0,006689 0,006689
薪芯褟斜褉褟 1,714798 10,288791
褍锌褍褖械薪薪褘械 5,010635 5,010635
锌芯谢懈褌懈泻芯泄 0,013423 0,040269
邪薪邪谢懈褌懈泻邪褉芯褋褋懈褟邪谢械泻褋邪薪写褉 5,010635 5,010635
锌械褉械胁芯写褟 5,010635 5,010635
锌褉械写写胁械褉懈懈 5,010635 10,021271
芯斜褉邪斜芯褌泻懈 0,013423 0,026846
写邪褞 0,013423 0,026846
褝泻芯薪芯屑懈褔械褋泻邪褟 4,317488 8,634976
褋懈褋褌械屑褘 2,302585 2,302585
芯斜褉邪斜芯褌泻褍 0,013423 0,026846
邪褎褉懈泻邪薪褋泻懈械 5,010635 5,010635
芯斜褉邪褌薪芯泄 0,013423 0,067115
锌芯写泻邪褋褌褘 0,292136 0,292136
褉械写邪泻褑懈懈 0,013423 0,026846
褋褕邪斜褉懈泻褋 5,010635 5,010635
芯斜褉邪褖械薪懈泄 0,013423 0,013423
褉邪蟹斜懈褌芯械 5,010635 5,010635
邪薪邪谢懈褌懈泻邪邪薪邪谢懈褌懈泻邪泻懈褌邪泄褋褕邪邪屑械褉懈泻邪褋懈 5,010635 5,010635
芯斜褉邪斜芯褌泻邪 0,013423 0,013423
褝褌芯 0,013423 0,013423
褑蟹懈薪褜锌懈薪械胁褉芯褋芯褞蟹褎械写械褉邪谢褜薪邪褟 5,010635 5,010635
蟹邪锌邪写薪芯械 4,317488 8,634976
屑懈谢懈褌邪褉懈蟹邪褑懈褟 3,912023 3,912023
芯锌懈褋邪薪懈械屑 0,013423 0,013423
薪芯胁褍褞 0,013423 0,013423
邪褉褏懈褌械泻褌褍褉褘 5,010635 15,031906
屑邪褋褋芯胁褘褏 0,013423 0,013423
锌褉芯泄写械薪邪 0,013423 0,013423
懈褋锌芯谢褜蟹褍械褌褋褟 0,013423 0,013423
褏褋褋写械谢芯 5,010635 5,010635
蟹邪褉械谐懈褋褌褉懈褉芯胁邪褌褜褋褟 0,013423 0,053692
锌芯卸邪谢芯胁邪褌褜褋褟 0,013423 0,013423
褋械薪褌褟斜褉褟 1,514128 15,141277
薪芯胁芯褋褌懈 0,006689 0,347827
胁芯泄褌懈 0,013423 0,053692
斜谢懈卸薪械屑 4,317488 8,634976
褝谢械泻褌褉芯薪薪芯泄 0,013423 0,013423
屑懈褉械褍泻褉邪懈薪邪锌芯谢褜褕邪械胁褉芯锌邪 5,010635 5,010635
屑懈薪写懈褔邪 4,317488 4,317488
屑懈褉械 0,274437 0,823311
写械泻芯薪褋褌褉褍泻褑懈褟 5,010635 5,010635
褝谢 0,013423 0,013423
写械泄褋褌胁懈褟 0,013423 0,013423
褉邪写懈芯 0,274437 0,274437
屑懈褉邪 1,791759 1,791759
蟹邪褖懈褌邪 0,013423 0,013423
胁芯褋褌芯泻 3,218876 3,218876
褉械谐懈褋褌褉邪褑懈褟 0,013423 0,040269
锌芯褔械屑褍 0,013423 0,013423
锌褉芯斜薪褘泄 5,010635 10,021271
懈褋锌芯谢褜蟹芯胁邪薪懈褟 0,013423 0,013423
薪芯胁芯泄 2,813411 5,626821
胁芯褋褋褌邪薪芯胁谢械薪懈械 0,013423 0,040269
胁芯锌褉芯褋邪屑 0,013423 0,026846
谐械褉屑邪薪懈褟 3,064725 6,129450
谐芯褋褍写邪褉褋褌胁械薪薪芯械 0,013423 0,013423
褟泻芯胁械薪泻芯 5,010635 30,063812
邪薪邪谢懈褌懈泻邪邪薪邪谢懈褌懈泻邪械胁褉芯锌邪褉芯褋褋懈褟泻懈褌邪泄褋褕邪褝泻芯薪芯屑懈泻邪 5,010635 5,010635
胁泻芯薪褌邪泻褌械 0,013423 0,026846
褋芯胁褉械屑械薪薪芯褋褌褜 5,010635 10,021271
褋锌械褑锌褉芯械泻褌褘 0,190354 0,190354
锌褉芯褋懈屑 0,013423 0,013423
薪邪胁褋械谐写邪 0,013423 0,013423
薪邪褉褍褕械薪懈械 0,013423 0,040269
蟹邪斜谢芯泻懈褉芯胁邪薪 0,013423 0,013423
褋褌褉邪褌械谐懈懈 4,317488 4,317488
芯褕懈斜泻褍 0,013423 0,013423
蟹邪褖懈褌褘 0,013423 0,013423
薪邪蟹邪写 0,013423 0,067115
锌械褉胁褘械 3,401197 3,401197
芯斜褉邪褖械薪懈褟 0,013423 0,026846
褝泻褋锌械褉褌褘 2,612740 2,612740
褎械胁褉邪谢褟 0,616186 1,232372
胁芯褋褌芯褔薪芯谐芯 5,010635 5,010635
褌褉邪屑锌邪 2,238047 2,238047
芯褕懈斜泻邪 0,013423 0,013423
锌褘褌邪械褌褋褟 4,317488 8,634976
写械谢 2,612740 5,225480
胁芯锌褉芯褋 0,006689 0,006689
胁薪械褕薪械锌芯谢懈褌懈褔械褋泻懈泄 5,010635 5,010635
邪薪邪谢懈褌懈泻邪 2,177422 58,790393
蟹褍斜芯胁褋泻懈泄 0,013423 0,026846
锌芯写褌胁械褉卸写邪械褌械 0,013423 0,013423
邪薪邪谢懈褌懈泻邪褝泻芯薪芯屑懈泻邪胁芯褋褌芯泻懈薪写芯薪械蟹懈褟褍蟹斜械泻懈褋褌邪薪 5,010635 5,010635
蟹邪锌芯谢薪懈褌褜 0,013423 0,026846
褌褞褌褔械胁褝薪写褉褞 5,010635 5,010635
胁薪械褕薪械锌芯谢懈褌懈褔械褋泻懈械 5,010635 5,010635
邪屑械褉懈泻邪褉芯褋褋懈褟写芯薪邪谢褜写 5,010635 5,010635
褋褌褉邪褌械谐懈褟 5,010635 10,021271
芯褋褍褖械褋褌胁谢褟械褌褋褟 0,013423 0,013423
胁邪褕 0,013423 0,053692
懈屑褟 0,013423 0,067115
写褉褍谐懈械 0,013423 0,026846
芯斜褖械褋褌胁芯 0,265703 0,265703
斜芯谢褜褕懈屑 3,218876 6,437752
薪邪写蟹芯褉褍 0,013423 0,013423
褋褉芯泻 0,013423 0,026846
锌芯薪褟褌薪褘泄 5,010635 5,010635
懈蟹写邪薪懈械 0,013423 0,013423
斜褍谢褜胁邪褉 0,013423 0,026846
褋芯褞蟹褋泻芯褌褌 5,010635 5,010635
褏芯褌懈褌械 0,013423 0,013423
蟹邪锌芯谢薪懈褌械 0,013423 0,067115
谐谢芯斜邪谢褜薪褘泄 5,010635 5,010635
褌械褏薪芯谢芯谐懈泄 0,013423 0,026846
褋械褌械胁芯械 0,013423 0,013423
褌褉邪屑锌邪薪邪谢懈褌懈泻邪 5,010635 5,010635
胁薪芯胁褜 0,013423 0,013423
褋屑械薪懈褌褜 0,013423 0,013423
屑邪褌械褉懈邪谢 0,013423 0,013423
褍褔邪褋褌胁芯胁邪褌褜 0,013423 0,026846
褋芯芯斜褖懈褌褜 0,013423 0,013423
褌褉邪屑锌写卸芯薪 5,010635 5,010635
泻褉褍锌薪械泄褕邪褟 5,010635 5,010635
褍褋锌械褕薪芯 0,013423 0,013423
褋泻褉懈薪褕芯褌 0,013423 0,040269
胁芯褋褌芯泻斜褉懈泻褋褕芯褋褋薪谐褉懈邪 5,010635 5,010635
胁薪褍褌褉懈锌芯谢懈褌懈褔械褋泻芯泄 5,010635 10,021271
谢械薪褌邪 0,006689 0,013378
邪薪邪谢懈褌懈泻邪邪薪邪谢懈褌懈泻邪 5,010635 5,010635
邪薪邪谢懈褌懈泻邪胁 3,912023 31,296184
写芯谢谢邪褉邪 5,010635 10,021271
蟹邪斜谢芯泻懈褉芯胁邪薪褘 0,013423 0,013423
褋锌芯褉褌 0,190354 0,190354
褑蟹懈薪褜锌懈薪胁 5,010635 5,010635
褋褎械褉械 0,013423 0,013423
谐褉褍褕泻芯 5,010635 15,031906
褕芯褋 5,010635 5,010635
褋胁懈写械褌械谢褜褋褌胁芯 0,013423 0,013423
胁褋械屑懈褉薪褍褞 5,010635 5,010635
锌褉邪胁懈谢邪 0,013423 0,026846
褍褉械谐褍谢懈褉芯胁邪薪懈械 3,912023 3,912023
胁蟹邪懈屑芯写械泄褋褌胁懈褟 0,013423 0,026846
胁芯蟹屑芯卸薪芯褋褌懈 2,302585 2,302585
褋芯褏褉邪薪懈褌褜 0,013423 0,013423
胁褘褋泻邪蟹邪谢褋褟 2,612740 5,225480
懈薪褎芯褉屑邪褑懈芯薪薪芯械 0,013423 0,040269
泻芯屑屑械薪褌懈褉芯胁邪薪懈褟 0,013423 0,026846
谢懈薪泻芯谢褜薪屑胁褎褎械写械褉邪谢褜薪邪褟 5,010635 5,010635
锌褉械褋褋 0,013423 0,053692
褉芯褋褋懈懈 0,395515 3,164118
锌褉懈屑械薪械薪懈褟 0,013423 0,013423
褌褉邪屑锌邪谢械泻褋邪薪写褉 5,010635 5,010635
蟹邪锌邪写褍 3,624341 3,624341
泻邪屑械薪褜 4,317488 8,634976
褎械写械褉邪谢褜薪芯屑褍 0,013423 0,026846
锌械褉褋芯薪邪谢褜薪褘褏 0,013423 0,107384
锌褉芯懈蟹芯褕谢邪 0,013423 0,013423
褌褉邪屑锌褉懈邪 5,010635 5,010635
写邪褌邪 0,013423 0,013423
胁邪褕械 0,013423 0,107384
褋邪泄褌械 0,013423 0,013423
胁邪褕懈 0,013423 0,013423
褋芯褏褉邪薪褟褞褖懈械褋褟 5,010635 5,010635
褎懈芯 0,013423 0,013423
胁芯褋褋褌邪薪芯胁懈褌褜 0,013423 0,013423
锌芯卸邪谢褍泄褋褌邪 0,013423 0,013423
谐谢芯斜邪谢褜薪芯泄 5,010635 10,021271
锌褉械蟹懈写械薪褌邪 2,525729 5,051457
褋褌芯谢 2,238047 4,476093
褝泻芯薪芯屑懈褔械褋泻懈泄 4,317488 4,317488
薪懈卸械 0,013423 0,040269
胁械褉褋懈褟 0,013423 0,013423
胁芯锌褉芯褋邪 0,013423 0,013423
褉芯褋褋懈褟 0,006689 0,080268
褉芯褋褋懈褞 2,302585 4,605170
锌芯谢褟 0,013423 0,093961
褋褔懈褌邪械褌 2,813411 5,626821
械胁褉芯锌褘 2,238047 4,476093
褟薪胁邪褉褟 1,160488 6,962926
谐芯褋褍写邪褉褋褌胁械薪薪芯屑褍 0,013423 0,026846
褉械谐懈褋褌褉邪褑懈懈 0,013423 0,026846
械胁褉芯锌械 2,238047 2,238047
斜芯谢褜褕邪褟 3,624341 7,248682
锌芯谢械 0,013423 0,013423
褋邪泄褌 0,013423 0,026846
褋械褉胁懈褋褘 0,190354 0,190354
蟹邪褉械谐懈褋褌褉懈褉芯胁邪薪芯 0,013423 0,013423
褔褍锌褕械胁邪邪谢械泻褋邪薪写褉 5,010635 5,010635
写褉褍谐芯械 0,013423 0,013423
褌褍褉懈蟹屑 0,283247 0,283247
锌芯写写械褉卸懈胁邪械褌褋褟锌芯谢褍褔懈褌褜 0,013423 0,013423
邪写褉械褋 0,013423 0,040269
褋芯芯褌胁械褌褋褌胁懈懈 0,013423 0,026846
邪薪邪谢懈褌懈泻邪谐械褉屑邪薪懈褟械胁褉芯锌邪邪蟹懈褟械胁褉芯褋芯褞蟹 5,010635 5,010635
蟹邪谐褉褍蟹懈褌械 0,013423 0,013423
薪械褌邪薪褜褟褏褍褋褕邪械胁褉芯锌邪斜谢懈卸薪懈泄 5,010635 5,010635
褋芯芯斜褖械薪懈褟 0,013423 0,053692
械胁褉芯锌邪 2,371578 4,743156
褍泻褉芯褖械薪懈械 5,010635 5,010635
蟹邪谐褉褍蟹懈褌褜 0,013423 0,013423
蟹邪锌邪写薪芯谐芯 4,317488 4,317488
胁褍蟹芯胁褋泻芯泄 5,010635 5,010635
薪邪锌褉邪胁谢械薪懈懈 0,013423 0,013423
蟹邪屑械褔械薪薪褘褏 0,013423 0,013423
褌械谢械褎芯薪 0,013423 0,013423
褉邪胁薪芯泄 5,010635 5,010635
芯褌锌褉邪胁泻懈 0,013423 0,013423
谐谢芯斜邪谢褜薪芯谐芯 3,624341 3,624341
懈褌芯谐懈 3,912023 11,736069
褍薪懈褌邪褉薪芯屑褍 0,013423 0,026846
薪械褌邪薪褜褟褏褍 3,218876 6,437752
褋芯芯斜褖械薪懈械 0,013423 0,134230
斜械褋褋械薪褌邪谢械泻褋邪薪写褉 5,010635 5,010635
胁褘斜械褉懈褌械 0,013423 0,040269
褋褌邪褉褘械 0,013423 0,013423
锌芯锌褉芯斜褍泄褌械 0,013423 0,013423
邪薪邪谢懈褌懈泻邪褉芯褋褋懈褟锌邪褉懈卸胁 5,010635 5,010635
屑懈褉械褋褕邪褋械胁械褉薪邪褟 5,010635 5,010635
胁芯褕谢邪 3,912023 7,824046
蟹邪褖懈褌芯泄 0,013423 0,026846
薪邪褑懈泄写芯薪邪谢褜写 5,010635 5,010635
褋褌邪褌褜懈 0,013423 0,013423
锌芯写褌胁械褉写懈褌械 0,013423 0,013423
邪胁褌芯褉懈蟹邪褑懈褟 0,013423 0,013423
褉械谢懈谐懈褟 0,283247 0,283247
褎芯褉屑邪 0,013423 0,013423
谢芯谐懈薪芯屑 0,013423 0,013423
褉械泄褌懈薪谐 0,006689 0,006689
谐邪谢芯褔泻褍 0,013423 0,013423
胁褉械屑械薪械屑 5,010635 5,010635
锌械褉械褌邪褖懈褌械 0,013423 0,040269
屑邪褌械褉懈邪谢械 0,013423 0,026846
泻褍谢褜褌褍褉邪 0,292136 0,292136
泻芯褉褘褌芯 5,010635 5,010635
屑邪褌械褉懈邪谢邪 0,013423 0,026846
写卸械泻褋芯薪褎褉懈写褉懈褏 5,010635 5,010635
锌褉芯懈褋褕械褋褌胁懈褟 0,292136 0,292136
褝泻芯谢芯谐懈褔械褋泻邪褟 5,010635 5,010635
胁邪褕械谐芯 0,013423 0,013423
邪谢褜褌械褉薪邪褌懈胁褘 4,317488 4,317488
锌邪褉芯谢械屑 0,013423 0,013423
邪薪褌懈 5,010635 10,021271
褋锌芯褋芯斜褘 0,013423 0,026846
芯褌薪芯褕械薪懈泄 3,401197 6,802395
蟹邪褉械谐懈褋褌褉懈褉褍泄褌械褋褜 0,013423 0,013423
芯斜芯 0,013423 0,013423
屑懈褉械邪薪邪谢懈褌懈泻邪械胁褉芯锌邪褉芯褋褋懈褟谐械褉屑邪薪懈褟写芯薪邪谢褜写 5,010635 5,010635
薪械写胁懈卸懈屑芯褋褌褜 0,292136 0,292136
邪褋褋邪屑斜谢械褟 5,010635 5,010635
褎芯褉褍屑邪 4,317488 4,317488
写懈褋泻褍褋褋懈懈 0,013423 0,026846
蟹邪屑屑懈薪懈褋褌褉邪 3,912023 7,824046
邪胁谐褍褋褌邪 2,120264 6,360791
褉械写邪泻褌芯褉 0,013423 0,013423
褉械蟹械褉胁薪邪褟 5,010635 15,031906
褍薪懈褌邪褉薪芯械 0,013423 0,013423
褟蟹褘泻 3,401197 3,401197
褟泻芯胁械薪泻芯褉芯褋褋懈褟褋邪薪泻褌 5,010635 5,010635
谐褉邪薪懈 4,317488 8,634976
褎芯褉屑褍 0,013423 0,093961
褌械屑邪 0,013423 0,040269
芯褌锌褉邪胁谢械薪薪芯谐芯 0,013423 0,013423
褋胁褟蟹邪薪薪褘械 0,013423 0,013423
褉械泻芯屑械薪写邪褌械谢褜薪褘褏 0,013423 0,013423
写邪薪薪邪褟 0,013423 0,013423
褌褉邪薪褋褎芯褉屑邪褑懈褟 5,010635 15,031906
芯斜褉邪褌薪邪褟 0,013423 0,026846
褉懈邪 0,006689 0,314382
斜邪泄写械薪褉芯褋褋懈褟 5,010635 5,010635
锌褉芯褋褌邪胁谢褟褟 0,013423 0,013423
褋胁褟蟹邪薪薪褘褏 0,013423 0,013423
芯锌懈褕懈褌械 0,013423 0,013423
蟹邪锌芯谢薪械薪懈褟 0,013423 0,093961
锌芯谢械蟹薪芯械 0,182322 0,182322
屑械褉褑械胁褉芯褋芯褞蟹褎械写械褉邪谢褜薪邪褟 5,010635 5,010635
斜褍写褍褖械械 3,912023 15,648092
谐芯写 0,967584 1,935168
褋谢褍卸斜械 0,013423 0,013423
褞谐邪 3,624341 3,624341
褉械褋褍褉褋芯胁 3,624341 3,624341
褉械谢懈蟹芯胁 0,013423 0,013423
胁邪褕懈褏 0,013423 0,026846
锌芯褔褌褘 0,013423 0,013423
泻褉褍谐谢褘泄 3,912023 7,824046
芯泻褌褟斜褉褟 1,832581 14,660652
锌械褉褋锌械泻褌懈胁褘 3,064725 6,129450
屑邪褟 1,832581 3,665163
褌褉邪屑锌 1,609438 8,047190
锌芯褋褌邪屑械褉懈泻邪薪褋泻懈泄 5,010635 10,021271
胁芯锌褉芯褋芯屑 4,317488 8,634976
泻芯褌芯褉褘泄 1,160488 2,320975
锌械褉褋锌械泻褌懈胁褍 4,317488 4,317488
邪薪邪谢懈褌懈泻邪褋胁械褌谢邪薪邪 5,010635 5,010635
邪谐械薪褌褋褌胁芯 0,013423 0,040269
锌褉邪胁懈谢 0,013423 0,040269
屑懈褉械褋褕邪胁械薪械褋褍褝谢邪械胁褉芯锌邪写卸械褉邪谢褜写 5,010635 5,010635
邪胁褌芯褉懈蟹芯胁邪褌褜褋褟 0,013423 0,013423
邪胁褌芯褉懈蟹褍泄褌械褋褜 0,013423 0,013423
褋芯蟹写邪薪懈褞 3,624341 3,624341
邪谐械薪褌褋褌胁邪 0,013423 0,013423
褋械谐芯写薪褟 0,013423 0,067115
屑懈褉械褋褕邪邪屑械褉懈泻邪褉芯褋褋懈褟邪谢械泻褋邪薪写褉 5,010635 5,010635
褉邪褋褕懈褉械薪薪褘泄 0,013423 0,013423
写芯泻谢邪写 5,010635 10,021271
褋芯蟹写邪褌褜 3,064725 3,064725
谐械芯锌芯谢懈褌懈泻邪 5,010635 5,010635
薪芯胁褘械褋薪邪褔邪谢邪 0,013423 0,013423
薪械写械谢懈屑芯泄 5,010635 5,010635
芯褌褉懈褑邪薪懈械 5,010635 5,010635
谐械褌褌芯 4,317488 4,317488
邪屑械褉懈泻懈 3,912023 3,912023
褕邪锌泻邪 0,013423 0,013423
芯褌锌褉邪胁懈褌褜 0,013423 0,147653
锌褉芯写芯谢卸懈褌褜 0,013423 0,013423
邪薪邪谢懈褌懈泻邪褉懈邪 5,010635 5,010635
褉械褕械薪懈懈 0,013423 0,013423
褋褌褉邪褋褌懈 5,010635 5,010635
邪谢械泻褋邪薪写褉邪 2,612740 5,225480
邪薪邪谢懈褌懈泻邪邪薪邪谢懈褌懈泻邪褉芯褋褋懈褟械胁褉芯锌邪褋褕邪褎械写芯褉 5,010635 5,010635
褋褌褉芯锌褌懈胁芯谐芯 5,010635 5,010635
胁芯褋锌芯谢褜蟹褍泄褌械褋褜 0,013423 0,040269
褍褔邪褋褌懈械 0,006689 0,006689
邪泻泻邪褍薪褌 0,013423 0,053692
锌褍褌懈薪谐械薪械褉邪谢褜薪邪褟 5,010635 5,010635
褝泻芯薪芯屑懈泻邪 0,292136 0,876409
芯斜褋褍卸写械薪懈械 0,013423 0,013423
泻褉械邪褌懈胁薪邪褟 5,010635 10,021271
懈褋锌芯谢褜蟹芯胁邪褌褜 0,013423 0,013423
芯锌械褔邪褌泻邪 0,013423 0,013423
芯褉谐邪薪懈蟹邪褑懈褞 3,218876 3,218876
斜谢芯泻懈褉芯胁泻懈 0,013423 0,013423
褝泻芯薪芯屑懈泻懈 3,624341 3,624341
芯薪谢邪泄薪 0,013423 0,013423
屑械褕邪械褌 5,010635 5,010635
芯锌褘褌邪 3,624341 3,624341
泻芯薪褌邪泻褌芯胁 0,013423 0,013423
锌械褉械锌褉芯褕懈褌褜 5,010635 5,010635
锌芯褔褌邪 0,013423 0,080538
屑芯写械谢懈 3,912023 3,912023
邪锌褉械谢褟 0,013423 0,013423
泻懈械胁 2,302585 2,302585
懈褋褌芯褉懈褟 1,484275 5,937099
锌械褌械褉斜褍褉谐斜谢懈卸薪懈泄 5,010635 5,010635
褎邪屑懈谢懈褟 0,013423 0,013423
邪薪邪谢懈褌懈泻邪褍泻褉邪懈薪邪褉芯褋褋懈褟械胁褉芯锌邪写卸芯褉写卸 5,010635 5,010635
薪邪屑懈 0,013423 0,093961
褟薪写械泻褋 0,013423 0,026846
褍写邪谢懈谢懈 0,013423 0,040269
谢懈斜芯 0,013423 0,013423
胁邪泻邪薪褋懈懈 0,013423 0,013423
邪泻泻邪褍薪褌褍 0,013423 0,013423
芯褌泻褉褘胁邪械屑芯谐芯 0,013423 0,026846
斜械蟹芯锌邪褋薪芯褋褌懈 2,177422 2,177422
薪邪卸懈屑邪褟 0,013423 0,013423
锌芯懈褋泻 0,013423 0,013423
胁邪屑懈 0,013423 0,013423
薪械写芯锌褍褋褌懈屑芯械 0,013423 0,013423
锌械褉械锌褉芯褕懈胁邪薪懈械 5,010635 10,021271
褋褍胁械褉械薪薪芯泄 5,010635 5,010635
褋芯谐谢邪褋薪褘 0,013423 0,040269
懈褋褌械泻 0,013423 0,013423
褌褉械褌褜褟 5,010635 10,021271
锌褉械写锌褉懈褟褌懈褞 0,013423 0,026846
褉械泻谢邪屑褘 0,013423 0,013423
谐褍褌械褉褉懈褕胁谢邪写懈屑懈褉 5,010635 5,010635
褏芯褔械褌 2,120264 4,240527
胁薪懈屑邪薪懈械 0,013423 0,013423
锌褉懈薪懈屑邪褌褜 0,013423 0,013423
褋屑芯卸械褌械 0,013423 0,013423
谐芯写邪 0,006689 0,020067
锌芯谢褍褕邪褉懈械 5,010635 10,021271
褑懈胁懈谢懈蟹邪褑懈芯薪薪邪褟 5,010635 10,021271
屑懈褉褕邪泄屑械褉褉邪写芯褋谢邪胁 5,010635 5,010635
褏械谢褜褋懈薪泻褋泻芯谐芯 5,010635 5,010635
芯蟹薪邪泻芯屑谢械薪褘 0,013423 0,013423
芯褑械薪懈谢懈 3,064725 3,064725
屑芯懈褏 0,013423 0,026846
锌褉邪胁芯锌芯褉褟写泻邪 5,010635 10,021271
屑懈褉械薪邪褌芯褕芯褋械胁褉邪蟹懈泄褋泻懈泄 5,010635 5,010635
锌褉械写锌褉懈褟褌懈械 0,013423 0,013423
邪谢褟褋泻懈 4,317488 4,317488
邪薪邪谢懈褌懈泻邪褉芯褋褋懈褟懈薪写懈褟 5,010635 5,010635
薪邪褍泻邪 0,292136 0,292136
芯斜褋褍卸写械薪懈褟 0,013423 0,013423
斜谢芯泻懈褉芯胁泻芯泄 0,013423 0,040269
