законным 0,013423 0,013423
декабре 3,218876 3,218876
рф 1,181994 7,091963
новый 0,013423 0,013423
найти 0,013423 0,013423
основанием 0,013423 0,013423
письмо 0,013423 0,013423
спасибо 0,013423 0,013423
ребенок 3,624341 7,248682
ск 2,931194 32,243131
факту 3,912023 3,912023
согласие 0,013423 0,026846
центр 0,190354 0,190354
ст 2,813411 2,813411
одну 2,813411 2,813411
доступ 0,013423 0,026846
согласия 3,401197 3,401197
миа 0,013423 0,093961
детскую 5,010635 5,010635
задать 0,013423 0,013423
теги 0,190354 0,190354
уголовное 3,912023 15,648092
автору 0,013423 0,013423
связаться 0,013423 0,080538
должны 0,013423 0,013423
г 0,013423 0,026846
д 0,013423 0,026846
реклама 0,190354 0,190354
фото 0,013423 0,053692
политика 0,013423 0,026846
связь 0,006689 0,013378
готово 0,013423 0,026846
течение 0,013423 0,013423
ч 2,612740 2,612740
родительских 4,317488 4,317488
информационных 0,013423 0,013423
размещения 0,013423 0,013423
конфиденциальности 0,013423 0,053692
связи 0,013423 0,080538
передана 5,010635 5,010635
заголовок 0,013423 0,026846
ук 3,912023 3,912023
дело 1,919593 21,115521
процесса 0,013423 0,013423
адресу 0,013423 0,026846
проблему 0,013423 0,013423
время 0,013423 0,013423
данных 0,013423 0,107384
происшествияроссиявеликий 5,010635 5,010635
письма 0,013423 0,013423
новгород 3,218876 16,094379
часов 0,013423 0,026846
отдела 5,010635 5,010635
соглашаетесь 0,013423 0,013423
ранее 0,013423 0,013423
восстановления 0,013423 0,013423
главный 0,013423 0,013423
данные 0,013423 0,013423
ушла 5,010635 5,010635
региону 5,010635 5,010635
разблокировать 0,013423 0,040269
город 0,013423 0,013423
девочку 5,010635 15,031906
нашли 2,445686 4,891372
верхней 2,931194 26,380744
фотографию 0,013423 0,013423
обращаем 0,013423 0,013423
отправлено 0,013423 0,013423
написать 0,013423 0,013423
новостеймолния 0,013423 0,013423
одноклассники 0,013423 0,026846
сначала 0,013423 0,013423
показать 0,013423 0,013423
кнопку 0,013423 0,013423
коммуникаций 0,013423 0,013423
пароль 0,013423 0,080538
пароля 0,013423 0,053692
перейдите 0,013423 0,013423
обязанностей 3,912023 3,912023
вход 0,013423 0,013423
девочка 4,317488 4,317488
продукты 0,150823 0,150823
читать 0,851752 0,851752
закрыто 0,013423 0,013423
удалено 0,013423 0,013423
сколько 0,006689 0,006689
гаврилова 0,013423 0,013423
материалов 0,013423 0,040269
девочки 2,931194 20,518356
отправлена 0,013423 0,013423
полиция 3,912023 3,912023
чате 0,013423 0,013423
новгородский 3,218876 19,313255
расположенному 0,013423 0,026846
чату 0,013423 0,013423
редакцией 0,013423 0,013423
летнюю 3,912023 3,912023
федерацииавтомобиль 5,010635 5,010635
неисполнение 4,317488 4,317488
учредитель 0,013423 0,013423
рассмотрены 0,013423 0,013423
мое 0,013423 0,026846
ссылка 0,013423 0,026846
ссылке 0,013423 0,013423
говорится 2,371578 2,371578
перетяните 0,013423 0,013423
ссылки 0,013423 0,013423
помочь 0,013423 0,013423
архив 0,190354 0,190354
ошибках 0,013423 0,013423
обязательны 0,013423 0,093961
раздетой 5,010635 5,010635
комитета 3,218876 6,437752
выпуска 0,013423 0,013423
списка 0,013423 0,013423
формой 0,013423 0,053692
роскомнадзор 0,013423 0,013423
администрации 3,401197 13,604790
блокировался 0,013423 0,013423
завели 4,317488 4,317488
москва 0,006689 0,013378
воспользоваться 0,013423 0,013423
российской 1,678431 3,356862
входа 0,013423 0,013423
законодательства 3,624341 3,624341
разыскала 5,010635 5,010635
моё 0,013423 0,013423
гулявшей 3,218876 19,313255
федеральное 0,013423 0,013423
федеральной 0,013423 0,013423
международное 0,013423 0,040269
будут 0,013423 0,013423
новостей 0,006689 0,006689
которой 2,238047 2,238047
политикой 0,013423 0,040269
лица 2,525729 2,525729
демянской 5,010635 5,010635
обработки 0,013423 0,026846
даю 0,013423 0,026846
обработку 0,013423 0,026846
великого 3,064725 9,194175
обратной 0,013423 0,067115
подкасты 0,292136 0,292136
редакции 0,013423 0,026846
обращений 0,013423 0,013423
обработка 0,013423 0,013423
это 0,013423 0,013423
сотрудниками 5,010635 15,031906
описанием 0,013423 0,013423
новую 0,013423 0,013423
массовых 0,013423 0,013423
найден 4,317488 4,317488
пройдена 0,013423 0,013423
используется 0,013423 0,013423
зарегистрироваться 0,013423 0,053692
пожаловаться 0,013423 0,013423
новости 0,006689 0,073579
войти 0,013423 0,053692
электронной 0,013423 0,013423
завел 3,218876 19,313255
улице 3,218876 19,313255
мире 0,274437 0,274437
эл 0,013423 0,013423
действия 0,013423 0,013423
радио 0,274437 0,274437
дзен 0,851752 0,851752
защита 0,013423 0,013423
регистрация 0,013423 0,040269
почему 0,013423 0,013423
использования 0,013423 0,013423
восстановление 0,013423 0,040269
вопросам 0,013423 0,026846
новое 2,525729 17,680101
государственное 0,013423 0,013423
следственный 3,624341 18,121705
вконтакте 0,013423 0,026846
спецпроекты 0,190354 0,190354
просим 0,013423 0,013423
навсегда 0,013423 0,013423
заблокирован 0,013423 0,013423
нарушение 0,013423 0,053692
ошибку 0,013423 0,013423
защиты 0,013423 0,013423
недосмотра 5,010635 5,010635
назад 0,013423 0,067115
обращения 0,013423 0,026846
ошибка 0,013423 0,013423
великом 5,010635 10,021271
вопрос 0,006689 0,006689
зубовский 0,013423 0,026846
подтверждаете 0,013423 0,013423
заполнить 0,013423 0,026846
осуществляется 0,013423 0,013423
ваш 0,013423 0,053692
имя 0,013423 0,067115
другие 0,013423 0,026846
общество 0,265703 0,265703
округа 5,010635 15,031906
надзору 0,013423 0,013423
ребенка 2,525729 7,577186
срок 0,013423 0,026846
издание 0,013423 0,013423
бульвар 0,013423 0,026846
хотите 0,013423 0,013423
заполните 0,013423 0,067115
технологий 0,013423 0,026846
сетевое 0,013423 0,013423
вновь 0,013423 0,013423
фев 1,399717 1,399717
сменить 0,013423 0,013423
материал 0,013423 0,013423
участвовать 0,013423 0,026846
обнаружения 5,010635 5,010635
сообщить 0,013423 0,013423
следователем 5,010635 5,010635
успешно 0,013423 0,013423
скриншот 0,013423 0,040269
федерации 2,177422 2,177422
автомобиль 3,624341 3,624341
лента 0,006689 0,013378
областную 5,010635 5,010635
заблокированы 0,013423 0,013423
спорт 0,190354 0,190354
сфере 0,013423 0,013423
матери 3,624341 3,624341
уточняет 2,708050 2,708050
свидетельство 0,013423 0,013423
правила 0,013423 0,026846
взаимодействия 0,013423 0,026846
межрайонного 5,010635 5,010635
сохранить 0,013423 0,013423
информационное 0,013423 0,040269
комментирования 0,013423 0,026846
пресс 0,013423 0,040269
россии 0,395515 2,768603
применения 0,013423 0,013423
суск 5,010635 10,021271
незапертой 5,010635 5,010635
федеральному 0,013423 0,026846
персональных 0,013423 0,107384
произошла 0,013423 0,013423
дата 0,013423 0,013423
ваше 0,013423 0,107384
сайте 0,013423 0,013423
демянского 5,010635 15,031906
ваши 0,013423 0,013423
фио 0,013423 0,013423
восстановить 0,013423 0,013423
пожалуйста 0,013423 0,013423
ниже 0,013423 0,040269
версия 0,013423 0,013423
вопроса 0,013423 0,013423
полномочий 3,401197 10,203592
россия 0,006689 0,107024
поля 0,013423 0,093961
января 1,160488 3,481463
государственному 0,013423 0,026846
регистрации 0,013423 0,026846
новгороде 5,010635 10,021271
сообщении 5,010635 5,010635
поле 0,013423 0,013423
сайт 0,013423 0,026846
великий 2,813411 14,067054
сервисы 0,190354 0,190354
новгорода 4,317488 12,952464
зарегистрировано 0,013423 0,013423
другое 0,013423 0,013423
туризм 0,283247 0,283247
поддерживаетсяполучить 0,013423 0,013423
адрес 0,013423 0,040269
представителя 3,912023 3,912023
законного 5,010635 5,010635
соответствии 0,013423 0,026846
загрузите 0,013423 0,013423
сообщения 0,013423 0,053692
загрузить 0,013423 0,013423
направлении 0,013423 0,013423
замеченных 0,013423 0,013423
телефон 0,013423 0,013423
отправки 0,013423 0,013423
передачу 3,624341 3,624341
унитарному 0,013423 0,026846
сообщение 0,013423 0,134230
выберите 0,013423 0,040269
старые 0,013423 0,013423
попробуйте 0,013423 0,013423
превышения 4,317488 4,317488
временную 4,317488 4,317488
превышении 5,010635 10,021271
защитой 0,013423 0,026846
статьи 0,013423 0,013423
подтвердите 0,013423 0,013423
авторизация 0,013423 0,013423
возбуждено 4,317488 17,269952
религия 0,283247 0,283247
форма 0,013423 0,013423
логином 0,013423 0,013423
рейтинг 0,006689 0,006689
галочку 0,013423 0,013423
больницу 3,912023 3,912023
сообщила 3,064725 3,064725
перетащите 0,013423 0,040269
материале 0,013423 0,026846
культура 0,292136 0,292136
действующего 4,317488 4,317488
материала 0,013423 0,026846
происшествия 0,292136 1,168546
прохожие 4,317488 4,317488
вашего 0,013423 0,013423
паролем 0,013423 0,013423
способы 0,013423 0,026846
зарегистрируйтесь 0,013423 0,013423
обо 0,013423 0,013423
недвижимость 0,292136 0,292136
позднее 3,624341 3,624341
дискуссии 0,013423 0,026846
редактор 0,013423 0,013423
фгуп 0,499776 2,498879
унитарное 0,013423 0,013423
дней 1,832581 1,832581
форму 0,013423 0,093961
тема 0,013423 0,040269
отправленного 0,013423 0,013423
связанные 0,013423 0,013423
рекомендательных 0,013423 0,013423
данная 0,013423 0,013423
управления 2,813411 2,813411
служба 2,238047 2,238047
обратная 0,013423 0,026846
риа 0,006689 0,066890
проставляя 0,013423 0,013423
связанных 0,013423 0,013423
опишите 0,013423 0,013423
заполнения 0,013423 0,093961
полезное 0,182322 0,182322
новгородследственный 5,010635 5,010635
квартире 3,064725 3,064725
службе 0,013423 0,013423
релизов 0,013423 0,013423
ваших 0,013423 0,026846
комитет 3,064725 18,388351
почты 0,013423 0,013423
родственнице 5,010635 5,010635
поместили 5,010635 5,010635
оставили 4,317488 4,317488
родственницу 5,010635 5,010635
агентство 0,013423 0,040269
правил 0,013423 0,040269
авторизоваться 0,013423 0,013423
авторизуйтесь 0,013423 0,013423
агентства 0,013423 0,013423
сегодня 0,013423 0,134230
расширенный 0,013423 0,013423
щусева 5,010635 5,010635
новыесначала 0,013423 0,013423
несколько 1,752539 1,752539
шапка 0,013423 0,013423
отправить 0,013423 0,147653
продолжить 0,013423 0,013423
решении 0,013423 0,013423
начале 2,445686 7,337058
валдайского 5,010635 5,010635
воспользуйтесь 0,013423 0,040269
участие 0,006689 0,006689
архивное 1,373049 1,373049
аккаунт 0,013423 0,053692
разрешение 3,912023 3,912023
экономика 0,292136 0,292136
обсуждение 0,013423 0,013423
использовать 0,013423 0,013423
опечатка 0,013423 0,013423
блокировки 0,013423 0,013423
онлайн 0,013423 0,013423
выдали 5,010635 5,010635
контактов 0,013423 0,013423
обнаружен 5,010635 5,010635
почта 0,013423 0,080538
апреля 0,013423 0,013423
родственницы 5,010635 5,010635
вскоре 4,317488 4,317488
фамилия 0,013423 0,013423
регионального 3,401197 3,401197
нами 0,013423 0,093961
яндекс 0,013423 0,026846
удалили 0,013423 0,040269
либо 0,013423 0,013423
вакансии 0,013423 0,013423
аккаунту 0,013423 0,013423
открываемого 0,013423 0,026846
нажимая 0,013423 0,013423
поиск 0,013423 0,013423
вами 0,013423 0,013423
муниципального 5,010635 5,010635
недопустимое 0,013423 0,013423
следственного 4,317488 12,952464
согласны 0,013423 0,040269
истек 0,013423 0,013423
одежды 3,064725 27,582526
предприятию 0,013423 0,026846
рекламы 0,013423 0,013423
внимание 0,013423 0,013423
принимать 0,013423 0,013423
сможете 0,013423 0,013423
года 0,006689 0,013378
ознакомлены 0,013423 0,013423
должностные 5,010635 5,010635
моих 0,013423 0,026846
предприятие 0,013423 0,013423
выяснилось 3,624341 3,624341
наука 0,292136 0,292136
должностных 5,010635 15,031906
обсуждения 0,013423 0,013423
блокировкой 0,013423 0,040269
