законным 0,013423 0,013423
рф 1,181994 2,363988
севера 3,064725 3,064725
найти 0,013423 0,013423
основанием 0,013423 0,013423
письмо 0,013423 0,013423
спасибо 0,013423 0,013423
заявил 1,427116 4,281349
согласие 0,013423 0,026846
центр 0,190354 0,190354
сотрудники 3,218876 3,218876
сс 5,010635 5,010635
су 3,624341 3,624341
заявление 2,445686 12,228430
людей 2,445686 2,445686
связаться 0,013423 0,080538
пусть 3,912023 3,912023
реклама 0,190354 0,190354
фото 0,013423 0,013423
галузинигорь 4,317488 4,317488
связь 0,006689 0,020067
внезапно 4,317488 4,317488
обморок 5,010635 5,010635
готово 0,013423 0,026846
оконфузился 5,010635 5,010635
украинеобществороссиядмитрий 5,010635 5,010635
область 1,714798 1,714798
украинероссиядмитрий 4,317488 8,634976
информационных 0,013423 0,013423
прогремела 5,010635 5,010635
назвал 1,875141 5,625423
размещения 0,013423 0,013423
делам 3,064725 3,064725
конфиденциальности 0,013423 0,053692
связи 0,013423 0,080538
заголовок 0,013423 0,026846
хранилище 4,317488 4,317488
генерала 5,010635 5,010635
ловушку 4,317488 4,317488
продолжает 3,218876 3,218876
седьмая 5,010635 5,010635
процесса 0,013423 0,013423
умеровмирный 4,317488 4,317488
двухчасовые 5,010635 5,010635
адресу 0,013423 0,026846
проблему 0,013423 0,013423
изменит 4,317488 8,634976
спасаются 5,010635 5,010635
усилиях 5,010635 5,010635
весной 3,401197 3,401197
данных 0,013423 0,120807
проблемы 2,238047 2,238047
жители 2,931194 2,931194
ракетчики 2,931194 2,931194
посмотреть 2,177422 2,177422
письма 0,013423 0,013423
горючего 4,317488 4,317488
переговорщики 4,317488 4,317488
часов 0,013423 0,026846
распылили 5,010635 5,010635
соглашаетесь 0,013423 0,013423
прогремели 4,317488 4,317488
ситуацию 4,317488 4,317488
главный 0,013423 0,013423
данные 0,013423 0,013423
гранью 5,010635 5,010635
обещали 5,010635 5,010635
индии 5,010635 5,010635
украина 1,875141 1,875141
ушли 4,317488 4,317488
нашли 2,445686 2,445686
украиныродион 5,010635 5,010635
территорий 4,317488 4,317488
фотографию 0,013423 0,013423
мюнхене 4,317488 8,634976
отправлено 0,013423 0,013423
колумбийских 4,317488 4,317488
украине 1,427116 97,043912
сначала 0,013423 0,013423
украину 2,612740 5,225480
украины 1,832581 10,995489
украинской 2,445686 4,891372
изменении 3,912023 3,912023
перейдите 0,013423 0,013423
рекордное 5,010635 5,010635
победу 3,218876 3,218876
подробности 5,010635 5,010635
мирные 4,317488 4,317488
закрыто 0,013423 0,013423
сколько 0,006689 0,006689
могут 1,643339 1,643339
материалов 0,013423 0,067115
отправлена 0,013423 0,013423
чате 0,013423 0,013423
кремле 2,371578 4,743156
разведчики 5,010635 5,010635
раскрыли 3,624341 14,497364
выступил 5,010635 5,010635
чату 0,013423 0,013423
редакцией 0,013423 0,013423
сторону 3,064725 3,064725
поддержки 2,931194 5,862388
украинероссияукраинадмитрий 3,912023 3,912023
откроются 4,317488 4,317488
рассмотрены 0,013423 0,013423
трудоустройстве 3,401197 6,802395
осталось 3,624341 3,624341
обороны 2,177422 2,177422
поумнее 2,708050 2,708050
перетяните 0,013423 0,013423
архив 0,190354 0,190354
контратаки 5,010635 5,010635
военная 2,120264 146,298184
специальная 2,066196 142,567546
ошибках 0,013423 0,013423
сша 1,118815 17,901040
плена 5,010635 5,010635
выпуска 0,013423 0,013423
списка 0,013423 0,013423
формой 0,013423 0,053692
сальдо 5,010635 5,010635
компетенции 3,218876 6,437752
суверенитета 4,317488 4,317488
ляйен 5,010635 5,010635
интерактивная 3,218876 3,218876
федеральное 0,013423 0,013423
федеральной 0,013423 0,013423
освобождения 4,317488 4,317488
боком 4,317488 4,317488
конференции 3,624341 7,248682
вэб 5,010635 10,021271
краснодарском 3,401197 3,401197
котел 5,010635 5,010635
международное 0,013423 0,040269
зеленскому 4,317488 4,317488
опасности 3,624341 3,624341
армии 2,708050 5,416100
будут 0,013423 0,013423
опасность 3,401197 3,401197
новостей 0,006689 0,006689
сигнал 3,064725 3,064725
кушнера 5,010635 5,010635
зона 4,317488 4,317488
закончится 3,624341 3,624341
армия 2,708050 5,416100
жизни 2,120264 2,120264
силовики 5,010635 5,010635
возобновлении 4,317488 4,317488
прямо 2,931194 2,931194
зоне 2,931194 8,793581
обратной 0,013423 0,067115
слова 3,912023 7,824046
подкасты 0,292136 0,292136
средств 2,813411 2,813411
миреукраинароссияпольшаукраинская 5,010635 5,010635
беженка 5,010635 5,010635
украинские 2,931194 2,931194
взрывов 4,317488 4,317488
группу 3,401197 3,401197
произошедшем 5,010635 5,010635
газ 2,931194 2,931194
катастрофе 4,317488 12,952464
описанием 0,013423 0,013423
привлекать 5,010635 5,010635
украинысеверный 5,010635 5,010635
загнали 3,912023 3,912023
используется 0,013423 0,013423
потерявших 5,010635 5,010635
спецоперация 3,624341 7,248682
мединскийрустем 4,317488 4,317488
мире 0,274437 0,823311
уничтожили 3,624341 10,873023
эл 0,013423 0,013423
мира 1,791759 5,375278
расчетов 3,912023 3,912023
избежание 4,317488 4,317488
дипломатию 5,010635 5,010635
почему 0,013423 0,013423
энергетические 3,064725 3,064725
вопросам 0,013423 0,026846
вконтакте 0,013423 0,026846
области 1,919593 7,678371
захарова 2,813411 5,626821
навсегда 0,013423 0,013423
нарушение 0,013423 0,040269
заявлением 3,624341 3,624341
назад 0,013423 0,067115
спецоперации 2,525729 7,577186
аналитика 2,177422 2,177422
зубовский 0,013423 0,026846
штурмовиков 5,010635 5,010635
заполнить 0,013423 0,026846
пожаловался 4,317488 4,317488
осуществляется 0,013423 0,013423
общество 0,265703 0,265703
другие 0,013423 0,040269
надзору 0,013423 0,013423
нового 1,678431 1,678431
катастрофой 4,317488 4,317488
стороной 3,218876 3,218876
издание 0,013423 0,013423
украинеобществороссиявэб 5,010635 5,010635
бульвар 0,013423 0,026846
путиннатовооруженные 5,010635 5,010635
хотите 0,013423 0,013423
заполните 0,013423 0,067115
макрона 4,317488 4,317488
противоречивое 5,010635 5,010635
сетевое 0,013423 0,013423
раскрыта 3,912023 3,912023
вновь 0,013423 0,013423
сменить 0,013423 0,013423
стоит 1,714798 1,714798
участвовать 0,013423 0,026846
вылетом 4,317488 4,317488
сообщить 0,013423 0,013423
скриншот 0,013423 0,040269
сломали 5,010635 5,010635
медведевроссия 5,010635 5,010635
ударил 4,317488 4,317488
спорт 0,190354 0,190354
одессе 5,010635 5,010635
детьми 3,912023 7,824046
взаимодействия 0,013423 0,026846
сосредоточили 5,010635 5,010635
крах 4,317488 4,317488
сделала 3,624341 3,624341
осени 2,931194 2,931194
сумской 5,010635 5,010635
мухобойки 5,010635 5,010635
буданов 3,401197 3,401197
сохранить 0,013423 0,013423
песковкайя 3,912023 3,912023
левитт 5,010635 5,010635
сделали 3,064725 12,258901
информационное 0,013423 0,040269
крае 3,218876 3,218876
смириться 5,010635 5,010635
федеральному 0,013423 0,026846
поможет 2,525729 2,525729
важное 2,525729 2,525729
российские 2,238047 6,714140
требования 2,525729 5,051457
женщины 3,064725 3,064725
совфеде 5,010635 5,010635
опровергли 5,010635 5,010635
фио 0,013423 0,013423
образование 3,401197 3,401197
пожалуйста 0,013423 0,013423
решающей 5,010635 10,021271
ниже 0,013423 0,040269
версия 0,013423 0,013423
арторудий 5,010635 5,010635
поля 0,013423 0,093961
тревожным 5,010635 5,010635
государственному 0,013423 0,026846
доме 3,624341 3,624341
европе 2,238047 2,238047
поле 0,013423 0,013423
сложным 3,624341 7,248682
истерика 3,912023 3,912023
зарегистрировано 0,013423 0,013423
европу 3,064725 3,064725
туризм 0,283247 0,283247
резкое 4,317488 4,317488
адрес 0,013423 0,040269
соответствии 0,013423 0,026846
загрузите 0,013423 0,013423
беспилотную 3,912023 3,912023
сообщения 0,013423 0,053692
загрузить 0,013423 0,013423
направлении 0,013423 0,013423
солдаты 5,010635 5,010635
первого 2,813411 2,813411
замеченных 0,013423 0,013423
телефон 0,013423 0,013423
собираются 3,218876 3,218876
передачу 3,624341 3,624341
сопротивление 5,010635 5,010635
раскопки 5,010635 5,010635
сообщение 0,013423 0,134230
старые 0,013423 0,013423
попробуйте 0,013423 0,013423
территориям 5,010635 5,010635
приближают 3,218876 6,437752
поражении 5,010635 5,010635
оаэ 4,317488 4,317488
войска 3,912023 3,912023
пользу 3,064725 3,064725
четкий 3,218876 3,218876
статьи 0,013423 0,013423
ядерное 3,218876 3,218876
подтвердите 0,013423 0,013423
россией 2,931194 8,793581
перетащите 0,013423 0,040269
материале 0,013423 0,026846
культура 0,292136 0,292136
приготовили 3,064725 3,064725
материала 0,013423 0,026846
миреукраинароссияшвециявладимир 5,010635 5,010635
происшествия 0,292136 0,292136
сообщили 3,218876 6,437752
вашего 0,013423 0,013423
паролем 0,013423 0,013423
зарегистрируйтесь 0,013423 0,013423
обо 0,013423 0,013423
медведев 2,612740 33,965620
каллас 2,612740 5,225480
положения 4,317488 4,317488
форуме 3,912023 3,912023
редактор 0,013423 0,013423
получить 1,752539 1,752539
вооруженные 2,371578 4,743156
фон 5,010635 5,010635
исключительно 2,708050 5,416100
бедствий 3,064725 3,064725
зимой 2,813411 2,813411
отправленного 0,013423 0,013423
разработали 4,317488 4,317488
вооруженных 2,813411 2,813411
связанные 0,013423 0,013423
зарубиневросоюзв 3,912023 3,912023
стив 3,401197 3,401197
сделать 1,752539 1,752539
погубят 3,064725 3,064725
кадыров 5,010635 5,010635
предупреждением 5,010635 10,021271
решено 3,624341 3,624341
обратная 0,013423 0,026846
риа 0,006689 0,013378
связанных 0,013423 0,013423
опишите 0,013423 0,013423
переговоры 2,177422 4,354844
почты 0,013423 0,013423
трамп 1,609438 6,437752
генштаб 4,317488 4,317488
агентство 0,013423 0,040269
уроженцах 5,010635 5,010635
масштабной 4,317488 4,317488
делегации 2,931194 2,931194
обеспечили 2,931194 2,931194
агентства 0,013423 0,013423
сегодня 0,013423 0,067115
отчаянное 5,010635 5,010635
создать 3,064725 3,064725
казусе 5,010635 5,010635
битве 3,912023 7,824046
неожиданным 5,010635 10,021271
пределе 5,010635 5,010635
шапка 0,013423 0,013423
отправить 0,013423 0,147653
продолжить 0,013423 0,013423
используются 2,612740 5,225480
решение 1,791759 1,791759
решении 0,013423 0,013423
рассказал 1,347074 12,123663
убегают 5,010635 5,010635
выступили 5,010635 20,042541
ради 3,912023 3,912023
фронты 5,010635 5,010635
бойцов 3,624341 3,624341
воспользуйтесь 0,013423 0,040269
аккаунт 0,013423 0,053692
фоне 3,218876 3,218876
экономика 0,292136 0,292136
сырский 5,010635 5,010635
обсуждение 0,013423 0,013423
центра 3,064725 3,064725
блокировки 0,013423 0,013423
убийств 5,010635 5,010635
обманывают 5,010635 5,010635
почта 0,013423 0,080538
украинедмитрий 5,010635 10,021271
фамилия 0,013423 0,013423
пишет 2,177422 2,177422
решения 2,238047 2,238047
яндекс 0,013423 0,026846
удалили 0,013423 0,040269
либо 0,013423 0,013423
высказались 5,010635 25,053176
аккаунту 0,013423 0,013423
открываемого 0,013423 0,026846
наемников 3,912023 3,912023
поиск 0,013423 0,013423
россияобщество 4,317488 12,952464
покушением 5,010635 5,010635
украиной 3,624341 7,248682
согласны 0,013423 0,040269
тревогу 5,010635 5,010635
рекламы 0,013423 0,013423
женеве 2,371578 4,743156
встречу 2,931194 2,931194
площадку 3,218876 3,218876
готовятся 3,401197 3,401197
фронте 3,624341 3,624341
опасные 5,010635 5,010635
отказались 5,010635 5,010635
подходит 2,525729 2,525729
заявили 3,218876 22,532131
встречи 2,445686 2,445686
заявила 3,624341 3,624341
мер 3,624341 3,624341
украинероссияекатеринбургединая 5,010635 5,010635
событием 3,624341 7,248682
бпла 3,401197 17,005987
обсуждения 0,013423 0,013423
активно 3,064725 3,064725
женевы 4,317488 4,317488
блокировкой 0,013423 0,040269
банду 2,708050 2,708050
миресшадонбассдональд 4,317488 4,317488
новый 0,013423 0,026846
промышленные 5,010635 5,010635
новые 1,643339 1,643339
уиткоффджаред 4,317488 4,317488
река 3,912023 3,912023
повстанческая 4,317488 4,317488
выборах 4,317488 4,317488
доступ 0,013423 0,026846
миа 0,013423 0,026846
планов 4,317488 4,317488
украинев 3,401197 20,407184
решили 3,218876 3,218876
задать 0,013423 0,013423
теги 0,190354 0,190354
автору 0,013423 0,013423
забили 3,218876 3,218876
медведевединая 5,010635 10,021271
должны 0,013423 0,013423
г 0,013423 0,026846
ударе 5,010635 5,010635
д 0,013423 0,026846
политика 0,013423 0,026846
силы 2,014903 10,074515
макрон 3,912023 3,912023
стихийных 2,931194 2,931194
ветеранам 4,317488 4,317488
течение 0,013423 0,013423
гениальная 4,317488 4,317488
царит 5,010635 5,010635
русские 3,912023 7,824046
мир 1,966113 1,966113
обновленные 5,010635 5,010635
тцк 4,317488 4,317488
время 0,013423 0,013423
выстрелил 5,010635 5,010635
штурмовики 5,010635 5,010635
хотят 2,813411 2,813411
новым 3,218876 3,218876
ранее 0,013423 0,013423
восстановления 0,013423 0,013423
придется 2,813411 2,813411
черниговской 4,317488 4,317488
резко 3,912023 7,824046
украинеукраинаднепропетровскднепр 5,010635 5,010635
провел 2,525729 2,525729
бойцы 3,624341 7,248682
разблокировать 0,013423 0,040269
город 0,013423 0,013423
призвал 2,813411 5,626821
налетов 4,317488 4,317488
украинцев 2,525729 5,051457
обращаем 0,013423 0,013423
мединский 2,612740 2,612740
трампукраинапереговоры 4,317488 4,317488
написать 0,013423 0,013423
новостеймолния 0,013423 0,013423
последствия 1,966113 1,966113
одноклассники 0,013423 0,026846
херсоне 4,317488 4,317488
поляков 3,912023 3,912023
показать 0,013423 0,013423
кнопку 0,013423 0,013423
коммуникаций 0,013423 0,013423
русских 3,064725 3,064725
пароль 0,013423 0,080538
пароля 0,013423 0,053692
последствий 2,525729 2,525729
двуличное 5,010635 5,010635
киеве 2,612740 7,838220
вход 0,013423 0,013423
прокомментировала 4,317488 4,317488
продукты 0,150823 0,150823
удалено 0,013423 0,013423
гаврилова 0,013423 0,013423
меры 2,612740 2,612740
участниках 3,624341 3,624341
киева 2,708050 5,416100
мирелитвавооруженные 5,010635 5,010635
расположенному 0,013423 0,026846
разрешила 5,010635 5,010635
люди 2,238047 2,238047
уиткофф 3,401197 3,401197
чечни 4,317488 4,317488
учредитель 0,013423 0,013423
крупном 4,317488 4,317488
шлет 5,010635 5,010635
мое 0,013423 0,026846
ссылка 0,013423 0,026846
ссылке 0,013423 0,013423
семьях 5,010635 5,010635
долларов 2,931194 5,862388
ссылки 0,013423 0,013423
помочь 0,013423 0,013423
извиниться 5,010635 5,010635
обязательны 0,013423 0,093961
костюков 4,317488 4,317488
карта 2,931194 2,931194
крайроссиямчс 5,010635 5,010635
роскомнадзор 0,013423 0,013423
блокировался 0,013423 0,013423
пришли 3,624341 3,624341
утверждает 3,218876 3,218876
медведевроссияекатеринбургединая 5,010635 5,010635
придумали 3,401197 3,401197
преимущество 4,317488 4,317488
москва 0,006689 0,013378
воспользоваться 0,013423 0,013423
мирошник 5,010635 5,010635
задачей 3,401197 3,401197
входа 0,013423 0,013423
мобилизованных 4,317488 4,317488
наработки 3,401197 6,802395
моё 0,013423 0,013423
важнейшей 3,624341 3,624341
донбассе 4,317488 8,634976
конфликта 2,525729 2,525729
украинероссияекатеринбургдмитрий 5,010635 10,021271
политикой 0,013423 0,040269
мешать 5,010635 5,010635
обработки 0,013423 0,026846
даю 0,013423 0,026846
операции 3,064725 6,129450
кушнер 3,401197 3,401197
обработку 0,013423 0,026846
настроены 5,010635 5,010635
редакции 0,013423 0,026846
угрозе 3,401197 3,401197
смерти 2,708050 5,416100
обращений 0,013423 0,013423
вчера 1,576648 11,036537
операция 2,120264 146,298184
обработка 0,013423 0,013423
это 0,013423 0,093961
роковое 5,010635 5,010635
донбасс 3,912023 3,912023
случится 3,912023 3,912023
упал 3,912023 3,912023
новую 0,013423 0,013423
массовых 0,013423 0,013423
артиллеристы 3,064725 3,064725
взрывы 3,624341 3,624341
пройдена 0,013423 0,013423
михаил 2,612740 2,612740
позициях 5,010635 5,010635
сделке 4,317488 4,317488
продвигать 5,010635 5,010635
зарегистрироваться 0,013423 0,053692
решился 4,317488 4,317488
пожаловаться 0,013423 0,013423
новости 0,006689 0,026756
войти 0,013423 0,053692
электронной 0,013423 0,013423
бурштын 5,010635 5,010635
судьбе 4,317488 4,317488
действия 0,013423 0,026846
раскололи 2,612740 2,612740
радио 0,274437 0,274437
защита 0,013423 0,013423
регистрация 0,013423 0,040269
сошли 5,010635 5,010635
новом 3,218876 3,218876
использования 0,013423 0,013423
восстановление 0,013423 0,040269
белом 4,317488 4,317488
государственное 0,013423 0,013423
алексеева 4,317488 4,317488
спецпроекты 0,190354 0,190354
просим 0,013423 0,013423
заблокирован 0,013423 0,013423
ошибку 0,013423 0,013423
вооружили 5,010635 5,010635
важном 5,010635 5,010635
галичина 5,010635 5,010635
защиты 0,013423 0,026846
испугались 5,010635 5,010635
путин 1,514128 1,514128
финляндии 3,624341 3,624341
обращения 0,013423 0,026846
медведевсергей 4,317488 21,587441
действий 3,624341 3,624341
пусковую 4,317488 4,317488
ночь 2,708050 2,708050
игры 1,791759 1,791759
февраля 0,616186 40,052099
поспоришь 5,010635 5,010635
трампа 2,238047 2,238047
ошибка 0,013423 0,013423
вопрос 0,006689 0,006689
подтверждаете 0,013423 0,013423
дер 5,010635 5,010635
ваш 0,013423 0,053692
имя 0,013423 0,067115
срок 0,013423 0,026846
мобилизованными 5,010635 5,010635
технологий 0,013423 0,026846
отбитых 5,010635 5,010635
неожиданном 5,010635 5,010635
рубио 3,218876 3,218876
убитых 4,317488 4,317488
материал 0,013423 0,013423
успешно 0,013423 0,013423
зеленского 2,177422 15,241954
переговорам 4,317488 8,634976
уиткоффа 5,010635 5,010635
мюнхенской 3,912023 3,912023
лента 0,006689 0,013378
разворовали 5,010635 5,010635
заблокированы 0,013423 0,013423
сфере 0,013423 0,013423
автобусе 5,010635 5,010635
переговорах 2,177422 6,532266
свидетельство 0,013423 0,013423
переговорами 4,317488 4,317488
правила 0,013423 0,026846
промышленного 5,010635 5,010635
возможности 2,302585 2,302585
принял 3,401197 3,401197
министерство 2,238047 2,238047
комментирования 0,013423 0,026846
гражданской 2,708050 2,708050
важности 4,317488 4,317488
дронов 3,218876 6,437752
пресс 0,013423 0,026846
оружие 2,708050 2,708050
россии 0,395515 9,492355
применения 0,013423 0,013423
западу 3,624341 3,624341
тридцать 4,317488 4,317488
сделал 2,708050 2,708050
персональных 0,013423 0,107384
произошла 0,013423 0,013423
вс 3,218876 6,437752
приема 4,317488 4,317488
дата 0,013423 0,013423
ваше 0,013423 0,107384
сайте 0,013423 0,013423
ваши 0,013423 0,013423
западе 3,624341 50,740773
восстановить 0,013423 0,013423
сво 1,919593 24,954707
просто 1,714798 1,714798
вопроса 0,013423 0,013423
россия 0,006689 0,100335
россию 2,302585 2,302585
приобрела 3,624341 7,248682
рассказали 2,066196 10,330982
рассказала 2,445686 2,445686
созданные 3,064725 6,129450
итогах 3,624341 3,624341
регистрации 0,013423 0,026846
ситуациям 3,064725 3,064725
сайт 0,013423 0,026846
сервисы 0,190354 0,190354
диалога 5,010635 5,010635
стоматолог 4,317488 4,317488
переполох 5,010635 5,010635
другое 0,013423 0,013423
промышленности 3,218876 3,218876
рабочие 3,912023 3,912023
поддерживаетсяполучить 0,013423 0,013423
забыл 5,010635 5,010635
зеленский 2,066196 6,198589
соглашениях 5,010635 5,010635
двух 2,014903 2,014903
плохие 5,010635 5,010635
инвалидов 3,401197 3,401197
кличко 5,010635 5,010635
отправки 0,013423 0,013423
украинебезопасностькраснодарский 5,010635 5,010635
ер 3,401197 3,401197
ес 2,445686 7,337058
унитарному 0,013423 0,026846
третей 5,010635 5,010635
черту 5,010635 5,010635
пропустил 4,317488 4,317488
вызвали 4,317488 4,317488
тайную 3,912023 3,912023
выберите 0,013423 0,040269
вид 2,708050 2,708050
отреагировали 3,064725 6,129450
шокировало 5,010635 5,010635
объявили 3,401197 3,401197
двигаться 4,317488 4,317488
калласпавел 3,624341 3,624341
защитой 0,013423 0,026846
прогресс 2,931194 2,931194
авторизация 0,013423 0,013423
религия 0,283247 0,283247
дни 2,612740 2,612740
форма 0,013423 0,013423
логином 0,013423 0,013423
рейтинг 0,006689 0,006689
галочку 0,013423 0,013423
ума 5,010635 5,010635
вкс 5,010635 5,010635
поток 4,317488 4,317488
нато 2,612740 10,450960
тысяч 2,238047 6,714140
дня 1,678431 1,678431
способы 0,013423 0,026846
гражданским 5,010635 5,010635
недвижимость 0,292136 0,292136
ликвидации 2,813411 2,813411
вернувшихся 5,010635 5,010635
дискуссии 0,013423 0,026846
унитарное 0,013423 0,013423
сил 2,525729 2,525729
форму 0,013423 0,093961
план 2,371578 7,114734
тема 0,013423 0,040269
предложение 3,401197 3,401197
участников 2,371578 9,486312
рекомендательных 0,013423 0,013423
данная 0,013423 0,013423
минских 5,010635 5,010635
днепропетровске 5,010635 5,010635
серия 2,525729 2,525729
проставляя 0,013423 0,013423
заполнения 0,013423 0,093961
полезное 0,182322 0,182322
службе 0,013423 0,013423
истощить 5,010635 5,010635
ненадежные 5,010635 5,010635
релизов 0,013423 0,013423
спасти 3,218876 3,218876
чрезвычайным 3,064725 3,064725
ваших 0,013423 0,026846
россиябезопасность 5,010635 5,010635
призвали 5,010635 5,010635
правил 0,013423 0,040269
призвала 4,317488 4,317488
отбиваться 5,010635 5,010635
авторизоваться 0,013423 0,013423
авторизуйтесь 0,013423 0,013423
сроках 4,317488 4,317488
уничтожать 3,912023 3,912023
ужаснулись 5,010635 5,010635
расширенный 0,013423 0,013423
катятся 5,010635 5,010635
находить 5,010635 5,010635
надежные 3,218876 3,218876
украинебезопасностьроссиядмитрий 4,317488 8,634976
широчайшие 3,624341 7,248682
новыесначала 0,013423 0,013423
место 1,832581 1,832581
обращением 5,010635 10,021271
стиллавинединая 4,317488 21,587441
украинекирилл 4,317488 4,317488
участие 0,006689 0,013378
достигнуть 3,912023 3,912023
использовать 0,013423 0,013423
опечатка 0,013423 0,013423
онлайн 0,013423 0,013423
контактов 0,013423 0,013423
уральские 3,401197 3,401197
ужас 4,317488 4,317488
апреля 0,013423 0,013423
украинского 3,401197 3,401197
киев 2,302585 2,302585
предупреждал 3,912023 3,912023
герасимовхерсонская 5,010635 5,010635
заботу 3,401197 3,401197
количество 2,238047 2,238047
нами 0,013423 0,093961
развитии 3,912023 3,912023
переговоров 2,302585 6,907755
вакансии 0,013423 0,013423
месте 2,302585 2,302585
нажимая 0,013423 0,013423
вами 0,013423 0,013423
сухецкого 5,010635 5,010635
недопустимое 0,013423 0,013423
всу 2,238047 26,856559
завершении 4,317488 4,317488
мирехерсонроссиявалерий 5,010635 5,010635
истек 0,013423 0,013423
лагеря 2,612740 2,612740
предприятию 0,013423 0,026846
дивизией 5,010635 5,010635
предприятия 3,624341 3,624341
хочет 2,120264 2,120264
внимание 0,013423 0,013423
принимать 0,013423 0,013423
подразнить 5,010635 5,010635
городе 3,624341 3,624341
сможете 0,013423 0,013423
года 0,006689 0,006689
заключения 3,401197 3,401197
ознакомлены 0,013423 0,013423
эскалации 4,317488 4,317488
моих 0,013423 0,026846
очень 1,678431 1,678431
предприятие 0,013423 0,013423
наука 0,292136 0,292136
обсудили 3,912023 3,912023
