калий 5,010635 5,010635
законным 0,013423 0,013423
день 1,203973 7,223837
батон 4,317488 4,317488
этому 2,708050 2,708050
температурная 5,010635 5,010635
квасника 5,010635 5,010635
найти 0,013423 0,013423
основанием 0,013423 0,013423
газа 3,218876 3,218876
свекольный 4,317488 38,857393
сушеных 5,010635 5,010635
письмо 0,013423 0,013423
спасибо 0,013423 0,013423
балтийским 5,010635 5,010635
ингредиентов 2,612740 10,450960
пена 4,317488 4,317488
вытекать 5,010635 5,010635
осадок 5,010635 5,010635
воды 2,445686 19,565487
согласие 0,013423 0,026846
мучную 5,010635 5,010635
некоторых 2,525729 2,525729
отличается 3,064725 6,129450
центр 0,190354 0,190354
суслом 5,010635 5,010635
ст 2,813411 25,320696
кастрюле 3,064725 3,064725
воду 2,302585 32,236191
содержимое 3,624341 14,497364
ароматом 3,401197 6,802395
концентрат 5,010635 10,021271
пузырьки 3,912023 3,912023
таким 2,525729 2,525729
множество 3,624341 10,873023
плоды 3,912023 3,912023
встретить 5,010635 5,010635
связаться 0,013423 0,080538
смочить 5,010635 5,010635
вода 2,525729 70,720402
реклама 0,190354 0,190354
немного 2,177422 2,177422
градусах 5,010635 10,021271
воде 2,014903 14,104321
фото 0,013423 0,120807
клюквы 5,010635 5,010635
связь 0,006689 0,013378
следующая 4,317488 4,317488
использованием 3,064725 3,064725
сушеный 3,912023 3,912023
такие 2,525729 2,525729
водой 2,445686 34,239603
готово 0,013423 0,026846
молочнокислого 5,010635 5,010635
кастрюлю 2,445686 19,565487
капусты 3,064725 3,064725
область 1,714798 1,714798
хмель 5,010635 5,010635
листьями 5,010635 5,010635
гречишный 5,010635 15,031906
информационных 0,013423 0,013423
размещения 0,013423 0,013423
простотой 4,317488 4,317488
пор 2,708050 2,708050
перемешать 2,525729 42,937387
конфиденциальности 0,013423 0,053692
укутать 5,010635 10,021271
связи 0,013423 0,080538
эмалированную 3,912023 3,912023
хмеля 5,010635 5,010635
одеялом 5,010635 5,010635
заголовок 0,013423 0,026846
встречаются 3,912023 3,912023
своей 2,177422 2,177422
рецепту 3,401197 6,802395
процесса 0,013423 0,013423
женщинам 3,912023 3,912023
кастрюли 5,010635 10,021271
адресу 0,013423 0,026846
получается 3,064725 3,064725
обжаривать 3,912023 3,912023
проблему 0,013423 0,013423
рецепты 1,139434 4,557737
употребление 4,317488 4,317488
отмечает 1,966113 5,898339
данных 0,013423 0,107384
начнет 3,401197 3,401197
сегодняшний 5,010635 5,010635
письма 0,013423 0,013423
часов 0,013423 0,281883
соглашаетесь 0,013423 0,013423
фруктов 4,317488 4,317488
травы 3,912023 11,736069
урусова 5,010635 5,010635
очистить 2,612740 5,225480
готовить 2,445686 4,891372
главный 0,013423 0,013423
данные 0,013423 0,013423
употребления 5,010635 5,010635
отрезать 5,010635 5,010635
также 1,139434 10,254909
литовская 5,010635 5,010635
фотографию 0,013423 0,013423
брусники 4,317488 4,317488
предварительно 2,931194 2,931194
прост 3,912023 3,912023
легко 1,791759 1,791759
склонную 5,010635 5,010635
отправлено 0,013423 0,013423
редьку 5,010635 5,010635
редьки 4,317488 8,634976
сначала 0,013423 0,013423
употреблять 3,624341 14,497364
разбавить 4,317488 8,634976
вред 2,612740 2,612740
редька 3,912023 3,912023
поминальные 3,912023 3,912023
часа 1,875141 11,250846
солодом 5,010635 5,010635
однако 1,966113 1,966113
перейдите 0,013423 0,013423
закрыть 3,912023 7,824046
закрыто 0,013423 0,013423
осторожностью 5,010635 5,010635
сколько 0,006689 0,006689
колотев 5,010635 5,010635
сухари 5,010635 75,159529
материалов 0,013423 0,053692
отправлена 0,013423 0,013423
холодильнике 2,813411 16,880464
крепкий 4,317488 8,634976
чате 0,013423 0,013423
измельченных 5,010635 5,010635
яблочный 4,317488 12,952464
получил 2,612740 2,612740
кожуры 3,064725 6,129450
шишках 5,010635 5,010635
ржаного 5,010635 25,053176
вишни 4,317488 4,317488
сортов 4,317488 8,634976
чату 0,013423 0,013423
редакцией 0,013423 0,013423
оттенок 3,064725 3,064725
сырье 4,317488 4,317488
совет 2,525729 2,525729
измельченные 4,317488 4,317488
допустимо 4,317488 4,317488
самостоятельный 5,010635 5,010635
рассмотрены 0,013423 0,013423
разогретую 3,912023 7,824046
темное 5,010635 5,010635
нарезать 2,445686 4,891372
говорит 2,014903 2,014903
малом 5,010635 5,010635
минута 5,010635 5,010635
выложить 2,708050 5,416100
кислые 5,010635 5,010635
перетяните 0,013423 0,013423
некоторые 2,525729 2,525729
муку 4,317488 8,634976
архив 0,190354 0,190354
кардамон 5,010635 5,010635
торговли 5,010635 5,010635
кипяток 3,912023 7,824046
ошибках 0,013423 0,013423
муки 3,912023 31,296184
ржаных 5,010635 5,010635
шт 2,238047 13,428279
темном 5,010635 15,031906
русского 3,064725 9,194175
процесс 2,014903 2,014903
отрубей 4,317488 4,317488
базовому 4,317488 4,317488
залить 2,708050 64,993205
южный 4,317488 4,317488
мука 4,317488 30,222417
оставляя 4,317488 4,317488
выпуска 0,013423 0,013423
списка 0,013423 0,013423
формой 0,013423 0,053692
жажду 5,010635 10,021271
положительно 4,317488 4,317488
хранить 3,218876 12,875503
емкостям 4,317488 4,317488
щи 4,317488 4,317488
вентиляцией 5,010635 10,021271
содержится 3,401197 3,401197
федеральное 0,013423 0,013423
супов 2,813411 2,813411
федеральной 0,013423 0,013423
опустить 3,912023 3,912023
мукой 5,010635 5,010635
екатерина 2,445686 2,445686
международное 0,013423 0,040269
поставить 2,525729 22,731558
трехлитровую 5,010635 25,053176
будут 0,013423 0,013423
старейших 4,317488 4,317488
новостей 0,006689 0,006689
веку 5,010635 5,010635
наполнить 4,317488 4,317488
понадобятся 3,064725 9,194175
солнце 3,624341 3,624341
тмин 5,010635 10,021271
века 3,218876 3,218876
перейти 1,203973 2,407946
распространенные 5,010635 5,010635
веке 3,401197 6,802395
относительной 5,010635 5,010635
вкусу 2,066196 4,132393
нужно 1,455287 14,552872
ритуалах 5,010635 5,010635
солодовый 5,010635 5,010635
одним 2,813411 2,813411
закрепить 4,317488 25,904929
обратной 0,013423 0,067115
прессованные 5,010635 5,010635
подкасты 0,292136 0,292136
добавок 4,317488 4,317488
вкуса 2,445686 4,891372
изменять 5,010635 5,010635
оглавление 1,791759 1,791759
рецептур 5,010635 10,021271
литовский 4,317488 4,317488
витаминами 5,010635 5,010635
гречневой 4,317488 4,317488
осадка 5,010635 5,010635
газ 2,931194 2,931194
описанием 0,013423 0,013423
кипятка 4,317488 8,634976
имеет 2,066196 4,132393
вылить 3,912023 3,912023
кондитера 3,624341 3,624341
граммов 4,317488 8,634976
понятно 3,624341 3,624341
белого 3,218876 3,218876
группы 2,445686 2,445686
используется 0,013423 0,053692
карельски 5,010635 5,010635
стакан 3,624341 21,746046
отварить 3,218876 3,218876
хреном 5,010635 5,010635
быстрые 3,064725 6,129450
рецептов 2,177422 28,306485
трое 5,010635 30,063812
готовили 5,010635 15,031906
мире 0,274437 0,274437
изюма 5,010635 25,053176
эл 0,013423 0,013423
огромное 3,624341 7,248682
фомченкова 5,010635 15,031906
идеально 2,612740 2,612740
мочекаменной 5,010635 5,010635
дзен 0,851752 0,851752
массы 3,624341 7,248682
приготовленный 5,010635 10,021271
промытую 5,010635 5,010635
рисовый 5,010635 5,010635
чаще 2,612740 2,612740
почему 0,013423 0,013423
березовый 5,010635 30,063812
стакана 4,317488 4,317488
быстрый 3,064725 3,064725
вопросам 0,013423 0,026846
стакане 5,010635 5,010635
активного 3,912023 7,824046
концентрата 5,010635 5,010635
отрубями 5,010635 5,010635
дрожжевой 5,010635 10,021271
добавить 2,238047 109,664282
отключить 4,317488 8,634976
вконтакте 0,013423 0,026846
области 1,919593 1,919593
навсегда 0,013423 0,013423
нарушение 0,013423 0,040269
лимонная 4,317488 12,952464
прохладном 4,317488 4,317488
общий 4,317488 4,317488
натереть 2,813411 2,813411
назад 0,013423 0,067115
остудить 3,218876 67,596392
тонизирует 5,010635 5,010635
ресторанах 5,010635 5,010635
луговая 5,010635 15,031906
соков 5,010635 15,031906
ферменты 5,010635 5,010635
готовят 3,218876 16,094379
соком 3,401197 3,401197
зубовский 0,013423 0,026846
цинк 5,010635 5,010635
добавки 3,624341 3,624341
прохладное 5,010635 5,010635
заполнить 0,013423 0,026846
осуществляется 0,013423 0,013423
общество 0,265703 0,265703
другие 0,013423 0,053692
главное 1,752539 1,752539
отличает 5,010635 5,010635
остынет 4,317488 4,317488
веществами 4,317488 4,317488
надзору 0,013423 0,013423
подчеркивающих 5,010635 5,010635
процедить 3,401197 81,628737
витамины 3,912023 7,824046
промыть 2,708050 8,124151
издание 0,013423 0,013423
лимон 3,401197 20,407184
бульвар 0,013423 0,026846
пошаговых 5,010635 5,010635
хотите 0,013423 0,013423
заполните 0,013423 0,067115
других 1,966113 7,864451
кондитеров 5,010635 5,010635
напрямую 3,218876 3,218876
сетевое 0,013423 0,013423
традиции 1,966113 1,966113
приносил 5,010635 5,010635
состояния 2,612740 2,612740
охлаждения 3,401197 6,802395
сусло 5,010635 50,106353
вновь 0,013423 0,013423
сменить 0,013423 0,013423
сухарях 5,010635 5,010635
богатую 5,010635 5,010635
подождать 5,010635 5,010635
стоит 1,714798 3,429597
рецептом 3,624341 7,248682
участвовать 0,013423 0,026846
сообщить 0,013423 0,013423
образом 2,302585 2,302585
топинамбура 4,317488 4,317488
пошаговые 2,238047 2,238047
сухую 4,317488 4,317488
скриншот 0,013423 0,040269
черносмородиновые 5,010635 10,021271
освежающий 3,064725 3,064725
налить 3,624341 14,497364
солод 5,010635 35,074447
ценные 5,010635 5,010635
квасное 5,010635 10,021271
приготовить 2,014903 32,238448
темный 4,317488 17,269952
делали 4,317488 4,317488
чистой 4,317488 8,634976
преподаватель 3,912023 3,912023
спорт 0,190354 0,190354
плодовый 5,010635 5,010635
цедру 4,317488 8,634976
марлю 4,317488 56,127345
национальные 5,010635 15,031906
полстакана 5,010635 5,010635
объем 3,624341 3,624341
протяжении 3,624341 3,624341
глубокий 4,317488 4,317488
взаимодействия 0,013423 0,026846
ложку 3,624341 10,873023
спиртового 5,010635 5,010635
бактерий 4,317488 4,317488
напитка 3,624341 18,121705
ложки 2,931194 2,931194
вечной 4,317488 4,317488
медь 5,010635 5,010635
классификация 5,010635 15,031906
аналогично 4,317488 4,317488
проявлять 5,010635 5,010635
сохранить 0,013423 0,013423
напитки 4,317488 8,634976
информационное 0,013423 0,040269
посуды 3,912023 3,912023
пряные 4,317488 4,317488
составе 3,218876 3,218876
предпочитают 3,912023 3,912023
посуду 2,813411 2,813411
остывший 3,912023 3,912023
стали 2,612740 2,612740
илья 3,218876 6,437752
составу 3,912023 3,912023
полученные 5,010635 5,010635
квасного 5,010635 10,021271
современности 5,010635 10,021271
меда 4,317488 8,634976
федеральному 0,013423 0,026846
появился 3,401197 3,401197
желудка 5,010635 5,010635
впервые 2,238047 2,238047
размешивать 5,010635 5,010635
фио 0,013423 0,013423
базовые 5,010635 5,010635
оставить 2,445686 100,273123
сесть 4,317488 4,317488
свеклой 3,401197 3,401197
пожалуйста 0,013423 0,013423
гастроэнтеролог 3,912023 3,912023
стол 2,238047 4,476093
окрошки 3,624341 10,873023
тех 2,177422 2,177422
необходимо 1,791759 16,125835
окрошке 3,912023 3,912023
луговой 5,010635 5,010635
рисовой 4,317488 12,952464
насыпать 4,317488 4,317488
версия 0,013423 0,013423
морской 4,317488 4,317488
ниже 0,013423 0,053692
окрошка 3,401197 3,401197
спустя 2,813411 16,880464
сутки 2,525729 22,731558
поля 0,013423 0,093961
шесть 2,708050 2,708050
измельчить 3,401197 10,203592
гущу 5,010635 5,010635
вытащить 3,624341 7,248682
столах 5,010635 5,010635
хранения 3,401197 6,802395
нехлебного 5,010635 15,031906
государственному 0,013423 0,026846
окрошку 3,624341 3,624341
стеклянную 4,317488 12,952464
ягод 3,401197 13,604790
влить 3,401197 17,005987
работе 2,813411 2,813411
поле 0,013423 0,013423
зарегистрировано 0,013423 0,013423
туризм 0,283247 0,283247
положить 2,612740 13,063700
адрес 0,013423 0,040269
теплого 5,010635 10,021271
соответствии 0,013423 0,026846
холодную 3,064725 6,129450
загрузите 0,013423 0,013423
сообщения 0,013423 0,053692
полученную 3,401197 6,802395
обрядах 5,010635 5,010635
загрузить 0,013423 0,013423
направлении 0,013423 0,013423
замеченных 0,013423 0,013423
телефон 0,013423 0,013423
руси 3,912023 7,824046
рябиновый 5,010635 10,021271
мучная 5,010635 5,010635
пока 1,919593 3,839186
солода 5,010635 20,042541
разведенные 5,010635 20,042541
определять 5,010635 5,010635
сибирь 5,010635 5,010635
донецкий 4,317488 4,317488
очищает 5,010635 5,010635
благотворно 5,010635 10,021271
отвар 3,624341 3,624341
сообщение 0,013423 0,134230
карамельный 5,010635 5,010635
мятой 3,912023 3,912023
старые 0,013423 0,013423
кроме 1,919593 3,839186
польза 2,813411 5,626821
попробуйте 0,013423 0,013423
подавать 2,708050 5,416100
ингредиент 3,624341 3,624341
финансового 2,066196 2,066196
солоде 5,010635 5,010635
бодрящим 5,010635 5,010635
пользу 3,064725 3,064725
эксперт 1,678431 1,678431
насыщеннее 5,010635 5,010635
куски 3,624341 7,248682
статьи 0,013423 0,013423
латыши 5,010635 5,010635
подтвердите 0,013423 0,013423
вкусовых 3,624341 3,624341
ароматные 4,317488 8,634976
пчелиного 5,010635 5,010635
растворился 4,317488 4,317488
перетащите 0,013423 0,040269
материале 0,013423 0,040269
культура 0,292136 0,292136
материала 0,013423 0,026846
двумя 3,624341 3,624341
происшествия 0,292136 0,292136
вашего 0,013423 0,013423
паролем 0,013423 0,013423
ароматных 3,218876 3,218876
лимона 3,064725 3,064725
молочной 4,317488 8,634976
свободные 5,010635 5,010635
экспертов 3,064725 3,064725
расчета 3,401197 3,401197
безглютенового 5,010635 5,010635
подсушенные 5,010635 5,010635
зарегистрируйтесь 0,013423 0,013423
обо 0,013423 0,013423
пшеном 5,010635 5,010635
появятся 3,912023 3,912023
зависит 2,371578 2,371578
рецептырецепты 1,875141 1,875141
дрожжи 4,317488 207,239429
редактор 0,013423 0,013423
письменных 5,010635 5,010635
фгуп 0,499776 1,499327
внутри 3,912023 7,824046
подсушить 4,317488 4,317488
целебными 5,010635 5,010635
хлебным 3,912023 3,912023
низкой 4,317488 8,634976
хлебный 3,912023 46,944276
комнатной 3,218876 25,751007
хлебные 4,317488 12,952464
отправленного 0,013423 0,013423
садились 5,010635 5,010635
дождаться 3,912023 3,912023
связанные 0,013423 0,013423
донецкого 5,010635 10,021271
тщательно 2,445686 14,674116
сделать 1,752539 12,267771
разных 2,177422 6,532266
обратная 0,013423 0,026846
вскипятить 4,317488 17,269952
риа 0,006689 0,066890
различные 2,931194 2,931194
хлебных 5,010635 5,010635
алкоголя 4,317488 4,317488
добавляемых 5,010635 5,010635
можжевеловых 5,010635 5,010635
марганец 5,010635 5,010635
содержит 3,912023 3,912023
алкоголь 3,912023 3,912023
выходил 4,317488 4,317488
связанных 0,013423 0,013423
опишите 0,013423 0,013423
правительстве 2,177422 2,177422
обладает 3,218876 6,437752
карелия 3,912023 3,912023
различных 3,912023 11,736069
можжевеловые 5,010635 5,010635
кухне 3,912023 3,912023
тепле 5,010635 5,010635
литровую 5,010635 5,010635
хлебного 5,010635 15,031906
овса 5,010635 5,010635
можжевеловый 5,010635 5,010635
отпарить 5,010635 5,010635
кухня 1,832581 5,497744
крышкой 3,218876 6,437752
почты 0,013423 0,013423
лечении 5,010635 5,010635
проверенных 3,912023 11,736069
мая 1,832581 1,832581
руль 5,010635 5,010635
поэтому 2,014903 2,014903
оттенки 3,912023 3,912023
сахар 2,612740 114,960561
чайную 5,010635 10,021271
столовый 3,912023 7,824046
ботвинье 5,010635 5,010635
названия 5,010635 5,010635
агентство 0,013423 0,040269
укупорить 5,010635 5,010635
рис 3,912023 7,824046
организму 5,010635 5,010635
регионах 2,931194 2,931194
советы 1,752539 5,257616
агентства 0,013423 0,013423
сегодня 0,013423 0,107384
березовом 5,010635 5,010635
супербыстрый 5,010635 5,010635
температуре 2,813411 16,880464
быстрее 2,813411 2,813411
сразу 1,832581 1,832581
столовые 3,624341 3,624341
спровоцировать 5,010635 5,010635
морошки 5,010635 5,010635
овсяный 5,010635 45,095718
температуры 3,218876 12,875503
прокиснуть 5,010635 5,010635
оттенка 3,912023 3,912023
слабом 3,401197 3,401197
ботвинью 5,010635 5,010635
овсяные 4,317488 21,587441
влияет 2,525729 5,051457
кваса 5,010635 160,340329
шапка 0,013423 0,013423
овощ 3,401197 3,401197
отправить 0,013423 0,161076
продолжить 0,013423 0,013423
используются 2,612740 2,612740
страдающим 5,010635 5,010635
решении 0,013423 0,013423
вариации 4,317488 12,952464
вариаций 4,317488 4,317488
растворить 5,010635 5,010635
квасе 3,912023 11,736069
благодаря 2,302585 2,302585
истории 2,612740 2,612740
воспользуйтесь 0,013423 0,040269
аккаунт 0,013423 0,053692
экономика 0,292136 0,292136
утоляет 5,010635 10,021271
обсуждение 0,013423 0,013423
дрожжами 5,010635 20,042541
наиболее 2,813411 2,813411
блокировки 0,013423 0,013423
литрами 4,317488 4,317488
почта 0,013423 0,080538
историю 2,371578 2,371578
рецепт 1,544899 4,634698
главная 2,120264 2,120264
пищеварение 5,010635 5,010635
квасы 5,010635 25,053176
история 1,484275 4,452824
раздать 5,010635 5,010635
фамилия 0,013423 0,013423
евгений 2,302585 4,605170
сыворотки 5,010635 10,021271
довольно 3,401197 10,203592
яндекс 0,013423 0,026846
питательный 5,010635 5,010635
медовый 5,010635 10,021271
холодным 3,218876 3,218876
хлеб 2,931194 67,417456
удалили 0,013423 0,040269
ягодный 3,912023 7,824046
либо 0,013423 0,026846
остыть 2,813411 8,440232
напиток 3,912023 78,240460
холодных 3,218876 3,218876
праздники 1,791759 1,791759
сухого 3,912023 3,912023
аккаунту 0,013423 0,013423
полученный 4,317488 8,634976
открываемого 0,013423 0,026846
накрыть 3,401197 78,227540
поиск 0,013423 0,013423
листья 3,912023 11,736069
бородинский 4,317488 21,587441
согласны 0,013423 0,040269
превосходит 4,317488 4,317488
иную 5,010635 5,010635
мед 3,401197 30,610776
придерживаться 4,317488 4,317488
квасов 5,010635 5,010635
железо 5,010635 5,010635
ингредиентами 3,624341 3,624341
кислоту 3,624341 10,873023
рекламы 0,013423 0,013423
хозяйки 3,624341 3,624341
зиму 2,612740 2,612740
гречишном 5,010635 5,010635
сливы 5,010635 5,010635
условие 2,813411 2,813411
гипертонии 5,010635 5,010635
корицу 5,010635 5,010635
кафе 3,912023 3,912023
настояться 3,218876 3,218876
начался 4,317488 4,317488
польская 4,317488 4,317488
кислота 3,912023 11,736069
следует 2,066196 4,132393
подходит 2,525729 7,577186
кишечнике 5,010635 5,010635
развитием 5,010635 5,010635
активностью 5,010635 5,010635
миске 2,708050 5,416100
рынках 4,317488 4,317488
миску 3,401197 6,802395
методом 5,010635 5,010635
ингредиенты 1,919593 65,266157
риса 3,912023 3,912023
кишечника 5,010635 5,010635
продукт 2,931194 5,862388
обсуждения 0,013423 0,013423
разогретым 4,317488 4,317488
пахучие 5,010635 5,010635
устойчивые 5,010635 5,010635
блокировкой 0,013423 0,040269
отруби 4,317488 4,317488
книгах 5,010635 5,010635
отдельную 4,317488 4,317488
ржаная 5,010635 15,031906
новый 0,013423 0,013423
буханки 5,010635 5,010635
размешать 3,912023 27,384161
новые 1,643339 1,643339
фрукты 4,317488 4,317488
вынести 5,010635 5,010635
долить 5,010635 20,042541
местных 5,010635 5,010635
нехлебные 5,010635 5,010635
вкусного 3,218876 3,218876
пить 4,317488 8,634976
растворимого 5,010635 5,010635
диабетом 5,010635 5,010635
менее 2,177422 2,177422
доступ 0,013423 0,026846
гвоздику 5,010635 5,010635
язвы 5,010635 5,010635
миа 0,013423 0,067115
охладиться 4,317488 4,317488
хлопья 5,010635 50,106353
задать 0,013423 0,013423
теги 0,190354 0,190354
автору 0,013423 0,013423
расстройство 4,317488 4,317488
растолкать 5,010635 5,010635
кормящим 5,010635 5,010635
должны 0,013423 0,013423
закисших 5,010635 5,010635
пряностями 5,010635 5,010635
словам 1,752539 3,505078
сладкий 3,401197 3,401197
г 0,013423 1,436263
д 0,013423 0,026846
варить 2,445686 4,891372
политика 0,013423 0,026846
кипятком 3,401197 20,407184
добавляли 5,010635 10,021271
л 2,525729 116,183518
качественные 4,317488 4,317488
содержатся 5,010635 5,010635
плотно 3,624341 3,624341
кусков 5,010635 15,031906
цикория 5,010635 20,042541
диастатической 5,010635 5,010635
низкую 5,010635 5,010635
земляники 5,010635 5,010635
т 2,525729 2,525729
течение 0,013423 0,040269
х 3,401197 3,401197
лимонную 3,912023 19,560115
ч 2,612740 13,063700
кипячение 4,317488 4,317488
дополнительный 3,912023 3,912023
бредис 4,317488 4,317488
выдержать 4,317488 12,952464
столовую 4,317488 4,317488
вариант 2,371578 2,371578
мин 2,445686 7,337058
растворения 4,317488 8,634976
семечковых 5,010635 5,010635
полного 3,218876 6,437752
противопоказан 5,010635 5,010635
видах 3,912023 3,912023
поместить 3,624341 10,873023
бутылкам 5,010635 55,116988
поделился 3,912023 3,912023
порошок 3,624341 3,624341
классический 2,014903 4,029806
бутылки 5,010635 25,053176
время 0,013423 0,093961
крепость 4,317488 4,317488
охладить 3,624341 47,116432
цикорий 5,010635 10,021271
сбраживания 5,010635 15,031906
ранее 0,013423 0,013423
восстановления 0,013423 0,013423
приобрел 4,317488 4,317488
болезнетворных 5,010635 5,010635
небольшом 3,624341 3,624341
сергей 1,609438 1,609438
разблокировать 0,013423 0,040269
город 0,013423 0,013423
народов 3,912023 3,912023
чистые 5,010635 10,021271
час 2,813411 2,813411
обращаем 0,013423 0,013423
молочный 4,317488 12,952464
написать 0,013423 0,013423
новостеймолния 0,013423 0,013423
гастрита 5,010635 5,010635
одноклассники 0,013423 0,026846
первую 2,238047 2,238047
подслащенной 5,010635 5,010635
получения 2,445686 2,445686
зарубежные 5,010635 5,010635
показать 0,013423 0,013423
кнопку 0,013423 0,013423
коммуникаций 0,013423 0,013423
русских 3,064725 3,064725
вкусом 2,931194 8,793581
калину 5,010635 5,010635
пароль 0,013423 0,080538
пароля 0,013423 0,053692
блюд 2,238047 4,476093
делают 2,931194 2,931194
калорийность 2,120264 2,120264
сухарей 5,010635 10,021271
северные 3,624341 3,624341
настаивать 4,317488 4,317488
вход 0,013423 0,013423
обладал 5,010635 5,010635
древним 4,317488 4,317488
продукты 0,150823 0,150823
читать 0,851752 0,851752
удалено 0,013423 0,013423
дозревать 5,010635 5,010635
полчаса 3,624341 7,248682
гаврилова 0,013423 0,013423
фермерских 5,010635 5,010635
ячменный 5,010635 10,021271
относится 3,401197 3,401197
имбирного 4,317488 4,317488
карамельного 4,317488 4,317488
приятным 3,912023 3,912023
горсть 5,010635 10,021271
смородина 5,010635 10,021271
расположенному 0,013423 0,026846
перемешивать 4,317488 4,317488
смесь 2,445686 7,337058
румынской 5,010635 5,010635
литров 5,010635 5,010635
грейнрус 5,010635 5,010635
банку 3,624341 57,989455
домашнего 3,401197 3,401197
небольшую 3,401197 3,401197
помощи 2,066196 4,132393
учредитель 0,013423 0,013423
порошке 5,010635 5,010635
гречишного 5,010635 5,010635
славянским 4,317488 4,317488
мое 0,013423 0,026846
ссылка 0,013423 0,026846
срезать 4,317488 4,317488
порошка 4,317488 4,317488
ссылке 0,013423 0,013423
смородины 4,317488 4,317488
князь 4,317488 4,317488
ссылки 0,013423 0,013423
используемые 4,317488 4,317488
помочь 0,013423 0,026846
обязательны 0,013423 0,093961
основе 2,525729 7,577186
желательно 3,912023 3,912023
основа 3,218876 3,218876
смеси 3,401197 3,401197
черносмородиновыми 5,010635 5,010635
герметичным 5,010635 5,010635
виктории 5,010635 5,010635
духовку 3,912023 15,648092
роскомнадзор 0,013423 0,013423
белка 3,401197 3,401197
похлебок 5,010635 5,010635
московская 2,525729 2,525729
блокировался 0,013423 0,013423
дрожжах 3,624341 3,624341
людям 3,401197 6,802395
сахару 5,010635 5,010635
тмином 5,010635 5,010635
духовке 2,708050 5,416100
москва 0,006689 0,020067
воспользоваться 0,013423 0,013423
изюм 5,010635 145,308424
входа 0,013423 0,013423
духовки 3,912023 7,824046
сахара 3,218876 41,845386
специфические 5,010635 5,010635
тертая 4,317488 4,317488
моё 0,013423 0,013423
сковороду 3,401197 3,401197
отдельный 3,912023 3,912023
холодной 3,064725 3,064725
холодном 4,317488 4,317488
пауза 5,010635 10,021271
особенно 2,612740 2,612740
укрыть 4,317488 8,634976
подрумянятся 5,010635 5,010635
свыше 3,064725 3,064725
далее 2,238047 4,476093
большое 2,931194 2,931194
дозреть 5,010635 5,010635
кипятить 3,912023 3,912023
паузу 4,317488 4,317488
богат 5,010635 5,010635
изюмом 4,317488 25,904929
политикой 0,013423 0,040269
напиткам 5,010635 5,010635
разновидности 5,010635 15,031906
обработки 0,013423 0,026846
даю 0,013423 0,026846
завершающая 5,010635 5,010635
обеды 5,010635 5,010635
высыпать 3,912023 3,912023
достаточно 2,445686 4,891372
сухарями 5,010635 15,031906
обработку 0,013423 0,026846
редакции 0,013423 0,026846
тару 4,317488 8,634976
белорусы 4,317488 4,317488
отличный 4,317488 4,317488
обращений 0,013423 0,013423
румынская 4,317488 4,317488
нежный 3,401197 3,401197
свойствами 5,010635 5,010635
народы 4,317488 4,317488
яблоками 4,317488 4,317488
хозяек 4,317488 4,317488
веществ 4,317488 12,952464
применяли 5,010635 5,010635
отобраны 5,010635 5,010635
обработка 0,013423 0,013423
это 0,013423 0,080538
народу 4,317488 4,317488
переложить 3,401197 10,203592
вкус 2,120264 12,721581
лимонный 3,218876 22,532131
чистую 4,317488 8,634976
бродить 5,010635 5,010635
сироп 4,317488 21,587441
зерна 4,317488 4,317488
насыщенным 3,624341 3,624341
новую 0,013423 0,013423
массовых 0,013423 0,013423
полотенцем 3,624341 10,873023
пройдена 0,013423 0,013423
черная 3,912023 3,912023
происходило 5,010635 5,010635
зарегистрироваться 0,013423 0,053692
пожаловаться 0,013423 0,013423
медом 3,624341 7,248682
лимонным 3,912023 3,912023
новости 0,006689 0,073579
войти 0,013423 0,053692
болезнью 5,010635 5,010635
черного 3,912023 11,736069
электронной 0,013423 0,013423
брожение 5,010635 10,021271
полезными 5,010635 5,010635
питьевой 5,010635 10,021271
действия 0,013423 0,013423
колита 5,010635 5,010635
радио 0,274437 0,274437
клубники 5,010635 5,010635
защита 0,013423 0,013423
наполнив 5,010635 10,021271
регистрация 0,013423 0,040269
минимум 2,612740 2,612740
кипяченая 5,010635 5,010635
использования 0,013423 0,013423
восстановление 0,013423 0,040269
яблоки 5,010635 5,010635
киевской 5,010635 5,010635
пленкой 3,912023 3,912023
дрожжей 3,912023 15,648092
профилактики 5,010635 5,010635
государственное 0,013423 0,013423
ягоды 3,064725 6,129450
нарезанный 3,064725 3,064725
употребить 5,010635 5,010635
учитывать 3,401197 3,401197
спецпроекты 0,190354 0,190354
ждать 2,813411 5,626821
затем 1,791759 16,125835
просим 0,013423 0,013423
препятствует 5,010635 5,010635
брожения 5,010635 75,159529
понадобится 3,218876 25,751007
заблокирован 0,013423 0,013423
соль 2,120264 8,481054
ошибку 0,013423 0,013423
защиты 0,013423 0,013423
нарезанных 4,317488 12,952464
пшеничном 5,010635 5,010635
обращения 0,013423 0,026846
пшеничной 4,317488 4,317488
ночь 2,708050 5,416100
придания 3,912023 3,912023
цветочную 5,010635 5,010635
пять 2,302585 4,605170
отделить 3,401197 6,802395
закваска 5,010635 20,042541
минут 1,297063 3,891190
слить 3,624341 25,370387
ошибка 0,013423 0,013423
вопрос 0,006689 0,006689
микроэлементы 5,010635 5,010635
подтверждаете 0,013423 0,013423
деятельность 3,401197 3,401197
компания 3,218876 3,218876
полученное 5,010635 10,021271
путем 3,401197 3,401197
мальтозная 5,010635 5,010635
кипения 2,931194 2,931194
ваш 0,013423 0,053692
закиснет 5,010635 15,031906
имя 0,013423 0,067115
старший 3,912023 3,912023
мелкого 5,010635 10,021271
ставить 3,912023 3,912023
ломтиком 5,010635 5,010635
имбирь 3,624341 21,746046
срок 0,013423 0,026846
соке 4,317488 4,317488
профильтровать 5,010635 5,010635
песок 3,912023 3,912023
технологий 0,013423 0,026846
распространение 4,317488 4,317488
жкт 5,010635 5,010635
суток 3,624341 28,994727
подборка 5,010635 5,010635
имбиря 4,317488 4,317488
использование 2,612740 2,612740
закваску 5,010635 45,095718
материал 0,013423 0,013423
имбирный 4,317488 12,952464
архивных 5,010635 5,010635
закваски 5,010635 40,085082
успешно 0,013423 0,013423
теплой 3,218876 32,188758
теплом 5,010635 35,074447
лента 0,006689 0,013378
сусла 5,010635 20,042541
разлить 3,912023 46,944276
сусле 5,010635 5,010635
черный 2,708050 2,708050
однородной 3,401197 6,802395
диетического 5,010635 5,010635
теплое 5,010635 15,031906
целебные 5,010635 5,010635
заблокированы 0,013423 0,013423
сфере 0,013423 0,013423
беременным 5,010635 5,010635
пивовар 5,010635 5,010635
свидетельство 0,013423 0,013423
аминокислоты 5,010635 5,010635
правила 0,013423 0,040269
мили 5,010635 5,010635
хрена 5,010635 5,010635
лимоном 3,624341 10,873023
сердца 4,317488 4,317488
лимонов 5,010635 5,010635
сахаром 3,624341 14,497364
польского 5,010635 5,010635
сухими 4,317488 8,634976
крестины 5,010635 5,010635
комментирования 0,013423 0,026846
свадебный 5,010635 5,010635
осторожность 5,010635 5,010635
наше 4,317488 4,317488
легкую 4,317488 4,317488
оставшийся 4,317488 4,317488
дать 2,066196 8,264785
пресс 0,013423 0,026846
доступными 5,010635 5,010635
россии 0,395515 0,791030
развести 3,912023 11,736069
применения 0,013423 0,013423
пикантность 5,010635 5,010635
анастасия 3,912023 3,912023
ценности 3,912023 3,912023
окрошечный 5,010635 5,010635
матвеев 5,010635 5,010635
настаивания 5,010635 5,010635
персональных 0,013423 0,107384
запариваться 5,010635 10,021271
произошла 0,013423 0,013423
готовый 3,218876 6,437752
известно 2,931194 2,931194
тминный 5,010635 5,010635
дата 0,013423 0,013423
ваше 0,013423 0,107384
традиционные 2,371578 4,743156
сайте 0,013423 0,013423
традиционным 5,010635 5,010635
ваши 0,013423 0,013423
традиционный 4,317488 4,317488
цвет 2,931194 2,931194
детям 2,813411 2,813411
восстановить 0,013423 0,013423
медиабанкчерная 5,010635 5,010635
температурную 5,010635 5,010635
натурального 4,317488 4,317488
святославич 5,010635 5,010635
потреблении 5,010635 5,010635
просто 1,714798 1,714798
ржаном 5,010635 5,010635
сырой 3,912023 3,912023
вопроса 0,013423 0,013423
пару 2,525729 2,525729
россия 0,006689 0,066890
груш 5,010635 5,010635
хвостики 4,317488 4,317488
литовского 5,010635 5,010635
используют 3,218876 6,437752
колотевквасное 5,010635 5,010635
нотку 4,317488 4,317488
регистрации 0,013423 0,026846
хрен 5,010635 5,010635
душица 5,010635 10,021271
сайт 0,013423 0,026846
правильно 2,066196 2,066196
полезные 3,401197 10,203592
слегка 2,708050 2,708050
полезный 3,064725 6,129450
сервисы 0,190354 0,190354
технолог 3,624341 3,624341
помнить 3,912023 3,912023
другое 0,013423 0,013423
трех 2,177422 2,177422
специи 3,218876 3,218876
добавляют 3,064725 6,129450
питания 3,218876 3,218876
поддерживаетсяполучить 0,013423 0,013423
душицу 5,010635 10,021271
водителям 4,317488 4,317488
полезных 3,218876 3,218876
хлеба 2,931194 41,036713
ржаной 4,317488 77,714786
яблок 4,317488 4,317488
цельных 5,010635 5,010635
остывания 4,317488 4,317488
перелить 4,317488 34,539905
отправки 0,013423 0,013423
прогреть 3,912023 3,912023
пряности 4,317488 4,317488
домашних 2,612740 5,225480
унитарному 0,013423 0,026846
литра 3,912023 7,824046
встречается 4,317488 4,317488
теплую 4,317488 12,952464
квас 3,624341 380,555798
обновлено 1,003302 1,003302
поляки 3,912023 3,912023
закваской 5,010635 5,010635
жаркий 4,317488 4,317488
выберите 0,013423 0,040269
выбранных 4,317488 4,317488
особую 3,218876 3,218876
сухофруктами 5,010635 5,010635
охлажденным 5,010635 10,021271
сложить 3,624341 3,624341
данном 3,624341 3,624341
особенного 5,010635 5,010635
строго 3,624341 3,624341
замочить 3,624341 3,624341
кумал 5,010635 5,010635
горячей 2,708050 5,416100
градусов 2,931194 20,518356
сухарики 5,010635 5,010635
светлый 5,010635 15,031906
защитой 0,013423 0,026846
рекомендуется 3,218876 6,437752
авторизация 0,013423 0,013423
домашний 3,218876 32,188758
религия 0,283247 0,283247
свойства 3,912023 3,912023
форма 0,013423 0,013423
логином 0,013423 0,013423
осетинский 5,010635 5,010635
рейтинг 0,006689 0,006689
галочку 0,013423 0,013423
окислению 5,010635 5,010635
процеживать 5,010635 5,010635
хлебе 5,010635 5,010635
наймушин 3,912023 7,824046
нагревать 5,010635 5,010635
пшеничными 5,010635 5,010635
мяту 3,064725 9,194175
пивном 5,010635 5,010635
обмен 3,218876 6,437752
борща 3,624341 7,248682
дня 1,678431 23,498031
овощной 2,931194 2,931194
оригинальные 2,445686 2,445686
способы 0,013423 0,067115
побольше 5,010635 5,010635
мята 4,317488 4,317488
традиционно 2,612740 5,225480
применяют 5,010635 5,010635
оригинальный 3,912023 3,912023
сказывается 5,010635 5,010635
сахарный 5,010635 5,010635
недвижимость 0,292136 0,292136
свеклы 3,624341 7,248682
дискуссии 0,013423 0,026846
пшеничные 5,010635 5,010635
кипяченой 4,317488 8,634976
можжевельник 5,010635 5,010635
августа 2,120264 2,120264
ольга 2,612740 7,838220
пшеничный 5,010635 15,031906
сосудов 5,010635 5,010635
унитарное 0,013423 0,013423
борщ 4,317488 4,317488
забродил 5,010635 5,010635
промилле 5,010635 5,010635
источниках 5,010635 5,010635
поделилась 3,624341 3,624341
дней 1,832581 5,497744
форму 0,013423 0,093961
тема 0,013423 0,040269
всыпать 3,912023 11,736069
нам 2,525729 12,628643
сыровец 5,010635 5,010635
шипение 5,010635 5,010635
готового 4,317488 4,317488
рецептам 4,317488 4,317488
рекомендательных 0,013423 0,013423
готовую 3,624341 3,624341
фруктовый 3,912023 3,912023
данная 0,013423 0,013423
придать 3,624341 3,624341
овощей 3,218876 6,437752
осетинского 5,010635 5,010635
жидкости 3,912023 7,824046
фруктовых 5,010635 5,010635
свекла 3,218876 9,656627
мёд 4,317488 4,317488
белый 3,401197 3,401197
распространена 5,010635 5,010635
проставляя 0,013423 0,013423
довести 3,064725 9,194175
заполнения 0,013423 0,093961
насчитывалось 5,010635 5,010635
прокипятить 3,912023 7,824046
полезное 0,182322 0,182322
свеклу 3,624341 3,624341
кг 3,064725 15,323626
службе 0,013423 0,013423
выдержки 5,010635 5,010635
медиабанк 1,321756 1,321756
жидкость 3,624341 10,873023
релизов 0,013423 0,013423
ваших 0,013423 0,026846
сухих 4,317488 8,634976
является 2,066196 4,132393
готовится 3,401197 3,401197
кофе 3,401197 17,005987
двое 3,912023 3,912023
прекрасно 3,218876 3,218876
пищу 3,218876 3,218876
который 1,160488 1,160488
убрать 2,525729 2,525729
кукурузная 5,010635 10,021271
легкий 3,064725 3,064725
холодильник 3,218876 16,094379
напитков 2,813411 2,813411
сухие 3,912023 31,296184
приготовлении 2,813411 2,813411
следующим 3,218876 3,218876
приготовление 1,966113 68,813950
свежими 3,401197 3,401197
разными 3,624341 3,624341
правил 0,013423 0,053692
тюрю 5,010635 5,010635
крещения 3,912023 3,912023
признаки 3,218876 3,218876
авторизоваться 0,013423 0,013423
авторизуйтесь 0,013423 0,013423
репы 5,010635 5,010635
приказал 5,010635 5,010635
репу 5,010635 5,010635
напитком 4,317488 12,952464
случае 1,714798 5,144395
расширенный 0,013423 0,013423
четверть 4,317488 4,317488
кулинарные 4,317488 4,317488
сито 3,401197 6,802395
кислинкой 3,624341 3,624341
классика 3,624341 3,624341
отравление 5,010635 5,010635
созревания 5,010635 10,021271
новыесначала 0,013423 0,013423
репа 5,010635 5,010635
эффектом 4,317488 4,317488
сита 5,010635 10,021271
кулинарных 5,010635 5,010635
сохраняет 4,317488 4,317488
несколько 1,752539 1,752539
приготовления 1,791759 35,835189
приготовлению 5,010635 15,031906
мл 2,612740 13,063700
примерно 2,177422 4,354844
место 1,832581 9,162907
развитию 2,931194 2,931194
чертановского 5,010635 10,021271
заквасить 5,010635 5,010635
появилось 2,931194 2,931194
свежие 2,708050 5,416100
условиях 2,066196 2,066196
добавлением 3,064725 6,129450
овсяного 5,010635 10,021271
натуральные 3,624341 3,624341
улучшения 3,912023 3,912023
качеств 5,010635 5,010635
начала 2,445686 7,337058
участие 0,006689 0,006689
архивное 1,373049 8,238295
терке 2,931194 2,931194
прекрасным 4,317488 4,317488
марлей 4,317488 77,714786
опечатка 0,013423 0,013423
использовать 0,013423 0,067115
свежих 3,624341 7,248682
каждый 2,120264 2,120264
очищенную 4,317488 4,317488
онлайн 0,013423 0,013423
маленьким 5,010635 5,010635
контактов 0,013423 0,013423
апреля 0,013423 0,013423
чертановский 5,010635 5,010635
емкость 3,401197 51,017961
сок 2,931194 32,243131
университета 2,177422 2,177422
грушами 5,010635 5,010635
количество 2,238047 6,714140
нами 0,013423 0,093961
нем 2,612740 2,612740
веках 5,010635 5,010635
владимир 1,373049 1,373049
ячменного 5,010635 5,010635
плодов 5,010635 5,010635
вакансии 0,013423 0,013423
упоминание 3,624341 3,624341
месте 2,302585 20,723266
количестве 4,317488 4,317488
нажимая 0,013423 0,013423
рябина 5,010635 10,021271
вами 0,013423 0,013423
сосуды 5,010635 5,010635
недопустимое 0,013423 0,013423
растворимый 5,010635 15,031906
емкости 3,624341 3,624341
истек 0,013423 0,013423
дает 3,064725 3,064725
используя 2,612740 2,612740
предприятию 0,013423 0,026846
молока 3,218876 3,218876
кладут 3,624341 3,624341
рябину 5,010635 10,021271
внимание 0,013423 0,013423
айвы 5,010635 5,010635
принимать 0,013423 0,013423
суворовский 5,010635 10,021271
биологической 5,010635 5,010635
сможете 0,013423 0,013423
года 0,006689 0,013378
смешать 3,064725 6,129450
молоко 3,064725 3,064725
противопоказания 4,317488 8,634976
богатому 5,010635 5,010635
каждые 4,317488 4,317488
крупы 4,317488 12,952464
ознакомлены 0,013423 0,013423
огне 2,708050 5,416100
моих 0,013423 0,026846
очень 1,678431 1,678431
терпким 5,010635 5,010635
особое 3,064725 3,064725
предприятие 0,013423 0,013423
июл 4,317488 4,317488
наука 0,292136 0,292136
малины 5,010635 5,010635
