называемый 4,317488 4,317488
законным 0,013423 0,013423
пекине 5,010635 100,212706
день 1,203973 2,407946
плавающие 5,010635 5,010635
найти 0,013423 0,013423
основанием 0,013423 0,013423
письмо 0,013423 0,013423
спасибо 0,013423 0,013423
стал 2,120264 2,120264
согласие 0,013423 0,026846
подписаны 5,010635 5,010635
центр 0,190354 0,190354
воду 2,302585 2,302585
режиссера 3,912023 3,912023
одно 2,371578 4,743156
старинный 5,010635 10,021271
связаться 0,013423 0,080538
очевидно 3,624341 7,248682
реклама 0,190354 0,190354
фото 0,013423 0,026846
связь 0,006689 0,013378
культурный 3,912023 3,912023
джоан 5,010635 5,010635
янским 5,010635 5,010635
готово 0,013423 0,026846
европейской 2,238047 2,238047
каро 5,010635 10,021271
информационных 0,013423 0,013423
денег 2,708050 2,708050
лишнего 3,624341 3,624341
размещения 0,013423 0,013423
вторым 3,624341 3,624341
драко 5,010635 10,021271
боярышника 5,010635 20,042541
конфиденциальности 0,013423 0,053692
связи 0,013423 0,080538
весь 2,813411 2,813411
заголовок 0,013423 0,026846
процесса 0,013423 0,013423
предков 3,912023 3,912023
адресу 0,013423 0,026846
окончательно 2,813411 2,813411
проблему 0,013423 0,013423
наклеивают 5,010635 5,010635
проект 2,525729 2,525729
отмечает 1,966113 1,966113
весной 3,401197 3,401197
данных 0,013423 0,107384
вовк 5,010635 5,010635
письма 0,013423 0,013423
небеса 4,317488 4,317488
часов 0,013423 0,026846
соглашаетесь 0,013423 0,013423
каждое 3,401197 3,401197
имена 3,624341 3,624341
готовить 2,445686 2,445686
главный 0,013423 0,013423
природой 4,317488 4,317488
данные 0,013423 0,013423
бытовыми 5,010635 5,010635
одной 2,120264 2,120264
фотографию 0,013423 0,013423
существа 5,010635 5,010635
император 5,010635 5,010635
отправлено 0,013423 0,013423
имеющей 5,010635 5,010635
роулинг 5,010635 5,010635
рассказывает 2,371578 4,743156
сначала 0,013423 0,013423
зал 4,317488 4,317488
развлечение 5,010635 5,010635
кинокомпанией 5,010635 5,010635
малфой 5,010635 10,021271
кукла 5,010635 15,031906
перейдите 0,013423 0,013423
отправляется 3,912023 3,912023
приправы 3,912023 3,912023
ци 5,010635 5,010635
следующем 4,317488 4,317488
пятнадцатый 5,010635 5,010635
закрыто 0,013423 0,013423
читается 5,010635 5,010635
взобралась 5,010635 5,010635
сколько 0,006689 0,006689
материалов 0,013423 0,040269
отправлена 0,013423 0,013423
стремятся 4,317488 4,317488
огненный 5,010635 5,010635
чате 0,013423 0,013423
раскрашенные 5,010635 5,010635
красочное 5,010635 5,010635
туфли 5,010635 5,010635
сакральные 5,010635 5,010635
салюты 5,010635 5,010635
чату 0,013423 0,013423
редакцией 0,013423 0,013423
кутьи 5,010635 5,010635
куклы 5,010635 5,010635
пожелаешь 5,010635 5,010635
двухнедельных 5,010635 5,010635
рассмотрены 0,013423 0,013423
разглядывать 5,010635 5,010635
говорит 2,014903 4,029806
дорогой 3,912023 3,912023
общего 3,912023 3,912023
подарочные 5,010635 5,010635
перетяните 0,013423 0,013423
архив 0,190354 0,190354
вишня 4,317488 4,317488
действа 5,010635 5,010635
подарки 3,401197 3,401197
ошибках 0,013423 0,013423
старик 5,010635 5,010635
расклеивают 5,010635 5,010635
пищалки 5,010635 5,010635
благополучия 3,624341 3,624341
выпуска 0,013423 0,013423
списка 0,013423 0,013423
формой 0,013423 0,053692
самая 2,177422 6,532266
усопших 4,317488 4,317488
цветущая 5,010635 5,010635
федеральное 0,013423 0,013423
фигурка 5,010635 15,031906
мощного 2,813411 2,813411
федеральной 0,013423 0,013423
фигурки 5,010635 20,042541
старом 5,010635 100,212706
международное 0,013423 0,040269
вэй 5,010635 5,010635
оставив 4,317488 4,317488
будут 0,013423 0,013423
праздничный 4,317488 4,317488
суматохи 5,010635 5,010635
новостей 0,006689 0,006689
фотографирует 4,317488 12,952464
праздничные 4,317488 4,317488
века 3,218876 6,437752
подготовка 3,218876 3,218876
перейти 1,203973 39,731103
веке 3,401197 3,401197
гармония 5,010635 5,010635
иероглиф 5,010635 5,010635
обратной 0,013423 0,067115
переполняются 5,010635 5,010635
подкасты 0,292136 0,292136
доски 4,317488 4,317488
красного 3,401197 3,401197
веков 5,010635 5,010635
полукровка 5,010635 5,010635
обителях 5,010635 5,010635
байши 5,010635 5,010635
звериными 5,010635 5,010635
утащат 5,010635 5,010635
изучить 3,912023 3,912023
описанием 0,013423 0,013423
картины 3,624341 3,624341
помоги 5,010635 5,010635
знаковое 5,010635 5,010635
красивые 3,218876 3,218876
театра 3,912023 11,736069
используется 0,013423 0,013423
деревянной 3,624341 3,624341
запечатлеть 4,317488 4,317488
мире 0,274437 0,274437
годом 3,624341 3,624341
эл 0,013423 0,013423
точно 2,612740 2,612740
звучит 4,317488 4,317488
драконом 5,010635 5,010635
раскрасить 5,010635 5,010635
кульминация 5,010635 5,010635
хорошего 3,624341 3,624341
почему 0,013423 0,026846
художника 3,912023 3,912023
докладом 5,010635 5,010635
вопросам 0,013423 0,026846
гарри 5,010635 10,021271
идут 3,401197 3,401197
красные 5,010635 10,021271
стола 3,064725 3,064725
художники 5,010635 5,010635
закупки 3,912023 3,912023
всевозможные 5,010635 5,010635
столе 3,401197 3,401197
вконтакте 0,013423 0,026846
сомкнуть 5,010635 5,010635
возвращаются 5,010635 5,010635
навсегда 0,013423 0,013423
нарушение 0,013423 0,040269
улицы 4,317488 8,634976
выражение 5,010635 5,010635
змеи 2,931194 2,931194
детские 3,912023 3,912023
компонентов 3,912023 3,912023
пейзажах 5,010635 5,010635
назад 0,013423 0,067115
сцене 4,317488 4,317488
отражают 5,010635 5,010635
датируется 4,317488 4,317488
кричалки 5,010635 5,010635
опускают 4,317488 4,317488
примета 5,010635 5,010635
счастья 4,317488 8,634976
фильма 4,317488 4,317488
нашей 3,218876 3,218876
карьерного 5,010635 5,010635
открыть 4,317488 4,317488
зубовский 0,013423 0,026846
заполнить 0,013423 0,026846
осуществляется 0,013423 0,013423
другие 0,013423 0,026846
общество 0,265703 0,265703
экспонатов 5,010635 15,031906
картин 5,010635 5,010635
надзору 0,013423 0,013423
нового 1,678431 8,392154
издание 0,013423 0,013423
домового 5,010635 5,010635
покоев 5,010635 5,010635
бульвар 0,013423 0,026846
общества 3,218876 3,218876
хотите 0,013423 0,013423
заполните 0,013423 0,067115
сетевое 0,013423 0,013423
фонарики 5,010635 5,010635
традиции 1,966113 3,932226
змеев 5,010635 5,010635
традиций 5,010635 5,010635
вновь 0,013423 0,013423
сменить 0,013423 0,013423
участвовать 0,013423 0,026846
символ 4,317488 4,317488
сообщить 0,013423 0,013423
счастье 4,317488 12,952464
скриншот 0,013423 0,040269
отмечать 2,931194 2,931194
изображением 5,010635 15,031906
лепили 5,010635 5,010635
самовар 5,010635 5,010635
переводится 3,912023 3,912023
зодиакальных 5,010635 15,031906
насаженные 5,010635 5,010635
ключевые 3,912023 3,912023
спорт 0,190354 0,190354
небесным 5,010635 5,010635
смыслы 5,010635 5,010635
посольства 5,010635 5,010635
взаимодействия 0,013423 0,026846
известных 2,813411 2,813411
приход 5,010635 5,010635
урожая 5,010635 5,010635
отлично 3,401197 3,401197
задабривают 5,010635 5,010635
легенды 4,317488 4,317488
дракон 5,010635 20,042541
сохранить 0,013423 0,013423
информационное 0,013423 0,040269
атмосферу 3,912023 3,912023
перевернутом 5,010635 5,010635
буддистского 5,010635 5,010635
элемент 3,912023 3,912023
федеральному 0,013423 0,026846
лунный 3,912023 7,824046
опере 5,010635 5,010635
впервые 2,238047 2,238047
листы 5,010635 5,010635
оперы 5,010635 20,042541
фио 0,013423 0,013423
кирилл 1,919593 61,426971
пожалуйста 0,013423 0,013423
фестиваль 3,218876 3,218876
стол 2,238047 2,238047
наглядно 5,010635 5,010635
человека 2,177422 4,354844
ниже 0,013423 0,040269
версия 0,013423 0,013423
монастыря 4,317488 4,317488
поля 0,013423 0,093961
пройтись 5,010635 5,010635
государственному 0,013423 0,026846
артиста 5,010635 5,010635
поле 0,013423 0,013423
дома 2,238047 2,238047
сладость 3,912023 3,912023
сложный 5,010635 5,010635
зарегистрировано 0,013423 0,013423
туризм 0,283247 0,283247
украшения 3,624341 3,624341
роста 3,624341 3,624341
адрес 0,013423 0,040269
соответствии 0,013423 0,026846
истончается 5,010635 5,010635
холодную 3,064725 3,064725
покупают 5,010635 5,010635
загрузите 0,013423 0,013423
сообщения 0,013423 0,053692
загрузить 0,013423 0,013423
театр 3,624341 3,624341
направлении 0,013423 0,013423
замеченных 0,013423 0,013423
телефон 0,013423 0,013423
предвестник 5,010635 5,010635
украшающих 5,010635 5,010635
работы 2,302585 2,302585
чесалки 5,010635 10,021271
сообщение 0,013423 0,134230
старые 0,013423 0,013423
поясняет 2,371578 4,743156
виде 2,177422 6,532266
экране 5,010635 5,010635
фонарей 5,010635 10,021271
попробуйте 0,013423 0,013423
ячейки 5,010635 5,010635
ослиной 5,010635 5,010635
самую 4,317488 4,317488
стражей 3,912023 3,912023
статьи 0,013423 0,013423
подтвердите 0,013423 0,013423
солнцем 5,010635 5,010635
происходят 4,317488 4,317488
ритуальная 5,010635 5,010635
перетащите 0,013423 0,040269
материале 0,013423 0,040269
культура 0,292136 0,292136
материала 0,013423 0,026846
происшествия 0,292136 0,292136
вашего 0,013423 0,013423
паролем 0,013423 0,013423
земным 5,010635 5,010635
зарегистрируйтесь 0,013423 0,013423
обо 0,013423 0,013423
странные 4,317488 4,317488
бумаги 5,010635 5,010635
редактор 0,013423 0,013423
семейных 4,317488 4,317488
посвящен 5,010635 5,010635
многие 2,525729 2,525729
посмотретькитайроссияпекинкультура 5,010635 5,010635
приехали 3,401197 3,401197
сладкая 3,218876 3,218876
разукрашенное 5,010635 5,010635
масленицей 5,010635 5,010635
отправленного 0,013423 0,013423
связанные 0,013423 0,013423
обратная 0,013423 0,026846
риа 0,006689 0,234115
связанных 0,013423 0,013423
опишите 0,013423 0,013423
разные 2,445686 2,445686
кухни 1,832581 1,832581
год 0,967584 23,222017
гостей 3,401197 3,401197
министр 3,401197 3,401197
куратор 5,010635 5,010635
почты 0,013423 0,013423
головами 5,010635 5,010635
кашу 4,317488 4,317488
поэтому 2,014903 2,014903
началом 3,401197 6,802395
пельмени 4,317488 4,317488
агентство 0,013423 0,040269
звуки 4,317488 4,317488
покинет 5,010635 5,010635
каша 3,912023 3,912023
хитрая 5,010635 5,010635
агентства 0,013423 0,013423
сегодня 0,013423 0,067115
популярную 5,010635 5,010635
хищника 5,010635 5,010635
детали 3,064725 3,064725
фэлтон 5,010635 5,010635
сразу 1,832581 1,832581
отмечают 2,525729 2,525729
создать 3,064725 3,064725
дополняет 4,317488 4,317488
теней 5,010635 20,042541
малый 3,624341 3,624341
грань 5,010635 5,010635
атрибут 5,010635 5,010635
шапка 0,013423 0,026846
юлия 3,912023 15,648092
праздника 2,371578 2,371578
отправить 0,013423 0,147653
продолжить 0,013423 0,013423
решении 0,013423 0,013423
сболтнул 5,010635 5,010635
воспользуйтесь 0,013423 0,040269
шумелки 5,010635 5,010635
считается 2,931194 5,862388
аккаунт 0,013423 0,053692
экономика 0,292136 0,292136
весны 5,010635 105,223341
центре 3,218876 3,218876
обсуждение 0,013423 0,013423
глаз 3,624341 3,624341
чанах 5,010635 5,010635
столов 5,010635 5,010635
календарь 2,177422 4,354844
животных 2,931194 8,793581
блокировки 0,013423 0,013423
которая 1,643339 1,643339
дарить 3,912023 3,912023
почта 0,013423 0,080538
рецепт 1,544899 1,544899
сосна 4,317488 4,317488
инсталляция 5,010635 5,010635
фамилия 0,013423 0,026846
яндекс 0,013423 0,026846
светлана 2,813411 2,813411
любопытный 5,010635 5,010635
принц 3,624341 3,624341
небольших 5,010635 5,010635
удалили 0,013423 0,040269
либо 0,013423 0,013423
названий 5,010635 5,010635
аккаунту 0,013423 0,013423
трехсот 5,010635 5,010635
открываемого 0,013423 0,026846
поиск 0,013423 0,013423
ксения 3,401197 3,401197
согласны 0,013423 0,040269
зимы 2,708050 2,708050
героев 3,624341 14,497364
вносят 5,010635 5,010635
открытость 5,010635 5,010635
рекламы 0,013423 0,013423
посетительница 5,010635 15,031906
зиму 2,612740 2,612740
отправляются 5,010635 5,010635
первое 3,912023 3,912023
премьер 2,931194 5,862388
мирами 5,010635 5,010635
встреча 3,624341 3,624341
поттер 5,010635 5,010635
двенадцати 5,010635 5,010635
канун 4,317488 4,317488
миске 2,708050 2,708050
деревянные 3,912023 3,912023
ингредиенты 1,919593 3,839186
яркие 2,813411 2,813411
слива 5,010635 5,010635
костюме 5,010635 5,010635
способ 2,612740 2,612740
двенадцать 5,010635 5,010635
леденцами 5,010635 5,010635
семейные 4,317488 4,317488
семье 3,401197 6,802395
принято 3,218876 6,437752
обсуждения 0,013423 0,013423
блокировкой 0,013423 0,040269
йейтса 5,010635 5,010635
полномочный 5,010635 5,010635
реку 5,010635 5,010635
новый 0,013423 0,308729
срывают 5,010635 5,010635
знакомо 5,010635 5,010635
микроблагопожелание 5,010635 5,010635
годтрадицииедамосквакультура 4,317488 4,317488
доступ 0,013423 0,026846
миа 0,013423 0,026846
изготавливать 5,010635 5,010635
задать 0,013423 0,013423
теги 0,190354 0,190354
автору 0,013423 0,013423
первой 3,064725 3,064725
должны 0,013423 0,013423
свитке 5,010635 5,010635
г 0,013423 0,026846
д 0,013423 0,026846
танцующий 5,010635 5,010635
политика 0,013423 0,026846
течение 0,013423 0,013423
китай 2,177422 2,177422
китайского 2,813411 8,440232
пекинскую 5,010635 5,010635
портретами 5,010635 5,010635
запускают 5,010635 5,010635
карамели 4,317488 17,269952
празднеств 4,317488 4,317488
русским 5,010635 5,010635
праздничного 3,624341 3,624341
время 0,013423 0,013423
уснуть 5,010635 10,021271
китая 2,612740 2,612740
эпилоге 5,010635 5,010635
кругом 5,010635 5,010635
оперных 5,010635 5,010635
аналог 5,010635 5,010635
новым 3,218876 3,218876
сценками 5,010635 5,010635
ранее 0,013423 0,013423
восстановления 0,013423 0,013423
мистика 2,813411 8,440232
внутренних 3,912023 3,912023
разблокировать 0,013423 0,040269
город 0,013423 0,026846
символом 4,317488 4,317488
обращаем 0,013423 0,013423
отмечания 5,010635 5,010635
написать 0,013423 0,013423
новостеймолния 0,013423 0,013423
научный 2,445686 2,445686
одноклассники 0,013423 0,026846
витрине 5,010635 5,010635
своего 2,708050 5,416100
пекинской 3,912023 23,472138
показать 0,013423 0,013423
кнопку 0,013423 0,013423
коммуникаций 0,013423 0,013423
выставка 2,525729 35,360201
традиционной 5,010635 5,010635
выставке 5,010635 50,106353
правильнее 5,010635 5,010635
пароль 0,013423 0,080538
пароля 0,013423 0,053692
выставки 3,624341 14,497364
свиток 5,010635 5,010635
вход 0,013423 0,013423
очередность 5,010635 5,010635
продукты 0,150823 0,150823
удалено 0,013423 0,013423
проводами 3,218876 3,218876
гаврилова 0,013423 0,013423
древние 4,317488 4,317488
единство 5,010635 5,010635
представленном 5,010635 5,010635
традиционное 3,401197 3,401197
магнолия 5,010635 5,010635
рисовая 5,010635 5,010635
расположенному 0,013423 0,026846
родные 3,912023 3,912023
обязательно 2,931194 2,931194
всей 2,445686 2,445686
видео 1,832581 1,832581
обычаи 3,912023 3,912023
учредитель 0,013423 0,013423
перечисляет 4,317488 4,317488
дешевые 5,010635 5,010635
актер 3,401197 3,401197
дрейзис 5,010635 20,042541
объясняет 3,218876 3,218876
отправляют 5,010635 5,010635
мое 0,013423 0,026846
ссылка 0,013423 0,026846
одного 2,612740 2,612740
ссылке 0,013423 0,013423
середины 5,010635 5,010635
ссылки 0,013423 0,013423
помочь 0,013423 0,013423
спину 3,912023 3,912023
духов 3,912023 3,912023
обязательны 0,013423 0,093961
середине 3,624341 3,624341
спины 4,317488 8,634976
кожи 3,401197 3,401197
запустить 4,317488 4,317488
зимнего 3,624341 3,624341
древнейших 4,317488 4,317488
уборка 4,317488 4,317488
роскомнадзор 0,013423 0,013423
исполняет 5,010635 5,010635
блокировался 0,013423 0,013423
удача 4,317488 4,317488
входе 4,317488 4,317488
москва 0,006689 0,013378
воспользоваться 0,013423 0,013423
русской 1,752539 3,505078
меню 3,218876 3,218876
пришло 5,010635 5,010635
входа 0,013423 0,013423
крыса 5,010635 5,010635
удачу 5,010635 5,010635
чжан 5,010635 5,010635
моё 0,013423 0,013423
москву 2,612740 2,612740
домовик 5,010635 5,010635
отдельный 3,912023 3,912023
уличных 4,317488 17,269952
варили 5,010635 5,010635
большой 2,445686 2,445686
ассоциируется 5,010635 5,010635
перевернулось 5,010635 5,010635
танец 5,010635 5,010635
шпажки 4,317488 4,317488
изюмом 4,317488 4,317488
москвы 1,455287 16,008160
привезли 5,010635 5,010635
политикой 0,013423 0,040269
культурамузеимузей 4,317488 4,317488
обрядов 5,010635 5,010635
обработки 0,013423 0,026846
даю 0,013423 0,026846
роману 5,010635 5,010635
начинают 4,317488 4,317488
обилие 5,010635 5,010635
обработку 0,013423 0,026846
кнр 3,912023 11,736069
редакции 0,013423 0,026846
деревьев 5,010635 5,010635
обращений 0,013423 0,013423
восьмого 5,010635 5,010635
театральные 5,010635 5,010635
декора 3,624341 3,624341
обработка 0,013423 0,013423
которого 2,238047 2,238047
это 0,013423 0,053692
большинство 3,064725 3,064725
код 3,401197 3,401197
предметы 2,612740 2,612740
новую 0,013423 0,013423
массовых 0,013423 0,013423
украшать 5,010635 5,010635
пройдена 0,013423 0,013423
сопровождают 5,010635 5,010635
покупать 2,931194 2,931194
раздела 4,317488 8,634976
тигров 5,010635 5,010635
зарегистрироваться 0,013423 0,053692
передает 5,010635 5,010635
пожаловаться 0,013423 0,013423
новости 0,006689 0,234115
войти 0,013423 0,053692
электронной 0,013423 0,013423
совпали 5,010635 5,010635
действия 0,013423 0,013423
радио 0,274437 0,274437
дремлют 5,010635 5,010635
защита 0,013423 0,013423
регистрация 0,013423 0,040269
использования 0,013423 0,013423
примерить 5,010635 5,010635
музее 4,317488 34,539905
восстановление 0,013423 0,040269
императора 5,010635 5,010635
государственное 0,013423 0,013423
ягоды 3,064725 3,064725
пожеланиями 5,010635 5,010635
светящимся 5,010635 5,010635
ритуалы 5,010635 5,010635
спецпроекты 0,190354 0,190354
затем 1,791759 1,791759
просим 0,013423 0,013423
заблокирован 0,013423 0,013423
устроен 5,010635 5,010635
ошибку 0,013423 0,013423
защиты 0,013423 0,013423
иероглифами 5,010635 5,010635
обращения 0,013423 0,026846
огнями 5,010635 5,010635
игры 1,791759 1,791759
солнечно 5,010635 10,021271
спасителя 3,401197 3,401197
пять 2,302585 2,302585
обязательный 5,010635 5,010635
ошибка 0,013423 0,013423
лаба 5,010635 10,021271
вопрос 0,006689 0,006689
самых 1,875141 1,875141
подтверждаете 0,013423 0,013423
компания 3,218876 3,218876
ваш 0,013423 0,053692
имя 0,013423 0,067115
телом 5,010635 5,010635
изобилия 5,010635 5,010635
прошлого 3,064725 3,064725
музея 4,317488 8,634976
кипящую 4,317488 4,317488
блюдо 2,014903 4,029806
срок 0,013423 0,026846
гримом 5,010635 15,031906
технологий 0,013423 0,026846
событие 4,317488 4,317488
сохранился 5,010635 5,010635
экспозиции 5,010635 10,021271
самый 2,177422 2,177422
сделанные 5,010635 5,010635
материал 0,013423 0,013423
самые 2,238047 2,238047
успешно 0,013423 0,013423
зимних 4,317488 4,317488
передающие 5,010635 5,010635
лента 0,006689 0,013378
переплыть 5,010635 5,010635
торжестве 5,010635 5,010635
роль 3,624341 3,624341
заблокированы 0,013423 0,013423
сфере 0,013423 0,013423
изображено 5,010635 5,010635
спрыгнула 5,010635 5,010635
торжество 4,317488 4,317488
буквально 3,064725 6,129450
свидетельство 0,013423 0,013423
правила 0,013423 0,026846
праздником 3,624341 7,248682
лубочные 5,010635 10,021271
установил 4,317488 4,317488
антропоморфные 5,010635 5,010635
появились 3,912023 3,912023
записи 3,401197 3,401197
комментирования 0,013423 0,026846
небо 3,912023 3,912023
умершие 4,317488 4,317488
нефритовый 5,010635 5,010635
даты 2,813411 2,813411
пресс 0,013423 0,026846
одноразовые 5,010635 5,010635
столичного 4,317488 8,634976
россии 0,395515 0,395515
применения 0,013423 0,013423
сжигают 5,010635 10,021271
сходство 5,010635 5,010635
снег 3,401197 3,401197
ценности 3,912023 3,912023
персональных 0,013423 0,107384
произошла 0,013423 0,013423
представлений 5,010635 15,031906
ценнейших 5,010635 5,010635
дата 0,013423 0,013423
ваше 0,013423 0,107384
сходитьпраздникиновый 5,010635 5,010635
традиционные 2,371578 2,371578
сайте 0,013423 0,013423
лубочных 5,010635 5,010635
ваши 0,013423 0,013423
традиционный 4,317488 4,317488
цвет 2,931194 2,931194
экспонат 5,010635 20,042541
восстановить 0,013423 0,013423
китайский 2,931194 2,931194
откуда 3,218876 3,218876
каллиников 3,401197 108,838316
праздничная 2,931194 8,793581
вопроса 0,013423 0,013423
россия 0,006689 0,046823
россию 2,302585 2,302585
спать 4,317488 4,317488
москвычто 4,317488 4,317488
китайских 3,912023 3,912023
наступающего 5,010635 5,010635
всякие 5,010635 5,010635
открылась 5,010635 5,010635
регистрации 0,013423 0,026846
консультант 3,624341 3,624341
причине 3,912023 3,912023
оберег 5,010635 5,010635
сайт 0,013423 0,026846
раскрывает 5,010635 5,010635
сервисы 0,190354 0,190354
зашифрованное 5,010635 5,010635
утра 4,317488 4,317488
другое 0,013423 0,026846
специи 3,218876 3,218876
поддерживаетсяполучить 0,013423 0,013423
лошади 3,401197 3,401197
духи 5,010635 10,021271
важноекуда 4,317488 4,317488
двери 4,317488 4,317488
знаменитый 5,010635 10,021271
горшок 5,010635 5,010635
духа 5,010635 5,010635
написанный 5,010635 5,010635
числа 3,401197 3,401197
отправки 0,013423 0,013423
китайской 3,912023 7,824046
ход 3,624341 3,624341
улицах 4,317488 4,317488
унитарному 0,013423 0,026846
праздник 2,525729 53,040302
обновлено 1,003302 1,003302
выберите 0,013423 0,040269
отпугивания 5,010635 5,010635
злых 5,010635 5,010635
сравнить 5,010635 5,010635
керамические 5,010635 5,010635
чудом 3,912023 3,912023
бамбук 5,010635 5,010635
злые 4,317488 8,634976
предоставлено 3,624341 3,624341
защитой 0,013423 0,026846
лубок 5,010635 5,010635
картинки 3,912023 3,912023
строгую 5,010635 5,010635
новогоднее 3,912023 3,912023
авторизация 0,013423 0,013423
раздавали 5,010635 5,010635
религия 0,283247 0,283247
форма 0,013423 0,013423
логином 0,013423 0,013423
панно 5,010635 5,010635
рейтинг 0,006689 0,006689
галочку 0,013423 0,013423
обитает 5,010635 5,010635
поттера 5,010635 5,010635
дом 2,302585 4,605170
отпечатанные 5,010635 5,010635
маски 3,912023 15,648092
ритуалов 5,010635 5,010635
согревает 5,010635 5,010635
горящие 5,010635 5,010635
костюм 5,010635 5,010635
мастерами 5,010635 5,010635
дня 1,678431 1,678431
способы 0,013423 0,026846
лакомства 4,317488 4,317488
недвижимость 0,292136 0,292136
сформировался 5,010635 5,010635
дискуссии 0,013423 0,026846
быка 5,010635 5,010635
западным 5,010635 5,010635
унитарное 0,013423 0,013423
игрушки 3,912023 3,912023
воплощены 5,010635 5,010635
форму 0,013423 0,093961
тема 0,013423 0,040269
цивилизации 3,912023 3,912023
рекомендательных 0,013423 0,013423
ворот 5,010635 5,010635
данная 0,013423 0,013423
пекинский 5,010635 5,010635
очагом 5,010635 5,010635
изображение 2,813411 2,813411
берег 4,317488 4,317488
проставляя 0,013423 0,013423
заполнения 0,013423 0,093961
символизируют 5,010635 5,010635
полезное 0,182322 0,182322
службе 0,013423 0,013423
медиабанк 1,321756 43,617943
стене 5,010635 5,010635
релизов 0,013423 0,013423
завешан 5,010635 5,010635
пересказ 5,010635 5,010635
ваших 0,013423 0,026846
героя 4,317488 4,317488
тайны 2,813411 8,440232
горячая 3,912023 3,912023
торжеств 4,317488 4,317488
множеством 4,317488 4,317488
бурную 5,010635 5,010635
правил 0,013423 0,040269
месяца 2,708050 2,708050
пекинцы 5,010635 10,021271
авторизоваться 0,013423 0,013423
авторизуйтесь 0,013423 0,013423
чашках 4,317488 4,317488
расширенный 0,013423 0,013423
конверты 5,010635 5,010635
рукой 3,624341 3,624341
новыесначала 0,013423 0,013423
посиделки 5,010635 5,010635
орешками 4,317488 4,317488
солнцестояния 4,317488 4,317488
начали 2,931194 2,931194
участие 0,006689 0,006689
использовать 0,013423 0,013423
опечатка 0,013423 0,013423
онлайн 0,013423 0,013423
архивной 5,010635 5,010635
контактов 0,013423 0,013423
воздушных 4,317488 4,317488
апреля 0,013423 0,013423
виртуально 5,010635 5,010635
поспать 5,010635 5,010635
алтарь 5,010635 5,010635
нами 0,013423 0,093961
отдельной 3,401197 3,401197
нем 2,612740 2,612740
гусева 4,317488 4,317488
вакансии 0,013423 0,013423
нажимая 0,013423 0,013423
любопытно 5,010635 5,010635
праздничной 4,317488 4,317488
вами 0,013423 0,013423
недопустимое 0,013423 0,013423
году 1,139434 2,278869
грим 5,010635 5,010635
истек 0,013423 0,013423
кушанье 5,010635 5,010635
праздничное 3,912023 3,912023
воздушные 4,317488 4,317488
предприятию 0,013423 0,026846
кладут 3,624341 3,624341
внимание 0,013423 0,013423
принимать 0,013423 0,013423
оказалась 3,401197 3,401197
семьей 3,912023 3,912023
сможете 0,013423 0,013423
года 0,006689 0,046823
огромным 4,317488 4,317488
картинках 5,010635 5,010635
огромный 4,317488 4,317488
ознакомлены 0,013423 0,013423
дэвида 5,010635 5,010635
огромных 5,010635 5,010635
изображен 5,010635 5,010635
муляж 5,010635 5,010635
моих 0,013423 0,026846
уникальных 5,010635 5,010635
предприятие 0,013423 0,013423
наука 0,292136 0,292136
продавца 4,317488 12,952464
выпадает 4,317488 4,317488
мастерской 5,010635 5,010635
интерактивном 5,010635 5,010635
пустые 5,010635 5,010635
